di 	gli 	gal 	gos3 	gos4 	lac 	 glb 
0.474535 	0.003889 	-0.001438 	0.003751 	-0.000568 	0.474438 	 0.000123 
0.482932 	0.011128 	-0.002932 	0.013794 	-0.000121 	0.482758 	 0.000162 
0.472795 	0.008257 	-0.002392 	0.008919 	-0.000349 	0.472648 	 0.000168 
0.482344 	0.007303 	-0.002373 	0.008299 	-0.000301 	0.482207 	 0.000133 
0.485474 	0.010552 	-0.000982 	0.009018 	-0.000129 	0.485354 	 0.000094 
0.473214 	0.010507 	-0.000528 	0.010162 	-0.000194 	0.473103 	 0.000089 
0.480248 	0.014043 	-0.002068 	0.014921 	-0.000124 	0.480064 	 0.000191 
0.482962 	0.014186 	-0.001339 	0.013435 	-0.000112 	0.482750 	 0.000210 
0.480045 	0.010973 	-0.000513 	0.008791 	-0.000091 	0.479933 	 0.000107 
0.472977 	0.013939 	0.000656 	0.011478 	-0.000094 	0.472861 	 0.000121 
0.468837 	0.019437 	0.001642 	0.014198 	0.000075 	0.468667 	 0.000171 
0.483678 	0.008087 	-0.000720 	0.007442 	-0.000395 	0.483547 	 0.000118 
0.479757 	0.018555 	0.001676 	0.013541 	0.000200 	0.479604 	 0.000135 
0.479663 	0.010290 	-0.000770 	0.008821 	-0.000192 	0.479520 	 0.000144 
0.483640 	0.016167 	0.002274 	0.009305 	-0.000092 	0.483471 	 0.000154 
0.479098 	0.021121 	0.002725 	0.014541 	0.000288 	0.478941 	 0.000138 
0.465220 	0.017861 	0.001139 	0.014214 	0.000288 	0.465049 	 0.000190 
0.466476 	0.009918 	-0.002066 	0.010390 	-0.000215 	0.466282 	 0.000198 
0.472410 	0.017624 	-0.000305 	0.015024 	0.000034 	0.472164 	 0.000254 
0.462474 	0.019169 	-0.001753 	0.018267 	0.000337 	0.462222 	 0.000267 
0.463194 	0.015697 	-0.000624 	0.013170 	-0.000028 	0.462940 	 0.000264 
0.474550 	0.013908 	-0.001726 	0.014291 	-0.000212 	0.474330 	 0.000222 
0.462774 	0.017927 	-0.000011 	0.015237 	0.000153 	0.462535 	 0.000249 
0.454571 	0.022474 	0.000089 	0.018948 	0.000311 	0.454267 	 0.000321 
0.457648 	0.018381 	0.000392 	0.014781 	0.000123 	0.457396 	 0.000245 
0.458539 	0.018037 	0.000107 	0.014548 	0.000105 	0.458309 	 0.000239 
0.454413 	0.025587 	0.002106 	0.019369 	0.000475 	0.454161 	 0.000263 
0.454899 	0.023990 	0.001683 	0.019390 	0.000354 	0.454639 	 0.000263 
0.457776 	0.021839 	0.001175 	0.016942 	0.000368 	0.457514 	 0.000276 
0.447577 	0.025401 	0.002062 	0.018856 	0.000521 	0.447333 	 0.000266 
0.455183 	0.024088 	0.002642 	0.017629 	0.000331 	0.454950 	 0.000228 
0.454281 	0.027054 	0.002401 	0.021017 	0.000493 	0.453994 	 0.000305 
0.464124 	0.023067 	0.000794 	0.018660 	0.000349 	0.463823 	 0.000300 
0.456009 	0.029601 	0.003190 	0.022141 	0.000745 	0.455728 	 0.000292 
0.440069 	0.033261 	0.004579 	0.023813 	0.000910 	0.439768 	 0.000311 
0.459050 	0.025839 	0.001994 	0.019598 	0.000443 	0.458809 	 0.000251 
0.441572 	0.025434 	0.003317 	0.019045 	0.000396 	0.441340 	 0.000260 
0.456802 	0.025129 	0.002141 	0.018806 	0.000370 	0.456516 	 0.000302 
0.453252 	0.034175 	0.003236 	0.026363 	0.000818 	0.452910 	 0.000333 
0.455553 	0.032031 	0.003861 	0.022957 	0.000819 	0.455222 	 0.000333 
0.451936 	0.032263 	0.004458 	0.023216 	0.000820 	0.451660 	 0.000280 
0.446320 	0.030481 	0.003226 	0.023173 	0.000662 	0.446027 	 0.000298 
0.454356 	0.034161 	0.005373 	0.023153 	0.000856 	0.454066 	 0.000282 
0.450796 	0.034191 	0.003514 	0.026554 	0.000858 	0.450488 	 0.000327 
0.441365 	0.034615 	0.006277 	0.023000 	0.000930 	0.441105 	 0.000247 
0.432894 	0.040833 	0.007131 	0.027098 	0.001127 	0.432582 	 0.000328 
0.434369 	0.035614 	0.004714 	0.026161 	0.000913 	0.434039 	 0.000342 
0.434526 	0.035504 	0.005513 	0.024948 	0.000918 	0.434214 	 0.000327 
0.443240 	0.029531 	0.003986 	0.020731 	0.000466 	0.442963 	 0.000280 
0.433766 	0.039656 	0.006484 	0.027105 	0.001135 	0.433429 	 0.000343 
0.440098 	0.037843 	0.005062 	0.026644 	0.000985 	0.439739 	 0.000361 
0.444525 	0.037228 	0.006775 	0.025410 	0.000925 	0.444225 	 0.000295 
0.423853 	0.040360 	0.006664 	0.028381 	0.001103 	0.423535 	 0.000323 
0.430383 	0.040852 	0.006763 	0.027695 	0.001166 	0.430081 	 0.000300 
0.432424 	0.037412 	0.006099 	0.026177 	0.000920 	0.432071 	 0.000347 
0.439670 	0.037298 	0.006245 	0.024087 	0.000918 	0.439341 	 0.000315 
0.432205 	0.043490 	0.007454 	0.028758 	0.001119 	0.431864 	 0.000346 
0.446119 	0.039256 	0.006089 	0.027306 	0.000977 	0.445793 	 0.000313 
0.440639 	0.035358 	0.005602 	0.024037 	0.000728 	0.440286 	 0.000337 
0.439721 	0.044012 	0.007240 	0.029973 	0.001291 	0.439338 	 0.000385 
0.440943 	0.041831 	0.007081 	0.029166 	0.001163 	0.440561 	 0.000389 
0.439376 	0.038188 	0.006464 	0.025162 	0.001029 	0.439047 	 0.000321 
0.437992 	0.040947 	0.006716 	0.027935 	0.001217 	0.437678 	 0.000328 
0.442329 	0.038045 	0.005539 	0.025645 	0.001089 	0.441960 	 0.000377 
0.443574 	0.037175 	0.007426 	0.023083 	0.001061 	0.443246 	 0.000330 
0.444887 	0.039214 	0.007370 	0.025105 	0.000930 	0.444576 	 0.000320 
0.438536 	0.036781 	0.005692 	0.024989 	0.000953 	0.438176 	 0.000350 
0.438775 	0.038025 	0.006944 	0.024815 	0.000989 	0.438425 	 0.000356 
0.442193 	0.040301 	0.007831 	0.026240 	0.001066 	0.441835 	 0.000353 
0.426637 	0.042645 	0.007660 	0.029713 	0.001222 	0.426269 	 0.000376 
0.425253 	0.046102 	0.008988 	0.030035 	0.001414 	0.424891 	 0.000351 
0.426075 	0.043756 	0.008607 	0.027646 	0.001188 	0.425692 	 0.000389 
0.434249 	0.040124 	0.007044 	0.026899 	0.001076 	0.433882 	 0.000365 
0.435336 	0.042339 	0.008020 	0.027107 	0.001080 	0.434967 	 0.000363 
0.431158 	0.041070 	0.007672 	0.027190 	0.001172 	0.430801 	 0.000356 
0.426766 	0.041516 	0.008503 	0.026327 	0.001162 	0.426414 	 0.000338 
0.421736 	0.043937 	0.007770 	0.029567 	0.001182 	0.421333 	 0.000401 
0.428319 	0.040663 	0.006635 	0.027409 	0.001093 	0.427912 	 0.000409 
0.428152 	0.043075 	0.007836 	0.028013 	0.001191 	0.427755 	 0.000397 
0.443042 	0.044891 	0.008308 	0.029122 	0.001211 	0.442622 	 0.000426 
0.433772 	0.043967 	0.009405 	0.026853 	0.001212 	0.433402 	 0.000364 
0.421892 	0.045077 	0.010089 	0.028003 	0.001456 	0.421549 	 0.000343 
0.416268 	0.045690 	0.009289 	0.029437 	0.001419 	0.415890 	 0.000360 
0.431447 	0.045278 	0.007964 	0.029801 	0.001257 	0.431038 	 0.000421 
0.431073 	0.043229 	0.008754 	0.026614 	0.001192 	0.430696 	 0.000383 
0.431323 	0.051119 	0.011186 	0.031440 	0.001588 	0.430918 	 0.000402 
0.417258 	0.047119 	0.009597 	0.030331 	0.001452 	0.416896 	 0.000353 
0.433027 	0.050862 	0.010228 	0.032475 	0.001496 	0.432633 	 0.000386 
0.426925 	0.043820 	0.009289 	0.025962 	0.001218 	0.426553 	 0.000370 
0.426177 	0.045183 	0.009744 	0.027561 	0.001259 	0.425844 	 0.000341 
0.425166 	0.048921 	0.009189 	0.032011 	0.001375 	0.424711 	 0.000461 
0.415307 	0.051853 	0.010418 	0.033144 	0.001655 	0.414907 	 0.000384 
0.411504 	0.049534 	0.009523 	0.033199 	0.001472 	0.411091 	 0.000417 
0.424709 	0.049811 	0.009354 	0.032811 	0.001454 	0.424262 	 0.000440 
0.416933 	0.054688 	0.010287 	0.035889 	0.001782 	0.416473 	 0.000468 
0.416794 	0.048490 	0.010013 	0.030189 	0.001456 	0.416370 	 0.000423 
0.430170 	0.045915 	0.008425 	0.029786 	0.001387 	0.429755 	 0.000402 
0.416619 	0.050303 	0.010321 	0.031765 	0.001467 	0.416215 	 0.000408 
0.428406 	0.046852 	0.008725 	0.030761 	0.001291 	0.427984 	 0.000419 
0.428283 	0.050843 	0.010115 	0.032593 	0.001491 	0.427837 	 0.000447 
0.409707 	0.055269 	0.011025 	0.035698 	0.001856 	0.409261 	 0.000454 
0.418870 	0.051069 	0.010375 	0.031934 	0.001646 	0.418448 	 0.000414 
0.425957 	0.049093 	0.009826 	0.030573 	0.001421 	0.425552 	 0.000395 
0.409823 	0.051611 	0.010998 	0.032383 	0.001678 	0.409424 	 0.000400 
0.410971 	0.055354 	0.012023 	0.035656 	0.001798 	0.410544 	 0.000443 
0.406120 	0.058585 	0.013277 	0.036272 	0.001977 	0.405709 	 0.000404 
0.414578 	0.056976 	0.011054 	0.037730 	0.001764 	0.414122 	 0.000462 
0.408680 	0.054342 	0.011166 	0.034405 	0.001718 	0.408253 	 0.000416 
0.411962 	0.056784 	0.011273 	0.036015 	0.001726 	0.411514 	 0.000452 
0.413334 	0.056626 	0.011391 	0.035392 	0.001831 	0.412878 	 0.000452 
0.410902 	0.056072 	0.011312 	0.035901 	0.001774 	0.410466 	 0.000421 
0.394491 	0.058089 	0.012396 	0.035624 	0.001877 	0.394049 	 0.000437 
0.416881 	0.053759 	0.011877 	0.032986 	0.001697 	0.416422 	 0.000456 
0.413058 	0.058958 	0.012020 	0.037702 	0.001960 	0.412599 	 0.000484 
0.411792 	0.059496 	0.013579 	0.036173 	0.002030 	0.411346 	 0.000430 
0.414471 	0.060813 	0.012429 	0.037027 	0.001947 	0.413993 	 0.000475 
0.412889 	0.062316 	0.013372 	0.039005 	0.002059 	0.412420 	 0.000480 
0.413950 	0.056278 	0.011611 	0.035404 	0.001730 	0.413501 	 0.000438 
0.407170 	0.058148 	0.011978 	0.036949 	0.002043 	0.406695 	 0.000469 
0.405011 	0.062141 	0.013691 	0.038544 	0.002088 	0.404559 	 0.000462 
0.410426 	0.062922 	0.013128 	0.039913 	0.002165 	0.409951 	 0.000485 
0.406848 	0.053922 	0.011245 	0.033775 	0.001721 	0.406409 	 0.000439 
0.412646 	0.060885 	0.012799 	0.038078 	0.002053 	0.412146 	 0.000508 
0.401777 	0.053400 	0.011787 	0.032825 	0.001769 	0.401352 	 0.000434 
0.409885 	0.054734 	0.011157 	0.036042 	0.001797 	0.409439 	 0.000447 
0.413097 	0.054900 	0.011529 	0.034376 	0.001738 	0.412643 	 0.000451 
0.412340 	0.058533 	0.012837 	0.035830 	0.002012 	0.411906 	 0.000434 
0.407215 	0.055945 	0.012001 	0.034554 	0.001801 	0.406767 	 0.000447 
0.413802 	0.055296 	0.011868 	0.034077 	0.001698 	0.413303 	 0.000494 
0.412321 	0.054614 	0.011404 	0.034187 	0.001759 	0.411850 	 0.000474 
0.408155 	0.053079 	0.011605 	0.034026 	0.001562 	0.407700 	 0.000465 
0.409724 	0.058026 	0.013213 	0.036146 	0.001790 	0.409265 	 0.000455 
0.408050 	0.056335 	0.012773 	0.033736 	0.001701 	0.407599 	 0.000454 
0.413400 	0.053746 	0.011914 	0.034097 	0.001573 	0.412959 	 0.000439 
0.406905 	0.057692 	0.011091 	0.037129 	0.001861 	0.406405 	 0.000508 
0.415203 	0.058258 	0.011726 	0.037105 	0.001924 	0.414698 	 0.000513 
0.407521 	0.057569 	0.013410 	0.034000 	0.001887 	0.407081 	 0.000429 
0.402668 	0.054945 	0.011756 	0.034455 	0.001738 	0.402213 	 0.000469 
0.399581 	0.058941 	0.012219 	0.037018 	0.001904 	0.399104 	 0.000486 
0.411259 	0.058734 	0.012845 	0.036049 	0.001992 	0.410780 	 0.000493 
0.419803 	0.057841 	0.011548 	0.036735 	0.001843 	0.419307 	 0.000477 
0.418350 	0.051886 	0.010375 	0.033230 	0.001639 	0.417872 	 0.000495 
0.407833 	0.055447 	0.011619 	0.036391 	0.001842 	0.407372 	 0.000474 
0.414347 	0.058852 	0.012194 	0.036754 	0.001896 	0.413835 	 0.000506 
0.399407 	0.066470 	0.015218 	0.039866 	0.002192 	0.398893 	 0.000523 
0.412055 	0.059933 	0.012988 	0.036908 	0.002034 	0.411572 	 0.000485 
0.414910 	0.058610 	0.013266 	0.034944 	0.001872 	0.414461 	 0.000447 
0.403760 	0.060352 	0.013755 	0.036600 	0.002019 	0.403327 	 0.000438 
0.417648 	0.059430 	0.013821 	0.035126 	0.001934 	0.417246 	 0.000396 
0.416399 	0.062705 	0.012961 	0.039228 	0.002090 	0.415873 	 0.000517 
0.408102 	0.059190 	0.013109 	0.035523 	0.001954 	0.407625 	 0.000486 
0.390632 	0.061353 	0.013782 	0.037342 	0.002132 	0.390152 	 0.000504 
0.411209 	0.055259 	0.011760 	0.034467 	0.001728 	0.410766 	 0.000454 
0.396383 	0.060866 	0.013266 	0.036717 	0.002203 	0.395917 	 0.000462 
0.404854 	0.062794 	0.013499 	0.037546 	0.002190 	0.404317 	 0.000528 
0.390936 	0.062352 	0.014096 	0.037174 	0.002202 	0.390449 	 0.000503 
0.389098 	0.060742 	0.013401 	0.037544 	0.002057 	0.388634 	 0.000481 
0.392682 	0.059435 	0.012160 	0.037847 	0.002077 	0.392200 	 0.000476 
0.392824 	0.061111 	0.013506 	0.036807 	0.002078 	0.392332 	 0.000490 
0.393922 	0.061530 	0.013332 	0.038868 	0.002238 	0.393427 	 0.000502 
0.395109 	0.064752 	0.014280 	0.039571 	0.002294 	0.394660 	 0.000460 
0.395517 	0.063020 	0.013837 	0.038757 	0.002276 	0.395019 	 0.000511 
0.407601 	0.065947 	0.014100 	0.040828 	0.002360 	0.407068 	 0.000522 
0.391257 	0.063530 	0.015156 	0.036864 	0.002198 	0.390786 	 0.000471 
0.399653 	0.060727 	0.014651 	0.035280 	0.002117 	0.399180 	 0.000462 
0.397938 	0.060424 	0.013072 	0.036754 	0.002056 	0.397435 	 0.000503 
0.397397 	0.062712 	0.013776 	0.038097 	0.002186 	0.396888 	 0.000493 
0.394092 	0.065015 	0.014537 	0.040930 	0.002324 	0.393595 	 0.000506 
0.402845 	0.064983 	0.014394 	0.039156 	0.002214 	0.402326 	 0.000515 
0.407091 	0.059325 	0.012695 	0.036390 	0.002058 	0.406612 	 0.000499 
0.394659 	0.058723 	0.013227 	0.035549 	0.001924 	0.394195 	 0.000458 
0.394240 	0.061058 	0.012992 	0.038509 	0.002146 	0.393737 	 0.000507 
0.398562 	0.059461 	0.013277 	0.036281 	0.002103 	0.398099 	 0.000463 
0.401643 	0.064516 	0.013434 	0.040166 	0.002314 	0.401096 	 0.000533 
0.399088 	0.061774 	0.014146 	0.036484 	0.002115 	0.398620 	 0.000478 
0.403697 	0.058537 	0.013473 	0.034735 	0.001982 	0.403251 	 0.000438 
0.400449 	0.062665 	0.014411 	0.037162 	0.002097 	0.399949 	 0.000490 
0.402905 	0.066659 	0.014099 	0.041332 	0.002345 	0.402369 	 0.000530 
0.395127 	0.064904 	0.014791 	0.038382 	0.002270 	0.394655 	 0.000477 
0.396287 	0.066246 	0.014700 	0.039914 	0.002382 	0.395761 	 0.000550 
0.390930 	0.065372 	0.014076 	0.039675 	0.002307 	0.390426 	 0.000500 
0.400841 	0.063959 	0.015090 	0.037556 	0.002301 	0.400369 	 0.000459 
0.400290 	0.064054 	0.014566 	0.038185 	0.002263 	0.399767 	 0.000525 
0.401598 	0.066032 	0.015013 	0.040750 	0.002282 	0.401095 	 0.000513 
0.392867 	0.066909 	0.014251 	0.041618 	0.002389 	0.392325 	 0.000561 
0.382771 	0.063505 	0.013651 	0.039046 	0.002202 	0.382253 	 0.000527 
0.406811 	0.064792 	0.014256 	0.039534 	0.002258 	0.406297 	 0.000518 
0.384565 	0.066886 	0.014773 	0.040890 	0.002350 	0.384037 	 0.000542 
0.402526 	0.061220 	0.012602 	0.037849 	0.002090 	0.402015 	 0.000518 
0.400646 	0.063865 	0.014329 	0.037323 	0.002245 	0.400138 	 0.000509 
0.385877 	0.060881 	0.015199 	0.034628 	0.002070 	0.385419 	 0.000461 
0.401125 	0.060946 	0.013598 	0.036209 	0.002072 	0.400640 	 0.000497 
0.388584 	0.064976 	0.014611 	0.038208 	0.002314 	0.388089 	 0.000495 
0.386965 	0.064745 	0.014698 	0.038400 	0.002228 	0.386439 	 0.000523 
0.391661 	0.065014 	0.014980 	0.036875 	0.002296 	0.391166 	 0.000493 
0.403300 	0.060725 	0.013244 	0.037062 	0.002006 	0.402786 	 0.000522 
0.392126 	0.066556 	0.014652 	0.039928 	0.002407 	0.391613 	 0.000524 
0.387023 	0.067719 	0.016447 	0.039350 	0.002427 	0.386528 	 0.000497 
0.404454 	0.061662 	0.013153 	0.037874 	0.002127 	0.403932 	 0.000521 
0.400417 	0.063544 	0.013778 	0.038227 	0.002285 	0.399883 	 0.000532 
0.397041 	0.067859 	0.015664 	0.041043 	0.002455 	0.396544 	 0.000502 
0.393599 	0.063131 	0.014110 	0.037234 	0.002294 	0.393091 	 0.000528 
0.398511 	0.065807 	0.015213 	0.038975 	0.002328 	0.398013 	 0.000492 
0.380076 	0.068862 	0.016221 	0.041876 	0.002564 	0.379579 	 0.000505 
0.396884 	0.061117 	0.013417 	0.036570 	0.002163 	0.396368 	 0.000521 
0.385948 	0.067452 	0.014133 	0.041654 	0.002468 	0.385404 	 0.000559 
0.399246 	0.062838 	0.013429 	0.038301 	0.002134 	0.398715 	 0.000517 
0.384701 	0.068056 	0.016473 	0.039701 	0.002536 	0.384194 	 0.000504 
0.386784 	0.061779 	0.013755 	0.037128 	0.002120 	0.386282 	 0.000506 
0.393869 	0.060812 	0.014561 	0.035920 	0.002154 	0.393391 	 0.000480 
0.384222 	0.063450 	0.015465 	0.036897 	0.002250 	0.383770 	 0.000448 
0.452877 	0.010126 	-0.000933 	0.008153 	-0.000240 	0.452862 	 0.000022 
0.473505 	0.006217 	-0.001127 	0.004626 	-0.000428 	0.473506 	 -0.000015 
0.458828 	0.020696 	0.002793 	0.013424 	0.000331 	0.458799 	 0.000023 
0.457734 	0.015219 	0.000535 	0.012167 	0.000142 	0.457750 	 -0.000014 
0.472186 	0.013562 	-0.000174 	0.009852 	-0.000051 	0.472136 	 0.000056 
0.471040 	0.014905 	0.000443 	0.010747 	-0.000067 	0.471048 	 -0.000032 
0.469841 	0.018274 	-0.000207 	0.014516 	0.000211 	0.469784 	 0.000064 
0.473691 	0.014505 	-0.000107 	0.011007 	0.000069 	0.473629 	 0.000069 
0.472991 	0.013033 	-0.000703 	0.010808 	-0.000110 	0.472957 	 0.000021 
0.461853 	0.019737 	0.001209 	0.014872 	0.000290 	0.461792 	 0.000073 
0.473196 	0.016502 	0.000745 	0.012253 	0.000016 	0.473171 	 0.000026 
0.482405 	0.013235 	-0.000237 	0.009599 	-0.000150 	0.482351 	 0.000042 
0.472872 	0.018655 	-0.000190 	0.014717 	0.000228 	0.472803 	 0.000077 
0.468862 	0.022591 	0.001246 	0.017082 	0.000339 	0.468757 	 0.000099 
0.472435 	0.023802 	0.002982 	0.016017 	0.000297 	0.472390 	 0.000035 
0.475768 	0.017768 	0.000555 	0.013158 	0.000126 	0.475689 	 0.000097 
0.465795 	0.022767 	0.002165 	0.014987 	0.000333 	0.465685 	 0.000117 
0.470327 	0.023661 	0.001927 	0.016465 	0.000464 	0.470240 	 0.000098 
0.470591 	0.019492 	0.001604 	0.013000 	0.000155 	0.470534 	 0.000052 
0.475365 	0.021662 	0.001455 	0.015739 	0.000336 	0.475260 	 0.000103 
0.463275 	0.022825 	0.001278 	0.018352 	0.000330 	0.463169 	 0.000122 
0.473747 	0.022542 	0.002024 	0.016079 	0.000292 	0.473650 	 0.000111 
0.476209 	0.014141 	-0.000041 	0.010944 	-0.000184 	0.476174 	 0.000050 
0.471282 	0.025620 	0.002637 	0.018570 	0.000468 	0.471180 	 0.000104 
0.466379 	0.020600 	0.000575 	0.015777 	0.000060 	0.466251 	 0.000133 
0.469366 	0.028008 	0.002838 	0.019885 	0.000538 	0.469207 	 0.000150 
0.462626 	0.026586 	0.002634 	0.018256 	0.000504 	0.462513 	 0.000132 
0.463349 	0.028751 	0.002007 	0.021834 	0.000660 	0.463198 	 0.000164 
0.469919 	0.030359 	0.002406 	0.023043 	0.000558 	0.469765 	 0.000155 
0.469898 	0.026783 	0.001149 	0.021010 	0.000526 	0.469756 	 0.000148 
0.460584 	0.026528 	0.003042 	0.017728 	0.000245 	0.460459 	 0.000133 
0.471002 	0.026092 	0.001556 	0.019940 	0.000430 	0.470849 	 0.000167 
0.471520 	0.028625 	0.001452 	0.022212 	0.000464 	0.471322 	 0.000220 
0.464790 	0.029698 	0.003334 	0.022197 	0.000576 	0.464631 	 0.000145 
0.460910 	0.035058 	0.003269 	0.026468 	0.000839 	0.460688 	 0.000231 
0.460769 	0.029382 	0.003522 	0.020796 	0.000561 	0.460623 	 0.000157 
0.456163 	0.033221 	0.004597 	0.023325 	0.000783 	0.456020 	 0.000151 
0.473682 	0.030061 	0.003545 	0.021635 	0.000557 	0.473532 	 0.000168 
0.470507 	0.034672 	0.003064 	0.025947 	0.000824 	0.470293 	 0.000215 
0.465518 	0.030864 	0.003322 	0.022738 	0.000637 	0.465356 	 0.000156 
0.468595 	0.032625 	0.003930 	0.023518 	0.000748 	0.468418 	 0.000197 
0.461364 	0.030970 	0.003730 	0.022351 	0.000626 	0.461206 	 0.000161 
0.469465 	0.035931 	0.004110 	0.026380 	0.000872 	0.469272 	 0.000199 
0.463409 	0.037656 	0.005074 	0.026372 	0.000835 	0.463230 	 0.000181 
0.462537 	0.038759 	0.005373 	0.026584 	0.001020 	0.462286 	 0.000265 
0.427036 	0.034100 	0.003771 	0.024260 	0.000851 	0.426868 	 0.000166 
0.429078 	0.035632 	0.004505 	0.024541 	0.000988 	0.428924 	 0.000148 
0.428931 	0.038673 	0.006317 	0.026279 	0.001067 	0.428785 	 0.000142 
0.431968 	0.042271 	0.005480 	0.030581 	0.001306 	0.431779 	 0.000199 
0.437384 	0.034857 	0.005053 	0.023896 	0.000916 	0.437245 	 0.000146 
0.422263 	0.035770 	0.005659 	0.024828 	0.000926 	0.422133 	 0.000139 
0.420749 	0.042064 	0.005943 	0.029449 	0.001200 	0.420557 	 0.000190 
0.428572 	0.038295 	0.006132 	0.025924 	0.000985 	0.428438 	 0.000136 
0.415807 	0.040204 	0.006046 	0.028123 	0.001197 	0.415625 	 0.000188 
0.429877 	0.041045 	0.006696 	0.028446 	0.001172 	0.429695 	 0.000196 
0.420207 	0.041102 	0.006302 	0.028226 	0.001203 	0.420038 	 0.000155 
0.427725 	0.044752 	0.007103 	0.030024 	0.001435 	0.427537 	 0.000188 
0.421069 	0.037774 	0.007449 	0.022844 	0.001081 	0.420917 	 0.000155 
0.426379 	0.038715 	0.005731 	0.027269 	0.001064 	0.426253 	 0.000159 
0.418375 	0.041511 	0.006627 	0.029118 	0.001151 	0.418181 	 0.000205 
0.422306 	0.047381 	0.008005 	0.032080 	0.001475 	0.422129 	 0.000186 
0.417726 	0.044126 	0.007622 	0.028952 	0.001315 	0.417564 	 0.000180 
0.427645 	0.040728 	0.005212 	0.028088 	0.001244 	0.427428 	 0.000206 
0.423897 	0.041799 	0.006741 	0.027396 	0.001270 	0.423707 	 0.000173 
0.423405 	0.043833 	0.008330 	0.027478 	0.001378 	0.423232 	 0.000178 
0.421160 	0.042147 	0.006677 	0.027816 	0.001406 	0.420988 	 0.000179 
0.423244 	0.044577 	0.007604 	0.029169 	0.001494 	0.423082 	 0.000159 
0.418791 	0.043538 	0.006584 	0.030081 	0.001277 	0.418592 	 0.000213 
0.426678 	0.045469 	0.006967 	0.031174 	0.001380 	0.426441 	 0.000264 
0.415831 	0.044747 	0.007812 	0.030627 	0.001383 	0.415639 	 0.000190 
0.410640 	0.050637 	0.008775 	0.033227 	0.001691 	0.410434 	 0.000201 
0.422084 	0.047359 	0.007400 	0.032475 	0.001536 	0.421887 	 0.000196 
0.422868 	0.047507 	0.007887 	0.031747 	0.001511 	0.422664 	 0.000209 
0.417831 	0.046464 	0.008895 	0.030335 	0.001519 	0.417666 	 0.000167 
0.410838 	0.044117 	0.007633 	0.029830 	0.001300 	0.410641 	 0.000181 
0.419554 	0.049186 	0.007449 	0.034732 	0.001622 	0.419301 	 0.000258 
0.405084 	0.049042 	0.010116 	0.030570 	0.001665 	0.404908 	 0.000173 
0.428366 	0.044643 	0.008481 	0.028241 	0.001333 	0.428216 	 0.000133 
0.408982 	0.049773 	0.009471 	0.032251 	0.001642 	0.408784 	 0.000195 
0.419380 	0.046189 	0.007650 	0.031942 	0.001432 	0.419194 	 0.000186 
0.417617 	0.048448 	0.008995 	0.031907 	0.001634 	0.417422 	 0.000202 
0.419972 	0.046286 	0.008664 	0.029323 	0.001523 	0.419793 	 0.000167 
0.413254 	0.045225 	0.008153 	0.030056 	0.001508 	0.413084 	 0.000175 
0.414967 	0.046336 	0.007841 	0.031758 	0.001395 	0.414745 	 0.000228 
0.414916 	0.052384 	0.009125 	0.035307 	0.001871 	0.414690 	 0.000221 
0.417958 	0.046751 	0.008023 	0.030961 	0.001599 	0.417771 	 0.000176 
0.422328 	0.046182 	0.008475 	0.029157 	0.001339 	0.422127 	 0.000203 
0.434176 	0.050055 	0.009015 	0.032747 	0.001533 	0.433972 	 0.000188 
0.417158 	0.047908 	0.008140 	0.031345 	0.001544 	0.416932 	 0.000226 
0.409685 	0.051882 	0.008785 	0.035377 	0.001672 	0.409437 	 0.000252 
0.419643 	0.046878 	0.008236 	0.029791 	0.001470 	0.419454 	 0.000178 
0.415314 	0.049615 	0.008842 	0.032757 	0.001606 	0.415113 	 0.000197 
0.416419 	0.052512 	0.010221 	0.033249 	0.001796 	0.416220 	 0.000205 
0.415772 	0.052718 	0.010547 	0.032462 	0.001703 	0.415595 	 0.000170 
0.422102 	0.060928 	0.010534 	0.040805 	0.002216 	0.421844 	 0.000253 
0.423470 	0.050706 	0.008728 	0.033856 	0.001634 	0.423241 	 0.000219 
0.404767 	0.054947 	0.010035 	0.036583 	0.001912 	0.404520 	 0.000245 
0.421546 	0.055779 	0.010824 	0.036097 	0.001888 	0.421335 	 0.000210 
0.423100 	0.056730 	0.009356 	0.038624 	0.001921 	0.422851 	 0.000242 
0.418952 	0.056649 	0.010626 	0.037704 	0.001922 	0.418709 	 0.000228 
0.419723 	0.055464 	0.009923 	0.036022 	0.001883 	0.419450 	 0.000264 
0.417190 	0.056555 	0.009921 	0.036696 	0.001917 	0.416941 	 0.000251 
0.412381 	0.056403 	0.009802 	0.037805 	0.001997 	0.412130 	 0.000260 
0.414741 	0.055621 	0.010255 	0.035255 	0.001859 	0.414509 	 0.000234 
0.420919 	0.054146 	0.010121 	0.035394 	0.001885 	0.420693 	 0.000214 
0.420331 	0.051264 	0.009664 	0.033698 	0.001666 	0.420100 	 0.000225 
0.408579 	0.053560 	0.009128 	0.037139 	0.001881 	0.408345 	 0.000241 
0.415015 	0.055042 	0.010493 	0.035537 	0.001948 	0.414788 	 0.000223 
0.409678 	0.055498 	0.011087 	0.034655 	0.001894 	0.409473 	 0.000198 
0.413103 	0.057562 	0.009923 	0.038700 	0.002131 	0.412835 	 0.000273 
0.422623 	0.054915 	0.009223 	0.037018 	0.001861 	0.422375 	 0.000245 
0.415403 	0.053936 	0.009926 	0.034183 	0.001803 	0.415228 	 0.000145 
0.408503 	0.058060 	0.010512 	0.037733 	0.001978 	0.408226 	 0.000280 
0.409377 	0.059174 	0.010898 	0.038648 	0.002078 	0.409161 	 0.000222 
0.408105 	0.053170 	0.010390 	0.034350 	0.001813 	0.407912 	 0.000174 
0.408683 	0.060157 	0.010555 	0.040633 	0.002165 	0.408418 	 0.000261 
0.404801 	0.059405 	0.011182 	0.038922 	0.002099 	0.404554 	 0.000246 
0.407011 	0.056904 	0.011467 	0.036783 	0.002091 	0.406805 	 0.000214 
0.412770 	0.061133 	0.011244 	0.039901 	0.002193 	0.412484 	 0.000295 
0.404362 	0.060842 	0.011682 	0.039420 	0.002198 	0.404118 	 0.000244 
0.408459 	0.054091 	0.010282 	0.034484 	0.001854 	0.408240 	 0.000227 
0.410139 	0.057794 	0.010141 	0.037766 	0.001975 	0.409884 	 0.000262 
0.399162 	0.057891 	0.011733 	0.036606 	0.001966 	0.398919 	 0.000243 
0.408113 	0.054465 	0.010186 	0.035298 	0.001843 	0.407895 	 0.000211 
0.388624 	0.056089 	0.011365 	0.036528 	0.002030 	0.388406 	 0.000207 
0.389539 	0.061036 	0.011242 	0.039652 	0.002286 	0.389304 	 0.000225 
0.402320 	0.058254 	0.011596 	0.037228 	0.002127 	0.402070 	 0.000266 
0.403297 	0.056125 	0.009700 	0.037501 	0.002076 	0.403021 	 0.000272 
0.401399 	0.059557 	0.010362 	0.039604 	0.002180 	0.401156 	 0.000253 
0.396489 	0.058343 	0.011306 	0.037370 	0.002146 	0.396246 	 0.000238 
0.409379 	0.060567 	0.012149 	0.039010 	0.002241 	0.409168 	 0.000223 
0.404176 	0.058285 	0.010381 	0.038259 	0.002142 	0.403913 	 0.000262 
0.395956 	0.059709 	0.011201 	0.038665 	0.002084 	0.395687 	 0.000272 
0.413785 	0.058240 	0.011138 	0.037584 	0.002019 	0.413565 	 0.000231 
0.395450 	0.061960 	0.011906 	0.039431 	0.002352 	0.395188 	 0.000262 
0.400191 	0.059870 	0.010598 	0.039579 	0.002267 	0.399926 	 0.000271 
0.391714 	0.062273 	0.012561 	0.040049 	0.002355 	0.391455 	 0.000246 
0.403272 	0.062319 	0.012711 	0.039343 	0.002310 	0.403020 	 0.000233 
0.403787 	0.060077 	0.011201 	0.038876 	0.002146 	0.403534 	 0.000257 
0.398756 	0.062010 	0.012555 	0.038687 	0.002408 	0.398518 	 0.000234 
0.407246 	0.058202 	0.011249 	0.037230 	0.002075 	0.407000 	 0.000232 
0.402145 	0.064127 	0.012488 	0.041586 	0.002402 	0.401865 	 0.000291 
0.401583 	0.063043 	0.012456 	0.039804 	0.002246 	0.401318 	 0.000253 
0.402814 	0.061459 	0.012295 	0.039913 	0.002239 	0.402550 	 0.000267 
0.399924 	0.062847 	0.012131 	0.040327 	0.002386 	0.399658 	 0.000272 
0.416348 	0.058518 	0.011139 	0.037397 	0.002038 	0.416100 	 0.000243 
0.396314 	0.059082 	0.010874 	0.038649 	0.002111 	0.396041 	 0.000276 
0.395573 	0.059889 	0.011326 	0.038738 	0.002239 	0.395298 	 0.000274 
0.401923 	0.059441 	0.012381 	0.037274 	0.002191 	0.401658 	 0.000268 
0.403883 	0.062498 	0.012015 	0.040377 	0.002283 	0.403619 	 0.000253 
0.385503 	0.060393 	0.011402 	0.039374 	0.002287 	0.385248 	 0.000243 
0.388299 	0.059176 	0.012157 	0.037276 	0.002245 	0.388068 	 0.000233 
0.388237 	0.067382 	0.012567 	0.044965 	0.002608 	0.387969 	 0.000286 
0.400082 	0.063233 	0.012567 	0.041201 	0.002370 	0.399828 	 0.000252 
0.396662 	0.062396 	0.011550 	0.040272 	0.002399 	0.396399 	 0.000250 
0.391622 	0.062433 	0.012549 	0.040000 	0.002419 	0.391372 	 0.000240 
0.393398 	0.067128 	0.012923 	0.043887 	0.002629 	0.393098 	 0.000297 
0.387476 	0.063697 	0.013299 	0.039897 	0.002451 	0.387206 	 0.000266 
0.382495 	0.064442 	0.013094 	0.039101 	0.002485 	0.382226 	 0.000275 
0.396119 	0.063544 	0.013023 	0.039811 	0.002366 	0.395853 	 0.000254 
0.404118 	0.063742 	0.013748 	0.038531 	0.002365 	0.403891 	 0.000233 
0.392541 	0.066042 	0.013141 	0.043155 	0.002633 	0.392249 	 0.000285 
0.387811 	0.067434 	0.012918 	0.042580 	0.002642 	0.387511 	 0.000305 
0.393551 	0.063304 	0.012001 	0.040909 	0.002418 	0.393274 	 0.000288 
0.393559 	0.064067 	0.011945 	0.043002 	0.002490 	0.393287 	 0.000275 
0.403959 	0.066278 	0.013192 	0.041752 	0.002503 	0.403710 	 0.000266 
0.385020 	0.071366 	0.013629 	0.046417 	0.002824 	0.384677 	 0.000341 
0.388267 	0.070972 	0.014635 	0.044541 	0.002832 	0.387971 	 0.000282 
0.384317 	0.067317 	0.013267 	0.043361 	0.002729 	0.384058 	 0.000281 
0.393587 	0.061550 	0.011981 	0.039708 	0.002276 	0.393301 	 0.000286 
0.396477 	0.066726 	0.012981 	0.043397 	0.002516 	0.396227 	 0.000251 
0.387420 	0.065321 	0.013118 	0.041137 	0.002524 	0.387155 	 0.000272 
0.388960 	0.062265 	0.012705 	0.039226 	0.002400 	0.388711 	 0.000255 
0.393338 	0.060939 	0.013672 	0.035943 	0.002334 	0.393114 	 0.000226 
0.399975 	0.070998 	0.013237 	0.046065 	0.002726 	0.399644 	 0.000336 
0.395698 	0.060547 	0.010812 	0.039496 	0.002196 	0.395425 	 0.000278 
0.388693 	0.063540 	0.012615 	0.041254 	0.002442 	0.388429 	 0.000256 
0.393511 	0.064170 	0.011552 	0.042653 	0.002433 	0.393225 	 0.000283 
0.395007 	0.068460 	0.013076 	0.043825 	0.002652 	0.394706 	 0.000291 
0.388110 	0.066501 	0.013483 	0.043048 	0.002545 	0.387865 	 0.000246 
0.392096 	0.065657 	0.012831 	0.043288 	0.002574 	0.391823 	 0.000270 
0.386006 	0.067039 	0.013572 	0.042471 	0.002539 	0.385694 	 0.000317 
0.400018 	0.065236 	0.012853 	0.041244 	0.002551 	0.399763 	 0.000261 
0.384547 	0.066088 	0.013547 	0.043052 	0.002584 	0.384294 	 0.000261 
0.398604 	0.065792 	0.012179 	0.042315 	0.002454 	0.398303 	 0.000305 
0.387039 	0.063633 	0.012083 	0.041424 	0.002461 	0.386777 	 0.000276 
0.380617 	0.067686 	0.013569 	0.042768 	0.002694 	0.380356 	 0.000255 
0.388053 	0.062091 	0.012057 	0.039329 	0.002325 	0.387793 	 0.000268 
0.383476 	0.067906 	0.013681 	0.042484 	0.002676 	0.383185 	 0.000271 
0.398359 	0.065258 	0.012781 	0.041693 	0.002493 	0.398099 	 0.000267 
0.383631 	0.068589 	0.013777 	0.042779 	0.002584 	0.383366 	 0.000267 
0.379381 	0.065497 	0.014189 	0.040612 	0.002550 	0.379143 	 0.000245 
0.376467 	0.065219 	0.012407 	0.041669 	0.002505 	0.376192 	 0.000281 
0.389905 	0.071015 	0.014530 	0.045056 	0.002684 	0.389640 	 0.000266 
0.376274 	0.066885 	0.013465 	0.043398 	0.002582 	0.375985 	 0.000288 
0.386965 	0.070596 	0.013641 	0.044775 	0.002839 	0.386666 	 0.000302 
0.389446 	0.068792 	0.013182 	0.044698 	0.002627 	0.389145 	 0.000309 
0.395117 	0.069090 	0.013120 	0.045211 	0.002673 	0.394854 	 0.000283 
0.386780 	0.072038 	0.014532 	0.046551 	0.002879 	0.386504 	 0.000277 
0.398554 	0.068637 	0.013271 	0.043925 	0.002604 	0.398223 	 0.000334 
0.392666 	0.072300 	0.014597 	0.045011 	0.002839 	0.392375 	 0.000273 
0.384763 	0.070574 	0.014450 	0.044453 	0.002898 	0.384471 	 0.000290 
0.390157 	0.073715 	0.014136 	0.048339 	0.002871 	0.389852 	 0.000300 
0.383226 	0.072017 	0.014868 	0.045842 	0.002809 	0.382941 	 0.000266 
0.375267 	0.075516 	0.016053 	0.048472 	0.003086 	0.374960 	 0.000318 
0.383315 	0.069603 	0.013718 	0.042390 	0.002739 	0.383039 	 0.000260 
0.378552 	0.076473 	0.016466 	0.047138 	0.003087 	0.378273 	 0.000278 
0.378286 	0.071786 	0.014713 	0.045322 	0.002821 	0.377988 	 0.000291 
0.377811 	0.071355 	0.014094 	0.046587 	0.002897 	0.377556 	 0.000240 
0.376735 	0.071431 	0.014282 	0.046197 	0.002749 	0.376449 	 0.000293 
0.388631 	0.071754 	0.014782 	0.044653 	0.002877 	0.388329 	 0.000301 
0.317870 	0.014654 	0.002191 	0.009068 	0.000013 	0.317873 	 0.000003 
0.317807 	0.008819 	0.001319 	0.004572 	-0.000308 	0.317841 	 -0.000028 
0.313518 	0.008696 	0.002111 	0.003967 	-0.000331 	0.313543 	 -0.000017 
0.322663 	0.014524 	0.002349 	0.009568 	0.000028 	0.322694 	 -0.000005 
0.313384 	0.014720 	0.003438 	0.006171 	0.000100 	0.313394 	 -0.000015 
0.310049 	0.008926 	0.002193 	0.005775 	-0.000237 	0.310069 	 -0.000019 
0.324340 	0.011324 	0.001253 	0.007666 	-0.000081 	0.324310 	 0.000044 
0.332152 	0.011079 	0.002912 	0.005540 	-0.000123 	0.332201 	 -0.000059 
0.305918 	0.017856 	0.004288 	0.009291 	0.000169 	0.305968 	 -0.000049 
0.306556 	0.018024 	0.003875 	0.011045 	0.000264 	0.306577 	 -0.000033 
0.308134 	0.015405 	0.002699 	0.009133 	0.000157 	0.308171 	 -0.000037 
0.297678 	0.017553 	0.004760 	0.007017 	0.000141 	0.297732 	 -0.000060 
0.298858 	0.019041 	0.003584 	0.011978 	0.000183 	0.298869 	 -0.000010 
0.302221 	0.015029 	0.001948 	0.009571 	0.000089 	0.302263 	 -0.000040 
0.316642 	0.012652 	0.002313 	0.008042 	-0.000205 	0.316679 	 -0.000034 
0.303110 	0.015388 	0.003555 	0.008494 	0.000086 	0.303165 	 -0.000062 
0.306611 	0.014740 	0.003301 	0.009315 	0.000098 	0.306674 	 -0.000072 
0.321945 	0.013719 	0.003060 	0.007466 	0.000020 	0.322028 	 -0.000111 
0.310931 	0.011824 	0.002454 	0.006315 	-0.000102 	0.311010 	 -0.000087 
0.319953 	0.015860 	0.004269 	0.008224 	0.000076 	0.320017 	 -0.000073 
0.300708 	0.013662 	0.004219 	0.007416 	0.000036 	0.300819 	 -0.000134 
0.324597 	0.006825 	0.001675 	0.002771 	-0.000498 	0.324727 	 -0.000149 
0.314021 	0.010489 	0.002547 	0.005582 	-0.000281 	0.314103 	 -0.000096 
0.306774 	0.016902 	0.004513 	0.009318 	0.000170 	0.306840 	 -0.000083 
0.296426 	0.021967 	0.004866 	0.012601 	0.000341 	0.296461 	 -0.000023 
0.300228 	0.023406 	0.004391 	0.015647 	0.000466 	0.300232 	 0.000007 
0.303304 	0.019033 	0.004237 	0.011221 	0.000169 	0.303305 	 -0.000003 
0.300778 	0.018996 	0.004460 	0.011300 	0.000117 	0.300811 	 -0.000040 
0.314992 	0.014122 	0.003661 	0.006730 	-0.000154 	0.315052 	 -0.000053 
0.288638 	0.021432 	0.005331 	0.012923 	0.000371 	0.288688 	 -0.000047 
0.294763 	0.018705 	0.004520 	0.009779 	0.000164 	0.294778 	 -0.000017 
0.290983 	0.025273 	0.004815 	0.015962 	0.000564 	0.290951 	 0.000043 
0.301593 	0.021651 	0.004904 	0.012672 	0.000351 	0.301608 	 -0.000026 
0.298292 	0.025237 	0.005562 	0.014545 	0.000505 	0.298263 	 0.000032 
0.285692 	0.029019 	0.006717 	0.017488 	0.000604 	0.285637 	 0.000062 
0.284145 	0.028269 	0.005660 	0.017908 	0.000591 	0.284131 	 0.000010 
0.274624 	0.028534 	0.006999 	0.016556 	0.000568 	0.274620 	 0.000010 
0.283425 	0.028452 	0.006849 	0.016570 	0.000525 	0.283398 	 0.000019 
0.267434 	0.031318 	0.007589 	0.018932 	0.000754 	0.267437 	 -0.000002 
0.278756 	0.030435 	0.007664 	0.017619 	0.000628 	0.278767 	 -0.000010 
0.277895 	0.033049 	0.006523 	0.021291 	0.000802 	0.277844 	 0.000060 
0.282903 	0.029660 	0.007034 	0.016866 	0.000551 	0.282927 	 -0.000023 
0.277486 	0.030132 	0.005998 	0.018629 	0.000638 	0.277456 	 0.000026 
0.279410 	0.031891 	0.006905 	0.019986 	0.000732 	0.279362 	 0.000048 
0.282222 	0.032474 	0.007548 	0.019440 	0.000805 	0.282189 	 0.000029 
0.283584 	0.033003 	0.007490 	0.020097 	0.000904 	0.283606 	 -0.000026 
0.278191 	0.036184 	0.008856 	0.020808 	0.000950 	0.278164 	 0.000015 
0.281128 	0.030179 	0.007495 	0.017874 	0.000661 	0.281130 	 -0.000004 
0.275034 	0.033294 	0.007074 	0.019883 	0.000797 	0.275032 	 0.000006 
0.278605 	0.034172 	0.008596 	0.019777 	0.000878 	0.278591 	 0.000016 
0.279637 	0.029088 	0.007574 	0.015946 	0.000568 	0.279651 	 -0.000037 
0.274268 	0.033227 	0.007706 	0.019822 	0.000843 	0.274250 	 0.000026 
0.271447 	0.035546 	0.008950 	0.020439 	0.000923 	0.271437 	 0.000018 
0.276833 	0.031979 	0.007853 	0.020068 	0.000878 	0.276862 	 -0.000033 
0.278945 	0.025309 	0.005934 	0.015596 	0.000377 	0.278981 	 -0.000039 
0.278374 	0.035683 	0.008381 	0.021132 	0.000884 	0.278354 	 0.000030 
0.281656 	0.032753 	0.008375 	0.018235 	0.000770 	0.281644 	 0.000004 
0.277418 	0.033330 	0.008220 	0.019189 	0.000851 	0.277420 	 -0.000005 
0.274735 	0.038232 	0.009240 	0.022595 	0.001064 	0.274738 	 0.000011 
0.269651 	0.035463 	0.009230 	0.020083 	0.000981 	0.269656 	 0.000004 
0.273300 	0.029377 	0.007270 	0.017278 	0.000550 	0.273312 	 0.000002 
0.282388 	0.032900 	0.008185 	0.019387 	0.000756 	0.282368 	 0.000025 
0.273892 	0.038238 	0.009014 	0.023009 	0.001067 	0.273856 	 0.000009 
0.271137 	0.033763 	0.007382 	0.021192 	0.000873 	0.271115 	 0.000026 
0.271079 	0.036776 	0.009047 	0.022166 	0.000927 	0.271039 	 0.000023 
0.274178 	0.037204 	0.009750 	0.021549 	0.001022 	0.274192 	 -0.000013 
0.278933 	0.031451 	0.007710 	0.018210 	0.000644 	0.278924 	 0.000008 
0.271225 	0.033939 	0.008106 	0.020626 	0.000766 	0.271205 	 0.000016 
0.269632 	0.033526 	0.008359 	0.019276 	0.000856 	0.269638 	 0.000001 
0.279393 	0.029638 	0.007915 	0.016236 	0.000629 	0.279410 	 -0.000026 
0.271064 	0.037031 	0.010223 	0.020272 	0.001009 	0.271071 	 -0.000007 
0.258352 	0.037856 	0.009970 	0.021577 	0.001020 	0.258345 	 0.000006 
0.262626 	0.035599 	0.008483 	0.022439 	0.000907 	0.262609 	 0.000025 
0.269092 	0.039727 	0.010332 	0.023485 	0.001107 	0.269098 	 -0.000001 
0.258689 	0.038164 	0.010673 	0.021731 	0.001118 	0.258704 	 -0.000017 
0.265781 	0.039513 	0.010012 	0.023344 	0.001201 	0.265771 	 0.000005 
0.258224 	0.039477 	0.009756 	0.023649 	0.001047 	0.258242 	 -0.000019 
0.270830 	0.037677 	0.008930 	0.022704 	0.000958 	0.270779 	 0.000045 
0.272067 	0.033127 	0.008399 	0.019022 	0.000746 	0.272063 	 -0.000004 
0.274852 	0.038046 	0.010016 	0.021517 	0.001056 	0.274831 	 0.000001 
0.261652 	0.038757 	0.009765 	0.023137 	0.000985 	0.261622 	 0.000024 
0.268671 	0.037360 	0.009783 	0.021447 	0.001060 	0.268683 	 -0.000011 
0.259839 	0.040639 	0.010201 	0.024411 	0.001114 	0.259795 	 0.000053 
0.271727 	0.038051 	0.009179 	0.023442 	0.000988 	0.271709 	 0.000024 
0.260801 	0.034551 	0.008826 	0.020766 	0.000865 	0.260795 	 0.000019 
0.263603 	0.038506 	0.010384 	0.021814 	0.001094 	0.263585 	 0.000011 
0.256611 	0.040334 	0.011383 	0.023035 	0.001073 	0.256626 	 -0.000023 
0.264320 	0.037389 	0.009731 	0.021695 	0.000981 	0.264320 	 -0.000002 
0.270730 	0.036264 	0.009516 	0.021487 	0.000777 	0.270745 	 -0.000017 
0.262775 	0.038692 	0.010033 	0.022193 	0.001114 	0.262775 	 -0.000011 
0.261676 	0.045484 	0.011577 	0.026486 	0.001433 	0.261635 	 0.000027 
0.258790 	0.044569 	0.012013 	0.025474 	0.001357 	0.258755 	 0.000023 
0.265245 	0.039435 	0.010140 	0.022553 	0.001111 	0.265218 	 0.000019 
0.265515 	0.041882 	0.010529 	0.025564 	0.001348 	0.265528 	 0.000002 
0.259130 	0.038001 	0.010639 	0.021507 	0.001021 	0.259172 	 -0.000043 
0.258484 	0.041725 	0.011633 	0.023550 	0.001292 	0.258462 	 0.000032 
0.261812 	0.038075 	0.010259 	0.020950 	0.001035 	0.261861 	 -0.000053 
0.261872 	0.040232 	0.010802 	0.022470 	0.001161 	0.261889 	 -0.000029 
0.259965 	0.038700 	0.010454 	0.021275 	0.001007 	0.259949 	 0.000021 
0.258246 	0.043696 	0.010899 	0.026111 	0.001263 	0.258224 	 0.000032 
0.263112 	0.037430 	0.010508 	0.020396 	0.001037 	0.263151 	 -0.000048 
0.259552 	0.045175 	0.012836 	0.025361 	0.001407 	0.259573 	 -0.000032 
0.255016 	0.042475 	0.011647 	0.025073 	0.001226 	0.255043 	 -0.000027 
0.247118 	0.042329 	0.012197 	0.022345 	0.001308 	0.247134 	 -0.000012 
0.257566 	0.041576 	0.010763 	0.024440 	0.001282 	0.257580 	 -0.000004 
0.262022 	0.042317 	0.010785 	0.024989 	0.001188 	0.262034 	 -0.000014 
0.258232 	0.040851 	0.011661 	0.022544 	0.001154 	0.258247 	 -0.000013 
0.259324 	0.041430 	0.010743 	0.024258 	0.001192 	0.259306 	 0.000011 
0.257368 	0.044548 	0.011373 	0.026147 	0.001338 	0.257332 	 0.000029 
0.261818 	0.045958 	0.012231 	0.026632 	0.001387 	0.261834 	 -0.000019 
0.256701 	0.042470 	0.011262 	0.025388 	0.001149 	0.256677 	 0.000021 
0.254376 	0.045764 	0.012510 	0.026171 	0.001438 	0.254392 	 -0.000031 
0.249948 	0.047741 	0.011935 	0.028530 	0.001413 	0.249897 	 0.000043 
0.245296 	0.044842 	0.012270 	0.025715 	0.001409 	0.245296 	 -0.000017 
0.253009 	0.046043 	0.011762 	0.027762 	0.001382 	0.252950 	 0.000064 
0.255623 	0.047551 	0.012129 	0.028057 	0.001465 	0.255600 	 0.000019 
0.251989 	0.044232 	0.011897 	0.025172 	0.001377 	0.251965 	 0.000025 
0.251628 	0.046316 	0.012607 	0.026046 	0.001434 	0.251636 	 -0.000026 
0.253373 	0.046567 	0.012510 	0.027083 	0.001386 	0.253345 	 0.000014 
0.257924 	0.042335 	0.011890 	0.023854 	0.001137 	0.257929 	 -0.000008 
0.253661 	0.042075 	0.011473 	0.025127 	0.001357 	0.253680 	 -0.000022 
0.252535 	0.046098 	0.012690 	0.026576 	0.001379 	0.252513 	 0.000008 
0.255231 	0.049347 	0.012976 	0.028080 	0.001582 	0.255181 	 0.000043 
0.259825 	0.044907 	0.011559 	0.026579 	0.001366 	0.259806 	 0.000034 
0.248094 	0.045644 	0.013294 	0.025087 	0.001408 	0.248103 	 -0.000007 
0.253495 	0.047760 	0.013230 	0.026860 	0.001439 	0.253465 	 0.000017 
0.244740 	0.047125 	0.012819 	0.027376 	0.001485 	0.244755 	 -0.000018 
0.251553 	0.047376 	0.012807 	0.027050 	0.001463 	0.251552 	 -0.000006 
0.240521 	0.047013 	0.013200 	0.028018 	0.001443 	0.240527 	 0.000000 
0.249708 	0.052770 	0.013950 	0.031279 	0.001772 	0.249652 	 0.000065 
0.247454 	0.050390 	0.013731 	0.029303 	0.001573 	0.247433 	 0.000026 
0.246545 	0.045303 	0.012733 	0.024788 	0.001387 	0.246559 	 -0.000039 
0.251407 	0.043443 	0.010713 	0.028015 	0.001294 	0.251386 	 0.000024 
0.246599 	0.048887 	0.013542 	0.027785 	0.001550 	0.246579 	 0.000017 
0.257076 	0.047245 	0.011384 	0.029158 	0.001400 	0.257033 	 0.000038 
0.241442 	0.048039 	0.014307 	0.026747 	0.001528 	0.241468 	 -0.000042 
0.261529 	0.046306 	0.012018 	0.027159 	0.001425 	0.261497 	 0.000022 
0.253848 	0.047262 	0.012627 	0.027274 	0.001397 	0.253804 	 0.000053 
0.258751 	0.045416 	0.012696 	0.025593 	0.001350 	0.258738 	 0.000011 
0.249570 	0.046699 	0.013557 	0.025381 	0.001339 	0.249580 	 -0.000022 
0.257504 	0.048105 	0.012964 	0.027350 	0.001411 	0.257491 	 -0.000002 
0.257182 	0.049660 	0.013038 	0.029474 	0.001555 	0.257155 	 0.000019 
0.238115 	0.050121 	0.013755 	0.028945 	0.001581 	0.238099 	 0.000009 
0.245200 	0.048031 	0.014254 	0.026648 	0.001508 	0.245218 	 -0.000046 
0.252846 	0.048393 	0.013652 	0.026856 	0.001489 	0.252834 	 -0.000019 
0.244736 	0.048141 	0.012265 	0.029052 	0.001562 	0.244712 	 0.000011 
0.249314 	0.045365 	0.013543 	0.024242 	0.001406 	0.249332 	 -0.000031 
0.242857 	0.045114 	0.012552 	0.027033 	0.001293 	0.242831 	 0.000027 
0.243898 	0.052712 	0.013877 	0.031179 	0.001730 	0.243858 	 0.000018 
0.246201 	0.052621 	0.014561 	0.030117 	0.001683 	0.246179 	 0.000021 
0.245322 	0.052859 	0.014693 	0.029319 	0.001724 	0.245292 	 0.000025 
0.241038 	0.055452 	0.015289 	0.032187 	0.001744 	0.240994 	 0.000044 
0.247097 	0.048759 	0.012887 	0.028384 	0.001424 	0.247054 	 0.000023 
0.246279 	0.052895 	0.014490 	0.030999 	0.001750 	0.246253 	 0.000012 
0.243235 	0.051417 	0.013895 	0.030011 	0.001635 	0.243224 	 -0.000000 
0.246959 	0.050400 	0.014104 	0.028550 	0.001525 	0.246931 	 0.000024 
0.238899 	0.050110 	0.013868 	0.029124 	0.001519 	0.238863 	 0.000025 
0.239567 	0.045986 	0.014033 	0.023832 	0.001337 	0.239560 	 0.000007 
0.248589 	0.053928 	0.014692 	0.031057 	0.001708 	0.248580 	 0.000017 
0.240442 	0.049235 	0.013051 	0.028199 	0.001543 	0.240409 	 0.000025 
0.233933 	0.048098 	0.013329 	0.028016 	0.001413 	0.233917 	 0.000011 
0.238762 	0.051902 	0.014242 	0.029555 	0.001693 	0.238726 	 0.000034 
0.245425 	0.052745 	0.014486 	0.028216 	0.001750 	0.245395 	 0.000017 
0.243725 	0.049141 	0.013974 	0.027524 	0.001466 	0.243730 	 -0.000007 
0.237210 	0.052470 	0.014632 	0.030534 	0.001753 	0.237224 	 -0.000008 
0.242901 	0.056654 	0.015164 	0.032804 	0.001869 	0.242866 	 0.000011 
0.242818 	0.050240 	0.014757 	0.026701 	0.001565 	0.242833 	 -0.000022 
0.243270 	0.051229 	0.014677 	0.028773 	0.001649 	0.243274 	 -0.000021 
0.243025 	0.046742 	0.013704 	0.025307 	0.001392 	0.243022 	 0.000000 
0.240350 	0.055777 	0.015176 	0.031587 	0.001835 	0.240279 	 0.000062 
0.243191 	0.052397 	0.014442 	0.030296 	0.001622 	0.243162 	 0.000019 
0.251073 	0.053773 	0.014510 	0.030922 	0.001727 	0.251055 	 -0.000004 
0.241684 	0.049773 	0.014926 	0.026986 	0.001570 	0.241684 	 -0.000011 
0.234864 	0.052475 	0.015529 	0.028414 	0.001693 	0.234858 	 -0.000014 
0.240004 	0.053784 	0.015159 	0.030203 	0.001706 	0.240002 	 -0.000008 
0.242940 	0.055605 	0.015692 	0.031685 	0.001829 	0.242936 	 -0.000011 
0.248181 	0.049979 	0.013049 	0.028990 	0.001443 	0.248146 	 0.000024 
0.247266 	0.051861 	0.014677 	0.029442 	0.001582 	0.247245 	 0.000014 
0.231252 	0.054176 	0.016807 	0.029142 	0.001807 	0.231281 	 -0.000041 
0.237332 	0.054626 	0.015364 	0.031483 	0.001772 	0.237316 	 0.000017 
0.246638 	0.050364 	0.014843 	0.027606 	0.001575 	0.246639 	 -0.000012 
0.246333 	0.053934 	0.015699 	0.029811 	0.001787 	0.246333 	 -0.000019 
0.227704 	0.055095 	0.017311 	0.030179 	0.001876 	0.227726 	 -0.000029 
0.237477 	0.056805 	0.016079 	0.032234 	0.001841 	0.237453 	 0.000029 
0.239450 	0.054329 	0.016134 	0.029105 	0.001749 	0.239460 	 -0.000010 
0.230118 	0.058945 	0.016239 	0.033898 	0.002049 	0.230077 	 0.000020 
0.234672 	0.056251 	0.016428 	0.031451 	0.001971 	0.234663 	 -0.000017 
0.246248 	0.049621 	0.014479 	0.027231 	0.001519 	0.246260 	 -0.000022 
0.245693 	0.053900 	0.015811 	0.029687 	0.001744 	0.245683 	 -0.000004 
0.237221 	0.058102 	0.016591 	0.032542 	0.001962 	0.237195 	 0.000020 
0.248700 	0.051528 	0.015151 	0.027685 	0.001591 	0.248733 	 -0.000045 
0.236898 	0.055283 	0.015660 	0.030546 	0.001796 	0.236866 	 0.000009 
0.233175 	0.060652 	0.017792 	0.033008 	0.002104 	0.233149 	 0.000000 
0.234011 	0.051340 	0.015536 	0.028095 	0.001595 	0.234000 	 -0.000008 
0.238477 	0.057129 	0.016473 	0.030969 	0.002033 	0.238464 	 0.000002 
0.240740 	0.051479 	0.014894 	0.028411 	0.001551 	0.240750 	 -0.000039 
0.237668 	0.053403 	0.015766 	0.029986 	0.001774 	0.237662 	 -0.000007 
0.232452 	0.056987 	0.017006 	0.031418 	0.001927 	0.232450 	 0.000001 
0.232971 	0.057735 	0.017047 	0.030714 	0.001972 	0.232951 	 0.000006 
0.236977 	0.053743 	0.016190 	0.028096 	0.001695 	0.237001 	 -0.000032 
0.234090 	0.058562 	0.016200 	0.034297 	0.001938 	0.234083 	 -0.000005 
0.237981 	0.056146 	0.015794 	0.032491 	0.001834 	0.237971 	 0.000019 
0.234458 	0.055680 	0.016615 	0.030150 	0.001838 	0.234479 	 -0.000037 
0.242280 	0.054234 	0.015570 	0.030952 	0.001732 	0.242278 	 0.000001 
0.240499 	0.053591 	0.015473 	0.029318 	0.001797 	0.240459 	 0.000015 
0.231728 	0.052348 	0.016103 	0.028360 	0.001558 	0.231764 	 -0.000044 
0.238949 	0.056932 	0.016921 	0.030533 	0.001880 	0.238965 	 -0.000040 
0.234396 	0.060098 	0.017394 	0.033670 	0.002009 	0.234377 	 0.000012 
0.229548 	0.061683 	0.017243 	0.035570 	0.002092 	0.229518 	 0.000016 
0.234935 	0.056526 	0.016698 	0.030262 	0.001888 	0.234888 	 0.000033 
0.222854 	0.059361 	0.017774 	0.032215 	0.001923 	0.222843 	 -0.000002 
0.113598 	-0.005445 	0.006051 	-0.009060 	-0.000406 	0.113803 	 -0.000179 
0.089232 	-0.007822 	0.003040 	-0.007906 	-0.000506 	0.089330 	 -0.000061 
0.075168 	-0.004612 	0.006658 	-0.008585 	-0.000048 	0.075416 	 -0.000213 
0.100440 	-0.009799 	0.009217 	-0.016924 	-0.000449 	0.100769 	 -0.000322 
0.127370 	-0.011354 	0.006784 	-0.018085 	-0.000421 	0.127610 	 -0.000242 
0.118553 	-0.005351 	0.005352 	-0.007502 	-0.000487 	0.118743 	 -0.000176 
0.108197 	0.000013 	0.003612 	-0.000460 	-0.000280 	0.108276 	 -0.000066 
0.122603 	0.000697 	0.004649 	-0.000881 	-0.000109 	0.122693 	 -0.000072 
0.128455 	0.000143 	0.007011 	-0.004995 	-0.000293 	0.128597 	 -0.000147 
0.130321 	-0.000231 	0.003862 	-0.002571 	-0.000386 	0.130432 	 -0.000085 
0.131804 	0.002567 	0.006651 	-0.001641 	-0.000308 	0.131915 	 -0.000104 
0.114678 	0.004919 	0.005892 	0.001679 	-0.000287 	0.114669 	 0.000056 
0.113321 	-0.003499 	0.004036 	-0.002843 	-0.000418 	0.113434 	 -0.000085 
0.132061 	0.006806 	0.007882 	-0.002482 	0.000101 	0.132141 	 -0.000045 
0.124190 	0.001735 	0.007507 	-0.003191 	-0.000471 	0.124299 	 -0.000113 
0.123910 	0.007478 	0.011670 	-0.003691 	-0.000079 	0.124117 	 -0.000225 
0.106717 	0.000839 	0.005754 	-0.002521 	-0.000338 	0.106842 	 -0.000120 
0.099860 	0.005432 	0.006032 	0.002743 	-0.000065 	0.099939 	 -0.000075 
0.085763 	0.003825 	0.007154 	-0.001772 	-0.000147 	0.085888 	 -0.000110 
0.108241 	0.004537 	0.006717 	0.000196 	-0.000103 	0.108367 	 -0.000108 
0.087484 	0.009237 	0.008313 	0.002223 	0.000159 	0.087585 	 -0.000097 
0.093738 	0.003467 	0.006508 	-0.001017 	-0.000149 	0.093883 	 -0.000157 
0.085032 	0.007262 	0.007140 	0.001385 	-0.000047 	0.085139 	 -0.000092 
0.083663 	0.010308 	0.009190 	0.002116 	0.000158 	0.083798 	 -0.000133 
0.100475 	0.009149 	0.006825 	0.004444 	0.000161 	0.100563 	 -0.000064 
0.093788 	0.008883 	0.007180 	0.003355 	0.000073 	0.093869 	 -0.000073 
0.093700 	0.012855 	0.008996 	0.005501 	0.000289 	0.093823 	 -0.000116 
0.090855 	0.008707 	0.008424 	0.001559 	-0.000003 	0.090965 	 -0.000109 
0.093160 	0.008575 	0.008408 	0.001570 	0.000010 	0.093278 	 -0.000107 
0.096947 	0.008297 	0.007852 	0.002451 	0.000166 	0.097051 	 -0.000086 
0.100384 	0.009547 	0.007616 	0.003402 	0.000326 	0.100488 	 -0.000094 
0.094299 	0.004787 	0.007748 	-0.002071 	-0.000107 	0.094391 	 -0.000075 
0.085725 	0.005737 	0.009031 	-0.000968 	0.000032 	0.085866 	 -0.000138 
0.092832 	0.006998 	0.007320 	0.001444 	0.000012 	0.092876 	 -0.000037 
0.083558 	0.010706 	0.008842 	0.002234 	0.000268 	0.083628 	 -0.000075 
0.093377 	0.009778 	0.008843 	0.001487 	0.000204 	0.093460 	 -0.000088 
0.093544 	0.012205 	0.009771 	0.003195 	0.000250 	0.093599 	 -0.000044 
0.084297 	0.011986 	0.009183 	0.003068 	0.000222 	0.084370 	 -0.000063 
0.087717 	0.012300 	0.009337 	0.003749 	0.000185 	0.087781 	 -0.000067 
0.086738 	0.015846 	0.010329 	0.005640 	0.000457 	0.086804 	 -0.000047 
0.073204 	0.011934 	0.010340 	0.001933 	0.000286 	0.073318 	 -0.000092 
0.070368 	0.021009 	0.011354 	0.009556 	0.000762 	0.070406 	 -0.000021 
0.085413 	0.017481 	0.009728 	0.008041 	0.000590 	0.085431 	 -0.000001 
0.078003 	0.016677 	0.009809 	0.007216 	0.000469 	0.078042 	 -0.000021 
0.076467 	0.015644 	0.009625 	0.007449 	0.000489 	0.076525 	 -0.000053 
0.080063 	0.012489 	0.009223 	0.003843 	0.000311 	0.080145 	 -0.000083 
0.077537 	0.016472 	0.010240 	0.005899 	0.000341 	0.077571 	 -0.000025 
0.074814 	0.017703 	0.010202 	0.008284 	0.000622 	0.074848 	 -0.000013 
0.073594 	0.016425 	0.010098 	0.006660 	0.000517 	0.073657 	 -0.000045 
0.069372 	0.021017 	0.011741 	0.008579 	0.000659 	0.069392 	 -0.000012 
0.078875 	0.016353 	0.011191 	0.004731 	0.000522 	0.078956 	 -0.000060 
0.088837 	0.015068 	0.009903 	0.005219 	0.000357 	0.088876 	 -0.000052 
0.073736 	0.017621 	0.011241 	0.006054 	0.000511 	0.073775 	 -0.000029 
0.071053 	0.020983 	0.011933 	0.008017 	0.000748 	0.071055 	 0.000018 
0.068094 	0.013204 	0.010452 	0.003401 	0.000282 	0.068170 	 -0.000087 
0.079217 	0.015058 	0.012471 	0.001843 	0.000398 	0.079305 	 -0.000084 
0.060649 	0.018501 	0.011424 	0.006470 	0.000538 	0.060685 	 -0.000036 
0.073379 	0.019254 	0.012400 	0.005696 	0.000621 	0.073406 	 -0.000038 
0.070479 	0.018839 	0.010550 	0.008139 	0.000652 	0.070493 	 0.000022 
0.071254 	0.017488 	0.011840 	0.004874 	0.000478 	0.071310 	 -0.000051 
0.067979 	0.021924 	0.012549 	0.008291 	0.000783 	0.067986 	 -0.000003 
0.063990 	0.019387 	0.011254 	0.007522 	0.000612 	0.064003 	 -0.000002 
0.065736 	0.022118 	0.011592 	0.009687 	0.000648 	0.065733 	 0.000012 
0.073268 	0.022385 	0.013113 	0.007644 	0.000700 	0.073294 	 -0.000028 
0.067382 	0.019607 	0.011061 	0.007252 	0.000501 	0.067371 	 0.000022 
0.068318 	0.023079 	0.012431 	0.009688 	0.000728 	0.068319 	 0.000016 
0.062377 	0.021617 	0.011900 	0.008615 	0.000738 	0.062377 	 0.000022 
0.075132 	0.019385 	0.011114 	0.007693 	0.000613 	0.075165 	 -0.000018 
0.065857 	0.025558 	0.012944 	0.010810 	0.000911 	0.065835 	 0.000033 
0.076307 	0.024917 	0.013058 	0.010389 	0.000926 	0.076327 	 -0.000006 
0.063788 	0.025631 	0.014169 	0.009730 	0.001100 	0.063820 	 -0.000029 
0.060668 	0.027489 	0.013515 	0.012401 	0.001163 	0.060645 	 0.000037 
0.060401 	0.027972 	0.013837 	0.011938 	0.000959 	0.060358 	 0.000046 
0.072410 	0.023849 	0.013335 	0.009550 	0.000823 	0.072433 	 -0.000033 
0.065189 	0.019415 	0.012448 	0.007257 	0.000729 	0.065224 	 -0.000047 
0.060088 	0.030652 	0.013239 	0.015744 	0.001174 	0.060004 	 0.000108 
0.067676 	0.026909 	0.014218 	0.010390 	0.000955 	0.067653 	 0.000014 
0.054056 	0.029628 	0.014145 	0.014001 	0.001116 	0.054011 	 0.000041 
0.068966 	0.023650 	0.013113 	0.008779 	0.000782 	0.068974 	 -0.000014 
0.062824 	0.027788 	0.014942 	0.009992 	0.000910 	0.062811 	 0.000020 
0.056487 	0.030112 	0.015228 	0.012026 	0.001220 	0.056481 	 0.000018 
0.063932 	0.027031 	0.014551 	0.010609 	0.001113 	0.063920 	 0.000018 
0.065631 	0.026450 	0.014020 	0.009836 	0.000870 	0.065615 	 0.000017 
0.065798 	0.025643 	0.013052 	0.010578 	0.000821 	0.065774 	 0.000045 
0.057148 	0.031681 	0.015744 	0.013908 	0.001292 	0.057147 	 -0.000009 
0.071827 	0.022291 	0.012555 	0.007988 	0.000736 	0.071792 	 0.000022 
0.055685 	0.026300 	0.014572 	0.009312 	0.000911 	0.055661 	 0.000025 
0.059130 	0.030801 	0.014675 	0.013770 	0.001214 	0.059106 	 0.000029 
0.061657 	0.029558 	0.015204 	0.012120 	0.001152 	0.061611 	 0.000044 
0.055458 	0.030813 	0.015068 	0.013221 	0.001165 	0.055420 	 0.000022 
0.062998 	0.027702 	0.014175 	0.011532 	0.001158 	0.062968 	 0.000040 
0.052532 	0.033776 	0.015749 	0.014952 	0.001404 	0.052523 	 0.000018 
0.056167 	0.028751 	0.015307 	0.010893 	0.001049 	0.056147 	 0.000019 
0.056681 	0.025093 	0.014589 	0.008282 	0.000830 	0.056703 	 -0.000012 
0.061045 	0.033146 	0.015722 	0.014271 	0.001286 	0.061002 	 0.000038 
0.063758 	0.030194 	0.014861 	0.012409 	0.001208 	0.063731 	 0.000038 
0.064861 	0.033151 	0.015279 	0.015233 	0.001288 	0.064804 	 0.000074 
0.049365 	0.028269 	0.015505 	0.010569 	0.001034 	0.049341 	 0.000025 
0.053406 	0.031264 	0.017265 	0.010530 	0.001271 	0.053406 	 0.000003 
0.056020 	0.027877 	0.014087 	0.010928 	0.001083 	0.056002 	 0.000029 
0.070505 	0.032480 	0.016353 	0.012450 	0.001236 	0.070494 	 0.000009 
0.069011 	0.029125 	0.015536 	0.010372 	0.001092 	0.068950 	 0.000062 
0.058597 	0.032765 	0.016578 	0.011426 	0.001323 	0.058573 	 0.000022 
0.068212 	0.029742 	0.014772 	0.011503 	0.001067 	0.068143 	 0.000070 
0.062835 	0.030262 	0.016513 	0.010208 	0.001163 	0.062841 	 0.000002 
0.055731 	0.033800 	0.017058 	0.012842 	0.001406 	0.055683 	 0.000041 
0.069079 	0.028123 	0.015411 	0.009752 	0.000999 	0.069071 	 -0.000004 
0.053252 	0.030697 	0.016738 	0.010564 	0.001288 	0.053219 	 0.000025 
0.065724 	0.031365 	0.016306 	0.011464 	0.001252 	0.065702 	 0.000024 
0.065398 	0.030241 	0.016412 	0.011799 	0.001158 	0.065383 	 0.000011 
0.064304 	0.028148 	0.016430 	0.007628 	0.001133 	0.064312 	 -0.000024 
0.054761 	0.032269 	0.017211 	0.011952 	0.001283 	0.054746 	 0.000025 
0.054156 	0.027862 	0.015347 	0.009895 	0.000995 	0.054154 	 0.000013 
0.064730 	0.029858 	0.015717 	0.010699 	0.001216 	0.064730 	 -0.000010 
0.070919 	0.029278 	0.015249 	0.010998 	0.001097 	0.070873 	 0.000052 
0.065534 	0.033816 	0.016948 	0.013297 	0.001315 	0.065492 	 0.000032 
0.060719 	0.028313 	0.016713 	0.007643 	0.001079 	0.060686 	 0.000027 
0.059309 	0.036547 	0.016650 	0.016185 	0.001480 	0.059231 	 0.000075 
0.053456 	0.030704 	0.017032 	0.009568 	0.001186 	0.053418 	 0.000040 
0.063468 	0.030448 	0.015006 	0.012591 	0.001200 	0.063421 	 0.000057 
0.067886 	0.029008 	0.014932 	0.010396 	0.001030 	0.067828 	 0.000058 
0.055773 	0.037128 	0.017892 	0.015160 	0.001500 	0.055706 	 0.000057 
0.054856 	0.028683 	0.015398 	0.010399 	0.001187 	0.054823 	 0.000020 
0.060233 	0.034320 	0.017692 	0.011860 	0.001466 	0.060224 	 0.000004 
0.065890 	0.030504 	0.016151 	0.009889 	0.001213 	0.065870 	 0.000009 
0.074804 	0.031030 	0.016313 	0.010303 	0.001193 	0.074742 	 0.000060 
0.046107 	0.034721 	0.016632 	0.015178 	0.001372 	0.046066 	 0.000053 
0.059744 	0.032523 	0.016123 	0.013019 	0.001338 	0.059705 	 0.000026 
0.059593 	0.034259 	0.016427 	0.014136 	0.001354 	0.059508 	 0.000077 
0.058523 	0.033464 	0.017528 	0.012057 	0.001414 	0.058473 	 0.000039 
0.054859 	0.031499 	0.016693 	0.010536 	0.001285 	0.054822 	 0.000034 
0.055003 	0.037935 	0.017934 	0.015433 	0.001534 	0.054923 	 0.000088 
0.055133 	0.028001 	0.016181 	0.007806 	0.001050 	0.055115 	 0.000011 
0.052137 	0.034107 	0.018485 	0.010651 	0.001447 	0.052120 	 -0.000000 
0.068208 	0.028255 	0.015373 	0.009183 	0.001104 	0.068134 	 0.000082 
0.056052 	0.039168 	0.016986 	0.017768 	0.001666 	0.055957 	 0.000109 
0.060727 	0.034048 	0.016469 	0.013430 	0.001372 	0.060678 	 0.000059 
0.046658 	0.038408 	0.017208 	0.017365 	0.001552 	0.046553 	 0.000099 
0.049911 	0.036261 	0.018094 	0.013447 	0.001467 	0.049857 	 0.000060 
0.061980 	0.033510 	0.016803 	0.012971 	0.001278 	0.061909 	 0.000067 
0.053503 	0.034627 	0.018316 	0.011646 	0.001439 	0.053454 	 0.000042 
0.057567 	0.028208 	0.016627 	0.008175 	0.001019 	0.057543 	 0.000016 
0.065855 	0.035590 	0.017370 	0.013494 	0.001360 	0.065792 	 0.000048 
0.051942 	0.031753 	0.017250 	0.010828 	0.001303 	0.051905 	 0.000038 
0.052104 	0.039785 	0.018487 	0.016712 	0.001666 	0.052025 	 0.000076 
0.058085 	0.032466 	0.016169 	0.012301 	0.001318 	0.057993 	 0.000077 
0.053538 	0.033369 	0.018116 	0.011263 	0.001373 	0.053504 	 0.000036 
0.055287 	0.032815 	0.016704 	0.012589 	0.001285 	0.055228 	 0.000064 
0.062956 	0.032188 	0.017930 	0.009152 	0.001275 	0.062947 	 0.000014 
0.047258 	0.039137 	0.018015 	0.016926 	0.001628 	0.047180 	 0.000089 
0.053349 	0.030367 	0.017849 	0.008543 	0.001204 	0.053349 	 -0.000016 
0.056978 	0.036146 	0.019069 	0.012730 	0.001519 	0.056948 	 0.000014 
0.059426 	0.036265 	0.017340 	0.015289 	0.001560 	0.059383 	 0.000054 
0.062173 	0.035885 	0.016891 	0.014767 	0.001342 	0.062083 	 0.000076 
0.050230 	0.033572 	0.017055 	0.012390 	0.001369 	0.050152 	 0.000075 
0.054924 	0.036589 	0.016778 	0.015592 	0.001577 	0.054816 	 0.000107 
0.046394 	0.039549 	0.019297 	0.015172 	0.001639 	0.046311 	 0.000082 
0.055140 	0.038992 	0.018186 	0.015973 	0.001602 	0.055058 	 0.000080 
0.054671 	0.037025 	0.018644 	0.013517 	0.001532 	0.054639 	 0.000032 
0.050652 	0.040086 	0.019830 	0.014292 	0.001770 	0.050608 	 0.000044 
0.048541 	0.036903 	0.018950 	0.013097 	0.001484 	0.048511 	 0.000034 
0.054869 	0.038986 	0.017749 	0.016753 	0.001562 	0.054782 	 0.000092 
0.058945 	0.036304 	0.018366 	0.013229 	0.001507 	0.058861 	 0.000070 
0.054358 	0.038702 	0.019564 	0.014118 	0.001659 	0.054279 	 0.000072 
0.055961 	0.037224 	0.018088 	0.014307 	0.001613 	0.055879 	 0.000078 
0.062313 	0.039382 	0.017687 	0.016454 	0.001577 	0.062208 	 0.000100 
0.048925 	0.037739 	0.018379 	0.014152 	0.001624 	0.048885 	 0.000046 
0.054120 	0.038152 	0.018817 	0.014129 	0.001570 	0.054036 	 0.000078 
0.052265 	0.037493 	0.018974 	0.013378 	0.001513 	0.052220 	 0.000032 
0.046278 	0.035395 	0.018354 	0.012394 	0.001557 	0.046239 	 0.000034 
0.049137 	0.033867 	0.018272 	0.010336 	0.001466 	0.049058 	 0.000082 
0.061243 	0.032569 	0.017151 	0.011558 	0.001369 	0.061196 	 0.000054 
0.052822 	0.037897 	0.018449 	0.014351 	0.001570 	0.052747 	 0.000075 
0.046300 	0.037259 	0.018494 	0.013548 	0.001602 	0.046258 	 0.000037 
0.057575 	0.035359 	0.018075 	0.012984 	0.001448 	0.057520 	 0.000051 
0.053425 	0.036718 	0.018910 	0.012490 	0.001577 	0.053370 	 0.000057 
0.051983 	0.037807 	0.018523 	0.013969 	0.001586 	0.051899 	 0.000078 
0.069909 	0.037514 	0.017640 	0.014229 	0.001536 	0.069816 	 0.000084 
0.055850 	0.033712 	0.016947 	0.012325 	0.001380 	0.055785 	 0.000071 
0.045685 	0.039124 	0.019603 	0.013975 	0.001638 	0.045607 	 0.000071 
0.056400 	0.038661 	0.020126 	0.014103 	0.001668 	0.056344 	 0.000039 
0.060824 	0.037359 	0.019160 	0.014160 	0.001580 	0.060762 	 0.000033 
0.061504 	0.037124 	0.019130 	0.012113 	0.001469 	0.061460 	 0.000027 
0.063151 	0.037581 	0.018107 	0.014281 	0.001508 	0.063075 	 0.000050 
0.059850 	0.037504 	0.018534 	0.013766 	0.001545 	0.059783 	 0.000056 
0.067654 	0.037184 	0.018730 	0.012496 	0.001456 	0.067598 	 0.000037 
0.054431 	0.037167 	0.018064 	0.014574 	0.001515 	0.054360 	 0.000065 
0.057302 	0.037022 	0.020062 	0.011339 	0.001455 	0.057244 	 0.000045 
0.063085 	0.038679 	0.018106 	0.014567 	0.001527 	0.063002 	 0.000080 
0.055164 	0.036289 	0.018464 	0.012301 	0.001373 	0.055073 	 0.000075 
0.060492 	0.038072 	0.019910 	0.011812 	0.001625 	0.060443 	 0.000043 
0.060075 	0.038426 	0.019047 	0.013885 	0.001539 	0.060041 	 0.000021 
0.052971 	0.040714 	0.019292 	0.015729 	0.001554 	0.052870 	 0.000095 
0.059482 	0.035034 	0.018687 	0.012437 	0.001514 	0.059442 	 0.000012 
0.061480 	0.037898 	0.018603 	0.014274 	0.001526 	0.061418 	 0.000062 
0.061330 	0.033919 	0.018503 	0.010000 	0.001318 	0.061283 	 0.000031 
0.050234 	0.041442 	0.019840 	0.015574 	0.001701 	0.050142 	 0.000089 
0.048582 	0.035520 	0.019231 	0.011410 	0.001426 	0.048535 	 0.000035 
0.069177 	0.034950 	0.018391 	0.009959 	0.001379 	0.069135 	 0.000044 
0.072564 	0.034335 	0.017784 	0.011969 	0.001245 	0.072486 	 0.000058 
0.065706 	0.036436 	0.018587 	0.012498 	0.001495 	0.065633 	 0.000054 
0.055176 	0.036689 	0.018546 	0.012489 	0.001480 	0.055102 	 0.000059 
0.061881 	0.035680 	0.018525 	0.012347 	0.001436 	0.061802 	 0.000062 
0.056767 	0.035485 	0.018726 	0.011838 	0.001428 	0.056710 	 0.000065 
0.070772 	0.033480 	0.016794 	0.010959 	0.001249 	0.070688 	 0.000067 
0.050976 	0.038926 	0.019669 	0.014169 	0.001527 	0.050880 	 0.000082 
0.060677 	0.037788 	0.018440 	0.013944 	0.001571 	0.060603 	 0.000051 
0.059965 	0.037198 	0.019292 	0.012213 	0.001461 	0.059908 	 0.000054 
0.059187 	0.038525 	0.018621 	0.014414 	0.001651 	0.059102 	 0.000066 
0.059607 	0.038305 	0.019246 	0.014061 	0.001606 	0.059497 	 0.000103 
0.087444 	0.034567 	0.017811 	0.012590 	0.001273 	0.087354 	 0.000092 
