di 	gli 	gal 	gos3 	gos4 	lac 	 glb 
0.467609 	0.005427 	-0.000924 	0.005035 	-0.000480 	0.467490 	 0.000125 
0.481675 	0.011989 	-0.002616 	0.014111 	-0.000059 	0.481524 	 0.000147 
0.464706 	0.008493 	-0.002552 	0.009479 	-0.000348 	0.464550 	 0.000158 
0.476128 	0.010283 	-0.001390 	0.009872 	-0.000135 	0.476009 	 0.000108 
0.481546 	0.010901 	0.000087 	0.008904 	-0.000133 	0.481440 	 0.000092 
0.475706 	0.011800 	-0.000211 	0.009465 	-0.000151 	0.475592 	 0.000100 
0.483035 	0.014586 	-0.001923 	0.015203 	-0.000109 	0.482852 	 0.000167 
0.482601 	0.013905 	-0.001457 	0.012756 	-0.000139 	0.482385 	 0.000216 
0.478088 	0.011463 	0.000050 	0.008721 	-0.000042 	0.477984 	 0.000093 
0.469130 	0.012510 	0.000539 	0.009680 	-0.000153 	0.469006 	 0.000096 
0.468155 	0.018855 	0.002083 	0.013449 	0.000045 	0.468003 	 0.000164 
0.485382 	0.009178 	-0.000281 	0.007362 	-0.000330 	0.485264 	 0.000109 
0.480166 	0.016330 	0.001082 	0.012273 	0.000109 	0.480036 	 0.000109 
0.473607 	0.011075 	-0.000076 	0.009275 	-0.000088 	0.473450 	 0.000144 
0.488419 	0.012299 	0.001882 	0.008082 	-0.000210 	0.488295 	 0.000144 
0.473128 	0.019499 	0.002943 	0.013420 	0.000249 	0.472997 	 0.000103 
0.468929 	0.019282 	0.002011 	0.014292 	0.000361 	0.468766 	 0.000167 
0.469015 	0.010901 	-0.001866 	0.010905 	-0.000150 	0.468831 	 0.000189 
0.476844 	0.018349 	-0.000086 	0.015361 	0.000087 	0.476599 	 0.000236 
0.460816 	0.019914 	-0.001301 	0.018367 	0.000320 	0.460548 	 0.000291 
0.458485 	0.019324 	0.000074 	0.016010 	0.000134 	0.458223 	 0.000258 
0.473717 	0.015061 	-0.001852 	0.015521 	-0.000161 	0.473513 	 0.000240 
0.467288 	0.016933 	-0.000297 	0.014543 	0.000093 	0.467063 	 0.000236 
0.454376 	0.023643 	0.000045 	0.020216 	0.000354 	0.454070 	 0.000320 
0.456098 	0.020525 	0.001034 	0.016240 	0.000240 	0.455864 	 0.000245 
0.459205 	0.019846 	0.000619 	0.015755 	0.000185 	0.458977 	 0.000237 
0.450916 	0.026194 	0.002031 	0.020450 	0.000520 	0.450671 	 0.000243 
0.459186 	0.023929 	0.001769 	0.019071 	0.000338 	0.458920 	 0.000258 
0.460129 	0.021682 	0.000868 	0.017055 	0.000366 	0.459885 	 0.000257 
0.449195 	0.026573 	0.001915 	0.020056 	0.000598 	0.448936 	 0.000275 
0.452658 	0.024666 	0.002545 	0.018661 	0.000392 	0.452434 	 0.000199 
0.459053 	0.026219 	0.001989 	0.020491 	0.000443 	0.458757 	 0.000301 
0.462460 	0.025351 	0.001454 	0.020166 	0.000485 	0.462186 	 0.000286 
0.451949 	0.031212 	0.003131 	0.023053 	0.000819 	0.451654 	 0.000277 
0.441821 	0.035335 	0.004772 	0.025592 	0.001004 	0.441510 	 0.000311 
0.456636 	0.028569 	0.002231 	0.021744 	0.000576 	0.456385 	 0.000277 
0.445725 	0.026080 	0.003321 	0.019524 	0.000384 	0.445483 	 0.000250 
0.458738 	0.026651 	0.002386 	0.019905 	0.000452 	0.458454 	 0.000291 
0.456865 	0.035125 	0.003534 	0.026862 	0.000879 	0.456530 	 0.000331 
0.457592 	0.032600 	0.003836 	0.023393 	0.000850 	0.457265 	 0.000334 
0.455309 	0.031044 	0.004035 	0.022640 	0.000770 	0.455031 	 0.000276 
0.444983 	0.031228 	0.003579 	0.023482 	0.000688 	0.444699 	 0.000282 
0.456678 	0.034871 	0.005824 	0.023408 	0.000892 	0.456399 	 0.000256 
0.447952 	0.036750 	0.003918 	0.028099 	0.000987 	0.447631 	 0.000318 
0.442708 	0.034091 	0.006089 	0.022568 	0.000903 	0.442448 	 0.000262 
0.436461 	0.040309 	0.006494 	0.027575 	0.001141 	0.436151 	 0.000318 
0.429198 	0.037931 	0.004916 	0.027699 	0.001049 	0.428843 	 0.000353 
0.433958 	0.037173 	0.005265 	0.025829 	0.000989 	0.433642 	 0.000325 
0.444140 	0.029681 	0.004000 	0.021196 	0.000464 	0.443850 	 0.000279 
0.436937 	0.040025 	0.006547 	0.026980 	0.001165 	0.436602 	 0.000330 
0.436863 	0.037844 	0.005190 	0.026704 	0.000985 	0.436515 	 0.000358 
0.445166 	0.037352 	0.006679 	0.025589 	0.000931 	0.444873 	 0.000296 
0.423693 	0.042089 	0.007005 	0.029543 	0.001191 	0.423369 	 0.000310 
0.426839 	0.039800 	0.006519 	0.027354 	0.001102 	0.426530 	 0.000298 
0.432990 	0.037112 	0.005965 	0.025822 	0.000900 	0.432625 	 0.000357 
0.440759 	0.035075 	0.005813 	0.023962 	0.000850 	0.440439 	 0.000303 
0.433811 	0.042026 	0.007066 	0.028820 	0.001084 	0.433482 	 0.000331 
0.445784 	0.038395 	0.006010 	0.026750 	0.000957 	0.445464 	 0.000314 
0.442865 	0.034553 	0.005400 	0.023518 	0.000700 	0.442509 	 0.000327 
0.442848 	0.043650 	0.007031 	0.029800 	0.001274 	0.442469 	 0.000382 
0.444336 	0.041268 	0.006907 	0.028604 	0.001142 	0.443954 	 0.000370 
0.434086 	0.037884 	0.006350 	0.025254 	0.001019 	0.433775 	 0.000327 
0.439391 	0.041745 	0.007098 	0.028248 	0.001265 	0.439056 	 0.000319 
0.438528 	0.039236 	0.005663 	0.026903 	0.001159 	0.438158 	 0.000375 
0.440389 	0.037767 	0.007383 	0.023916 	0.001082 	0.440070 	 0.000328 
0.443291 	0.039985 	0.007668 	0.026110 	0.000970 	0.442963 	 0.000323 
0.437095 	0.037452 	0.006070 	0.025346 	0.001006 	0.436740 	 0.000338 
0.439247 	0.038082 	0.007166 	0.024340 	0.000973 	0.438903 	 0.000346 
0.445799 	0.040168 	0.007760 	0.026060 	0.001071 	0.445435 	 0.000358 
0.437317 	0.043706 	0.007398 	0.029056 	0.001263 	0.436936 	 0.000394 
0.429184 	0.046849 	0.009195 	0.029775 	0.001450 	0.428816 	 0.000351 
0.425944 	0.042990 	0.008267 	0.027702 	0.001143 	0.425559 	 0.000397 
0.433139 	0.040878 	0.007238 	0.027422 	0.001134 	0.432766 	 0.000370 
0.435672 	0.041476 	0.008134 	0.026662 	0.001055 	0.435338 	 0.000341 
0.433477 	0.039934 	0.007458 	0.026301 	0.001117 	0.433124 	 0.000343 
0.426750 	0.041149 	0.008458 	0.026007 	0.001145 	0.426406 	 0.000331 
0.425207 	0.043675 	0.007969 	0.029189 	0.001167 	0.424809 	 0.000412 
0.426444 	0.042015 	0.007128 	0.028064 	0.001182 	0.426038 	 0.000407 
0.426355 	0.042619 	0.007609 	0.027959 	0.001152 	0.425945 	 0.000418 
0.443740 	0.042525 	0.007850 	0.027533 	0.001091 	0.443327 	 0.000401 
0.425928 	0.044868 	0.009697 	0.027280 	0.001272 	0.425575 	 0.000324 
0.423036 	0.047027 	0.009962 	0.028436 	0.001549 	0.422690 	 0.000337 
0.420675 	0.045516 	0.009396 	0.028809 	0.001418 	0.420296 	 0.000367 
0.435511 	0.046406 	0.008101 	0.030938 	0.001306 	0.435089 	 0.000413 
0.430608 	0.044262 	0.009129 	0.027226 	0.001286 	0.430220 	 0.000395 
0.432695 	0.050268 	0.010947 	0.030817 	0.001541 	0.432297 	 0.000389 
0.420636 	0.045682 	0.009369 	0.029130 	0.001366 	0.420281 	 0.000336 
0.436814 	0.050616 	0.010128 	0.032389 	0.001480 	0.436425 	 0.000382 
0.430363 	0.042578 	0.008884 	0.026055 	0.001216 	0.430007 	 0.000367 
0.430635 	0.045667 	0.010101 	0.027980 	0.001278 	0.430272 	 0.000341 
0.425497 	0.048583 	0.009056 	0.031545 	0.001362 	0.425047 	 0.000453 
0.419747 	0.049775 	0.010037 	0.031584 	0.001553 	0.419363 	 0.000373 
0.412632 	0.049373 	0.009162 	0.033410 	0.001453 	0.412210 	 0.000421 
0.427923 	0.049130 	0.009104 	0.032341 	0.001429 	0.427487 	 0.000435 
0.418671 	0.054546 	0.010326 	0.035409 	0.001772 	0.418212 	 0.000452 
0.417281 	0.048360 	0.009713 	0.029959 	0.001453 	0.416848 	 0.000428 
0.430163 	0.046615 	0.009032 	0.029867 	0.001416 	0.429764 	 0.000391 
0.414514 	0.050184 	0.010437 	0.032020 	0.001469 	0.414102 	 0.000410 
0.423410 	0.047681 	0.009028 	0.031400 	0.001345 	0.422995 	 0.000409 
0.430410 	0.049083 	0.009657 	0.031453 	0.001400 	0.429989 	 0.000423 
0.411812 	0.054558 	0.010797 	0.034961 	0.001817 	0.411382 	 0.000444 
0.417128 	0.050608 	0.010661 	0.031210 	0.001588 	0.416715 	 0.000417 
0.425192 	0.051426 	0.010617 	0.032351 	0.001540 	0.424794 	 0.000407 
0.401664 	0.053889 	0.011749 	0.033743 	0.001812 	0.401255 	 0.000400 
0.411717 	0.057079 	0.011948 	0.036171 	0.001868 	0.411293 	 0.000430 
0.408768 	0.058608 	0.013226 	0.035760 	0.001986 	0.408341 	 0.000413 
0.416581 	0.056109 	0.010719 	0.036946 	0.001720 	0.416125 	 0.000459 
0.406847 	0.052977 	0.011102 	0.033223 	0.001658 	0.406417 	 0.000425 
0.413464 	0.055301 	0.010902 	0.035946 	0.001698 	0.413025 	 0.000442 
0.415861 	0.055725 	0.011296 	0.034764 	0.001788 	0.415410 	 0.000440 
0.414079 	0.055568 	0.011062 	0.035787 	0.001744 	0.413661 	 0.000414 
0.401636 	0.056481 	0.012025 	0.034591 	0.001792 	0.401194 	 0.000445 
0.414977 	0.054397 	0.011971 	0.032539 	0.001706 	0.414511 	 0.000445 
0.415671 	0.058015 	0.011555 	0.036789 	0.001905 	0.415180 	 0.000482 
0.407965 	0.058828 	0.013604 	0.035245 	0.001971 	0.407525 	 0.000422 
0.410325 	0.059690 	0.012647 	0.037316 	0.001936 	0.409856 	 0.000459 
0.409440 	0.061939 	0.013325 	0.038626 	0.002029 	0.408960 	 0.000479 
0.413893 	0.054122 	0.011308 	0.034822 	0.001644 	0.413445 	 0.000442 
0.411756 	0.058167 	0.012021 	0.036303 	0.002050 	0.411281 	 0.000484 
0.408799 	0.060906 	0.013495 	0.037178 	0.002020 	0.408333 	 0.000452 
0.407569 	0.064449 	0.013583 	0.040360 	0.002248 	0.407080 	 0.000479 
0.409646 	0.053771 	0.011010 	0.033155 	0.001698 	0.409193 	 0.000461 
0.416835 	0.058614 	0.012117 	0.036467 	0.001931 	0.416336 	 0.000497 
0.399821 	0.053922 	0.011535 	0.033304 	0.001781 	0.399380 	 0.000440 
0.415532 	0.055301 	0.011234 	0.035177 	0.001804 	0.415077 	 0.000459 
0.408816 	0.054818 	0.011704 	0.034411 	0.001736 	0.408352 	 0.000458 
0.408712 	0.059164 	0.013200 	0.036397 	0.002059 	0.408272 	 0.000436 
0.402066 	0.057825 	0.012294 	0.035981 	0.001924 	0.401600 	 0.000467 
0.411680 	0.054045 	0.011697 	0.033266 	0.001632 	0.411197 	 0.000468 
0.407962 	0.055626 	0.011627 	0.035160 	0.001810 	0.407473 	 0.000493 
0.408622 	0.054415 	0.011566 	0.034298 	0.001604 	0.408152 	 0.000473 
0.414103 	0.058469 	0.012817 	0.035424 	0.001800 	0.413644 	 0.000443 
0.411033 	0.055211 	0.012523 	0.032931 	0.001634 	0.410572 	 0.000452 
0.412041 	0.054491 	0.011725 	0.034129 	0.001618 	0.411601 	 0.000423 
0.404942 	0.057908 	0.011143 	0.036982 	0.001861 	0.404432 	 0.000503 
0.410461 	0.058297 	0.011676 	0.037288 	0.001931 	0.409948 	 0.000509 
0.403849 	0.057280 	0.013522 	0.033910 	0.001888 	0.403410 	 0.000420 
0.407605 	0.055336 	0.011883 	0.035116 	0.001770 	0.407124 	 0.000478 
0.405034 	0.056703 	0.011586 	0.035405 	0.001783 	0.404545 	 0.000487 
0.410481 	0.058796 	0.012761 	0.035859 	0.001969 	0.409981 	 0.000507 
0.423855 	0.057366 	0.011711 	0.036529 	0.001806 	0.423383 	 0.000464 
0.416754 	0.052834 	0.010351 	0.032760 	0.001647 	0.416260 	 0.000500 
0.403020 	0.057621 	0.011917 	0.036454 	0.001889 	0.402542 	 0.000477 
0.416830 	0.057585 	0.012101 	0.035519 	0.001816 	0.416324 	 0.000506 
0.405457 	0.066048 	0.014772 	0.039897 	0.002224 	0.404956 	 0.000507 
0.409075 	0.059953 	0.012969 	0.036920 	0.002011 	0.408589 	 0.000476 
0.419560 	0.056932 	0.013067 	0.033582 	0.001787 	0.419108 	 0.000436 
0.407425 	0.061032 	0.013900 	0.037460 	0.002024 	0.406980 	 0.000436 
0.417800 	0.059596 	0.014162 	0.035678 	0.001929 	0.417388 	 0.000403 
0.420101 	0.061294 	0.012708 	0.038422 	0.002002 	0.419581 	 0.000503 
0.408181 	0.057879 	0.012738 	0.034905 	0.001869 	0.407698 	 0.000486 
0.390519 	0.063729 	0.013733 	0.039022 	0.002211 	0.390007 	 0.000530 
0.411930 	0.057374 	0.012366 	0.036020 	0.001822 	0.411470 	 0.000469 
0.394320 	0.062185 	0.013498 	0.037284 	0.002248 	0.393837 	 0.000488 
0.403916 	0.063618 	0.013708 	0.038403 	0.002252 	0.403401 	 0.000516 
0.390963 	0.062628 	0.013914 	0.037734 	0.002212 	0.390455 	 0.000514 
0.392963 	0.059950 	0.012862 	0.037175 	0.002004 	0.392479 	 0.000491 
0.395397 	0.060127 	0.012402 	0.037036 	0.002051 	0.394883 	 0.000507 
0.394852 	0.061037 	0.013178 	0.036935 	0.002078 	0.394367 	 0.000509 
0.393601 	0.063387 	0.013660 	0.038539 	0.002259 	0.393085 	 0.000520 
0.400726 	0.064680 	0.014300 	0.038913 	0.002295 	0.400265 	 0.000454 
0.393127 	0.063908 	0.013814 	0.039141 	0.002304 	0.392616 	 0.000514 
0.409699 	0.064516 	0.013371 	0.040397 	0.002263 	0.409187 	 0.000540 
0.394374 	0.062528 	0.014685 	0.036284 	0.002155 	0.393900 	 0.000480 
0.403373 	0.060643 	0.014586 	0.035203 	0.002111 	0.402904 	 0.000472 
0.403446 	0.059935 	0.012797 	0.036358 	0.002009 	0.402938 	 0.000513 
0.401598 	0.061926 	0.013415 	0.037574 	0.002137 	0.401100 	 0.000507 
0.395098 	0.067003 	0.014667 	0.041090 	0.002377 	0.394602 	 0.000501 
0.406427 	0.065477 	0.014366 	0.039663 	0.002230 	0.405920 	 0.000516 
0.406690 	0.061048 	0.012863 	0.037327 	0.002140 	0.406195 	 0.000511 
0.391638 	0.058446 	0.013443 	0.035379 	0.001897 	0.391175 	 0.000469 
0.394990 	0.062293 	0.013101 	0.037945 	0.002149 	0.394463 	 0.000532 
0.395384 	0.061569 	0.013712 	0.037870 	0.002201 	0.394921 	 0.000475 
0.399780 	0.065793 	0.013547 	0.041269 	0.002367 	0.399234 	 0.000559 
0.402321 	0.062039 	0.014086 	0.036676 	0.002109 	0.401844 	 0.000478 
0.403735 	0.059400 	0.013602 	0.035790 	0.002018 	0.403290 	 0.000456 
0.405338 	0.062792 	0.014248 	0.037612 	0.002094 	0.404847 	 0.000496 
0.399205 	0.067766 	0.014222 	0.042018 	0.002397 	0.398677 	 0.000532 
0.396279 	0.063305 	0.014418 	0.037483 	0.002197 	0.395812 	 0.000473 
0.397129 	0.067157 	0.014575 	0.040558 	0.002408 	0.396573 	 0.000569 
0.391131 	0.064792 	0.014273 	0.039051 	0.002250 	0.390618 	 0.000514 
0.399243 	0.065159 	0.015364 	0.038330 	0.002361 	0.398775 	 0.000474 
0.401790 	0.064631 	0.014656 	0.038419 	0.002284 	0.401268 	 0.000529 
0.404586 	0.068242 	0.015244 	0.042131 	0.002386 	0.404072 	 0.000529 
0.396494 	0.067728 	0.013830 	0.041607 	0.002405 	0.395933 	 0.000584 
0.389906 	0.062903 	0.013286 	0.038628 	0.002164 	0.389387 	 0.000530 
0.404096 	0.064466 	0.014152 	0.039355 	0.002236 	0.403596 	 0.000506 
0.389676 	0.067704 	0.014534 	0.041681 	0.002378 	0.389148 	 0.000539 
0.398197 	0.062586 	0.012840 	0.038956 	0.002176 	0.397681 	 0.000528 
0.402613 	0.065461 	0.014714 	0.038455 	0.002300 	0.402094 	 0.000526 
0.389671 	0.061411 	0.015358 	0.034781 	0.002087 	0.389204 	 0.000471 
0.402342 	0.061811 	0.013898 	0.036764 	0.002104 	0.401836 	 0.000497 
0.386795 	0.066401 	0.014929 	0.039221 	0.002393 	0.386288 	 0.000504 
0.388655 	0.065117 	0.014619 	0.038668 	0.002232 	0.388136 	 0.000528 
0.393111 	0.062429 	0.014770 	0.036668 	0.002195 	0.392628 	 0.000496 
0.401326 	0.061115 	0.012964 	0.037763 	0.002023 	0.400826 	 0.000513 
0.391905 	0.066046 	0.014364 	0.039724 	0.002380 	0.391384 	 0.000522 
0.389976 	0.067074 	0.016312 	0.038781 	0.002369 	0.389469 	 0.000514 
0.406306 	0.062534 	0.013048 	0.038655 	0.002188 	0.405779 	 0.000540 
0.397379 	0.064749 	0.014164 	0.038834 	0.002341 	0.396846 	 0.000529 
0.401202 	0.065602 	0.015001 	0.039444 	0.002340 	0.400694 	 0.000517 
0.396448 	0.063593 	0.014083 	0.037501 	0.002318 	0.395925 	 0.000543 
0.402149 	0.065761 	0.015507 	0.038568 	0.002308 	0.401651 	 0.000488 
0.387845 	0.069464 	0.016350 	0.041421 	0.002599 	0.387339 	 0.000496 
0.395424 	0.062013 	0.013485 	0.037143 	0.002195 	0.394910 	 0.000540 
0.385394 	0.067812 	0.013661 	0.042443 	0.002501 	0.384839 	 0.000577 
0.403777 	0.061568 	0.012868 	0.037614 	0.002068 	0.403276 	 0.000517 
0.386827 	0.069044 	0.016636 	0.040003 	0.002579 	0.386315 	 0.000515 
0.384107 	0.063504 	0.013747 	0.038823 	0.002207 	0.383596 	 0.000523 
0.390891 	0.063274 	0.014699 	0.036404 	0.002234 	0.390389 	 0.000489 
0.382881 	0.063295 	0.015798 	0.036001 	0.002235 	0.382421 	 0.000444 
0.454599 	0.007726 	-0.001138 	0.006399 	-0.000359 	0.454605 	 -0.000014 
0.472167 	0.005045 	-0.000853 	0.003583 	-0.000501 	0.472175 	 -0.000016 
0.458829 	0.021367 	0.003240 	0.013479 	0.000377 	0.458814 	 -0.000006 
0.462402 	0.015920 	0.000869 	0.011828 	0.000149 	0.462417 	 -0.000005 
0.479930 	0.009585 	-0.000798 	0.007047 	-0.000251 	0.479894 	 0.000035 
0.472758 	0.013540 	0.000241 	0.009799 	-0.000126 	0.472784 	 -0.000025 
0.472530 	0.017999 	0.000267 	0.014507 	0.000186 	0.472469 	 0.000083 
0.480265 	0.013100 	-0.000207 	0.009666 	-0.000002 	0.480208 	 0.000057 
0.476048 	0.013331 	-0.000495 	0.010902 	-0.000072 	0.476022 	 0.000036 
0.466512 	0.018451 	0.000984 	0.013598 	0.000238 	0.466458 	 0.000046 
0.476680 	0.015962 	0.000813 	0.011616 	-0.000013 	0.476669 	 0.000014 
0.485729 	0.011747 	-0.000008 	0.008774 	-0.000219 	0.485706 	 0.000026 
0.473232 	0.019488 	0.000234 	0.015012 	0.000279 	0.473158 	 0.000070 
0.468024 	0.020821 	0.000933 	0.015750 	0.000233 	0.467951 	 0.000077 
0.475676 	0.022245 	0.002829 	0.015096 	0.000206 	0.475641 	 0.000032 
0.477195 	0.018933 	0.000770 	0.013763 	0.000175 	0.477096 	 0.000115 
0.467965 	0.020814 	0.001720 	0.015118 	0.000298 	0.467878 	 0.000098 
0.474607 	0.022624 	0.001568 	0.016298 	0.000470 	0.474523 	 0.000096 
0.470387 	0.018436 	0.002058 	0.012560 	0.000118 	0.470352 	 0.000047 
0.478229 	0.021152 	0.001494 	0.015254 	0.000313 	0.478138 	 0.000096 
0.463763 	0.022252 	0.001259 	0.017796 	0.000284 	0.463663 	 0.000095 
0.472621 	0.023356 	0.002113 	0.016664 	0.000342 	0.472529 	 0.000106 
0.477331 	0.013331 	0.000244 	0.009875 	-0.000205 	0.477296 	 0.000026 
0.472872 	0.026079 	0.003050 	0.018527 	0.000500 	0.472771 	 0.000099 
0.462924 	0.021912 	0.001211 	0.016426 	0.000132 	0.462797 	 0.000117 
0.465094 	0.027098 	0.002674 	0.019569 	0.000469 	0.464947 	 0.000151 
0.453526 	0.028185 	0.003227 	0.019498 	0.000551 	0.453410 	 0.000117 
0.457843 	0.029499 	0.002230 	0.022230 	0.000702 	0.457679 	 0.000166 
0.472799 	0.028958 	0.002158 	0.022269 	0.000480 	0.472644 	 0.000156 
0.464621 	0.025353 	0.000935 	0.020098 	0.000441 	0.464493 	 0.000133 
0.459463 	0.024886 	0.003035 	0.017694 	0.000191 	0.459336 	 0.000137 
0.470954 	0.024172 	0.000903 	0.018987 	0.000316 	0.470799 	 0.000162 
0.474426 	0.026026 	0.000452 	0.021154 	0.000339 	0.474228 	 0.000207 
0.461651 	0.030661 	0.003478 	0.022946 	0.000620 	0.461496 	 0.000151 
0.463139 	0.035294 	0.003187 	0.026476 	0.000845 	0.462910 	 0.000230 
0.461009 	0.029825 	0.003545 	0.021296 	0.000591 	0.460854 	 0.000160 
0.458114 	0.032617 	0.004612 	0.022762 	0.000745 	0.457963 	 0.000144 
0.471182 	0.029969 	0.003499 	0.021455 	0.000532 	0.471018 	 0.000158 
0.469999 	0.033830 	0.003113 	0.025238 	0.000798 	0.469805 	 0.000177 
0.459597 	0.032533 	0.004247 	0.023645 	0.000718 	0.459438 	 0.000153 
0.464532 	0.031825 	0.003683 	0.023342 	0.000698 	0.464354 	 0.000195 
0.460523 	0.030771 	0.003827 	0.022211 	0.000604 	0.460369 	 0.000150 
0.470969 	0.034464 	0.003445 	0.025711 	0.000810 	0.470763 	 0.000207 
0.461049 	0.037106 	0.004675 	0.027317 	0.000846 	0.460863 	 0.000181 
0.453237 	0.039984 	0.005685 	0.027781 	0.001065 	0.452986 	 0.000256 
0.435239 	0.032186 	0.003461 	0.023271 	0.000750 	0.435075 	 0.000187 
0.431309 	0.035131 	0.004678 	0.024518 	0.000959 	0.431153 	 0.000164 
0.430125 	0.037670 	0.005954 	0.025720 	0.000992 	0.429975 	 0.000162 
0.433131 	0.041800 	0.005310 	0.030177 	0.001276 	0.432945 	 0.000194 
0.440220 	0.034641 	0.005048 	0.023680 	0.000892 	0.440081 	 0.000143 
0.422017 	0.037140 	0.005214 	0.025805 	0.001009 	0.421877 	 0.000144 
0.425408 	0.041258 	0.005771 	0.029020 	0.001148 	0.425216 	 0.000210 
0.431196 	0.036476 	0.005718 	0.024814 	0.000880 	0.431063 	 0.000129 
0.416446 	0.040498 	0.006093 	0.028131 	0.001207 	0.416261 	 0.000181 
0.437362 	0.038442 	0.005978 	0.026514 	0.001029 	0.437186 	 0.000191 
0.421470 	0.039961 	0.006134 	0.027600 	0.001143 	0.421311 	 0.000153 
0.428958 	0.044381 	0.006988 	0.030081 	0.001417 	0.428768 	 0.000194 
0.420970 	0.038207 	0.007392 	0.023719 	0.001096 	0.420819 	 0.000164 
0.424884 	0.041028 	0.006305 	0.028461 	0.001170 	0.424721 	 0.000163 
0.424329 	0.041130 	0.006087 	0.029374 	0.001120 	0.424130 	 0.000208 
0.426749 	0.046413 	0.007854 	0.031195 	0.001442 	0.426586 	 0.000157 
0.423371 	0.041736 	0.007115 	0.027618 	0.001175 	0.423216 	 0.000163 
0.425251 	0.041094 	0.005400 	0.028584 	0.001262 	0.425046 	 0.000221 
0.422797 	0.042024 	0.006983 	0.027653 	0.001288 	0.422617 	 0.000175 
0.420971 	0.044523 	0.008418 	0.028290 	0.001416 	0.420795 	 0.000186 
0.420904 	0.042601 	0.006531 	0.028355 	0.001443 	0.420734 	 0.000173 
0.421359 	0.041641 	0.007091 	0.027267 	0.001327 	0.421212 	 0.000152 
0.422886 	0.041432 	0.005935 	0.028773 	0.001164 	0.422670 	 0.000224 
0.427558 	0.044858 	0.006533 	0.031020 	0.001329 	0.427306 	 0.000273 
0.417703 	0.044045 	0.007598 	0.030178 	0.001319 	0.417516 	 0.000180 
0.419222 	0.047684 	0.008541 	0.031071 	0.001541 	0.419016 	 0.000170 
0.418993 	0.046357 	0.007248 	0.031849 	0.001459 	0.418794 	 0.000194 
0.424618 	0.045960 	0.007545 	0.030740 	0.001434 	0.424426 	 0.000180 
0.418365 	0.046192 	0.009012 	0.029755 	0.001496 	0.418204 	 0.000162 
0.418626 	0.041458 	0.006944 	0.028211 	0.001152 	0.418440 	 0.000177 
0.422656 	0.047803 	0.007038 	0.033810 	0.001532 	0.422415 	 0.000242 
0.407583 	0.049711 	0.009913 	0.031283 	0.001720 	0.407421 	 0.000167 
0.427012 	0.041919 	0.008072 	0.026542 	0.001194 	0.426876 	 0.000137 
0.414999 	0.048843 	0.008835 	0.031646 	0.001622 	0.414801 	 0.000208 
0.420673 	0.045972 	0.007824 	0.031453 	0.001414 	0.420487 	 0.000177 
0.413069 	0.049754 	0.009325 	0.032761 	0.001672 	0.412870 	 0.000195 
0.417611 	0.045628 	0.008676 	0.029278 	0.001488 	0.417439 	 0.000167 
0.413075 	0.045685 	0.008025 	0.030340 	0.001519 	0.412900 	 0.000189 
0.422003 	0.045428 	0.007261 	0.031592 	0.001343 	0.421798 	 0.000209 
0.415748 	0.050613 	0.008526 	0.033932 	0.001778 	0.415541 	 0.000212 
0.418688 	0.045355 	0.007951 	0.029597 	0.001534 	0.418514 	 0.000158 
0.416970 	0.045450 	0.008202 	0.029235 	0.001289 	0.416773 	 0.000210 
0.429284 	0.049904 	0.008923 	0.032851 	0.001532 	0.429095 	 0.000197 
0.414529 	0.047933 	0.008149 	0.031452 	0.001540 	0.414302 	 0.000234 
0.415261 	0.049400 	0.007969 	0.033933 	0.001531 	0.415016 	 0.000243 
0.416670 	0.046363 	0.008480 	0.029923 	0.001465 	0.416499 	 0.000159 
0.420432 	0.045591 	0.007991 	0.029974 	0.001427 	0.420234 	 0.000189 
0.418143 	0.051274 	0.009908 	0.032199 	0.001716 	0.417946 	 0.000184 
0.412474 	0.051468 	0.010517 	0.032791 	0.001680 	0.412304 	 0.000158 
0.415810 	0.059448 	0.009985 	0.039494 	0.002151 	0.415568 	 0.000255 
0.421666 	0.050879 	0.008890 	0.033797 	0.001639 	0.421430 	 0.000236 
0.403620 	0.055307 	0.009952 	0.036231 	0.001930 	0.403373 	 0.000245 
0.421779 	0.054591 	0.010299 	0.035767 	0.001833 	0.421570 	 0.000212 
0.423545 	0.055699 	0.009117 	0.038020 	0.001876 	0.423300 	 0.000238 
0.420868 	0.057036 	0.011189 	0.037039 	0.001904 	0.420628 	 0.000233 
0.416701 	0.055669 	0.010246 	0.036141 	0.001887 	0.416445 	 0.000251 
0.413691 	0.056214 	0.009927 	0.037233 	0.001911 	0.413442 	 0.000254 
0.413126 	0.055914 	0.009520 	0.037400 	0.001987 	0.412867 	 0.000263 
0.410872 	0.055008 	0.010606 	0.035770 	0.001830 	0.410649 	 0.000223 
0.420533 	0.052239 	0.009782 	0.033949 	0.001776 	0.420319 	 0.000211 
0.416660 	0.051338 	0.009760 	0.033925 	0.001684 	0.416438 	 0.000223 
0.409192 	0.054823 	0.009199 	0.036798 	0.001911 	0.408944 	 0.000259 
0.409602 	0.054706 	0.010602 	0.035451 	0.001935 	0.409377 	 0.000224 
0.411300 	0.054032 	0.010683 	0.034664 	0.001858 	0.411104 	 0.000203 
0.412043 	0.057842 	0.010128 	0.038531 	0.002152 	0.411770 	 0.000270 
0.417696 	0.057430 	0.010041 	0.038762 	0.001997 	0.417443 	 0.000251 
0.414656 	0.052701 	0.009945 	0.034584 	0.001760 	0.414476 	 0.000163 
0.416150 	0.056830 	0.010017 	0.037570 	0.001951 	0.415884 	 0.000285 
0.406639 	0.058006 	0.010746 	0.037529 	0.002019 	0.406418 	 0.000210 
0.405678 	0.053030 	0.010846 	0.033950 	0.001825 	0.405490 	 0.000169 
0.410278 	0.060022 	0.010542 	0.040344 	0.002142 	0.410011 	 0.000272 
0.400280 	0.059689 	0.011354 	0.039294 	0.002102 	0.400027 	 0.000245 
0.407020 	0.058896 	0.011575 	0.037355 	0.002169 	0.406799 	 0.000229 
0.413112 	0.061036 	0.011037 	0.039771 	0.002188 	0.412817 	 0.000288 
0.404017 	0.060429 	0.011876 	0.039177 	0.002153 	0.403764 	 0.000251 
0.410030 	0.055761 	0.010625 	0.035690 	0.001936 	0.409798 	 0.000230 
0.409366 	0.057527 	0.010259 	0.037281 	0.001968 	0.409102 	 0.000258 
0.401716 	0.058445 	0.011886 	0.036973 	0.001985 	0.401471 	 0.000254 
0.402730 	0.055267 	0.010414 	0.036020 	0.001894 	0.402510 	 0.000233 
0.393236 	0.055303 	0.011316 	0.035854 	0.001969 	0.393043 	 0.000184 
0.391880 	0.059910 	0.011202 	0.039526 	0.002252 	0.391641 	 0.000247 
0.403601 	0.058893 	0.011220 	0.037816 	0.002195 	0.403345 	 0.000264 
0.403432 	0.056064 	0.009612 	0.037311 	0.002087 	0.403161 	 0.000277 
0.403183 	0.060949 	0.010828 	0.040332 	0.002244 	0.402909 	 0.000264 
0.397540 	0.058252 	0.011165 	0.037216 	0.002171 	0.397305 	 0.000224 
0.407406 	0.061498 	0.012418 	0.039221 	0.002287 	0.407184 	 0.000226 
0.405118 	0.058645 	0.010554 	0.038401 	0.002169 	0.404862 	 0.000260 
0.395013 	0.059826 	0.011547 	0.038984 	0.002097 	0.394742 	 0.000278 
0.411743 	0.057083 	0.010767 	0.036785 	0.001953 	0.411521 	 0.000223 
0.392055 	0.062664 	0.012067 	0.040180 	0.002393 	0.391788 	 0.000279 
0.398387 	0.062124 	0.011117 	0.040875 	0.002383 	0.398103 	 0.000297 
0.396677 	0.061981 	0.012443 	0.040058 	0.002348 	0.396432 	 0.000242 
0.405675 	0.061281 	0.012385 	0.038845 	0.002260 	0.405436 	 0.000239 
0.402734 	0.059567 	0.011081 	0.038687 	0.002126 	0.402487 	 0.000254 
0.392742 	0.066417 	0.013852 	0.041514 	0.002648 	0.392503 	 0.000244 
0.407600 	0.056949 	0.011010 	0.036464 	0.002009 	0.407373 	 0.000239 
0.397115 	0.062690 	0.011915 	0.040765 	0.002331 	0.396840 	 0.000283 
0.395558 	0.062378 	0.012762 	0.040283 	0.002225 	0.395305 	 0.000243 
0.404617 	0.061263 	0.012123 	0.039773 	0.002215 	0.404343 	 0.000281 
0.398821 	0.062257 	0.012079 	0.039692 	0.002357 	0.398546 	 0.000265 
0.411264 	0.059092 	0.011374 	0.037808 	0.002076 	0.411015 	 0.000248 
0.396497 	0.058796 	0.011166 	0.038445 	0.002066 	0.396214 	 0.000291 
0.393005 	0.060380 	0.011164 	0.039581 	0.002269 	0.392735 	 0.000269 
0.395492 	0.060062 	0.012345 	0.037686 	0.002217 	0.395214 	 0.000277 
0.404223 	0.060969 	0.011646 	0.039450 	0.002206 	0.403971 	 0.000242 
0.385474 	0.061014 	0.011468 	0.040105 	0.002331 	0.385235 	 0.000247 
0.389535 	0.060664 	0.011917 	0.038179 	0.002324 	0.389304 	 0.000231 
0.388615 	0.068569 	0.012485 	0.045641 	0.002665 	0.388327 	 0.000283 
0.393557 	0.064285 	0.012939 	0.041631 	0.002399 	0.393314 	 0.000216 
0.397693 	0.063516 	0.012056 	0.040675 	0.002489 	0.397438 	 0.000261 
0.390324 	0.063041 	0.012889 	0.039750 	0.002416 	0.390070 	 0.000249 
0.395809 	0.066234 	0.012423 	0.043273 	0.002587 	0.395516 	 0.000299 
0.392031 	0.063420 	0.012992 	0.040021 	0.002460 	0.391785 	 0.000249 
0.384042 	0.064174 	0.013133 	0.039970 	0.002512 	0.383770 	 0.000292 
0.390464 	0.064808 	0.013419 	0.040764 	0.002426 	0.390213 	 0.000249 
0.396727 	0.063989 	0.013698 	0.038973 	0.002361 	0.396492 	 0.000252 
0.393037 	0.066855 	0.013400 	0.043530 	0.002677 	0.392768 	 0.000263 
0.390602 	0.066969 	0.012940 	0.042755 	0.002647 	0.390308 	 0.000309 
0.391863 	0.064382 	0.012190 	0.041610 	0.002471 	0.391591 	 0.000262 
0.391202 	0.065326 	0.012154 	0.043182 	0.002503 	0.390930 	 0.000281 
0.397397 	0.066659 	0.013140 	0.042226 	0.002537 	0.397132 	 0.000279 
0.387611 	0.071509 	0.013614 	0.046587 	0.002839 	0.387296 	 0.000322 
0.387537 	0.070926 	0.014664 	0.044570 	0.002852 	0.387249 	 0.000288 
0.384846 	0.069764 	0.013641 	0.044878 	0.002864 	0.384568 	 0.000285 
0.398190 	0.061371 	0.011713 	0.039696 	0.002262 	0.397902 	 0.000297 
0.391848 	0.065703 	0.012770 	0.043112 	0.002468 	0.391594 	 0.000256 
0.390302 	0.064555 	0.012675 	0.040899 	0.002490 	0.390029 	 0.000279 
0.390933 	0.061855 	0.012507 	0.038885 	0.002393 	0.390672 	 0.000253 
0.391631 	0.062799 	0.014202 	0.037336 	0.002437 	0.391408 	 0.000233 
0.395062 	0.071262 	0.013202 	0.047142 	0.002785 	0.394730 	 0.000325 
0.398975 	0.059692 	0.010781 	0.039451 	0.002172 	0.398704 	 0.000295 
0.387100 	0.064925 	0.013113 	0.041602 	0.002491 	0.386830 	 0.000260 
0.394005 	0.064194 	0.011556 	0.042835 	0.002430 	0.393724 	 0.000287 
0.394585 	0.068817 	0.013211 	0.044080 	0.002681 	0.394294 	 0.000290 
0.389761 	0.066528 	0.013287 	0.043015 	0.002521 	0.389508 	 0.000247 
0.390186 	0.066943 	0.013514 	0.043058 	0.002580 	0.389919 	 0.000265 
0.386033 	0.067055 	0.013044 	0.043386 	0.002589 	0.385717 	 0.000320 
0.398266 	0.064960 	0.012820 	0.040976 	0.002535 	0.398016 	 0.000250 
0.384070 	0.069060 	0.014307 	0.044737 	0.002722 	0.383809 	 0.000259 
0.398264 	0.065276 	0.012352 	0.042494 	0.002440 	0.397970 	 0.000310 
0.384327 	0.064384 	0.012308 	0.041430 	0.002504 	0.384046 	 0.000259 
0.378389 	0.069217 	0.013975 	0.043900 	0.002777 	0.378126 	 0.000266 
0.385334 	0.062912 	0.012108 	0.039997 	0.002377 	0.385057 	 0.000287 
0.380028 	0.069706 	0.014097 	0.044021 	0.002772 	0.379743 	 0.000286 
0.388762 	0.067959 	0.013213 	0.043551 	0.002633 	0.388499 	 0.000286 
0.380431 	0.067392 	0.013480 	0.043433 	0.002557 	0.380165 	 0.000271 
0.380849 	0.067717 	0.014464 	0.042319 	0.002676 	0.380595 	 0.000263 
0.375581 	0.067104 	0.012556 	0.043214 	0.002598 	0.375306 	 0.000288 
0.385988 	0.070562 	0.014451 	0.045099 	0.002667 	0.385710 	 0.000259 
0.376667 	0.068435 	0.013738 	0.044528 	0.002656 	0.376387 	 0.000281 
0.386214 	0.069768 	0.013708 	0.044794 	0.002802 	0.385907 	 0.000309 
0.388474 	0.069494 	0.013087 	0.045151 	0.002685 	0.388167 	 0.000306 
0.391813 	0.070070 	0.013311 	0.045467 	0.002736 	0.391532 	 0.000276 
0.386891 	0.072593 	0.014605 	0.046797 	0.002919 	0.386611 	 0.000287 
0.399696 	0.069977 	0.013511 	0.044825 	0.002673 	0.399356 	 0.000332 
0.380417 	0.072365 	0.015068 	0.045559 	0.002840 	0.380118 	 0.000268 
0.377492 	0.071474 	0.014841 	0.045008 	0.002958 	0.377213 	 0.000266 
0.387676 	0.074460 	0.013979 	0.049185 	0.002911 	0.387375 	 0.000311 
0.384910 	0.071968 	0.014767 	0.046071 	0.002814 	0.384651 	 0.000253 
0.373384 	0.075325 	0.015813 	0.048410 	0.003061 	0.373076 	 0.000294 
0.381421 	0.068096 	0.013975 	0.042841 	0.002692 	0.381134 	 0.000286 
0.376605 	0.076328 	0.016469 	0.047710 	0.003102 	0.376335 	 0.000264 
0.378957 	0.073456 	0.014941 	0.046336 	0.002917 	0.378657 	 0.000311 
0.382455 	0.072005 	0.014273 	0.046308 	0.002901 	0.382185 	 0.000256 
0.382329 	0.070071 	0.013626 	0.045349 	0.002683 	0.382035 	 0.000298 
0.387283 	0.072848 	0.014872 	0.045508 	0.002934 	0.386993 	 0.000299 
0.316257 	0.013434 	0.001241 	0.009019 	-0.000021 	0.316246 	 0.000032 
0.319411 	0.007549 	0.001043 	0.003911 	-0.000372 	0.319442 	 -0.000015 
0.317958 	0.008071 	0.002203 	0.004082 	-0.000354 	0.318017 	 -0.000035 
0.317651 	0.016015 	0.002542 	0.010713 	0.000105 	0.317661 	 -0.000002 
0.308484 	0.013882 	0.003568 	0.006719 	0.000094 	0.308502 	 -0.000013 
0.313367 	0.009633 	0.001985 	0.005080 	-0.000218 	0.313377 	 -0.000000 
0.319805 	0.010930 	0.000933 	0.007643 	-0.000082 	0.319776 	 0.000037 
0.331483 	0.010122 	0.002921 	0.005055 	-0.000106 	0.331529 	 -0.000049 
0.300792 	0.017311 	0.004203 	0.009081 	0.000136 	0.300830 	 -0.000021 
0.306500 	0.017413 	0.003843 	0.009836 	0.000212 	0.306535 	 -0.000042 
0.301552 	0.015705 	0.003252 	0.009514 	0.000157 	0.301595 	 -0.000031 
0.298545 	0.015733 	0.004432 	0.008008 	0.000137 	0.298636 	 -0.000078 
0.299384 	0.018457 	0.003177 	0.011979 	0.000164 	0.299402 	 -0.000012 
0.301341 	0.015400 	0.002210 	0.009899 	0.000142 	0.301383 	 -0.000035 
0.309230 	0.013412 	0.002420 	0.008826 	-0.000151 	0.309274 	 -0.000030 
0.296977 	0.015936 	0.003655 	0.009238 	0.000117 	0.297032 	 -0.000042 
0.309307 	0.015738 	0.003818 	0.009423 	0.000211 	0.309375 	 -0.000061 
0.318504 	0.012683 	0.003192 	0.006895 	-0.000008 	0.318619 	 -0.000120 
0.305134 	0.011692 	0.002739 	0.006402 	-0.000099 	0.305203 	 -0.000065 
0.320564 	0.014963 	0.004169 	0.007669 	0.000078 	0.320628 	 -0.000059 
0.312098 	0.012713 	0.004169 	0.005748 	-0.000023 	0.312238 	 -0.000127 
0.321049 	0.006700 	0.001998 	0.003220 	-0.000484 	0.321178 	 -0.000127 
0.314725 	0.011138 	0.002944 	0.006574 	-0.000233 	0.314805 	 -0.000083 
0.308110 	0.017133 	0.004069 	0.009837 	0.000244 	0.308179 	 -0.000073 
0.295193 	0.023872 	0.005160 	0.014202 	0.000446 	0.295218 	 0.000001 
0.302816 	0.023593 	0.004177 	0.015510 	0.000472 	0.302833 	 -0.000009 
0.302094 	0.018199 	0.003877 	0.011085 	0.000128 	0.302091 	 0.000013 
0.301283 	0.019452 	0.004591 	0.011676 	0.000153 	0.301328 	 -0.000037 
0.314620 	0.014130 	0.003649 	0.007029 	-0.000136 	0.314687 	 -0.000049 
0.288317 	0.021697 	0.005103 	0.012885 	0.000373 	0.288359 	 -0.000030 
0.292824 	0.018394 	0.004320 	0.009723 	0.000153 	0.292841 	 -0.000008 
0.290951 	0.024926 	0.004515 	0.015710 	0.000537 	0.290915 	 0.000052 
0.299787 	0.021401 	0.004767 	0.012859 	0.000352 	0.299804 	 -0.000010 
0.296444 	0.024823 	0.005321 	0.014595 	0.000510 	0.296431 	 0.000021 
0.280263 	0.030041 	0.006780 	0.018654 	0.000650 	0.280198 	 0.000067 
0.277037 	0.028873 	0.005849 	0.017675 	0.000585 	0.277006 	 0.000021 
0.274405 	0.028264 	0.006320 	0.016828 	0.000550 	0.274392 	 0.000020 
0.284159 	0.027840 	0.006564 	0.016330 	0.000493 	0.284134 	 0.000031 
0.272443 	0.030016 	0.006694 	0.018215 	0.000677 	0.272442 	 0.000009 
0.276015 	0.030249 	0.007510 	0.017973 	0.000628 	0.276034 	 -0.000030 
0.273351 	0.034970 	0.006542 	0.022741 	0.000901 	0.273288 	 0.000077 
0.277526 	0.030943 	0.007360 	0.018488 	0.000601 	0.277528 	 0.000002 
0.278968 	0.029714 	0.005835 	0.018346 	0.000634 	0.278935 	 0.000037 
0.277094 	0.031654 	0.006509 	0.020290 	0.000711 	0.277053 	 0.000049 
0.276636 	0.034391 	0.007770 	0.020745 	0.000892 	0.276601 	 0.000044 
0.280950 	0.033355 	0.007586 	0.020298 	0.000914 	0.280979 	 -0.000012 
0.277860 	0.035876 	0.008899 	0.020440 	0.000941 	0.277855 	 0.000005 
0.276847 	0.030502 	0.007692 	0.018121 	0.000658 	0.276848 	 -0.000013 
0.275008 	0.032276 	0.006872 	0.020256 	0.000765 	0.274997 	 0.000031 
0.277918 	0.032699 	0.008259 	0.019272 	0.000814 	0.277927 	 -0.000003 
0.278022 	0.027934 	0.007580 	0.015116 	0.000524 	0.278057 	 -0.000036 
0.273633 	0.034089 	0.007656 	0.020598 	0.000893 	0.273615 	 0.000028 
0.274007 	0.033526 	0.008371 	0.019094 	0.000827 	0.274006 	 -0.000000 
0.276722 	0.032932 	0.007459 	0.019881 	0.000909 	0.276741 	 -0.000026 
0.275920 	0.026104 	0.006244 	0.016259 	0.000423 	0.275953 	 -0.000024 
0.275768 	0.036161 	0.008585 	0.021035 	0.000889 	0.275743 	 0.000034 
0.278401 	0.032312 	0.008577 	0.018031 	0.000762 	0.278407 	 -0.000011 
0.274587 	0.034288 	0.008323 	0.019891 	0.000908 	0.274590 	 -0.000002 
0.272505 	0.038433 	0.009051 	0.023264 	0.001081 	0.272502 	 0.000007 
0.270764 	0.036967 	0.009383 	0.021089 	0.001066 	0.270769 	 0.000011 
0.272913 	0.029635 	0.007112 	0.017342 	0.000568 	0.272917 	 0.000004 
0.283756 	0.032235 	0.007766 	0.019231 	0.000727 	0.283731 	 0.000035 
0.270251 	0.037863 	0.008976 	0.022956 	0.001065 	0.270227 	 0.000031 
0.268259 	0.033313 	0.007113 	0.021147 	0.000845 	0.268235 	 0.000031 
0.268059 	0.037026 	0.008887 	0.022612 	0.000954 	0.268027 	 0.000032 
0.269083 	0.037827 	0.009834 	0.022017 	0.001053 	0.269098 	 -0.000005 
0.275214 	0.031695 	0.007847 	0.018464 	0.000648 	0.275209 	 0.000002 
0.269823 	0.033828 	0.007946 	0.020910 	0.000757 	0.269794 	 0.000036 
0.264502 	0.035377 	0.008649 	0.020892 	0.000934 	0.264494 	 0.000023 
0.275354 	0.030277 	0.007990 	0.016903 	0.000649 	0.275369 	 -0.000015 
0.269806 	0.037251 	0.009864 	0.020825 	0.001023 	0.269795 	 0.000022 
0.261886 	0.036825 	0.009605 	0.021307 	0.000951 	0.261883 	 0.000007 
0.259833 	0.037409 	0.008794 	0.023532 	0.000984 	0.259804 	 0.000032 
0.266927 	0.041578 	0.010520 	0.024826 	0.001186 	0.266928 	 0.000002 
0.256070 	0.038994 	0.011127 	0.021529 	0.001100 	0.256078 	 -0.000009 
0.266378 	0.039739 	0.009930 	0.023416 	0.001223 	0.266375 	 0.000015 
0.256157 	0.039682 	0.009588 	0.024492 	0.001086 	0.256163 	 -0.000003 
0.266797 	0.038383 	0.008828 	0.023505 	0.001001 	0.266739 	 0.000066 
0.270856 	0.032906 	0.008196 	0.019313 	0.000728 	0.270855 	 0.000004 
0.272961 	0.038232 	0.009900 	0.021710 	0.001072 	0.272955 	 0.000003 
0.262752 	0.037917 	0.009124 	0.022814 	0.000954 	0.262718 	 0.000032 
0.267187 	0.037974 	0.009932 	0.021746 	0.001101 	0.267188 	 -0.000004 
0.261043 	0.041361 	0.009878 	0.025035 	0.001149 	0.260979 	 0.000073 
0.271219 	0.038943 	0.009298 	0.023828 	0.001044 	0.271201 	 0.000020 
0.263513 	0.035086 	0.008298 	0.021021 	0.000886 	0.263505 	 0.000027 
0.263308 	0.038798 	0.010389 	0.022082 	0.001085 	0.263291 	 0.000015 
0.258887 	0.039949 	0.010720 	0.022735 	0.001060 	0.258901 	 -0.000028 
0.262372 	0.036650 	0.009276 	0.021399 	0.000923 	0.262372 	 0.000007 
0.271455 	0.038037 	0.009928 	0.022795 	0.000855 	0.271464 	 -0.000006 
0.262536 	0.037780 	0.009973 	0.021437 	0.001080 	0.262550 	 -0.000016 
0.259533 	0.045408 	0.012030 	0.026566 	0.001425 	0.259484 	 0.000039 
0.263967 	0.042025 	0.011292 	0.023847 	0.001235 	0.263940 	 0.000017 
0.258046 	0.042074 	0.010539 	0.024562 	0.001265 	0.258010 	 0.000047 
0.265080 	0.042829 	0.010630 	0.025812 	0.001385 	0.265079 	 0.000006 
0.257699 	0.037746 	0.010523 	0.021398 	0.001006 	0.257746 	 -0.000051 
0.255116 	0.043232 	0.011656 	0.024545 	0.001383 	0.255089 	 0.000024 
0.255390 	0.037655 	0.010600 	0.021584 	0.001026 	0.255447 	 -0.000055 
0.262646 	0.039757 	0.010537 	0.022493 	0.001121 	0.262664 	 -0.000019 
0.260507 	0.039006 	0.010116 	0.021946 	0.001010 	0.260479 	 0.000039 
0.256397 	0.043808 	0.010617 	0.026666 	0.001276 	0.256364 	 0.000046 
0.261520 	0.038771 	0.010805 	0.021600 	0.001108 	0.261560 	 -0.000038 
0.261785 	0.045530 	0.012980 	0.025383 	0.001437 	0.261801 	 -0.000029 
0.256366 	0.043427 	0.011542 	0.025606 	0.001258 	0.256391 	 -0.000021 
0.253017 	0.041884 	0.011694 	0.022046 	0.001303 	0.253022 	 -0.000003 
0.257229 	0.043662 	0.011160 	0.025780 	0.001383 	0.257232 	 0.000007 
0.257067 	0.041889 	0.010928 	0.024976 	0.001145 	0.257094 	 -0.000035 
0.257866 	0.042189 	0.011851 	0.023403 	0.001228 	0.257869 	 0.000003 
0.263345 	0.039539 	0.010150 	0.022834 	0.001079 	0.263330 	 0.000010 
0.255771 	0.044583 	0.011486 	0.025915 	0.001322 	0.255730 	 0.000028 
0.263973 	0.046150 	0.012601 	0.026463 	0.001371 	0.263986 	 -0.000018 
0.254184 	0.043163 	0.011367 	0.026116 	0.001148 	0.254165 	 0.000019 
0.255101 	0.045151 	0.012511 	0.025494 	0.001392 	0.255121 	 -0.000024 
0.252448 	0.046091 	0.011355 	0.027486 	0.001334 	0.252395 	 0.000058 
0.248182 	0.043602 	0.011972 	0.024468 	0.001355 	0.248183 	 -0.000014 
0.255088 	0.047189 	0.011925 	0.028532 	0.001419 	0.255009 	 0.000079 
0.255075 	0.046543 	0.011885 	0.027299 	0.001406 	0.255057 	 0.000018 
0.256656 	0.043683 	0.011581 	0.024832 	0.001339 	0.256633 	 0.000027 
0.251349 	0.045649 	0.012504 	0.025647 	0.001410 	0.251362 	 -0.000013 
0.254316 	0.045157 	0.012360 	0.025825 	0.001306 	0.254303 	 0.000007 
0.258114 	0.041950 	0.011667 	0.023837 	0.001119 	0.258109 	 -0.000005 
0.250731 	0.043886 	0.011553 	0.025320 	0.001418 	0.250730 	 -0.000007 
0.254264 	0.044779 	0.012584 	0.025530 	0.001322 	0.254263 	 -0.000008 
0.254766 	0.049163 	0.012761 	0.027969 	0.001608 	0.254713 	 0.000044 
0.258404 	0.045804 	0.011527 	0.027318 	0.001409 	0.258362 	 0.000047 
0.253541 	0.043906 	0.012713 	0.023984 	0.001309 	0.253545 	 -0.000003 
0.253534 	0.048139 	0.013322 	0.027288 	0.001450 	0.253508 	 0.000035 
0.246088 	0.047363 	0.012775 	0.027773 	0.001495 	0.246096 	 -0.000011 
0.254733 	0.046836 	0.012698 	0.026558 	0.001437 	0.254720 	 -0.000003 
0.246352 	0.047709 	0.012808 	0.027677 	0.001442 	0.246359 	 0.000005 
0.252394 	0.053950 	0.014157 	0.031812 	0.001824 	0.252332 	 0.000071 
0.244866 	0.050507 	0.013567 	0.029310 	0.001557 	0.244841 	 0.000024 
0.249318 	0.045974 	0.012904 	0.025363 	0.001438 	0.249325 	 -0.000002 
0.250794 	0.044766 	0.010830 	0.027658 	0.001311 	0.250765 	 0.000027 
0.248715 	0.048619 	0.013633 	0.027424 	0.001536 	0.248703 	 0.000021 
0.256261 	0.050116 	0.011947 	0.031005 	0.001553 	0.256205 	 0.000057 
0.244711 	0.048317 	0.014142 	0.026768 	0.001541 	0.244751 	 -0.000054 
0.260458 	0.045580 	0.011433 	0.026780 	0.001392 	0.260443 	 0.000040 
0.251596 	0.047701 	0.012422 	0.027912 	0.001408 	0.251542 	 0.000065 
0.256218 	0.045231 	0.012473 	0.025296 	0.001346 	0.256203 	 0.000029 
0.250363 	0.045330 	0.013492 	0.024753 	0.001279 	0.250395 	 -0.000030 
0.257570 	0.047239 	0.012673 	0.027008 	0.001373 	0.257570 	 0.000001 
0.257602 	0.049502 	0.012924 	0.029366 	0.001560 	0.257570 	 0.000030 
0.244586 	0.049412 	0.013664 	0.027945 	0.001537 	0.244572 	 0.000009 
0.246248 	0.048585 	0.014671 	0.026619 	0.001536 	0.246284 	 -0.000043 
0.252857 	0.047883 	0.013826 	0.026369 	0.001466 	0.252856 	 -0.000001 
0.245201 	0.048053 	0.012436 	0.028680 	0.001545 	0.245171 	 0.000026 
0.248386 	0.045620 	0.013786 	0.023776 	0.001388 	0.248404 	 -0.000026 
0.246658 	0.046308 	0.012654 	0.026715 	0.001313 	0.246623 	 0.000028 
0.250144 	0.050635 	0.013148 	0.029933 	0.001598 	0.250129 	 0.000015 
0.249662 	0.051926 	0.014595 	0.029479 	0.001648 	0.249648 	 0.000016 
0.244895 	0.052568 	0.014854 	0.029262 	0.001729 	0.244861 	 0.000023 
0.247597 	0.055289 	0.015127 	0.031763 	0.001726 	0.247556 	 0.000035 
0.248882 	0.048833 	0.012915 	0.028514 	0.001426 	0.248835 	 0.000050 
0.244472 	0.053083 	0.014560 	0.030809 	0.001750 	0.244446 	 0.000020 
0.240536 	0.051526 	0.013767 	0.030085 	0.001645 	0.240516 	 0.000014 
0.248876 	0.051086 	0.014339 	0.028767 	0.001537 	0.248852 	 0.000018 
0.239571 	0.051993 	0.014415 	0.030181 	0.001608 	0.239538 	 0.000037 
0.237504 	0.046296 	0.014205 	0.024170 	0.001339 	0.237499 	 -0.000002 
0.245365 	0.054977 	0.015074 	0.031838 	0.001742 	0.245340 	 0.000024 
0.237764 	0.050417 	0.013403 	0.028897 	0.001599 	0.237728 	 0.000038 
0.234893 	0.048988 	0.012941 	0.028637 	0.001471 	0.234850 	 0.000041 
0.235394 	0.053785 	0.014601 	0.030590 	0.001788 	0.235341 	 0.000057 
0.247029 	0.050551 	0.014923 	0.027277 	0.001639 	0.247030 	 0.000004 
0.243597 	0.049980 	0.014257 	0.027820 	0.001496 	0.243591 	 -0.000004 
0.234924 	0.052438 	0.014079 	0.030960 	0.001772 	0.234943 	 -0.000024 
0.250185 	0.055162 	0.015257 	0.031388 	0.001788 	0.250155 	 -0.000001 
0.246401 	0.049531 	0.014650 	0.026193 	0.001529 	0.246397 	 -0.000020 
0.244682 	0.050384 	0.014302 	0.028076 	0.001602 	0.244680 	 -0.000010 
0.240754 	0.046876 	0.013784 	0.025529 	0.001365 	0.240740 	 0.000020 
0.235374 	0.057051 	0.015374 	0.032838 	0.001881 	0.235287 	 0.000090 
0.241454 	0.052898 	0.014579 	0.030266 	0.001626 	0.241420 	 0.000020 
0.248346 	0.053458 	0.014366 	0.030630 	0.001707 	0.248354 	 -0.000007 
0.242774 	0.051464 	0.015339 	0.027969 	0.001631 	0.242778 	 -0.000007 
0.236124 	0.054544 	0.016212 	0.029306 	0.001838 	0.236109 	 0.000016 
0.243095 	0.052722 	0.014993 	0.029203 	0.001635 	0.243103 	 -0.000016 
0.242400 	0.055337 	0.015745 	0.031647 	0.001824 	0.242389 	 0.000004 
0.247121 	0.052302 	0.013749 	0.030640 	0.001559 	0.247066 	 0.000062 
0.247696 	0.053458 	0.015058 	0.030410 	0.001661 	0.247669 	 0.000029 
0.235595 	0.053674 	0.016797 	0.028300 	0.001765 	0.235611 	 -0.000031 
0.236576 	0.054308 	0.015323 	0.031021 	0.001730 	0.236551 	 0.000021 
0.246806 	0.050064 	0.015032 	0.027151 	0.001547 	0.246820 	 -0.000025 
0.247533 	0.053499 	0.015905 	0.028973 	0.001755 	0.247542 	 -0.000013 
0.233763 	0.052329 	0.017000 	0.027548 	0.001716 	0.233797 	 -0.000061 
0.240200 	0.057160 	0.016156 	0.032182 	0.001848 	0.240173 	 0.000028 
0.237063 	0.054250 	0.016107 	0.029893 	0.001785 	0.237082 	 -0.000042 
0.231281 	0.058790 	0.016471 	0.033487 	0.002029 	0.231253 	 0.000021 
0.238744 	0.055162 	0.016475 	0.029970 	0.001932 	0.238742 	 -0.000011 
0.251670 	0.050465 	0.014830 	0.027408 	0.001547 	0.251685 	 -0.000018 
0.246003 	0.053858 	0.015910 	0.029567 	0.001722 	0.245997 	 0.000001 
0.236912 	0.057692 	0.016629 	0.032172 	0.001924 	0.236884 	 0.000024 
0.242867 	0.051909 	0.015670 	0.028547 	0.001612 	0.242904 	 -0.000051 
0.236655 	0.056237 	0.016033 	0.030924 	0.001852 	0.236635 	 0.000021 
0.240726 	0.060389 	0.018287 	0.032014 	0.002092 	0.240693 	 -0.000005 
0.233747 	0.053350 	0.016159 	0.029241 	0.001711 	0.233747 	 -0.000000 
0.238954 	0.056498 	0.016488 	0.030277 	0.001994 	0.238949 	 -0.000001 
0.240257 	0.050257 	0.015071 	0.027250 	0.001487 	0.240292 	 -0.000051 
0.238789 	0.053367 	0.016162 	0.028938 	0.001740 	0.238800 	 -0.000036 
0.236873 	0.056231 	0.016795 	0.030581 	0.001889 	0.236888 	 -0.000024 
0.237611 	0.053904 	0.016545 	0.027676 	0.001775 	0.237606 	 -0.000010 
0.237120 	0.051994 	0.016231 	0.028055 	0.001637 	0.237164 	 -0.000053 
0.232670 	0.059181 	0.016516 	0.034463 	0.001953 	0.232671 	 -0.000010 
0.238733 	0.057112 	0.016158 	0.032639 	0.001878 	0.238716 	 0.000012 
0.233049 	0.055652 	0.017265 	0.030225 	0.001839 	0.233070 	 -0.000046 
0.239648 	0.054327 	0.015787 	0.031146 	0.001707 	0.239655 	 -0.000008 
0.242928 	0.052945 	0.015780 	0.028347 	0.001773 	0.242915 	 0.000000 
0.235096 	0.051381 	0.016073 	0.027487 	0.001503 	0.235143 	 -0.000056 
0.243898 	0.054889 	0.017313 	0.029447 	0.001777 	0.243929 	 -0.000052 
0.237308 	0.059048 	0.017465 	0.032236 	0.001942 	0.237303 	 -0.000012 
0.232425 	0.061309 	0.017422 	0.034733 	0.002076 	0.232394 	 0.000010 
0.237434 	0.056215 	0.016918 	0.030062 	0.001863 	0.237402 	 0.000034 
0.225941 	0.059690 	0.018062 	0.032272 	0.001942 	0.225932 	 0.000009 
0.120512 	-0.006642 	0.005591 	-0.009869 	-0.000476 	0.120725 	 -0.000204 
0.087142 	-0.004708 	0.002990 	-0.004754 	-0.000395 	0.087216 	 -0.000028 
0.077749 	-0.001891 	0.008425 	-0.008636 	-0.000019 	0.078028 	 -0.000233 
0.106528 	-0.007011 	0.010662 	-0.015794 	-0.000284 	0.106878 	 -0.000339 
0.132905 	-0.014506 	0.006228 	-0.021022 	-0.000555 	0.133166 	 -0.000259 
0.118809 	-0.004641 	0.005778 	-0.007205 	-0.000444 	0.118995 	 -0.000183 
0.111059 	0.000956 	0.003508 	0.000369 	-0.000240 	0.111117 	 -0.000046 
0.116675 	0.001771 	0.004553 	-0.000038 	-0.000054 	0.116756 	 -0.000087 
0.129550 	-0.002188 	0.006472 	-0.005694 	-0.000376 	0.129722 	 -0.000186 
0.118494 	-0.001361 	0.002929 	-0.002109 	-0.000435 	0.118558 	 -0.000063 
0.131372 	0.000657 	0.006675 	-0.003041 	-0.000432 	0.131479 	 -0.000120 
0.114466 	0.006019 	0.005492 	0.002518 	-0.000286 	0.114425 	 0.000051 
0.104761 	-0.001043 	0.004567 	-0.002038 	-0.000409 	0.104835 	 -0.000077 
0.121590 	0.010168 	0.008979 	-0.000022 	0.000248 	0.121659 	 -0.000054 
0.123341 	0.000832 	0.006761 	-0.004350 	-0.000522 	0.123452 	 -0.000137 
0.120522 	0.008017 	0.012187 	-0.003352 	-0.000076 	0.120721 	 -0.000229 
0.106930 	-0.000396 	0.005685 	-0.002498 	-0.000375 	0.107064 	 -0.000122 
0.105018 	0.004104 	0.005564 	0.001510 	-0.000138 	0.105112 	 -0.000088 
0.086592 	0.004251 	0.006820 	-0.000602 	-0.000125 	0.086700 	 -0.000101 
0.106495 	0.006036 	0.006746 	0.001327 	-0.000028 	0.106612 	 -0.000101 
0.088237 	0.008506 	0.007906 	0.002040 	0.000126 	0.088342 	 -0.000110 
0.095979 	0.002032 	0.006295 	-0.002096 	-0.000220 	0.096136 	 -0.000159 
0.087371 	0.006068 	0.006481 	0.000903 	-0.000082 	0.087458 	 -0.000086 
0.085997 	0.009162 	0.008925 	0.001544 	0.000117 	0.086136 	 -0.000138 
0.097133 	0.009267 	0.006720 	0.004391 	0.000150 	0.097221 	 -0.000091 
0.088899 	0.008614 	0.007091 	0.003384 	0.000055 	0.088983 	 -0.000087 
0.091802 	0.011160 	0.008405 	0.004228 	0.000204 	0.091922 	 -0.000129 
0.092122 	0.006625 	0.008044 	0.000218 	-0.000106 	0.092230 	 -0.000122 
0.096463 	0.007304 	0.008167 	0.000279 	-0.000059 	0.096578 	 -0.000123 
0.096262 	0.006912 	0.007449 	0.001765 	0.000094 	0.096351 	 -0.000089 
0.099764 	0.011392 	0.008016 	0.004245 	0.000447 	0.099861 	 -0.000082 
0.091992 	0.006643 	0.007947 	-0.000315 	-0.000033 	0.092055 	 -0.000042 
0.087590 	0.006830 	0.009002 	-0.000734 	0.000074 	0.087744 	 -0.000152 
0.092981 	0.006804 	0.007179 	0.001739 	0.000011 	0.093037 	 -0.000056 
0.081975 	0.012181 	0.009177 	0.003330 	0.000357 	0.082052 	 -0.000078 
0.094139 	0.008769 	0.008691 	0.000449 	0.000165 	0.094234 	 -0.000101 
0.094075 	0.011891 	0.009688 	0.003196 	0.000238 	0.094150 	 -0.000073 
0.083753 	0.011799 	0.008871 	0.003628 	0.000266 	0.083834 	 -0.000073 
0.088693 	0.013009 	0.009392 	0.004440 	0.000223 	0.088762 	 -0.000070 
0.090009 	0.015213 	0.009867 	0.005376 	0.000418 	0.090061 	 -0.000048 
0.075685 	0.012217 	0.010153 	0.002179 	0.000307 	0.075780 	 -0.000103 
0.070651 	0.021638 	0.010825 	0.010155 	0.000829 	0.070676 	 -0.000020 
0.088540 	0.017362 	0.009583 	0.007783 	0.000586 	0.088550 	 -0.000011 
0.077939 	0.015712 	0.009586 	0.006370 	0.000419 	0.077958 	 -0.000020 
0.082031 	0.013985 	0.009098 	0.006428 	0.000383 	0.082090 	 -0.000068 
0.078941 	0.012178 	0.009312 	0.003583 	0.000299 	0.079030 	 -0.000099 
0.080016 	0.015946 	0.009720 	0.005894 	0.000312 	0.080042 	 -0.000024 
0.075100 	0.018337 	0.009919 	0.008475 	0.000634 	0.075114 	 -0.000002 
0.075249 	0.017616 	0.010135 	0.007508 	0.000567 	0.075296 	 -0.000047 
0.078973 	0.016699 	0.010187 	0.005949 	0.000415 	0.078988 	 -0.000023 
0.076711 	0.017995 	0.011440 	0.006065 	0.000599 	0.076769 	 -0.000047 
0.087425 	0.016097 	0.010051 	0.005987 	0.000438 	0.087474 	 -0.000043 
0.072200 	0.018044 	0.011326 	0.006765 	0.000527 	0.072234 	 -0.000036 
0.072248 	0.021800 	0.011943 	0.008831 	0.000774 	0.072240 	 0.000014 
0.067617 	0.014511 	0.010660 	0.004465 	0.000337 	0.067683 	 -0.000063 
0.078526 	0.015328 	0.012126 	0.002617 	0.000443 	0.078626 	 -0.000111 
0.063836 	0.017556 	0.011454 	0.006182 	0.000480 	0.063883 	 -0.000047 
0.070649 	0.020827 	0.012922 	0.007138 	0.000710 	0.070698 	 -0.000044 
0.068346 	0.019675 	0.010522 	0.008566 	0.000685 	0.068341 	 0.000011 
0.074656 	0.015156 	0.011170 	0.003223 	0.000355 	0.074709 	 -0.000041 
0.063050 	0.024372 	0.012855 	0.010595 	0.000894 	0.063042 	 0.000026 
0.068442 	0.019166 	0.010806 	0.007425 	0.000605 	0.068444 	 0.000002 
0.063007 	0.022177 	0.012103 	0.009824 	0.000627 	0.063005 	 0.000008 
0.076323 	0.022465 	0.013136 	0.007889 	0.000703 	0.076335 	 -0.000016 
0.073563 	0.018227 	0.010459 	0.007079 	0.000434 	0.073550 	 0.000022 
0.066924 	0.022828 	0.012076 	0.010040 	0.000727 	0.066916 	 0.000018 
0.060716 	0.021830 	0.011688 	0.008771 	0.000753 	0.060700 	 0.000030 
0.072014 	0.020773 	0.011256 	0.008850 	0.000687 	0.072026 	 -0.000000 
0.071463 	0.024896 	0.012453 	0.010535 	0.000882 	0.071443 	 0.000020 
0.075557 	0.025938 	0.013329 	0.010662 	0.000969 	0.075567 	 -0.000001 
0.061967 	0.025917 	0.014248 	0.009701 	0.001125 	0.061995 	 -0.000031 
0.063331 	0.027864 	0.013457 	0.012602 	0.001185 	0.063306 	 0.000023 
0.062773 	0.026909 	0.013505 	0.011237 	0.000904 	0.062731 	 0.000044 
0.073557 	0.024219 	0.013536 	0.009707 	0.000861 	0.073584 	 -0.000028 
0.066774 	0.021082 	0.012872 	0.006762 	0.000749 	0.066781 	 -0.000018 
0.060705 	0.031702 	0.013291 	0.016452 	0.001227 	0.060609 	 0.000103 
0.067111 	0.025463 	0.013867 	0.009815 	0.000896 	0.067088 	 0.000030 
0.054704 	0.029921 	0.014118 	0.014128 	0.001129 	0.054659 	 0.000037 
0.067334 	0.023756 	0.013156 	0.008982 	0.000787 	0.067339 	 -0.000012 
0.061866 	0.026740 	0.014258 	0.010025 	0.000848 	0.061855 	 0.000006 
0.057135 	0.030351 	0.015083 	0.012748 	0.001262 	0.057132 	 0.000011 
0.068641 	0.027533 	0.014437 	0.010431 	0.001134 	0.068634 	 0.000004 
0.065085 	0.026909 	0.013858 	0.010672 	0.000904 	0.065068 	 0.000022 
0.065711 	0.027232 	0.013501 	0.011451 	0.000897 	0.065672 	 0.000029 
0.059055 	0.031435 	0.015795 	0.013527 	0.001282 	0.059054 	 -0.000009 
0.069852 	0.021683 	0.012531 	0.007648 	0.000708 	0.069835 	 0.000025 
0.060043 	0.024926 	0.014138 	0.008636 	0.000858 	0.060016 	 0.000022 
0.061296 	0.029869 	0.014315 	0.012773 	0.001168 	0.061271 	 0.000019 
0.056934 	0.030300 	0.015372 	0.012582 	0.001193 	0.056894 	 0.000028 
0.062329 	0.027984 	0.014401 	0.011076 	0.001018 	0.062295 	 0.000033 
0.059600 	0.028773 	0.014351 	0.012296 	0.001206 	0.059568 	 0.000036 
0.054629 	0.033514 	0.015574 	0.014645 	0.001371 	0.054624 	 0.000017 
0.056094 	0.029627 	0.015513 	0.011316 	0.001080 	0.056078 	 0.000006 
0.055169 	0.025443 	0.014517 	0.008926 	0.000841 	0.055174 	 0.000004 
0.060852 	0.033899 	0.015820 	0.014917 	0.001326 	0.060810 	 0.000037 
0.065150 	0.030972 	0.015179 	0.012907 	0.001254 	0.065107 	 0.000040 
0.062460 	0.034769 	0.015624 	0.016148 	0.001371 	0.062379 	 0.000078 
0.052894 	0.027422 	0.015283 	0.010004 	0.000992 	0.052875 	 0.000019 
0.053820 	0.032344 	0.017016 	0.011443 	0.001330 	0.053821 	 0.000000 
0.060618 	0.027097 	0.013422 	0.011003 	0.001068 	0.060590 	 0.000043 
0.072795 	0.033328 	0.016549 	0.013077 	0.001290 	0.072779 	 0.000016 
0.062203 	0.032443 	0.016316 	0.012957 	0.001229 	0.062138 	 0.000079 
0.059113 	0.030681 	0.016482 	0.010702 	0.001230 	0.059120 	 -0.000009 
0.064732 	0.029419 	0.014752 	0.011562 	0.001054 	0.064658 	 0.000060 
0.065033 	0.029761 	0.016512 	0.009894 	0.001124 	0.065022 	 0.000011 
0.054533 	0.036139 	0.017560 	0.014399 	0.001501 	0.054501 	 0.000046 
0.073929 	0.029507 	0.015868 	0.010647 	0.001074 	0.073916 	 -0.000005 
0.059279 	0.029423 	0.016657 	0.009623 	0.001232 	0.059264 	 0.000016 
0.065716 	0.031096 	0.016088 	0.011456 	0.001220 	0.065698 	 0.000030 
0.069178 	0.030354 	0.016310 	0.011032 	0.001143 	0.069167 	 0.000012 
0.061613 	0.028026 	0.016430 	0.007896 	0.001131 	0.061636 	 -0.000022 
0.055712 	0.033468 	0.017799 	0.012305 	0.001330 	0.055697 	 0.000011 
0.054559 	0.027424 	0.015288 	0.009678 	0.000961 	0.054543 	 0.000020 
0.064891 	0.028409 	0.015409 	0.009804 	0.001139 	0.064917 	 -0.000018 
0.066668 	0.030890 	0.015457 	0.012281 	0.001177 	0.066617 	 0.000071 
0.066049 	0.033670 	0.017018 	0.013080 	0.001319 	0.066021 	 0.000024 
0.058075 	0.029993 	0.017279 	0.008967 	0.001160 	0.058068 	 0.000013 
0.057573 	0.039267 	0.017237 	0.018098 	0.001617 	0.057488 	 0.000080 
0.052000 	0.032462 	0.017489 	0.010775 	0.001265 	0.051963 	 0.000043 
0.060873 	0.031532 	0.014991 	0.013063 	0.001242 	0.060804 	 0.000073 
0.071347 	0.028004 	0.014536 	0.010353 	0.000981 	0.071295 	 0.000057 
0.059780 	0.034933 	0.017682 	0.013139 	0.001397 	0.059746 	 0.000030 
0.054847 	0.028904 	0.015604 	0.010284 	0.001218 	0.054821 	 0.000022 
0.059220 	0.034201 	0.017751 	0.011729 	0.001483 	0.059216 	 0.000003 
0.067275 	0.030389 	0.016102 	0.009931 	0.001212 	0.067270 	 0.000015 
0.075744 	0.029468 	0.015666 	0.009398 	0.001127 	0.075692 	 0.000065 
0.051951 	0.034577 	0.016260 	0.015303 	0.001389 	0.051913 	 0.000060 
0.063152 	0.033313 	0.016235 	0.013590 	0.001384 	0.063120 	 0.000035 
0.062870 	0.033136 	0.016368 	0.013093 	0.001299 	0.062800 	 0.000069 
0.060258 	0.032875 	0.017602 	0.011426 	0.001412 	0.060212 	 0.000050 
0.057102 	0.031014 	0.016629 	0.010351 	0.001266 	0.057066 	 0.000045 
0.059401 	0.038061 	0.017852 	0.015512 	0.001545 	0.059326 	 0.000084 
0.057179 	0.028001 	0.016444 	0.007595 	0.001037 	0.057162 	 0.000019 
0.047598 	0.034160 	0.019018 	0.010782 	0.001446 	0.047580 	 0.000007 
0.062659 	0.031454 	0.016329 	0.011082 	0.001266 	0.062592 	 0.000066 
0.055867 	0.036928 	0.016576 	0.015674 	0.001554 	0.055775 	 0.000088 
0.061300 	0.034483 	0.016653 	0.013871 	0.001393 	0.061238 	 0.000045 
0.049742 	0.037125 	0.016896 	0.016289 	0.001486 	0.049642 	 0.000099 
0.049429 	0.035598 	0.017989 	0.012960 	0.001411 	0.049378 	 0.000042 
0.064947 	0.032718 	0.016643 	0.012034 	0.001251 	0.064879 	 0.000062 
0.056705 	0.033871 	0.018311 	0.011122 	0.001414 	0.056684 	 0.000019 
0.052195 	0.029280 	0.016823 	0.009168 	0.001075 	0.052161 	 0.000022 
0.065576 	0.033495 	0.016977 	0.012085 	0.001258 	0.065537 	 0.000037 
0.049864 	0.032689 	0.017329 	0.010836 	0.001343 	0.049816 	 0.000044 
0.055763 	0.039563 	0.018538 	0.016291 	0.001653 	0.055689 	 0.000071 
0.061733 	0.030758 	0.015893 	0.011163 	0.001227 	0.061660 	 0.000069 
0.050696 	0.033940 	0.018340 	0.011863 	0.001372 	0.050664 	 0.000035 
0.054098 	0.032881 	0.016771 	0.012278 	0.001283 	0.054037 	 0.000063 
0.058407 	0.035610 	0.018865 	0.011678 	0.001437 	0.058391 	 0.000036 
0.052547 	0.038264 	0.017909 	0.016077 	0.001599 	0.052467 	 0.000075 
0.058140 	0.028483 	0.017791 	0.006883 	0.001126 	0.058153 	 -0.000027 
0.050877 	0.036060 	0.019551 	0.012629 	0.001518 	0.050874 	 0.000005 
0.060228 	0.037317 	0.017524 	0.015469 	0.001597 	0.060190 	 0.000053 
0.062492 	0.034425 	0.016508 	0.013924 	0.001274 	0.062425 	 0.000071 
0.052466 	0.033594 	0.017262 	0.012125 	0.001356 	0.052394 	 0.000086 
0.049559 	0.038018 	0.016833 	0.017051 	0.001652 	0.049457 	 0.000130 
0.049321 	0.039030 	0.019200 	0.014491 	0.001615 	0.049239 	 0.000093 
0.058392 	0.039483 	0.018455 	0.016069 	0.001612 	0.058308 	 0.000084 
0.054160 	0.036279 	0.018613 	0.013082 	0.001485 	0.054133 	 0.000015 
0.050585 	0.039965 	0.020068 	0.014327 	0.001758 	0.050528 	 0.000059 
0.045549 	0.037303 	0.019012 	0.013733 	0.001496 	0.045519 	 0.000034 
0.055621 	0.038849 	0.017590 	0.016629 	0.001550 	0.055535 	 0.000088 
0.065243 	0.033887 	0.017930 	0.011318 	0.001390 	0.065182 	 0.000047 
0.053791 	0.039101 	0.019603 	0.013818 	0.001673 	0.053725 	 0.000050 
0.055280 	0.036963 	0.018176 	0.014021 	0.001609 	0.055199 	 0.000075 
0.064799 	0.037311 	0.017988 	0.015354 	0.001465 	0.064709 	 0.000094 
0.047571 	0.037422 	0.018570 	0.013559 	0.001606 	0.047515 	 0.000044 
0.052471 	0.035347 	0.018256 	0.012412 	0.001413 	0.052401 	 0.000066 
0.055187 	0.036570 	0.018897 	0.012621 	0.001446 	0.055152 	 0.000022 
0.053510 	0.034865 	0.017940 	0.011855 	0.001529 	0.053479 	 0.000046 
0.050153 	0.034831 	0.018627 	0.010696 	0.001511 	0.050082 	 0.000078 
0.061300 	0.032481 	0.017189 	0.011346 	0.001357 	0.061247 	 0.000051 
0.052438 	0.038208 	0.018513 	0.014614 	0.001584 	0.052360 	 0.000074 
0.040856 	0.037906 	0.018968 	0.014156 	0.001623 	0.040810 	 0.000045 
0.058368 	0.035411 	0.018247 	0.012949 	0.001452 	0.058323 	 0.000042 
0.051262 	0.038527 	0.019365 	0.013795 	0.001659 	0.051203 	 0.000065 
0.051991 	0.037365 	0.018607 	0.013472 	0.001580 	0.051925 	 0.000064 
0.067095 	0.038752 	0.018038 	0.015050 	0.001603 	0.067001 	 0.000096 
0.054271 	0.035616 	0.017230 	0.013724 	0.001479 	0.054206 	 0.000079 
0.049514 	0.039294 	0.019772 	0.013939 	0.001652 	0.049448 	 0.000056 
0.052501 	0.039536 	0.020491 	0.013542 	0.001670 	0.052446 	 0.000026 
0.059631 	0.038051 	0.019924 	0.012932 	0.001569 	0.059575 	 0.000026 
0.058405 	0.035931 	0.019125 	0.011166 	0.001425 	0.058362 	 0.000044 
0.064343 	0.036627 	0.018366 	0.013303 	0.001478 	0.064286 	 0.000031 
0.057248 	0.036392 	0.018674 	0.012550 	0.001512 	0.057177 	 0.000053 
0.069284 	0.036803 	0.018982 	0.012095 	0.001447 	0.069239 	 0.000025 
0.055285 	0.038298 	0.018491 	0.014763 	0.001590 	0.055220 	 0.000049 
0.054859 	0.035888 	0.019916 	0.010527 	0.001400 	0.054821 	 0.000019 
0.052334 	0.039236 	0.018794 	0.014920 	0.001571 	0.052240 	 0.000093 
0.056720 	0.034772 	0.018308 	0.011177 	0.001305 	0.056633 	 0.000082 
0.057270 	0.037747 	0.020204 	0.011327 	0.001639 	0.057223 	 0.000036 
0.060192 	0.036727 	0.018843 	0.012832 	0.001443 	0.060172 	 0.000008 
0.057070 	0.039340 	0.019255 	0.014281 	0.001506 	0.056980 	 0.000076 
0.057588 	0.036219 	0.019124 	0.011667 	0.001538 	0.057547 	 0.000019 
0.063275 	0.036964 	0.018494 	0.013545 	0.001471 	0.063209 	 0.000058 
0.059201 	0.033062 	0.018643 	0.009468 	0.001296 	0.059162 	 0.000023 
0.051606 	0.040766 	0.019981 	0.014640 	0.001662 	0.051523 	 0.000067 
0.048623 	0.034545 	0.019225 	0.010464 	0.001360 	0.048591 	 0.000028 
0.065822 	0.035801 	0.019064 	0.010482 	0.001442 	0.065764 	 0.000046 
0.075951 	0.034216 	0.018192 	0.011294 	0.001248 	0.075895 	 0.000037 
0.057540 	0.037088 	0.018909 	0.012509 	0.001531 	0.057472 	 0.000033 
0.054155 	0.035737 	0.018446 	0.012218 	0.001461 	0.054091 	 0.000056 
0.058761 	0.036419 	0.018444 	0.012180 	0.001472 	0.058690 	 0.000042 
0.057040 	0.034346 	0.018585 	0.010815 	0.001379 	0.056978 	 0.000057 
0.073871 	0.032519 	0.017015 	0.010259 	0.001215 	0.073799 	 0.000051 
0.051756 	0.038877 	0.019556 	0.013195 	0.001521 	0.051662 	 0.000078 
0.060493 	0.035389 	0.018150 	0.012372 	0.001466 	0.060434 	 0.000050 
0.061466 	0.036412 	0.019166 	0.012020 	0.001430 	0.061405 	 0.000054 
0.053183 	0.038685 	0.019075 	0.013819 	0.001654 	0.053099 	 0.000069 
0.051934 	0.039978 	0.019707 	0.014305 	0.001660 	0.051827 	 0.000082 
0.081713 	0.032122 	0.017672 	0.010411 	0.001176 	0.081632 	 0.000046 
