di 	gli 	gal 	gos3 	gos4 	lac 	 glb 
0.475149 	0.002261 	-0.001203 	0.003044 	-0.000643 	0.475069 	 0.000077 
0.483604 	0.011208 	-0.001954 	0.012993 	-0.000072 	0.483490 	 0.000115 
0.465972 	0.007153 	-0.002595 	0.008766 	-0.000463 	0.465825 	 0.000153 
0.478254 	0.009406 	-0.000477 	0.008053 	-0.000088 	0.478154 	 0.000085 
0.480248 	0.013304 	0.000689 	0.010356 	-0.000016 	0.480129 	 0.000114 
0.469913 	0.010468 	0.000367 	0.008136 	-0.000162 	0.469837 	 0.000072 
0.474650 	0.010277 	-0.002209 	0.012318 	-0.000358 	0.474520 	 0.000115 
0.466095 	0.013844 	-0.001567 	0.012995 	-0.000113 	0.465901 	 0.000173 
0.475986 	0.009367 	-0.000423 	0.007982 	-0.000127 	0.475883 	 0.000099 
0.459826 	0.011377 	0.001285 	0.008523 	-0.000170 	0.459743 	 0.000073 
0.458449 	0.018634 	0.002000 	0.014122 	0.000082 	0.458283 	 0.000161 
0.476341 	0.011112 	0.001100 	0.008422 	-0.000279 	0.476225 	 0.000109 
0.477332 	0.008966 	0.000122 	0.008175 	-0.000278 	0.477255 	 0.000054 
0.475453 	0.010631 	-0.000531 	0.010288 	-0.000115 	0.475294 	 0.000159 
0.479085 	0.008851 	0.001749 	0.005751 	-0.000287 	0.478979 	 0.000108 
0.470687 	0.017532 	0.003229 	0.012206 	0.000162 	0.470599 	 0.000080 
0.465981 	0.021888 	0.002591 	0.016117 	0.000488 	0.465788 	 0.000196 
0.472803 	0.011518 	-0.000268 	0.009998 	-0.000047 	0.472650 	 0.000155 
0.473453 	0.015726 	-0.000870 	0.013793 	-0.000092 	0.473223 	 0.000228 
0.459119 	0.023031 	-0.001025 	0.020048 	0.000407 	0.458830 	 0.000288 
0.464730 	0.019975 	-0.000651 	0.016491 	0.000152 	0.464447 	 0.000285 
0.474518 	0.015622 	-0.001926 	0.015865 	-0.000179 	0.474307 	 0.000220 
0.467056 	0.015179 	0.000237 	0.013157 	-0.000072 	0.466860 	 0.000201 
0.460093 	0.022640 	0.000251 	0.019041 	0.000250 	0.459816 	 0.000275 
0.456506 	0.019006 	0.001939 	0.014007 	0.000217 	0.456303 	 0.000195 
0.458688 	0.021438 	0.001229 	0.016193 	0.000303 	0.458448 	 0.000243 
0.452142 	0.026531 	0.002146 	0.020239 	0.000575 	0.451903 	 0.000242 
0.460489 	0.025914 	0.002388 	0.019902 	0.000415 	0.460236 	 0.000263 
0.456566 	0.020813 	0.000985 	0.016514 	0.000364 	0.456328 	 0.000242 
0.455331 	0.026432 	0.001311 	0.020161 	0.000649 	0.455046 	 0.000291 
0.458809 	0.025689 	0.002748 	0.019532 	0.000416 	0.458597 	 0.000218 
0.458330 	0.026304 	0.002511 	0.019780 	0.000433 	0.458058 	 0.000270 
0.458569 	0.026468 	0.002463 	0.020713 	0.000589 	0.458296 	 0.000272 
0.454726 	0.031605 	0.003651 	0.022906 	0.000813 	0.454433 	 0.000295 
0.447921 	0.032790 	0.003646 	0.023997 	0.000813 	0.447636 	 0.000298 
0.454800 	0.026707 	0.002425 	0.019803 	0.000400 	0.454550 	 0.000244 
0.452457 	0.024269 	0.003131 	0.018493 	0.000210 	0.452246 	 0.000217 
0.454018 	0.026972 	0.002031 	0.020778 	0.000450 	0.453728 	 0.000287 
0.451255 	0.035712 	0.003636 	0.027068 	0.000926 	0.450912 	 0.000347 
0.458055 	0.032013 	0.004025 	0.022489 	0.000774 	0.457741 	 0.000314 
0.460250 	0.028123 	0.003284 	0.020808 	0.000635 	0.459987 	 0.000278 
0.442885 	0.030565 	0.004356 	0.022171 	0.000607 	0.442629 	 0.000248 
0.456412 	0.031655 	0.006152 	0.021211 	0.000749 	0.456189 	 0.000220 
0.447896 	0.032422 	0.003844 	0.024849 	0.000748 	0.447620 	 0.000270 
0.442366 	0.032553 	0.005572 	0.022287 	0.000757 	0.442104 	 0.000267 
0.444511 	0.036873 	0.005882 	0.025564 	0.000964 	0.444209 	 0.000307 
0.434697 	0.037220 	0.004392 	0.027577 	0.000997 	0.434339 	 0.000365 
0.440444 	0.036014 	0.004086 	0.026029 	0.000808 	0.440103 	 0.000346 
0.444210 	0.028730 	0.003484 	0.021381 	0.000400 	0.443944 	 0.000264 
0.442756 	0.036785 	0.006001 	0.024645 	0.000973 	0.442427 	 0.000327 
0.445397 	0.037435 	0.004769 	0.027147 	0.000918 	0.445036 	 0.000369 
0.450915 	0.036847 	0.005825 	0.025739 	0.000896 	0.450601 	 0.000319 
0.428191 	0.044755 	0.008541 	0.029594 	0.001329 	0.427871 	 0.000317 
0.431496 	0.037522 	0.006386 	0.025780 	0.000974 	0.431212 	 0.000283 
0.433269 	0.038380 	0.005696 	0.027124 	0.000907 	0.432923 	 0.000357 
0.439971 	0.034855 	0.005700 	0.024003 	0.000826 	0.439668 	 0.000311 
0.439480 	0.041820 	0.007009 	0.028531 	0.001120 	0.439158 	 0.000325 
0.445675 	0.040551 	0.005978 	0.029093 	0.001066 	0.445341 	 0.000340 
0.441131 	0.035152 	0.005870 	0.023822 	0.000712 	0.440807 	 0.000325 
0.446082 	0.043058 	0.006610 	0.030379 	0.001180 	0.445718 	 0.000373 
0.446107 	0.037253 	0.007398 	0.025108 	0.000973 	0.445787 	 0.000318 
0.432607 	0.039539 	0.006064 	0.027681 	0.001047 	0.432253 	 0.000358 
0.446223 	0.040483 	0.006287 	0.028072 	0.001216 	0.445900 	 0.000328 
0.439463 	0.038791 	0.005480 	0.026823 	0.001169 	0.439089 	 0.000375 
0.441819 	0.038482 	0.006228 	0.025999 	0.001088 	0.441458 	 0.000376 
0.449303 	0.037574 	0.007631 	0.024434 	0.000815 	0.449025 	 0.000281 
0.440468 	0.037351 	0.006330 	0.024967 	0.000971 	0.440130 	 0.000338 
0.444279 	0.036604 	0.007182 	0.023432 	0.000874 	0.443951 	 0.000333 
0.443277 	0.040066 	0.008008 	0.026011 	0.001030 	0.442924 	 0.000347 
0.437896 	0.042732 	0.007149 	0.028605 	0.001220 	0.437517 	 0.000384 
0.436325 	0.043827 	0.008696 	0.028051 	0.001332 	0.435973 	 0.000355 
0.425236 	0.042715 	0.008494 	0.027263 	0.001107 	0.424864 	 0.000368 
0.430100 	0.041337 	0.007632 	0.027373 	0.001164 	0.429734 	 0.000357 
0.434376 	0.040894 	0.008746 	0.025679 	0.001053 	0.434040 	 0.000335 
0.434854 	0.041526 	0.007035 	0.027928 	0.001196 	0.434470 	 0.000388 
0.425698 	0.038761 	0.007873 	0.024919 	0.001026 	0.425384 	 0.000306 
0.431429 	0.041919 	0.007107 	0.028233 	0.001130 	0.431014 	 0.000413 
0.426194 	0.043038 	0.007874 	0.028367 	0.001241 	0.425794 	 0.000401 
0.430969 	0.042990 	0.006959 	0.029224 	0.001083 	0.430541 	 0.000436 
0.438831 	0.040548 	0.007404 	0.027056 	0.000951 	0.438431 	 0.000400 
0.429348 	0.040792 	0.008833 	0.025280 	0.001111 	0.429007 	 0.000333 
0.423676 	0.047515 	0.010654 	0.028455 	0.001536 	0.423331 	 0.000347 
0.421251 	0.048503 	0.010762 	0.029666 	0.001585 	0.420866 	 0.000379 
0.431968 	0.046342 	0.007904 	0.030815 	0.001278 	0.431567 	 0.000396 
0.437556 	0.043621 	0.009230 	0.027129 	0.001260 	0.437186 	 0.000381 
0.425917 	0.047525 	0.010118 	0.030089 	0.001396 	0.425531 	 0.000373 
0.427392 	0.045416 	0.009497 	0.028733 	0.001357 	0.427050 	 0.000334 
0.438299 	0.047318 	0.009920 	0.030216 	0.001282 	0.437969 	 0.000327 
0.427749 	0.043616 	0.009814 	0.026418 	0.001229 	0.427381 	 0.000375 
0.439399 	0.043410 	0.009471 	0.026777 	0.001194 	0.439084 	 0.000322 
0.422499 	0.049477 	0.009284 	0.032265 	0.001426 	0.422035 	 0.000463 
0.422581 	0.053033 	0.010294 	0.034203 	0.001744 	0.422172 	 0.000417 
0.417821 	0.050530 	0.009610 	0.033637 	0.001499 	0.417396 	 0.000425 
0.421381 	0.049724 	0.008679 	0.033180 	0.001489 	0.420940 	 0.000440 
0.414102 	0.053543 	0.011036 	0.033633 	0.001734 	0.413667 	 0.000427 
0.419169 	0.047586 	0.009413 	0.029658 	0.001394 	0.418742 	 0.000428 
0.429733 	0.044268 	0.008753 	0.028684 	0.001224 	0.429343 	 0.000392 
0.415882 	0.050808 	0.011494 	0.031572 	0.001567 	0.415485 	 0.000395 
0.420477 	0.048629 	0.009220 	0.032453 	0.001377 	0.420072 	 0.000404 
0.424817 	0.051819 	0.010336 	0.033455 	0.001521 	0.424382 	 0.000441 
0.412158 	0.055356 	0.011436 	0.035398 	0.001846 	0.411735 	 0.000421 
0.418308 	0.051944 	0.010151 	0.033100 	0.001609 	0.417880 	 0.000432 
0.422213 	0.050935 	0.011363 	0.031166 	0.001538 	0.421833 	 0.000375 
0.404415 	0.054734 	0.011709 	0.034126 	0.001913 	0.403998 	 0.000419 
0.410789 	0.057162 	0.011649 	0.036882 	0.001861 	0.410352 	 0.000443 
0.406461 	0.057719 	0.012619 	0.035829 	0.001901 	0.406040 	 0.000418 
0.417990 	0.057118 	0.010890 	0.036847 	0.001823 	0.417538 	 0.000458 
0.410705 	0.051973 	0.011283 	0.031969 	0.001612 	0.410287 	 0.000419 
0.416645 	0.052683 	0.010188 	0.034881 	0.001541 	0.416222 	 0.000424 
0.409787 	0.057483 	0.011583 	0.036436 	0.001858 	0.409332 	 0.000455 
0.408549 	0.056287 	0.011410 	0.036038 	0.001764 	0.408128 	 0.000419 
0.394243 	0.060351 	0.012747 	0.037420 	0.001973 	0.393786 	 0.000451 
0.410050 	0.055700 	0.013006 	0.033259 	0.001718 	0.409612 	 0.000432 
0.405969 	0.058895 	0.011526 	0.037640 	0.001854 	0.405477 	 0.000488 
0.406781 	0.058999 	0.013036 	0.035862 	0.001967 	0.406322 	 0.000456 
0.405114 	0.056426 	0.012202 	0.034929 	0.001776 	0.404650 	 0.000449 
0.404442 	0.061676 	0.013737 	0.038199 	0.002038 	0.403975 	 0.000464 
0.406729 	0.052778 	0.010642 	0.034185 	0.001604 	0.406293 	 0.000434 
0.405101 	0.059806 	0.013398 	0.036428 	0.002153 	0.404640 	 0.000459 
0.412887 	0.059849 	0.013012 	0.037083 	0.001939 	0.412430 	 0.000463 
0.400188 	0.064989 	0.014094 	0.040352 	0.002317 	0.399708 	 0.000470 
0.410443 	0.053491 	0.010969 	0.033075 	0.001613 	0.409994 	 0.000447 
0.410854 	0.057297 	0.011533 	0.036322 	0.001907 	0.410347 	 0.000509 
0.403492 	0.056132 	0.011616 	0.034164 	0.001856 	0.403023 	 0.000470 
0.410753 	0.056788 	0.012210 	0.035439 	0.001887 	0.410293 	 0.000465 
0.408659 	0.055004 	0.012035 	0.034248 	0.001768 	0.408205 	 0.000450 
0.411562 	0.056191 	0.013148 	0.034206 	0.001908 	0.411161 	 0.000407 
0.402501 	0.055376 	0.012041 	0.034319 	0.001865 	0.402047 	 0.000454 
0.406661 	0.055259 	0.011446 	0.034728 	0.001687 	0.406187 	 0.000478 
0.408587 	0.058455 	0.011695 	0.037416 	0.001932 	0.408085 	 0.000508 
0.409469 	0.058132 	0.011766 	0.037364 	0.001734 	0.408984 	 0.000484 
0.414087 	0.060212 	0.013348 	0.036772 	0.001849 	0.413633 	 0.000453 
0.411782 	0.056169 	0.011831 	0.034608 	0.001656 	0.411299 	 0.000484 
0.412573 	0.053912 	0.012087 	0.033167 	0.001654 	0.412146 	 0.000428 
0.397305 	0.059147 	0.011451 	0.037672 	0.001920 	0.396800 	 0.000500 
0.402632 	0.058527 	0.011974 	0.037044 	0.002005 	0.402117 	 0.000513 
0.407184 	0.058487 	0.013986 	0.034390 	0.002040 	0.406746 	 0.000446 
0.413394 	0.058234 	0.011038 	0.037685 	0.001941 	0.412882 	 0.000526 
0.398045 	0.056624 	0.011842 	0.035298 	0.001800 	0.397575 	 0.000466 
0.407394 	0.059798 	0.013442 	0.035547 	0.002048 	0.406889 	 0.000498 
0.412523 	0.057203 	0.011582 	0.036724 	0.001736 	0.412061 	 0.000462 
0.408326 	0.054154 	0.010505 	0.033826 	0.001739 	0.407822 	 0.000493 
0.402233 	0.061371 	0.012412 	0.038759 	0.002145 	0.401747 	 0.000488 
0.408084 	0.056862 	0.012488 	0.034683 	0.001778 	0.407587 	 0.000482 
0.401220 	0.066365 	0.014879 	0.040404 	0.002291 	0.400711 	 0.000504 
0.409838 	0.056254 	0.012181 	0.034491 	0.001798 	0.409375 	 0.000464 
0.412935 	0.057873 	0.013512 	0.034073 	0.001860 	0.412491 	 0.000438 
0.409570 	0.061911 	0.013924 	0.038189 	0.002036 	0.409133 	 0.000436 
0.411801 	0.060508 	0.013712 	0.036928 	0.002014 	0.411371 	 0.000435 
0.409359 	0.062104 	0.012370 	0.039741 	0.002043 	0.408836 	 0.000519 
0.406947 	0.058697 	0.012380 	0.036111 	0.001827 	0.406450 	 0.000508 
0.390930 	0.064976 	0.013258 	0.040214 	0.002242 	0.390395 	 0.000531 
0.414169 	0.059149 	0.012729 	0.036880 	0.001911 	0.413700 	 0.000481 
0.397155 	0.061815 	0.013441 	0.037019 	0.002180 	0.396662 	 0.000494 
0.399409 	0.064527 	0.014064 	0.038768 	0.002361 	0.398889 	 0.000522 
0.391200 	0.064565 	0.014130 	0.038763 	0.002296 	0.390683 	 0.000518 
0.394341 	0.059839 	0.011844 	0.037721 	0.001972 	0.393826 	 0.000521 
0.396664 	0.061053 	0.012235 	0.038168 	0.002030 	0.396158 	 0.000502 
0.399532 	0.064920 	0.013212 	0.039458 	0.002248 	0.398993 	 0.000546 
0.395154 	0.064579 	0.013022 	0.039342 	0.002356 	0.394605 	 0.000552 
0.400527 	0.062631 	0.014158 	0.037961 	0.002143 	0.400082 	 0.000447 
0.392121 	0.065484 	0.014513 	0.039042 	0.002402 	0.391599 	 0.000518 
0.410282 	0.062780 	0.012710 	0.039577 	0.002152 	0.409766 	 0.000512 
0.389058 	0.062347 	0.014829 	0.035564 	0.002130 	0.388578 	 0.000477 
0.408228 	0.063153 	0.014681 	0.037305 	0.002204 	0.407731 	 0.000501 
0.402909 	0.061470 	0.013406 	0.037018 	0.002139 	0.402388 	 0.000518 
0.399830 	0.062373 	0.013837 	0.037104 	0.002128 	0.399330 	 0.000493 
0.402896 	0.065637 	0.014165 	0.040270 	0.002303 	0.402389 	 0.000513 
0.404121 	0.065532 	0.014832 	0.039341 	0.002222 	0.403612 	 0.000501 
0.409785 	0.060733 	0.012229 	0.036831 	0.002149 	0.409265 	 0.000525 
0.396463 	0.060682 	0.013716 	0.036325 	0.002026 	0.395969 	 0.000507 
0.395956 	0.064028 	0.013806 	0.038444 	0.002241 	0.395426 	 0.000520 
0.393636 	0.062590 	0.013650 	0.038466 	0.002274 	0.393144 	 0.000495 
0.401283 	0.064338 	0.013648 	0.040000 	0.002258 	0.400752 	 0.000532 
0.399802 	0.062164 	0.013384 	0.037096 	0.002122 	0.399291 	 0.000513 
0.407782 	0.061352 	0.013965 	0.036968 	0.002112 	0.407320 	 0.000468 
0.405587 	0.063725 	0.014870 	0.037367 	0.002186 	0.405102 	 0.000480 
0.394996 	0.068698 	0.014382 	0.042219 	0.002542 	0.394445 	 0.000553 
0.396046 	0.062655 	0.014105 	0.037317 	0.002155 	0.395573 	 0.000476 
0.391813 	0.069661 	0.014723 	0.042019 	0.002506 	0.391223 	 0.000582 
0.393483 	0.067413 	0.013829 	0.041652 	0.002292 	0.392938 	 0.000552 
0.404034 	0.064536 	0.015360 	0.037279 	0.002360 	0.403559 	 0.000482 
0.397919 	0.065555 	0.014482 	0.038736 	0.002377 	0.397359 	 0.000558 
0.404828 	0.067611 	0.014985 	0.041323 	0.002404 	0.404323 	 0.000515 
0.395508 	0.072204 	0.014208 	0.044665 	0.002626 	0.394902 	 0.000607 
0.387977 	0.065404 	0.013194 	0.040667 	0.002228 	0.387432 	 0.000554 
0.402456 	0.064779 	0.014188 	0.039441 	0.002288 	0.401937 	 0.000517 
0.390686 	0.068191 	0.014367 	0.041926 	0.002436 	0.390135 	 0.000553 
0.395028 	0.062563 	0.013159 	0.038254 	0.002229 	0.394505 	 0.000525 
0.402620 	0.067625 	0.014439 	0.040295 	0.002361 	0.402082 	 0.000545 
0.396717 	0.064072 	0.015635 	0.036570 	0.002213 	0.396224 	 0.000499 
0.404818 	0.061925 	0.014062 	0.036334 	0.002172 	0.404309 	 0.000515 
0.389892 	0.067400 	0.015190 	0.039791 	0.002443 	0.389367 	 0.000522 
0.388621 	0.065136 	0.014418 	0.038391 	0.002251 	0.388091 	 0.000527 
0.391445 	0.065934 	0.014867 	0.039505 	0.002345 	0.390931 	 0.000525 
0.399662 	0.063348 	0.014082 	0.038467 	0.002143 	0.399159 	 0.000501 
0.389495 	0.065913 	0.014138 	0.039759 	0.002404 	0.388962 	 0.000540 
0.390227 	0.067019 	0.016037 	0.038957 	0.002345 	0.389704 	 0.000526 
0.404391 	0.065572 	0.014483 	0.039000 	0.002385 	0.403848 	 0.000545 
0.402523 	0.066204 	0.014428 	0.039556 	0.002420 	0.401971 	 0.000566 
0.395026 	0.067833 	0.015374 	0.040688 	0.002450 	0.394496 	 0.000534 
0.393102 	0.065015 	0.012940 	0.038754 	0.002369 	0.392525 	 0.000581 
0.404324 	0.064003 	0.015518 	0.037049 	0.002238 	0.403832 	 0.000495 
0.387085 	0.068880 	0.016653 	0.040127 	0.002566 	0.386574 	 0.000508 
0.392908 	0.064865 	0.014969 	0.037391 	0.002355 	0.392367 	 0.000534 
0.386871 	0.070112 	0.013509 	0.043980 	0.002614 	0.386280 	 0.000585 
0.398352 	0.063522 	0.013978 	0.037711 	0.002167 	0.397838 	 0.000511 
0.383301 	0.068116 	0.016095 	0.039567 	0.002486 	0.382772 	 0.000521 
0.389520 	0.062272 	0.013389 	0.037127 	0.002175 	0.389008 	 0.000511 
0.387405 	0.065958 	0.015281 	0.038049 	0.002360 	0.386885 	 0.000519 
0.381937 	0.063408 	0.016260 	0.035523 	0.002188 	0.381479 	 0.000456 
0.455568 	0.005729 	-0.000746 	0.005035 	-0.000432 	0.455576 	 -0.000009 
0.481993 	0.004419 	-0.000683 	0.002720 	-0.000553 	0.482007 	 -0.000005 
0.467817 	0.016981 	0.003309 	0.009717 	0.000193 	0.467825 	 0.000000 
0.469930 	0.011741 	0.000998 	0.008094 	-0.000070 	0.469954 	 -0.000015 
0.478846 	0.010826 	-0.000485 	0.007667 	-0.000176 	0.478791 	 0.000059 
0.483183 	0.015573 	0.000675 	0.011420 	-0.000045 	0.483178 	 0.000018 
0.477358 	0.017613 	0.001022 	0.012534 	0.000219 	0.477293 	 0.000075 
0.485549 	0.011033 	0.000055 	0.008042 	-0.000171 	0.485502 	 0.000060 
0.484303 	0.016228 	0.000357 	0.012040 	0.000074 	0.484235 	 0.000081 
0.479072 	0.017752 	0.001375 	0.012514 	0.000181 	0.479003 	 0.000069 
0.480312 	0.019398 	0.000924 	0.015068 	0.000110 	0.480262 	 0.000063 
0.487792 	0.012228 	0.000828 	0.008593 	-0.000143 	0.487775 	 0.000018 
0.479605 	0.021333 	0.000248 	0.015931 	0.000403 	0.479497 	 0.000120 
0.479934 	0.018640 	0.001671 	0.013854 	0.000071 	0.479862 	 0.000064 
0.477231 	0.022210 	0.003615 	0.015648 	0.000209 	0.477199 	 0.000030 
0.480836 	0.020166 	0.000476 	0.014745 	0.000181 	0.480699 	 0.000136 
0.469522 	0.022526 	0.002067 	0.016430 	0.000450 	0.469425 	 0.000106 
0.471316 	0.019450 	0.002741 	0.012262 	0.000430 	0.471264 	 0.000044 
0.477379 	0.018649 	0.001975 	0.012959 	0.000156 	0.477322 	 0.000061 
0.475937 	0.020731 	0.001618 	0.015479 	0.000281 	0.475844 	 0.000089 
0.460956 	0.023942 	0.002127 	0.018057 	0.000455 	0.460851 	 0.000103 
0.465408 	0.026825 	0.002838 	0.018760 	0.000520 	0.465274 	 0.000133 
0.472649 	0.015843 	0.000471 	0.012097 	-0.000109 	0.472603 	 0.000039 
0.473798 	0.028624 	0.004833 	0.019064 	0.000721 	0.473703 	 0.000093 
0.463587 	0.021557 	0.000626 	0.016411 	0.000138 	0.463437 	 0.000149 
0.463320 	0.025157 	0.002069 	0.018028 	0.000404 	0.463182 	 0.000126 
0.462653 	0.025344 	0.002442 	0.017646 	0.000402 	0.462544 	 0.000116 
0.458560 	0.029166 	0.002073 	0.021857 	0.000685 	0.458380 	 0.000178 
0.471036 	0.030047 	0.001734 	0.023748 	0.000530 	0.470864 	 0.000177 
0.461560 	0.026123 	0.001222 	0.020776 	0.000460 	0.461430 	 0.000138 
0.461328 	0.026296 	0.002776 	0.018812 	0.000306 	0.461190 	 0.000142 
0.466823 	0.024447 	0.001212 	0.018620 	0.000423 	0.466669 	 0.000150 
0.455650 	0.025931 	0.000184 	0.021759 	0.000364 	0.455455 	 0.000184 
0.458954 	0.029396 	0.003517 	0.021405 	0.000547 	0.458811 	 0.000131 
0.457007 	0.035737 	0.003636 	0.026116 	0.000921 	0.456788 	 0.000204 
0.455908 	0.029817 	0.003383 	0.021510 	0.000604 	0.455754 	 0.000147 
0.460219 	0.029964 	0.004128 	0.021411 	0.000600 	0.460095 	 0.000124 
0.465957 	0.034377 	0.003686 	0.024475 	0.000805 	0.465753 	 0.000202 
0.468524 	0.032577 	0.003978 	0.023149 	0.000793 	0.468374 	 0.000147 
0.453730 	0.035328 	0.004764 	0.025040 	0.000923 	0.453550 	 0.000177 
0.463025 	0.032745 	0.003680 	0.023860 	0.000802 	0.462828 	 0.000192 
0.466918 	0.031176 	0.003757 	0.023216 	0.000601 	0.466769 	 0.000149 
0.461736 	0.033292 	0.003226 	0.024830 	0.000769 	0.461542 	 0.000173 
0.457329 	0.036914 	0.004294 	0.028042 	0.000750 	0.457150 	 0.000176 
0.450970 	0.037979 	0.005224 	0.026289 	0.001059 	0.450740 	 0.000220 
0.438372 	0.033991 	0.003908 	0.024576 	0.000765 	0.438208 	 0.000176 
0.434476 	0.038408 	0.005169 	0.026338 	0.001126 	0.434301 	 0.000188 
0.436273 	0.038196 	0.004861 	0.027259 	0.000968 	0.436089 	 0.000195 
0.434512 	0.040097 	0.005076 	0.029262 	0.001136 	0.434338 	 0.000179 
0.437411 	0.035638 	0.004910 	0.024921 	0.000850 	0.437245 	 0.000168 
0.426769 	0.036942 	0.005314 	0.025360 	0.000946 	0.426630 	 0.000144 
0.428564 	0.042093 	0.005750 	0.030096 	0.001096 	0.428378 	 0.000189 
0.439398 	0.037651 	0.005504 	0.026709 	0.000915 	0.439253 	 0.000144 
0.416618 	0.042363 	0.006014 	0.029519 	0.001329 	0.416410 	 0.000214 
0.436449 	0.038934 	0.006186 	0.027174 	0.001007 	0.436271 	 0.000177 
0.424562 	0.039812 	0.006461 	0.026939 	0.001125 	0.424415 	 0.000142 
0.431095 	0.043799 	0.006198 	0.030845 	0.001332 	0.430900 	 0.000202 
0.426943 	0.039357 	0.006727 	0.025430 	0.001137 	0.426767 	 0.000179 
0.433782 	0.041042 	0.006106 	0.028874 	0.001130 	0.433627 	 0.000160 
0.427606 	0.040469 	0.005987 	0.028858 	0.001134 	0.427424 	 0.000178 
0.425487 	0.045838 	0.007881 	0.031015 	0.001403 	0.425324 	 0.000159 
0.424949 	0.042483 	0.006847 	0.029153 	0.001200 	0.424775 	 0.000186 
0.419684 	0.041828 	0.006267 	0.028627 	0.001273 	0.419483 	 0.000195 
0.431422 	0.040791 	0.006420 	0.027446 	0.001249 	0.431253 	 0.000186 
0.431904 	0.045171 	0.007999 	0.028694 	0.001462 	0.431710 	 0.000204 
0.421787 	0.041209 	0.006141 	0.028017 	0.001345 	0.421621 	 0.000164 
0.428458 	0.044675 	0.007687 	0.029675 	0.001480 	0.428276 	 0.000186 
0.424000 	0.040756 	0.005854 	0.028056 	0.001135 	0.423791 	 0.000198 
0.425859 	0.044857 	0.006544 	0.030953 	0.001310 	0.425613 	 0.000239 
0.421354 	0.043229 	0.007248 	0.029597 	0.001195 	0.421175 	 0.000175 
0.425546 	0.045102 	0.007911 	0.030127 	0.001381 	0.425365 	 0.000183 
0.424742 	0.046080 	0.007406 	0.031677 	0.001432 	0.424543 	 0.000195 
0.423536 	0.044932 	0.007220 	0.030557 	0.001377 	0.423350 	 0.000186 
0.428277 	0.046861 	0.008824 	0.030378 	0.001543 	0.428096 	 0.000189 
0.423118 	0.042951 	0.006756 	0.029514 	0.001239 	0.422918 	 0.000207 
0.419190 	0.048140 	0.006855 	0.034499 	0.001526 	0.418935 	 0.000259 
0.415973 	0.050298 	0.009141 	0.033017 	0.001692 	0.415795 	 0.000192 
0.426039 	0.040288 	0.007634 	0.025975 	0.001113 	0.425903 	 0.000151 
0.409904 	0.047134 	0.008147 	0.031454 	0.001518 	0.409700 	 0.000206 
0.426357 	0.045753 	0.008153 	0.030755 	0.001417 	0.426178 	 0.000185 
0.416215 	0.047450 	0.008345 	0.032248 	0.001498 	0.416014 	 0.000205 
0.418333 	0.047478 	0.008548 	0.031704 	0.001533 	0.418156 	 0.000188 
0.419494 	0.044976 	0.006851 	0.031017 	0.001452 	0.419296 	 0.000196 
0.420890 	0.043947 	0.006526 	0.031064 	0.001242 	0.420694 	 0.000191 
0.422730 	0.048462 	0.008116 	0.032168 	0.001682 	0.422515 	 0.000206 
0.423654 	0.045809 	0.008088 	0.030143 	0.001540 	0.423479 	 0.000182 
0.416830 	0.043725 	0.007255 	0.028800 	0.001215 	0.416630 	 0.000201 
0.427117 	0.049203 	0.008627 	0.032639 	0.001520 	0.426930 	 0.000187 
0.417182 	0.046833 	0.008159 	0.030195 	0.001482 	0.416951 	 0.000234 
0.412133 	0.048240 	0.007170 	0.033987 	0.001461 	0.411890 	 0.000245 
0.419261 	0.047913 	0.008939 	0.031576 	0.001478 	0.419101 	 0.000162 
0.417639 	0.049229 	0.008192 	0.033112 	0.001597 	0.417426 	 0.000226 
0.425478 	0.050341 	0.009593 	0.032121 	0.001669 	0.425294 	 0.000177 
0.413337 	0.049439 	0.010471 	0.031618 	0.001585 	0.413188 	 0.000149 
0.411212 	0.058536 	0.009674 	0.039079 	0.002115 	0.410944 	 0.000264 
0.419666 	0.052790 	0.009627 	0.034525 	0.001738 	0.419432 	 0.000236 
0.400146 	0.053532 	0.009250 	0.035996 	0.001883 	0.399911 	 0.000222 
0.420095 	0.055044 	0.010332 	0.036335 	0.001837 	0.419878 	 0.000213 
0.418687 	0.057658 	0.009622 	0.039226 	0.002017 	0.418434 	 0.000252 
0.417961 	0.056139 	0.010768 	0.037238 	0.001812 	0.417717 	 0.000243 
0.416922 	0.052687 	0.010385 	0.033756 	0.001764 	0.416683 	 0.000227 
0.410514 	0.056552 	0.009624 	0.037959 	0.001833 	0.410262 	 0.000241 
0.413914 	0.053935 	0.009310 	0.035510 	0.001920 	0.413667 	 0.000250 
0.407651 	0.054608 	0.010681 	0.035605 	0.001811 	0.407451 	 0.000195 
0.421134 	0.053589 	0.009956 	0.035360 	0.001817 	0.420903 	 0.000226 
0.417091 	0.050511 	0.009298 	0.034048 	0.001632 	0.416869 	 0.000229 
0.405875 	0.055334 	0.008714 	0.037975 	0.001928 	0.405619 	 0.000251 
0.410709 	0.053556 	0.010823 	0.034637 	0.001862 	0.410498 	 0.000214 
0.411347 	0.054210 	0.010459 	0.035273 	0.001867 	0.411143 	 0.000213 
0.412249 	0.055576 	0.009937 	0.036481 	0.002035 	0.411980 	 0.000265 
0.413625 	0.059213 	0.010198 	0.040282 	0.002099 	0.413362 	 0.000251 
0.412638 	0.052734 	0.009395 	0.035369 	0.001698 	0.412457 	 0.000185 
0.412725 	0.059869 	0.010491 	0.040314 	0.002107 	0.412450 	 0.000277 
0.410221 	0.057337 	0.010216 	0.037606 	0.001960 	0.410005 	 0.000215 
0.403498 	0.055960 	0.011817 	0.034977 	0.001995 	0.403292 	 0.000200 
0.413624 	0.059489 	0.009825 	0.040192 	0.002138 	0.413349 	 0.000274 
0.403379 	0.058968 	0.011394 	0.038250 	0.002088 	0.403135 	 0.000238 
0.407276 	0.057976 	0.011328 	0.037148 	0.002086 	0.407047 	 0.000228 
0.410287 	0.059876 	0.010570 	0.039280 	0.002144 	0.409997 	 0.000283 
0.408646 	0.059641 	0.011158 	0.038901 	0.002147 	0.408397 	 0.000250 
0.414394 	0.054705 	0.009848 	0.035695 	0.001887 	0.414173 	 0.000228 
0.406230 	0.056279 	0.010042 	0.036462 	0.001886 	0.405995 	 0.000233 
0.406715 	0.060058 	0.011956 	0.038241 	0.002075 	0.406459 	 0.000258 
0.408385 	0.056436 	0.010364 	0.036972 	0.001933 	0.408148 	 0.000243 
0.396238 	0.052910 	0.010843 	0.034222 	0.001778 	0.396065 	 0.000166 
0.396153 	0.059427 	0.011487 	0.039006 	0.002245 	0.395942 	 0.000213 
0.404876 	0.057607 	0.011552 	0.036773 	0.002144 	0.404632 	 0.000239 
0.399111 	0.058909 	0.009948 	0.039250 	0.002293 	0.398816 	 0.000298 
0.403504 	0.059843 	0.010638 	0.039245 	0.002198 	0.403256 	 0.000252 
0.392914 	0.059040 	0.012000 	0.037113 	0.002223 	0.392684 	 0.000230 
0.406698 	0.060711 	0.012140 	0.039027 	0.002285 	0.406477 	 0.000216 
0.403262 	0.060312 	0.011248 	0.038806 	0.002289 	0.402994 	 0.000275 
0.396757 	0.059737 	0.011381 	0.038988 	0.002105 	0.396485 	 0.000271 
0.408797 	0.056020 	0.010844 	0.035872 	0.001944 	0.408588 	 0.000206 
0.390458 	0.061458 	0.012133 	0.039478 	0.002357 	0.390197 	 0.000260 
0.399775 	0.062706 	0.011325 	0.040751 	0.002416 	0.399483 	 0.000285 
0.398088 	0.060759 	0.011969 	0.039717 	0.002246 	0.397845 	 0.000241 
0.409316 	0.061796 	0.011950 	0.040150 	0.002287 	0.409075 	 0.000250 
0.396786 	0.060940 	0.011437 	0.039748 	0.002234 	0.396534 	 0.000250 
0.391828 	0.066078 	0.013215 	0.041831 	0.002615 	0.391573 	 0.000245 
0.410622 	0.058319 	0.011120 	0.037928 	0.002059 	0.410369 	 0.000259 
0.397696 	0.065296 	0.012150 	0.042886 	0.002477 	0.397400 	 0.000297 
0.396180 	0.062472 	0.012722 	0.040219 	0.002247 	0.395942 	 0.000233 
0.405462 	0.062098 	0.012287 	0.040533 	0.002221 	0.405202 	 0.000257 
0.402562 	0.060921 	0.011843 	0.038991 	0.002299 	0.402297 	 0.000268 
0.405437 	0.057136 	0.011826 	0.036336 	0.002067 	0.405216 	 0.000217 
0.396134 	0.061057 	0.011104 	0.039585 	0.002248 	0.395851 	 0.000284 
0.395075 	0.059672 	0.010541 	0.039516 	0.002218 	0.394791 	 0.000286 
0.399246 	0.059758 	0.012804 	0.036602 	0.002237 	0.398978 	 0.000271 
0.408352 	0.058555 	0.011344 	0.038295 	0.002086 	0.408134 	 0.000214 
0.388196 	0.062465 	0.012100 	0.039907 	0.002414 	0.387954 	 0.000241 
0.390252 	0.062437 	0.012369 	0.039812 	0.002387 	0.390021 	 0.000234 
0.385020 	0.067076 	0.011917 	0.044309 	0.002576 	0.384749 	 0.000268 
0.390433 	0.062593 	0.013526 	0.039597 	0.002229 	0.390220 	 0.000206 
0.390535 	0.065581 	0.012824 	0.041890 	0.002614 	0.390269 	 0.000263 
0.389362 	0.063322 	0.013526 	0.039199 	0.002406 	0.389121 	 0.000231 
0.387718 	0.066382 	0.012672 	0.042739 	0.002626 	0.387424 	 0.000291 
0.390101 	0.061857 	0.012470 	0.039433 	0.002386 	0.389862 	 0.000233 
0.395175 	0.064581 	0.012294 	0.040707 	0.002561 	0.394873 	 0.000308 
0.389412 	0.064274 	0.012856 	0.040862 	0.002442 	0.389151 	 0.000257 
0.396291 	0.064163 	0.013341 	0.039905 	0.002366 	0.396044 	 0.000249 
0.390465 	0.065001 	0.012480 	0.042611 	0.002547 	0.390194 	 0.000264 
0.394172 	0.067613 	0.012881 	0.043237 	0.002714 	0.393878 	 0.000295 
0.393093 	0.064014 	0.011774 	0.041633 	0.002498 	0.392814 	 0.000282 
0.381691 	0.069174 	0.012162 	0.046060 	0.002672 	0.381393 	 0.000296 
0.395534 	0.065021 	0.012392 	0.041567 	0.002438 	0.395274 	 0.000255 
0.386475 	0.068562 	0.013594 	0.043606 	0.002739 	0.386190 	 0.000281 
0.388463 	0.070334 	0.014097 	0.044726 	0.002826 	0.388173 	 0.000304 
0.382792 	0.071463 	0.013696 	0.045635 	0.002971 	0.382478 	 0.000312 
0.400837 	0.061363 	0.011638 	0.039754 	0.002244 	0.400555 	 0.000287 
0.397235 	0.065480 	0.012286 	0.043624 	0.002422 	0.396979 	 0.000261 
0.388274 	0.064306 	0.012375 	0.041570 	0.002461 	0.387993 	 0.000283 
0.389345 	0.062498 	0.012149 	0.039642 	0.002473 	0.389075 	 0.000267 
0.393285 	0.063478 	0.014261 	0.038203 	0.002450 	0.393064 	 0.000210 
0.391863 	0.068992 	0.012829 	0.045303 	0.002694 	0.391551 	 0.000314 
0.396138 	0.061533 	0.011524 	0.039941 	0.002289 	0.395871 	 0.000264 
0.392375 	0.064251 	0.012578 	0.040794 	0.002485 	0.392103 	 0.000271 
0.396258 	0.063251 	0.012371 	0.041146 	0.002412 	0.396002 	 0.000257 
0.393415 	0.068912 	0.013223 	0.044508 	0.002682 	0.393123 	 0.000291 
0.394151 	0.064683 	0.013553 	0.041070 	0.002421 	0.393918 	 0.000230 
0.389759 	0.063035 	0.013219 	0.039827 	0.002351 	0.389521 	 0.000230 
0.387182 	0.067956 	0.012654 	0.044428 	0.002663 	0.386856 	 0.000328 
0.395712 	0.066599 	0.013218 	0.041694 	0.002641 	0.395434 	 0.000276 
0.391324 	0.069400 	0.014546 	0.044484 	0.002752 	0.391058 	 0.000268 
0.396251 	0.066541 	0.013671 	0.042691 	0.002583 	0.395964 	 0.000287 
0.388664 	0.064305 	0.011947 	0.041519 	0.002541 	0.388395 	 0.000267 
0.384102 	0.070175 	0.012971 	0.045642 	0.002817 	0.383798 	 0.000311 
0.382009 	0.065496 	0.012176 	0.041429 	0.002509 	0.381709 	 0.000302 
0.377925 	0.068517 	0.014306 	0.042865 	0.002740 	0.377657 	 0.000262 
0.387139 	0.067826 	0.012205 	0.043911 	0.002547 	0.386852 	 0.000295 
0.375984 	0.070428 	0.013579 	0.045532 	0.002783 	0.375702 	 0.000282 
0.382711 	0.068128 	0.014196 	0.042511 	0.002721 	0.382428 	 0.000277 
0.367753 	0.071600 	0.013142 	0.045715 	0.002891 	0.367433 	 0.000311 
0.385920 	0.070578 	0.014166 	0.045510 	0.002714 	0.385653 	 0.000270 
0.379575 	0.070286 	0.014348 	0.045116 	0.002764 	0.379286 	 0.000290 
0.382094 	0.069773 	0.014185 	0.043700 	0.002848 	0.381809 	 0.000285 
0.383341 	0.072043 	0.013612 	0.046247 	0.002853 	0.383033 	 0.000304 
0.388849 	0.069625 	0.012822 	0.045094 	0.002785 	0.388565 	 0.000284 
0.384452 	0.072573 	0.014846 	0.046416 	0.002957 	0.384170 	 0.000272 
0.396553 	0.068702 	0.013367 	0.043687 	0.002649 	0.396240 	 0.000313 
0.375107 	0.072428 	0.014542 	0.045599 	0.002867 	0.374807 	 0.000292 
0.382609 	0.069360 	0.014482 	0.043050 	0.002897 	0.382327 	 0.000298 
0.386103 	0.073896 	0.013410 	0.049203 	0.002861 	0.385803 	 0.000289 
0.383980 	0.070155 	0.013760 	0.045762 	0.002678 	0.383718 	 0.000257 
0.374701 	0.073419 	0.014765 	0.047064 	0.003035 	0.374402 	 0.000290 
0.384426 	0.068564 	0.013209 	0.043655 	0.002706 	0.384147 	 0.000287 
0.374339 	0.075001 	0.016172 	0.046695 	0.003056 	0.374071 	 0.000264 
0.374371 	0.073541 	0.014772 	0.046176 	0.002973 	0.374058 	 0.000308 
0.378134 	0.071923 	0.013853 	0.046690 	0.002899 	0.377865 	 0.000271 
0.381589 	0.070411 	0.013641 	0.045429 	0.002685 	0.381281 	 0.000314 
0.379276 	0.071822 	0.015710 	0.043888 	0.002942 	0.379014 	 0.000248 
0.312652 	0.011702 	0.001305 	0.007346 	-0.000102 	0.312650 	 0.000003 
0.312381 	0.006900 	0.000449 	0.005156 	-0.000446 	0.312394 	 -0.000009 
0.319843 	0.005884 	0.000658 	0.003903 	-0.000455 	0.319896 	 -0.000048 
0.317654 	0.010502 	0.001080 	0.006986 	-0.000090 	0.317688 	 -0.000046 
0.310384 	0.013242 	0.002878 	0.006137 	0.000092 	0.310379 	 0.000008 
0.318558 	0.008193 	0.001065 	0.004975 	-0.000239 	0.318547 	 0.000014 
0.310428 	0.014414 	0.000924 	0.009752 	0.000128 	0.310346 	 0.000086 
0.332895 	0.007278 	0.002463 	0.003435 	-0.000220 	0.332978 	 -0.000081 
0.302720 	0.017098 	0.003872 	0.008746 	0.000076 	0.302756 	 -0.000028 
0.297675 	0.017000 	0.004456 	0.009161 	0.000186 	0.297729 	 -0.000058 
0.303284 	0.015728 	0.001920 	0.010382 	0.000132 	0.303284 	 -0.000010 
0.300092 	0.016966 	0.004808 	0.008704 	0.000153 	0.300169 	 -0.000071 
0.297962 	0.017398 	0.002306 	0.011817 	0.000123 	0.297978 	 -0.000026 
0.297928 	0.016059 	0.002504 	0.010414 	0.000211 	0.297970 	 -0.000046 
0.304952 	0.013995 	0.002261 	0.009037 	-0.000057 	0.304996 	 -0.000043 
0.292057 	0.018179 	0.003512 	0.011073 	0.000241 	0.292090 	 -0.000035 
0.308986 	0.017385 	0.005046 	0.009682 	0.000305 	0.309052 	 -0.000063 
0.313584 	0.011833 	0.003395 	0.006797 	-0.000100 	0.313705 	 -0.000136 
0.298092 	0.015809 	0.003453 	0.009291 	0.000125 	0.298132 	 -0.000047 
0.315975 	0.014676 	0.004511 	0.007130 	0.000123 	0.316057 	 -0.000088 
0.305663 	0.013320 	0.003906 	0.007555 	-0.000017 	0.305799 	 -0.000139 
0.311627 	0.009353 	0.002335 	0.005299 	-0.000297 	0.311760 	 -0.000132 
0.309980 	0.015111 	0.004986 	0.007911 	-0.000024 	0.310072 	 -0.000099 
0.308007 	0.016534 	0.004855 	0.008693 	0.000194 	0.308078 	 -0.000077 
0.296866 	0.019759 	0.003902 	0.011436 	0.000223 	0.296892 	 -0.000020 
0.301602 	0.020835 	0.003643 	0.013394 	0.000301 	0.301627 	 -0.000026 
0.297527 	0.018804 	0.003944 	0.011420 	0.000114 	0.297524 	 -0.000005 
0.299289 	0.018801 	0.004181 	0.011751 	0.000095 	0.299340 	 -0.000052 
0.305474 	0.014344 	0.004010 	0.007040 	-0.000076 	0.305549 	 -0.000073 
0.291202 	0.020448 	0.004151 	0.012664 	0.000277 	0.291222 	 -0.000022 
0.293572 	0.017310 	0.004228 	0.008482 	0.000077 	0.293593 	 -0.000025 
0.290937 	0.023039 	0.003851 	0.014531 	0.000429 	0.290891 	 0.000042 
0.297506 	0.021149 	0.004786 	0.012793 	0.000259 	0.297530 	 -0.000022 
0.295188 	0.023857 	0.004427 	0.015019 	0.000414 	0.295149 	 0.000038 
0.280429 	0.028956 	0.006522 	0.017318 	0.000552 	0.280373 	 0.000058 
0.272357 	0.030810 	0.006108 	0.018664 	0.000616 	0.272316 	 0.000033 
0.278390 	0.023136 	0.005107 	0.013924 	0.000276 	0.278415 	 -0.000022 
0.283637 	0.028172 	0.006693 	0.016239 	0.000511 	0.283617 	 0.000020 
0.273812 	0.027709 	0.005859 	0.016998 	0.000573 	0.273828 	 -0.000013 
0.279599 	0.030935 	0.007361 	0.018533 	0.000651 	0.279605 	 0.000000 
0.265730 	0.034274 	0.006572 	0.022238 	0.000871 	0.265676 	 0.000046 
0.287030 	0.028965 	0.006703 	0.017138 	0.000473 	0.287069 	 -0.000039 
0.273900 	0.030185 	0.005322 	0.018980 	0.000627 	0.273842 	 0.000057 
0.277577 	0.031987 	0.006313 	0.020231 	0.000705 	0.277532 	 0.000045 
0.279481 	0.030631 	0.007603 	0.017619 	0.000633 	0.279481 	 -0.000005 
0.283502 	0.030059 	0.006665 	0.018331 	0.000699 	0.283542 	 -0.000045 
0.272746 	0.032872 	0.009457 	0.017521 	0.000781 	0.272775 	 -0.000043 
0.277200 	0.029138 	0.007513 	0.016748 	0.000590 	0.277216 	 -0.000020 
0.270245 	0.033245 	0.006258 	0.021288 	0.000824 	0.270192 	 0.000046 
0.269866 	0.033899 	0.008574 	0.020082 	0.000879 	0.269860 	 -0.000000 
0.274322 	0.029057 	0.007878 	0.015999 	0.000620 	0.274340 	 -0.000016 
0.267721 	0.034175 	0.008051 	0.020417 	0.000884 	0.267717 	 -0.000005 
0.264911 	0.033736 	0.008700 	0.019090 	0.000846 	0.264914 	 -0.000005 
0.270926 	0.033315 	0.007565 	0.019882 	0.000926 	0.270950 	 -0.000022 
0.273930 	0.029569 	0.007577 	0.017714 	0.000627 	0.273953 	 -0.000020 
0.272399 	0.034868 	0.008936 	0.019206 	0.000801 	0.272387 	 0.000010 
0.275366 	0.032568 	0.008657 	0.018543 	0.000831 	0.275385 	 -0.000014 
0.265556 	0.037060 	0.008551 	0.021773 	0.001087 	0.265524 	 0.000019 
0.263905 	0.039290 	0.009277 	0.023654 	0.001112 	0.263910 	 -0.000009 
0.265378 	0.037947 	0.010075 	0.020964 	0.001144 	0.265374 	 -0.000010 
0.269429 	0.029756 	0.007097 	0.017045 	0.000605 	0.269427 	 -0.000003 
0.284005 	0.032383 	0.007502 	0.019297 	0.000767 	0.283976 	 0.000029 
0.267855 	0.036293 	0.008805 	0.021703 	0.000995 	0.267831 	 0.000018 
0.271805 	0.031788 	0.006130 	0.020420 	0.000720 	0.271775 	 0.000031 
0.269456 	0.035404 	0.007519 	0.022408 	0.000795 	0.269415 	 0.000047 
0.275063 	0.036782 	0.009340 	0.021000 	0.001049 	0.275068 	 0.000000 
0.276026 	0.030580 	0.007665 	0.017926 	0.000609 	0.276033 	 -0.000007 
0.273699 	0.033500 	0.007562 	0.021022 	0.000663 	0.273677 	 0.000026 
0.266219 	0.035407 	0.008071 	0.020954 	0.000921 	0.266188 	 0.000029 
0.279138 	0.029579 	0.007449 	0.016726 	0.000549 	0.279157 	 -0.000020 
0.268120 	0.036144 	0.009564 	0.020593 	0.000912 	0.268115 	 0.000004 
0.264559 	0.033133 	0.008549 	0.019067 	0.000724 	0.264574 	 -0.000026 
0.268226 	0.036438 	0.008859 	0.021828 	0.000952 	0.268215 	 0.000011 
0.269811 	0.042458 	0.009991 	0.025730 	0.001191 	0.269789 	 0.000024 
0.258731 	0.040318 	0.010379 	0.023093 	0.001171 	0.258718 	 0.000017 
0.266646 	0.042797 	0.010216 	0.025289 	0.001401 	0.266623 	 0.000027 
0.259613 	0.039858 	0.008972 	0.025085 	0.001097 	0.259613 	 -0.000002 
0.267726 	0.038594 	0.008990 	0.023846 	0.001025 	0.267673 	 0.000057 
0.272347 	0.034134 	0.008047 	0.020211 	0.000786 	0.272335 	 0.000017 
0.275521 	0.036376 	0.009783 	0.020316 	0.000983 	0.275524 	 -0.000000 
0.259074 	0.037407 	0.008646 	0.022892 	0.000912 	0.259042 	 0.000031 
0.265687 	0.036325 	0.009295 	0.021347 	0.000974 	0.265681 	 0.000006 
0.255469 	0.042777 	0.010110 	0.026259 	0.001257 	0.255399 	 0.000066 
0.274850 	0.038978 	0.008763 	0.023839 	0.001077 	0.274826 	 0.000032 
0.265799 	0.036766 	0.009232 	0.021346 	0.000966 	0.265783 	 0.000012 
0.270338 	0.038960 	0.009995 	0.022442 	0.001027 	0.270308 	 0.000044 
0.263168 	0.039605 	0.009809 	0.023307 	0.001060 	0.263169 	 0.000003 
0.263054 	0.035576 	0.008277 	0.021290 	0.000784 	0.263050 	 0.000008 
0.274291 	0.034691 	0.009730 	0.019947 	0.000625 	0.274344 	 -0.000056 
0.262620 	0.041026 	0.010606 	0.022928 	0.001299 	0.262602 	 0.000026 
0.259564 	0.046967 	0.012389 	0.027163 	0.001513 	0.259509 	 0.000051 
0.264060 	0.042858 	0.011607 	0.024318 	0.001293 	0.264048 	 0.000013 
0.256606 	0.043001 	0.010339 	0.025785 	0.001331 	0.256562 	 0.000046 
0.264274 	0.042769 	0.010346 	0.025716 	0.001342 	0.264257 	 0.000012 
0.259805 	0.038511 	0.011086 	0.021349 	0.001032 	0.259862 	 -0.000062 
0.251538 	0.043792 	0.011135 	0.025507 	0.001412 	0.251489 	 0.000051 
0.259677 	0.038136 	0.010923 	0.020954 	0.001096 	0.259738 	 -0.000066 
0.265022 	0.040067 	0.010307 	0.023014 	0.001066 	0.265033 	 -0.000013 
0.260471 	0.039616 	0.010649 	0.021839 	0.001100 	0.260446 	 0.000018 
0.259631 	0.042333 	0.009358 	0.026916 	0.001159 	0.259586 	 0.000041 
0.261934 	0.039523 	0.011915 	0.021380 	0.001147 	0.261997 	 -0.000064 
0.261845 	0.042719 	0.013114 	0.023182 	0.001282 	0.261881 	 -0.000034 
0.254921 	0.043447 	0.011120 	0.026619 	0.001249 	0.254943 	 -0.000026 
0.252938 	0.044571 	0.012350 	0.023728 	0.001461 	0.252924 	 0.000014 
0.256965 	0.044019 	0.011147 	0.025685 	0.001371 	0.256964 	 0.000005 
0.252792 	0.043050 	0.010804 	0.026176 	0.001148 	0.252803 	 -0.000016 
0.262977 	0.041719 	0.011740 	0.023228 	0.001190 	0.262997 	 -0.000020 
0.259707 	0.039639 	0.010588 	0.022678 	0.001068 	0.259715 	 -0.000018 
0.252014 	0.046151 	0.011815 	0.026536 	0.001436 	0.251982 	 0.000027 
0.268255 	0.042365 	0.011692 	0.024600 	0.001149 	0.268296 	 -0.000039 
0.255772 	0.046275 	0.011857 	0.028057 	0.001298 	0.255732 	 0.000044 
0.255355 	0.044615 	0.012054 	0.025813 	0.001385 	0.255373 	 -0.000013 
0.246095 	0.046707 	0.012343 	0.027249 	0.001392 	0.246053 	 0.000042 
0.246895 	0.044522 	0.011999 	0.025119 	0.001378 	0.246893 	 0.000003 
0.260896 	0.048392 	0.012221 	0.028556 	0.001486 	0.260836 	 0.000063 
0.256267 	0.045510 	0.011734 	0.026849 	0.001343 	0.256258 	 0.000010 
0.251591 	0.044460 	0.012088 	0.025105 	0.001418 	0.251578 	 0.000003 
0.247027 	0.046215 	0.012510 	0.025910 	0.001412 	0.247027 	 -0.000007 
0.248712 	0.046760 	0.013327 	0.025941 	0.001461 	0.248711 	 -0.000002 
0.254737 	0.039687 	0.011725 	0.021592 	0.001003 	0.254779 	 -0.000053 
0.257892 	0.041990 	0.011138 	0.023798 	0.001298 	0.257903 	 -0.000002 
0.250192 	0.044263 	0.012597 	0.025255 	0.001311 	0.250198 	 -0.000007 
0.252954 	0.051006 	0.013632 	0.028996 	0.001729 	0.252907 	 0.000050 
0.253589 	0.046394 	0.011866 	0.027083 	0.001417 	0.253538 	 0.000045 
0.253117 	0.044673 	0.012979 	0.024632 	0.001370 	0.253117 	 0.000001 
0.253987 	0.049133 	0.013872 	0.027642 	0.001514 	0.253975 	 0.000009 
0.249312 	0.047270 	0.012286 	0.028336 	0.001508 	0.249336 	 -0.000018 
0.255275 	0.046652 	0.012511 	0.026398 	0.001429 	0.255266 	 0.000014 
0.252466 	0.047013 	0.011750 	0.028350 	0.001430 	0.252449 	 0.000018 
0.247567 	0.054310 	0.014421 	0.031412 	0.001897 	0.247504 	 0.000054 
0.242965 	0.049596 	0.013452 	0.028889 	0.001525 	0.242953 	 0.000014 
0.254957 	0.045468 	0.012745 	0.025170 	0.001399 	0.254975 	 -0.000020 
0.247790 	0.043706 	0.009605 	0.028028 	0.001238 	0.247755 	 0.000032 
0.248552 	0.048188 	0.013969 	0.026345 	0.001610 	0.248541 	 0.000005 
0.249072 	0.051197 	0.011896 	0.031610 	0.001630 	0.249008 	 0.000059 
0.251128 	0.046825 	0.013494 	0.026740 	0.001384 	0.251157 	 -0.000023 
0.261889 	0.045416 	0.010917 	0.026425 	0.001400 	0.261841 	 0.000047 
0.248225 	0.048107 	0.012123 	0.028869 	0.001464 	0.248161 	 0.000063 
0.261126 	0.045664 	0.012392 	0.025681 	0.001345 	0.261097 	 0.000033 
0.253021 	0.045541 	0.012998 	0.025948 	0.001273 	0.253035 	 -0.000011 
0.258462 	0.046899 	0.013203 	0.026246 	0.001362 	0.258477 	 -0.000013 
0.254482 	0.051107 	0.012754 	0.030386 	0.001698 	0.254427 	 0.000066 
0.245515 	0.051362 	0.014235 	0.028871 	0.001635 	0.245491 	 0.000032 
0.249490 	0.049024 	0.014540 	0.027032 	0.001548 	0.249511 	 -0.000015 
0.251405 	0.047177 	0.013519 	0.026265 	0.001459 	0.251400 	 0.000010 
0.246987 	0.046034 	0.012021 	0.026900 	0.001436 	0.246969 	 0.000021 
0.245976 	0.045177 	0.013887 	0.023111 	0.001377 	0.245995 	 -0.000017 
0.253962 	0.047207 	0.013152 	0.027034 	0.001366 	0.253956 	 0.000009 
0.250459 	0.050966 	0.013343 	0.030123 	0.001538 	0.250442 	 0.000015 
0.253277 	0.049804 	0.014006 	0.028239 	0.001578 	0.253261 	 0.000018 
0.242594 	0.049256 	0.014516 	0.026768 	0.001568 	0.242589 	 0.000004 
0.242233 	0.053730 	0.014738 	0.030734 	0.001660 	0.242200 	 0.000018 
0.254035 	0.046656 	0.012969 	0.026641 	0.001313 	0.254020 	 0.000017 
0.246510 	0.052067 	0.014505 	0.029521 	0.001687 	0.246481 	 0.000035 
0.235199 	0.052588 	0.014488 	0.029945 	0.001732 	0.235175 	 0.000016 
0.254744 	0.049305 	0.013932 	0.027506 	0.001378 	0.254732 	 0.000015 
0.243227 	0.052050 	0.014117 	0.029991 	0.001632 	0.243190 	 0.000036 
0.241621 	0.049433 	0.014177 	0.027175 	0.001515 	0.241587 	 0.000044 
0.248820 	0.052732 	0.014399 	0.030737 	0.001649 	0.248815 	 0.000005 
0.240214 	0.052087 	0.014103 	0.029092 	0.001714 	0.240177 	 0.000034 
0.239804 	0.049583 	0.013246 	0.027977 	0.001523 	0.239755 	 0.000049 
0.234611 	0.056191 	0.014563 	0.032172 	0.001933 	0.234512 	 0.000108 
0.245623 	0.053021 	0.015991 	0.028496 	0.001717 	0.245605 	 0.000021 
0.244389 	0.051025 	0.014423 	0.028524 	0.001551 	0.244372 	 0.000014 
0.237142 	0.051232 	0.013119 	0.030968 	0.001725 	0.237155 	 -0.000011 
0.247426 	0.052657 	0.014849 	0.030185 	0.001557 	0.247427 	 0.000010 
0.248092 	0.048461 	0.014111 	0.026132 	0.001455 	0.248113 	 -0.000019 
0.244862 	0.049442 	0.015206 	0.026612 	0.001545 	0.244900 	 -0.000047 
0.248370 	0.048568 	0.013337 	0.027538 	0.001433 	0.248337 	 0.000052 
0.235071 	0.057746 	0.015549 	0.032963 	0.001918 	0.234992 	 0.000081 
0.243560 	0.053465 	0.014263 	0.031093 	0.001617 	0.243510 	 0.000056 
0.242718 	0.055479 	0.015477 	0.031500 	0.001818 	0.242718 	 0.000010 
0.249513 	0.053323 	0.014525 	0.030554 	0.001681 	0.249479 	 0.000043 
0.243614 	0.052381 	0.015693 	0.028138 	0.001741 	0.243603 	 0.000020 
0.245843 	0.051329 	0.015373 	0.027830 	0.001534 	0.245871 	 -0.000029 
0.251022 	0.056453 	0.015932 	0.032798 	0.001816 	0.251013 	 0.000025 
0.238378 	0.054627 	0.014486 	0.031625 	0.001645 	0.238323 	 0.000053 
0.253685 	0.052823 	0.015003 	0.030242 	0.001562 	0.253657 	 0.000037 
0.236614 	0.053431 	0.016310 	0.028596 	0.001730 	0.236609 	 0.000004 
0.242327 	0.053563 	0.015506 	0.030204 	0.001686 	0.242310 	 0.000023 
0.247677 	0.051344 	0.015697 	0.027927 	0.001621 	0.247684 	 -0.000007 
0.245863 	0.053166 	0.016429 	0.028379 	0.001750 	0.245875 	 -0.000005 
0.236700 	0.052144 	0.017700 	0.026590 	0.001761 	0.236767 	 -0.000067 
0.239485 	0.055935 	0.015765 	0.031803 	0.001850 	0.239448 	 0.000031 
0.237445 	0.054651 	0.016723 	0.030053 	0.001820 	0.237490 	 -0.000044 
0.231493 	0.057804 	0.016842 	0.032704 	0.001990 	0.231478 	 0.000011 
0.238697 	0.056450 	0.017426 	0.030174 	0.001988 	0.238684 	 0.000023 
0.251178 	0.052313 	0.015608 	0.028479 	0.001628 	0.251190 	 -0.000008 
0.251975 	0.053300 	0.016339 	0.029100 	0.001613 	0.251990 	 -0.000011 
0.241040 	0.057762 	0.016761 	0.032695 	0.001894 	0.241018 	 0.000021 
0.242632 	0.053866 	0.016140 	0.029757 	0.001788 	0.242666 	 -0.000032 
0.238227 	0.055902 	0.017043 	0.029682 	0.001922 	0.238221 	 0.000000 
0.240951 	0.059152 	0.018857 	0.031027 	0.002069 	0.240963 	 -0.000017 
0.232505 	0.054832 	0.016954 	0.029505 	0.001825 	0.232488 	 0.000020 
0.236727 	0.058104 	0.017516 	0.031071 	0.002057 	0.236724 	 0.000001 
0.239122 	0.051088 	0.015741 	0.027621 	0.001555 	0.239161 	 -0.000037 
0.237432 	0.052573 	0.016827 	0.027697 	0.001713 	0.237484 	 -0.000051 
0.237087 	0.055910 	0.017586 	0.029550 	0.001884 	0.237124 	 -0.000037 
0.235436 	0.053168 	0.017070 	0.027198 	0.001749 	0.235440 	 0.000004 
0.242192 	0.050354 	0.016132 	0.027076 	0.001509 	0.242257 	 -0.000058 
0.236683 	0.057772 	0.016644 	0.033071 	0.001945 	0.236693 	 -0.000005 
0.233890 	0.058738 	0.016507 	0.033435 	0.001978 	0.233850 	 0.000037 
0.239123 	0.054820 	0.018221 	0.028658 	0.001827 	0.239174 	 -0.000039 
0.237177 	0.056554 	0.016240 	0.032131 	0.001823 	0.237167 	 0.000010 
0.234929 	0.054681 	0.016738 	0.029092 	0.001882 	0.234917 	 0.000005 
0.233591 	0.054034 	0.016664 	0.029546 	0.001635 	0.233626 	 -0.000031 
0.243314 	0.053145 	0.017818 	0.027809 	0.001740 	0.243369 	 -0.000051 
0.237407 	0.058801 	0.018076 	0.031958 	0.001950 	0.237412 	 -0.000007 
0.232094 	0.064036 	0.018336 	0.036088 	0.002256 	0.232060 	 0.000035 
0.237542 	0.057716 	0.017578 	0.030892 	0.001970 	0.237504 	 0.000037 
0.224535 	0.060998 	0.018327 	0.033208 	0.002025 	0.224523 	 0.000011 
0.106730 	-0.007678 	0.006039 	-0.011219 	-0.000495 	0.106949 	 -0.000233 
0.079613 	0.001828 	0.003514 	-0.000741 	-0.000095 	0.079633 	 -0.000023 
0.092374 	-0.001595 	0.009737 	-0.010678 	0.000135 	0.092630 	 -0.000258 
0.117570 	-0.010199 	0.010439 	-0.016943 	-0.000529 	0.117938 	 -0.000360 
0.104991 	-0.008388 	0.008632 	-0.018382 	-0.000158 	0.105210 	 -0.000242 
0.116131 	-0.002716 	0.006370 	-0.006057 	-0.000364 	0.116304 	 -0.000179 
0.105473 	0.004865 	0.004066 	0.002525 	-0.000028 	0.105495 	 -0.000034 
0.110787 	0.001446 	0.004821 	-0.001325 	0.000002 	0.110865 	 -0.000099 
0.115229 	-0.000389 	0.006888 	-0.004395 	-0.000216 	0.115421 	 -0.000187 
0.097986 	0.003472 	0.003822 	0.001069 	-0.000183 	0.098028 	 -0.000064 
0.116896 	0.001806 	0.006314 	-0.001164 	-0.000322 	0.117015 	 -0.000126 
0.113904 	0.008646 	0.005353 	0.004649 	-0.000182 	0.113849 	 0.000064 
0.096275 	0.010598 	0.005294 	0.005544 	0.000014 	0.096265 	 0.000010 
0.102603 	0.014565 	0.009923 	0.002746 	0.000555 	0.102629 	 -0.000045 
0.111257 	-0.002305 	0.005220 	-0.004463 	-0.000780 	0.111387 	 -0.000139 
0.121517 	0.003395 	0.010341 	-0.004795 	-0.000376 	0.121718 	 -0.000205 
0.099516 	0.003245 	0.006617 	-0.000624 	-0.000191 	0.099626 	 -0.000109 
0.100424 	0.009217 	0.007285 	0.003702 	0.000194 	0.100494 	 -0.000068 
0.094448 	0.003729 	0.005608 	-0.000187 	-0.000136 	0.094543 	 -0.000091 
0.106036 	0.005356 	0.005945 	0.001348 	-0.000076 	0.106141 	 -0.000103 
0.086055 	0.008918 	0.007448 	0.002035 	0.000150 	0.086155 	 -0.000109 
0.096418 	0.004961 	0.007295 	-0.000557 	-0.000085 	0.096555 	 -0.000143 
0.077878 	0.009519 	0.007068 	0.003060 	0.000138 	0.077942 	 -0.000063 
0.083903 	0.010239 	0.008444 	0.003128 	0.000207 	0.084026 	 -0.000124 
0.094157 	0.008360 	0.006849 	0.003635 	0.000143 	0.094253 	 -0.000102 
0.087626 	0.010422 	0.007301 	0.004187 	0.000201 	0.087699 	 -0.000066 
0.092398 	0.011994 	0.008324 	0.005523 	0.000271 	0.092507 	 -0.000123 
0.094715 	0.007751 	0.007482 	0.001894 	-0.000035 	0.094819 	 -0.000102 
0.091334 	0.009313 	0.008600 	0.001517 	0.000055 	0.091427 	 -0.000105 
0.094984 	0.008270 	0.007685 	0.002755 	0.000177 	0.095066 	 -0.000079 
0.098331 	0.008989 	0.007447 	0.002219 	0.000344 	0.098426 	 -0.000082 
0.097374 	0.006296 	0.006932 	0.000785 	-0.000082 	0.097412 	 -0.000033 
0.096486 	0.005225 	0.008345 	-0.001194 	-0.000055 	0.096629 	 -0.000141 
0.090336 	0.008062 	0.006665 	0.003072 	0.000098 	0.090367 	 -0.000030 
0.082533 	0.011396 	0.008365 	0.003648 	0.000255 	0.082613 	 -0.000074 
0.092658 	0.010094 	0.009269 	0.000967 	0.000296 	0.092734 	 -0.000070 
0.091351 	0.010764 	0.008605 	0.003485 	0.000174 	0.091413 	 -0.000054 
0.084837 	0.009773 	0.009231 	0.001752 	0.000231 	0.084960 	 -0.000124 
0.086844 	0.014886 	0.009396 	0.006221 	0.000313 	0.086900 	 -0.000055 
0.089074 	0.014371 	0.009586 	0.004865 	0.000398 	0.089133 	 -0.000057 
0.075126 	0.014803 	0.009902 	0.004912 	0.000436 	0.075190 	 -0.000060 
0.074567 	0.020650 	0.010524 	0.009686 	0.000801 	0.074600 	 -0.000030 
0.083490 	0.018413 	0.009778 	0.008415 	0.000604 	0.083495 	 -0.000007 
0.079430 	0.017213 	0.009277 	0.007328 	0.000526 	0.079431 	 0.000001 
0.089221 	0.015808 	0.008895 	0.008311 	0.000489 	0.089265 	 -0.000041 
0.076100 	0.010292 	0.007811 	0.004223 	0.000085 	0.076169 	 -0.000056 
0.077399 	0.017263 	0.009273 	0.007396 	0.000327 	0.077404 	 -0.000006 
0.076432 	0.015995 	0.009901 	0.005853 	0.000540 	0.076463 	 -0.000035 
0.076769 	0.015408 	0.008960 	0.006769 	0.000394 	0.076814 	 -0.000046 
0.073214 	0.017708 	0.009068 	0.008159 	0.000409 	0.073188 	 0.000033 
0.082602 	0.019877 	0.011448 	0.007721 	0.000686 	0.082645 	 -0.000036 
0.084514 	0.015423 	0.009978 	0.004973 	0.000405 	0.084569 	 -0.000052 
0.074733 	0.020772 	0.011307 	0.008438 	0.000672 	0.074744 	 -0.000003 
0.072034 	0.023718 	0.011208 	0.011220 	0.000808 	0.071999 	 0.000040 
0.071311 	0.013493 	0.009775 	0.004512 	0.000197 	0.071368 	 -0.000052 
0.074597 	0.017857 	0.013034 	0.003912 	0.000609 	0.074686 	 -0.000089 
0.067958 	0.016474 	0.010888 	0.005636 	0.000407 	0.067994 	 -0.000033 
0.075426 	0.020059 	0.012281 	0.006882 	0.000670 	0.075469 	 -0.000040 
0.070734 	0.020214 	0.009959 	0.009565 	0.000675 	0.070721 	 0.000012 
0.069922 	0.018278 	0.011559 	0.005284 	0.000499 	0.069955 	 -0.000025 
0.071235 	0.027188 	0.012904 	0.012940 	0.000981 	0.071205 	 0.000039 
0.070145 	0.020294 	0.010703 	0.008041 	0.000671 	0.070147 	 0.000002 
0.063811 	0.022275 	0.011341 	0.010309 	0.000696 	0.063786 	 0.000024 
0.078032 	0.022687 	0.012646 	0.008683 	0.000744 	0.078042 	 -0.000007 
0.071944 	0.020793 	0.011247 	0.009179 	0.000575 	0.071938 	 0.000009 
0.060857 	0.026078 	0.012551 	0.011733 	0.000924 	0.060819 	 0.000033 
0.062465 	0.023598 	0.011522 	0.009781 	0.000844 	0.062433 	 0.000034 
0.076626 	0.019996 	0.010187 	0.008747 	0.000672 	0.076637 	 -0.000000 
0.065115 	0.026823 	0.012550 	0.012150 	0.000980 	0.065079 	 0.000033 
0.076252 	0.025964 	0.012890 	0.010856 	0.000952 	0.076250 	 0.000008 
0.072266 	0.026173 	0.013124 	0.010516 	0.001162 	0.072252 	 0.000026 
0.072350 	0.026728 	0.013381 	0.011658 	0.001122 	0.072338 	 0.000022 
0.061673 	0.025503 	0.012614 	0.011104 	0.000845 	0.061630 	 0.000039 
0.077170 	0.026316 	0.013836 	0.011163 	0.000990 	0.077185 	 -0.000002 
0.071796 	0.023419 	0.012749 	0.008324 	0.000834 	0.071787 	 0.000018 
0.062378 	0.032280 	0.013355 	0.016262 	0.001283 	0.062280 	 0.000098 
0.068532 	0.024407 	0.013619 	0.009316 	0.000841 	0.068526 	 0.000019 
0.054385 	0.029839 	0.013876 	0.013299 	0.001163 	0.054333 	 0.000053 
0.065104 	0.025395 	0.013112 	0.010558 	0.000859 	0.065104 	 -0.000001 
0.063893 	0.027749 	0.014197 	0.011343 	0.000924 	0.063882 	 0.000007 
0.060358 	0.029545 	0.015149 	0.011958 	0.001279 	0.060349 	 0.000011 
0.068496 	0.027370 	0.014935 	0.010178 	0.001039 	0.068495 	 0.000010 
0.063145 	0.027604 	0.013241 	0.011653 	0.000927 	0.063117 	 0.000027 
0.065183 	0.026835 	0.013750 	0.011163 	0.000878 	0.065181 	 -0.000000 
0.064637 	0.030492 	0.015403 	0.013235 	0.001209 	0.064628 	 0.000014 
0.069471 	0.023804 	0.013048 	0.009450 	0.000786 	0.069444 	 0.000032 
0.062337 	0.025863 	0.014685 	0.008996 	0.000920 	0.062332 	 0.000002 
0.061372 	0.031086 	0.014658 	0.013468 	0.001265 	0.061351 	 0.000019 
0.057336 	0.033680 	0.016759 	0.013823 	0.001428 	0.057283 	 0.000057 
0.062282 	0.026737 	0.013956 	0.010590 	0.000900 	0.062253 	 0.000033 
0.064954 	0.028465 	0.014595 	0.011663 	0.001211 	0.064926 	 0.000039 
0.060713 	0.032037 	0.015913 	0.013447 	0.001259 	0.060724 	 -0.000011 
0.056756 	0.029468 	0.014596 	0.012140 	0.001021 	0.056724 	 0.000035 
0.062784 	0.024364 	0.013683 	0.009376 	0.000732 	0.062783 	 0.000011 
0.058791 	0.032899 	0.015855 	0.014596 	0.001278 	0.058763 	 0.000015 
0.066553 	0.030623 	0.014994 	0.012382 	0.001252 	0.066512 	 0.000041 
0.062629 	0.035512 	0.015126 	0.017143 	0.001443 	0.062540 	 0.000096 
0.059810 	0.024294 	0.014693 	0.007421 	0.000807 	0.059807 	 0.000005 
0.058080 	0.029805 	0.016448 	0.010240 	0.001165 	0.058083 	 0.000002 
0.057456 	0.028125 	0.014045 	0.011356 	0.001098 	0.057431 	 0.000022 
0.068098 	0.031273 	0.016715 	0.011136 	0.001199 	0.068107 	 -0.000010 
0.065436 	0.032150 	0.015732 	0.013086 	0.001169 	0.065354 	 0.000084 
0.056334 	0.028962 	0.016205 	0.009973 	0.001195 	0.056345 	 -0.000014 
0.059033 	0.029854 	0.015191 	0.011166 	0.001096 	0.058974 	 0.000050 
0.074800 	0.027925 	0.015425 	0.009382 	0.001012 	0.074791 	 0.000010 
0.057448 	0.036090 	0.016932 	0.015396 	0.001423 	0.057394 	 0.000056 
0.073994 	0.028853 	0.016447 	0.009610 	0.001098 	0.074009 	 -0.000018 
0.060714 	0.028506 	0.016130 	0.009882 	0.001141 	0.060700 	 0.000021 
0.067666 	0.030640 	0.015956 	0.011468 	0.001177 	0.067643 	 0.000027 
0.071633 	0.030070 	0.016187 	0.011180 	0.001076 	0.071632 	 0.000012 
0.059498 	0.030336 	0.015905 	0.011270 	0.001175 	0.059494 	 0.000009 
0.058774 	0.032827 	0.017814 	0.011244 	0.001339 	0.058758 	 0.000016 
0.062174 	0.027514 	0.015488 	0.009802 	0.000975 	0.062171 	 0.000015 
0.066456 	0.029064 	0.015942 	0.009901 	0.001095 	0.066475 	 -0.000019 
0.066698 	0.032613 	0.016063 	0.012767 	0.001283 	0.066633 	 0.000064 
0.069991 	0.033226 	0.017227 	0.012539 	0.001266 	0.069967 	 0.000026 
0.060100 	0.030358 	0.017195 	0.009340 	0.001184 	0.060090 	 0.000008 
0.055962 	0.038209 	0.016865 	0.017429 	0.001544 	0.055884 	 0.000068 
0.060169 	0.032416 	0.017544 	0.010382 	0.001303 	0.060121 	 0.000051 
0.058457 	0.032859 	0.015700 	0.012837 	0.001287 	0.058374 	 0.000081 
0.074647 	0.028795 	0.014906 	0.010731 	0.000980 	0.074609 	 0.000038 
0.060950 	0.031653 	0.017379 	0.011186 	0.001325 	0.060934 	 0.000019 
0.052553 	0.029636 	0.015990 	0.010133 	0.001244 	0.052527 	 0.000024 
0.056219 	0.031646 	0.017177 	0.010577 	0.001321 	0.056225 	 -0.000007 
0.067276 	0.031571 	0.016046 	0.010835 	0.001327 	0.067237 	 0.000044 
0.070473 	0.029965 	0.015873 	0.009238 	0.001221 	0.070399 	 0.000070 
0.055973 	0.033091 	0.016185 	0.014261 	0.001306 	0.055958 	 0.000013 
0.064696 	0.033085 	0.017298 	0.012388 	0.001370 	0.064687 	 0.000004 
0.059805 	0.032573 	0.016713 	0.012883 	0.001252 	0.059742 	 0.000053 
0.058833 	0.033408 	0.017826 	0.011610 	0.001473 	0.058785 	 0.000053 
0.055505 	0.032743 	0.016956 	0.011675 	0.001359 	0.055453 	 0.000054 
0.059503 	0.037796 	0.018044 	0.015216 	0.001565 	0.059425 	 0.000066 
0.058856 	0.029854 	0.016943 	0.008751 	0.001124 	0.058839 	 0.000017 
0.058333 	0.030900 	0.017357 	0.009988 	0.001290 	0.058311 	 0.000027 
0.064144 	0.031871 	0.016817 	0.011094 	0.001274 	0.064074 	 0.000072 
0.055010 	0.036425 	0.016513 	0.014957 	0.001538 	0.054901 	 0.000118 
0.065339 	0.031843 	0.016364 	0.012152 	0.001285 	0.065308 	 0.000032 
0.050324 	0.032840 	0.016031 	0.013287 	0.001284 	0.050250 	 0.000076 
0.052557 	0.032892 	0.017258 	0.011664 	0.001274 	0.052511 	 0.000045 
0.066484 	0.029985 	0.016528 	0.009833 	0.001119 	0.066456 	 0.000031 
0.056378 	0.032594 	0.018498 	0.010270 	0.001315 	0.056370 	 0.000010 
0.061863 	0.029935 	0.016426 	0.009862 	0.001146 	0.061815 	 0.000051 
0.064392 	0.035465 	0.017516 	0.013388 	0.001384 	0.064341 	 0.000057 
0.058471 	0.033784 	0.017368 	0.011869 	0.001404 	0.058423 	 0.000058 
0.050308 	0.038204 	0.018204 	0.015726 	0.001556 	0.050241 	 0.000055 
0.065298 	0.030765 	0.016203 	0.011116 	0.001187 	0.065224 	 0.000071 
0.053301 	0.033591 	0.017796 	0.012209 	0.001317 	0.053249 	 0.000057 
0.057750 	0.031429 	0.017223 	0.011211 	0.001183 	0.057716 	 0.000030 
0.060854 	0.033533 	0.019105 	0.009629 	0.001315 	0.060854 	 0.000004 
0.048508 	0.038109 	0.018824 	0.015078 	0.001589 	0.048448 	 0.000054 
0.064456 	0.026659 	0.017979 	0.006083 	0.000940 	0.064485 	 -0.000021 
0.051544 	0.035504 	0.019576 	0.012320 	0.001456 	0.051543 	 0.000010 
0.060694 	0.035468 	0.017172 	0.014003 	0.001484 	0.060651 	 0.000044 
0.059470 	0.037213 	0.018767 	0.014155 	0.001438 	0.059426 	 0.000041 
0.054051 	0.031397 	0.016996 	0.010599 	0.001239 	0.053991 	 0.000060 
0.050080 	0.037754 	0.016294 	0.017325 	0.001634 	0.049948 	 0.000127 
0.049119 	0.038524 	0.019014 	0.014018 	0.001607 	0.049041 	 0.000080 
0.055203 	0.040785 	0.018952 	0.016504 	0.001654 	0.055115 	 0.000089 
0.060662 	0.035792 	0.019093 	0.012503 	0.001489 	0.060652 	 0.000011 
0.061037 	0.039344 	0.019941 	0.014088 	0.001749 	0.060992 	 0.000049 
0.051638 	0.035970 	0.018785 	0.012728 	0.001397 	0.051606 	 0.000026 
0.059433 	0.036525 	0.017463 	0.014335 	0.001418 	0.059363 	 0.000072 
0.060033 	0.034386 	0.018773 	0.011265 	0.001360 	0.059984 	 0.000045 
0.061393 	0.036384 	0.019937 	0.011662 	0.001527 	0.061377 	 0.000023 
0.056796 	0.037738 	0.018283 	0.014612 	0.001649 	0.056708 	 0.000097 
0.061681 	0.037485 	0.018371 	0.014715 	0.001509 	0.061597 	 0.000090 
0.051021 	0.038476 	0.019314 	0.013733 	0.001665 	0.050958 	 0.000064 
0.047724 	0.036500 	0.019079 	0.013005 	0.001458 	0.047662 	 0.000066 
0.061286 	0.036075 	0.019575 	0.011731 	0.001435 	0.061273 	 0.000013 
0.054860 	0.036564 	0.018573 	0.012639 	0.001608 	0.054828 	 0.000034 
0.047518 	0.036400 	0.019542 	0.010487 	0.001619 	0.047443 	 0.000068 
0.062735 	0.032670 	0.017715 	0.010666 	0.001382 	0.062681 	 0.000054 
0.050963 	0.039418 	0.018451 	0.015966 	0.001612 	0.050882 	 0.000079 
0.039543 	0.038116 	0.019137 	0.013888 	0.001626 	0.039488 	 0.000051 
0.054760 	0.036987 	0.018883 	0.013853 	0.001542 	0.054719 	 0.000040 
0.046629 	0.039237 	0.019443 	0.014671 	0.001667 	0.046564 	 0.000056 
0.052636 	0.037881 	0.019019 	0.013275 	0.001573 	0.052570 	 0.000060 
0.068940 	0.035532 	0.018226 	0.011834 	0.001518 	0.068877 	 0.000064 
0.054141 	0.037872 	0.018243 	0.013994 	0.001598 	0.054063 	 0.000077 
0.050978 	0.036915 	0.019587 	0.012651 	0.001466 	0.050938 	 0.000035 
0.052820 	0.036882 	0.019883 	0.012240 	0.001559 	0.052798 	 0.000016 
0.056466 	0.032364 	0.019688 	0.008823 	0.001269 	0.056477 	 -0.000020 
0.055549 	0.035447 	0.019313 	0.010462 	0.001432 	0.055504 	 0.000035 
0.063838 	0.034416 	0.019800 	0.010033 	0.001406 	0.063830 	 0.000001 
0.056620 	0.034110 	0.018814 	0.011290 	0.001383 	0.056572 	 0.000049 
0.060236 	0.034304 	0.019298 	0.009874 	0.001383 	0.060211 	 0.000025 
0.053612 	0.035741 	0.017719 	0.013435 	0.001436 	0.053545 	 0.000047 
0.047863 	0.033578 	0.020188 	0.008833 	0.001325 	0.047844 	 0.000015 
0.047295 	0.040562 	0.019429 	0.015984 	0.001657 	0.047195 	 0.000095 
0.052459 	0.035680 	0.018180 	0.012062 	0.001331 	0.052371 	 0.000076 
0.058259 	0.036510 	0.020497 	0.010294 	0.001643 	0.058224 	 0.000032 
0.056690 	0.035882 	0.019145 	0.011918 	0.001414 	0.056682 	 0.000004 
0.050698 	0.038277 	0.020213 	0.012607 	0.001502 	0.050642 	 0.000037 
0.053408 	0.034744 	0.019213 	0.010449 	0.001488 	0.053375 	 0.000026 
0.061966 	0.035173 	0.018254 	0.012621 	0.001354 	0.061924 	 0.000045 
0.058630 	0.029770 	0.018073 	0.008041 	0.001109 	0.058610 	 0.000016 
0.049549 	0.038491 	0.020098 	0.013160 	0.001519 	0.049492 	 0.000036 
0.047373 	0.032475 	0.018593 	0.009677 	0.001256 	0.047343 	 0.000029 
0.060694 	0.034315 	0.018282 	0.010390 	0.001420 	0.060645 	 0.000052 
0.068995 	0.032544 	0.019065 	0.009506 	0.001130 	0.068969 	 0.000026 
0.053719 	0.034470 	0.018948 	0.011199 	0.001374 	0.053677 	 0.000033 
0.050548 	0.037117 	0.019064 	0.012958 	0.001583 	0.050498 	 0.000055 
0.054656 	0.035336 	0.018387 	0.012290 	0.001413 	0.054603 	 0.000044 
0.053509 	0.035622 	0.018987 	0.012101 	0.001507 	0.053448 	 0.000064 
0.065680 	0.032804 	0.018247 	0.009651 	0.001279 	0.065647 	 0.000028 
0.050521 	0.035879 	0.018978 	0.011996 	0.001347 	0.050462 	 0.000060 
0.059850 	0.034849 	0.018533 	0.012009 	0.001427 	0.059811 	 0.000040 
0.060518 	0.036845 	0.019596 	0.011824 	0.001523 	0.060463 	 0.000057 
0.052424 	0.035527 	0.019165 	0.010966 	0.001557 	0.052382 	 0.000034 
0.051786 	0.037847 	0.019381 	0.012967 	0.001587 	0.051703 	 0.000068 
0.071885 	0.029263 	0.018571 	0.007281 	0.001140 	0.071849 	 0.000007 
