3.991047e-001 3.214941e-003 5.627067e-002 1.984408e-003 3.444772e-001 
3.987154e-001 4.990884e-003 9.156977e-002 4.586165e-003 3.408051e-001 
3.983262e-001 6.760090e-003 1.140351e-001 7.155477e-003 3.371691e-001 
3.979370e-001 8.522581e-003 1.283494e-001 9.692731e-003 3.335689e-001 
3.975479e-001 1.027837e-002 1.374867e-001 1.219831e-002 3.300041e-001 
3.971589e-001 1.202749e-002 1.433360e-001 1.467259e-002 3.264744e-001 
3.967700e-001 1.376995e-002 1.470970e-001 1.711594e-002 3.229795e-001 
3.963811e-001 1.550576e-002 1.495318e-001 1.952873e-002 3.195190e-001 
3.959923e-001 1.723496e-002 1.511243e-001 2.191133e-002 3.160926e-001 
3.956036e-001 1.895756e-002 1.521818e-001 2.426409e-002 3.127000e-001 
3.952149e-001 2.067357e-002 1.528996e-001 2.658737e-002 3.093409e-001 
3.948263e-001 2.238302e-002 1.534016e-001 2.888152e-002 3.060149e-001 
3.944378e-001 2.408593e-002 1.537667e-001 3.114689e-002 3.027218e-001 
3.940494e-001 2.578231e-002 1.540448e-001 3.338382e-002 2.994612e-001 
3.936610e-001 2.747219e-002 1.542678e-001 3.559265e-002 2.962329e-001 
3.932727e-001 2.915558e-002 1.544557e-001 3.777370e-002 2.930365e-001 
3.928845e-001 3.083250e-002 1.546214e-001 3.992733e-002 2.898717e-001 
3.924964e-001 3.250298e-002 1.547730e-001 4.205384e-002 2.867383e-001 
3.921083e-001 3.416702e-002 1.549158e-001 4.415357e-002 2.836359e-001 
3.917203e-001 3.582465e-002 1.550529e-001 4.622683e-002 2.805643e-001 
3.913324e-001 3.747588e-002 1.551865e-001 4.827393e-002 2.775231e-001 
3.909445e-001 3.912074e-002 1.553179e-001 5.029520e-002 2.745121e-001 
3.905567e-001 4.075925e-002 1.554480e-001 5.229093e-002 2.715310e-001 
3.901690e-001 4.239141e-002 1.555772e-001 5.426143e-002 2.685795e-001 
3.897814e-001 4.401726e-002 1.557060e-001 5.620700e-002 2.656573e-001 
3.893938e-001 4.563680e-002 1.558344e-001 5.812794e-002 2.627642e-001 
3.890063e-001 4.725006e-002 1.559628e-001 6.002454e-002 2.598999e-001 
3.886189e-001 4.885706e-002 1.560911e-001 6.189709e-002 2.570640e-001 
3.882315e-001 5.045781e-002 1.562194e-001 6.374588e-002 2.542564e-001 
3.878443e-001 5.205233e-002 1.563477e-001 6.557118e-002 2.514768e-001 
3.874570e-001 5.364065e-002 1.564761e-001 6.737329e-002 2.487249e-001 
3.870699e-001 5.522277e-002 1.566046e-001 6.915248e-002 2.460004e-001 
3.866829e-001 5.679871e-002 1.567332e-001 7.090901e-002 2.433031e-001 
3.862959e-001 5.836850e-002 1.568619e-001 7.264317e-002 2.406327e-001 
3.859089e-001 5.993215e-002 1.569907e-001 7.435521e-002 2.379890e-001 
3.855221e-001 6.148968e-002 1.571195e-001 7.604539e-002 2.353718e-001 
3.851353e-001 6.304111e-002 1.572485e-001 7.771399e-002 2.327807e-001 
3.847486e-001 6.458645e-002 1.573776e-001 7.936126e-002 2.302155e-001 
3.843620e-001 6.612573e-002 1.575068e-001 8.098745e-002 2.276760e-001 
3.839754e-001 6.765896e-002 1.576361e-001 8.259281e-002 2.251620e-001 
3.835890e-001 6.918615e-002 1.577655e-001 8.417758e-002 2.226731e-001 
3.832025e-001 7.070733e-002 1.578950e-001 8.574203e-002 2.202092e-001 
3.828162e-001 7.222252e-002 1.580246e-001 8.728638e-002 2.177700e-001 
3.824299e-001 7.373172e-002 1.581543e-001 8.881088e-002 2.153553e-001 
3.820437e-001 7.523497e-002 1.582842e-001 9.031577e-002 2.129649e-001 
3.816576e-001 7.673227e-002 1.584141e-001 9.180127e-002 2.105984e-001 
3.812716e-001 7.822364e-002 1.585441e-001 9.326762e-002 2.082558e-001 
3.808856e-001 7.970911e-002 1.586743e-001 9.471505e-002 2.059367e-001 
3.804997e-001 8.118868e-002 1.588045e-001 9.614379e-002 2.036410e-001 
3.801138e-001 8.266238e-002 1.589349e-001 9.755404e-002 2.013684e-001 
3.797281e-001 8.413022e-002 1.590654e-001 9.894605e-002 1.991187e-001 
3.793424e-001 8.559222e-002 1.591959e-001 1.003200e-001 1.968917e-001 
3.789568e-001 8.704839e-002 1.593266e-001 1.016762e-001 1.946872e-001 
3.785712e-001 8.849876e-002 1.594574e-001 1.030147e-001 1.925049e-001 
3.781857e-001 8.994334e-002 1.595883e-001 1.043358e-001 1.903447e-001 
3.778003e-001 9.138215e-002 1.597193e-001 1.056398e-001 1.882063e-001 
3.774150e-001 9.281520e-002 1.598504e-001 1.069267e-001 1.860895e-001 
3.770297e-001 9.424252e-002 1.599817e-001 1.081969e-001 1.839941e-001 
3.766446e-001 9.566411e-002 1.601130e-001 1.094505e-001 1.819200e-001 
3.762594e-001 9.708000e-002 1.602444e-001 1.106877e-001 1.798669e-001 
3.758744e-001 9.849020e-002 1.603760e-001 1.119087e-001 1.778345e-001 
3.754894e-001 9.989472e-002 1.605076e-001 1.131137e-001 1.758228e-001 
3.751045e-001 1.012936e-001 1.606394e-001 1.143030e-001 1.738315e-001 
3.747197e-001 1.026868e-001 1.607712e-001 1.154765e-001 1.718605e-001 
3.743349e-001 1.040744e-001 1.609032e-001 1.166347e-001 1.699094e-001 
3.739503e-001 1.054565e-001 1.610353e-001 1.177776e-001 1.679783e-001 
3.735656e-001 1.068329e-001 1.611675e-001 1.189055e-001 1.660667e-001 
3.731811e-001 1.082037e-001 1.612998e-001 1.200184e-001 1.641746e-001 
3.727966e-001 1.095690e-001 1.614322e-001 1.211167e-001 1.623018e-001 
3.724122e-001 1.109288e-001 1.615647e-001 1.222004e-001 1.604481e-001 
3.720279e-001 1.122830e-001 1.616973e-001 1.232698e-001 1.586132e-001 
3.716436e-001 1.136317e-001 1.618301e-001 1.243249e-001 1.567972e-001 
3.712595e-001 1.149750e-001 1.619629e-001 1.253661e-001 1.549996e-001 
3.708754e-001 1.163127e-001 1.620959e-001 1.263934e-001 1.532204e-001 
3.704913e-001 1.176450e-001 1.622289e-001 1.274070e-001 1.514594e-001 
3.701073e-001 1.189719e-001 1.623621e-001 1.284071e-001 1.497165e-001 
3.697234e-001 1.202933e-001 1.624954e-001 1.293938e-001 1.479913e-001 
3.693396e-001 1.216093e-001 1.626288e-001 1.303674e-001 1.462839e-001 
3.689559e-001 1.229199e-001 1.627623e-001 1.313279e-001 1.445939e-001 
3.685722e-001 1.242252e-001 1.628959e-001 1.322755e-001 1.429213e-001 
3.681886e-001 1.255251e-001 1.630296e-001 1.332103e-001 1.412659e-001 
3.678050e-001 1.268196e-001 1.631634e-001 1.341326e-001 1.396274e-001 
3.674216e-001 1.281088e-001 1.632974e-001 1.350425e-001 1.380058e-001 
3.670382e-001 1.293927e-001 1.634314e-001 1.359400e-001 1.364009e-001 
3.666548e-001 1.306713e-001 1.635656e-001 1.368255e-001 1.348125e-001 
3.662716e-001 1.319446e-001 1.636999e-001 1.376989e-001 1.332404e-001 
3.658884e-001 1.332127e-001 1.638342e-001 1.385605e-001 1.316846e-001 
3.655053e-001 1.344755e-001 1.639687e-001 1.394104e-001 1.301448e-001 
3.651223e-001 1.357330e-001 1.641033e-001 1.402487e-001 1.286208e-001 
3.647393e-001 1.369854e-001 1.642380e-001 1.410756e-001 1.271127e-001 
3.643564e-001 1.382325e-001 1.643729e-001 1.418912e-001 1.256201e-001 
3.639736e-001 1.394744e-001 1.645078e-001 1.426956e-001 1.241429e-001 
3.635908e-001 1.407112e-001 1.646428e-001 1.434890e-001 1.226810e-001 
3.632081e-001 1.419428e-001 1.647780e-001 1.442715e-001 1.212343e-001 
3.628255e-001 1.431693e-001 1.649132e-001 1.450433e-001 1.198025e-001 
3.624430e-001 1.443906e-001 1.650486e-001 1.458044e-001 1.183856e-001 
3.620605e-001 1.456068e-001 1.651841e-001 1.465550e-001 1.169834e-001 
3.616781e-001 1.468179e-001 1.653197e-001 1.472953e-001 1.155958e-001 
3.612958e-001 1.480240e-001 1.654554e-001 1.480252e-001 1.142226e-001 
3.609135e-001 1.492250e-001 1.655912e-001 1.487451e-001 1.128636e-001 
3.605314e-001 1.504209e-001 1.657272e-001 1.494549e-001 1.115188e-001 
3.601492e-001 1.516118e-001 1.658632e-001 1.501548e-001 1.101880e-001 
3.597672e-001 1.527976e-001 1.659994e-001 1.508450e-001 1.088711e-001 
3.593852e-001 1.539785e-001 1.661356e-001 1.515255e-001 1.075679e-001 
3.590033e-001 1.551543e-001 1.662720e-001 1.521965e-001 1.062783e-001 
3.586215e-001 1.563252e-001 1.664085e-001 1.528580e-001 1.050022e-001 
3.582397e-001 1.574911e-001 1.665451e-001 1.535102e-001 1.037394e-001 
3.578581e-001 1.586521e-001 1.666818e-001 1.541533e-001 1.024898e-001 
3.574765e-001 1.598081e-001 1.668187e-001 1.547872e-001 1.012533e-001 
3.570949e-001 1.609592e-001 1.669556e-001 1.554121e-001 1.000298e-001 
3.567134e-001 1.621054e-001 1.670926e-001 1.560282e-001 9.881903e-002 
3.563320e-001 1.632467e-001 1.672298e-001 1.566355e-001 9.762100e-002 
3.559507e-001 1.643832e-001 1.673671e-001 1.572341e-001 9.643555e-002 
3.555695e-001 1.655147e-001 1.675045e-001 1.578241e-001 9.526256e-002 
3.551883e-001 1.666415e-001 1.676420e-001 1.584057e-001 9.410190e-002 
3.548071e-001 1.677634e-001 1.677796e-001 1.589790e-001 9.295346e-002 
3.544261e-001 1.688805e-001 1.679173e-001 1.595440e-001 9.181710e-002 
3.540451e-001 1.699928e-001 1.680552e-001 1.601008e-001 9.069273e-002 
3.536642e-001 1.711003e-001 1.681931e-001 1.606496e-001 8.958021e-002 
3.532834e-001 1.722030e-001 1.683312e-001 1.611904e-001 8.847944e-002 
3.529026e-001 1.733009e-001 1.684694e-001 1.617233e-001 8.739029e-002 
3.525219e-001 1.743941e-001 1.686077e-001 1.622484e-001 8.631266e-002 
3.521413e-001 1.754826e-001 1.687461e-001 1.627659e-001 8.524643e-002 
3.517608e-001 1.765664e-001 1.688846e-001 1.632758e-001 8.419149e-002 
3.513803e-001 1.776455e-001 1.690232e-001 1.637782e-001 8.314773e-002 
3.509999e-001 1.787198e-001 1.691620e-001 1.642731e-001 8.211504e-002 
3.506196e-001 1.797895e-001 1.693008e-001 1.647608e-001 8.109332e-002 
3.502393e-001 1.808546e-001 1.694398e-001 1.652412e-001 8.008244e-002 
3.498591e-001 1.819150e-001 1.695789e-001 1.657145e-001 7.908232e-002 
3.494790e-001 1.829707e-001 1.697181e-001 1.661807e-001 7.809284e-002 
3.490989e-001 1.840219e-001 1.698574e-001 1.666399e-001 7.711389e-002 
3.487189e-001 1.850684e-001 1.699969e-001 1.670923e-001 7.614538e-002 
3.483390e-001 1.861104e-001 1.701364e-001 1.675378e-001 7.518720e-002 
3.479592e-001 1.871477e-001 1.702761e-001 1.679766e-001 7.423925e-002 
3.475794e-001 1.881805e-001 1.704159e-001 1.684088e-001 7.330143e-002 
3.471997e-001 1.892088e-001 1.705558e-001 1.688344e-001 7.237364e-002 
3.468201e-001 1.902325e-001 1.706958e-001 1.692535e-001 7.145578e-002 
3.464405e-001 1.912517e-001 1.708359e-001 1.696661e-001 7.054775e-002 
3.460611e-001 1.922664e-001 1.709761e-001 1.700725e-001 6.964946e-002 
3.456816e-001 1.932766e-001 1.711165e-001 1.704726e-001 6.876081e-002 
3.453023e-001 1.942823e-001 1.712569e-001 1.708665e-001 6.788171e-002 
3.449230e-001 1.952835e-001 1.713975e-001 1.712543e-001 6.701205e-002 
3.445438e-001 1.962803e-001 1.715382e-001 1.716361e-001 6.615175e-002 
3.441647e-001 1.972727e-001 1.716790e-001 1.720119e-001 6.530072e-002 
3.437856e-001 1.982606e-001 1.718200e-001 1.723819e-001 6.445886e-002 
3.434066e-001 1.992441e-001 1.719610e-001 1.727460e-001 6.362609e-002 
3.430277e-001 2.002232e-001 1.721022e-001 1.731043e-001 6.280230e-002 
3.426489e-001 2.011979e-001 1.722434e-001 1.734570e-001 6.198742e-002 
3.422701e-001 2.021683e-001 1.723848e-001 1.738041e-001 6.118136e-002 
3.418914e-001 2.031342e-001 1.725263e-001 1.741456e-001 6.038402e-002 
3.415127e-001 2.040959e-001 1.726680e-001 1.744816e-001 5.959533e-002 
3.411342e-001 2.050532e-001 1.728097e-001 1.748122e-001 5.881519e-002 
3.407557e-001 2.060061e-001 1.729516e-001 1.751375e-001 5.804352e-002 
3.403772e-001 2.069548e-001 1.730935e-001 1.754575e-001 5.728024e-002 
3.399989e-001 2.078992e-001 1.732356e-001 1.757723e-001 5.652526e-002 
3.396206e-001 2.088393e-001 1.733778e-001 1.760819e-001 5.577851e-002 
3.392424e-001 2.097751e-001 1.735202e-001 1.763864e-001 5.503989e-002 
3.388642e-001 2.107066e-001 1.736626e-001 1.766859e-001 5.430933e-002 
3.384862e-001 2.116340e-001 1.738052e-001 1.769804e-001 5.358675e-002 
3.381082e-001 2.125571e-001 1.739478e-001 1.772700e-001 5.287207e-002 
3.377302e-001 2.134759e-001 1.740906e-001 1.775548e-001 5.216520e-002 
3.373524e-001 2.143906e-001 1.742335e-001 1.778348e-001 5.146608e-002 
3.369746e-001 2.153011e-001 1.743766e-001 1.781100e-001 5.077463e-002 
3.365968e-001 2.162074e-001 1.745197e-001 1.783805e-001 5.009076e-002 
3.362192e-001 2.171095e-001 1.746630e-001 1.786464e-001 4.941440e-002 
3.358416e-001 2.180075e-001 1.748064e-001 1.789078e-001 4.874548e-002 
3.354641e-001 2.189013e-001 1.749498e-001 1.791646e-001 4.808393e-002 
3.350867e-001 2.197910e-001 1.750935e-001 1.794170e-001 4.742966e-002 
3.347093e-001 2.206766e-001 1.752372e-001 1.796650e-001 4.678261e-002 
3.343320e-001 2.215581e-001 1.753810e-001 1.799086e-001 4.614270e-002 
3.339547e-001 2.224354e-001 1.755250e-001 1.801479e-001 4.550986e-002 
3.335776e-001 2.233088e-001 1.756691e-001 1.803830e-001 4.488403e-002 
3.332005e-001 2.241780e-001 1.758133e-001 1.806139e-001 4.426513e-002 
3.328235e-001 2.250432e-001 1.759576e-001 1.808406e-001 4.365309e-002 
3.324465e-001 2.259043e-001 1.761021e-001 1.810632e-001 4.304784e-002 
3.320696e-001 2.267615e-001 1.762466e-001 1.812818e-001 4.244932e-002 
3.316928e-001 2.276146e-001 1.763913e-001 1.814964e-001 4.185745e-002 
3.313161e-001 2.284637e-001 1.765361e-001 1.817071e-001 4.127217e-002 
3.309394e-001 2.293088e-001 1.766810e-001 1.819138e-001 4.069342e-002 
3.305628e-001 2.301499e-001 1.768261e-001 1.821167e-001 4.012112e-002 
3.301863e-001 2.309871e-001 1.769712e-001 1.823158e-001 3.955522e-002 
3.298098e-001 2.318203e-001 1.771165e-001 1.825111e-001 3.899564e-002 
3.294335e-001 2.326495e-001 1.772619e-001 1.827027e-001 3.844233e-002 
3.290571e-001 2.334749e-001 1.774074e-001 1.828906e-001 3.789522e-002 
3.286809e-001 2.342963e-001 1.775530e-001 1.830750e-001 3.735425e-002 
3.283047e-001 2.351138e-001 1.776988e-001 1.832557e-001 3.681936e-002 
3.279286e-001 2.359274e-001 1.778446e-001 1.834329e-001 3.629048e-002 
3.275526e-001 2.367371e-001 1.779906e-001 1.836066e-001 3.576755e-002 
3.271766e-001 2.375429e-001 1.781367e-001 1.837768e-001 3.525052e-002 
3.268007e-001 2.383449e-001 1.782830e-001 1.839436e-001 3.473933e-002 
3.264249e-001 2.391431e-001 1.784293e-001 1.841071e-001 3.423390e-002 
3.260491e-001 2.399374e-001 1.785758e-001 1.842672e-001 3.373420e-002 
3.256734e-001 2.407279e-001 1.787224e-001 1.844240e-001 3.324015e-002 
3.252978e-001 2.415145e-001 1.788691e-001 1.845776e-001 3.275171e-002 
3.249222e-001 2.422974e-001 1.790159e-001 1.847280e-001 3.226881e-002 
3.245468e-001 2.430765e-001 1.791629e-001 1.848752e-001 3.179139e-002 
3.241714e-001 2.438518e-001 1.793100e-001 1.850193e-001 3.131941e-002 
3.237960e-001 2.446233e-001 1.794572e-001 1.851602e-001 3.085280e-002 
3.234207e-001 2.453911e-001 1.796045e-001 1.852981e-001 3.039152e-002 
3.230455e-001 2.461552e-001 1.797519e-001 1.854330e-001 2.993551e-002 
3.226704e-001 2.469155e-001 1.798995e-001 1.855650e-001 2.948470e-002 
3.222954e-001 2.476721e-001 1.800471e-001 1.856939e-001 2.903906e-002 
3.219204e-001 2.484250e-001 1.801949e-001 1.858200e-001 2.859853e-002 
3.215454e-001 2.491741e-001 1.803429e-001 1.859432e-001 2.816305e-002 
3.211706e-001 2.499197e-001 1.804909e-001 1.860635e-001 2.773258e-002 
3.207958e-001 2.506615e-001 1.806391e-001 1.861810e-001 2.730706e-002 
3.204211e-001 2.513996e-001 1.807873e-001 1.862958e-001 2.688644e-002 
3.200465e-001 2.521342e-001 1.809358e-001 1.864078e-001 2.647067e-002 
3.196719e-001 2.528650e-001 1.810843e-001 1.865171e-001 2.605971e-002 
3.192974e-001 2.535923e-001 1.812329e-001 1.866238e-001 2.565350e-002 
3.189230e-001 2.543159e-001 1.813817e-001 1.867278e-001 2.525199e-002 
3.185486e-001 2.550359e-001 1.815306e-001 1.868291e-001 2.485514e-002 
3.181743e-001 2.557524e-001 1.816796e-001 1.869280e-001 2.446290e-002 
3.178001e-001 2.564652e-001 1.818288e-001 1.870242e-001 2.407522e-002 
3.174259e-001 2.571745e-001 1.819780e-001 1.871180e-001 2.369205e-002 
3.170518e-001 2.578802e-001 1.821274e-001 1.872093e-001 2.331335e-002 
3.166778e-001 2.585824e-001 1.822769e-001 1.872981e-001 2.293907e-002 
3.163039e-001 2.592810e-001 1.824265e-001 1.873845e-001 2.256917e-002 
3.159300e-001 2.599761e-001 1.825763e-001 1.874685e-001 2.220359e-002 
3.155562e-001 2.606677e-001 1.827262e-001 1.875502e-001 2.184231e-002 
3.151825e-001 2.613557e-001 1.828762e-001 1.876295e-001 2.148526e-002 
3.148088e-001 2.620403e-001 1.830263e-001 1.877065e-001 2.113241e-002 
3.144352e-001 2.627214e-001 1.831765e-001 1.877812e-001 2.078372e-002 
3.140617e-001 2.633990e-001 1.833269e-001 1.878537e-001 2.043914e-002 
3.136882e-001 2.640732e-001 1.834774e-001 1.879239e-001 2.009862e-002 
3.133148e-001 2.647439e-001 1.836280e-001 1.879920e-001 1.976213e-002 
3.129415e-001 2.654112e-001 1.837787e-001 1.880578e-001 1.942963e-002 
3.125683e-001 2.660750e-001 1.839296e-001 1.881216e-001 1.910107e-002 
3.121951e-001 2.667354e-001 1.840806e-001 1.881832e-001 1.877641e-002 
3.118220e-001 2.673924e-001 1.842317e-001 1.882428e-001 1.845562e-002 
3.114489e-001 2.680460e-001 1.843829e-001 1.883002e-001 1.813864e-002 
3.110759e-001 2.686962e-001 1.845343e-001 1.883557e-001 1.782545e-002 
3.107030e-001 2.693431e-001 1.846858e-001 1.884091e-001 1.751600e-002 
3.103302e-001 2.699865e-001 1.848374e-001 1.884605e-001 1.721026e-002 
3.099574e-001 2.706267e-001 1.849891e-001 1.885100e-001 1.690817e-002 
3.095848e-001 2.712634e-001 1.851410e-001 1.885575e-001 1.660972e-002 
3.092121e-001 2.718969e-001 1.852929e-001 1.886031e-001 1.631485e-002 
3.088396e-001 2.725270e-001 1.854450e-001 1.886468e-001 1.602353e-002 
3.084671e-001 2.731538e-001 1.855973e-001 1.886887e-001 1.573573e-002 
3.080947e-001 2.737773e-001 1.857496e-001 1.887287e-001 1.545141e-002 
3.077223e-001 2.743975e-001 1.859021e-001 1.887668e-001 1.517052e-002 
3.073500e-001 2.750144e-001 1.860547e-001 1.888032e-001 1.489304e-002 
3.069778e-001 2.756280e-001 1.862074e-001 1.888378e-001 1.461893e-002 
3.066057e-001 2.762384e-001 1.863603e-001 1.888706e-001 1.434815e-002 
3.062336e-001 2.768456e-001 1.865133e-001 1.889017e-001 1.408067e-002 
3.058616e-001 2.774494e-001 1.866664e-001 1.889311e-001 1.381646e-002 
3.054897e-001 2.780501e-001 1.868196e-001 1.889588e-001 1.355547e-002 
3.051178e-001 2.786475e-001 1.869730e-001 1.889848e-001 1.329768e-002 
3.047460e-001 2.792418e-001 1.871265e-001 1.890092e-001 1.304305e-002 
3.043743e-001 2.798328e-001 1.872801e-001 1.890319e-001 1.279155e-002 
3.040026e-001 2.804206e-001 1.874338e-001 1.890530e-001 1.254314e-002 
3.036311e-001 2.810053e-001 1.875877e-001 1.890725e-001 1.229780e-002 
3.032595e-001 2.815867e-001 1.877417e-001 1.890905e-001 1.205548e-002 
3.028881e-001 2.821651e-001 1.878958e-001 1.891069e-001 1.181617e-002 
3.025167e-001 2.827402e-001 1.880500e-001 1.891218e-001 1.157982e-002 
3.021454e-001 2.833123e-001 1.882044e-001 1.891351e-001 1.134640e-002 
3.017741e-001 2.838811e-001 1.883589e-001 1.891470e-001 1.111589e-002 
3.014030e-001 2.844469e-001 1.885135e-001 1.891574e-001 1.088825e-002 
3.010319e-001 2.850096e-001 1.886683e-001 1.891663e-001 1.066345e-002 
3.006608e-001 2.855691e-001 1.888231e-001 1.891738e-001 1.044147e-002 
3.002899e-001 2.861256e-001 1.889781e-001 1.891798e-001 1.022227e-002 
2.999190e-001 2.866790e-001 1.891333e-001 1.891845e-001 1.000582e-002 
2.995481e-001 2.872293e-001 1.892885e-001 1.891878e-001 9.792088e-003 
2.991774e-001 2.877766e-001 1.894439e-001 1.891897e-001 9.581055e-003 
2.988067e-001 2.883208e-001 1.895994e-001 1.891902e-001 9.372686e-003 
2.984361e-001 2.888619e-001 1.897551e-001 1.891894e-001 9.166954e-003 
2.980655e-001 2.894000e-001 1.899108e-001 1.891873e-001 8.963831e-003 
2.976950e-001 2.899351e-001 1.900667e-001 1.891839e-001 8.763288e-003 
2.973246e-001 2.904672e-001 1.902227e-001 1.891792e-001 8.565297e-003 
2.969543e-001 2.909963e-001 1.903789e-001 1.891732e-001 8.369833e-003 
2.965840e-001 2.915224e-001 1.905352e-001 1.891660e-001 8.176866e-003 
2.962138e-001 2.920455e-001 1.906916e-001 1.891575e-001 7.986371e-003 
2.958437e-001 2.925656e-001 1.908481e-001 1.891478e-001 7.798321e-003 
2.954736e-001 2.930828e-001 1.910048e-001 1.891369e-001 7.612689e-003 
2.951036e-001 2.935970e-001 1.911616e-001 1.891249e-001 7.429450e-003 
2.947336e-001 2.941082e-001 1.913185e-001 1.891116e-001 7.248578e-003 
2.943638e-001 2.946165e-001 1.914756e-001 1.890971e-001 7.070046e-003 
2.939940e-001 2.951219e-001 1.916327e-001 1.890816e-001 6.893831e-003 
2.936243e-001 2.956244e-001 1.917900e-001 1.890649e-001 6.719906e-003 
2.932546e-001 2.961239e-001 1.919475e-001 1.890470e-001 6.548247e-003 
2.928850e-001 2.966206e-001 1.921050e-001 1.890281e-001 6.378829e-003 
2.925155e-001 2.971143e-001 1.922627e-001 1.890080e-001 6.211629e-003 
2.921460e-001 2.976052e-001 1.924206e-001 1.889869e-001 6.046621e-003 
2.917767e-001 2.980932e-001 1.925785e-001 1.889647e-001 5.883783e-003 
2.914073e-001 2.985784e-001 1.927366e-001 1.889415e-001 5.723090e-003 
2.910381e-001 2.990607e-001 1.928948e-001 1.889172e-001 5.564520e-003 
2.906689e-001 2.995401e-001 1.930532e-001 1.888919e-001 5.408049e-003 
2.902998e-001 3.000167e-001 1.932116e-001 1.888656e-001 5.253653e-003 
2.899308e-001 3.004905e-001 1.933703e-001 1.888383e-001 5.101312e-003 
2.895618e-001 3.009615e-001 1.935290e-001 1.888100e-001 4.951001e-003 
2.891929e-001 3.014296e-001 1.936879e-001 1.887808e-001 4.802700e-003 
2.888241e-001 3.018950e-001 1.938469e-001 1.887505e-001 4.656385e-003 
2.884553e-001 3.023575e-001 1.940060e-001 1.887194e-001 4.512035e-003 
2.880866e-001 3.028173e-001 1.941652e-001 1.886872e-001 4.369629e-003 
2.877180e-001 3.032743e-001 1.943246e-001 1.886542e-001 4.229145e-003 
2.873494e-001 3.037285e-001 1.944841e-001 1.886203e-001 4.090562e-003 
2.869809e-001 3.041800e-001 1.946438e-001 1.885854e-001 3.953859e-003 
2.866125e-001 3.046288e-001 1.948036e-001 1.885496e-001 3.819016e-003 
2.862441e-001 3.050748e-001 1.949635e-001 1.885130e-001 3.686011e-003 
2.858759e-001 3.055180e-001 1.951235e-001 1.884755e-001 3.554825e-003 
2.855076e-001 3.059586e-001 1.952837e-001 1.884372e-001 3.425438e-003 
2.851395e-001 3.063964e-001 1.954440e-001 1.883980e-001 3.297829e-003 
2.847714e-001 3.068316e-001 1.956044e-001 1.883579e-001 3.171979e-003 
2.844034e-001 3.072640e-001 1.957650e-001 1.883171e-001 3.047869e-003 
2.840354e-001 3.076938e-001 1.959257e-001 1.882754e-001 2.925479e-003 
2.836676e-001 3.081209e-001 1.960866e-001 1.882329e-001 2.804789e-003 
2.832998e-001 3.085453e-001 1.962475e-001 1.881896e-001 2.685782e-003 
2.829320e-001 3.089671e-001 1.964086e-001 1.881456e-001 2.568438e-003 
2.825643e-001 3.093862e-001 1.965698e-001 1.881007e-001 2.452739e-003 
2.821967e-001 3.098026e-001 1.967312e-001 1.880551e-001 2.338667e-003 
2.818292e-001 3.102165e-001 1.968927e-001 1.880088e-001 2.226203e-003 
2.814617e-001 3.106277e-001 1.970543e-001 1.879617e-001 2.115329e-003 
2.810943e-001 3.110363e-001 1.972161e-001 1.879139e-001 2.006027e-003 
2.807270e-001 3.114422e-001 1.973780e-001 1.878653e-001 1.898281e-003 
2.803598e-001 3.118456e-001 1.975400e-001 1.878161e-001 1.792072e-003 
2.799926e-001 3.122464e-001 1.977022e-001 1.877661e-001 1.687383e-003 
2.796254e-001 3.126446e-001 1.978645e-001 1.877154e-001 1.584198e-003 
2.792584e-001 3.130403e-001 1.980269e-001 1.876641e-001 1.482498e-003 
2.788914e-001 3.134334e-001 1.981894e-001 1.876120e-001 1.382268e-003 
2.785245e-001 3.138239e-001 1.983521e-001 1.875593e-001 1.283491e-003 
2.781576e-001 3.142118e-001 1.985150e-001 1.875060e-001 1.186150e-003 
2.777908e-001 3.145973e-001 1.986779e-001 1.874519e-001 1.090230e-003 
2.774241e-001 3.149802e-001 1.988410e-001 1.873973e-001 9.957137e-004 
2.770575e-001 3.153605e-001 1.990042e-001 1.873420e-001 9.025856e-004 
2.766909e-001 3.157384e-001 1.991676e-001 1.872861e-001 8.108299e-004 
2.763244e-001 3.161137e-001 1.993311e-001 1.872295e-001 7.204311e-004 
2.759579e-001 3.164866e-001 1.994947e-001 1.871723e-001 6.313738e-004 
2.755916e-001 3.168570e-001 1.996585e-001 1.871146e-001 5.436426e-004 
2.752252e-001 3.172248e-001 1.998224e-001 1.870562e-001 4.572224e-004 
2.748590e-001 3.175902e-001 1.999864e-001 1.869973e-001 3.720983e-004 
2.744928e-001 3.179532e-001 2.001506e-001 1.869378e-001 2.882554e-004 
2.741267e-001 3.183136e-001 2.003149e-001 1.868777e-001 2.056791e-004 
2.737607e-001 3.186717e-001 2.004793e-001 1.868170e-001 1.243549e-004 
2.733947e-001 3.190273e-001 2.006439e-001 1.867558e-001 4.426833e-005 
2.730288e-001 3.193804e-001 2.008086e-001 1.866940e-001 0.000000e+000 
2.726630e-001 3.197311e-001 2.009734e-001 1.866317e-001 0.000000e+000 
2.722972e-001 3.200794e-001 2.011384e-001 1.865689e-001 0.000000e+000 
2.719315e-001 3.204253e-001 2.013035e-001 1.865055e-001 0.000000e+000 
2.715659e-001 3.207688e-001 2.014688e-001 1.864416e-001 0.000000e+000 
2.712003e-001 3.211099e-001 2.016342e-001 1.863772e-001 0.000000e+000 
2.708349e-001 3.214486e-001 2.017997e-001 1.863123e-001 0.000000e+000 
2.704694e-001 3.217850e-001 2.019653e-001 1.862469e-001 0.000000e+000 
2.701041e-001 3.221189e-001 2.021311e-001 1.861809e-001 0.000000e+000 
2.697388e-001 3.224505e-001 2.022970e-001 1.861145e-001 0.000000e+000 
2.693736e-001 3.227798e-001 2.024631e-001 1.860477e-001 0.000000e+000 
2.690084e-001 3.231067e-001 2.026293e-001 1.859803e-001 0.000000e+000 
2.686433e-001 3.234312e-001 2.027956e-001 1.859125e-001 0.000000e+000 
2.682783e-001 3.237534e-001 2.029621e-001 1.858442e-001 0.000000e+000 
2.679134e-001 3.240733e-001 2.031287e-001 1.857755e-001 0.000000e+000 
2.675485e-001 3.243909e-001 2.032955e-001 1.857063e-001 0.000000e+000 
2.671837e-001 3.247062e-001 2.034624e-001 1.856367e-001 0.000000e+000 
2.668189e-001 3.250192e-001 2.036294e-001 1.855666e-001 0.000000e+000 
2.664542e-001 3.253298e-001 2.037965e-001 1.854961e-001 0.000000e+000 
2.660896e-001 3.256382e-001 2.039638e-001 1.854252e-001 0.000000e+000 
2.657251e-001 3.259443e-001 2.041313e-001 1.853538e-001 0.000000e+000 
2.653606e-001 3.262482e-001 2.042988e-001 1.852821e-001 0.000000e+000 
2.649962e-001 3.265498e-001 2.044665e-001 1.852099e-001 0.000000e+000 
2.646319e-001 3.268491e-001 2.046344e-001 1.851373e-001 0.000000e+000 
2.642676e-001 3.271462e-001 2.048024e-001 1.850644e-001 0.000000e+000 
2.639034e-001 3.274410e-001 2.049705e-001 1.849910e-001 0.000000e+000 
2.635392e-001 3.277336e-001 2.051387e-001 1.849173e-001 0.000000e+000 
2.631752e-001 3.280240e-001 2.053071e-001 1.848432e-001 0.000000e+000 
2.628112e-001 3.283122e-001 2.054757e-001 1.847687e-001 0.000000e+000 
2.624472e-001 3.285981e-001 2.056443e-001 1.846938e-001 0.000000e+000 
2.620834e-001 3.288818e-001 2.058132e-001 1.846186e-001 0.000000e+000 
2.617196e-001 3.291634e-001 2.059821e-001 1.845430e-001 0.000000e+000 
2.613558e-001 3.294428e-001 2.061512e-001 1.844670e-001 0.000000e+000 
2.609922e-001 3.297199e-001 2.063204e-001 1.843907e-001 0.000000e+000 
2.606286e-001 3.299949e-001 2.064898e-001 1.843141e-001 0.000000e+000 
2.602650e-001 3.302678e-001 2.066593e-001 1.842371e-001 0.000000e+000 
2.599016e-001 3.305385e-001 2.068289e-001 1.841598e-001 0.000000e+000 
2.595382e-001 3.308070e-001 2.069987e-001 1.840821e-001 0.000000e+000 
2.591748e-001 3.310734e-001 2.071686e-001 1.840041e-001 0.000000e+000 
2.588116e-001 3.313376e-001 2.073387e-001 1.839258e-001 0.000000e+000 
2.584484e-001 3.315997e-001 2.075089e-001 1.838472e-001 0.000000e+000 
2.580853e-001 3.318597e-001 2.076793e-001 1.837683e-001 0.000000e+000 
2.577222e-001 3.321176e-001 2.078497e-001 1.836891e-001 0.000000e+000 
2.573592e-001 3.323733e-001 2.080204e-001 1.836095e-001 0.000000e+000 
2.569963e-001 3.326270e-001 2.081911e-001 1.835297e-001 0.000000e+000 
2.566334e-001 3.328786e-001 2.083620e-001 1.834496e-001 0.000000e+000 
2.562706e-001 3.331280e-001 2.085331e-001 1.833691e-001 0.000000e+000 
2.559079e-001 3.333754e-001 2.087042e-001 1.832884e-001 0.000000e+000 
2.555453e-001 3.336208e-001 2.088756e-001 1.832074e-001 0.000000e+000 
2.551827e-001 3.338640e-001 2.090470e-001 1.831261e-001 0.000000e+000 
2.548202e-001 3.341052e-001 2.092186e-001 1.830446e-001 0.000000e+000 
2.544577e-001 3.343444e-001 2.093904e-001 1.829628e-001 0.000000e+000 
2.540953e-001 3.345814e-001 2.095623e-001 1.828807e-001 0.000000e+000 
2.537330e-001 3.348165e-001 2.097343e-001 1.827983e-001 0.000000e+000 
2.533708e-001 3.350495e-001 2.099065e-001 1.827157e-001 0.000000e+000 
2.530086e-001 3.352805e-001 2.100788e-001 1.826329e-001 0.000000e+000 
2.526465e-001 3.355095e-001 2.102512e-001 1.825498e-001 0.000000e+000 
2.522844e-001 3.357365e-001 2.104238e-001 1.824664e-001 0.000000e+000 
2.519224e-001 3.359614e-001 2.105966e-001 1.823828e-001 0.000000e+000 
2.515605e-001 3.361844e-001 2.107694e-001 1.822990e-001 0.000000e+000 
2.511987e-001 3.364054e-001 2.109424e-001 1.822149e-001 0.000000e+000 
2.508369e-001 3.366244e-001 2.111156e-001 1.821306e-001 0.000000e+000 
2.504752e-001 3.368414e-001 2.112889e-001 1.820460e-001 0.000000e+000 
2.501135e-001 3.370564e-001 2.114624e-001 1.819613e-001 0.000000e+000 
2.497519e-001 3.372695e-001 2.116359e-001 1.818763e-001 0.000000e+000 
2.493904e-001 3.374806e-001 2.118097e-001 1.817911e-001 0.000000e+000 
2.490290e-001 3.376898e-001 2.119835e-001 1.817056e-001 0.000000e+000 
2.486676e-001 3.378970e-001 2.121576e-001 1.816200e-001 0.000000e+000 
2.483063e-001 3.381023e-001 2.123317e-001 1.815342e-001 0.000000e+000 
2.479451e-001 3.383057e-001 2.125060e-001 1.814481e-001 0.000000e+000 
2.475839e-001 3.385071e-001 2.126805e-001 1.813618e-001 0.000000e+000 
2.472228e-001 3.387066e-001 2.128550e-001 1.812754e-001 0.000000e+000 
2.468617e-001 3.389042e-001 2.130298e-001 1.811887e-001 0.000000e+000 
2.465008e-001 3.390999e-001 2.132047e-001 1.811019e-001 0.000000e+000 
2.461398e-001 3.392937e-001 2.133797e-001 1.810148e-001 0.000000e+000 
2.457790e-001 3.394856e-001 2.135548e-001 1.809276e-001 0.000000e+000 
2.454182e-001 3.396757e-001 2.137301e-001 1.808402e-001 0.000000e+000 
2.450575e-001 3.398638e-001 2.139056e-001 1.807526e-001 0.000000e+000 
2.446969e-001 3.400501e-001 2.140812e-001 1.806648e-001 0.000000e+000 
2.443363e-001 3.402345e-001 2.142569e-001 1.805769e-001 0.000000e+000 
2.439758e-001 3.404171e-001 2.144328e-001 1.804888e-001 0.000000e+000 
2.436153e-001 3.405978e-001 2.146088e-001 1.804005e-001 0.000000e+000 
2.432550e-001 3.407766e-001 2.147850e-001 1.803120e-001 0.000000e+000 
2.428947e-001 3.409536e-001 2.149613e-001 1.802234e-001 0.000000e+000 
2.425344e-001 3.411288e-001 2.151378e-001 1.801346e-001 0.000000e+000 
2.421743e-001 3.413021e-001 2.153144e-001 1.800457e-001 0.000000e+000 
2.418141e-001 3.414737e-001 2.154911e-001 1.799566e-001 0.000000e+000 
2.414541e-001 3.416434e-001 2.156680e-001 1.798673e-001 0.000000e+000 
2.410941e-001 3.418113e-001 2.158451e-001 1.797779e-001 0.000000e+000 
2.407342e-001 3.419774e-001 2.160222e-001 1.796883e-001 0.000000e+000 
2.403744e-001 3.421417e-001 2.161996e-001 1.795986e-001 0.000000e+000 
2.400146e-001 3.423042e-001 2.163770e-001 1.795088e-001 0.000000e+000 
2.396549e-001 3.424650e-001 2.165547e-001 1.794188e-001 0.000000e+000 
2.392953e-001 3.426239e-001 2.167324e-001 1.793286e-001 0.000000e+000 
2.389357e-001 3.427811e-001 2.169103e-001 1.792384e-001 0.000000e+000 
2.385762e-001 3.429365e-001 2.170884e-001 1.791480e-001 0.000000e+000 
2.382167e-001 3.430902e-001 2.172666e-001 1.790574e-001 0.000000e+000 
2.378574e-001 3.432421e-001 2.174450e-001 1.789668e-001 0.000000e+000 
2.374981e-001 3.433923e-001 2.176235e-001 1.788760e-001 0.000000e+000 
2.371388e-001 3.435407e-001 2.178021e-001 1.787850e-001 0.000000e+000 
2.367797e-001 3.436874e-001 2.179809e-001 1.786940e-001 0.000000e+000 
2.364205e-001 3.438324e-001 2.181598e-001 1.786028e-001 0.000000e+000 
2.360615e-001 3.439756e-001 2.183389e-001 1.785115e-001 0.000000e+000 
2.357025e-001 3.441171e-001 2.185182e-001 1.784201e-001 0.000000e+000 
2.353436e-001 3.442570e-001 2.186975e-001 1.783286e-001 0.000000e+000 
2.349848e-001 3.443951e-001 2.188771e-001 1.782370e-001 0.000000e+000 
2.346260e-001 3.445315e-001 2.190567e-001 1.781452e-001 0.000000e+000 
2.342673e-001 3.446662e-001 2.192366e-001 1.780534e-001 0.000000e+000 
2.339087e-001 3.447992e-001 2.194165e-001 1.779614e-001 0.000000e+000 
2.335501e-001 3.449306e-001 2.195966e-001 1.778694e-001 0.000000e+000 
2.331916e-001 3.450603e-001 2.197769e-001 1.777772e-001 0.000000e+000 
2.328331e-001 3.451883e-001 2.199573e-001 1.776849e-001 0.000000e+000 
2.324748e-001 3.453146e-001 2.201379e-001 1.775926e-001 0.000000e+000 
2.321165e-001 3.454393e-001 2.203186e-001 1.775001e-001 0.000000e+000 
2.317582e-001 3.455624e-001 2.204994e-001 1.774075e-001 0.000000e+000 
2.314000e-001 3.456838e-001 2.206804e-001 1.773149e-001 0.000000e+000 
2.310419e-001 3.458035e-001 2.208616e-001 1.772221e-001 0.000000e+000 
2.306839e-001 3.459216e-001 2.210429e-001 1.771293e-001 0.000000e+000 
2.303259e-001 3.460381e-001 2.212244e-001 1.770364e-001 0.000000e+000 
2.299680e-001 3.461530e-001 2.214060e-001 1.769434e-001 0.000000e+000 
2.296101e-001 3.462663e-001 2.215877e-001 1.768503e-001 0.000000e+000 
2.292524e-001 3.463779e-001 2.217696e-001 1.767571e-001 0.000000e+000 
2.288947e-001 3.464880e-001 2.219517e-001 1.766638e-001 0.000000e+000 
2.285370e-001 3.465964e-001 2.221339e-001 1.765705e-001 0.000000e+000 
2.281794e-001 3.467033e-001 2.223162e-001 1.764771e-001 0.000000e+000 
2.278219e-001 3.468085e-001 2.224987e-001 1.763836e-001 0.000000e+000 
2.274645e-001 3.469122e-001 2.226813e-001 1.762900e-001 0.000000e+000 
2.271071e-001 3.470143e-001 2.228641e-001 1.761964e-001 0.000000e+000 
2.267498e-001 3.471148e-001 2.230471e-001 1.761027e-001 0.000000e+000 
2.263925e-001 3.472138e-001 2.232302e-001 1.760089e-001 0.000000e+000 
2.260353e-001 3.473112e-001 2.234134e-001 1.759150e-001 0.000000e+000 
2.256782e-001 3.474071e-001 2.235968e-001 1.758211e-001 0.000000e+000 
2.253212e-001 3.475014e-001 2.237804e-001 1.757271e-001 0.000000e+000 
2.249642e-001 3.475941e-001 2.239641e-001 1.756331e-001 0.000000e+000 
2.246073e-001 3.476853e-001 2.241479e-001 1.755390e-001 0.000000e+000 
2.242504e-001 3.477750e-001 2.243319e-001 1.754448e-001 0.000000e+000 
2.238936e-001 3.478632e-001 2.245161e-001 1.753506e-001 0.000000e+000 
2.235369e-001 3.479499e-001 2.247004e-001 1.752563e-001 0.000000e+000 
2.231803e-001 3.480350e-001 2.248848e-001 1.751619e-001 0.000000e+000 
2.228237e-001 3.481186e-001 2.250694e-001 1.750675e-001 0.000000e+000 
2.224672e-001 3.482007e-001 2.252542e-001 1.749731e-001 0.000000e+000 
2.221107e-001 3.482813e-001 2.254391e-001 1.748786e-001 0.000000e+000 
2.217543e-001 3.483605e-001 2.256242e-001 1.747840e-001 0.000000e+000 
2.213980e-001 3.484381e-001 2.258094e-001 1.746894e-001 0.000000e+000 
2.210417e-001 3.485142e-001 2.259947e-001 1.745947e-001 0.000000e+000 
2.206856e-001 3.485889e-001 2.261803e-001 1.745000e-001 0.000000e+000 
2.203294e-001 3.486621e-001 2.263659e-001 1.744053e-001 0.000000e+000 
2.199734e-001 3.487338e-001 2.265517e-001 1.743105e-001 0.000000e+000 
2.196174e-001 3.488041e-001 2.267377e-001 1.742156e-001 0.000000e+000 
2.192614e-001 3.488729e-001 2.269239e-001 1.741207e-001 0.000000e+000 
2.189056e-001 3.489403e-001 2.271101e-001 1.740258e-001 0.000000e+000 
2.185498e-001 3.490062e-001 2.272966e-001 1.739308e-001 0.000000e+000 
2.181941e-001 3.490707e-001 2.274831e-001 1.738358e-001 0.000000e+000 
2.178384e-001 3.491337e-001 2.276699e-001 1.737408e-001 0.000000e+000 
2.174828e-001 3.491953e-001 2.278568e-001 1.736457e-001 0.000000e+000 
2.171273e-001 3.492555e-001 2.280438e-001 1.735506e-001 0.000000e+000 
2.167718e-001 3.493143e-001 2.282310e-001 1.734554e-001 0.000000e+000 
2.164164e-001 3.493716e-001 2.284184e-001 1.733602e-001 0.000000e+000 
2.160611e-001 3.494276e-001 2.286059e-001 1.732650e-001 0.000000e+000 
2.157058e-001 3.494821e-001 2.287935e-001 1.731698e-001 0.000000e+000 
2.153506e-001 3.495352e-001 2.289814e-001 1.730745e-001 0.000000e+000 
2.149955e-001 3.495870e-001 2.291693e-001 1.729792e-001 0.000000e+000 
2.146404e-001 3.496373e-001 2.293574e-001 1.728839e-001 0.000000e+000 
2.142854e-001 3.496863e-001 2.295457e-001 1.727885e-001 0.000000e+000 
2.139304e-001 3.497339e-001 2.297342e-001 1.726931e-001 0.000000e+000 
2.135756e-001 3.497801e-001 2.299227e-001 1.725977e-001 0.000000e+000 
2.132208e-001 3.498250e-001 2.301115e-001 1.725022e-001 0.000000e+000 
2.128660e-001 3.498685e-001 2.303004e-001 1.724068e-001 0.000000e+000 
2.125113e-001 3.499106e-001 2.304894e-001 1.723113e-001 0.000000e+000 
2.121567e-001 3.499514e-001 2.306786e-001 1.722158e-001 0.000000e+000 
2.118022e-001 3.499908e-001 2.308680e-001 1.721203e-001 0.000000e+000 
2.114477e-001 3.500289e-001 2.310575e-001 1.720247e-001 0.000000e+000 
2.110933e-001 3.500656e-001 2.312472e-001 1.719291e-001 0.000000e+000 
2.107389e-001 3.501010e-001 2.314370e-001 1.718336e-001 0.000000e+000 
2.103847e-001 3.501351e-001 2.316270e-001 1.717380e-001 0.000000e+000 
2.100304e-001 3.501678e-001 2.318171e-001 1.716423e-001 0.000000e+000 
2.096763e-001 3.501993e-001 2.320074e-001 1.715467e-001 0.000000e+000 
2.093222e-001 3.502294e-001 2.321979e-001 1.714511e-001 0.000000e+000 
2.089682e-001 3.502582e-001 2.323885e-001 1.713554e-001 0.000000e+000 
2.086142e-001 3.502857e-001 2.325793e-001 1.712597e-001 0.000000e+000 
2.082603e-001 3.503119e-001 2.327702e-001 1.711641e-001 0.000000e+000 
2.079065e-001 3.503368e-001 2.329613e-001 1.710684e-001 0.000000e+000 
2.075528e-001 3.503604e-001 2.331525e-001 1.709727e-001 0.000000e+000 
2.071991e-001 3.503828e-001 2.333439e-001 1.708770e-001 0.000000e+000 
2.068454e-001 3.504038e-001 2.335354e-001 1.707812e-001 0.000000e+000 
2.064919e-001 3.504236e-001 2.337271e-001 1.706855e-001 0.000000e+000 
2.061384e-001 3.504421e-001 2.339190e-001 1.705898e-001 0.000000e+000 
2.057850e-001 3.504594e-001 2.341110e-001 1.704940e-001 0.000000e+000 
2.054316e-001 3.504753e-001 2.343032e-001 1.703983e-001 0.000000e+000 
2.050783e-001 3.504901e-001 2.344955e-001 1.703025e-001 0.000000e+000 
2.047251e-001 3.505035e-001 2.346880e-001 1.702068e-001 0.000000e+000 
2.043719e-001 3.505158e-001 2.348807e-001 1.701110e-001 0.000000e+000 
2.040188e-001 3.505267e-001 2.350735e-001 1.700153e-001 0.000000e+000 
2.036657e-001 3.505365e-001 2.352665e-001 1.699195e-001 0.000000e+000 
2.033128e-001 3.505450e-001 2.354596e-001 1.698237e-001 0.000000e+000 
2.029599e-001 3.505523e-001 2.356529e-001 1.697280e-001 0.000000e+000 
2.026070e-001 3.505583e-001 2.358463e-001 1.696322e-001 0.000000e+000 
2.022542e-001 3.505632e-001 2.360399e-001 1.695364e-001 0.000000e+000 
2.019015e-001 3.505668e-001 2.362337e-001 1.694407e-001 0.000000e+000 
2.015489e-001 3.505692e-001 2.364276e-001 1.693449e-001 0.000000e+000 
2.011963e-001 3.505704e-001 2.366217e-001 1.692492e-001 0.000000e+000 
2.008438e-001 3.505704e-001 2.368159e-001 1.691534e-001 0.000000e+000 
2.004913e-001 3.505692e-001 2.370103e-001 1.690577e-001 0.000000e+000 
2.001389e-001 3.505668e-001 2.372049e-001 1.689619e-001 0.000000e+000 
1.997866e-001 3.505633e-001 2.373996e-001 1.688662e-001 0.000000e+000 
1.994344e-001 3.505585e-001 2.375945e-001 1.687704e-001 0.000000e+000 
1.990822e-001 3.505526e-001 2.377895e-001 1.686747e-001 0.000000e+000 
1.987300e-001 3.505455e-001 2.379847e-001 1.685790e-001 0.000000e+000 
1.983780e-001 3.505372e-001 2.381801e-001 1.684833e-001 0.000000e+000 
1.980260e-001 3.505277e-001 2.383756e-001 1.683876e-001 0.000000e+000 
1.976741e-001 3.505171e-001 2.385713e-001 1.682919e-001 0.000000e+000 
1.973222e-001 3.505054e-001 2.387671e-001 1.681962e-001 0.000000e+000 
1.969704e-001 3.504925e-001 2.389631e-001 1.681005e-001 0.000000e+000 
1.966187e-001 3.504784e-001 2.391593e-001 1.680049e-001 0.000000e+000 
1.962670e-001 3.504632e-001 2.393556e-001 1.679092e-001 0.000000e+000 
1.959154e-001 3.504469e-001 2.395521e-001 1.678136e-001 0.000000e+000 
1.955638e-001 3.504294e-001 2.397488e-001 1.677180e-001 0.000000e+000 
1.952124e-001 3.504108e-001 2.399456e-001 1.676223e-001 0.000000e+000 
1.948610e-001 3.503910e-001 2.401425e-001 1.675267e-001 0.000000e+000 
1.945096e-001 3.503702e-001 2.403397e-001 1.674311e-001 0.000000e+000 
1.941583e-001 3.503482e-001 2.405370e-001 1.673356e-001 0.000000e+000 
1.938071e-001 3.503251e-001 2.407344e-001 1.672400e-001 0.000000e+000 
1.934560e-001 3.503009e-001 2.409320e-001 1.671445e-001 0.000000e+000 
1.931049e-001 3.502756e-001 2.411298e-001 1.670489e-001 0.000000e+000 
1.927539e-001 3.502492e-001 2.413277e-001 1.669534e-001 0.000000e+000 
1.924029e-001 3.502218e-001 2.415258e-001 1.668579e-001 0.000000e+000 
1.920520e-001 3.501932e-001 2.417241e-001 1.667625e-001 0.000000e+000 
1.917012e-001 3.501635e-001 2.419225e-001 1.666670e-001 0.000000e+000 
1.913504e-001 3.501327e-001 2.421211e-001 1.665716e-001 0.000000e+000 
1.909997e-001 3.501009e-001 2.423199e-001 1.664761e-001 0.000000e+000 
1.906491e-001 3.500680e-001 2.425188e-001 1.663807e-001 0.000000e+000 
1.902985e-001 3.500340e-001 2.427179e-001 1.662853e-001 0.000000e+000 
1.899480e-001 3.499990e-001 2.429171e-001 1.661900e-001 0.000000e+000 
1.895976e-001 3.499629e-001 2.431165e-001 1.660946e-001 0.000000e+000 
1.892472e-001 3.499257e-001 2.433161e-001 1.659993e-001 0.000000e+000 
1.888969e-001 3.498875e-001 2.435158e-001 1.659040e-001 0.000000e+000 
1.885467e-001 3.498482e-001 2.437157e-001 1.658087e-001 0.000000e+000 
1.881965e-001 3.498079e-001 2.439158e-001 1.657134e-001 0.000000e+000 
1.878464e-001 3.497666e-001 2.441160e-001 1.656182e-001 0.000000e+000 
1.874964e-001 3.497242e-001 2.443164e-001 1.655230e-001 0.000000e+000 
1.871464e-001 3.496807e-001 2.445170e-001 1.654278e-001 0.000000e+000 
1.867965e-001 3.496363e-001 2.447177e-001 1.653326e-001 0.000000e+000 
1.864466e-001 3.495908e-001 2.449186e-001 1.652375e-001 0.000000e+000 
1.860968e-001 3.495443e-001 2.451196e-001 1.651424e-001 0.000000e+000 
1.857471e-001 3.494968e-001 2.453209e-001 1.650473e-001 0.000000e+000 
1.853974e-001 3.494482e-001 2.455222e-001 1.649522e-001 0.000000e+000 
1.850478e-001 3.493987e-001 2.457238e-001 1.648571e-001 0.000000e+000 
1.846983e-001 3.493482e-001 2.459255e-001 1.647621e-001 0.000000e+000 
1.843488e-001 3.492966e-001 2.461274e-001 1.646671e-001 0.000000e+000 
1.839994e-001 3.492441e-001 2.463294e-001 1.645722e-001 0.000000e+000 
1.836501e-001 3.491905e-001 2.465316e-001 1.644772e-001 0.000000e+000 
1.833008e-001 3.491360e-001 2.467340e-001 1.643823e-001 0.000000e+000 
1.829516e-001 3.490805e-001 2.469365e-001 1.642874e-001 0.000000e+000 
1.826025e-001 3.490240e-001 2.471393e-001 1.641925e-001 0.000000e+000 
1.822534e-001 3.489665e-001 2.473421e-001 1.640977e-001 0.000000e+000 
1.819044e-001 3.489081e-001 2.475452e-001 1.640029e-001 0.000000e+000 
1.815554e-001 3.488486e-001 2.477484e-001 1.639081e-001 0.000000e+000 
1.812066e-001 3.487883e-001 2.479517e-001 1.638134e-001 0.000000e+000 
1.808577e-001 3.487269e-001 2.481553e-001 1.637187e-001 0.000000e+000 
1.805090e-001 3.486646e-001 2.483590e-001 1.636240e-001 0.000000e+000 
1.801603e-001 3.486014e-001 2.485629e-001 1.635293e-001 0.000000e+000 
1.798117e-001 3.485371e-001 2.487669e-001 1.634347e-001 0.000000e+000 
1.794631e-001 3.484720e-001 2.489711e-001 1.633401e-001 0.000000e+000 
1.791146e-001 3.484059e-001 2.491755e-001 1.632455e-001 0.000000e+000 
1.787662e-001 3.483389e-001 2.493800e-001 1.631510e-001 0.000000e+000 
1.784178e-001 3.482709e-001 2.495848e-001 1.630565e-001 0.000000e+000 
