3.151436e-001 5.268535e-003 2.508022e-003 2.616172e-003 0.000000e+000 
3.122113e-001 6.397234e-003 3.398153e-003 3.428945e-003 0.000000e+000 
3.093127e-001 7.515275e-003 4.279094e-003 4.227466e-003 0.000000e+000 
3.064476e-001 8.622759e-003 5.150943e-003 5.011978e-003 0.000000e+000 
3.036155e-001 9.719788e-003 6.013794e-003 5.782723e-003 0.000000e+000 
3.008161e-001 1.080646e-002 6.867742e-003 6.539936e-003 0.000000e+000 
2.980489e-001 1.188288e-002 7.712881e-003 7.283849e-003 1.220101e-005 
2.953135e-001 1.294914e-002 8.549304e-003 8.014692e-003 5.160747e-005 
2.926097e-001 1.400534e-002 9.377103e-003 8.732688e-003 9.073396e-005 
2.899370e-001 1.505158e-002 1.019637e-002 9.438058e-003 1.295820e-004 
2.872951e-001 1.608795e-002 1.100719e-002 1.013102e-002 1.681532e-004 
2.846837e-001 1.711454e-002 1.180965e-002 1.081178e-002 2.064490e-004 
2.821023e-001 1.813146e-002 1.260385e-002 1.148056e-002 2.444710e-004 
2.795506e-001 1.913878e-002 1.338987e-002 1.213756e-002 2.822207e-004 
2.770283e-001 2.013662e-002 1.416779e-002 1.278297e-002 3.196996e-004 
2.745350e-001 2.112504e-002 1.493771e-002 1.341701e-002 3.569091e-004 
2.720704e-001 2.210416e-002 1.569969e-002 1.403986e-002 3.938509e-004 
2.696342e-001 2.307405e-002 1.645384e-002 1.465172e-002 4.305263e-004 
2.672260e-001 2.403480e-002 1.720023e-002 1.525278e-002 4.669369e-004 
2.648455e-001 2.498650e-002 1.793894e-002 1.584322e-002 5.030840e-004 
2.624924e-001 2.592924e-002 1.867006e-002 1.642322e-002 5.389693e-004 
2.601664e-001 2.686311e-002 1.939366e-002 1.699296e-002 5.745940e-004 
2.578671e-001 2.778818e-002 2.010982e-002 1.755262e-002 6.099598e-004 
2.555942e-001 2.870454e-002 2.081862e-002 1.810238e-002 6.450679e-004 
2.533475e-001 2.961229e-002 2.152014e-002 1.864239e-002 6.799199e-004 
2.511266e-001 3.051149e-002 2.221445e-002 1.917284e-002 7.145172e-004 
2.489313e-001 3.140223e-002 2.290164e-002 1.969388e-002 7.488612e-004 
2.467611e-001 3.228459e-002 2.358177e-002 2.020567e-002 7.829532e-004 
2.446159e-001 3.315866e-002 2.425492e-002 2.070838e-002 8.167948e-004 
2.424954e-001 3.402450e-002 2.492116e-002 2.120216e-002 8.503873e-004 
2.403992e-001 3.488221e-002 2.558057e-002 2.168716e-002 8.837320e-004 
2.383271e-001 3.573186e-002 2.623322e-002 2.216354e-002 9.168305e-004 
2.362788e-001 3.657352e-002 2.687918e-002 2.263144e-002 9.496839e-004 
2.342540e-001 3.740727e-002 2.751852e-002 2.309100e-002 9.822938e-004 
2.322525e-001 3.823319e-002 2.815130e-002 2.354238e-002 1.014661e-003 
2.302739e-001 3.905136e-002 2.877761e-002 2.398571e-002 1.046788e-003 
2.283181e-001 3.986184e-002 2.939750e-002 2.442112e-002 1.078676e-003 
2.263847e-001 4.066471e-002 3.001104e-002 2.484876e-002 1.110325e-003 
2.244734e-001 4.146005e-002 3.061830e-002 2.526877e-002 1.141737e-003 
2.225841e-001 4.224792e-002 3.121935e-002 2.568126e-002 1.172914e-003 
2.207165e-001 4.302840e-002 3.181426e-002 2.608637e-002 1.203856e-003 
2.188703e-001 4.380156e-002 3.240308e-002 2.648422e-002 1.234566e-003 
2.170453e-001 4.456747e-002 3.298588e-002 2.687495e-002 1.265044e-003 
2.152412e-001 4.532620e-002 3.356272e-002 2.725867e-002 1.295292e-003 
2.134578e-001 4.607781e-002 3.413367e-002 2.763550e-002 1.325310e-003 
2.116948e-001 4.682238e-002 3.469879e-002 2.800556e-002 1.355101e-003 
2.099520e-001 4.755997e-002 3.525814e-002 2.836897e-002 1.384666e-003 
2.082292e-001 4.829065e-002 3.581178e-002 2.872585e-002 1.414005e-003 
2.065262e-001 4.901448e-002 3.635978e-002 2.907629e-002 1.443121e-003 
2.048426e-001 4.973154e-002 3.690218e-002 2.942042e-002 1.472014e-003 
2.031783e-001 5.044188e-002 3.743905e-002 2.975835e-002 1.500686e-003 
2.015331e-001 5.114558e-002 3.797045e-002 3.009017e-002 1.529137e-003 
1.999067e-001 5.184269e-002 3.849643e-002 3.041600e-002 1.557370e-003 
1.982989e-001 5.253327e-002 3.901706e-002 3.073593e-002 1.585385e-003 
1.967096e-001 5.321740e-002 3.953238e-002 3.105008e-002 1.613183e-003 
1.951384e-001 5.389513e-002 4.004246e-002 3.135853e-002 1.640767e-003 
1.935852e-001 5.456652e-002 4.054735e-002 3.166139e-002 1.668136e-003 
1.920497e-001 5.523164e-002 4.104710e-002 3.195875e-002 1.695293e-003 
1.905319e-001 5.589054e-002 4.154177e-002 3.225070e-002 1.722238e-003 
1.890313e-001 5.654328e-002 4.203141e-002 3.253735e-002 1.748972e-003 
1.875479e-001 5.718992e-002 4.251607e-002 3.281877e-002 1.775498e-003 
1.860815e-001 5.783053e-002 4.299581e-002 3.309507e-002 1.801815e-003 
1.846319e-001 5.846516e-002 4.347069e-002 3.336632e-002 1.827926e-003 
1.831988e-001 5.909386e-002 4.394074e-002 3.363262e-002 1.853831e-003 
1.817820e-001 5.971670e-002 4.440602e-002 3.389405e-002 1.879532e-003 
1.803815e-001 6.033372e-002 4.486658e-002 3.415069e-002 1.905029e-003 
1.789969e-001 6.094499e-002 4.532247e-002 3.440263e-002 1.930324e-003 
1.776282e-001 6.155056e-002 4.577374e-002 3.464994e-002 1.955418e-003 
1.762750e-001 6.215049e-002 4.622044e-002 3.489271e-002 1.980313e-003 
1.749373e-001 6.274482e-002 4.666262e-002 3.513101e-002 2.005008e-003 
1.736149e-001 6.333362e-002 4.710032e-002 3.536493e-002 2.029506e-003 
1.723075e-001 6.391693e-002 4.753359e-002 3.559453e-002 2.053808e-003 
1.710151e-001 6.449481e-002 4.796248e-002 3.581989e-002 2.077914e-003 
1.697374e-001 6.506731e-002 4.838704e-002 3.604109e-002 2.101826e-003 
1.684742e-001 6.563448e-002 4.880730e-002 3.625819e-002 2.125545e-003 
1.672255e-001 6.619638e-002 4.922332e-002 3.647126e-002 2.149071e-003 
1.659910e-001 6.675304e-002 4.963513e-002 3.668038e-002 2.172407e-003 
1.647705e-001 6.730454e-002 5.004279e-002 3.688561e-002 2.195553e-003 
1.635639e-001 6.785090e-002 5.044634e-002 3.708702e-002 2.218511e-003 
1.623711e-001 6.839219e-002 5.084582e-002 3.728468e-002 2.241280e-003 
1.611919e-001 6.892845e-002 5.124127e-002 3.747864e-002 2.263863e-003 
1.600260e-001 6.945972e-002 5.163274e-002 3.766898e-002 2.286261e-003 
1.588735e-001 6.998607e-002 5.202026e-002 3.785575e-002 2.308474e-003 
1.577340e-001 7.050753e-002 5.240389e-002 3.803902e-002 2.330504e-003 
1.566075e-001 7.102415e-002 5.278365e-002 3.821885e-002 2.352351e-003 
1.554938e-001 7.153597e-002 5.315959e-002 3.839529e-002 2.374017e-003 
1.543928e-001 7.204305e-002 5.353176e-002 3.856840e-002 2.395503e-003 
1.533042e-001 7.254543e-002 5.390019e-002 3.873825e-002 2.416809e-003 
1.522281e-001 7.304316e-002 5.426492e-002 3.890488e-002 2.437938e-003 
1.511641e-001 7.353627e-002 5.462598e-002 3.906836e-002 2.458889e-003 
1.501122e-001 7.402481e-002 5.498343e-002 3.922873e-002 2.479664e-003 
1.490723e-001 7.450883e-002 5.533729e-002 3.938605e-002 2.500264e-003 
1.480442e-001 7.498837e-002 5.568760e-002 3.954038e-002 2.520690e-003 
1.470277e-001 7.546348e-002 5.603441e-002 3.969176e-002 2.540943e-003 
1.460228e-001 7.593418e-002 5.637774e-002 3.984025e-002 2.561023e-003 
1.450293e-001 7.640054e-002 5.671763e-002 3.998588e-002 2.580933e-003 
1.440470e-001 7.686259e-002 5.705413e-002 4.012873e-002 2.600672e-003 
1.430758e-001 7.732036e-002 5.738727e-002 4.026882e-002 2.620243e-003 
1.421157e-001 7.777391e-002 5.771707e-002 4.040621e-002 2.639645e-003 
1.411664e-001 7.822327e-002 5.804358e-002 4.054095e-002 2.658880e-003 
1.402279e-001 7.866848e-002 5.836684e-002 4.067308e-002 2.677949e-003 
1.392999e-001 7.910958e-002 5.868687e-002 4.080265e-002 2.696852e-003 
1.383825e-001 7.954662e-002 5.900371e-002 4.092969e-002 2.715591e-003 
1.374755e-001 7.997962e-002 5.931739e-002 4.105426e-002 2.734167e-003 
1.365787e-001 8.040863e-002 5.962795e-002 4.117640e-002 2.752581e-003 
1.356921e-001 8.083369e-002 5.993542e-002 4.129614e-002 2.770833e-003 
1.348155e-001 8.125484e-002 6.023983e-002 4.141353e-002 2.788924e-003 
1.339487e-001 8.167211e-002 6.054121e-002 4.152861e-002 2.806856e-003 
1.330918e-001 8.208553e-002 6.083961e-002 4.164142e-002 2.824629e-003 
1.322445e-001 8.249516e-002 6.113503e-002 4.175200e-002 2.842245e-003 
1.314068e-001 8.290102e-002 6.142753e-002 4.186038e-002 2.859704e-003 
1.305786e-001 8.330314e-002 6.171713e-002 4.196661e-002 2.877007e-003 
1.297597e-001 8.370157e-002 6.200386e-002 4.207072e-002 2.894155e-003 
1.289500e-001 8.409634e-002 6.228774e-002 4.217275e-002 2.911149e-003 
1.281494e-001 8.448749e-002 6.256882e-002 4.227273e-002 2.927990e-003 
1.273579e-001 8.487505e-002 6.284712e-002 4.237070e-002 2.944678e-003 
1.265753e-001 8.525905e-002 6.312266e-002 4.246669e-002 2.961215e-003 
1.258015e-001 8.563953e-002 6.339549e-002 4.256075e-002 2.977602e-003 
1.250364e-001 8.601652e-002 6.366562e-002 4.265289e-002 2.993839e-003 
1.242799e-001 8.639006e-002 6.393309e-002 4.274315e-002 3.009927e-003 
1.235319e-001 8.676018e-002 6.419792e-002 4.283158e-002 3.025868e-003 
1.227923e-001 8.712691e-002 6.446014e-002 4.291819e-002 3.041661e-003 
1.220610e-001 8.749028e-002 6.471978e-002 4.300302e-002 3.057309e-003 
1.213380e-001 8.785033e-002 6.497686e-002 4.308609e-002 3.072811e-003 
1.206230e-001 8.820709e-002 6.523142e-002 4.316745e-002 3.088169e-003 
1.199161e-001 8.856058e-002 6.548347e-002 4.324712e-002 3.103383e-003 
1.192172e-001 8.891085e-002 6.573306e-002 4.332513e-002 3.118455e-003 
1.185260e-001 8.925792e-002 6.598019e-002 4.340150e-002 3.133384e-003 
1.178426e-001 8.960183e-002 6.622490e-002 4.347627e-002 3.148173e-003 
1.171669e-001 8.994259e-002 6.646721e-002 4.354946e-002 3.162822e-003 
1.164987e-001 9.028025e-002 6.670715e-002 4.362111e-002 3.177331e-003 
1.158380e-001 9.061483e-002 6.694475e-002 4.369123e-002 3.191701e-003 
1.151847e-001 9.094637e-002 6.718002e-002 4.375985e-002 3.205934e-003 
1.145387e-001 9.127488e-002 6.741300e-002 4.382700e-002 3.220030e-003 
1.139000e-001 9.160041e-002 6.764370e-002 4.389270e-002 3.233990e-003 
1.132683e-001 9.192298e-002 6.787215e-002 4.395699e-002 3.247815e-003 
1.126438e-001 9.224261e-002 6.809837e-002 4.401988e-002 3.261505e-003 
1.120262e-001 9.255934e-002 6.832240e-002 4.408139e-002 3.275062e-003 
1.114155e-001 9.287319e-002 6.854424e-002 4.414156e-002 3.288486e-003 
1.108116e-001 9.318420e-002 6.876393e-002 4.420040e-002 3.301777e-003 
1.102144e-001 9.349238e-002 6.898148e-002 4.425794e-002 3.314937e-003 
1.096239e-001 9.379777e-002 6.919692e-002 4.431420e-002 3.327967e-003 
1.090400e-001 9.410039e-002 6.941028e-002 4.436920e-002 3.340867e-003 
1.084626e-001 9.440027e-002 6.962156e-002 4.442296e-002 3.353639e-003 
1.078916e-001 9.469743e-002 6.983080e-002 4.447551e-002 3.366282e-003 
1.073269e-001 9.499191e-002 7.003802e-002 4.452687e-002 3.378797e-003 
1.067686e-001 9.528372e-002 7.024324e-002 4.457705e-002 3.391186e-003 
1.062164e-001 9.557289e-002 7.044647e-002 4.462608e-002 3.403449e-003 
1.056704e-001 9.585946e-002 7.064774e-002 4.467397e-002 3.415587e-003 
1.051305e-001 9.614343e-002 7.084708e-002 4.472075e-002 3.427600e-003 
1.045965e-001 9.642484e-002 7.104449e-002 4.476644e-002 3.439490e-003 
1.040684e-001 9.670372e-002 7.124001e-002 4.481105e-002 3.451257e-003 
1.035462e-001 9.698008e-002 7.143365e-002 4.485460e-002 3.462902e-003 
1.030298e-001 9.725395e-002 7.162542e-002 4.489712e-002 3.474425e-003 
1.025191e-001 9.752536e-002 7.181536e-002 4.493861e-002 3.485828e-003 
1.020141e-001 9.779433e-002 7.200348e-002 4.497910e-002 3.497111e-003 
1.015147e-001 9.806087e-002 7.218980e-002 4.501861e-002 3.508274e-003 
1.010207e-001 9.832502e-002 7.237433e-002 4.505714e-002 3.519319e-003 
1.005323e-001 9.858680e-002 7.255710e-002 4.509472e-002 3.530246e-003 
1.000492e-001 9.884623e-002 7.273813e-002 4.513137e-002 3.541056e-003 
9.957144e-002 9.910333e-002 7.291743e-002 4.516710e-002 3.551750e-003 
9.909896e-002 9.935813e-002 7.309502e-002 4.520192e-002 3.562328e-003 
9.863170e-002 9.961065e-002 7.327092e-002 4.523586e-002 3.572791e-003 
9.816958e-002 9.986090e-002 7.344515e-002 4.526892e-002 3.583140e-003 
9.771254e-002 1.001089e-001 7.361773e-002 4.530112e-002 3.593375e-003 
9.726054e-002 1.003547e-001 7.378867e-002 4.533248e-002 3.603497e-003 
9.681351e-002 1.005983e-001 7.395798e-002 4.536302e-002 3.613507e-003 
9.637139e-002 1.008397e-001 7.412570e-002 4.539274e-002 3.623406e-003 
9.593413e-002 1.010790e-001 7.429183e-002 4.542165e-002 3.633193e-003 
9.550166e-002 1.013162e-001 7.445639e-002 4.544979e-002 3.642871e-003 
9.507394e-002 1.015512e-001 7.461939e-002 4.547715e-002 3.652439e-003 
9.465091e-002 1.017841e-001 7.478086e-002 4.550375e-002 3.661898e-003 
9.423252e-002 1.020150e-001 7.494081e-002 4.552960e-002 3.671249e-003 
9.381870e-002 1.022438e-001 7.509926e-002 4.555473e-002 3.680493e-003 
9.340941e-002 1.024706e-001 7.525621e-002 4.557913e-002 3.689629e-003 
9.300460e-002 1.026953e-001 7.541170e-002 4.560282e-002 3.698660e-003 
9.260421e-002 1.029181e-001 7.556573e-002 4.562582e-002 3.707585e-003 
9.220819e-002 1.031389e-001 7.571831e-002 4.564813e-002 3.716405e-003 
9.181649e-002 1.033577e-001 7.586947e-002 4.566977e-002 3.725121e-003 
9.142906e-002 1.035746e-001 7.601922e-002 4.569075e-002 3.733733e-003 
9.104586e-002 1.037896e-001 7.616757e-002 4.571109e-002 3.742242e-003 
9.066683e-002 1.040026e-001 7.631454e-002 4.573078e-002 3.750649e-003 
9.029192e-002 1.042138e-001 7.646014e-002 4.574985e-002 3.758955e-003 
8.992108e-002 1.044232e-001 7.660438e-002 4.576830e-002 3.767159e-003 
8.955428e-002 1.046306e-001 7.674729e-002 4.578615e-002 3.775263e-003 
8.919145e-002 1.048363e-001 7.688888e-002 4.580340e-002 3.783267e-003 
8.883257e-002 1.050401e-001 7.702915e-002 4.582007e-002 3.791171e-003 
8.847757e-002 1.052422e-001 7.716813e-002 4.583617e-002 3.798977e-003 
8.812642e-002 1.054425e-001 7.730582e-002 4.585170e-002 3.806686e-003 
8.777907e-002 1.056410e-001 7.744225e-002 4.586667e-002 3.814296e-003 
8.743547e-002 1.058377e-001 7.757742e-002 4.588110e-002 3.821810e-003 
8.709559e-002 1.060328e-001 7.771134e-002 4.589500e-002 3.829228e-003 
8.675938e-002 1.062261e-001 7.784404e-002 4.590837e-002 3.836551e-003 
8.642679e-002 1.064178e-001 7.797552e-002 4.592122e-002 3.843778e-003 
8.609779e-002 1.066077e-001 7.810579e-002 4.593357e-002 3.850911e-003 
8.577233e-002 1.067960e-001 7.823487e-002 4.594541e-002 3.857950e-003 
8.545038e-002 1.069827e-001 7.836278e-002 4.595677e-002 3.864896e-003 
8.513189e-002 1.071677e-001 7.848952e-002 4.596764e-002 3.871749e-003 
8.481682e-002 1.073511e-001 7.861510e-002 4.597804e-002 3.878511e-003 
8.450513e-002 1.075329e-001 7.873954e-002 4.598798e-002 3.885181e-003 
8.419678e-002 1.077132e-001 7.886285e-002 4.599746e-002 3.891759e-003 
8.389174e-002 1.078919e-001 7.898505e-002 4.600648e-002 3.898248e-003 
8.358996e-002 1.080690e-001 7.910614e-002 4.601507e-002 3.904647e-003 
8.329141e-002 1.082445e-001 7.922613e-002 4.602322e-002 3.910957e-003 
8.299605e-002 1.084186e-001 7.934504e-002 4.603095e-002 3.917178e-003 
8.270385e-002 1.085911e-001 7.946288e-002 4.603826e-002 3.923311e-003 
8.241476e-002 1.087622e-001 7.957966e-002 4.604515e-002 3.929356e-003 
8.212875e-002 1.089318e-001 7.969539e-002 4.605164e-002 3.935315e-003 
8.184579e-002 1.090999e-001 7.981008e-002 4.605774e-002 3.941187e-003 
8.156583e-002 1.092665e-001 7.992374e-002 4.606344e-002 3.946973e-003 
8.128886e-002 1.094318e-001 8.003639e-002 4.606876e-002 3.952674e-003 
8.101482e-002 1.095956e-001 8.014804e-002 4.607371e-002 3.958290e-003 
8.074368e-002 1.097579e-001 8.025868e-002 4.607828e-002 3.963822e-003 
8.047543e-002 1.099189e-001 8.036835e-002 4.608249e-002 3.969270e-003 
8.021000e-002 1.100785e-001 8.047704e-002 4.608634e-002 3.974635e-003 
7.994739e-002 1.102368e-001 8.058476e-002 4.608984e-002 3.979918e-003 
7.968755e-002 1.103937e-001 8.069154e-002 4.609300e-002 3.985118e-003 
7.943045e-002 1.105492e-001 8.079737e-002 4.609581e-002 3.990237e-003 
7.917606e-002 1.107034e-001 8.090226e-002 4.609829e-002 3.995275e-003 
7.892435e-002 1.108563e-001 8.100623e-002 4.610045e-002 4.000232e-003 
7.867529e-002 1.110079e-001 8.110929e-002 4.610228e-002 4.005109e-003 
7.842884e-002 1.111582e-001 8.121145e-002 4.610380e-002 4.009906e-003 
7.818498e-002 1.113072e-001 8.131271e-002 4.610501e-002 4.014625e-003 
7.794368e-002 1.114550e-001 8.141308e-002 4.610591e-002 4.019265e-003 
7.770491e-002 1.116014e-001 8.151258e-002 4.610651e-002 4.023827e-003 
7.746863e-002 1.117467e-001 8.161121e-002 4.610682e-002 4.028311e-003 
7.723482e-002 1.118907e-001 8.170898e-002 4.610683e-002 4.032719e-003 
7.700345e-002 1.120335e-001 8.180591e-002 4.610657e-002 4.037050e-003 
7.677449e-002 1.121751e-001 8.190199e-002 4.610602e-002 4.041305e-003 
7.654791e-002 1.123155e-001 8.199725e-002 4.610520e-002 4.045484e-003 
7.632370e-002 1.124547e-001 8.209168e-002 4.610411e-002 4.049588e-003 
7.610181e-002 1.125927e-001 8.218530e-002 4.610276e-002 4.053618e-003 
7.588222e-002 1.127296e-001 8.227812e-002 4.610114e-002 4.057574e-003 
7.566491e-002 1.128653e-001 8.237014e-002 4.609927e-002 4.061456e-003 
7.544985e-002 1.129999e-001 8.246137e-002 4.609715e-002 4.065265e-003 
7.523701e-002 1.131333e-001 8.255182e-002 4.609478e-002 4.069002e-003 
7.502636e-002 1.132657e-001 8.264150e-002 4.609217e-002 4.072666e-003 
7.481789e-002 1.133969e-001 8.273042e-002 4.608932e-002 4.076259e-003 
7.461157e-002 1.135270e-001 8.281859e-002 4.608623e-002 4.079780e-003 
7.440737e-002 1.136560e-001 8.290600e-002 4.608292e-002 4.083231e-003 
7.420526e-002 1.137840e-001 8.299268e-002 4.607938e-002 4.086611e-003 
7.400523e-002 1.139109e-001 8.307862e-002 4.607562e-002 4.089922e-003 
7.380724e-002 1.140367e-001 8.316385e-002 4.607164e-002 4.093163e-003 
7.361129e-002 1.141615e-001 8.324835e-002 4.606745e-002 4.096335e-003 
7.341733e-002 1.142853e-001 8.333215e-002 4.606304e-002 4.099439e-003 
7.322535e-002 1.144080e-001 8.341525e-002 4.605843e-002 4.102475e-003 
7.303533e-002 1.145298e-001 8.349765e-002 4.605362e-002 4.105443e-003 
7.284724e-002 1.146505e-001 8.357937e-002 4.604861e-002 4.108344e-003 
7.266106e-002 1.147702e-001 8.366041e-002 4.604340e-002 4.111179e-003 
7.247677e-002 1.148889e-001 8.374078e-002 4.603800e-002 4.113947e-003 
7.229435e-002 1.150067e-001 8.382048e-002 4.603241e-002 4.116650e-003 
7.211377e-002 1.151235e-001 8.389952e-002 4.602663e-002 4.119287e-003 
7.193502e-002 1.152393e-001 8.397792e-002 4.602067e-002 4.121859e-003 
7.175807e-002 1.153542e-001 8.405567e-002 4.601454e-002 4.124366e-003 
7.158290e-002 1.154681e-001 8.413278e-002 4.600822e-002 4.126810e-003 
7.140949e-002 1.155811e-001 8.420926e-002 4.600174e-002 4.129190e-003 
7.123782e-002 1.156932e-001 8.428512e-002 4.599508e-002 4.131507e-003 
7.106788e-002 1.158044e-001 8.436037e-002 4.598826e-002 4.133761e-003 
7.089963e-002 1.159146e-001 8.443500e-002 4.598127e-002 4.135952e-003 
7.073307e-002 1.160240e-001 8.450903e-002 4.597412e-002 4.138082e-003 
7.056816e-002 1.161325e-001 8.458246e-002 4.596682e-002 4.140150e-003 
7.040490e-002 1.162401e-001 8.465530e-002 4.595936e-002 4.142157e-003 
7.024327e-002 1.163468e-001 8.472755e-002 4.595174e-002 4.144103e-003 
7.008324e-002 1.164527e-001 8.479923e-002 4.594398e-002 4.145989e-003 
6.992479e-002 1.165577e-001 8.487033e-002 4.593607e-002 4.147815e-003 
6.976791e-002 1.166619e-001 8.494087e-002 4.592802e-002 4.149582e-003 
6.961258e-002 1.167652e-001 8.501084e-002 4.591982e-002 4.151289e-003 
6.945879e-002 1.168677e-001 8.508026e-002 4.591148e-002 4.152938e-003 
6.930651e-002 1.169694e-001 8.514913e-002 4.590301e-002 4.154528e-003 
6.915572e-002 1.170703e-001 8.521746e-002 4.589440e-002 4.156061e-003 
6.900642e-002 1.171704e-001 8.528525e-002 4.588567e-002 4.157536e-003 
6.885857e-002 1.172696e-001 8.535251e-002 4.587680e-002 4.158954e-003 
6.871217e-002 1.173681e-001 8.541925e-002 4.586780e-002 4.160315e-003 
6.856720e-002 1.174658e-001 8.548546e-002 4.585868e-002 4.161620e-003 
6.842365e-002 1.175627e-001 8.555116e-002 4.584944e-002 4.162869e-003 
6.828149e-002 1.176589e-001 8.561635e-002 4.584007e-002 4.164062e-003 
6.814070e-002 1.177543e-001 8.568103e-002 4.583059e-002 4.165200e-003 
6.800129e-002 1.178489e-001 8.574522e-002 4.582099e-002 4.166284e-003 
6.786322e-002 1.179428e-001 8.580891e-002 4.581128e-002 4.167313e-003 
6.772648e-002 1.180360e-001 8.587212e-002 4.580145e-002 4.168287e-003 
6.759106e-002 1.181284e-001 8.593484e-002 4.579152e-002 4.169209e-003 
6.745694e-002 1.182201e-001 8.599708e-002 4.578147e-002 4.170076e-003 
6.732411e-002 1.183111e-001 8.605885e-002 4.577132e-002 4.170891e-003 
6.719255e-002 1.184014e-001 8.612016e-002 4.576107e-002 4.171654e-003 
6.706225e-002 1.184909e-001 8.618099e-002 4.575071e-002 4.172364e-003 
6.693319e-002 1.185798e-001 8.624138e-002 4.574026e-002 4.173022e-003 
6.680536e-002 1.186680e-001 8.630130e-002 4.572970e-002 4.173629e-003 
6.667874e-002 1.187555e-001 8.636079e-002 4.571905e-002 4.174184e-003 
6.655332e-002 1.188423e-001 8.641982e-002 4.570830e-002 4.174689e-003 
6.642910e-002 1.189284e-001 8.647842e-002 4.569746e-002 4.175143e-003 
6.630604e-002 1.190139e-001 8.653658e-002 4.568653e-002 4.175548e-003 
6.618414e-002 1.190988e-001 8.659432e-002 4.567550e-002 4.175902e-003 
6.606339e-002 1.191829e-001 8.665162e-002 4.566439e-002 4.176207e-003 
6.594377e-002 1.192665e-001 8.670851e-002 4.565320e-002 4.176464e-003 
6.582527e-002 1.193494e-001 8.676498e-002 4.564191e-002 4.176671e-003 
6.570788e-002 1.194316e-001 8.682104e-002 4.563055e-002 4.176830e-003 
6.559158e-002 1.195133e-001 8.687670e-002 4.561910e-002 4.176941e-003 
6.547636e-002 1.195943e-001 8.693195e-002 4.560757e-002 4.177005e-003 
6.536221e-002 1.196747e-001 8.698680e-002 4.559596e-002 4.177021e-003 
6.524912e-002 1.197545e-001 8.704125e-002 4.558428e-002 4.176990e-003 
6.513707e-002 1.198336e-001 8.709532e-002 4.557251e-002 4.176912e-003 
6.502606e-002 1.199122e-001 8.714900e-002 4.556068e-002 4.176789e-003 
6.491606e-002 1.199902e-001 8.720230e-002 4.554877e-002 4.176619e-003 
6.480708e-002 1.200676e-001 8.725521e-002 4.553678e-002 4.176403e-003 
6.469909e-002 1.201445e-001 8.730776e-002 4.552473e-002 4.176142e-003 
6.459209e-002 1.202207e-001 8.735993e-002 4.551261e-002 4.175837e-003 
6.448606e-002 1.202964e-001 8.741174e-002 4.550042e-002 4.175486e-003 
6.438099e-002 1.203715e-001 8.746319e-002 4.548816e-002 4.175091e-003 
6.427688e-002 1.204461e-001 8.751428e-002 4.547584e-002 4.174652e-003 
6.417370e-002 1.205201e-001 8.756501e-002 4.546345e-002 4.174169e-003 
6.407146e-002 1.205936e-001 8.761539e-002 4.545100e-002 4.173643e-003 
6.397014e-002 1.206665e-001 8.766543e-002 4.543849e-002 4.173074e-003 
6.386972e-002 1.207389e-001 8.771512e-002 4.542592e-002 4.172462e-003 
6.377020e-002 1.208107e-001 8.776447e-002 4.541328e-002 4.171807e-003 
6.367158e-002 1.208821e-001 8.781349e-002 4.540059e-002 4.171111e-003 
6.357383e-002 1.209529e-001 8.786217e-002 4.538784e-002 4.170372e-003 
6.347694e-002 1.210232e-001 8.791053e-002 4.537504e-002 4.169592e-003 
6.338092e-002 1.210930e-001 8.795856e-002 4.536218e-002 4.168771e-003 
6.328574e-002 1.211622e-001 8.800626e-002 4.534926e-002 4.167908e-003 
6.319140e-002 1.212310e-001 8.805365e-002 4.533630e-002 4.167005e-003 
6.309789e-002 1.212993e-001 8.810072e-002 4.532328e-002 4.166062e-003 
6.300520e-002 1.213670e-001 8.814748e-002 4.531021e-002 4.165078e-003 
6.291332e-002 1.214343e-001 8.819393e-002 4.529708e-002 4.164055e-003 
6.282224e-002 1.215012e-001 8.824008e-002 4.528391e-002 4.162992e-003 
6.273195e-002 1.215675e-001 8.828592e-002 4.527069e-002 4.161891e-003 
6.264244e-002 1.216333e-001 8.833147e-002 4.525743e-002 4.160750e-003 
6.255370e-002 1.216987e-001 8.837672e-002 4.524412e-002 4.159570e-003 
6.246573e-002 1.217637e-001 8.842168e-002 4.523076e-002 4.158353e-003 
6.237851e-002 1.218281e-001 8.846634e-002 4.521735e-002 4.157097e-003 
6.229204e-002 1.218921e-001 8.851072e-002 4.520391e-002 4.155804e-003 
6.220631e-002 1.219557e-001 8.855482e-002 4.519042e-002 4.154473e-003 
6.212131e-002 1.220188e-001 8.859864e-002 4.517688e-002 4.153104e-003 
6.203703e-002 1.220815e-001 8.864218e-002 4.516331e-002 4.151699e-003 
6.195346e-002 1.221437e-001 8.868544e-002 4.514970e-002 4.150258e-003 
6.187060e-002 1.222055e-001 8.872844e-002 4.513604e-002 4.148780e-003 
6.178844e-002 1.222669e-001 8.877116e-002 4.512235e-002 4.147266e-003 
6.170696e-002 1.223278e-001 8.881362e-002 4.510862e-002 4.145716e-003 
6.162616e-002 1.223883e-001 8.885582e-002 4.509485e-002 4.144130e-003 
6.154604e-002 1.224484e-001 8.889775e-002 4.508104e-002 4.142510e-003 
6.146658e-002 1.225081e-001 8.893943e-002 4.506720e-002 4.140854e-003 
6.138778e-002 1.225674e-001 8.898086e-002 4.505333e-002 4.139163e-003 
6.130963e-002 1.226263e-001 8.902203e-002 4.503942e-002 4.137438e-003 
6.123212e-002 1.226848e-001 8.906295e-002 4.502547e-002 4.135679e-003 
6.115525e-002 1.227428e-001 8.910363e-002 4.501149e-002 4.133886e-003 
6.107901e-002 1.228005e-001 8.914406e-002 4.499748e-002 4.132060e-003 
6.100338e-002 1.228578e-001 8.918425e-002 4.498344e-002 4.130199e-003 
6.092837e-002 1.229147e-001 8.922421e-002 4.496937e-002 4.128306e-003 
6.085397e-002 1.229712e-001 8.926392e-002 4.495526e-002 4.126380e-003 
6.078017e-002 1.230274e-001 8.930341e-002 4.494113e-002 4.124421e-003 
6.070696e-002 1.230831e-001 8.934266e-002 4.492696e-002 4.122430e-003 
6.063433e-002 1.231385e-001 8.938168e-002 4.491277e-002 4.120406e-003 
6.056229e-002 1.231936e-001 8.942048e-002 4.489855e-002 4.118351e-003 
6.049082e-002 1.232482e-001 8.945905e-002 4.488430e-002 4.116264e-003 
6.041991e-002 1.233025e-001 8.949740e-002 4.487003e-002 4.114146e-003 
6.034956e-002 1.233565e-001 8.953553e-002 4.485573e-002 4.111996e-003 
6.027977e-002 1.234100e-001 8.957345e-002 4.484140e-002 4.109816e-003 
6.021053e-002 1.234633e-001 8.961115e-002 4.482705e-002 4.107605e-003 
6.014182e-002 1.235162e-001 8.964864e-002 4.481267e-002 4.105363e-003 
6.007365e-002 1.235687e-001 8.968592e-002 4.479827e-002 4.103091e-003 
6.000601e-002 1.236209e-001 8.972299e-002 4.478384e-002 4.100790e-003 
5.993889e-002 1.236728e-001 8.975985e-002 4.476939e-002 4.098459e-003 
5.987229e-002 1.237243e-001 8.979651e-002 4.475492e-002 4.096098e-003 
5.980620e-002 1.237755e-001 8.983298e-002 4.474043e-002 4.093708e-003 
5.974061e-002 1.238264e-001 8.986924e-002 4.472591e-002 4.091289e-003 
5.967552e-002 1.238770e-001 8.990530e-002 4.471138e-002 4.088841e-003 
5.961093e-002 1.239272e-001 8.994117e-002 4.469682e-002 4.086365e-003 
5.954682e-002 1.239771e-001 8.997685e-002 4.468224e-002 4.083860e-003 
5.948319e-002 1.240267e-001 9.001234e-002 4.466764e-002 4.081327e-003 
5.942004e-002 1.240760e-001 9.004764e-002 4.465302e-002 4.078767e-003 
5.935737e-002 1.241250e-001 9.008275e-002 4.463839e-002 4.076179e-003 
5.929516e-002 1.241736e-001 9.011768e-002 4.462373e-002 4.073563e-003 
5.923340e-002 1.242220e-001 9.015242e-002 4.460906e-002 4.070920e-003 
5.917211e-002 1.242701e-001 9.018699e-002 4.459436e-002 4.068251e-003 
5.911126e-002 1.243178e-001 9.022137e-002 4.457966e-002 4.065554e-003 
5.905086e-002 1.243653e-001 9.025558e-002 4.456493e-002 4.062831e-003 
5.899090e-002 1.244125e-001 9.028962e-002 4.455019e-002 4.060082e-003 
5.893138e-002 1.244594e-001 9.032348e-002 4.453543e-002 4.057307e-003 
5.887228e-002 1.245060e-001 9.035717e-002 4.452065e-002 4.054506e-003 
5.881361e-002 1.245523e-001 9.039069e-002 4.450586e-002 4.051679e-003 
5.875536e-002 1.245983e-001 9.042405e-002 4.449106e-002 4.048827e-003 
5.869752e-002 1.246441e-001 9.045723e-002 4.447623e-002 4.045949e-003 
5.864010e-002 1.246896e-001 9.049026e-002 4.446140e-002 4.043047e-003 
5.858308e-002 1.247348e-001 9.052312e-002 4.444655e-002 4.040120e-003 
5.852646e-002 1.247798e-001 9.055582e-002 4.443169e-002 4.037168e-003 
5.847024e-002 1.248244e-001 9.058836e-002 4.441681e-002 4.034192e-003 
5.841441e-002 1.248688e-001 9.062075e-002 4.440192e-002 4.031192e-003 
5.835897e-002 1.249130e-001 9.065298e-002 4.438702e-002 4.028167e-003 
5.830392e-002 1.249569e-001 9.068506e-002 4.437210e-002 4.025119e-003 
5.824924e-002 1.250005e-001 9.071698e-002 4.435718e-002 4.022048e-003 
5.819494e-002 1.250439e-001 9.074876e-002 4.434224e-002 4.018953e-003 
5.814101e-002 1.250870e-001 9.078039e-002 4.432729e-002 4.015834e-003 
5.808744e-002 1.251299e-001 9.081186e-002 4.431233e-002 4.012693e-003 
5.803424e-002 1.251725e-001 9.084320e-002 4.429735e-002 4.009529e-003 
5.798139e-002 1.252149e-001 9.087439e-002 4.428237e-002 4.006343e-003 
5.792890e-002 1.252571e-001 9.090543e-002 4.426738e-002 4.003134e-003 
5.787676e-002 1.252990e-001 9.093634e-002 4.425237e-002 3.999903e-003 
5.782497e-002 1.253406e-001 9.096711e-002 4.423736e-002 3.996650e-003 
5.777351e-002 1.253821e-001 9.099774e-002 4.422233e-002 3.993375e-003 
5.772240e-002 1.254233e-001 9.102823e-002 4.420730e-002 3.990079e-003 
5.767162e-002 1.254642e-001 9.105859e-002 4.419226e-002 3.986761e-003 
5.762117e-002 1.255050e-001 9.108881e-002 4.417721e-002 3.983422e-003 
5.757105e-002 1.255455e-001 9.111890e-002 4.416215e-002 3.980062e-003 
5.752125e-002 1.255858e-001 9.114887e-002 4.414708e-002 3.976682e-003 
5.747177e-002 1.256258e-001 9.117870e-002 4.413201e-002 3.973280e-003 
5.742261e-002 1.256657e-001 9.120840e-002 4.411692e-002 3.969858e-003 
5.737376e-002 1.257053e-001 9.123798e-002 4.410183e-002 3.966416e-003 
5.732522e-002 1.257447e-001 9.126743e-002 4.408673e-002 3.962953e-003 
5.727698e-002 1.257839e-001 9.129676e-002 4.407163e-002 3.959471e-003 
5.722905e-002 1.258229e-001 9.132597e-002 4.405651e-002 3.955969e-003 
5.718141e-002 1.258616e-001 9.135506e-002 4.404139e-002 3.952447e-003 
5.713407e-002 1.259002e-001 9.138402e-002 4.402627e-002 3.948906e-003 
5.708702e-002 1.259386e-001 9.141287e-002 4.401113e-002 3.945346e-003 
5.704026e-002 1.259767e-001 9.144160e-002 4.399599e-002 3.941767e-003 
5.699379e-002 1.260147e-001 9.147022e-002 4.398085e-002 3.938169e-003 
5.694760e-002 1.260524e-001 9.149872e-002 4.396570e-002 3.934552e-003 
5.690168e-002 1.260900e-001 9.152710e-002 4.395054e-002 3.930917e-003 
5.685604e-002 1.261274e-001 9.155538e-002 4.393538e-002 3.927263e-003 
5.681068e-002 1.261645e-001 9.158354e-002 4.392022e-002 3.923591e-003 
5.676558e-002 1.262015e-001 9.161160e-002 4.390504e-002 3.919901e-003 
5.672076e-002 1.262383e-001 9.163954e-002 4.388987e-002 3.916194e-003 
5.667619e-002 1.262749e-001 9.166738e-002 4.387469e-002 3.912469e-003 
5.663189e-002 1.263113e-001 9.169511e-002 4.385950e-002 3.908726e-003 
5.658784e-002 1.263475e-001 9.172274e-002 4.384431e-002 3.904966e-003 
5.654405e-002 1.263836e-001 9.175026e-002 4.382912e-002 3.901188e-003 
5.650051e-002 1.264194e-001 9.177768e-002 4.381392e-002 3.897394e-003 
5.645722e-002 1.264551e-001 9.180500e-002 4.379872e-002 3.893583e-003 
5.641418e-002 1.264906e-001 9.183222e-002 4.378351e-002 3.889755e-003 
5.637138e-002 1.265259e-001 9.185934e-002 4.376831e-002 3.885911e-003 
5.632882e-002 1.265611e-001 9.188636e-002 4.375309e-002 3.882050e-003 
5.628650e-002 1.265961e-001 9.191328e-002 4.373788e-002 3.878173e-003 
5.624441e-002 1.266309e-001 9.194010e-002 4.372266e-002 3.874280e-003 
5.620256e-002 1.266655e-001 9.196684e-002 4.370744e-002 3.870371e-003 
5.616094e-002 1.267000e-001 9.199347e-002 4.369222e-002 3.866447e-003 
5.611955e-002 1.267343e-001 9.202002e-002 4.367699e-002 3.862507e-003 
5.607838e-002 1.267684e-001 9.204647e-002 4.366176e-002 3.858551e-003 
5.603743e-002 1.268024e-001 9.207283e-002 4.364653e-002 3.854581e-003 
5.599671e-002 1.268362e-001 9.209910e-002 4.363130e-002 3.850595e-003 
5.595620e-002 1.268699e-001 9.212528e-002 4.361606e-002 3.846594e-003 
5.591590e-002 1.269034e-001 9.215137e-002 4.360083e-002 3.842578e-003 
5.587582e-002 1.269367e-001 9.217738e-002 4.358559e-002 3.838548e-003 
5.583596e-002 1.269699e-001 9.220330e-002 4.357035e-002 3.834503e-003 
5.579629e-002 1.270030e-001 9.222913e-002 4.355510e-002 3.830444e-003 
5.575684e-002 1.270358e-001 9.225488e-002 4.353986e-002 3.826371e-003 
5.571759e-002 1.270686e-001 9.228055e-002 4.352462e-002 3.822284e-003 
5.567854e-002 1.271012e-001 9.230613e-002 4.350937e-002 3.818182e-003 
5.563969e-002 1.271336e-001 9.233163e-002 4.349412e-002 3.814067e-003 
5.560103e-002 1.271659e-001 9.235705e-002 4.347887e-002 3.809939e-003 
5.556257e-002 1.271980e-001 9.238239e-002 4.346363e-002 3.805796e-003 
5.552431e-002 1.272300e-001 9.240766e-002 4.344838e-002 3.801641e-003 
5.548623e-002 1.272619e-001 9.243284e-002 4.343313e-002 3.797472e-003 
5.544834e-002 1.272936e-001 9.245795e-002 4.341788e-002 3.793290e-003 
5.541064e-002 1.273252e-001 9.248298e-002 4.340262e-002 3.789096e-003 
5.537313e-002 1.273566e-001 9.250793e-002 4.338737e-002 3.784888e-003 
5.533579e-002 1.273880e-001 9.253281e-002 4.337212e-002 3.780668e-003 
5.529864e-002 1.274191e-001 9.255762e-002 4.335687e-002 3.776435e-003 
5.526166e-002 1.274502e-001 9.258235e-002 4.334162e-002 3.772190e-003 
5.522486e-002 1.274811e-001 9.260701e-002 4.332637e-002 3.767933e-003 
5.518823e-002 1.275118e-001 9.263160e-002 4.331111e-002 3.763664e-003 
5.515178e-002 1.275425e-001 9.265612e-002 4.329586e-002 3.759382e-003 
5.511549e-002 1.275730e-001 9.268057e-002 4.328061e-002 3.755089e-003 
5.507938e-002 1.276034e-001 9.270495e-002 4.326536e-002 3.750784e-003 
5.504343e-002 1.276336e-001 9.272926e-002 4.325011e-002 3.746468e-003 
5.500765e-002 1.276638e-001 9.275350e-002 4.323486e-002 3.742140e-003 
5.497203e-002 1.276938e-001 9.277768e-002 4.321961e-002 3.737801e-003 
5.493657e-002 1.277237e-001 9.280179e-002 4.320437e-002 3.733451e-003 
5.490127e-002 1.277535e-001 9.282583e-002 4.318912e-002 3.729089e-003 
5.486613e-002 1.277831e-001 9.284981e-002 4.317387e-002 3.724717e-003 
5.483114e-002 1.278126e-001 9.287373e-002 4.315863e-002 3.720334e-003 
5.479631e-002 1.278420e-001 9.289758e-002 4.314338e-002 3.715940e-003 
5.476163e-002 1.278713e-001 9.292137e-002 4.312814e-002 3.711535e-003 
5.472710e-002 1.279005e-001 9.294510e-002 4.311290e-002 3.707121e-003 
5.469273e-002 1.279296e-001 9.296876e-002 4.309766e-002 3.702695e-003 
5.465850e-002 1.279585e-001 9.299237e-002 4.308242e-002 3.698260e-003 
5.462441e-002 1.279874e-001 9.301592e-002 4.306718e-002 3.693815e-003 
5.459047e-002 1.280161e-001 9.303940e-002 4.305195e-002 3.689360e-003 
5.455667e-002 1.280447e-001 9.306283e-002 4.303671e-002 3.684895e-003 
5.452302e-002 1.280732e-001 9.308620e-002 4.302148e-002 3.680420e-003 
5.448950e-002 1.281016e-001 9.310952e-002 4.300625e-002 3.675935e-003 
5.445612e-002 1.281299e-001 9.313277e-002 4.299102e-002 3.671442e-003 
5.442288e-002 1.281581e-001 9.315597e-002 4.297579e-002 3.666938e-003 
5.438978e-002 1.281862e-001 9.317912e-002 4.296057e-002 3.662426e-003 
5.435680e-002 1.282142e-001 9.320221e-002 4.294534e-002 3.657904e-003 
5.432396e-002 1.282421e-001 9.322525e-002 4.293012e-002 3.653374e-003 
5.429126e-002 1.282698e-001 9.324823e-002 4.291490e-002 3.648835e-003 
5.425868e-002 1.282975e-001 9.327116e-002 4.289968e-002 3.644286e-003 
5.422623e-002 1.283251e-001 9.329404e-002 4.288447e-002 3.639730e-003 
5.419390e-002 1.283526e-001 9.331686e-002 4.286926e-002 3.635164e-003 
5.416170e-002 1.283799e-001 9.333964e-002 4.285405e-002 3.630591e-003 
5.412963e-002 1.284072e-001 9.336236e-002 4.283884e-002 3.626009e-003 
5.409767e-002 1.284344e-001 9.338504e-002 4.282363e-002 3.621418e-003 
5.406584e-002 1.284615e-001 9.340766e-002 4.280843e-002 3.616820e-003 
5.403413e-002 1.284885e-001 9.343024e-002 4.279323e-002 3.612214e-003 
5.400254e-002 1.285154e-001 9.345276e-002 4.277803e-002 3.607599e-003 
5.397107e-002 1.285422e-001 9.347524e-002 4.276283e-002 3.602977e-003 
5.393971e-002 1.285689e-001 9.349768e-002 4.274764e-002 3.598348e-003 
5.390846e-002 1.285956e-001 9.352006e-002 4.273245e-002 3.593710e-003 
5.387733e-002 1.286221e-001 9.354240e-002 4.271726e-002 3.589066e-003 
5.384632e-002 1.286486e-001 9.356469e-002 4.270208e-002 3.584414e-003 
5.381541e-002 1.286749e-001 9.358694e-002 4.268690e-002 3.579754e-003 
5.378462e-002 1.287012e-001 9.360915e-002 4.267172e-002 3.575088e-003 
5.375393e-002 1.287274e-001 9.363131e-002 4.265654e-002 3.570414e-003 
5.372335e-002 1.287535e-001 9.365342e-002 4.264137e-002 3.565734e-003 
5.369288e-002 1.287795e-001 9.367549e-002 4.262620e-002 3.561047e-003 
5.366251e-002 1.288055e-001 9.369752e-002 4.261103e-002 3.556353e-003 
5.363225e-002 1.288313e-001 9.371951e-002 4.259587e-002 3.551652e-003 
5.360209e-002 1.288571e-001 9.374146e-002 4.258071e-002 3.546945e-003 
5.357203e-002 1.288828e-001 9.376336e-002 4.256555e-002 3.542232e-003 
5.354208e-002 1.289084e-001 9.378523e-002 4.255039e-002 3.537512e-003 
5.351222e-002 1.289339e-001 9.380705e-002 4.253524e-002 3.532786e-003 
5.348246e-002 1.289594e-001 9.382883e-002 4.252009e-002 3.528053e-003 
5.345280e-002 1.289848e-001 9.385058e-002 4.250495e-002 3.523315e-003 
5.342324e-002 1.290101e-001 9.387228e-002 4.248981e-002 3.518571e-003 
5.339378e-002 1.290353e-001 9.389395e-002 4.247467e-002 3.513821e-003 
5.336440e-002 1.290605e-001 9.391558e-002 4.245954e-002 3.509065e-003 
5.333513e-002 1.290855e-001 9.393717e-002 4.244440e-002 3.504303e-003 
5.330594e-002 1.291105e-001 9.395873e-002 4.242928e-002 3.499536e-003 
5.327685e-002 1.291354e-001 9.398024e-002 4.241415e-002 3.494764e-003 
5.324785e-002 1.291603e-001 9.400173e-002 4.239903e-002 3.489986e-003 
5.321893e-002 1.291851e-001 9.402317e-002 4.238392e-002 3.485203e-003 
5.319011e-002 1.292098e-001 9.404458e-002 4.236880e-002 3.480414e-003 
5.316138e-002 1.292344e-001 9.406595e-002 4.235369e-002 3.475621e-003 
5.313273e-002 1.292590e-001 9.408729e-002 4.233859e-002 3.470822e-003 
5.310417e-002 1.292835e-001 9.410860e-002 4.232348e-002 3.466019e-003 
5.307569e-002 1.293079e-001 9.412987e-002 4.230839e-002 3.461210e-003 
5.304730e-002 1.293323e-001 9.415111e-002 4.229329e-002 3.456397e-003 
5.301899e-002 1.293566e-001 9.417232e-002 4.227820e-002 3.451580e-003 
5.299076e-002 1.293808e-001 9.419349e-002 4.226311e-002 3.446757e-003 
5.296262e-002 1.294050e-001 9.421463e-002 4.224803e-002 3.441930e-003 
5.293456e-002 1.294291e-001 9.423574e-002 4.223295e-002 3.437099e-003 
5.290658e-002 1.294531e-001 9.425681e-002 4.221787e-002 3.432264e-003 
5.287867e-002 1.294771e-001 9.427786e-002 4.220280e-002 3.427424e-003 
5.285085e-002 1.295010e-001 9.429887e-002 4.218773e-002 3.422580e-003 
5.282310e-002 1.295249e-001 9.431986e-002 4.217267e-002 3.417732e-003 
5.279543e-002 1.295486e-001 9.434081e-002 4.215761e-002 3.412880e-003 
5.276784e-002 1.295724e-001 9.436173e-002 4.214256e-002 3.408024e-003 
5.274032e-002 1.295960e-001 9.438263e-002 4.212750e-002 3.403164e-003 
5.271287e-002 1.296196e-001 9.440349e-002 4.211246e-002 3.398301e-003 
5.268550e-002 1.296432e-001 9.442433e-002 4.209741e-002 3.393434e-003 
5.265821e-002 1.296666e-001 9.444514e-002 4.208237e-002 3.388563e-003 
5.263098e-002 1.296901e-001 9.446592e-002 4.206734e-002 3.383689e-003 
5.260383e-002 1.297134e-001 9.448667e-002 4.205231e-002 3.378812e-003 
5.257675e-002 1.297367e-001 9.450739e-002 4.203728e-002 3.373931e-003 
5.254973e-002 1.297600e-001 9.452809e-002 4.202226e-002 3.369046e-003 
5.252279e-002 1.297832e-001 9.454876e-002 4.200724e-002 3.364159e-003 
5.249592e-002 1.298063e-001 9.456941e-002 4.199222e-002 3.359269e-003 
5.246911e-002 1.298294e-001 9.459003e-002 4.197721e-002 3.354375e-003 
5.244237e-002 1.298525e-001 9.461062e-002 4.196221e-002 3.349479e-003 
5.241570e-002 1.298754e-001 9.463118e-002 4.194720e-002 3.344579e-003 
5.238909e-002 1.298984e-001 9.465173e-002 4.193221e-002 3.339677e-003 
5.236255e-002 1.299212e-001 9.467224e-002 4.191721e-002 3.334773e-003 
5.233608e-002 1.299441e-001 9.469273e-002 4.190222e-002 3.329865e-003 
5.230966e-002 1.299668e-001 9.471320e-002 4.188724e-002 3.324955e-003 
5.228331e-002 1.299895e-001 9.473365e-002 4.187226e-002 3.320043e-003 
5.225703e-002 1.300122e-001 9.475407e-002 4.185728e-002 3.315128e-003 
5.223080e-002 1.300348e-001 9.477446e-002 4.184231e-002 3.310210e-003 
5.220464e-002 1.300574e-001 9.479484e-002 4.182734e-002 3.305291e-003 
5.217854e-002 1.300799e-001 9.481519e-002 4.181238e-002 3.300369e-003 
5.215250e-002 1.301024e-001 9.483551e-002 4.179742e-002 3.295445e-003 
5.212651e-002 1.301248e-001 9.485582e-002 4.178247e-002 3.290519e-003 
5.210059e-002 1.301472e-001 9.487610e-002 4.176752e-002 3.285591e-003 
5.207473e-002 1.301695e-001 9.489636e-002 4.175258e-002 3.280661e-003 
5.204892e-002 1.301918e-001 9.491660e-002 4.173764e-002 3.275729e-003 
5.202317e-002 1.302140e-001 9.493682e-002 4.172270e-002 3.270795e-003 
5.199748e-002 1.302362e-001 9.495702e-002 4.170777e-002 3.265860e-003 
5.197184e-002 1.302583e-001 9.497720e-002 4.169284e-002 3.260923e-003 
5.194626e-002 1.302804e-001 9.499735e-002 4.167792e-002 3.255984e-003 
5.192073e-002 1.303025e-001 9.501749e-002 4.166300e-002 3.251044e-003 
5.189526e-002 1.303245e-001 9.503761e-002 4.164809e-002 3.246102e-003 
5.186984e-002 1.303464e-001 9.505770e-002 4.163318e-002 3.241159e-003 
5.184448e-002 1.303684e-001 9.507778e-002 4.161828e-002 3.236215e-003 
5.181917e-002 1.303902e-001 9.509784e-002 4.160338e-002 3.231270e-003 
5.179391e-002 1.304121e-001 9.511787e-002 4.158848e-002 3.226323e-003 
5.176871e-002 1.304339e-001 9.513789e-002 4.157359e-002 3.221375e-003 
5.174355e-002 1.304556e-001 9.515789e-002 4.155871e-002 3.216426e-003 
5.171845e-002 1.304773e-001 9.517788e-002 4.154382e-002 3.211476e-003 
5.169339e-002 1.304990e-001 9.519784e-002 4.152895e-002 3.206525e-003 
5.166839e-002 1.305206e-001 9.521779e-002 4.151408e-002 3.201573e-003 
5.164343e-002 1.305422e-001 9.523772e-002 4.149921e-002 3.196620e-003 
5.161853e-002 1.305638e-001 9.525763e-002 4.148435e-002 3.191667e-003 
5.159367e-002 1.305853e-001 9.527752e-002 4.146949e-002 3.186713e-003 
5.156886e-002 1.306068e-001 9.529740e-002 4.145464e-002 3.181758e-003 
5.154410e-002 1.306282e-001 9.531726e-002 4.143979e-002 3.176803e-003 
5.151939e-002 1.306496e-001 9.533710e-002 4.142495e-002 3.171847e-003 
5.149472e-002 1.306710e-001 9.535693e-002 4.141011e-002 3.166891e-003 
5.147010e-002 1.306923e-001 9.537674e-002 4.139527e-002 3.161934e-003 
5.144553e-002 1.307136e-001 9.539654e-002 4.138044e-002 3.156977e-003 
5.142100e-002 1.307348e-001 9.541632e-002 4.136562e-002 3.152020e-003 
5.139651e-002 1.307560e-001 9.543608e-002 4.135080e-002 3.147062e-003 
5.137207e-002 1.307772e-001 9.545583e-002 4.133599e-002 3.142104e-003 
5.134768e-002 1.307984e-001 9.547557e-002 4.132118e-002 3.137146e-003 
5.132333e-002 1.308195e-001 9.549528e-002 4.130637e-002 3.132189e-003 
5.129902e-002 1.308405e-001 9.551499e-002 4.129157e-002 3.127231e-003 
5.127475e-002 1.308616e-001 9.553468e-002 4.127677e-002 3.122273e-003 
5.125053e-002 1.308826e-001 9.555435e-002 4.126198e-002 3.117315e-003 
5.122635e-002 1.309036e-001 9.557401e-002 4.124720e-002 3.112358e-003 
5.120221e-002 1.309245e-001 9.559366e-002 4.123242e-002 3.107400e-003 
5.117811e-002 1.309454e-001 9.561329e-002 4.121764e-002 3.102443e-003 
5.115405e-002 1.309663e-001 9.563291e-002 4.120287e-002 3.097486e-003 
5.113004e-002 1.309871e-001 9.565252e-002 4.118810e-002 3.092530e-003 
5.110606e-002 1.310079e-001 9.567211e-002 4.117334e-002 3.087574e-003 
