4.297812e-001 1.597506e-002 1.154801e-002 1.408218e-002 3.967385e-003 
4.276662e-001 1.722340e-002 1.234930e-002 1.530954e-002 4.106812e-003 
4.255621e-001 1.846446e-002 1.314633e-002 1.652035e-002 4.244158e-003 
4.234687e-001 1.969826e-002 1.393910e-002 1.771481e-002 4.379455e-003 
4.213862e-001 2.092486e-002 1.472765e-002 1.889312e-002 4.512736e-003 
4.193143e-001 2.214428e-002 1.551200e-002 2.005550e-002 4.644032e-003 
4.172532e-001 2.335658e-002 1.629217e-002 2.120215e-002 4.773373e-003 
4.152026e-001 2.456178e-002 1.706818e-002 2.233325e-002 4.900790e-003 
4.131625e-001 2.575993e-002 1.784005e-002 2.344901e-002 5.026313e-003 
4.111329e-001 2.695107e-002 1.860781e-002 2.454963e-002 5.149972e-003 
4.091138e-001 2.813523e-002 1.937147e-002 2.563528e-002 5.271795e-003 
4.071051e-001 2.931246e-002 2.013106e-002 2.670617e-002 5.391811e-003 
4.051067e-001 3.048278e-002 2.088661e-002 2.776248e-002 5.510049e-003 
4.031186e-001 3.164624e-002 2.163812e-002 2.880438e-002 5.626535e-003 
4.011408e-001 3.280288e-002 2.238563e-002 2.983207e-002 5.741297e-003 
3.991731e-001 3.395273e-002 2.312915e-002 3.084572e-002 5.854363e-003 
3.972156e-001 3.509583e-002 2.386871e-002 3.184552e-002 5.965757e-003 
3.952681e-001 3.623222e-002 2.460432e-002 3.283162e-002 6.075507e-003 
3.933307e-001 3.736193e-002 2.533601e-002 3.380422e-002 6.183638e-003 
3.914033e-001 3.848500e-002 2.606380e-002 3.476347e-002 6.290176e-003 
3.894858e-001 3.960147e-002 2.678771e-002 3.570955e-002 6.395144e-003 
3.875782e-001 4.071136e-002 2.750775e-002 3.664262e-002 6.498567e-003 
3.856804e-001 4.181473e-002 2.822396e-002 3.756285e-002 6.600470e-003 
3.837924e-001 4.291160e-002 2.893634e-002 3.847040e-002 6.700876e-003 
3.819142e-001 4.400201e-002 2.964493e-002 3.936542e-002 6.799809e-003 
3.800457e-001 4.508600e-002 3.034973e-002 4.024809e-002 6.897291e-003 
3.781868e-001 4.616359e-002 3.105077e-002 4.111855e-002 6.993345e-003 
3.763375e-001 4.723483e-002 3.174808e-002 4.197695e-002 7.087993e-003 
3.744978e-001 4.829975e-002 3.244166e-002 4.282346e-002 7.181257e-003 
3.726675e-001 4.935839e-002 3.313154e-002 4.365821e-002 7.273159e-003 
3.708468e-001 5.041077e-002 3.381774e-002 4.448137e-002 7.363719e-003 
3.690354e-001 5.145693e-002 3.450028e-002 4.529307e-002 7.452960e-003 
3.672334e-001 5.249691e-002 3.517918e-002 4.609346e-002 7.540900e-003 
3.654408e-001 5.353075e-002 3.585445e-002 4.688268e-002 7.627561e-003 
3.636574e-001 5.455846e-002 3.652612e-002 4.766088e-002 7.712963e-003 
3.618832e-001 5.558009e-002 3.719420e-002 4.842819e-002 7.797124e-003 
3.601182e-001 5.659568e-002 3.785872e-002 4.918475e-002 7.880065e-003 
3.583624e-001 5.760525e-002 3.851969e-002 4.993070e-002 7.961805e-003 
3.566156e-001 5.860883e-002 3.917713e-002 5.066616e-002 8.042361e-003 
3.548779e-001 5.960647e-002 3.983106e-002 5.139129e-002 8.121753e-003 
3.531492e-001 6.059818e-002 4.048150e-002 5.210619e-002 8.199998e-003 
3.514295e-001 6.158401e-002 4.112847e-002 5.281101e-002 8.277115e-003 
3.497186e-001 6.256399e-002 4.177198e-002 5.350587e-002 8.353122e-003 
3.480167e-001 6.353815e-002 4.241206e-002 5.419090e-002 8.428034e-003 
3.463235e-001 6.450652e-002 4.304872e-002 5.486622e-002 8.501870e-003 
3.446392e-001 6.546912e-002 4.368198e-002 5.553195e-002 8.574646e-003 
3.429636e-001 6.642601e-002 4.431185e-002 5.618822e-002 8.646379e-003 
3.412967e-001 6.737719e-002 4.493836e-002 5.683514e-002 8.717085e-003 
3.396385e-001 6.832272e-002 4.556153e-002 5.747284e-002 8.786779e-003 
3.379888e-001 6.926261e-002 4.618137e-002 5.810142e-002 8.855479e-003 
3.363478e-001 7.019690e-002 4.679789e-002 5.872101e-002 8.923198e-003 
3.347152e-001 7.112562e-002 4.741113e-002 5.933173e-002 8.989953e-003 
3.330912e-001 7.204879e-002 4.802108e-002 5.993367e-002 9.055759e-003 
3.314756e-001 7.296646e-002 4.862778e-002 6.052695e-002 9.120630e-003 
3.298684e-001 7.387864e-002 4.923123e-002 6.111169e-002 9.184581e-003 
3.282696e-001 7.478538e-002 4.983147e-002 6.168798e-002 9.247626e-003 
3.266791e-001 7.568669e-002 5.042849e-002 6.225595e-002 9.309779e-003 
3.250968e-001 7.658262e-002 5.102232e-002 6.281568e-002 9.371055e-003 
3.235229e-001 7.747318e-002 5.161298e-002 6.336730e-002 9.431466e-003 
3.219571e-001 7.835841e-002 5.220048e-002 6.391089e-002 9.491027e-003 
3.203995e-001 7.923834e-002 5.278484e-002 6.444657e-002 9.549750e-003 
3.188500e-001 8.011299e-002 5.336608e-002 6.497442e-002 9.607650e-003 
3.173086e-001 8.098240e-002 5.394421e-002 6.549456e-002 9.664737e-003 
3.157752e-001 8.184659e-002 5.451926e-002 6.600707e-002 9.721026e-003 
3.142498e-001 8.270559e-002 5.509122e-002 6.651206e-002 9.776529e-003 
3.127324e-001 8.355944e-002 5.566013e-002 6.700962e-002 9.831257e-003 
3.112229e-001 8.440815e-002 5.622600e-002 6.749985e-002 9.885223e-003 
3.097213e-001 8.525176e-002 5.678884e-002 6.798283e-002 9.938440e-003 
3.082276e-001 8.609029e-002 5.734867e-002 6.845866e-002 9.990917e-003 
3.067417e-001 8.692378e-002 5.790550e-002 6.892743e-002 1.004267e-002 
3.052635e-001 8.775225e-002 5.845936e-002 6.938924e-002 1.009370e-002 
3.037931e-001 8.857573e-002 5.901026e-002 6.984415e-002 1.014403e-002 
3.023303e-001 8.939424e-002 5.955821e-002 7.029228e-002 1.019367e-002 
3.008753e-001 9.020781e-002 6.010322e-002 7.073370e-002 1.024263e-002 
2.994278e-001 9.101647e-002 6.064532e-002 7.116849e-002 1.029091e-002 
2.979880e-001 9.182025e-002 6.118453e-002 7.159674e-002 1.033853e-002 
2.965556e-001 9.261917e-002 6.172084e-002 7.201854e-002 1.038550e-002 
2.951308e-001 9.341326e-002 6.225429e-002 7.243396e-002 1.043183e-002 
2.937135e-001 9.420255e-002 6.278488e-002 7.284309e-002 1.047753e-002 
2.923036e-001 9.498706e-002 6.331264e-002 7.324600e-002 1.052260e-002 
2.909011e-001 9.576681e-002 6.383756e-002 7.364278e-002 1.056707e-002 
2.895060e-001 9.654185e-002 6.435968e-002 7.403351e-002 1.061093e-002 
2.881182e-001 9.731218e-002 6.487901e-002 7.441825e-002 1.065420e-002 
2.867377e-001 9.807784e-002 6.539555e-002 7.479709e-002 1.069689e-002 
2.853644e-001 9.883885e-002 6.590933e-002 7.517010e-002 1.073900e-002 
2.839984e-001 9.959524e-002 6.642036e-002 7.553735e-002 1.078055e-002 
2.826396e-001 1.003470e-001 6.692865e-002 7.589893e-002 1.082154e-002 
2.812879e-001 1.010942e-001 6.743423e-002 7.625489e-002 1.086199e-002 
2.799433e-001 1.018369e-001 6.793709e-002 7.660532e-002 1.090189e-002 
2.786059e-001 1.025751e-001 6.843726e-002 7.695027e-002 1.094127e-002 
2.772754e-001 1.033087e-001 6.893475e-002 7.728983e-002 1.098012e-002 
2.759520e-001 1.040379e-001 6.942958e-002 7.762406e-002 1.101846e-002 
2.746356e-001 1.047626e-001 6.992176e-002 7.795303e-002 1.105629e-002 
2.733261e-001 1.054829e-001 7.041130e-002 7.827680e-002 1.109362e-002 
2.720236e-001 1.061988e-001 7.089822e-002 7.859545e-002 1.113046e-002 
2.707279e-001 1.069104e-001 7.138253e-002 7.890902e-002 1.116682e-002 
2.694391e-001 1.076175e-001 7.186424e-002 7.921761e-002 1.120271e-002 
2.681571e-001 1.083204e-001 7.234338e-002 7.952125e-002 1.123812e-002 
2.668819e-001 1.090189e-001 7.281994e-002 7.982002e-002 1.127308e-002 
2.656134e-001 1.097132e-001 7.329395e-002 8.011398e-002 1.130758e-002 
2.643516e-001 1.104032e-001 7.376543e-002 8.040319e-002 1.134163e-002 
2.630965e-001 1.110890e-001 7.423437e-002 8.068772e-002 1.137525e-002 
2.618481e-001 1.117705e-001 7.470080e-002 8.096761e-002 1.140843e-002 
2.606063e-001 1.124479e-001 7.516473e-002 8.124293e-002 1.144119e-002 
2.593711e-001 1.131211e-001 7.562618e-002 8.151375e-002 1.147353e-002 
2.581425e-001 1.137902e-001 7.608515e-002 8.178010e-002 1.150546e-002 
2.569203e-001 1.144551e-001 7.654166e-002 8.204206e-002 1.153698e-002 
2.557047e-001 1.151160e-001 7.699572e-002 8.229968e-002 1.156810e-002 
2.544955e-001 1.157728e-001 7.744734e-002 8.255301e-002 1.159882e-002 
2.532928e-001 1.164255e-001 7.789655e-002 8.280211e-002 1.162916e-002 
2.520965e-001 1.170742e-001 7.834334e-002 8.304703e-002 1.165912e-002 
2.509065e-001 1.177189e-001 7.878774e-002 8.328783e-002 1.168870e-002 
2.497229e-001 1.183596e-001 7.922976e-002 8.352455e-002 1.171792e-002 
2.485455e-001 1.189963e-001 7.966940e-002 8.375726e-002 1.174677e-002 
2.473745e-001 1.196291e-001 8.010668e-002 8.398600e-002 1.177526e-002 
2.462097e-001 1.202580e-001 8.054162e-002 8.421082e-002 1.180340e-002 
2.450512e-001 1.208830e-001 8.097423e-002 8.443177e-002 1.183119e-002 
2.438988e-001 1.215041e-001 8.140451e-002 8.464890e-002 1.185864e-002 
2.427526e-001 1.221214e-001 8.183248e-002 8.486227e-002 1.188576e-002 
2.416125e-001 1.227348e-001 8.225816e-002 8.507191e-002 1.191254e-002 
2.404785e-001 1.233444e-001 8.268155e-002 8.527788e-002 1.193900e-002 
2.393506e-001 1.239502e-001 8.310267e-002 8.548022e-002 1.196514e-002 
2.382287e-001 1.245522e-001 8.352153e-002 8.567899e-002 1.199096e-002 
2.371129e-001 1.251505e-001 8.393813e-002 8.587421e-002 1.201648e-002 
2.360030e-001 1.257450e-001 8.435251e-002 8.606595e-002 1.204168e-002 
2.348991e-001 1.263359e-001 8.476465e-002 8.625425e-002 1.206659e-002 
2.338011e-001 1.269230e-001 8.517459e-002 8.643914e-002 1.209120e-002 
2.327090e-001 1.275065e-001 8.558232e-002 8.662068e-002 1.211551e-002 
2.316228e-001 1.280864e-001 8.598786e-002 8.679890e-002 1.213955e-002 
2.305424e-001 1.286626e-001 8.639122e-002 8.697385e-002 1.216329e-002 
2.294679e-001 1.292351e-001 8.679242e-002 8.714557e-002 1.218676e-002 
2.283991e-001 1.298041e-001 8.719146e-002 8.731410e-002 1.220996e-002 
2.273361e-001 1.303696e-001 8.758835e-002 8.747949e-002 1.223289e-002 
2.262789e-001 1.309315e-001 8.798312e-002 8.764176e-002 1.225555e-002 
2.252273e-001 1.314898e-001 8.837576e-002 8.780097e-002 1.227795e-002 
2.241815e-001 1.320447e-001 8.876629e-002 8.795716e-002 1.230010e-002 
2.231412e-001 1.325960e-001 8.915472e-002 8.811035e-002 1.232199e-002 
2.221066e-001 1.331439e-001 8.954106e-002 8.826060e-002 1.234363e-002 
2.210776e-001 1.336883e-001 8.992533e-002 8.840793e-002 1.236503e-002 
2.200542e-001 1.342293e-001 9.030753e-002 8.855238e-002 1.238618e-002 
2.190364e-001 1.347668e-001 9.068768e-002 8.869400e-002 1.240710e-002 
2.180240e-001 1.353010e-001 9.106578e-002 8.883281e-002 1.242779e-002 
2.170171e-001 1.358318e-001 9.144185e-002 8.896886e-002 1.244824e-002 
2.160158e-001 1.363592e-001 9.181589e-002 8.910218e-002 1.246847e-002 
2.150198e-001 1.368833e-001 9.218793e-002 8.923280e-002 1.248848e-002 
2.140293e-001 1.374041e-001 9.255796e-002 8.936077e-002 1.250827e-002 
2.130442e-001 1.379215e-001 9.292600e-002 8.948610e-002 1.252784e-002 
2.120644e-001 1.384357e-001 9.329206e-002 8.960885e-002 1.254719e-002 
2.110900e-001 1.389466e-001 9.365615e-002 8.972903e-002 1.256634e-002 
2.101208e-001 1.394543e-001 9.401828e-002 8.984669e-002 1.258529e-002 
2.091570e-001 1.399587e-001 9.437846e-002 8.996185e-002 1.260403e-002 
2.081985e-001 1.404599e-001 9.473671e-002 9.007456e-002 1.262257e-002 
2.072452e-001 1.409579e-001 9.509302e-002 9.018483e-002 1.264092e-002 
2.062971e-001 1.414527e-001 9.544742e-002 9.029270e-002 1.265907e-002 
2.053542e-001 1.419444e-001 9.579991e-002 9.039821e-002 1.267703e-002 
2.044164e-001 1.424329e-001 9.615050e-002 9.050138e-002 1.269481e-002 
2.034838e-001 1.429183e-001 9.649920e-002 9.060225e-002 1.271240e-002 
2.025564e-001 1.434006e-001 9.684602e-002 9.070083e-002 1.272981e-002 
2.016340e-001 1.438798e-001 9.719098e-002 9.079717e-002 1.274704e-002 
2.007167e-001 1.443559e-001 9.753408e-002 9.089129e-002 1.276409e-002 
1.998045e-001 1.448289e-001 9.787533e-002 9.098322e-002 1.278098e-002 
1.988972e-001 1.452989e-001 9.821474e-002 9.107299e-002 1.279769e-002 
1.979950e-001 1.457659e-001 9.855232e-002 9.116063e-002 1.281423e-002 
1.970978e-001 1.462299e-001 9.888808e-002 9.124616e-002 1.283061e-002 
1.962055e-001 1.466908e-001 9.922203e-002 9.132961e-002 1.284683e-002 
1.953181e-001 1.471488e-001 9.955419e-002 9.141101e-002 1.286289e-002 
1.944357e-001 1.476039e-001 9.988455e-002 9.149038e-002 1.287879e-002 
1.935581e-001 1.480560e-001 1.002131e-001 9.156776e-002 1.289454e-002 
1.926854e-001 1.485051e-001 1.005399e-001 9.164316e-002 1.291013e-002 
1.918176e-001 1.489514e-001 1.008650e-001 9.171661e-002 1.292558e-002 
1.909545e-001 1.493947e-001 1.011883e-001 9.178814e-002 1.294088e-002 
1.900963e-001 1.498352e-001 1.015098e-001 9.185778e-002 1.295603e-002 
1.892428e-001 1.502728e-001 1.018296e-001 9.192554e-002 1.297104e-002 
1.883941e-001 1.507076e-001 1.021477e-001 9.199146e-002 1.298591e-002 
1.875501e-001 1.511395e-001 1.024641e-001 9.205555e-002 1.300064e-002 
1.867109e-001 1.515686e-001 1.027788e-001 9.211783e-002 1.301523e-002 
1.858763e-001 1.519949e-001 1.030917e-001 9.217835e-002 1.302969e-002 
1.850464e-001 1.524185e-001 1.034030e-001 9.223710e-002 1.304402e-002 
1.842211e-001 1.528392e-001 1.037126e-001 9.229413e-002 1.305822e-002 
1.834004e-001 1.532572e-001 1.040205e-001 9.234945e-002 1.307229e-002 
1.825844e-001 1.536725e-001 1.043268e-001 9.240308e-002 1.308624e-002 
1.817729e-001 1.540850e-001 1.046314e-001 9.245505e-002 1.310006e-002 
1.809660e-001 1.544948e-001 1.049344e-001 9.250537e-002 1.311376e-002 
1.801636e-001 1.549019e-001 1.052357e-001 9.255408e-002 1.312734e-002 
1.793658e-001 1.553064e-001 1.055354e-001 9.260118e-002 1.314080e-002 
1.785724e-001 1.557082e-001 1.058335e-001 9.264670e-002 1.315415e-002 
1.777836e-001 1.561073e-001 1.061300e-001 9.269067e-002 1.316738e-002 
1.769991e-001 1.565038e-001 1.064248e-001 9.273310e-002 1.318050e-002 
1.762192e-001 1.568977e-001 1.067181e-001 9.277401e-002 1.319351e-002 
1.754436e-001 1.572889e-001 1.070098e-001 9.281342e-002 1.320641e-002 
1.746724e-001 1.576776e-001 1.072999e-001 9.285135e-002 1.321921e-002 
1.739056e-001 1.580637e-001 1.075885e-001 9.288782e-002 1.323190e-002 
1.731432e-001 1.584472e-001 1.078755e-001 9.292286e-002 1.324448e-002 
1.723851e-001 1.588282e-001 1.081609e-001 9.295647e-002 1.325696e-002 
1.716313e-001 1.592066e-001 1.084448e-001 9.298868e-002 1.326934e-002 
1.708818e-001 1.595825e-001 1.087271e-001 9.301950e-002 1.328163e-002 
1.701366e-001 1.599559e-001 1.090080e-001 9.304896e-002 1.329381e-002 
1.693956e-001 1.603269e-001 1.092873e-001 9.307708e-002 1.330590e-002 
1.686589e-001 1.606953e-001 1.095651e-001 9.310386e-002 1.331790e-002 
1.679264e-001 1.610613e-001 1.098414e-001 9.312932e-002 1.332981e-002 
1.671981e-001 1.614248e-001 1.101162e-001 9.315350e-002 1.334162e-002 
1.664740e-001 1.617858e-001 1.103895e-001 9.317639e-002 1.335334e-002 
1.657540e-001 1.621445e-001 1.106613e-001 9.319802e-002 1.336497e-002 
1.650382e-001 1.625007e-001 1.109317e-001 9.321841e-002 1.337652e-002 
1.643265e-001 1.628545e-001 1.112006e-001 9.323757e-002 1.338798e-002 
1.636190e-001 1.632060e-001 1.114680e-001 9.325552e-002 1.339936e-002 
1.629155e-001 1.635550e-001 1.117340e-001 9.327227e-002 1.341066e-002 
1.622161e-001 1.639017e-001 1.119985e-001 9.328784e-002 1.342187e-002 
1.615207e-001 1.642461e-001 1.122616e-001 9.330224e-002 1.343301e-002 
1.608294e-001 1.645881e-001 1.125233e-001 9.331550e-002 1.344406e-002 
1.601421e-001 1.649278e-001 1.127836e-001 9.332762e-002 1.345504e-002 
1.594588e-001 1.652652e-001 1.130425e-001 9.333862e-002 1.346594e-002 
1.587794e-001 1.656003e-001 1.132999e-001 9.334852e-002 1.347677e-002 
1.581041e-001 1.659331e-001 1.135560e-001 9.335733e-002 1.348752e-002 
1.574326e-001 1.662636e-001 1.138107e-001 9.336506e-002 1.349820e-002 
1.567651e-001 1.665919e-001 1.140640e-001 9.337173e-002 1.350880e-002 
1.561016e-001 1.669180e-001 1.143159e-001 9.337736e-002 1.351934e-002 
1.554419e-001 1.672418e-001 1.145664e-001 9.338195e-002 1.352981e-002 
1.547861e-001 1.675633e-001 1.148156e-001 9.338552e-002 1.354021e-002 
1.541341e-001 1.678827e-001 1.150635e-001 9.338809e-002 1.355054e-002 
1.534860e-001 1.681999e-001 1.153100e-001 9.338966e-002 1.356081e-002 
1.528417e-001 1.685149e-001 1.155551e-001 9.339026e-002 1.357101e-002 
1.522012e-001 1.688277e-001 1.157989e-001 9.338989e-002 1.358115e-002 
1.515645e-001 1.691383e-001 1.160415e-001 9.338856e-002 1.359123e-002 
1.509316e-001 1.694468e-001 1.162826e-001 9.338630e-002 1.360124e-002 
1.503025e-001 1.697532e-001 1.165225e-001 9.338311e-002 1.361119e-002 
1.496771e-001 1.700574e-001 1.167611e-001 9.337900e-002 1.362109e-002 
1.490554e-001 1.703596e-001 1.169984e-001 9.337400e-002 1.363092e-002 
1.484374e-001 1.706596e-001 1.172344e-001 9.336810e-002 1.364070e-002 
1.478231e-001 1.709575e-001 1.174691e-001 9.336132e-002 1.365042e-002 
1.472125e-001 1.712534e-001 1.177025e-001 9.335367e-002 1.366008e-002 
1.466056e-001 1.715472e-001 1.179347e-001 9.334517e-002 1.366969e-002 
1.460023e-001 1.718389e-001 1.181656e-001 9.333582e-002 1.367924e-002 
1.454026e-001 1.721286e-001 1.183952e-001 9.332565e-002 1.368874e-002 
1.448066e-001 1.724162e-001 1.186236e-001 9.331465e-002 1.369819e-002 
1.442141e-001 1.727019e-001 1.188508e-001 9.330284e-002 1.370759e-002 
1.436253e-001 1.729855e-001 1.190767e-001 9.329023e-002 1.371694e-002 
1.430400e-001 1.732671e-001 1.193014e-001 9.327683e-002 1.372623e-002 
1.424582e-001 1.735467e-001 1.195248e-001 9.326266e-002 1.373548e-002 
1.418800e-001 1.738244e-001 1.197471e-001 9.324772e-002 1.374468e-002 
1.413053e-001 1.741001e-001 1.199681e-001 9.323202e-002 1.375383e-002 
1.407342e-001 1.743738e-001 1.201880e-001 9.321558e-002 1.376293e-002 
1.401665e-001 1.746456e-001 1.204066e-001 9.319839e-002 1.377199e-002 
1.396023e-001 1.749154e-001 1.206240e-001 9.318049e-002 1.378101e-002 
1.390415e-001 1.751834e-001 1.208403e-001 9.316186e-002 1.378997e-002 
1.384842e-001 1.754494e-001 1.210554e-001 9.314253e-002 1.379890e-002 
1.379303e-001 1.757135e-001 1.212693e-001 9.312250e-002 1.380778e-002 
1.373799e-001 1.759757e-001 1.214821e-001 9.310179e-002 1.381662e-002 
1.368328e-001 1.762361e-001 1.216937e-001 9.308039e-002 1.382542e-002 
1.362892e-001 1.764945e-001 1.219041e-001 9.305833e-002 1.383418e-002 
1.357489e-001 1.767511e-001 1.221134e-001 9.303561e-002 1.384289e-002 
1.352120e-001 1.770059e-001 1.223215e-001 9.301224e-002 1.385157e-002 
1.346784e-001 1.772588e-001 1.225285e-001 9.298822e-002 1.386021e-002 
1.341482e-001 1.775099e-001 1.227344e-001 9.296357e-002 1.386881e-002 
1.336213e-001 1.777592e-001 1.229392e-001 9.293830e-002 1.387737e-002 
1.330977e-001 1.780066e-001 1.231428e-001 9.291241e-002 1.388590e-002 
1.325773e-001 1.782523e-001 1.233454e-001 9.288592e-002 1.389439e-002 
1.320603e-001 1.784961e-001 1.235468e-001 9.285883e-002 1.390284e-002 
1.315465e-001 1.787382e-001 1.237471e-001 9.283114e-002 1.391126e-002 
1.310360e-001 1.789785e-001 1.239464e-001 9.280288e-002 1.391964e-002 
1.305287e-001 1.792171e-001 1.241445e-001 9.277404e-002 1.392799e-002 
1.300247e-001 1.794539e-001 1.243416e-001 9.274463e-002 1.393631e-002 
1.295238e-001 1.796890e-001 1.245376e-001 9.271466e-002 1.394459e-002 
1.290261e-001 1.799223e-001 1.247325e-001 9.268415e-002 1.395285e-002 
1.285317e-001 1.801539e-001 1.249263e-001 9.265309e-002 1.396107e-002 
1.280404e-001 1.803838e-001 1.251191e-001 9.262150e-002 1.396925e-002 
1.275522e-001 1.806120e-001 1.253108e-001 9.258937e-002 1.397741e-002 
1.270672e-001 1.808385e-001 1.255015e-001 9.255673e-002 1.398554e-002 
1.265854e-001 1.810633e-001 1.256912e-001 9.252358e-002 1.399364e-002 
1.261066e-001 1.812865e-001 1.258798e-001 9.248991e-002 1.400170e-002 
1.256310e-001 1.815079e-001 1.260674e-001 9.245575e-002 1.400974e-002 
1.251584e-001 1.817278e-001 1.262539e-001 9.242110e-002 1.401775e-002 
1.246890e-001 1.819459e-001 1.264394e-001 9.238596e-002 1.402574e-002 
1.242226e-001 1.821625e-001 1.266240e-001 9.235035e-002 1.403369e-002 
1.237593e-001 1.823774e-001 1.268075e-001 9.231426e-002 1.404162e-002 
1.232990e-001 1.825907e-001 1.269900e-001 9.227771e-002 1.404953e-002 
1.228417e-001 1.828023e-001 1.271715e-001 9.224070e-002 1.405740e-002 
1.223875e-001 1.830124e-001 1.273520e-001 9.220324e-002 1.406526e-002 
1.219363e-001 1.832209e-001 1.275315e-001 9.216533e-002 1.407308e-002 
1.214880e-001 1.834278e-001 1.277100e-001 9.212699e-002 1.408089e-002 
1.210428e-001 1.836331e-001 1.278876e-001 9.208821e-002 1.408866e-002 
1.206005e-001 1.838369e-001 1.280641e-001 9.204900e-002 1.409642e-002 
1.201612e-001 1.840391e-001 1.282398e-001 9.200938e-002 1.410415e-002 
1.197249e-001 1.842397e-001 1.284144e-001 9.196934e-002 1.411186e-002 
1.192914e-001 1.844388e-001 1.285881e-001 9.192889e-002 1.411954e-002 
1.188609e-001 1.846364e-001 1.287608e-001 9.188804e-002 1.412721e-002 
1.184334e-001 1.848325e-001 1.289326e-001 9.184680e-002 1.413485e-002 
1.180087e-001 1.850270e-001 1.291035e-001 9.180516e-002 1.414247e-002 
1.175869e-001 1.852200e-001 1.292734e-001 9.176314e-002 1.415007e-002 
1.171680e-001 1.854116e-001 1.294424e-001 9.172073e-002 1.415765e-002 
1.167520e-001 1.856016e-001 1.296104e-001 9.167796e-002 1.416521e-002 
1.163388e-001 1.857902e-001 1.297775e-001 9.163481e-002 1.417275e-002 
1.159285e-001 1.859773e-001 1.299437e-001 9.159130e-002 1.418026e-002 
1.155210e-001 1.861629e-001 1.301090e-001 9.154743e-002 1.418776e-002 
1.151163e-001 1.863470e-001 1.302734e-001 9.150321e-002 1.419525e-002 
1.147145e-001 1.865298e-001 1.304369e-001 9.145865e-002 1.420271e-002 
1.143154e-001 1.867110e-001 1.305995e-001 9.141374e-002 1.421015e-002 
1.139192e-001 1.868909e-001 1.307612e-001 9.136849e-002 1.421758e-002 
1.135257e-001 1.870693e-001 1.309219e-001 9.132291e-002 1.422499e-002 
1.131350e-001 1.872463e-001 1.310819e-001 9.127700e-002 1.423238e-002 
1.127471e-001 1.874219e-001 1.312409e-001 9.123077e-002 1.423975e-002 
1.123619e-001 1.875961e-001 1.313990e-001 9.118422e-002 1.424711e-002 
1.119794e-001 1.877689e-001 1.315563e-001 9.113736e-002 1.425445e-002 
1.115997e-001 1.879403e-001 1.317128e-001 9.109019e-002 1.426178e-002 
1.112227e-001 1.881103e-001 1.318683e-001 9.104271e-002 1.426909e-002 
1.108485e-001 1.882790e-001 1.320230e-001 9.099494e-002 1.427638e-002 
1.104769e-001 1.884463e-001 1.321769e-001 9.094687e-002 1.428366e-002 
1.101080e-001 1.886122e-001 1.323299e-001 9.089850e-002 1.429093e-002 
1.097418e-001 1.887768e-001 1.324820e-001 9.084986e-002 1.429818e-002 
1.093783e-001 1.889401e-001 1.326333e-001 9.080093e-002 1.430541e-002 
1.090174e-001 1.891020e-001 1.327838e-001 9.075172e-002 1.431264e-002 
1.086591e-001 1.892626e-001 1.329335e-001 9.070224e-002 1.431984e-002 
1.083036e-001 1.894219e-001 1.330823e-001 9.065250e-002 1.432704e-002 
1.079506e-001 1.895798e-001 1.332303e-001 9.060248e-002 1.433422e-002 
1.076003e-001 1.897365e-001 1.333775e-001 9.055221e-002 1.434139e-002 
1.072526e-001 1.898918e-001 1.335239e-001 9.050168e-002 1.434854e-002 
1.069074e-001 1.900459e-001 1.336694e-001 9.045089e-002 1.435568e-002 
1.065649e-001 1.901987e-001 1.338142e-001 9.039986e-002 1.436281e-002 
1.062250e-001 1.903502e-001 1.339581e-001 9.034858e-002 1.436993e-002 
1.058876e-001 1.905005e-001 1.341013e-001 9.029706e-002 1.437704e-002 
1.055528e-001 1.906495e-001 1.342437e-001 9.024530e-002 1.438413e-002 
1.052206e-001 1.907972e-001 1.343853e-001 9.019330e-002 1.439121e-002 
1.048909e-001 1.909437e-001 1.345261e-001 9.014108e-002 1.439829e-002 
1.045638e-001 1.910890e-001 1.346661e-001 9.008863e-002 1.440535e-002 
1.042391e-001 1.912330e-001 1.348053e-001 9.003596e-002 1.441240e-002 
1.039170e-001 1.913758e-001 1.349438e-001 8.998306e-002 1.441944e-002 
1.035974e-001 1.915174e-001 1.350815e-001 8.992995e-002 1.442646e-002 
1.032804e-001 1.916577e-001 1.352185e-001 8.987663e-002 1.443348e-002 
1.029658e-001 1.917969e-001 1.353547e-001 8.982310e-002 1.444049e-002 
1.026537e-001 1.919348e-001 1.354901e-001 8.976936e-002 1.444749e-002 
1.023440e-001 1.920716e-001 1.356248e-001 8.971542e-002 1.445448e-002 
1.020369e-001 1.922072e-001 1.357587e-001 8.966128e-002 1.446146e-002 
1.017322e-001 1.923416e-001 1.358919e-001 8.960695e-002 1.446843e-002 
1.014300e-001 1.924748e-001 1.360244e-001 8.955242e-002 1.447539e-002 
1.011302e-001 1.926069e-001 1.361561e-001 8.949770e-002 1.448235e-002 
1.008328e-001 1.927378e-001 1.362871e-001 8.944279e-002 1.448929e-002 
1.005379e-001 1.928675e-001 1.364173e-001 8.938770e-002 1.449623e-002 
1.002453e-001 1.929961e-001 1.365469e-001 8.933243e-002 1.450316e-002 
9.995524e-002 1.931236e-001 1.366757e-001 8.927698e-002 1.451008e-002 
9.966754e-002 1.932499e-001 1.368038e-001 8.922136e-002 1.451699e-002 
9.938224e-002 1.933752e-001 1.369312e-001 8.916556e-002 1.452389e-002 
9.909932e-002 1.934992e-001 1.370579e-001 8.910960e-002 1.453079e-002 
9.881879e-002 1.936222e-001 1.371839e-001 8.905347e-002 1.453768e-002 
9.854062e-002 1.937441e-001 1.373091e-001 8.899717e-002 1.454456e-002 
9.826482e-002 1.938648e-001 1.374337e-001 8.894072e-002 1.455143e-002 
9.799138e-002 1.939845e-001 1.375576e-001 8.888410e-002 1.455830e-002 
9.772029e-002 1.941031e-001 1.376808e-001 8.882734e-002 1.456516e-002 
9.745153e-002 1.942206e-001 1.378033e-001 8.877042e-002 1.457202e-002 
9.718512e-002 1.943370e-001 1.379251e-001 8.871335e-002 1.457886e-002 
9.692102e-002 1.944523e-001 1.380463e-001 8.865613e-002 1.458570e-002 
9.665925e-002 1.945666e-001 1.381668e-001 8.859876e-002 1.459254e-002 
9.639979e-002 1.946798e-001 1.382866e-001 8.854126e-002 1.459937e-002 
9.614263e-002 1.947920e-001 1.384057e-001 8.848361e-002 1.460619e-002 
9.588777e-002 1.949031e-001 1.385242e-001 8.842583e-002 1.461301e-002 
9.563520e-002 1.950131e-001 1.386420e-001 8.836791e-002 1.461982e-002 
9.538492e-002 1.951222e-001 1.387591e-001 8.830986e-002 1.462662e-002 
9.513691e-002 1.952302e-001 1.388756e-001 8.825168e-002 1.463342e-002 
9.489117e-002 1.953372e-001 1.389915e-001 8.819338e-002 1.464022e-002 
9.464769e-002 1.954431e-001 1.391067e-001 8.813494e-002 1.464701e-002 
9.440646e-002 1.955481e-001 1.392212e-001 8.807639e-002 1.465379e-002 
9.416749e-002 1.956520e-001 1.393351e-001 8.801771e-002 1.466057e-002 
9.393075e-002 1.957550e-001 1.394484e-001 8.795891e-002 1.466735e-002 
9.369625e-002 1.958569e-001 1.395611e-001 8.790000e-002 1.467412e-002 
9.346398e-002 1.959578e-001 1.396731e-001 8.784097e-002 1.468088e-002 
9.323393e-002 1.960578e-001 1.397845e-001 8.778183e-002 1.468765e-002 
9.300610e-002 1.961568e-001 1.398952e-001 8.772258e-002 1.469440e-002 
9.278047e-002 1.962548e-001 1.400054e-001 8.766322e-002 1.470115e-002 
9.255705e-002 1.963519e-001 1.401149e-001 8.760376e-002 1.470790e-002 
9.233582e-002 1.964479e-001 1.402238e-001 8.754419e-002 1.471465e-002 
9.211678e-002 1.965431e-001 1.403321e-001 8.748452e-002 1.472139e-002 
9.189992e-002 1.966372e-001 1.404398e-001 8.742475e-002 1.472812e-002 
9.168524e-002 1.967304e-001 1.405469e-001 8.736488e-002 1.473486e-002 
9.147273e-002 1.968227e-001 1.406534e-001 8.730492e-002 1.474159e-002 
9.126239e-002 1.969141e-001 1.407593e-001 8.724486e-002 1.474831e-002 
9.105420e-002 1.970045e-001 1.408646e-001 8.718471e-002 1.475503e-002 
9.084817e-002 1.970940e-001 1.409693e-001 8.712446e-002 1.476175e-002 
9.064428e-002 1.971825e-001 1.410734e-001 8.706413e-002 1.476847e-002 
9.044253e-002 1.972702e-001 1.411769e-001 8.700371e-002 1.477518e-002 
9.024292e-002 1.973569e-001 1.412799e-001 8.694321e-002 1.478189e-002 
9.004543e-002 1.974428e-001 1.413822e-001 8.688263e-002 1.478860e-002 
8.985007e-002 1.975277e-001 1.414840e-001 8.682196e-002 1.479530e-002 
8.965683e-002 1.976117e-001 1.415853e-001 8.676121e-002 1.480200e-002 
8.946569e-002 1.976949e-001 1.416859e-001 8.670038e-002 1.480870e-002 
8.927666e-002 1.977771e-001 1.417860e-001 8.663948e-002 1.481540e-002 
8.908974e-002 1.978585e-001 1.418855e-001 8.657850e-002 1.482209e-002 
8.890490e-002 1.979390e-001 1.419845e-001 8.651745e-002 1.482878e-002 
8.872216e-002 1.980187e-001 1.420829e-001 8.645633e-002 1.483547e-002 
8.854150e-002 1.980974e-001 1.421807e-001 8.639514e-002 1.484215e-002 
8.836292e-002 1.981753e-001 1.422780e-001 8.633388e-002 1.484884e-002 
8.818641e-002 1.982524e-001 1.423748e-001 8.627255e-002 1.485552e-002 
8.801197e-002 1.983286e-001 1.424710e-001 8.621116e-002 1.486220e-002 
8.783959e-002 1.984040e-001 1.425666e-001 8.614970e-002 1.486888e-002 
8.766927e-002 1.984785e-001 1.426617e-001 8.608818e-002 1.487555e-002 
8.750100e-002 1.985522e-001 1.427563e-001 8.602660e-002 1.488223e-002 
8.733478e-002 1.986250e-001 1.428504e-001 8.596496e-002 1.488890e-002 
8.717060e-002 1.986970e-001 1.429439e-001 8.590326e-002 1.489557e-002 
8.700845e-002 1.987682e-001 1.430369e-001 8.584150e-002 1.490224e-002 
8.684834e-002 1.988386e-001 1.431293e-001 8.577969e-002 1.490891e-002 
8.669026e-002 1.989082e-001 1.432213e-001 8.571783e-002 1.491557e-002 
8.653420e-002 1.989769e-001 1.433127e-001 8.565591e-002 1.492224e-002 
8.638016e-002 1.990449e-001 1.434036e-001 8.559394e-002 1.492890e-002 
8.622812e-002 1.991120e-001 1.434939e-001 8.553192e-002 1.493556e-002 
8.607810e-002 1.991784e-001 1.435838e-001 8.546985e-002 1.494222e-002 
8.593008e-002 1.992439e-001 1.436732e-001 8.540774e-002 1.494888e-002 
8.578406e-002 1.993087e-001 1.437620e-001 8.534558e-002 1.495554e-002 
8.564004e-002 1.993727e-001 1.438504e-001 8.528337e-002 1.496220e-002 
8.549800e-002 1.994359e-001 1.439382e-001 8.522112e-002 1.496885e-002 
8.535795e-002 1.994984e-001 1.440255e-001 8.515883e-002 1.497551e-002 
8.521988e-002 1.995601e-001 1.441124e-001 8.509650e-002 1.498216e-002 
8.508379e-002 1.996210e-001 1.441987e-001 8.503412e-002 1.498882e-002 
8.494967e-002 1.996811e-001 1.442846e-001 8.497171e-002 1.499547e-002 
8.481752e-002 1.997405e-001 1.443700e-001 8.490926e-002 1.500212e-002 
8.468733e-002 1.997992e-001 1.444549e-001 8.484678e-002 1.500878e-002 
8.455910e-002 1.998571e-001 1.445393e-001 8.478426e-002 1.501543e-002 
8.443282e-002 1.999142e-001 1.446232e-001 8.472170e-002 1.502208e-002 
8.430850e-002 1.999707e-001 1.447066e-001 8.465911e-002 1.502873e-002 
8.418613e-002 2.000264e-001 1.447896e-001 8.459649e-002 1.503538e-002 
8.406569e-002 2.000813e-001 1.448721e-001 8.453384e-002 1.504203e-002 
8.394720e-002 2.001355e-001 1.449541e-001 8.447116e-002 1.504868e-002 
8.383064e-002 2.001890e-001 1.450357e-001 8.440845e-002 1.505533e-002 
8.371602e-002 2.002418e-001 1.451168e-001 8.434571e-002 1.506198e-002 
8.360332e-002 2.002939e-001 1.451974e-001 8.428294e-002 1.506862e-002 
8.349255e-002 2.003453e-001 1.452776e-001 8.422015e-002 1.507527e-002 
8.338369e-002 2.003959e-001 1.453573e-001 8.415734e-002 1.508192e-002 
8.327676e-002 2.004459e-001 1.454365e-001 8.409450e-002 1.508857e-002 
8.317173e-002 2.004951e-001 1.455153e-001 8.403163e-002 1.509522e-002 
8.306862e-002 2.005437e-001 1.455937e-001 8.396875e-002 1.510187e-002 
8.296741e-002 2.005916e-001 1.456716e-001 8.390584e-002 1.510851e-002 
8.286810e-002 2.006388e-001 1.457490e-001 8.384291e-002 1.511516e-002 
8.277069e-002 2.006853e-001 1.458260e-001 8.377997e-002 1.512181e-002 
8.267518e-002 2.007311e-001 1.459026e-001 8.371701e-002 1.512846e-002 
8.258156e-002 2.007762e-001 1.459787e-001 8.365402e-002 1.513511e-002 
8.248983e-002 2.008207e-001 1.460544e-001 8.359103e-002 1.514176e-002 
8.239998e-002 2.008645e-001 1.461297e-001 8.352801e-002 1.514841e-002 
8.231202e-002 2.009077e-001 1.462045e-001 8.346499e-002 1.515506e-002 
8.222593e-002 2.009502e-001 1.462789e-001 8.340194e-002 1.516171e-002 
8.214172e-002 2.009920e-001 1.463528e-001 8.333889e-002 1.516836e-002 
8.205939e-002 2.010332e-001 1.464264e-001 8.327582e-002 1.517501e-002 
8.197892e-002 2.010737e-001 1.464995e-001 8.321274e-002 1.518167e-002 
8.190032e-002 2.011136e-001 1.465722e-001 8.314965e-002 1.518832e-002 
8.182358e-002 2.011529e-001 1.466444e-001 8.308655e-002 1.519497e-002 
8.174870e-002 2.011915e-001 1.467163e-001 8.302344e-002 1.520163e-002 
8.167569e-002 2.012294e-001 1.467877e-001 8.296033e-002 1.520828e-002 
8.160452e-002 2.012668e-001 1.468588e-001 8.289720e-002 1.521494e-002 
8.153521e-002 2.013035e-001 1.469294e-001 8.283407e-002 1.522159e-002 
8.146775e-002 2.013396e-001 1.469996e-001 8.277093e-002 1.522825e-002 
8.140213e-002 2.013751e-001 1.470694e-001 8.270779e-002 1.523491e-002 
8.133836e-002 2.014100e-001 1.471388e-001 8.264464e-002 1.524157e-002 
8.127643e-002 2.014442e-001 1.472078e-001 8.258149e-002 1.524823e-002 
8.121634e-002 2.014779e-001 1.472764e-001 8.251833e-002 1.525489e-002 
8.115809e-002 2.015109e-001 1.473446e-001 8.245518e-002 1.526155e-002 
8.110167e-002 2.015433e-001 1.474124e-001 8.239202e-002 1.526821e-002 
8.104708e-002 2.015752e-001 1.474798e-001 8.232886e-002 1.527488e-002 
8.099431e-002 2.016064e-001 1.475468e-001 8.226570e-002 1.528154e-002 
8.094338e-002 2.016371e-001 1.476135e-001 8.220253e-002 1.528821e-002 
8.089427e-002 2.016671e-001 1.476797e-001 8.213937e-002 1.529487e-002 
8.084698e-002 2.016966e-001 1.477456e-001 8.207622e-002 1.530154e-002 
8.080151e-002 2.017255e-001 1.478111e-001 8.201306e-002 1.530821e-002 
8.075786e-002 2.017538e-001 1.478762e-001 8.194990e-002 1.531488e-002 
8.071602e-002 2.017816e-001 1.479409e-001 8.188675e-002 1.532155e-002 
8.067600e-002 2.018087e-001 1.480052e-001 8.182361e-002 1.532822e-002 
8.063779e-002 2.018353e-001 1.480692e-001 8.176046e-002 1.533490e-002 
8.060138e-002 2.018614e-001 1.481328e-001 8.169733e-002 1.534157e-002 
8.056678e-002 2.018868e-001 1.481960e-001 8.163419e-002 1.534825e-002 
8.053399e-002 2.019118e-001 1.482589e-001 8.157107e-002 1.535493e-002 
8.050300e-002 2.019361e-001 1.483213e-001 8.150795e-002 1.536160e-002 
8.047381e-002 2.019599e-001 1.483835e-001 8.144484e-002 1.536828e-002 
8.044643e-002 2.019832e-001 1.484452e-001 8.138173e-002 1.537497e-002 
8.042083e-002 2.020059e-001 1.485066e-001 8.131864e-002 1.538165e-002 
8.039704e-002 2.020281e-001 1.485677e-001 8.125555e-002 1.538833e-002 
8.037504e-002 2.020497e-001 1.486283e-001 8.119247e-002 1.539502e-002 
8.035483e-002 2.020708e-001 1.486887e-001 8.112941e-002 1.540171e-002 
8.033641e-002 2.020914e-001 1.487486e-001 8.106635e-002 1.540840e-002 
8.031978e-002 2.021114e-001 1.488083e-001 8.100331e-002 1.541509e-002 
8.030494e-002 2.021309e-001 1.488675e-001 8.094027e-002 1.542178e-002 
8.029188e-002 2.021499e-001 1.489264e-001 8.087725e-002 1.542847e-002 
8.028061e-002 2.021683e-001 1.489850e-001 8.081424e-002 1.543517e-002 
8.027112e-002 2.021863e-001 1.490433e-001 8.075124e-002 1.544187e-002 
8.026341e-002 2.022037e-001 1.491011e-001 8.068826e-002 1.544856e-002 
8.025749e-002 2.022206e-001 1.491587e-001 8.062529e-002 1.545526e-002 
8.025334e-002 2.022370e-001 1.492159e-001 8.056234e-002 1.546197e-002 
8.025097e-002 2.022529e-001 1.492728e-001 8.049940e-002 1.546867e-002 
8.025037e-002 2.022683e-001 1.493293e-001 8.043647e-002 1.547537e-002 
8.025156e-002 2.022832e-001 1.493855e-001 8.037356e-002 1.548208e-002 
8.025451e-002 2.022976e-001 1.494414e-001 8.031067e-002 1.548879e-002 
8.025924e-002 2.023115e-001 1.494969e-001 8.024779e-002 1.549550e-002 
8.026574e-002 2.023249e-001 1.495521e-001 8.018494e-002 1.550221e-002 
8.027401e-002 2.023378e-001 1.496070e-001 8.012209e-002 1.550893e-002 
8.028406e-002 2.023502e-001 1.496616e-001 8.005927e-002 1.551564e-002 
8.029587e-002 2.023621e-001 1.497158e-001 7.999646e-002 1.552236e-002 
8.030945e-002 2.023736e-001 1.497697e-001 7.993368e-002 1.552908e-002 
8.032479e-002 2.023846e-001 1.498233e-001 7.987091e-002 1.553580e-002 
8.034190e-002 2.023951e-001 1.498766e-001 7.980816e-002 1.554253e-002 
8.036078e-002 2.024051e-001 1.499296e-001 7.974543e-002 1.554925e-002 
8.038142e-002 2.024147e-001 1.499822e-001 7.968272e-002 1.555598e-002 
8.040383e-002 2.024238e-001 1.500346e-001 7.962003e-002 1.556271e-002 
8.042800e-002 2.024324e-001 1.500866e-001 7.955737e-002 1.556944e-002 
8.045394e-002 2.024406e-001 1.501383e-001 7.949472e-002 1.557617e-002 
8.048163e-002 2.024483e-001 1.501897e-001 7.943210e-002 1.558291e-002 
8.051109e-002 2.024556e-001 1.502408e-001 7.936949e-002 1.558964e-002 
8.054231e-002 2.024624e-001 1.502916e-001 7.930691e-002 1.559638e-002 
8.057528e-002 2.024687e-001 1.503421e-001 7.924436e-002 1.560312e-002 
8.061002e-002 2.024746e-001 1.503923e-001 7.918182e-002 1.560987e-002 
8.064652e-002 2.024801e-001 1.504422e-001 7.911931e-002 1.561661e-002 
8.068478e-002 2.024851e-001 1.504918e-001 7.905683e-002 1.562336e-002 
8.072480e-002 2.024897e-001 1.505411e-001 7.899436e-002 1.563011e-002 
8.076657e-002 2.024938e-001 1.505900e-001 7.893192e-002 1.563686e-002 
8.081011e-002 2.024975e-001 1.506388e-001 7.886951e-002 1.564361e-002 
8.085540e-002 2.025008e-001 1.506872e-001 7.880712e-002 1.565037e-002 
8.090245e-002 2.025036e-001 1.507353e-001 7.874476e-002 1.565713e-002 
8.095126e-002 2.025060e-001 1.507831e-001 7.868242e-002 1.566389e-002 
8.100183e-002 2.025080e-001 1.508307e-001 7.862011e-002 1.567065e-002 
8.105415e-002 2.025095e-001 1.508779e-001 7.855782e-002 1.567741e-002 
8.110823e-002 2.025107e-001 1.509249e-001 7.849556e-002 1.568418e-002 
8.116408e-002 2.025114e-001 1.509716e-001 7.843333e-002 1.569095e-002 
8.122167e-002 2.025117e-001 1.510180e-001 7.837112e-002 1.569772e-002 
8.128103e-002 2.025116e-001 1.510641e-001 7.830894e-002 1.570449e-002 
8.134215e-002 2.025110e-001 1.511100e-001 7.824679e-002 1.571127e-002 
8.140502e-002 2.025101e-001 1.511556e-001 7.818467e-002 1.571804e-002 
8.146965e-002 2.025087e-001 1.512009e-001 7.812257e-002 1.572482e-002 
8.153604e-002 2.025070e-001 1.512459e-001 7.806051e-002 1.573161e-002 
8.160419e-002 2.025049e-001 1.512906e-001 7.799847e-002 1.573839e-002 
8.167410e-002 2.025023e-001 1.513351e-001 7.793646e-002 1.574518e-002 
8.174577e-002 2.024994e-001 1.513793e-001 7.787448e-002 1.575197e-002 
8.181920e-002 2.024960e-001 1.514233e-001 7.781253e-002 1.575876e-002 
8.189440e-002 2.024923e-001 1.514670e-001 7.775061e-002 1.576555e-002 
8.197135e-002 2.024882e-001 1.515104e-001 7.768871e-002 1.577235e-002 
8.205006e-002 2.024837e-001 1.515535e-001 7.762685e-002 1.577915e-002 
8.213054e-002 2.024788e-001 1.515964e-001 7.756502e-002 1.578595e-002 
8.221278e-002 2.024735e-001 1.516390e-001 7.750322e-002 1.579275e-002 
8.229678e-002 2.024678e-001 1.516814e-001 7.744145e-002 1.579955e-002 
8.238255e-002 2.024618e-001 1.517235e-001 7.737971e-002 1.580636e-002 
8.247008e-002 2.024554e-001 1.517653e-001 7.731801e-002 1.581317e-002 
8.255938e-002 2.024486e-001 1.518069e-001 7.725633e-002 1.581998e-002 
8.265045e-002 2.024414e-001 1.518483e-001 7.719469e-002 1.582680e-002 
8.274328e-002 2.024339e-001 1.518893e-001 7.713307e-002 1.583362e-002 
8.283788e-002 2.024260e-001 1.519302e-001 7.707149e-002 1.584044e-002 
8.293425e-002 2.024177e-001 1.519707e-001 7.700994e-002 1.584726e-002 
8.303239e-002 2.024091e-001 1.520111e-001 7.694843e-002 1.585408e-002 
8.313230e-002 2.024001e-001 1.520512e-001 7.688695e-002 1.586091e-002 
8.323399e-002 2.023907e-001 1.520910e-001 7.682550e-002 1.586774e-002 
8.333744e-002 2.023810e-001 1.521306e-001 7.676408e-002 1.587457e-002 
8.344268e-002 2.023710e-001 1.521699e-001 7.670270e-002 1.588141e-002 
8.354968e-002 2.023605e-001 1.522090e-001 7.664134e-002 1.588824e-002 
8.365847e-002 2.023498e-001 1.522479e-001 7.658003e-002 1.589508e-002 
8.376903e-002 2.023387e-001 1.522865e-001 7.651874e-002 1.590192e-002 
8.388137e-002 2.023272e-001 1.523249e-001 7.645750e-002 1.590877e-002 
8.399549e-002 2.023154e-001 1.523631e-001 7.639628e-002 1.591562e-002 
8.411140e-002 2.023032e-001 1.524010e-001 7.633510e-002 1.592247e-002 
8.422908e-002 2.022907e-001 1.524386e-001 7.627395e-002 1.592932e-002 
8.434856e-002 2.022779e-001 1.524761e-001 7.621284e-002 1.593617e-002 
8.446981e-002 2.022647e-001 1.525133e-001 7.615177e-002 1.594303e-002 
8.459286e-002 2.022512e-001 1.525503e-001 7.609072e-002 1.594989e-002 
8.471769e-002 2.022374e-001 1.525870e-001 7.602972e-002 1.595675e-002 
8.484432e-002 2.022232e-001 1.526235e-001 7.596875e-002 1.596362e-002 
8.497274e-002 2.022087e-001 1.526598e-001 7.590781e-002 1.597048e-002 
8.510295e-002 2.021939e-001 1.526959e-001 7.584691e-002 1.597735e-002 
8.523496e-002 2.021788e-001 1.527317e-001 7.578605e-002 1.598422e-002 
8.536876e-002 2.021633e-001 1.527673e-001 7.572522e-002 1.599110e-002 
8.550437e-002 2.021475e-001 1.528027e-001 7.566442e-002 1.599798e-002 
8.564177e-002 2.021314e-001 1.528379e-001 7.560367e-002 1.600486e-002 
8.578098e-002 2.021149e-001 1.528729e-001 7.554295e-002 1.601174e-002 
8.592199e-002 2.020982e-001 1.529076e-001 7.548226e-002 1.601863e-002 
8.606481e-002 2.020811e-001 1.529421e-001 7.542162e-002 1.602551e-002 
8.620944e-002 2.020638e-001 1.529764e-001 7.536101e-002 1.603241e-002 
8.635588e-002 2.020461e-001 1.530105e-001 7.530043e-002 1.603930e-002 
8.650413e-002 2.020281e-001 1.530443e-001 7.523990e-002 1.604619e-002 
8.665420e-002 2.020098e-001 1.530780e-001 7.517940e-002 1.605309e-002 
8.680608e-002 2.019912e-001 1.531114e-001 7.511894e-002 1.605999e-002 
8.695978e-002 2.019723e-001 1.531447e-001 7.505851e-002 1.606690e-002 
8.711530e-002 2.019531e-001 1.531777e-001 7.499812e-002 1.607381e-002 
8.727265e-002 2.019336e-001 1.532105e-001 7.493777e-002 1.608072e-002 
8.743182e-002 2.019138e-001 1.532431e-001 7.487746e-002 1.608763e-002 
8.759282e-002 2.018937e-001 1.532755e-001 7.481719e-002 1.609454e-002 
8.775565e-002 2.018733e-001 1.533077e-001 7.475695e-002 1.610146e-002 
8.792032e-002 2.018526e-001 1.533396e-001 7.469675e-002 1.610838e-002 
8.808681e-002 2.018316e-001 1.533714e-001 7.463659e-002 1.611530e-002 
8.825515e-002 2.018103e-001 1.534030e-001 7.457647e-002 1.612223e-002 
8.842532e-002 2.017888e-001 1.534344e-001 7.451639e-002 1.612916e-002 
8.859734e-002 2.017670e-001 1.534655e-001 7.445634e-002 1.613609e-002 
8.877121e-002 2.017448e-001 1.534965e-001 7.439634e-002 1.614302e-002 
8.894692e-002 2.017224e-001 1.535273e-001 7.433637e-002 1.614996e-002 
8.912448e-002 2.016998e-001 1.535579e-001 7.427644e-002 1.615690e-002 
8.930389e-002 2.016768e-001 1.535882e-001 7.421655e-002 1.616384e-002 
8.948517e-002 2.016536e-001 1.536184e-001 7.415670e-002 1.617078e-002 
8.966829e-002 2.016300e-001 1.536484e-001 7.409689e-002 1.617773e-002 
8.985329e-002 2.016063e-001 1.536782e-001 7.403711e-002 1.618468e-002 
9.004014e-002 2.015822e-001 1.537078e-001 7.397738e-002 1.619163e-002 
9.022886e-002 2.015579e-001 1.537372e-001 7.391768e-002 1.619859e-002 
9.041946e-002 2.015333e-001 1.537665e-001 7.385803e-002 1.620555e-002 
9.061192e-002 2.015084e-001 1.537955e-001 7.379841e-002 1.621251e-002 
9.080627e-002 2.014833e-001 1.538244e-001 7.373884e-002 1.621947e-002 
9.100249e-002 2.014579e-001 1.538530e-001 7.367930e-002 1.622644e-002 
9.120059e-002 2.014322e-001 1.538815e-001 7.361981e-002 1.623341e-002 
9.140058e-002 2.014063e-001 1.539098e-001 7.356035e-002 1.624038e-002 
9.160246e-002 2.013801e-001 1.539379e-001 7.350093e-002 1.624736e-002 
9.180623e-002 2.013537e-001 1.539658e-001 7.344156e-002 1.625433e-002 
9.201189e-002 2.013270e-001 1.539935e-001 7.338222e-002 1.626131e-002 
9.221945e-002 2.013001e-001 1.540211e-001 7.332292e-002 1.626830e-002 
9.242892e-002 2.012729e-001 1.540485e-001 7.326367e-002 1.627528e-002 
