2.333143e-001 7.499020e-003 4.472864e-003 6.254526e-003 2.233550e-004 
2.284163e-001 7.840053e-003 4.703429e-003 1.142264e-002 7.536559e-004 
2.237791e-001 8.179985e-003 4.933398e-003 1.595904e-002 1.269934e-003 
2.193880e-001 8.518819e-003 5.162772e-003 1.993964e-002 1.772526e-003 
2.152292e-001 8.856557e-003 5.391552e-003 2.343123e-002 2.261765e-003 
2.112898e-001 9.193203e-003 5.619740e-003 2.649259e-002 2.737970e-003 
2.075575e-001 9.528759e-003 5.847336e-003 2.917541e-002 3.201459e-003 
2.040206e-001 9.863228e-003 6.074342e-003 3.152521e-002 3.652537e-003 
2.006681e-001 1.019661e-002 6.300760e-003 3.358201e-002 4.091504e-003 
1.974899e-001 1.052891e-002 6.526589e-003 3.538103e-002 4.518653e-003 
1.944760e-001 1.086014e-002 6.751832e-003 3.695327e-002 4.934270e-003 
1.916173e-001 1.119028e-002 6.976489e-003 3.832598e-002 5.338633e-003 
1.889052e-001 1.151935e-002 7.200562e-003 3.952316e-002 5.732014e-003 
1.863313e-001 1.184736e-002 7.424052e-003 4.056592e-002 6.114680e-003 
1.838880e-001 1.217429e-002 7.646960e-003 4.147283e-002 6.486889e-003 
1.815679e-001 1.250015e-002 7.869288e-003 4.226023e-002 6.848895e-003 
1.793643e-001 1.282495e-002 8.091036e-003 4.294250e-002 7.200944e-003 
1.772704e-001 1.314869e-002 8.312206e-003 4.353228e-002 7.543277e-003 
1.752803e-001 1.347138e-002 8.532798e-003 4.404072e-002 7.876131e-003 
1.733880e-001 1.379300e-002 8.752815e-003 4.447759e-002 8.199734e-003 
1.715882e-001 1.411358e-002 8.972257e-003 4.485152e-002 8.514311e-003 
1.698757e-001 1.443310e-002 9.191125e-003 4.517009e-002 8.820081e-003 
1.682456e-001 1.475157e-002 9.409421e-003 4.543997e-002 9.117257e-003 
1.666932e-001 1.506900e-002 9.627145e-003 4.566703e-002 9.406048e-003 
1.652143e-001 1.538539e-002 9.844300e-003 4.585643e-002 9.686657e-003 
1.638047e-001 1.570074e-002 1.006088e-002 4.601271e-002 9.959283e-003 
1.624606e-001 1.601504e-002 1.027690e-002 4.613988e-002 1.022412e-002 
1.611783e-001 1.632832e-002 1.049235e-002 4.624145e-002 1.048136e-002 
1.599544e-001 1.664056e-002 1.070724e-002 4.632051e-002 1.073118e-002 
1.587857e-001 1.695177e-002 1.092156e-002 4.637979e-002 1.097377e-002 
1.576689e-001 1.726195e-002 1.113532e-002 4.642168e-002 1.120930e-002 
1.566013e-001 1.757110e-002 1.134851e-002 4.644829e-002 1.143794e-002 
1.555802e-001 1.787924e-002 1.156115e-002 4.646147e-002 1.165986e-002 
1.546028e-001 1.818635e-002 1.177322e-002 4.646286e-002 1.187523e-002 
1.536669e-001 1.849245e-002 1.198474e-002 4.645390e-002 1.208420e-002 
1.527700e-001 1.879753e-002 1.219570e-002 4.643584e-002 1.228693e-002 
1.519101e-001 1.910160e-002 1.240610e-002 4.640979e-002 1.248357e-002 
1.510850e-001 1.940466e-002 1.261595e-002 4.637674e-002 1.267428e-002 
1.502929e-001 1.970671e-002 1.282524e-002 4.633754e-002 1.285919e-002 
1.495318e-001 2.000775e-002 1.303398e-002 4.629296e-002 1.303844e-002 
1.488002e-001 2.030780e-002 1.324217e-002 4.624365e-002 1.321218e-002 
1.480963e-001 2.060684e-002 1.344981e-002 4.619020e-002 1.338055e-002 
1.474187e-001 2.090489e-002 1.365690e-002 4.613313e-002 1.354366e-002 
1.467658e-001 2.120194e-002 1.386344e-002 4.607289e-002 1.370166e-002 
1.461363e-001 2.149799e-002 1.406943e-002 4.600989e-002 1.385466e-002 
1.455289e-001 2.179306e-002 1.427487e-002 4.594446e-002 1.400278e-002 
1.449425e-001 2.208714e-002 1.447978e-002 4.587693e-002 1.414616e-002 
1.443757e-001 2.238023e-002 1.468413e-002 4.580756e-002 1.428490e-002 
1.438277e-001 2.267234e-002 1.488795e-002 4.573658e-002 1.441912e-002 
1.432973e-001 2.296347e-002 1.509122e-002 4.566422e-002 1.454892e-002 
1.427835e-001 2.325362e-002 1.529395e-002 4.559066e-002 1.467443e-002 
1.422855e-001 2.354280e-002 1.549614e-002 4.551606e-002 1.479574e-002 
1.418024e-001 2.383100e-002 1.569780e-002 4.544055e-002 1.491295e-002 
1.413334e-001 2.411823e-002 1.589891e-002 4.536428e-002 1.502617e-002 
1.408776e-001 2.440449e-002 1.609949e-002 4.528734e-002 1.513550e-002 
1.404345e-001 2.468979e-002 1.629954e-002 4.520984e-002 1.524102e-002 
1.400033e-001 2.497412e-002 1.649905e-002 4.513186e-002 1.534285e-002 
1.395833e-001 2.525749e-002 1.669802e-002 4.505348e-002 1.544106e-002 
1.391740e-001 2.553991e-002 1.689647e-002 4.497476e-002 1.553574e-002 
1.387747e-001 2.582136e-002 1.709439e-002 4.489577e-002 1.562699e-002 
1.383850e-001 2.610186e-002 1.729177e-002 4.481654e-002 1.571489e-002 
1.380043e-001 2.638141e-002 1.748863e-002 4.473713e-002 1.579952e-002 
1.376321e-001 2.666001e-002 1.768496e-002 4.465759e-002 1.588096e-002 
1.372680e-001 2.693766e-002 1.788076e-002 4.457793e-002 1.595929e-002 
1.369115e-001 2.721437e-002 1.807604e-002 4.449819e-002 1.603460e-002 
1.365623e-001 2.749014e-002 1.827079e-002 4.441841e-002 1.610694e-002 
1.362199e-001 2.776496e-002 1.846502e-002 4.433860e-002 1.617640e-002 
1.358841e-001 2.803885e-002 1.865872e-002 4.425878e-002 1.624306e-002 
1.355543e-001 2.831180e-002 1.885191e-002 4.417898e-002 1.630697e-002 
1.352304e-001 2.858382e-002 1.904458e-002 4.409920e-002 1.636821e-002 
1.349120e-001 2.885490e-002 1.923672e-002 4.401947e-002 1.642684e-002 
1.345989e-001 2.912506e-002 1.942835e-002 4.393979e-002 1.648293e-002 
1.342907e-001 2.939429e-002 1.961947e-002 4.386017e-002 1.653655e-002 
1.339872e-001 2.966260e-002 1.981006e-002 4.378063e-002 1.658775e-002 
1.336882e-001 2.992999e-002 2.000014e-002 4.370118e-002 1.663660e-002 
1.333934e-001 3.019645e-002 2.018971e-002 4.362181e-002 1.668315e-002 
1.331026e-001 3.046200e-002 2.037877e-002 4.354254e-002 1.672747e-002 
1.328156e-001 3.072664e-002 2.056731e-002 4.346338e-002 1.676960e-002 
1.325323e-001 3.099036e-002 2.075534e-002 4.338432e-002 1.680961e-002 
1.322524e-001 3.125317e-002 2.094287e-002 4.330537e-002 1.684754e-002 
1.319757e-001 3.151508e-002 2.112988e-002 4.322654e-002 1.688345e-002 
1.317022e-001 3.177607e-002 2.131639e-002 4.314783e-002 1.691740e-002 
1.314316e-001 3.203617e-002 2.150239e-002 4.306924e-002 1.694942e-002 
1.311639e-001 3.229536e-002 2.168789e-002 4.299077e-002 1.697958e-002 
1.308988e-001 3.255366e-002 2.187288e-002 4.291243e-002 1.700791e-002 
1.306362e-001 3.281105e-002 2.205737e-002 4.283422e-002 1.703446e-002 
1.303761e-001 3.306756e-002 2.224136e-002 4.275613e-002 1.705928e-002 
1.301183e-001 3.332317e-002 2.242484e-002 4.267818e-002 1.708242e-002 
1.298626e-001 3.357789e-002 2.260783e-002 4.260036e-002 1.710391e-002 
1.296091e-001 3.383172e-002 2.279031e-002 4.252267e-002 1.712380e-002 
1.293576e-001 3.408467e-002 2.297230e-002 4.244511e-002 1.714212e-002 
1.291080e-001 3.433673e-002 2.315379e-002 4.236769e-002 1.715893e-002 
1.288602e-001 3.458791e-002 2.333479e-002 4.229041e-002 1.717425e-002 
1.286141e-001 3.483822e-002 2.351528e-002 4.221326e-002 1.718813e-002 
1.283698e-001 3.508764e-002 2.369529e-002 4.213625e-002 1.720060e-002 
1.281270e-001 3.533619e-002 2.387480e-002 4.205937e-002 1.721170e-002 
1.278857e-001 3.558387e-002 2.405382e-002 4.198263e-002 1.722147e-002 
1.276459e-001 3.583068e-002 2.423235e-002 4.190603e-002 1.722993e-002 
1.274075e-001 3.607662e-002 2.441039e-002 4.182956e-002 1.723713e-002 
1.271704e-001 3.632170e-002 2.458794e-002 4.175323e-002 1.724310e-002 
1.269347e-001 3.656591e-002 2.476501e-002 4.167704e-002 1.724786e-002 
1.267001e-001 3.680926e-002 2.494158e-002 4.160098e-002 1.725145e-002 
1.264668e-001 3.705175e-002 2.511767e-002 4.152507e-002 1.725391e-002 
1.262346e-001 3.729338e-002 2.529328e-002 4.144928e-002 1.725525e-002 
1.260035e-001 3.753416e-002 2.546840e-002 4.137364e-002 1.725551e-002 
1.257734e-001 3.777408e-002 2.564304e-002 4.129813e-002 1.725472e-002 
1.255444e-001 3.801315e-002 2.581719e-002 4.122276e-002 1.725291e-002 
1.253163e-001 3.825138e-002 2.599087e-002 4.114753e-002 1.725010e-002 
1.250892e-001 3.848876e-002 2.616406e-002 4.107243e-002 1.724632e-002 
1.248630e-001 3.872529e-002 2.633678e-002 4.099747e-002 1.724159e-002 
1.246377e-001 3.896098e-002 2.650902e-002 4.092265e-002 1.723594e-002 
1.244133e-001 3.919583e-002 2.668078e-002 4.084796e-002 1.722940e-002 
1.241897e-001 3.942984e-002 2.685206e-002 4.077340e-002 1.722199e-002 
1.239669e-001 3.966302e-002 2.702287e-002 4.069899e-002 1.721373e-002 
1.237448e-001 3.989536e-002 2.719321e-002 4.062471e-002 1.720464e-002 
1.235235e-001 4.012687e-002 2.736307e-002 4.055056e-002 1.719475e-002 
1.233030e-001 4.035755e-002 2.753246e-002 4.047655e-002 1.718408e-002 
1.230831e-001 4.058741e-002 2.770138e-002 4.040267e-002 1.717266e-002 
1.228640e-001 4.081643e-002 2.786983e-002 4.032893e-002 1.716049e-002 
1.226455e-001 4.104464e-002 2.803781e-002 4.025532e-002 1.714760e-002 
1.224277e-001 4.127202e-002 2.820533e-002 4.018185e-002 1.713402e-002 
1.222105e-001 4.149858e-002 2.837237e-002 4.010851e-002 1.711975e-002 
1.219939e-001 4.172433e-002 2.853895e-002 4.003530e-002 1.710482e-002 
1.217780e-001 4.194926e-002 2.870506e-002 3.996223e-002 1.708926e-002 
1.215626e-001 4.217338e-002 2.887071e-002 3.988929e-002 1.707306e-002 
1.213478e-001 4.239668e-002 2.903590e-002 3.981649e-002 1.705626e-002 
1.211336e-001 4.261918e-002 2.920062e-002 3.974381e-002 1.703887e-002 
1.209200e-001 4.284087e-002 2.936488e-002 3.967127e-002 1.702091e-002 
1.207069e-001 4.306175e-002 2.952868e-002 3.959886e-002 1.700238e-002 
1.204943e-001 4.328183e-002 2.969202e-002 3.952659e-002 1.698332e-002 
1.202823e-001 4.350111e-002 2.985491e-002 3.945444e-002 1.696373e-002 
1.200707e-001 4.371960e-002 3.001733e-002 3.938243e-002 1.694363e-002 
1.198597e-001 4.393728e-002 3.017930e-002 3.931055e-002 1.692303e-002 
1.196492e-001 4.415417e-002 3.034081e-002 3.923880e-002 1.690195e-002 
1.194391e-001 4.437027e-002 3.050187e-002 3.916718e-002 1.688040e-002 
1.192295e-001 4.458557e-002 3.066247e-002 3.909569e-002 1.685840e-002 
1.190205e-001 4.480009e-002 3.082263e-002 3.902434e-002 1.683595e-002 
1.188118e-001 4.501382e-002 3.098232e-002 3.895311e-002 1.681308e-002 
1.186037e-001 4.522676e-002 3.114157e-002 3.888201e-002 1.678979e-002 
1.183960e-001 4.543893e-002 3.130037e-002 3.881104e-002 1.676610e-002 
1.181887e-001 4.565031e-002 3.145872e-002 3.874020e-002 1.674202e-002 
1.179819e-001 4.586091e-002 3.161662e-002 3.866949e-002 1.671756e-002 
1.177755e-001 4.607073e-002 3.177407e-002 3.859891e-002 1.669273e-002 
1.175695e-001 4.627978e-002 3.193108e-002 3.852846e-002 1.666754e-002 
1.173640e-001 4.648806e-002 3.208764e-002 3.845814e-002 1.664201e-002 
1.171589e-001 4.669557e-002 3.224375e-002 3.838795e-002 1.661615e-002 
1.169542e-001 4.690230e-002 3.239943e-002 3.831788e-002 1.658996e-002 
1.167500e-001 4.710827e-002 3.255466e-002 3.824794e-002 1.656345e-002 
1.165461e-001 4.731347e-002 3.270944e-002 3.817813e-002 1.653664e-002 
1.163427e-001 4.751791e-002 3.286379e-002 3.810845e-002 1.650953e-002 
1.161396e-001 4.772159e-002 3.301770e-002 3.803889e-002 1.648214e-002 
1.159369e-001 4.792451e-002 3.317117e-002 3.796946e-002 1.645447e-002 
1.157347e-001 4.812667e-002 3.332420e-002 3.790016e-002 1.642654e-002 
1.155328e-001 4.832808e-002 3.347679e-002 3.783098e-002 1.639835e-002 
1.153313e-001 4.852873e-002 3.362895e-002 3.776194e-002 1.636990e-002 
1.151303e-001 4.872863e-002 3.378067e-002 3.769301e-002 1.634122e-002 
1.149296e-001 4.892778e-002 3.393195e-002 3.762421e-002 1.631230e-002 
1.147292e-001 4.912619e-002 3.408281e-002 3.755554e-002 1.628315e-002 
1.145293e-001 4.932384e-002 3.423323e-002 3.748699e-002 1.625379e-002 
1.143297e-001 4.952076e-002 3.438321e-002 3.741857e-002 1.622421e-002 
1.141305e-001 4.971693e-002 3.453277e-002 3.735028e-002 1.619444e-002 
1.139317e-001 4.991235e-002 3.468190e-002 3.728210e-002 1.616446e-002 
1.137333e-001 5.010705e-002 3.483060e-002 3.721406e-002 1.613430e-002 
1.135352e-001 5.030100e-002 3.497887e-002 3.714613e-002 1.610396e-002 
1.133374e-001 5.049422e-002 3.512671e-002 3.707833e-002 1.607344e-002 
1.131401e-001 5.068671e-002 3.527413e-002 3.701066e-002 1.604275e-002 
1.129431e-001 5.087846e-002 3.542112e-002 3.694310e-002 1.601190e-002 
1.127465e-001 5.106949e-002 3.556768e-002 3.687567e-002 1.598089e-002 
1.125502e-001 5.125979e-002 3.571382e-002 3.680837e-002 1.594973e-002 
1.123543e-001 5.144936e-002 3.585954e-002 3.674119e-002 1.591842e-002 
1.121587e-001 5.163821e-002 3.600484e-002 3.667413e-002 1.588698e-002 
1.119635e-001 5.182634e-002 3.614972e-002 3.660719e-002 1.585540e-002 
1.117687e-001 5.201375e-002 3.629417e-002 3.654037e-002 1.582370e-002 
1.115742e-001 5.220044e-002 3.643821e-002 3.647368e-002 1.579187e-002 
1.113800e-001 5.238641e-002 3.658182e-002 3.640710e-002 1.575992e-002 
1.111862e-001 5.257167e-002 3.672502e-002 3.634065e-002 1.572787e-002 
1.109928e-001 5.275622e-002 3.686781e-002 3.627432e-002 1.569570e-002 
1.107997e-001 5.294006e-002 3.701017e-002 3.620812e-002 1.566343e-002 
1.106069e-001 5.312319e-002 3.715213e-002 3.614203e-002 1.563107e-002 
1.104145e-001 5.330561e-002 3.729367e-002 3.607606e-002 1.559860e-002 
1.102224e-001 5.348732e-002 3.743479e-002 3.601021e-002 1.556605e-002 
1.100307e-001 5.366833e-002 3.757550e-002 3.594449e-002 1.553342e-002 
1.098393e-001 5.384864e-002 3.771580e-002 3.587888e-002 1.550070e-002 
1.096482e-001 5.402825e-002 3.785569e-002 3.581340e-002 1.546791e-002 
1.094575e-001 5.420717e-002 3.799517e-002 3.574803e-002 1.543505e-002 
1.092672e-001 5.438538e-002 3.813424e-002 3.568278e-002 1.540211e-002 
1.090771e-001 5.456290e-002 3.827291e-002 3.561765e-002 1.536912e-002 
1.088874e-001 5.473973e-002 3.841116e-002 3.555264e-002 1.533606e-002 
1.086980e-001 5.491587e-002 3.854901e-002 3.548775e-002 1.530294e-002 
1.085090e-001 5.509132e-002 3.868645e-002 3.542298e-002 1.526977e-002 
1.083203e-001 5.526608e-002 3.882349e-002 3.535832e-002 1.523655e-002 
1.081320e-001 5.544015e-002 3.896013e-002 3.529379e-002 1.520328e-002 
1.079439e-001 5.561354e-002 3.909636e-002 3.522937e-002 1.516997e-002 
1.077562e-001 5.578625e-002 3.923219e-002 3.516507e-002 1.513661e-002 
1.075688e-001 5.595828e-002 3.936762e-002 3.510088e-002 1.510322e-002 
1.073818e-001 5.612963e-002 3.950265e-002 3.503682e-002 1.506979e-002 
1.071951e-001 5.630031e-002 3.963727e-002 3.497287e-002 1.503634e-002 
1.070087e-001 5.647030e-002 3.977150e-002 3.490903e-002 1.500285e-002 
1.068226e-001 5.663963e-002 3.990533e-002 3.484532e-002 1.496934e-002 
1.066369e-001 5.680828e-002 4.003877e-002 3.478172e-002 1.493580e-002 
1.064515e-001 5.697627e-002 4.017180e-002 3.471823e-002 1.490224e-002 
1.062664e-001 5.714358e-002 4.030445e-002 3.465486e-002 1.486867e-002 
1.060817e-001 5.731023e-002 4.043669e-002 3.459161e-002 1.483508e-002 
1.058972e-001 5.747621e-002 4.056855e-002 3.452847e-002 1.480147e-002 
1.057131e-001 5.764153e-002 4.070001e-002 3.446545e-002 1.476786e-002 
1.055293e-001 5.780619e-002 4.083108e-002 3.440255e-002 1.473423e-002 
1.053458e-001 5.797019e-002 4.096175e-002 3.433975e-002 1.470060e-002 
1.051627e-001 5.813353e-002 4.109204e-002 3.427708e-002 1.466697e-002 
1.049799e-001 5.829622e-002 4.122193e-002 3.421451e-002 1.463334e-002 
1.047974e-001 5.845825e-002 4.135144e-002 3.415206e-002 1.459970e-002 
1.046152e-001 5.861963e-002 4.148056e-002 3.408973e-002 1.456607e-002 
1.044333e-001 5.878036e-002 4.160929e-002 3.402751e-002 1.453244e-002 
1.042517e-001 5.894043e-002 4.173764e-002 3.396540e-002 1.449881e-002 
1.040705e-001 5.909986e-002 4.186560e-002 3.390341e-002 1.446520e-002 
1.038896e-001 5.925865e-002 4.199317e-002 3.384153e-002 1.443160e-002 
1.037090e-001 5.941679e-002 4.212036e-002 3.377976e-002 1.439800e-002 
1.035287e-001 5.957428e-002 4.224717e-002 3.371810e-002 1.436442e-002 
1.033487e-001 5.973114e-002 4.237360e-002 3.365656e-002 1.433086e-002 
1.031690e-001 5.988735e-002 4.249964e-002 3.359513e-002 1.429731e-002 
1.029897e-001 6.004293e-002 4.262530e-002 3.353381e-002 1.426378e-002 
1.028107e-001 6.019788e-002 4.275059e-002 3.347260e-002 1.423027e-002 
1.026319e-001 6.035218e-002 4.287549e-002 3.341151e-002 1.419678e-002 
1.024535e-001 6.050586e-002 4.300001e-002 3.335053e-002 1.416331e-002 
1.022754e-001 6.065890e-002 4.312416e-002 3.328966e-002 1.412987e-002 
1.020976e-001 6.081132e-002 4.324793e-002 3.322889e-002 1.409645e-002 
1.019201e-001 6.096310e-002 4.337133e-002 3.316824e-002 1.406306e-002 
1.017430e-001 6.111426e-002 4.349434e-002 3.310771e-002 1.402970e-002 
1.015661e-001 6.126480e-002 4.361699e-002 3.304728e-002 1.399637e-002 
1.013895e-001 6.141471e-002 4.373926e-002 3.298696e-002 1.396307e-002 
1.012133e-001 6.156400e-002 4.386116e-002 3.292675e-002 1.392980e-002 
1.010374e-001 6.171267e-002 4.398268e-002 3.286665e-002 1.389656e-002 
1.008617e-001 6.186072e-002 4.410384e-002 3.280666e-002 1.386336e-002 
1.006864e-001 6.200816e-002 4.422462e-002 3.274678e-002 1.383020e-002 
1.005114e-001 6.215498e-002 4.434504e-002 3.268701e-002 1.379707e-002 
1.003366e-001 6.230119e-002 4.446508e-002 3.262735e-002 1.376397e-002 
1.001622e-001 6.244679e-002 4.458476e-002 3.256780e-002 1.373092e-002 
9.998810e-002 6.259177e-002 4.470407e-002 3.250836e-002 1.369791e-002 
9.981429e-002 6.273615e-002 4.482301e-002 3.244902e-002 1.366493e-002 
9.964079e-002 6.287992e-002 4.494159e-002 3.238980e-002 1.363200e-002 
9.946758e-002 6.302309e-002 4.505980e-002 3.233068e-002 1.359911e-002 
9.929467e-002 6.316565e-002 4.517765e-002 3.227167e-002 1.356626e-002 
9.912207e-002 6.330761e-002 4.529513e-002 3.221277e-002 1.353346e-002 
9.894977e-002 6.344896e-002 4.541225e-002 3.215397e-002 1.350070e-002 
9.877776e-002 6.358972e-002 4.552901e-002 3.209528e-002 1.346799e-002 
9.860606e-002 6.372989e-002 4.564541e-002 3.203670e-002 1.343532e-002 
9.843465e-002 6.386945e-002 4.576145e-002 3.197823e-002 1.340271e-002 
9.826354e-002 6.400842e-002 4.587712e-002 3.191986e-002 1.337014e-002 
9.809273e-002 6.414680e-002 4.599244e-002 3.186160e-002 1.333761e-002 
9.792222e-002 6.428459e-002 4.610740e-002 3.180345e-002 1.330514e-002 
9.775200e-002 6.442179e-002 4.622201e-002 3.174540e-002 1.327272e-002 
9.758208e-002 6.455840e-002 4.633625e-002 3.168746e-002 1.324035e-002 
9.741245e-002 6.469442e-002 4.645014e-002 3.162962e-002 1.320802e-002 
9.724312e-002 6.482986e-002 4.656368e-002 3.157189e-002 1.317576e-002 
9.707409e-002 6.496471e-002 4.667686e-002 3.151426e-002 1.314354e-002 
9.690535e-002 6.509898e-002 4.678969e-002 3.145674e-002 1.311138e-002 
9.673690e-002 6.523268e-002 4.690216e-002 3.139933e-002 1.307927e-002 
9.656874e-002 6.536579e-002 4.701428e-002 3.134202e-002 1.304721e-002 
9.640088e-002 6.549832e-002 4.712605e-002 3.128481e-002 1.301521e-002 
9.623331e-002 6.563028e-002 4.723747e-002 3.122771e-002 1.298326e-002 
9.606603e-002 6.576167e-002 4.734854e-002 3.117071e-002 1.295137e-002 
9.589904e-002 6.589248e-002 4.745926e-002 3.111382e-002 1.291954e-002 
9.573234e-002 6.602272e-002 4.756964e-002 3.105703e-002 1.288776e-002 
9.556593e-002 6.615239e-002 4.767966e-002 3.100034e-002 1.285604e-002 
9.539981e-002 6.628149e-002 4.778934e-002 3.094376e-002 1.282437e-002 
9.523398e-002 6.641003e-002 4.789867e-002 3.088728e-002 1.279277e-002 
9.506844e-002 6.653800e-002 4.800765e-002 3.083091e-002 1.276122e-002 
9.490318e-002 6.666540e-002 4.811630e-002 3.077463e-002 1.272973e-002 
9.473822e-002 6.679225e-002 4.822459e-002 3.071846e-002 1.269830e-002 
9.457353e-002 6.691853e-002 4.833255e-002 3.066239e-002 1.266693e-002 
9.440914e-002 6.704425e-002 4.844016e-002 3.060643e-002 1.263562e-002 
9.424503e-002 6.716942e-002 4.854743e-002 3.055057e-002 1.260437e-002 
9.408121e-002 6.729403e-002 4.865435e-002 3.049480e-002 1.257318e-002 
9.391767e-002 6.741808e-002 4.876094e-002 3.043915e-002 1.254205e-002 
9.375442e-002 6.754158e-002 4.886719e-002 3.038359e-002 1.251098e-002 
9.359145e-002 6.766453e-002 4.897310e-002 3.032813e-002 1.247997e-002 
9.342876e-002 6.778692e-002 4.907867e-002 3.027278e-002 1.244902e-002 
9.326636e-002 6.790877e-002 4.918390e-002 3.021752e-002 1.241814e-002 
9.310423e-002 6.803007e-002 4.928880e-002 3.016237e-002 1.238731e-002 
9.294239e-002 6.815082e-002 4.939336e-002 3.010731e-002 1.235655e-002 
9.278084e-002 6.827103e-002 4.949758e-002 3.005236e-002 1.232585e-002 
9.261956e-002 6.839070e-002 4.960147e-002 2.999751e-002 1.229522e-002 
9.245856e-002 6.850982e-002 4.970503e-002 2.994276e-002 1.226464e-002 
9.229784e-002 6.862840e-002 4.980825e-002 2.988811e-002 1.223413e-002 
9.213740e-002 6.874645e-002 4.991114e-002 2.983355e-002 1.220368e-002 
9.197725e-002 6.886395e-002 5.001370e-002 2.977910e-002 1.217330e-002 
9.181737e-002 6.898092e-002 5.011593e-002 2.972475e-002 1.214298e-002 
9.165776e-002 6.909736e-002 5.021782e-002 2.967049e-002 1.211272e-002 
9.149844e-002 6.921326e-002 5.031939e-002 2.961634e-002 1.208253e-002 
9.133939e-002 6.932863e-002 5.042063e-002 2.956228e-002 1.205240e-002 
9.118062e-002 6.944347e-002 5.052154e-002 2.950833e-002 1.202233e-002 
9.102212e-002 6.955778e-002 5.062212e-002 2.945447e-002 1.199233e-002 
9.086390e-002 6.967156e-002 5.072238e-002 2.940071e-002 1.196239e-002 
9.070596e-002 6.978482e-002 5.082231e-002 2.934704e-002 1.193252e-002 
9.054828e-002 6.989755e-002 5.092191e-002 2.929348e-002 1.190271e-002 
9.039089e-002 7.000975e-002 5.102119e-002 2.924001e-002 1.187297e-002 
9.023376e-002 7.012144e-002 5.112014e-002 2.918664e-002 1.184329e-002 
9.007691e-002 7.023260e-002 5.121877e-002 2.913337e-002 1.181368e-002 
8.992034e-002 7.034325e-002 5.131708e-002 2.908020e-002 1.178413e-002 
8.976403e-002 7.045338e-002 5.141507e-002 2.902712e-002 1.175465e-002 
8.960800e-002 7.056299e-002 5.151274e-002 2.897414e-002 1.172523e-002 
8.945224e-002 7.067208e-002 5.161008e-002 2.892125e-002 1.169588e-002 
8.929675e-002 7.078066e-002 5.170710e-002 2.886847e-002 1.166659e-002 
8.914152e-002 7.088873e-002 5.180381e-002 2.881577e-002 1.163737e-002 
8.898657e-002 7.099629e-002 5.190020e-002 2.876318e-002 1.160821e-002 
8.883189e-002 7.110334e-002 5.199627e-002 2.871068e-002 1.157912e-002 
8.867748e-002 7.120988e-002 5.209202e-002 2.865828e-002 1.155009e-002 
8.852333e-002 7.131591e-002 5.218745e-002 2.860597e-002 1.152113e-002 
8.836946e-002 7.142143e-002 5.228257e-002 2.855376e-002 1.149223e-002 
8.821585e-002 7.152646e-002 5.237738e-002 2.850164e-002 1.146340e-002 
8.806251e-002 7.163098e-002 5.247187e-002 2.844962e-002 1.143464e-002 
8.790943e-002 7.173499e-002 5.256604e-002 2.839769e-002 1.140594e-002 
8.775662e-002 7.183851e-002 5.265990e-002 2.834586e-002 1.137731e-002 
8.760408e-002 7.194153e-002 5.275345e-002 2.829412e-002 1.134874e-002 
8.745180e-002 7.204405e-002 5.284669e-002 2.824248e-002 1.132024e-002 
8.729978e-002 7.214608e-002 5.293962e-002 2.819093e-002 1.129180e-002 
8.714803e-002 7.224761e-002 5.303224e-002 2.813948e-002 1.126343e-002 
8.699655e-002 7.234864e-002 5.312454e-002 2.808812e-002 1.123513e-002 
8.684533e-002 7.244919e-002 5.321654e-002 2.803685e-002 1.120689e-002 
8.669437e-002 7.254924e-002 5.330823e-002 2.798568e-002 1.117871e-002 
8.654367e-002 7.264880e-002 5.339961e-002 2.793460e-002 1.115060e-002 
8.639323e-002 7.274788e-002 5.349068e-002 2.788361e-002 1.112256e-002 
8.624306e-002 7.284647e-002 5.358145e-002 2.783272e-002 1.109458e-002 
8.609315e-002 7.294457e-002 5.367191e-002 2.778192e-002 1.106667e-002 
8.594349e-002 7.304219e-002 5.376207e-002 2.773121e-002 1.103882e-002 
8.579410e-002 7.313932e-002 5.385192e-002 2.768059e-002 1.101104e-002 
8.564497e-002 7.323598e-002 5.394147e-002 2.763007e-002 1.098332e-002 
8.549610e-002 7.333215e-002 5.403071e-002 2.757964e-002 1.095567e-002 
8.534748e-002 7.342784e-002 5.411965e-002 2.752930e-002 1.092809e-002 
8.519912e-002 7.352306e-002 5.420830e-002 2.747905e-002 1.090056e-002 
8.505103e-002 7.361780e-002 5.429663e-002 2.742890e-002 1.087311e-002 
8.490319e-002 7.371206e-002 5.438467e-002 2.737883e-002 1.084572e-002 
8.475560e-002 7.380585e-002 5.447241e-002 2.732886e-002 1.081839e-002 
8.460827e-002 7.389917e-002 5.455985e-002 2.727898e-002 1.079113e-002 
8.446120e-002 7.399201e-002 5.464699e-002 2.722919e-002 1.076394e-002 
8.431439e-002 7.408439e-002 5.473383e-002 2.717949e-002 1.073681e-002 
8.416783e-002 7.417630e-002 5.482038e-002 2.712988e-002 1.070974e-002 
8.402152e-002 7.426774e-002 5.490662e-002 2.708037e-002 1.068274e-002 
8.387547e-002 7.435871e-002 5.499258e-002 2.703094e-002 1.065580e-002 
8.372967e-002 7.444922e-002 5.507823e-002 2.698160e-002 1.062893e-002 
8.358413e-002 7.453926e-002 5.516359e-002 2.693235e-002 1.060212e-002 
8.343884e-002 7.462884e-002 5.524866e-002 2.688320e-002 1.057538e-002 
8.329380e-002 7.471796e-002 5.533344e-002 2.683413e-002 1.054870e-002 
8.314901e-002 7.480662e-002 5.541792e-002 2.678515e-002 1.052208e-002 
8.300448e-002 7.489482e-002 5.550210e-002 2.673626e-002 1.049553e-002 
8.286020e-002 7.498257e-002 5.558600e-002 2.668746e-002 1.046905e-002 
8.271616e-002 7.506985e-002 5.566961e-002 2.663875e-002 1.044262e-002 
8.257238e-002 7.515668e-002 5.575292e-002 2.659013e-002 1.041626e-002 
8.242885e-002 7.524306e-002 5.583595e-002 2.654160e-002 1.038997e-002 
8.228557e-002 7.532899e-002 5.591869e-002 2.649315e-002 1.036374e-002 
8.214253e-002 7.541446e-002 5.600113e-002 2.644480e-002 1.033757e-002 
8.199975e-002 7.549949e-002 5.608329e-002 2.639653e-002 1.031147e-002 
8.185721e-002 7.558406e-002 5.616517e-002 2.634835e-002 1.028543e-002 
8.171492e-002 7.566819e-002 5.624675e-002 2.630026e-002 1.025945e-002 
8.157288e-002 7.575187e-002 5.632805e-002 2.625226e-002 1.023353e-002 
8.143108e-002 7.583510e-002 5.640907e-002 2.620434e-002 1.020768e-002 
8.128954e-002 7.591790e-002 5.648980e-002 2.615651e-002 1.018190e-002 
8.114823e-002 7.600024e-002 5.657024e-002 2.610877e-002 1.015617e-002 
8.100718e-002 7.608215e-002 5.665040e-002 2.606112e-002 1.013051e-002 
8.086637e-002 7.616362e-002 5.673028e-002 2.601355e-002 1.010491e-002 
8.072580e-002 7.624464e-002 5.680988e-002 2.596607e-002 1.007937e-002 
8.058548e-002 7.632523e-002 5.688919e-002 2.591868e-002 1.005390e-002 
8.044540e-002 7.640539e-002 5.696823e-002 2.587137e-002 1.002849e-002 
8.030556e-002 7.648510e-002 5.704698e-002 2.582415e-002 1.000314e-002 
8.016597e-002 7.656439e-002 5.712546e-002 2.577701e-002 9.977853e-003 
8.002662e-002 7.664323e-002 5.720365e-002 2.572996e-002 9.952629e-003 
7.988751e-002 7.672165e-002 5.728157e-002 2.568300e-002 9.927466e-003 
7.974865e-002 7.679964e-002 5.735920e-002 2.563612e-002 9.902365e-003 
7.961002e-002 7.687719e-002 5.743656e-002 2.558933e-002 9.877326e-003 
7.947164e-002 7.695432e-002 5.751365e-002 2.554263e-002 9.852349e-003 
7.933350e-002 7.703102e-002 5.759045e-002 2.549601e-002 9.827433e-003 
7.919560e-002 7.710730e-002 5.766698e-002 2.544947e-002 9.802579e-003 
7.905793e-002 7.718315e-002 5.774324e-002 2.540302e-002 9.777786e-003 
7.892051e-002 7.725857e-002 5.781922e-002 2.535665e-002 9.753054e-003 
7.878333e-002 7.733358e-002 5.789493e-002 2.531037e-002 9.728384e-003 
7.864638e-002 7.740816e-002 5.797036e-002 2.526418e-002 9.703774e-003 
7.850967e-002 7.748232e-002 5.804553e-002 2.521806e-002 9.679225e-003 
7.837320e-002 7.755606e-002 5.812042e-002 2.517204e-002 9.654737e-003 
7.823697e-002 7.762938e-002 5.819503e-002 2.512609e-002 9.630310e-003 
7.810097e-002 7.770229e-002 5.826938e-002 2.508023e-002 9.605943e-003 
7.796521e-002 7.777478e-002 5.834346e-002 2.503445e-002 9.581637e-003 
7.782969e-002 7.784686e-002 5.841727e-002 2.498876e-002 9.557391e-003 
7.769440e-002 7.791852e-002 5.849080e-002 2.494315e-002 9.533205e-003 
7.755935e-002 7.798977e-002 5.856407e-002 2.489762e-002 9.509079e-003 
7.742453e-002 7.806061e-002 5.863708e-002 2.485218e-002 9.485013e-003 
7.728995e-002 7.813104e-002 5.870981e-002 2.480682e-002 9.461007e-003 
7.715560e-002 7.820107e-002 5.878228e-002 2.476154e-002 9.437060e-003 
7.702148e-002 7.827068e-002 5.885448e-002 2.471635e-002 9.413174e-003 
7.688760e-002 7.833989e-002 5.892641e-002 2.467123e-002 9.389346e-003 
7.675395e-002 7.840869e-002 5.899808e-002 2.462620e-002 9.365578e-003 
7.662053e-002 7.847708e-002 5.906949e-002 2.458126e-002 9.341869e-003 
7.648734e-002 7.854508e-002 5.914063e-002 2.453639e-002 9.318219e-003 
7.635439e-002 7.861267e-002 5.921151e-002 2.449161e-002 9.294628e-003 
7.622166e-002 7.867986e-002 5.928213e-002 2.444690e-002 9.271096e-003 
7.608917e-002 7.874665e-002 5.935248e-002 2.440228e-002 9.247622e-003 
7.595691e-002 7.881304e-002 5.942258e-002 2.435774e-002 9.224207e-003 
7.582487e-002 7.887904e-002 5.949241e-002 2.431328e-002 9.200851e-003 
7.569307e-002 7.894463e-002 5.956198e-002 2.426891e-002 9.177552e-003 
7.556150e-002 7.900984e-002 5.963129e-002 2.422461e-002 9.154312e-003 
7.543015e-002 7.907464e-002 5.970034e-002 2.418040e-002 9.131130e-003 
7.529903e-002 7.913906e-002 5.976913e-002 2.413626e-002 9.108006e-003 
7.516814e-002 7.920308e-002 5.983767e-002 2.409221e-002 9.084940e-003 
7.503748e-002 7.926671e-002 5.990595e-002 2.404823e-002 9.061932e-003 
7.490705e-002 7.932995e-002 5.997397e-002 2.400434e-002 9.038981e-003 
7.477684e-002 7.939281e-002 6.004173e-002 2.396053e-002 9.016087e-003 
7.464686e-002 7.945527e-002 6.010924e-002 2.391680e-002 8.993251e-003 
7.451710e-002 7.951735e-002 6.017649e-002 2.387314e-002 8.970472e-003 
7.438757e-002 7.957904e-002 6.024349e-002 2.382957e-002 8.947750e-003 
7.425827e-002 7.964035e-002 6.031023e-002 2.378607e-002 8.925085e-003 
7.412919e-002 7.970127e-002 6.037672e-002 2.374266e-002 8.902476e-003 
7.400033e-002 7.976181e-002 6.044296e-002 2.369932e-002 8.879925e-003 
7.387170e-002 7.982197e-002 6.050894e-002 2.365607e-002 8.857430e-003 
7.374329e-002 7.988175e-002 6.057468e-002 2.361289e-002 8.834991e-003 
7.361511e-002 7.994115e-002 6.064016e-002 2.356979e-002 8.812609e-003 
7.348714e-002 8.000018e-002 6.070539e-002 2.352677e-002 8.790282e-003 
7.335940e-002 8.005882e-002 6.077037e-002 2.348383e-002 8.768012e-003 
7.323189e-002 8.011709e-002 6.083510e-002 2.344097e-002 8.745798e-003 
7.310459e-002 8.017498e-002 6.089958e-002 2.339818e-002 8.723639e-003 
7.297752e-002 8.023251e-002 6.096381e-002 2.335548e-002 8.701536e-003 
7.285066e-002 8.028965e-002 6.102779e-002 2.331285e-002 8.679489e-003 
7.272403e-002 8.034643e-002 6.109153e-002 2.327030e-002 8.657497e-003 
7.259762e-002 8.040283e-002 6.115502e-002 2.322782e-002 8.635560e-003 
7.247142e-002 8.045887e-002 6.121826e-002 2.318543e-002 8.613678e-003 
7.234545e-002 8.051453e-002 6.128126e-002 2.314311e-002 8.591852e-003 
7.221969e-002 8.056983e-002 6.134401e-002 2.310087e-002 8.570080e-003 
7.209416e-002 8.062477e-002 6.140652e-002 2.305870e-002 8.548363e-003 
7.196884e-002 8.067933e-002 6.146878e-002 2.301662e-002 8.526701e-003 
7.184374e-002 8.073353e-002 6.153080e-002 2.297461e-002 8.505093e-003 
7.171885e-002 8.078737e-002 6.159257e-002 2.293267e-002 8.483539e-003 
7.159419e-002 8.084085e-002 6.165410e-002 2.289082e-002 8.462040e-003 
7.146974e-002 8.089396e-002 6.171539e-002 2.284904e-002 8.440595e-003 
7.134551e-002 8.094671e-002 6.177644e-002 2.280733e-002 8.419204e-003 
7.122149e-002 8.099911e-002 6.183725e-002 2.276570e-002 8.397866e-003 
7.109769e-002 8.105114e-002 6.189782e-002 2.272415e-002 8.376583e-003 
7.097410e-002 8.110282e-002 6.195814e-002 2.268267e-002 8.355353e-003 
7.085073e-002 8.115414e-002 6.201823e-002 2.264127e-002 8.334176e-003 
7.072757e-002 8.120511e-002 6.207808e-002 2.259995e-002 8.313053e-003 
7.060463e-002 8.125572e-002 6.213769e-002 2.255870e-002 8.291983e-003 
7.048190e-002 8.130598e-002 6.219706e-002 2.251752e-002 8.270966e-003 
7.035938e-002 8.135589e-002 6.225619e-002 2.247642e-002 8.250002e-003 
7.023708e-002 8.140544e-002 6.231509e-002 2.243540e-002 8.229091e-003 
7.011499e-002 8.145465e-002 6.237375e-002 2.239445e-002 8.208233e-003 
6.999311e-002 8.150350e-002 6.243218e-002 2.235358e-002 8.187427e-003 
6.987145e-002 8.155201e-002 6.249037e-002 2.231278e-002 8.166674e-003 
6.974999e-002 8.160017e-002 6.254832e-002 2.227205e-002 8.145973e-003 
6.962875e-002 8.164798e-002 6.260604e-002 2.223140e-002 8.125324e-003 
6.950772e-002 8.169545e-002 6.266353e-002 2.219082e-002 8.104728e-003 
6.938689e-002 8.174257e-002 6.272078e-002 2.215032e-002 8.084183e-003 
6.926628e-002 8.178935e-002 6.277781e-002 2.210989e-002 8.063690e-003 
6.914588e-002 8.183579e-002 6.283459e-002 2.206953e-002 8.043249e-003 
6.902568e-002 8.188188e-002 6.289115e-002 2.202925e-002 8.022859e-003 
6.890570e-002 8.192764e-002 6.294748e-002 2.198904e-002 8.002521e-003 
6.878592e-002 8.197305e-002 6.300357e-002 2.194891e-002 7.982235e-003 
6.866636e-002 8.201813e-002 6.305944e-002 2.190885e-002 7.961999e-003 
6.854700e-002 8.206287e-002 6.311508e-002 2.186886e-002 7.941815e-003 
6.842784e-002 8.210727e-002 6.317048e-002 2.182894e-002 7.921681e-003 
6.830890e-002 8.215134e-002 6.322566e-002 2.178910e-002 7.901599e-003 
6.819016e-002 8.219507e-002 6.328061e-002 2.174933e-002 7.881567e-003 
6.807163e-002 8.223847e-002 6.333533e-002 2.170964e-002 7.861585e-003 
6.795330e-002 8.228153e-002 6.338983e-002 2.167001e-002 7.841654e-003 
6.783518e-002 8.232426e-002 6.344410e-002 2.163046e-002 7.821774e-003 
6.771727e-002 8.236667e-002 6.349814e-002 2.159098e-002 7.801944e-003 
6.759955e-002 8.240874e-002 6.355196e-002 2.155157e-002 7.782164e-003 
6.748205e-002 8.245048e-002 6.360555e-002 2.151223e-002 7.762433e-003 
6.736475e-002 8.249190e-002 6.365892e-002 2.147297e-002 7.742753e-003 
6.724765e-002 8.253298e-002 6.371206e-002 2.143378e-002 7.723122e-003 
6.713076e-002 8.257375e-002 6.376498e-002 2.139465e-002 7.703541e-003 
6.701407e-002 8.261418e-002 6.381768e-002 2.135560e-002 7.684010e-003 
6.689758e-002 8.265429e-002 6.387015e-002 2.131663e-002 7.664528e-003 
6.678129e-002 8.269408e-002 6.392240e-002 2.127772e-002 7.645095e-003 
6.666521e-002 8.273355e-002 6.397443e-002 2.123888e-002 7.625711e-003 
6.654933e-002 8.277269e-002 6.402624e-002 2.120012e-002 7.606377e-003 
6.643365e-002 8.281152e-002 6.407783e-002 2.116142e-002 7.587091e-003 
6.631817e-002 8.285002e-002 6.412920e-002 2.112280e-002 7.567854e-003 
6.620289e-002 8.288821e-002 6.418035e-002 2.108424e-002 7.548665e-003 
6.608781e-002 8.292607e-002 6.423128e-002 2.104576e-002 7.529525e-003 
6.597293e-002 8.296362e-002 6.428199e-002 2.100735e-002 7.510434e-003 
6.585826e-002 8.300086e-002 6.433248e-002 2.096901e-002 7.491391e-003 
6.574378e-002 8.303778e-002 6.438276e-002 2.093073e-002 7.472396e-003 
6.562950e-002 8.307438e-002 6.443282e-002 2.089253e-002 7.453449e-003 
6.551542e-002 8.311068e-002 6.448266e-002 2.085440e-002 7.434550e-003 
6.540153e-002 8.314666e-002 6.453229e-002 2.081633e-002 7.415698e-003 
6.528785e-002 8.318232e-002 6.458170e-002 2.077834e-002 7.396895e-003 
6.517436e-002 8.321768e-002 6.463089e-002 2.074041e-002 7.378139e-003 
6.506107e-002 8.325273e-002 6.467987e-002 2.070256e-002 7.359430e-003 
6.494798e-002 8.328747e-002 6.472864e-002 2.066477e-002 7.340769e-003 
6.483508e-002 8.332190e-002 6.477719e-002 2.062705e-002 7.322155e-003 
6.472238e-002 8.335603e-002 6.482553e-002 2.058940e-002 7.303588e-003 
6.460988e-002 8.338984e-002 6.487366e-002 2.055182e-002 7.285068e-003 
6.449757e-002 8.342336e-002 6.492157e-002 2.051431e-002 7.266595e-003 
6.438546e-002 8.345657e-002 6.496927e-002 2.047687e-002 7.248169e-003 
6.427354e-002 8.348947e-002 6.501676e-002 2.043949e-002 7.229790e-003 
6.416181e-002 8.352207e-002 6.506404e-002 2.040219e-002 7.211457e-003 
6.405028e-002 8.355438e-002 6.511111e-002 2.036495e-002 7.193170e-003 
6.393895e-002 8.358638e-002 6.515797e-002 2.032778e-002 7.174930e-003 
6.382780e-002 8.361808e-002 6.520462e-002 2.029068e-002 7.156735e-003 
6.371686e-002 8.364948e-002 6.525106e-002 2.025364e-002 7.138587e-003 
6.360610e-002 8.368058e-002 6.529729e-002 2.021667e-002 7.120485e-003 
6.349553e-002 8.371139e-002 6.534332e-002 2.017978e-002 7.102429e-003 
6.338516e-002 8.374190e-002 6.538913e-002 2.014294e-002 7.084418e-003 
6.327498e-002 8.377211e-002 6.543474e-002 2.010618e-002 7.066453e-003 
6.316499e-002 8.380203e-002 6.548015e-002 2.006948e-002 7.048533e-003 
6.305520e-002 8.383166e-002 6.552534e-002 2.003285e-002 7.030659e-003 
6.294559e-002 8.386099e-002 6.557033e-002 1.999628e-002 7.012830e-003 
6.283618e-002 8.389003e-002 6.561512e-002 1.995979e-002 6.995047e-003 
6.272695e-002 8.391878e-002 6.565970e-002 1.992336e-002 6.977308e-003 
6.261791e-002 8.394724e-002 6.570408e-002 1.988699e-002 6.959614e-003 
6.250907e-002 8.397541e-002 6.574825e-002 1.985069e-002 6.941965e-003 
6.240041e-002 8.400329e-002 6.579222e-002 1.981446e-002 6.924361e-003 
6.229194e-002 8.403088e-002 6.583599e-002 1.977830e-002 6.906801e-003 
6.218366e-002 8.405819e-002 6.587955e-002 1.974220e-002 6.889286e-003 
6.207557e-002 8.408521e-002 6.592291e-002 1.970616e-002 6.871815e-003 
6.196767e-002 8.411195e-002 6.596607e-002 1.967019e-002 6.854388e-003 
6.185995e-002 8.413840e-002 6.600903e-002 1.963429e-002 6.837006e-003 
6.175242e-002 8.416456e-002 6.605179e-002 1.959846e-002 6.819668e-003 
6.164508e-002 8.419045e-002 6.609435e-002 1.956268e-002 6.802373e-003 
6.153793e-002 8.421605e-002 6.613671e-002 1.952698e-002 6.785122e-003 
6.143096e-002 8.424137e-002 6.617886e-002 1.949134e-002 6.767915e-003 
6.132417e-002 8.426641e-002 6.622082e-002 1.945576e-002 6.750752e-003 
6.121758e-002 8.429117e-002 6.626259e-002 1.942025e-002 6.733632e-003 
6.111117e-002 8.431566e-002 6.630415e-002 1.938480e-002 6.716555e-003 
6.100494e-002 8.433986e-002 6.634552e-002 1.934942e-002 6.699522e-003 
6.089890e-002 8.436379e-002 6.638669e-002 1.931411e-002 6.682532e-003 
6.079304e-002 8.438744e-002 6.642766e-002 1.927885e-002 6.665585e-003 
6.068736e-002 8.441082e-002 6.646844e-002 1.924367e-002 6.648681e-003 
6.058187e-002 8.443392e-002 6.650902e-002 1.920854e-002 6.631820e-003 
6.047657e-002 8.445675e-002 6.654940e-002 1.917348e-002 6.615001e-003 
6.037144e-002 8.447931e-002 6.658959e-002 1.913849e-002 6.598225e-003 
6.026650e-002 8.450159e-002 6.662959e-002 1.910355e-002 6.581492e-003 
6.016174e-002 8.452360e-002 6.666939e-002 1.906869e-002 6.564800e-003 
6.005717e-002 8.454534e-002 6.670900e-002 1.903388e-002 6.548152e-003 
5.995277e-002 8.456682e-002 6.674842e-002 1.899914e-002 6.531545e-003 
5.984856e-002 8.458802e-002 6.678764e-002 1.896446e-002 6.514981e-003 
5.974452e-002 8.460896e-002 6.682667e-002 1.892985e-002 6.498458e-003 
5.964067e-002 8.462963e-002 6.686551e-002 1.889530e-002 6.481978e-003 
5.953700e-002 8.465003e-002 6.690416e-002 1.886081e-002 6.465539e-003 
5.943351e-002 8.467016e-002 6.694261e-002 1.882638e-002 6.449142e-003 
5.933020e-002 8.469004e-002 6.698088e-002 1.879202e-002 6.432786e-003 
5.922707e-002 8.470964e-002 6.701896e-002 1.875772e-002 6.416472e-003 
5.912412e-002 8.472899e-002 6.705684e-002 1.872349e-002 6.400199e-003 
5.902134e-002 8.474807e-002 6.709454e-002 1.868931e-002 6.383967e-003 
5.891875e-002 8.476689e-002 6.713205e-002 1.865520e-002 6.367777e-003 
5.881633e-002 8.478545e-002 6.716937e-002 1.862115e-002 6.351627e-003 
5.871409e-002 8.480375e-002 6.720651e-002 1.858716e-002 6.335519e-003 
5.861203e-002 8.482179e-002 6.724345e-002 1.855324e-002 6.319451e-003 
5.851015e-002 8.483957e-002 6.728021e-002 1.851937e-002 6.303424e-003 
5.840845e-002 8.485710e-002 6.731678e-002 1.848557e-002 6.287438e-003 
5.830692e-002 8.487436e-002 6.735317e-002 1.845183e-002 6.271492e-003 
5.820556e-002 8.489137e-002 6.738937e-002 1.841815e-002 6.255587e-003 
5.810439e-002 8.490813e-002 6.742538e-002 1.838454e-002 6.239722e-003 
5.800339e-002 8.492463e-002 6.746121e-002 1.835098e-002 6.223897e-003 
5.790256e-002 8.494088e-002 6.749686e-002 1.831749e-002 6.208112e-003 
5.780191e-002 8.495687e-002 6.753232e-002 1.828405e-002 6.192367e-003 
5.770144e-002 8.497261e-002 6.756760e-002 1.825068e-002 6.176663e-003 
5.760114e-002 8.498810e-002 6.760269e-002 1.821737e-002 6.160998e-003 
5.750101e-002 8.500334e-002 6.763761e-002 1.818412e-002 6.145372e-003 
5.740106e-002 8.501833e-002 6.767234e-002 1.815093e-002 6.129787e-003 
5.730128e-002 8.503307e-002 6.770688e-002 1.811780e-002 6.114241e-003 
5.720168e-002 8.504756e-002 6.774125e-002 1.808473e-002 6.098734e-003 
5.710225e-002 8.506180e-002 6.777544e-002 1.805172e-002 6.083266e-003 
5.700299e-002 8.507580e-002 6.780944e-002 1.801877e-002 6.067838e-003 
5.690390e-002 8.508955e-002 6.784327e-002 1.798588e-002 6.052449e-003 
5.680499e-002 8.510305e-002 6.787691e-002 1.795306e-002 6.037099e-003 
5.670625e-002 8.511631e-002 6.791038e-002 1.792029e-002 6.021788e-003 
5.660768e-002 8.512933e-002 6.794366e-002 1.788758e-002 6.006515e-003 
5.650928e-002 8.514210e-002 6.797677e-002 1.785493e-002 5.991282e-003 
5.641105e-002 8.515463e-002 6.800970e-002 1.782234e-002 5.976087e-003 
5.631299e-002 8.516692e-002 6.804245e-002 1.778981e-002 5.960930e-003 
5.621511e-002 8.517896e-002 6.807503e-002 1.775734e-002 5.945812e-003 
5.611739e-002 8.519077e-002 6.810742e-002 1.772493e-002 5.930732e-003 
5.601984e-002 8.520234e-002 6.813964e-002 1.769258e-002 5.915691e-003 
5.592247e-002 8.521366e-002 6.817169e-002 1.766029e-002 5.900687e-003 
5.582526e-002 8.522475e-002 6.820356e-002 1.762805e-002 5.885722e-003 
5.572822e-002 8.523561e-002 6.823525e-002 1.759588e-002 5.870795e-003 
5.563135e-002 8.524622e-002 6.826677e-002 1.756376e-002 5.855905e-003 
5.553465e-002 8.525660e-002 6.829811e-002 1.753170e-002 5.841053e-003 
5.543811e-002 8.526675e-002 6.832928e-002 1.749971e-002 5.826239e-003 
5.534175e-002 8.527666e-002 6.836028e-002 1.746776e-002 5.811463e-003 
5.524555e-002 8.528633e-002 6.839110e-002 1.743588e-002 5.796724e-003 
5.514952e-002 8.529577e-002 6.842175e-002 1.740406e-002 5.782022e-003 
5.505365e-002 8.530498e-002 6.845223e-002 1.737229e-002 5.767357e-003 
5.495796e-002 8.531396e-002 6.848254e-002 1.734058e-002 5.752730e-003 
5.486242e-002 8.532271e-002 6.851267e-002 1.730893e-002 5.738140e-003 
5.476706e-002 8.533123e-002 6.854263e-002 1.727734e-002 5.723587e-003 
5.467186e-002 8.533952e-002 6.857243e-002 1.724581e-002 5.709070e-003 
5.457683e-002 8.534758e-002 6.860205e-002 1.721433e-002 5.694591e-003 
5.448196e-002 8.535541e-002 6.863150e-002 1.718291e-002 5.680148e-003 
5.438725e-002 8.536301e-002 6.866078e-002 1.715155e-002 5.665742e-003 
5.429271e-002 8.537039e-002 6.868989e-002 1.712024e-002 5.651372e-003 
5.419834e-002 8.537754e-002 6.871883e-002 1.708899e-002 5.637039e-003 
5.410413e-002 8.538447e-002 6.874761e-002 1.705780e-002 5.622742e-003 
5.401008e-002 8.539117e-002 6.877622e-002 1.702667e-002 5.608482e-003 
5.391620e-002 8.539765e-002 6.880465e-002 1.699559e-002 5.594257e-003 
5.382248e-002 8.540390e-002 6.883293e-002 1.696457e-002 5.580069e-003 
5.372892e-002 8.540993e-002 6.886103e-002 1.693361e-002 5.565917e-003 
5.363553e-002 8.541574e-002 6.888897e-002 1.690270e-002 5.551800e-003 
5.354229e-002 8.542133e-002 6.891674e-002 1.687185e-002 5.537719e-003 
5.344922e-002 8.542670e-002 6.894434e-002 1.684105e-002 5.523674e-003 
5.335631e-002 8.543185e-002 6.897178e-002 1.681031e-002 5.509665e-003 
5.326357e-002 8.543678e-002 6.899906e-002 1.677963e-002 5.495691e-003 
5.317098e-002 8.544149e-002 6.902617e-002 1.674900e-002 5.481753e-003 
