di 	gli 	gal 	gos3 	 gos4 
0.421505 	0.024223 	0.014679 	0.015794 	 -0.002063 
0.415458 	0.039681 	0.024295 	0.030325 	 -0.000285 
0.442783 	0.029263 	0.016725 	0.036210 	 -0.001264 
0.419157 	0.051435 	0.031086 	0.051516 	 0.000680 
0.428367 	0.052488 	0.032073 	0.052316 	 0.000184 
0.420567 	0.060336 	0.037353 	0.057319 	 0.000735 
0.410033 	0.061444 	0.037768 	0.059474 	 0.001263 
0.428567 	0.048833 	0.029811 	0.048892 	 -0.000044 
0.424505 	0.058232 	0.035844 	0.055219 	 0.000226 
0.418254 	0.058503 	0.035604 	0.057064 	 0.000204 
0.422002 	0.047556 	0.028652 	0.049518 	 0.000298 
0.408677 	0.058324 	0.035550 	0.057623 	 0.001331 
0.411235 	0.057676 	0.034914 	0.056542 	 0.000583 
0.415781 	0.049483 	0.029706 	0.054056 	 0.000636 
0.397226 	0.078517 	0.048904 	0.069503 	 0.001761 
0.416924 	0.059913 	0.036352 	0.062268 	 0.001276 
0.407516 	0.062435 	0.038537 	0.059052 	 0.001543 
0.412544 	0.068319 	0.042097 	0.064242 	 0.001084 
0.403680 	0.061366 	0.037542 	0.059136 	 0.001146 
0.404298 	0.061168 	0.037851 	0.058571 	 0.001974 
0.397034 	0.075491 	0.046832 	0.069403 	 0.002638 
0.401847 	0.071567 	0.044868 	0.062568 	 0.001770 
0.409138 	0.059012 	0.036185 	0.056284 	 0.000521 
0.386321 	0.078121 	0.048347 	0.072451 	 0.003367 
0.407525 	0.063398 	0.038562 	0.063298 	 0.001222 
0.394604 	0.077373 	0.048050 	0.070315 	 0.002244 
0.397021 	0.070561 	0.043893 	0.065022 	 0.002461 
0.393474 	0.069528 	0.042740 	0.066013 	 0.002246 
0.401922 	0.060269 	0.037273 	0.058369 	 0.002053 
0.388600 	0.080766 	0.050492 	0.072201 	 0.003152 
0.386785 	0.077424 	0.048240 	0.071444 	 0.003001 
0.386340 	0.077808 	0.048026 	0.074250 	 0.003372 
0.387167 	0.077760 	0.048163 	0.072670 	 0.002998 
0.390744 	0.074693 	0.046345 	0.069752 	 0.002858 
0.393864 	0.071864 	0.044448 	0.066621 	 0.002350 
0.394356 	0.067444 	0.041704 	0.063090 	 0.002390 
0.386787 	0.074951 	0.046395 	0.071439 	 0.003006 
0.384530 	0.076097 	0.047188 	0.072144 	 0.003149 
0.382838 	0.078762 	0.048729 	0.074767 	 0.003356 
0.373796 	0.085967 	0.053527 	0.078260 	 0.004160 
0.377834 	0.078253 	0.048449 	0.070261 	 0.003081 
0.367948 	0.082458 	0.051324 	0.073451 	 0.003695 
0.367844 	0.098224 	0.061330 	0.087916 	 0.004500 
0.383597 	0.077781 	0.048374 	0.072017 	 0.003323 
0.382841 	0.077208 	0.048271 	0.072634 	 0.003966 
0.377909 	0.081144 	0.050520 	0.076124 	 0.003617 
0.359907 	0.100217 	0.063038 	0.087305 	 0.005283 
0.369933 	0.086493 	0.054046 	0.076677 	 0.003694 
0.371632 	0.084650 	0.052964 	0.075343 	 0.003559 
0.362789 	0.099033 	0.062147 	0.084563 	 0.004318 
0.374896 	0.083607 	0.051801 	0.075178 	 0.002922 
0.362196 	0.085031 	0.053285 	0.075797 	 0.003940 
0.361457 	0.091156 	0.057309 	0.080209 	 0.004259 
0.374032 	0.087163 	0.055388 	0.073518 	 0.003869 
0.361896 	0.088870 	0.055702 	0.077442 	 0.004086 
0.348140 	0.100245 	0.063206 	0.085949 	 0.005185 
0.355529 	0.098949 	0.062511 	0.084654 	 0.005005 
0.354051 	0.097035 	0.061348 	0.082947 	 0.004717 
0.343640 	0.106069 	0.066782 	0.090480 	 0.004960 
0.365225 	0.089049 	0.056076 	0.080688 	 0.004949 
0.358367 	0.092654 	0.058634 	0.080684 	 0.004587 
0.344452 	0.109588 	0.069003 	0.093044 	 0.005717 
0.353574 	0.092380 	0.057861 	0.081937 	 0.004412 
0.357711 	0.090811 	0.056948 	0.081456 	 0.004586 
0.348493 	0.098002 	0.061732 	0.085825 	 0.005584 
0.330052 	0.115993 	0.073575 	0.096775 	 0.006838 
0.348151 	0.089474 	0.056083 	0.079667 	 0.004570 
0.341456 	0.101555 	0.063861 	0.089091 	 0.005250 
0.339987 	0.106367 	0.067297 	0.090440 	 0.006093 
0.336181 	0.109976 	0.069802 	0.093299 	 0.006549 
0.357452 	0.097067 	0.061224 	0.085640 	 0.004614 
0.344429 	0.097302 	0.061193 	0.083727 	 0.005144 
0.342499 	0.107722 	0.068228 	0.093391 	 0.005925 
0.335480 	0.115843 	0.073628 	0.097214 	 0.006394 
0.338897 	0.109583 	0.069364 	0.093680 	 0.006056 
0.346031 	0.100682 	0.063630 	0.086044 	 0.005609 
0.335504 	0.110006 	0.069611 	0.092590 	 0.005704 
0.348748 	0.102745 	0.065036 	0.087868 	 0.005222 
0.347755 	0.099019 	0.063008 	0.084021 	 0.005350 
0.327234 	0.114603 	0.072866 	0.095169 	 0.006407 
0.347759 	0.093975 	0.059271 	0.080143 	 0.004324 
0.327558 	0.107832 	0.068268 	0.090078 	 0.006248 
0.334761 	0.101797 	0.064610 	0.086439 	 0.005933 
0.337186 	0.102456 	0.065531 	0.083703 	 0.006033 
0.344073 	0.092422 	0.058294 	0.080582 	 0.004739 
0.344215 	0.098951 	0.062728 	0.084804 	 0.005980 
0.327764 	0.111086 	0.070679 	0.090479 	 0.006214 
0.328827 	0.102141 	0.065070 	0.085524 	 0.006096 
0.325703 	0.110923 	0.070286 	0.093987 	 0.005962 
0.333535 	0.104433 	0.066223 	0.088425 	 0.005534 
0.342707 	0.097320 	0.061861 	0.082789 	 0.005333 
0.330590 	0.105449 	0.067042 	0.088687 	 0.006049 
0.330878 	0.110795 	0.070339 	0.092522 	 0.006517 
0.324337 	0.120992 	0.077083 	0.100815 	 0.007118 
0.328557 	0.104297 	0.065985 	0.090311 	 0.006204 
0.334047 	0.100196 	0.063628 	0.084214 	 0.005835 
0.319998 	0.121936 	0.077796 	0.099693 	 0.007524 
0.336810 	0.104529 	0.066401 	0.089833 	 0.006224 
0.330706 	0.108297 	0.069476 	0.088098 	 0.006154 
0.318664 	0.115249 	0.073400 	0.095899 	 0.007385 
0.329389 	0.109759 	0.070107 	0.090396 	 0.006165 
0.318051 	0.121067 	0.077785 	0.094447 	 0.007016 
0.322790 	0.113550 	0.072488 	0.093255 	 0.006591 
0.322236 	0.110277 	0.070211 	0.090526 	 0.006465 
0.326845 	0.113286 	0.072354 	0.092724 	 0.005821 
0.322629 	0.109581 	0.070075 	0.089673 	 0.006642 
0.323239 	0.107258 	0.068454 	0.088004 	 0.006182 
0.324625 	0.118536 	0.076017 	0.096064 	 0.006912 
0.317801 	0.113710 	0.072960 	0.092800 	 0.006907 
0.317469 	0.118860 	0.076638 	0.094976 	 0.007073 
0.311495 	0.131548 	0.085127 	0.101077 	 0.007761 
0.322929 	0.122277 	0.078310 	0.098362 	 0.006806 
0.314215 	0.126520 	0.081420 	0.103035 	 0.008096 
0.328185 	0.109603 	0.070361 	0.087853 	 0.006053 
0.318680 	0.110144 	0.070534 	0.089146 	 0.006664 
0.307496 	0.127698 	0.082232 	0.098244 	 0.006905 
0.315968 	0.120618 	0.077236 	0.098101 	 0.007500 
0.316188 	0.116263 	0.074835 	0.092969 	 0.007421 
0.320350 	0.114496 	0.073756 	0.092855 	 0.007351 
0.317538 	0.112741 	0.072249 	0.090014 	 0.006105 
0.315037 	0.114467 	0.073560 	0.092208 	 0.007070 
0.320318 	0.119182 	0.076511 	0.096585 	 0.006489 
0.301191 	0.139880 	0.090519 	0.107490 	 0.008575 
0.297801 	0.137293 	0.088627 	0.106263 	 0.007999 
0.285045 	0.148310 	0.095250 	0.116317 	 0.008703 
0.298599 	0.140148 	0.090649 	0.109543 	 0.008563 
0.297888 	0.133852 	0.086104 	0.107414 	 0.007985 
0.316958 	0.119086 	0.077164 	0.090875 	 0.006673 
0.304456 	0.136296 	0.088673 	0.103217 	 0.008413 
0.307972 	0.123898 	0.079931 	0.095688 	 0.006675 
0.297060 	0.137432 	0.088720 	0.108364 	 0.008380 
0.287476 	0.140925 	0.091324 	0.107610 	 0.008974 
0.302723 	0.128141 	0.082716 	0.099890 	 0.007278 
0.303936 	0.133539 	0.086231 	0.105680 	 0.008041 
0.304369 	0.132812 	0.085709 	0.103841 	 0.007926 
0.304958 	0.118950 	0.076316 	0.094212 	 0.006771 
0.285409 	0.137325 	0.089166 	0.104764 	 0.008749 
0.296477 	0.139622 	0.090849 	0.104136 	 0.008407 
0.311460 	0.131803 	0.085455 	0.098336 	 0.006402 
0.295802 	0.134182 	0.087212 	0.102696 	 0.008121 
0.287459 	0.137668 	0.089035 	0.106756 	 0.008928 
0.279977 	0.147572 	0.095143 	0.114971 	 0.008911 
0.290722 	0.130674 	0.084580 	0.101188 	 0.008231 
0.308484 	0.122222 	0.079477 	0.092754 	 0.006960 
0.305861 	0.129913 	0.084450 	0.099612 	 0.007485 
0.296044 	0.141999 	0.092682 	0.105234 	 0.008318 
0.286621 	0.141996 	0.092395 	0.105400 	 0.008245 
0.291128 	0.139887 	0.091141 	0.103884 	 0.007981 
0.283715 	0.139040 	0.090077 	0.105989 	 0.009003 
0.288932 	0.127250 	0.082791 	0.094692 	 0.007769 
0.290686 	0.140705 	0.091232 	0.106165 	 0.008478 
0.293115 	0.130175 	0.084423 	0.097544 	 0.007521 
0.281509 	0.140803 	0.091586 	0.103422 	 0.007738 
0.296836 	0.132350 	0.085839 	0.102172 	 0.007869 
0.288886 	0.131955 	0.086023 	0.097701 	 0.008341 
0.292764 	0.135867 	0.088290 	0.102692 	 0.008282 
0.285867 	0.138613 	0.090462 	0.102098 	 0.008469 
0.273696 	0.149308 	0.097402 	0.109153 	 0.009252 
0.291878 	0.135549 	0.088623 	0.098697 	 0.007689 
0.286190 	0.135983 	0.088670 	0.100661 	 0.007894 
0.291675 	0.134828 	0.087895 	0.099827 	 0.007454 
0.283313 	0.136964 	0.089090 	0.101420 	 0.007716 
0.283781 	0.145556 	0.094759 	0.106219 	 0.007815 
0.280813 	0.148098 	0.096209 	0.110886 	 0.008945 
0.298395 	0.136306 	0.089196 	0.100139 	 0.007690 
0.286463 	0.137741 	0.090042 	0.099089 	 0.007854 
0.277093 	0.149956 	0.097722 	0.110204 	 0.009106 
0.284901 	0.148097 	0.096765 	0.107830 	 0.008194 
0.273959 	0.147289 	0.095984 	0.107413 	 0.008589 
0.276098 	0.152495 	0.099660 	0.110187 	 0.009182 
0.294394 	0.134840 	0.087993 	0.100974 	 0.007811 
0.264687 	0.155382 	0.101401 	0.112462 	 0.009544 
0.276187 	0.151326 	0.099154 	0.110057 	 0.009268 
0.274448 	0.146960 	0.095784 	0.108632 	 0.008989 
0.276809 	0.155382 	0.102062 	0.111775 	 0.009189 
0.267848 	0.160471 	0.104763 	0.114140 	 0.009166 
0.271068 	0.158687 	0.103668 	0.116710 	 0.009840 
0.260635 	0.158311 	0.103485 	0.114020 	 0.009247 
0.280891 	0.145316 	0.095033 	0.105523 	 0.008639 
0.274711 	0.154849 	0.101402 	0.111412 	 0.008954 
0.269927 	0.153331 	0.100729 	0.108057 	 0.008689 
0.261131 	0.157822 	0.103901 	0.110859 	 0.010177 
0.279176 	0.143018 	0.093963 	0.101642 	 0.008718 
0.257634 	0.173965 	0.114093 	0.124340 	 0.010476 
0.252807 	0.169777 	0.111449 	0.120836 	 0.011012 
0.267094 	0.152979 	0.100828 	0.106313 	 0.009615 
0.261773 	0.157690 	0.103512 	0.111868 	 0.009671 
0.263496 	0.151369 	0.099533 	0.108466 	 0.010028 
0.266263 	0.155647 	0.101844 	0.112257 	 0.009711 
0.265429 	0.164861 	0.108410 	0.120645 	 0.010607 
0.253088 	0.172083 	0.113255 	0.118117 	 0.010207 
0.251363 	0.174268 	0.114555 	0.122445 	 0.010829 
0.259380 	0.170719 	0.112040 	0.121686 	 0.010568 
0.256385 	0.174000 	0.114599 	0.120865 	 0.010830 
0.262469 	0.165809 	0.109457 	0.113763 	 0.010083 
0.270615 	0.154654 	0.102013 	0.107383 	 0.008914 
0.259354 	0.158414 	0.104292 	0.109647 	 0.009843 
0.260560 	0.167462 	0.110139 	0.114717 	 0.009310 
0.267637 	0.160939 	0.106677 	0.109968 	 0.009591 
0.267141 	0.162243 	0.107302 	0.111239 	 0.009784 
0.254223 	0.161088 	0.106351 	0.109941 	 0.009593 
0.260114 	0.170859 	0.112544 	0.118379 	 0.009438 
0.263086 	0.170167 	0.112249 	0.117154 	 0.009672 
0.254994 	0.165392 	0.109121 	0.114786 	 0.010249 
0.265174 	0.162661 	0.107295 	0.113883 	 0.009806 
0.267707 	0.158879 	0.105283 	0.108714 	 0.009488 
0.244886 	0.173822 	0.114675 	0.119881 	 0.010629 
0.250454 	0.171927 	0.113670 	0.115267 	 0.010223 
0.256978 	0.165323 	0.109199 	0.113102 	 0.009761 
0.245675 	0.175824 	0.116225 	0.120142 	 0.010681 
0.260882 	0.161693 	0.107112 	0.109685 	 0.008968 
0.254208 	0.171464 	0.113532 	0.116473 	 0.009875 
0.254421 	0.171543 	0.113373 	0.115985 	 0.009491 
0.258023 	0.162183 	0.107556 	0.110716 	 0.009997 
0.252142 	0.166840 	0.110413 	0.114330 	 0.010190 
0.257146 	0.157868 	0.104573 	0.107099 	 0.009016 
0.245696 	0.175403 	0.116294 	0.118164 	 0.010697 
0.257324 	0.163427 	0.108421 	0.109961 	 0.009392 
0.246800 	0.171993 	0.113677 	0.117444 	 0.009725 
0.256014 	0.161479 	0.107056 	0.108398 	 0.009621 
0.247728 	0.177574 	0.117996 	0.119367 	 0.010632 
0.255454 	0.161613 	0.107343 	0.109474 	 0.009842 
0.250052 	0.164881 	0.109449 	0.111342 	 0.010082 
0.253637 	0.163337 	0.108808 	0.108941 	 0.009899 
0.252258 	0.171448 	0.113723 	0.115352 	 0.010150 
0.245285 	0.174552 	0.115713 	0.115762 	 0.010195 
0.246183 	0.171862 	0.113905 	0.116644 	 0.010694 
0.249173 	0.165645 	0.110217 	0.109601 	 0.009999 
0.242175 	0.173413 	0.115247 	0.116418 	 0.010803 
0.237398 	0.174771 	0.115986 	0.117422 	 0.010541 
0.241767 	0.179680 	0.119129 	0.121747 	 0.010729 
0.236951 	0.171839 	0.114377 	0.112743 	 0.010715 
0.239271 	0.181001 	0.120227 	0.119578 	 0.010911 
0.237440 	0.176541 	0.117184 	0.119975 	 0.011291 
0.238362 	0.187252 	0.124691 	0.123017 	 0.010858 
0.229994 	0.175973 	0.117274 	0.114830 	 0.011403 
0.234672 	0.181234 	0.120022 	0.120658 	 0.010806 
0.240763 	0.167850 	0.111823 	0.107974 	 0.010055 
0.245412 	0.173697 	0.115556 	0.114020 	 0.010235 
0.235344 	0.179028 	0.119269 	0.114988 	 0.010705 
0.242678 	0.172209 	0.114982 	0.111355 	 0.010220 
0.243869 	0.171259 	0.114498 	0.109548 	 0.010412 
0.230478 	0.178746 	0.118525 	0.119544 	 0.010551 
0.224262 	0.193470 	0.128279 	0.130895 	 0.012167 
0.229332 	0.181083 	0.120489 	0.119805 	 0.010964 
0.238708 	0.168871 	0.113038 	0.106230 	 0.010313 
0.220928 	0.192983 	0.128676 	0.124111 	 0.011965 
0.233930 	0.173790 	0.115965 	0.111996 	 0.010463 
0.237099 	0.184203 	0.122984 	0.117096 	 0.010437 
0.235410 	0.184465 	0.122835 	0.119798 	 0.010381 
0.233375 	0.184405 	0.123177 	0.119350 	 0.011325 
0.224666 	0.187883 	0.125635 	0.120118 	 0.011741 
0.235802 	0.181026 	0.120814 	0.116340 	 0.010412 
0.232688 	0.194487 	0.130259 	0.124012 	 0.011891 
0.219157 	0.193487 	0.129380 	0.122815 	 0.012203 
0.232415 	0.189673 	0.126979 	0.119760 	 0.010745 
0.211449 	0.204354 	0.136351 	0.131624 	 0.012344 
0.221662 	0.197654 	0.132446 	0.124723 	 0.012425 
0.215439 	0.195976 	0.131051 	0.123280 	 0.011801 
0.230873 	0.187732 	0.126210 	0.118297 	 0.011475 
0.224308 	0.203669 	0.135875 	0.131651 	 0.011762 
0.209880 	0.197294 	0.131643 	0.126039 	 0.011967 
0.221812 	0.198143 	0.132176 	0.126476 	 0.011568 
0.244692 	0.182354 	0.122628 	0.112987 	 0.009863 
0.228414 	0.178435 	0.119657 	0.110218 	 0.010334 
0.218937 	0.196232 	0.131568 	0.123533 	 0.011637 
0.225301 	0.186818 	0.125441 	0.117742 	 0.011575 
0.228184 	0.187336 	0.124927 	0.119946 	 0.010482 
0.219759 	0.196504 	0.131814 	0.125227 	 0.012537 
0.215973 	0.194978 	0.130956 	0.123210 	 0.012526 
0.227993 	0.188421 	0.126471 	0.118898 	 0.011276 
0.219887 	0.192064 	0.129089 	0.121048 	 0.012163 
0.209124 	0.200847 	0.134689 	0.125414 	 0.012313 
0.198482 	0.223628 	0.149585 	0.140207 	 0.013681 
0.215073 	0.204109 	0.136437 	0.130883 	 0.012507 
0.219261 	0.184578 	0.124414 	0.111498 	 0.011105 
0.218186 	0.196662 	0.131658 	0.125645 	 0.011550 
0.219682 	0.196922 	0.132856 	0.119691 	 0.012198 
0.212298 	0.197971 	0.133114 	0.122976 	 0.012216 
0.224994 	0.193664 	0.130588 	0.119182 	 0.011226 
0.232409 	0.182674 	0.123334 	0.111828 	 0.010778 
0.207506 	0.203060 	0.136418 	0.127913 	 0.012525 
0.211797 	0.192713 	0.130111 	0.115932 	 0.011775 
0.213730 	0.202930 	0.136332 	0.126885 	 0.012141 
0.213915 	0.205313 	0.138452 	0.127126 	 0.012193 
0.218661 	0.200856 	0.135100 	0.125767 	 0.012267 
0.219851 	0.204628 	0.137642 	0.126669 	 0.011307 
0.200338 	0.209924 	0.141091 	0.130050 	 0.012501 
0.212853 	0.205219 	0.138103 	0.127489 	 0.012161 
0.209719 	0.206124 	0.139009 	0.125757 	 0.012425 
0.205616 	0.210097 	0.141948 	0.127296 	 0.012573 
0.211472 	0.196738 	0.133269 	0.118224 	 0.012475 
0.204734 	0.206611 	0.139178 	0.126344 	 0.012103 
0.208694 	0.202391 	0.136722 	0.122355 	 0.011788 
0.209684 	0.200843 	0.135016 	0.125661 	 0.011709 
0.213407 	0.204895 	0.138695 	0.121912 	 0.012087 
0.207407 	0.210962 	0.142533 	0.127182 	 0.012330 
0.203961 	0.211301 	0.142881 	0.125745 	 0.012361 
0.197258 	0.218314 	0.147535 	0.130598 	 0.012832 
0.211450 	0.203067 	0.137254 	0.120209 	 0.011826 
0.215259 	0.196020 	0.132755 	0.117704 	 0.011674 
0.198481 	0.208504 	0.140826 	0.127167 	 0.012700 
0.204560 	0.203323 	0.137428 	0.124606 	 0.012571 
0.208813 	0.203877 	0.138083 	0.121465 	 0.011550 
0.203241 	0.206297 	0.139601 	0.123753 	 0.012600 
0.199437 	0.210809 	0.142910 	0.127643 	 0.013280 
0.207909 	0.200582 	0.135840 	0.119671 	 0.011625 
0.209265 	0.206379 	0.139948 	0.122802 	 0.011926 
0.203057 	0.210017 	0.142436 	0.124817 	 0.011890 
0.203788 	0.208684 	0.141625 	0.122836 	 0.012283 
0.216049 	0.192030 	0.130765 	0.110923 	 0.010984 
0.218251 	0.196465 	0.133409 	0.114506 	 0.010860 
0.211060 	0.190060 	0.129474 	0.110106 	 0.011071 
0.201909 	0.203438 	0.137787 	0.122308 	 0.012570 
0.200690 	0.207680 	0.140443 	0.127082 	 0.012561 
0.207244 	0.204613 	0.139028 	0.120128 	 0.011658 
0.205388 	0.196592 	0.133486 	0.115988 	 0.011915 
0.201465 	0.201275 	0.136594 	0.117909 	 0.011640 
0.203485 	0.205197 	0.139242 	0.120838 	 0.011683 
0.202272 	0.204206 	0.139062 	0.119189 	 0.012623 
0.201370 	0.202789 	0.137648 	0.121757 	 0.012589 
0.199136 	0.208519 	0.141306 	0.124264 	 0.012290 
0.206580 	0.203925 	0.139011 	0.116483 	 0.011612 
0.194089 	0.213805 	0.144847 	0.127063 	 0.012301 
0.202141 	0.199832 	0.135581 	0.117332 	 0.012152 
0.192851 	0.202700 	0.137503 	0.119324 	 0.011959 
0.185015 	0.214690 	0.145582 	0.125025 	 0.012160 
0.201742 	0.202970 	0.138070 	0.117527 	 0.011987 
0.197972 	0.205029 	0.139364 	0.120604 	 0.012341 
0.204564 	0.206587 	0.140537 	0.120197 	 0.011835 
0.205861 	0.204815 	0.140003 	0.115466 	 0.011633 
0.197718 	0.213217 	0.145383 	0.120485 	 0.012156 
0.202375 	0.204243 	0.139393 	0.117936 	 0.011955 
0.189152 	0.223264 	0.151365 	0.131952 	 0.012761 
0.197607 	0.203985 	0.139579 	0.116139 	 0.012033 
0.195890 	0.209484 	0.142598 	0.122646 	 0.012710 
0.200271 	0.207670 	0.141455 	0.120438 	 0.011437 
0.207403 	0.198285 	0.135524 	0.112100 	 0.011193 
0.187281 	0.223540 	0.152278 	0.129726 	 0.013159 
0.200948 	0.201586 	0.138164 	0.114061 	 0.011877 
0.182993 	0.217008 	0.147950 	0.124730 	 0.013008 
0.189293 	0.223164 	0.152128 	0.129374 	 0.013205 
0.188310 	0.219643 	0.150138 	0.125612 	 0.013233 
0.198679 	0.204548 	0.140120 	0.112720 	 0.011444 
0.175661 	0.216796 	0.148179 	0.123583 	 0.013935 
0.178519 	0.217632 	0.148440 	0.123613 	 0.013341 
0.195754 	0.211264 	0.144422 	0.119022 	 0.012451 
0.186469 	0.219189 	0.149531 	0.124619 	 0.012928 
0.166459 	0.233242 	0.158451 	0.136017 	 0.014792 
0.181661 	0.215055 	0.146991 	0.120809 	 0.012980 
0.179648 	0.224377 	0.153082 	0.128549 	 0.013531 
0.186006 	0.210265 	0.143680 	0.118099 	 0.012569 
0.172892 	0.228687 	0.155436 	0.132022 	 0.013882 
0.182828 	0.217478 	0.149132 	0.122728 	 0.013671 
0.179097 	0.224119 	0.153026 	0.126809 	 0.013553 
0.181974 	0.219859 	0.150316 	0.123169 	 0.013017 
0.178592 	0.215010 	0.147131 	0.120901 	 0.013029 
0.191018 	0.210148 	0.144422 	0.115724 	 0.012364 
0.178196 	0.218393 	0.149896 	0.121173 	 0.013258 
0.178590 	0.224982 	0.153941 	0.125738 	 0.013581 
0.173634 	0.230692 	0.157587 	0.130424 	 0.013642 
0.171326 	0.230977 	0.157483 	0.131472 	 0.013795 
0.170098 	0.225955 	0.154871 	0.125285 	 0.013940 
0.188289 	0.221194 	0.151777 	0.122527 	 0.012850 
0.174577 	0.228771 	0.157190 	0.125000 	 0.013786 
0.174154 	0.223793 	0.153712 	0.123460 	 0.013559 
0.179579 	0.222004 	0.152484 	0.122046 	 0.012925 
0.195188 	0.208470 	0.143701 	0.114058 	 0.012349 
0.186514 	0.219000 	0.150336 	0.121563 	 0.013066 
0.166932 	0.234287 	0.160786 	0.130499 	 0.014484 
0.184435 	0.218921 	0.150512 	0.119673 	 0.013103 
0.168307 	0.222074 	0.152615 	0.121071 	 0.013671 
0.181153 	0.226514 	0.155781 	0.123346 	 0.012756 
0.184874 	0.216562 	0.148944 	0.117072 	 0.011847 
0.170712 	0.231939 	0.158899 	0.128489 	 0.013467 
0.161030 	0.235997 	0.162096 	0.129856 	 0.014683 
0.177391 	0.235574 	0.162298 	0.127580 	 0.014107 
0.176987 	0.232663 	0.159884 	0.128135 	 0.013329 
0.174397 	0.223966 	0.154213 	0.123083 	 0.014095 
0.178265 	0.221739 	0.152214 	0.122594 	 0.012639 
0.167394 	0.231832 	0.159160 	0.129629 	 0.014174 
0.177132 	0.227984 	0.156961 	0.125719 	 0.013588 
0.171104 	0.229637 	0.158013 	0.126793 	 0.013893 
0.179351 	0.231823 	0.159519 	0.128668 	 0.014175 
0.182859 	0.227653 	0.157260 	0.123107 	 0.013663 
0.174775 	0.231464 	0.159490 	0.124995 	 0.013839 
0.165287 	0.239320 	0.164630 	0.133308 	 0.014906 
0.177002 	0.221170 	0.153054 	0.115481 	 0.013129 
0.168252 	0.234706 	0.161584 	0.127359 	 0.013882 
0.169714 	0.231849 	0.159689 	0.126788 	 0.014087 
0.169426 	0.236649 	0.163089 	0.128623 	 0.014432 
0.184427 	0.218108 	0.151020 	0.116131 	 0.012892 
0.166490 	0.234057 	0.161556 	0.128292 	 0.014928 
0.166475 	0.236837 	0.163298 	0.126981 	 0.013694 
0.171376 	0.233981 	0.161550 	0.124107 	 0.013342 
0.156758 	0.241984 	0.166680 	0.130510 	 0.014444 
0.164283 	0.239731 	0.164985 	0.130918 	 0.015067 
0.172916 	0.234962 	0.162234 	0.127040 	 0.013973 
0.176329 	0.231680 	0.160385 	0.123622 	 0.013486 
0.158532 	0.233666 	0.161311 	0.123951 	 0.014162 
0.178140 	0.239016 	0.165442 	0.127158 	 0.013441 
0.166707 	0.237885 	0.163849 	0.130213 	 0.013538 
0.173315 	0.229983 	0.159336 	0.121500 	 0.013143 
0.164417 	0.228832 	0.158288 	0.122699 	 0.013916 
0.157726 	0.242789 	0.167784 	0.130271 	 0.014682 
0.160288 	0.247226 	0.170273 	0.133636 	 0.014203 
0.172261 	0.227399 	0.157689 	0.119620 	 0.012983 
0.188214 	0.218728 	0.152852 	0.111670 	 0.012556 
0.167600 	0.234639 	0.162512 	0.122701 	 0.013591 
0.165862 	0.242744 	0.167916 	0.128989 	 0.014029 
0.156269 	0.240901 	0.166344 	0.129988 	 0.014210 
0.156835 	0.246300 	0.170302 	0.131174 	 0.014511 
0.169780 	0.235387 	0.163205 	0.122368 	 0.013892 
0.147946 	0.249036 	0.171926 	0.133695 	 0.015156 
0.156918 	0.240347 	0.166324 	0.125546 	 0.014178 
0.166731 	0.236590 	0.164011 	0.123443 	 0.013430 
0.170703 	0.233942 	0.162632 	0.121457 	 0.013531 
0.172034 	0.232273 	0.161520 	0.120615 	 0.013553 
0.161995 	0.246346 	0.170587 	0.132261 	 0.014932 
0.172139 	0.234058 	0.162806 	0.119100 	 0.012890 
0.149018 	0.250564 	0.173538 	0.131552 	 0.015193 
0.154405 	0.249921 	0.173262 	0.130250 	 0.014406 
0.163723 	0.229091 	0.159382 	0.117185 	 0.013371 
0.170670 	0.228706 	0.158784 	0.117865 	 0.012417 
0.159132 	0.233918 	0.162834 	0.121705 	 0.014071 
0.163855 	0.241247 	0.167882 	0.125041 	 0.014084 
0.163505 	0.227130 	0.158255 	0.115484 	 0.013014 
0.157205 	0.236847 	0.164321 	0.124599 	 0.013771 
0.151439 	0.244114 	0.168824 	0.130832 	 0.014333 
0.153793 	0.244613 	0.169731 	0.129097 	 0.014517 
0.155587 	0.238725 	0.165852 	0.126403 	 0.014345 
0.154159 	0.235630 	0.163998 	0.121571 	 0.013867 
0.158284 	0.240621 	0.166976 	0.128236 	 0.014224 
0.162124 	0.239164 	0.166625 	0.121381 	 0.013306 
0.155473 	0.241978 	0.168123 	0.126153 	 0.014370 
0.147626 	0.245932 	0.170774 	0.128858 	 0.014752 
0.164686 	0.228106 	0.159373 	0.116327 	 0.013619 
0.138366 	0.259660 	0.179452 	0.138225 	 0.015457 
0.155630 	0.243760 	0.169585 	0.125394 	 0.014355 
0.139068 	0.261549 	0.181255 	0.139220 	 0.015231 
0.151135 	0.241881 	0.168514 	0.122916 	 0.014111 
0.152890 	0.241919 	0.168403 	0.127067 	 0.014569 
0.159117 	0.240906 	0.168156 	0.121913 	 0.014172 
0.148940 	0.248285 	0.172988 	0.127144 	 0.014356 
0.167340 	0.229125 	0.160399 	0.116125 	 0.013401 
0.160831 	0.239796 	0.167450 	0.123370 	 0.014185 
0.158893 	0.233642 	0.163497 	0.116899 	 0.013497 
0.159187 	0.231835 	0.162491 	0.114827 	 0.013531 
0.154241 	0.248899 	0.173515 	0.126285 	 0.013835 
0.152946 	0.247546 	0.172181 	0.130526 	 0.014445 
0.152663 	0.248875 	0.173989 	0.125248 	 0.014026 
0.150770 	0.248047 	0.173183 	0.126368 	 0.014751 
0.137546 	0.259274 	0.180445 	0.131216 	 0.014801 
0.137380 	0.260487 	0.180680 	0.136789 	 0.015314 
0.150975 	0.249459 	0.174065 	0.128287 	 0.015045 
0.157239 	0.234170 	0.164286 	0.116433 	 0.013781 
0.150190 	0.237633 	0.166229 	0.119894 	 0.014317 
0.153771 	0.244648 	0.170919 	0.123574 	 0.013988 
0.143438 	0.257356 	0.179660 	0.131008 	 0.015300 
0.144609 	0.250160 	0.174596 	0.127741 	 0.015028 
0.152009 	0.249289 	0.174859 	0.123955 	 0.015364 
0.136830 	0.253754 	0.177114 	0.127482 	 0.014953 
0.135364 	0.254622 	0.177924 	0.128006 	 0.015579 
0.163390 	0.232867 	0.164051 	0.111203 	 0.012651 
0.137040 	0.263078 	0.183058 	0.135459 	 0.015007 
0.132798 	0.259868 	0.181014 	0.134761 	 0.015621 
0.137764 	0.256717 	0.179359 	0.128606 	 0.015068 
0.152378 	0.244700 	0.172069 	0.119217 	 0.013943 
0.123833 	0.257766 	0.180307 	0.128502 	 0.016044 
0.140821 	0.253708 	0.177691 	0.122918 	 0.014166 
0.142125 	0.253742 	0.178020 	0.125053 	 0.015343 
0.134032 	0.257503 	0.180264 	0.128806 	 0.015282 
0.141272 	0.259426 	0.181675 	0.128370 	 0.014992 
0.133681 	0.250440 	0.175915 	0.123352 	 0.015551 
0.150018 	0.255154 	0.179100 	0.126565 	 0.014928 
0.137690 	0.257010 	0.180151 	0.128466 	 0.016028 
0.148711 	0.244393 	0.172061 	0.119986 	 0.014491 
0.150524 	0.242111 	0.170400 	0.117937 	 0.014177 
0.145821 	0.246485 	0.173602 	0.118562 	 0.014457 
0.131495 	0.266013 	0.185910 	0.134275 	 0.015587 
0.131092 	0.266101 	0.186409 	0.131250 	 0.015299 
0.134911 	0.262522 	0.183828 	0.130908 	 0.015868 
0.136485 	0.268756 	0.187877 	0.136508 	 0.015786 
0.146174 	0.254844 	0.179259 	0.125351 	 0.015064 
0.135617 	0.257988 	0.181517 	0.124341 	 0.014844 
0.128807 	0.261284 	0.183474 	0.129079 	 0.015705 
0.136642 	0.262042 	0.183927 	0.130477 	 0.015679 
0.125697 	0.268015 	0.188339 	0.134256 	 0.016734 
0.139981 	0.259348 	0.182373 	0.128661 	 0.015793 
0.126003 	0.269182 	0.188456 	0.135888 	 0.016612 
0.143257 	0.252827 	0.178158 	0.121765 	 0.015029 
0.141253 	0.262776 	0.184305 	0.132816 	 0.015413 
0.136023 	0.269414 	0.188878 	0.136219 	 0.016229 
0.135677 	0.262959 	0.184987 	0.127696 	 0.015637 
0.121876 	0.273534 	0.191814 	0.137701 	 0.016713 
0.144396 	0.251016 	0.177730 	0.119664 	 0.015096 
0.148630 	0.250925 	0.177607 	0.117006 	 0.014589 
0.139354 	0.258313 	0.182153 	0.126121 	 0.015471 
0.128645 	0.270827 	0.190137 	0.135873 	 0.016169 
0.128734 	0.277201 	0.194418 	0.138704 	 0.016630 
0.133313 	0.261568 	0.184700 	0.126886 	 0.016029 
0.107652 	0.285636 	0.199755 	0.146184 	 0.017670 
0.145033 	0.259777 	0.183090 	0.125962 	 0.014222 
0.142085 	0.254085 	0.179786 	0.120189 	 0.014350 
0.154014 	0.233892 	0.166964 	0.105560 	 0.013919 
0.132207 	0.262051 	0.185088 	0.126369 	 0.015515 
0.124104 	0.272449 	0.192014 	0.130798 	 0.015811 
0.135212 	0.269406 	0.189710 	0.131618 	 0.014945 
0.129987 	0.263892 	0.186529 	0.124943 	 0.015557 
0.141066 	0.265945 	0.187856 	0.128514 	 0.015595 
0.122231 	0.269674 	0.190638 	0.128633 	 0.015852 
0.130656 	0.265581 	0.187795 	0.126716 	 0.016031 
0.125625 	0.269105 	0.190126 	0.131267 	 0.016692 
0.128310 	0.266175 	0.188793 	0.125439 	 0.015782 
0.134806 	0.267444 	0.189235 	0.127963 	 0.016049 
0.127647 	0.272939 	0.192697 	0.130536 	 0.015987 
0.142187 	0.257958 	0.182890 	0.122777 	 0.015134 
0.132936 	0.267278 	0.189255 	0.125488 	 0.015497 
0.130882 	0.260718 	0.185033 	0.120002 	 0.014967 
0.126889 	0.272598 	0.192664 	0.130799 	 0.016310 
0.119166 	0.272907 	0.192726 	0.130676 	 0.016395 
0.131065 	0.261698 	0.185702 	0.121573 	 0.015054 
0.128683 	0.262743 	0.186635 	0.123294 	 0.015836 
0.115070 	0.278511 	0.196992 	0.133844 	 0.017254 
0.128289 	0.274210 	0.194437 	0.127675 	 0.016003 
0.129404 	0.271593 	0.192239 	0.128217 	 0.015650 
0.132014 	0.257263 	0.182724 	0.118922 	 0.014889 
0.128802 	0.275270 	0.194611 	0.133626 	 0.016209 
0.145947 	0.253469 	0.180548 	0.115912 	 0.014460 
0.123095 	0.276300 	0.195357 	0.135278 	 0.017147 
0.125096 	0.271846 	0.192442 	0.128187 	 0.015863 
0.112693 	0.287029 	0.202727 	0.136841 	 0.016894 
0.131542 	0.277545 	0.196638 	0.133454 	 0.016869 
0.133385 	0.261636 	0.186226 	0.120903 	 0.015773 
0.122098 	0.275604 	0.195119 	0.132325 	 0.016426 
0.138861 	0.266352 	0.189533 	0.123140 	 0.015435 
0.121156 	0.275156 	0.195167 	0.128878 	 0.016297 
0.123673 	0.273151 	0.193835 	0.128994 	 0.016159 
0.139819 	0.256422 	0.182983 	0.117790 	 0.015063 
0.120468 	0.274566 	0.194941 	0.130654 	 0.016695 
0.130049 	0.264524 	0.188369 	0.121822 	 0.015609 
0.120930 	0.272153 	0.193376 	0.128431 	 0.016331 
0.128432 	0.267431 	0.190757 	0.122334 	 0.016131 
0.121589 	0.272894 	0.194001 	0.128051 	 0.016254 
0.128112 	0.266333 	0.190215 	0.121325 	 0.016093 
0.136088 	0.254698 	0.181994 	0.115096 	 0.014945 
0.139609 	0.258346 	0.184496 	0.119662 	 0.015264 
0.129118 	0.280210 	0.199269 	0.131367 	 0.016617 
0.130467 	0.261599 	0.187310 	0.117101 	 0.015680 
0.114063 	0.280741 	0.199188 	0.134018 	 0.017199 
0.126067 	0.266500 	0.190245 	0.122824 	 0.015977 
0.118373 	0.277332 	0.197107 	0.132917 	 0.017051 
0.120826 	0.272136 	0.193314 	0.129997 	 0.016515 
0.122313 	0.276940 	0.197731 	0.126518 	 0.016994 
0.117543 	0.285481 	0.203169 	0.132561 	 0.017149 
0.122012 	0.276667 	0.197055 	0.127352 	 0.016339 
0.129785 	0.272341 	0.194131 	0.126074 	 0.015832 
0.111873 	0.286318 	0.203725 	0.134765 	 0.017780 
0.104259 	0.286844 	0.203503 	0.135898 	 0.017576 
0.127159 	0.268115 	0.191513 	0.122949 	 0.016033 
0.113398 	0.284206 	0.202355 	0.131627 	 0.016854 
0.123601 	0.277772 	0.198255 	0.127584 	 0.015798 
0.120066 	0.287210 	0.204397 	0.135368 	 0.016899 
0.119578 	0.281461 	0.201068 	0.129360 	 0.017000 
0.117294 	0.274739 	0.195957 	0.127027 	 0.016252 
0.124706 	0.276422 	0.197500 	0.126358 	 0.016279 
0.114562 	0.282447 	0.201387 	0.133309 	 0.017510 
0.128043 	0.269365 	0.193119 	0.121971 	 0.016312 
0.106218 	0.277987 	0.198852 	0.126738 	 0.017432 
0.118224 	0.279876 	0.199862 	0.129803 	 0.017249 
0.113870 	0.270143 	0.193717 	0.121702 	 0.016904 
0.109719 	0.276136 	0.197010 	0.127988 	 0.016549 
0.113273 	0.264616 	0.190245 	0.115275 	 0.016101 
0.119775 	0.271799 	0.194231 	0.126472 	 0.016187 
0.129760 	0.258326 	0.186145 	0.114970 	 0.016002 
0.112102 	0.262413 	0.187997 	0.118654 	 0.015888 
0.122674 	0.270329 	0.193611 	0.120124 	 0.015742 
0.127522 	0.257721 	0.185144 	0.116825 	 0.015191 
0.114201 	0.274973 	0.197206 	0.125520 	 0.017424 
0.130263 	0.262489 	0.188924 	0.116093 	 0.015349 
0.115176 	0.277533 	0.199172 	0.125780 	 0.017020 
0.125647 	0.263632 	0.189695 	0.117764 	 0.016007 
0.125626 	0.265279 	0.190917 	0.117243 	 0.015690 
0.109090 	0.277204 	0.199063 	0.123107 	 0.017025 
0.115321 	0.269579 	0.193434 	0.122654 	 0.016479 
0.133102 	0.257057 	0.185835 	0.111068 	 0.015785 
0.122627 	0.265551 	0.191112 	0.117680 	 0.015670 
0.128971 	0.269236 	0.194118 	0.119549 	 0.016066 
0.124695 	0.252942 	0.183672 	0.104964 	 0.015850 
0.135646 	0.259658 	0.187465 	0.113480 	 0.015162 
0.115311 	0.280294 	0.200760 	0.130792 	 0.017039 
0.110287 	0.291303 	0.208511 	0.135181 	 0.017681 
0.118257 	0.274994 	0.197696 	0.124970 	 0.016907 
0.130788 	0.270775 	0.195091 	0.121288 	 0.016238 
0.119438 	0.278617 	0.199829 	0.127992 	 0.016892 
0.115669 	0.273954 	0.197271 	0.122695 	 0.017067 
0.109913 	0.274567 	0.197998 	0.122146 	 0.017777 
0.110996 	0.284984 	0.204083 	0.131218 	 0.017971 
0.111706 	0.274595 	0.197896 	0.119217 	 0.016702 
0.118497 	0.269151 	0.195122 	0.114775 	 0.016488 
0.439227 	0.000486 	0.001905 	-0.002634 	 0.000051 
0.439918 	0.006839 	0.005585 	0.004961 	 0.001346 
0.451524 	0.010144 	0.007558 	0.012573 	 0.001112 
0.448883 	0.009839 	0.007251 	0.013569 	 0.001706 
0.440865 	0.028126 	0.018829 	0.028294 	 0.002149 
0.446808 	0.022673 	0.015850 	0.021987 	 0.002053 
0.425504 	0.037785 	0.025410 	0.033019 	 0.003162 
0.438654 	0.024170 	0.016494 	0.025898 	 0.002534 
0.432880 	0.034561 	0.023531 	0.029891 	 0.003120 
0.429124 	0.025894 	0.017146 	0.028939 	 0.003058 
0.421088 	0.033348 	0.022642 	0.029726 	 0.004096 
0.424534 	0.034494 	0.022586 	0.034746 	 0.003558 
0.439160 	0.028998 	0.019852 	0.025992 	 0.001978 
0.449925 	0.009653 	0.006796 	0.016214 	 0.002294 
0.432783 	0.037573 	0.025498 	0.031356 	 0.002865 
0.415649 	0.048527 	0.031771 	0.044006 	 0.004150 
0.407168 	0.050073 	0.033332 	0.042098 	 0.004355 
0.421642 	0.034424 	0.023139 	0.031105 	 0.003413 
0.401532 	0.050567 	0.033202 	0.044311 	 0.004685 
0.411233 	0.043213 	0.029092 	0.037467 	 0.004897 
0.397640 	0.056131 	0.036561 	0.049158 	 0.005078 
0.394741 	0.056169 	0.036798 	0.050959 	 0.005595 
0.408191 	0.051553 	0.034292 	0.043095 	 0.005371 
0.393779 	0.053789 	0.035073 	0.046142 	 0.005440 
0.386587 	0.058358 	0.038242 	0.051510 	 0.006177 
0.395768 	0.057262 	0.038099 	0.047046 	 0.005679 
0.398184 	0.054651 	0.036053 	0.047012 	 0.005461 
0.388962 	0.047997 	0.031801 	0.043222 	 0.005603 
0.399700 	0.050529 	0.033759 	0.042106 	 0.005252 
0.378227 	0.071553 	0.046823 	0.060063 	 0.007429 
0.393725 	0.054641 	0.036051 	0.048658 	 0.006017 
0.386380 	0.060434 	0.039202 	0.054730 	 0.005963 
0.384305 	0.060816 	0.040406 	0.049715 	 0.007024 
0.396985 	0.053782 	0.035648 	0.045458 	 0.005367 
0.380186 	0.062745 	0.041442 	0.052333 	 0.007052 
0.380797 	0.062669 	0.041486 	0.050827 	 0.006152 
0.384987 	0.057630 	0.037998 	0.049489 	 0.006372 
0.385701 	0.055226 	0.036161 	0.050350 	 0.006303 
0.388747 	0.051386 	0.033874 	0.047382 	 0.006282 
0.370801 	0.065749 	0.043350 	0.055518 	 0.007361 
0.365593 	0.076458 	0.050505 	0.061906 	 0.007763 
0.366360 	0.072080 	0.047011 	0.061481 	 0.007046 
0.378435 	0.061114 	0.040031 	0.051109 	 0.005915 
0.372835 	0.072585 	0.048034 	0.057801 	 0.006883 
0.371154 	0.061109 	0.040408 	0.050590 	 0.006782 
0.377212 	0.062671 	0.041718 	0.052889 	 0.007259 
0.362222 	0.071085 	0.046219 	0.060803 	 0.006992 
0.375172 	0.062766 	0.041580 	0.054063 	 0.007165 
0.370426 	0.064225 	0.042496 	0.053329 	 0.007148 
0.357959 	0.072511 	0.047556 	0.061221 	 0.008064 
0.373891 	0.067198 	0.044416 	0.056436 	 0.006676 
0.369370 	0.060442 	0.040137 	0.048360 	 0.006494 
0.373899 	0.067435 	0.044430 	0.056517 	 0.006977 
0.376428 	0.062842 	0.041386 	0.053854 	 0.006529 
0.356587 	0.079525 	0.052381 	0.065845 	 0.008946 
0.363581 	0.072069 	0.047573 	0.060887 	 0.008005 
0.361200 	0.067063 	0.044054 	0.058811 	 0.007106 
0.348198 	0.084332 	0.055129 	0.069463 	 0.007971 
0.356194 	0.075691 	0.049540 	0.063884 	 0.007966 
0.353077 	0.078709 	0.052608 	0.061658 	 0.008561 
0.360847 	0.066661 	0.044088 	0.056334 	 0.007751 
0.362536 	0.061414 	0.041059 	0.049158 	 0.007448 
0.350990 	0.069151 	0.045991 	0.055873 	 0.008083 
0.345279 	0.073359 	0.048579 	0.059862 	 0.008739 
0.364979 	0.064356 	0.042511 	0.053978 	 0.006959 
0.349259 	0.075950 	0.049945 	0.062950 	 0.008088 
0.348501 	0.075571 	0.049880 	0.061137 	 0.008061 
0.358431 	0.073911 	0.049148 	0.060590 	 0.008700 
0.342913 	0.080607 	0.052843 	0.066757 	 0.008751 
0.336162 	0.083112 	0.054389 	0.069159 	 0.009516 
0.335268 	0.078240 	0.051270 	0.064337 	 0.008539 
0.337849 	0.087018 	0.057585 	0.068364 	 0.009185 
0.339514 	0.079395 	0.052570 	0.064666 	 0.008895 
0.342247 	0.082964 	0.054888 	0.068059 	 0.009477 
0.333253 	0.078394 	0.051726 	0.063582 	 0.008933 
0.346296 	0.067732 	0.044924 	0.056821 	 0.007830 
0.333714 	0.093157 	0.061739 	0.072168 	 0.009570 
0.333380 	0.091744 	0.060642 	0.070426 	 0.008452 
0.333511 	0.089943 	0.059231 	0.072228 	 0.009481 
0.346507 	0.076303 	0.050944 	0.060891 	 0.008247 
0.325455 	0.092447 	0.060648 	0.073843 	 0.009229 
0.330864 	0.086603 	0.057402 	0.066875 	 0.009207 
0.325256 	0.088542 	0.057949 	0.072470 	 0.009488 
0.339886 	0.082921 	0.055033 	0.063849 	 0.008213 
0.323765 	0.097671 	0.064287 	0.076858 	 0.009812 
0.324823 	0.090504 	0.059853 	0.070582 	 0.009420 
0.332635 	0.085600 	0.056937 	0.065560 	 0.009018 
0.336143 	0.074803 	0.049486 	0.059443 	 0.008249 
0.320599 	0.090299 	0.059895 	0.067655 	 0.009146 
0.326114 	0.091646 	0.060882 	0.069529 	 0.009439 
0.333878 	0.086203 	0.056861 	0.070164 	 0.009282 
0.319908 	0.095222 	0.062771 	0.072551 	 0.009494 
0.317209 	0.095721 	0.063132 	0.073178 	 0.009842 
0.325455 	0.086087 	0.057301 	0.066567 	 0.009244 
0.324296 	0.088458 	0.058549 	0.069223 	 0.009279 
0.315428 	0.099245 	0.065836 	0.074761 	 0.009774 
0.329832 	0.086536 	0.057935 	0.067258 	 0.009583 
0.315585 	0.090634 	0.059929 	0.070744 	 0.009950 
0.328647 	0.085502 	0.056970 	0.065559 	 0.008989 
0.326910 	0.092088 	0.061312 	0.069624 	 0.009070 
0.315586 	0.094919 	0.063103 	0.073088 	 0.009746 
0.319927 	0.093593 	0.062014 	0.071447 	 0.009168 
0.320547 	0.089340 	0.059619 	0.066015 	 0.009226 
0.318019 	0.083529 	0.055719 	0.063783 	 0.009302 
0.325992 	0.084249 	0.056194 	0.065156 	 0.008866 
0.304749 	0.097908 	0.064913 	0.075391 	 0.010344 
0.307999 	0.105880 	0.070734 	0.077787 	 0.010767 
0.303633 	0.105789 	0.069971 	0.080057 	 0.010616 
0.315102 	0.097800 	0.064654 	0.075567 	 0.009938 
0.310359 	0.090383 	0.059468 	0.070532 	 0.009368 
0.320953 	0.089907 	0.059744 	0.068159 	 0.009003 
0.289865 	0.106859 	0.070885 	0.079860 	 0.010882 
0.309326 	0.093180 	0.062514 	0.068152 	 0.010105 
0.307122 	0.103600 	0.068805 	0.075855 	 0.010244 
0.297398 	0.111033 	0.073627 	0.083245 	 0.011440 
0.313192 	0.100794 	0.067282 	0.076565 	 0.009949 
0.309696 	0.100064 	0.066813 	0.074247 	 0.010707 
0.317447 	0.094692 	0.063429 	0.069672 	 0.009857 
0.310237 	0.094584 	0.063626 	0.068653 	 0.010319 
0.310230 	0.097827 	0.065029 	0.074301 	 0.010553 
0.302487 	0.098366 	0.065650 	0.073225 	 0.010624 
0.300570 	0.098294 	0.065267 	0.074266 	 0.010496 
0.287878 	0.115910 	0.076721 	0.087608 	 0.011889 
0.307169 	0.104998 	0.069817 	0.077740 	 0.010217 
0.306744 	0.103894 	0.069583 	0.075297 	 0.010379 
0.281359 	0.116945 	0.077393 	0.086736 	 0.011869 
0.290960 	0.115838 	0.076886 	0.088020 	 0.012033 
0.292870 	0.107065 	0.070991 	0.080751 	 0.011190 
0.290428 	0.105057 	0.070074 	0.076597 	 0.010653 
0.289040 	0.118495 	0.078887 	0.085006 	 0.011393 
0.299187 	0.100654 	0.066949 	0.076527 	 0.010255 
0.287344 	0.113565 	0.075723 	0.082002 	 0.011263 
0.282501 	0.112263 	0.074768 	0.082334 	 0.011488 
0.300307 	0.098426 	0.065796 	0.073707 	 0.010897 
0.286557 	0.118111 	0.078458 	0.086884 	 0.012231 
0.285013 	0.111600 	0.074295 	0.081339 	 0.011320 
0.281996 	0.115609 	0.076674 	0.087403 	 0.012429 
0.288508 	0.105847 	0.070709 	0.078339 	 0.011653 
0.292655 	0.106503 	0.071215 	0.076790 	 0.010479 
0.283349 	0.109681 	0.073236 	0.078447 	 0.010996 
0.293783 	0.107578 	0.072010 	0.077539 	 0.011015 
0.301850 	0.100179 	0.067281 	0.072691 	 0.010305 
0.269001 	0.122470 	0.081573 	0.089237 	 0.012862 
0.281292 	0.106075 	0.070904 	0.076944 	 0.011212 
0.264170 	0.125895 	0.083950 	0.089751 	 0.013188 
0.271221 	0.121584 	0.081248 	0.085371 	 0.012677 
0.267595 	0.122280 	0.081521 	0.086333 	 0.011927 
0.287721 	0.114235 	0.076619 	0.081624 	 0.011636 
0.293372 	0.104135 	0.070153 	0.072908 	 0.010383 
0.283486 	0.108140 	0.072663 	0.077741 	 0.011944 
0.281113 	0.108297 	0.072402 	0.078089 	 0.011854 
0.284123 	0.109265 	0.073127 	0.077990 	 0.011654 
0.275963 	0.124564 	0.083266 	0.089837 	 0.012764 
0.287718 	0.116868 	0.078681 	0.080483 	 0.011800 
0.269610 	0.118025 	0.078818 	0.084340 	 0.012540 
0.280023 	0.116197 	0.077472 	0.085776 	 0.011670 
0.277790 	0.112342 	0.075042 	0.081059 	 0.011434 
0.279752 	0.112144 	0.075170 	0.080705 	 0.011729 
0.283111 	0.112869 	0.076225 	0.078076 	 0.012000 
0.271715 	0.120546 	0.080518 	0.087732 	 0.012066 
0.282580 	0.113691 	0.076852 	0.077918 	 0.011575 
0.284329 	0.105064 	0.070850 	0.073759 	 0.011022 
0.278523 	0.108628 	0.072849 	0.078236 	 0.011608 
0.279965 	0.111638 	0.074899 	0.080690 	 0.012017 
0.284367 	0.103034 	0.069379 	0.071568 	 0.010868 
0.279459 	0.104450 	0.069887 	0.077674 	 0.011438 
0.265520 	0.120244 	0.080702 	0.084638 	 0.012314 
0.279995 	0.109796 	0.074038 	0.075356 	 0.011636 
0.287074 	0.102020 	0.068970 	0.069495 	 0.010559 
0.279585 	0.112325 	0.075899 	0.074995 	 0.011044 
0.284436 	0.108215 	0.073118 	0.074257 	 0.011136 
0.287467 	0.105074 	0.070703 	0.073821 	 0.011084 
0.279447 	0.114129 	0.076892 	0.078914 	 0.011573 
0.278508 	0.111054 	0.074904 	0.077407 	 0.011593 
0.273547 	0.108053 	0.073151 	0.073685 	 0.011870 
0.265423 	0.116885 	0.078716 	0.079501 	 0.012100 
0.267565 	0.121357 	0.081587 	0.082737 	 0.011796 
0.263605 	0.129301 	0.086662 	0.088567 	 0.012380 
0.282020 	0.112173 	0.075846 	0.077565 	 0.011374 
0.259988 	0.131435 	0.088073 	0.091474 	 0.013032 
0.270516 	0.107945 	0.073099 	0.072790 	 0.011345 
0.267546 	0.125841 	0.084709 	0.087689 	 0.012576 
0.273592 	0.119790 	0.080446 	0.083374 	 0.011544 
0.264810 	0.121435 	0.081688 	0.082853 	 0.011771 
0.267829 	0.115721 	0.078203 	0.078008 	 0.011504 
0.271535 	0.120362 	0.081690 	0.079585 	 0.011714 
0.267725 	0.119481 	0.081003 	0.080101 	 0.012012 
0.270352 	0.115383 	0.078351 	0.076084 	 0.011837 
0.253051 	0.135658 	0.091224 	0.093245 	 0.013140 
0.272620 	0.112313 	0.075574 	0.078797 	 0.011041 
0.247657 	0.138243 	0.092995 	0.092834 	 0.012816 
0.264716 	0.122654 	0.082675 	0.083494 	 0.011834 
0.259320 	0.128522 	0.086820 	0.085780 	 0.012086 
0.250965 	0.134032 	0.090359 	0.092287 	 0.013366 
0.263015 	0.125669 	0.085002 	0.084442 	 0.012086 
0.258215 	0.120386 	0.081134 	0.083166 	 0.012471 
0.253901 	0.120392 	0.081525 	0.081277 	 0.012594 
0.257690 	0.118775 	0.080501 	0.079565 	 0.012119 
0.252033 	0.125955 	0.085035 	0.084385 	 0.012484 
0.256423 	0.122356 	0.082841 	0.081340 	 0.011929 
0.255117 	0.126846 	0.085675 	0.089172 	 0.013280 
0.259120 	0.123147 	0.083829 	0.080675 	 0.011669 
0.249516 	0.129209 	0.087515 	0.086099 	 0.012961 
0.243999 	0.135949 	0.091156 	0.095281 	 0.013263 
0.249368 	0.135049 	0.091791 	0.085071 	 0.012485 
0.250387 	0.128455 	0.086871 	0.084041 	 0.012232 
0.240449 	0.133399 	0.090354 	0.087655 	 0.013708 
0.243315 	0.132940 	0.089629 	0.089113 	 0.012867 
0.227236 	0.145268 	0.097755 	0.097347 	 0.013867 
0.240031 	0.131586 	0.089101 	0.085444 	 0.012742 
0.237695 	0.138979 	0.094451 	0.090256 	 0.013816 
0.239235 	0.139715 	0.094497 	0.092122 	 0.013129 
0.242564 	0.131912 	0.089293 	0.088517 	 0.013115 
0.234510 	0.143403 	0.096764 	0.097770 	 0.014213 
0.244259 	0.126512 	0.085984 	0.082045 	 0.012801 
0.245439 	0.128887 	0.087609 	0.083853 	 0.013176 
0.233882 	0.134554 	0.091163 	0.087645 	 0.013208 
0.227805 	0.134000 	0.090571 	0.086811 	 0.012989 
0.242926 	0.125271 	0.085831 	0.078853 	 0.012587 
0.242579 	0.138481 	0.094034 	0.088177 	 0.012802 
0.235826 	0.133510 	0.091188 	0.084898 	 0.013220 
0.229952 	0.131478 	0.089212 	0.086527 	 0.013339 
0.232737 	0.141181 	0.095500 	0.092097 	 0.013045 
0.237493 	0.135085 	0.092245 	0.085959 	 0.013053 
0.219080 	0.145497 	0.098624 	0.094908 	 0.014257 
0.233687 	0.127570 	0.086944 	0.081589 	 0.012942 
0.211943 	0.147843 	0.100411 	0.093327 	 0.014405 
0.216742 	0.144449 	0.097846 	0.092757 	 0.013859 
0.220354 	0.148348 	0.100715 	0.094583 	 0.013774 
0.226635 	0.139217 	0.094809 	0.087329 	 0.013248 
0.219067 	0.144288 	0.097955 	0.092393 	 0.013451 
0.216414 	0.150592 	0.102418 	0.097574 	 0.014418 
0.216991 	0.153835 	0.104547 	0.100965 	 0.014890 
0.215522 	0.155858 	0.105477 	0.102722 	 0.014573 
0.210131 	0.151682 	0.102709 	0.098219 	 0.014654 
0.209295 	0.146241 	0.099518 	0.092591 	 0.014823 
0.217627 	0.142637 	0.096389 	0.095225 	 0.013755 
0.209294 	0.147806 	0.100423 	0.094159 	 0.014449 
0.208510 	0.148904 	0.101224 	0.095362 	 0.014723 
0.215832 	0.146992 	0.100071 	0.092949 	 0.014255 
0.210529 	0.149780 	0.101941 	0.093556 	 0.014106 
0.215737 	0.144698 	0.099021 	0.089960 	 0.014218 
0.190940 	0.157426 	0.107113 	0.097576 	 0.015355 
0.193982 	0.154460 	0.104902 	0.097388 	 0.015157 
0.197950 	0.161553 	0.109278 	0.104168 	 0.015693 
0.214514 	0.140994 	0.096430 	0.087394 	 0.013760 
0.212078 	0.149009 	0.101686 	0.091735 	 0.013765 
0.188817 	0.165790 	0.111737 	0.108192 	 0.015076 
0.193464 	0.158819 	0.108289 	0.098670 	 0.015597 
0.196442 	0.158722 	0.107886 	0.099017 	 0.014131 
0.192539 	0.162246 	0.109871 	0.102512 	 0.015026 
0.215206 	0.146530 	0.100365 	0.093021 	 0.014712 
0.198702 	0.155281 	0.106025 	0.094797 	 0.014670 
0.202308 	0.146475 	0.100271 	0.089626 	 0.013928 
0.201691 	0.155597 	0.106212 	0.096055 	 0.014902 
0.188689 	0.163274 	0.110679 	0.102334 	 0.014867 
0.191684 	0.163721 	0.111833 	0.100699 	 0.015117 
0.188165 	0.152895 	0.104280 	0.095555 	 0.015213 
0.194434 	0.161905 	0.110846 	0.098431 	 0.014986 
0.209484 	0.149871 	0.103056 	0.089173 	 0.013770 
0.182404 	0.175002 	0.118595 	0.109485 	 0.016017 
0.183722 	0.163728 	0.111881 	0.098689 	 0.015718 
0.182494 	0.164849 	0.111765 	0.105060 	 0.015723 
0.178007 	0.173234 	0.118362 	0.105750 	 0.016505 
0.184669 	0.166983 	0.113434 	0.105210 	 0.015643 
0.182644 	0.159435 	0.108742 	0.098767 	 0.015416 
0.184706 	0.167598 	0.114091 	0.103580 	 0.015469 
0.186487 	0.162665 	0.110398 	0.101348 	 0.014629 
0.176543 	0.170622 	0.116095 	0.105687 	 0.016519 
0.181346 	0.163180 	0.111266 	0.097481 	 0.014894 
0.186106 	0.158606 	0.108327 	0.094149 	 0.014694 
0.188695 	0.166110 	0.113320 	0.101905 	 0.015265 
0.190118 	0.154344 	0.105549 	0.092748 	 0.015003 
0.197598 	0.149861 	0.102817 	0.090040 	 0.013954 
0.169406 	0.168447 	0.114775 	0.103215 	 0.015878 
0.184706 	0.156254 	0.107421 	0.094056 	 0.015457 
0.173614 	0.171749 	0.116657 	0.107804 	 0.015990 
0.178481 	0.174332 	0.118918 	0.107084 	 0.016287 
0.185861 	0.157665 	0.107914 	0.095371 	 0.015085 
0.189437 	0.167431 	0.114691 	0.100131 	 0.015221 
0.179376 	0.168354 	0.115264 	0.101947 	 0.015845 
0.179447 	0.165427 	0.112741 	0.101149 	 0.014800 
0.184835 	0.167514 	0.114573 	0.101185 	 0.015452 
0.169325 	0.174856 	0.119450 	0.104626 	 0.016200 
0.169262 	0.185753 	0.126265 	0.114890 	 0.016588 
0.179272 	0.161421 	0.110657 	0.097751 	 0.015374 
0.187372 	0.159569 	0.109581 	0.093573 	 0.014339 
0.168062 	0.176121 	0.120365 	0.106005 	 0.016518 
0.179753 	0.165161 	0.113102 	0.100365 	 0.015429 
0.175897 	0.172669 	0.118237 	0.103758 	 0.016390 
0.176934 	0.161761 	0.110903 	0.095992 	 0.015526 
0.181043 	0.149642 	0.102801 	0.089781 	 0.014548 
0.155641 	0.185245 	0.126112 	0.114404 	 0.017956 
0.184482 	0.165165 	0.113719 	0.099624 	 0.015201 
0.173466 	0.167212 	0.114801 	0.098862 	 0.016005 
0.160451 	0.187606 	0.127774 	0.115694 	 0.016830 
0.178438 	0.160708 	0.110783 	0.092762 	 0.015063 
0.167522 	0.179796 	0.122651 	0.110165 	 0.016476 
0.182608 	0.170150 	0.116426 	0.103076 	 0.015528 
0.173075 	0.174975 	0.120190 	0.103087 	 0.015882 
0.185656 	0.158121 	0.109097 	0.091349 	 0.014635 
0.176984 	0.168640 	0.115992 	0.101712 	 0.016334 
0.168721 	0.176707 	0.121219 	0.104500 	 0.016216 
0.185082 	0.168132 	0.115712 	0.099760 	 0.015068 
0.170145 	0.177487 	0.121577 	0.105668 	 0.015791 
0.197249 	0.149893 	0.104204 	0.086859 	 0.014259 
0.182482 	0.169425 	0.116848 	0.099074 	 0.015328 
0.182659 	0.167073 	0.115232 	0.096434 	 0.015394 
0.164637 	0.182571 	0.125088 	0.109698 	 0.016564 
0.179766 	0.171432 	0.118216 	0.100502 	 0.015536 
0.172567 	0.161036 	0.111138 	0.093514 	 0.014897 
0.178697 	0.163159 	0.112227 	0.098397 	 0.015505 
0.169549 	0.175510 	0.120427 	0.103287 	 0.015670 
0.180794 	0.161265 	0.111625 	0.093152 	 0.014767 
0.166523 	0.184662 	0.126889 	0.106873 	 0.016085 
0.172627 	0.171419 	0.118313 	0.098395 	 0.015973 
0.165626 	0.176049 	0.121142 	0.103893 	 0.016403 
0.170891 	0.165635 	0.114147 	0.096432 	 0.014713 
0.164659 	0.174541 	0.119588 	0.101880 	 0.015333 
0.176427 	0.171265 	0.118738 	0.096707 	 0.015620 
0.177338 	0.165697 	0.114149 	0.098605 	 0.014799 
0.182512 	0.160785 	0.111281 	0.093883 	 0.014980 
0.164690 	0.167865 	0.115793 	0.098592 	 0.015440 
0.176331 	0.158603 	0.109720 	0.090785 	 0.014650 
0.176939 	0.171290 	0.118810 	0.095562 	 0.015231 
0.177083 	0.168108 	0.116881 	0.094097 	 0.015562 
0.170820 	0.161981 	0.112481 	0.092414 	 0.015391 
0.163621 	0.181844 	0.125473 	0.104035 	 0.015568 
0.163671 	0.176683 	0.122005 	0.102488 	 0.016426 
0.172141 	0.172990 	0.119973 	0.099427 	 0.015821 
0.176325 	0.169614 	0.117740 	0.097430 	 0.015674 
0.173685 	0.171909 	0.119170 	0.098561 	 0.015844 
0.157172 	0.177553 	0.122667 	0.102416 	 0.016436 
0.161686 	0.183332 	0.126455 	0.106623 	 0.016388 
0.168932 	0.173289 	0.120586 	0.096211 	 0.015898 
0.188438 	0.165425 	0.115325 	0.093501 	 0.014920 
0.173005 	0.165467 	0.114989 	0.093754 	 0.015111 
0.171905 	0.176260 	0.122359 	0.099030 	 0.015989 
0.172459 	0.169164 	0.117555 	0.094359 	 0.015698 
0.165092 	0.174027 	0.120436 	0.099298 	 0.015836 
0.176468 	0.172951 	0.119940 	0.098915 	 0.015466 
0.168036 	0.169335 	0.117944 	0.093604 	 0.015278 
0.157336 	0.180861 	0.125044 	0.103557 	 0.016256 
0.181526 	0.165747 	0.115554 	0.092854 	 0.014860 
0.174838 	0.169207 	0.117905 	0.094627 	 0.015179 
0.170231 	0.168361 	0.117226 	0.095723 	 0.015709 
0.166164 	0.165839 	0.115424 	0.094636 	 0.015679 
0.164082 	0.163509 	0.114090 	0.090181 	 0.015223 
0.163581 	0.167773 	0.116722 	0.092418 	 0.015184 
0.156336 	0.178985 	0.124570 	0.098091 	 0.016040 
0.177275 	0.161009 	0.112810 	0.087807 	 0.015275 
0.157857 	0.180374 	0.125047 	0.102531 	 0.016296 
0.157563 	0.182094 	0.126447 	0.101884 	 0.016380 
0.153845 	0.175318 	0.122131 	0.096548 	 0.015903 
0.152253 	0.180053 	0.124815 	0.103596 	 0.016539 
0.154718 	0.179786 	0.124864 	0.101380 	 0.016435 
0.151532 	0.182879 	0.126789 	0.105659 	 0.016599 
0.151882 	0.180540 	0.125848 	0.101214 	 0.016817 
0.140961 	0.178356 	0.124202 	0.098842 	 0.016962 
0.152490 	0.186979 	0.129804 	0.106212 	 0.017133 
0.144261 	0.185433 	0.129161 	0.100677 	 0.016448 
0.152426 	0.184992 	0.128433 	0.104253 	 0.016540 
0.148563 	0.181420 	0.126158 	0.103928 	 0.016369 
0.152399 	0.183498 	0.127834 	0.101637 	 0.016494 
0.146318 	0.185545 	0.128979 	0.104700 	 0.016780 
0.145696 	0.189833 	0.131730 	0.105740 	 0.016636 
0.138292 	0.192518 	0.133341 	0.109776 	 0.017333 
0.146223 	0.192197 	0.133674 	0.106955 	 0.017330 
0.176667 	0.171381 	0.120375 	0.091064 	 0.014978 
0.149339 	0.187437 	0.130457 	0.104201 	 0.016760 
0.151498 	0.187314 	0.130748 	0.103946 	 0.016839 
0.146562 	0.184634 	0.128569 	0.102638 	 0.016578 
0.141636 	0.191589 	0.133499 	0.106403 	 0.017382 
0.157884 	0.171904 	0.120673 	0.091751 	 0.015663 
0.140386 	0.187947 	0.131154 	0.102733 	 0.017359 
0.139450 	0.188160 	0.131341 	0.101869 	 0.017137 
0.140107 	0.191831 	0.133774 	0.103952 	 0.017069 
0.145063 	0.185595 	0.129346 	0.102745 	 0.016479 
0.151519 	0.179947 	0.125991 	0.098203 	 0.016265 
0.138239 	0.194030 	0.134960 	0.109138 	 0.017536 
0.142188 	0.180792 	0.126631 	0.098769 	 0.016877 
0.136120 	0.197133 	0.137835 	0.107819 	 0.017819 
0.145394 	0.182937 	0.127949 	0.099956 	 0.016611 
0.143842 	0.180365 	0.125755 	0.101839 	 0.016375 
0.128670 	0.189174 	0.131802 	0.102825 	 0.017311 
0.138725 	0.180894 	0.126691 	0.097884 	 0.017307 
0.140967 	0.184201 	0.128829 	0.098753 	 0.016828 
0.145579 	0.177806 	0.124261 	0.096331 	 0.015638 
0.148722 	0.176651 	0.124512 	0.092588 	 0.016185 
0.134544 	0.184154 	0.129219 	0.097401 	 0.016692 
0.138019 	0.177711 	0.124742 	0.097196 	 0.017022 
0.122079 	0.200819 	0.139953 	0.110153 	 0.018202 
0.143377 	0.184142 	0.129281 	0.099049 	 0.016575 
0.137702 	0.185291 	0.130280 	0.098166 	 0.017127 
0.131839 	0.199209 	0.138885 	0.109824 	 0.017108 
0.130488 	0.188884 	0.132209 	0.100990 	 0.017197 
0.129458 	0.197230 	0.137906 	0.105921 	 0.017563 
0.134947 	0.188936 	0.132558 	0.100690 	 0.016926 
0.142931 	0.178827 	0.126209 	0.091686 	 0.016444 
0.121964 	0.192604 	0.134651 	0.103585 	 0.017345 
0.131113 	0.188706 	0.132782 	0.098997 	 0.017058 
0.119238 	0.192984 	0.135169 	0.105315 	 0.017958 
0.138961 	0.176948 	0.125277 	0.090246 	 0.016679 
0.142524 	0.168838 	0.120010 	0.085144 	 0.015599 
0.134923 	0.190077 	0.133611 	0.101227 	 0.017439 
0.131530 	0.188148 	0.132674 	0.096987 	 0.017348 
0.128645 	0.190132 	0.133886 	0.101440 	 0.017524 
0.131916 	0.184679 	0.130209 	0.095816 	 0.016528 
0.129917 	0.192403 	0.135516 	0.101040 	 0.017325 
0.121047 	0.187458 	0.131980 	0.100563 	 0.017542 
0.122335 	0.195752 	0.137311 	0.104553 	 0.017894 
0.136703 	0.181860 	0.128679 	0.094560 	 0.016583 
0.131055 	0.194809 	0.137604 	0.100540 	 0.017329 
0.128617 	0.186649 	0.132069 	0.095819 	 0.017453 
0.134848 	0.188804 	0.132968 	0.099957 	 0.016787 
0.119703 	0.195206 	0.137971 	0.097468 	 0.017701 
0.120370 	0.196244 	0.137854 	0.104759 	 0.018080 
0.116936 	0.201435 	0.141900 	0.105809 	 0.018346 
0.129074 	0.176485 	0.125524 	0.087419 	 0.016470 
0.116017 	0.195565 	0.137940 	0.101555 	 0.018014 
0.122240 	0.191949 	0.135336 	0.100669 	 0.017192 
0.114387 	0.193342 	0.136599 	0.098540 	 0.017859 
0.110679 	0.202455 	0.142090 	0.107848 	 0.018653 
0.120333 	0.188428 	0.132913 	0.096314 	 0.017206 
0.125719 	0.187319 	0.132685 	0.096497 	 0.017559 
0.113893 	0.195099 	0.137870 	0.098719 	 0.017487 
0.109903 	0.192099 	0.135562 	0.100024 	 0.018048 
0.118405 	0.190612 	0.134594 	0.098104 	 0.017214 
0.111768 	0.204557 	0.144036 	0.105933 	 0.018489 
0.117887 	0.190911 	0.134943 	0.096556 	 0.016859 
0.109572 	0.195731 	0.137864 	0.101961 	 0.017891 
0.124137 	0.191649 	0.135565 	0.097147 	 0.017127 
0.115011 	0.193876 	0.136568 	0.099486 	 0.017191 
0.112213 	0.190188 	0.134425 	0.095636 	 0.017304 
0.115512 	0.193443 	0.136483 	0.101177 	 0.017771 
0.117301 	0.199209 	0.139997 	0.107217 	 0.017666 
0.122290 	0.183599 	0.130746 	0.092325 	 0.017023 
0.116091 	0.196186 	0.138464 	0.099303 	 0.017523 
0.126101 	0.179163 	0.127317 	0.092487 	 0.017517 
0.124055 	0.201142 	0.142480 	0.102838 	 0.017131 
0.108582 	0.206350 	0.145119 	0.108048 	 0.017750 
0.097739 	0.205710 	0.144571 	0.107983 	 0.018779 
0.108750 	0.193313 	0.137230 	0.098487 	 0.018136 
0.127180 	0.184264 	0.131884 	0.089358 	 0.016434 
0.104015 	0.199541 	0.141104 	0.103822 	 0.018106 
0.113852 	0.193916 	0.137991 	0.097710 	 0.018114 
0.101289 	0.200248 	0.141471 	0.103381 	 0.018326 
0.101744 	0.204722 	0.144583 	0.106864 	 0.018633 
0.119464 	0.195189 	0.139076 	0.096772 	 0.017569 
0.098807 	0.195944 	0.138901 	0.100057 	 0.018348 
0.102063 	0.198605 	0.140870 	0.099832 	 0.018013 
0.100907 	0.200125 	0.141579 	0.101789 	 0.017927 
0.106416 	0.198514 	0.140924 	0.099945 	 0.017976 
0.102539 	0.197234 	0.140332 	0.098643 	 0.018068 
0.099445 	0.199382 	0.141353 	0.100790 	 0.017972 
0.106671 	0.205759 	0.145651 	0.105145 	 0.018836 
0.102846 	0.212049 	0.149630 	0.111974 	 0.019267 
0.100108 	0.210673 	0.149321 	0.105166 	 0.018878 
0.109854 	0.198424 	0.141163 	0.098932 	 0.017609 
0.093135 	0.211012 	0.149257 	0.108145 	 0.018852 
0.111071 	0.194899 	0.139146 	0.095708 	 0.017576 
0.079120 	0.212282 	0.150028 	0.111993 	 0.020665 
0.095082 	0.211053 	0.149319 	0.107486 	 0.018979 
0.094486 	0.201305 	0.142985 	0.100685 	 0.018420 
0.114756 	0.187746 	0.134272 	0.092745 	 0.016935 
0.106747 	0.195666 	0.139349 	0.096178 	 0.017668 
0.086821 	0.202719 	0.143582 	0.102914 	 0.018876 
0.089797 	0.201844 	0.142853 	0.105550 	 0.019136 
0.094789 	0.208072 	0.147139 	0.108909 	 0.018898 
0.101988 	0.196609 	0.140096 	0.098139 	 0.018046 
0.098020 	0.206569 	0.146865 	0.101606 	 0.018522 
0.087718 	0.211186 	0.149901 	0.106738 	 0.019186 
0.090764 	0.203937 	0.144950 	0.104626 	 0.019448 
0.103808 	0.195328 	0.139777 	0.097651 	 0.018767 
0.098815 	0.194640 	0.139121 	0.094813 	 0.018642 
0.097669 	0.189983 	0.136021 	0.092852 	 0.017751 
0.087081 	0.212659 	0.150926 	0.106763 	 0.018933 
0.089628 	0.209009 	0.148987 	0.105937 	 0.019285 
0.084683 	0.200622 	0.143320 	0.098878 	 0.019151 
0.104003 	0.189308 	0.136114 	0.091464 	 0.017956 
0.096743 	0.198150 	0.142180 	0.094670 	 0.018244 
0.087812 	0.206639 	0.147057 	0.104725 	 0.019068 
0.101087 	0.197013 	0.141273 	0.095494 	 0.017971 
0.091045 	0.202447 	0.144756 	0.099258 	 0.019158 
0.078701 	0.222979 	0.157653 	0.116041 	 0.019639 
0.093552 	0.202634 	0.144405 	0.103477 	 0.019267 
0.089387 	0.196163 	0.140312 	0.096985 	 0.018553 
0.092506 	0.201414 	0.144028 	0.099011 	 0.018550 
0.099848 	0.204242 	0.145686 	0.104354 	 0.019278 
0.096813 	0.204955 	0.146515 	0.100664 	 0.018524 
0.092248 	0.206932 	0.147905 	0.104067 	 0.019262 
0.100968 	0.202286 	0.145197 	0.097761 	 0.019014 
0.072492 	0.223142 	0.158371 	0.113877 	 0.020112 
0.089302 	0.199427 	0.143230 	0.094227 	 0.018229 
0.098786 	0.198430 	0.142923 	0.094414 	 0.018535 
0.089420 	0.202288 	0.145287 	0.097900 	 0.018725 
0.100225 	0.192341 	0.138660 	0.093026 	 0.018252 
0.084901 	0.201286 	0.144861 	0.096721 	 0.019392 
0.088787 	0.208805 	0.149379 	0.104802 	 0.019978 
0.098297 	0.191425 	0.138088 	0.090852 	 0.018290 
0.076663 	0.215790 	0.153939 	0.108113 	 0.019698 
0.093101 	0.200570 	0.144514 	0.096311 	 0.018882 
0.090221 	0.201704 	0.144780 	0.096569 	 0.018488 
0.094654 	0.185003 	0.134185 	0.086483 	 0.018298 
0.091613 	0.199555 	0.143679 	0.096693 	 0.018488 
0.076276 	0.210242 	0.150434 	0.104842 	 0.019431 
0.107450 	0.185889 	0.135230 	0.084421 	 0.017124 
0.088207 	0.195424 	0.141000 	0.090839 	 0.017675 
0.092122 	0.196099 	0.141726 	0.091520 	 0.018204 
0.090561 	0.191231 	0.138097 	0.089273 	 0.017761 
0.090215 	0.196686 	0.142001 	0.090838 	 0.018099 
0.079246 	0.204251 	0.147064 	0.095764 	 0.018507 
0.089364 	0.197547 	0.142890 	0.091687 	 0.018125 
0.075804 	0.219523 	0.157430 	0.106380 	 0.019576 
0.074928 	0.219256 	0.156746 	0.106837 	 0.019278 
0.091879 	0.198386 	0.143070 	0.094071 	 0.018230 
0.070910 	0.215750 	0.154626 	0.105934 	 0.020193 
0.095822 	0.195840 	0.142111 	0.091140 	 0.017968 
0.088836 	0.191770 	0.139222 	0.087618 	 0.018177 
0.083875 	0.207371 	0.149437 	0.100377 	 0.019514 
0.071303 	0.220147 	0.157894 	0.107678 	 0.020136 
0.079443 	0.212061 	0.152640 	0.101196 	 0.019411 
0.065844 	0.211078 	0.151173 	0.103911 	 0.019615 
0.085609 	0.196555 	0.141724 	0.094291 	 0.018360 
0.062340 	0.213755 	0.153971 	0.102236 	 0.020832 
0.072956 	0.216151 	0.155669 	0.102662 	 0.020483 
0.080389 	0.206939 	0.149057 	0.100414 	 0.019319 
0.066120 	0.220503 	0.158181 	0.107710 	 0.020593 
0.074672 	0.209699 	0.151234 	0.099641 	 0.019760 
0.082402 	0.208060 	0.150287 	0.099049 	 0.019688 
0.082196 	0.200198 	0.145264 	0.091743 	 0.018765 
0.081691 	0.205291 	0.148574 	0.096588 	 0.018941 
0.078773 	0.206183 	0.149110 	0.097590 	 0.019476 
0.070189 	0.208664 	0.150363 	0.100354 	 0.019713 
0.090991 	0.196436 	0.142765 	0.091067 	 0.018757 
0.068846 	0.212781 	0.153545 	0.102205 	 0.020091 
0.064141 	0.219325 	0.158464 	0.102329 	 0.020771 
0.058579 	0.226422 	0.162182 	0.110673 	 0.020822 
0.072020 	0.212914 	0.153837 	0.100989 	 0.019877 
0.068653 	0.220732 	0.159532 	0.104329 	 0.020668 
0.068802 	0.216507 	0.156328 	0.101944 	 0.020437 
0.080886 	0.198427 	0.144832 	0.092063 	 0.019124 
0.066961 	0.214126 	0.154606 	0.102759 	 0.020407 
0.067669 	0.211726 	0.153174 	0.098082 	 0.019447 
0.082317 	0.201267 	0.146417 	0.092143 	 0.019028 
0.052412 	0.220153 	0.158332 	0.107923 	 0.020892 
0.054903 	0.218506 	0.157553 	0.103307 	 0.020791 
0.068454 	0.210933 	0.153205 	0.097789 	 0.020581 
0.075413 	0.215459 	0.156138 	0.100438 	 0.020015 
0.078535 	0.206922 	0.150557 	0.094663 	 0.019558 
0.067477 	0.207714 	0.150837 	0.094756 	 0.019256 
0.063984 	0.219524 	0.158802 	0.104802 	 0.020664 
0.071006 	0.209224 	0.151834 	0.099036 	 0.020319 
0.079297 	0.199700 	0.146132 	0.087594 	 0.018835 
0.073643 	0.204907 	0.148915 	0.095145 	 0.019206 
0.065664 	0.213954 	0.155425 	0.098286 	 0.020344 
0.068464 	0.213229 	0.154507 	0.099870 	 0.019981 
0.061356 	0.221348 	0.160041 	0.103764 	 0.020702 
0.055298 	0.225468 	0.162787 	0.108441 	 0.021427 
0.076994 	0.210532 	0.153456 	0.095222 	 0.019878 
0.071299 	0.207671 	0.151547 	0.093801 	 0.020140 
0.062894 	0.224419 	0.162428 	0.107784 	 0.020766 
0.049683 	0.223981 	0.161911 	0.106953 	 0.021531 
0.062606 	0.215667 	0.156475 	0.102068 	 0.020397 
0.072568 	0.208727 	0.151982 	0.096812 	 0.019755 
0.071119 	0.214378 	0.156257 	0.096867 	 0.019912 
0.067275 	0.215742 	0.157165 	0.098486 	 0.020408 
0.075254 	0.223216 	0.162394 	0.102902 	 0.020086 
0.052038 	0.236878 	0.170471 	0.115453 	 0.021729 
0.073743 	0.212002 	0.154881 	0.097598 	 0.020074 
0.065066 	0.216942 	0.158013 	0.101498 	 0.020563 
0.068881 	0.201040 	0.147602 	0.090412 	 0.019872 
0.049762 	0.225875 	0.163520 	0.107010 	 0.021479 
0.062668 	0.211561 	0.154262 	0.094561 	 0.019574 
0.072255 	0.202496 	0.148566 	0.089679 	 0.019951 
0.085033 	0.194439 	0.143446 	0.082787 	 0.018606 
0.076642 	0.201208 	0.147899 	0.088432 	 0.019119 
0.085279 	0.204542 	0.150779 	0.091368 	 0.019856 
0.063319 	0.224563 	0.163532 	0.103693 	 0.021374 
0.080189 	0.212954 	0.155709 	0.096182 	 0.019658 
0.064427 	0.224924 	0.163130 	0.106763 	 0.020783 
0.060820 	0.215580 	0.157493 	0.096698 	 0.021203 
0.062991 	0.217256 	0.158278 	0.099476 	 0.020234 
0.071400 	0.215685 	0.157309 	0.099528 	 0.020840 
0.068027 	0.220362 	0.160762 	0.102356 	 0.020811 
0.074596 	0.216270 	0.158002 	0.098643 	 0.020427 
0.061376 	0.220323 	0.160793 	0.102308 	 0.021604 
0.066171 	0.224002 	0.163127 	0.104222 	 0.020972 
0.080897 	0.210113 	0.154326 	0.094943 	 0.019651 
0.067421 	0.221137 	0.161383 	0.105271 	 0.021373 
0.077823 	0.212423 	0.156068 	0.095198 	 0.020037 
0.065741 	0.225589 	0.164106 	0.107241 	 0.020954 
0.063069 	0.218557 	0.159883 	0.100577 	 0.021162 
0.065551 	0.220649 	0.161088 	0.102680 	 0.020528 
0.070767 	0.217474 	0.159269 	0.100109 	 0.020728 
0.058132 	0.229175 	0.166709 	0.109598 	 0.022270 
0.077115 	0.213320 	0.156206 	0.100519 	 0.020860 
0.066664 	0.214978 	0.157994 	0.097634 	 0.021419 
0.074090 	0.209179 	0.154119 	0.093329 	 0.020859 
0.062189 	0.230704 	0.167936 	0.109903 	 0.021638 
0.403950 	0.009543 	0.007656 	-0.000704 	 0.002428 
0.407010 	0.008675 	0.006424 	0.005549 	 0.002730 
0.411081 	0.028784 	0.019131 	0.031477 	 0.004879 
0.406496 	0.032100 	0.020667 	0.036106 	 0.004291 
0.427151 	0.021478 	0.015151 	0.022458 	 0.002985 
0.395095 	0.046525 	0.030658 	0.042419 	 0.005198 
0.408861 	0.034896 	0.023246 	0.033136 	 0.004378 
0.425143 	0.016630 	0.011307 	0.022100 	 0.002854 
0.387496 	0.057589 	0.037904 	0.050449 	 0.006567 
0.394075 	0.045196 	0.029889 	0.039646 	 0.005038 
0.390100 	0.045042 	0.029541 	0.042484 	 0.005046 
0.393772 	0.039134 	0.025662 	0.036266 	 0.004119 
0.368430 	0.067051 	0.043928 	0.056100 	 0.007013 
0.386698 	0.033147 	0.021875 	0.034257 	 0.005613 
0.391913 	0.047089 	0.031438 	0.040292 	 0.004655 
0.387913 	0.047494 	0.030920 	0.043869 	 0.004694 
0.361446 	0.071154 	0.046728 	0.059070 	 0.007554 
0.387632 	0.046309 	0.030229 	0.043300 	 0.005338 
0.380046 	0.042145 	0.027906 	0.038564 	 0.005566 
0.381719 	0.049398 	0.032558 	0.045955 	 0.006140 
0.382117 	0.043684 	0.028823 	0.040994 	 0.005027 
0.370366 	0.046049 	0.030650 	0.040639 	 0.005469 
0.379792 	0.039141 	0.025762 	0.036482 	 0.004769 
0.371487 	0.052329 	0.034633 	0.045913 	 0.005994 
0.389880 	0.030293 	0.019984 	0.029314 	 0.003644 
0.366661 	0.050286 	0.033554 	0.044629 	 0.006840 
0.366967 	0.056454 	0.036776 	0.050623 	 0.006293 
0.380592 	0.048741 	0.032235 	0.042969 	 0.005328 
0.359502 	0.067943 	0.044431 	0.058560 	 0.007834 
0.367340 	0.051718 	0.033705 	0.048697 	 0.006524 
0.369076 	0.049089 	0.032899 	0.044324 	 0.006386 
0.364421 	0.057492 	0.038062 	0.051519 	 0.007103 
0.371522 	0.042437 	0.028365 	0.038452 	 0.005447 
0.357702 	0.055750 	0.036700 	0.048867 	 0.006386 
0.350750 	0.061978 	0.040550 	0.054075 	 0.007112 
0.344291 	0.073825 	0.048193 	0.064233 	 0.008620 
0.345139 	0.061378 	0.040542 	0.052938 	 0.007205 
0.343635 	0.070763 	0.046789 	0.059003 	 0.008167 
0.344526 	0.069785 	0.045757 	0.059220 	 0.007330 
0.349938 	0.064532 	0.043184 	0.051619 	 0.007052 
0.335140 	0.070564 	0.046633 	0.056467 	 0.007685 
0.338031 	0.071613 	0.047383 	0.059903 	 0.007801 
0.339923 	0.064151 	0.042051 	0.055587 	 0.007053 
0.328189 	0.067122 	0.044571 	0.055487 	 0.008285 
0.347399 	0.059474 	0.039613 	0.048501 	 0.006662 
0.335006 	0.069726 	0.046342 	0.056280 	 0.007601 
0.334056 	0.069363 	0.046210 	0.056354 	 0.008427 
0.333223 	0.075776 	0.050030 	0.059578 	 0.007182 
0.333949 	0.069438 	0.046194 	0.057075 	 0.008160 
0.323332 	0.078417 	0.051573 	0.064364 	 0.008537 
0.334753 	0.073753 	0.049587 	0.057875 	 0.008737 
0.319728 	0.080727 	0.053580 	0.062758 	 0.008986 
0.311752 	0.088482 	0.058442 	0.070217 	 0.009142 
0.315215 	0.079440 	0.052608 	0.061481 	 0.009010 
0.311294 	0.090639 	0.060251 	0.068498 	 0.009541 
0.324232 	0.067220 	0.044555 	0.055067 	 0.007667 
0.328605 	0.075700 	0.050353 	0.059605 	 0.008036 
0.333057 	0.067429 	0.044944 	0.058114 	 0.007682 
0.324525 	0.077183 	0.051445 	0.058938 	 0.007736 
0.306845 	0.087183 	0.057953 	0.067765 	 0.009444 
0.314831 	0.081102 	0.053852 	0.063536 	 0.009191 
0.306337 	0.082900 	0.054754 	0.064063 	 0.008753 
0.311719 	0.081578 	0.053978 	0.065231 	 0.009115 
0.305051 	0.080350 	0.052608 	0.064414 	 0.008029 
0.320230 	0.073893 	0.049794 	0.056468 	 0.007988 
0.303508 	0.086841 	0.057397 	0.066487 	 0.008546 
0.309534 	0.080433 	0.053499 	0.062238 	 0.008712 
0.299092 	0.102212 	0.067891 	0.076761 	 0.009962 
0.300324 	0.097548 	0.064729 	0.074919 	 0.010093 
0.301808 	0.085928 	0.057290 	0.066553 	 0.009687 
0.298867 	0.091634 	0.061016 	0.069269 	 0.009345 
0.295962 	0.093976 	0.062719 	0.069886 	 0.010009 
0.296365 	0.087397 	0.058486 	0.067327 	 0.009783 
0.306759 	0.079082 	0.052271 	0.062216 	 0.008462 
0.300289 	0.085961 	0.057858 	0.064328 	 0.009621 
0.296854 	0.091435 	0.060903 	0.069001 	 0.009831 
0.299875 	0.091023 	0.060325 	0.070222 	 0.009091 
0.281136 	0.101987 	0.067790 	0.075516 	 0.011231 
0.290300 	0.098246 	0.065347 	0.071575 	 0.009677 
0.288016 	0.103959 	0.068688 	0.077844 	 0.009900 
0.282829 	0.097359 	0.064671 	0.073269 	 0.009988 
0.288441 	0.091343 	0.061104 	0.065686 	 0.009461 
0.287121 	0.094101 	0.062824 	0.069315 	 0.009683 
0.297282 	0.085788 	0.057430 	0.063534 	 0.009374 
0.295947 	0.090214 	0.060517 	0.067019 	 0.009625 
0.289358 	0.093514 	0.062188 	0.070031 	 0.009126 
0.291312 	0.089326 	0.059990 	0.065141 	 0.009828 
0.289369 	0.097268 	0.065401 	0.068458 	 0.009909 
0.284732 	0.105288 	0.070412 	0.076404 	 0.010509 
0.282863 	0.101254 	0.067456 	0.074829 	 0.010287 
0.283279 	0.094864 	0.063466 	0.069828 	 0.010198 
0.281122 	0.106485 	0.071151 	0.077267 	 0.010313 
0.278975 	0.103085 	0.068910 	0.074065 	 0.010159 
0.284737 	0.096303 	0.064284 	0.068630 	 0.008941 
0.271915 	0.107013 	0.071422 	0.076015 	 0.010638 
0.285999 	0.084988 	0.056999 	0.061585 	 0.009237 
0.277867 	0.106358 	0.071185 	0.076832 	 0.010695 
0.274974 	0.099189 	0.066087 	0.072327 	 0.009692 
0.270398 	0.110767 	0.073925 	0.079098 	 0.010654 
0.286079 	0.092982 	0.062684 	0.066521 	 0.009586 
0.271022 	0.105892 	0.070935 	0.074952 	 0.010403 
0.274574 	0.103090 	0.068754 	0.074944 	 0.010089 
0.271440 	0.105581 	0.070250 	0.077380 	 0.010505 
0.278295 	0.093418 	0.062393 	0.069556 	 0.009687 
0.275563 	0.104259 	0.070341 	0.072921 	 0.010543 
0.270249 	0.102103 	0.068782 	0.070400 	 0.010533 
0.275058 	0.105135 	0.070834 	0.074363 	 0.010127 
0.258705 	0.116532 	0.078000 	0.082631 	 0.011589 
0.265675 	0.112953 	0.075463 	0.080243 	 0.010638 
0.262708 	0.104158 	0.070000 	0.073267 	 0.010669 
0.277530 	0.102151 	0.068532 	0.071500 	 0.009972 
0.268072 	0.103594 	0.069458 	0.075648 	 0.010922 
0.262313 	0.114162 	0.076545 	0.080131 	 0.011376 
0.274429 	0.097168 	0.065416 	0.067619 	 0.009414 
0.259421 	0.106972 	0.072332 	0.072792 	 0.010942 
0.257414 	0.110118 	0.073987 	0.076791 	 0.011082 
0.258391 	0.117959 	0.079324 	0.079937 	 0.011303 
0.239857 	0.126888 	0.085044 	0.086494 	 0.011763 
0.257422 	0.109707 	0.073884 	0.075458 	 0.010840 
0.258933 	0.103875 	0.070008 	0.070938 	 0.010806 
0.254162 	0.120645 	0.080936 	0.082805 	 0.011129 
0.261739 	0.107359 	0.072471 	0.074270 	 0.010296 
0.258423 	0.105153 	0.071022 	0.070631 	 0.010038 
0.246402 	0.122764 	0.082727 	0.079939 	 0.010979 
0.253317 	0.117136 	0.078734 	0.076506 	 0.010355 
0.269637 	0.102660 	0.070256 	0.064787 	 0.009327 
0.261838 	0.111012 	0.075641 	0.070583 	 0.010232 
0.260338 	0.104738 	0.070431 	0.072867 	 0.010083 
0.237429 	0.125524 	0.084242 	0.083866 	 0.011332 
0.262586 	0.119007 	0.080139 	0.079884 	 0.010259 
0.249937 	0.112956 	0.076757 	0.072415 	 0.010953 
0.255193 	0.118438 	0.080414 	0.076163 	 0.010698 
0.244576 	0.119128 	0.080537 	0.076697 	 0.010944 
0.227621 	0.131610 	0.088489 	0.086820 	 0.011965 
0.245564 	0.117832 	0.079332 	0.079231 	 0.010650 
0.238039 	0.126295 	0.084963 	0.082484 	 0.011004 
0.237634 	0.126096 	0.085332 	0.080104 	 0.011284 
0.247393 	0.123839 	0.083609 	0.081671 	 0.011211 
0.239100 	0.123902 	0.083615 	0.082288 	 0.011653 
0.246333 	0.120320 	0.081903 	0.075073 	 0.010830 
0.221792 	0.132367 	0.089232 	0.086019 	 0.012202 
0.231969 	0.132264 	0.089288 	0.085666 	 0.011918 
0.231054 	0.126354 	0.085202 	0.084164 	 0.011738 
0.232930 	0.121747 	0.082007 	0.079067 	 0.010821 
0.240361 	0.116419 	0.079041 	0.074629 	 0.010941 
0.224780 	0.137213 	0.092719 	0.087013 	 0.012155 
0.232230 	0.128215 	0.087245 	0.080466 	 0.011987 
0.225584 	0.138475 	0.093468 	0.088706 	 0.011903 
0.241210 	0.107056 	0.073094 	0.065253 	 0.009538 
0.235557 	0.118117 	0.080531 	0.075803 	 0.011430 
0.228059 	0.136563 	0.092194 	0.089924 	 0.012509 
0.218261 	0.132461 	0.089652 	0.084580 	 0.012245 
0.214764 	0.135901 	0.091407 	0.089327 	 0.012528 
0.233342 	0.132337 	0.090040 	0.082060 	 0.011302 
0.217334 	0.136484 	0.092402 	0.086965 	 0.012317 
0.222826 	0.123525 	0.083738 	0.076742 	 0.011166 
0.209086 	0.149947 	0.101441 	0.095451 	 0.013198 
0.211971 	0.140180 	0.094812 	0.086726 	 0.012071 
0.206468 	0.140002 	0.094964 	0.087024 	 0.012969 
0.211226 	0.147107 	0.100177 	0.092622 	 0.013080 
0.220758 	0.129160 	0.088433 	0.076394 	 0.011956 
0.201704 	0.143582 	0.097150 	0.089397 	 0.012832 
0.203366 	0.154534 	0.104728 	0.096407 	 0.013550 
0.219704 	0.134513 	0.091395 	0.083519 	 0.012267 
0.208316 	0.143416 	0.097683 	0.087787 	 0.013199 
0.202471 	0.140496 	0.095375 	0.087192 	 0.012815 
0.195088 	0.155584 	0.105571 	0.096328 	 0.013396 
0.207485 	0.137973 	0.093484 	0.088354 	 0.013112 
0.206955 	0.146784 	0.099762 	0.087513 	 0.012549 
0.199721 	0.148190 	0.100324 	0.092620 	 0.012731 
0.210566 	0.134544 	0.091626 	0.080010 	 0.011198 
0.198435 	0.147199 	0.100015 	0.089695 	 0.013226 
0.204412 	0.144121 	0.097909 	0.088826 	 0.012834 
0.185986 	0.164489 	0.111159 	0.102775 	 0.013929 
0.188053 	0.158252 	0.107037 	0.098490 	 0.014080 
0.194096 	0.142472 	0.097040 	0.083440 	 0.012063 
0.196891 	0.148055 	0.100701 	0.088539 	 0.013017 
0.191535 	0.152341 	0.103691 	0.094911 	 0.013859 
0.208185 	0.143849 	0.098365 	0.085526 	 0.012329 
0.194636 	0.145720 	0.099318 	0.088924 	 0.013417 
0.191564 	0.143931 	0.098031 	0.086422 	 0.012514 
0.183944 	0.155567 	0.106214 	0.091411 	 0.013742 
0.181740 	0.153990 	0.104301 	0.093187 	 0.013196 
0.197852 	0.141353 	0.096840 	0.083411 	 0.012680 
0.193053 	0.146795 	0.100086 	0.088626 	 0.012423 
0.189237 	0.149073 	0.102054 	0.085797 	 0.013004 
0.189126 	0.151343 	0.103095 	0.090584 	 0.012963 
0.185604 	0.148905 	0.101650 	0.087851 	 0.013242 
0.180638 	0.166853 	0.113675 	0.100339 	 0.014018 
0.186822 	0.153688 	0.104891 	0.091489 	 0.012889 
0.172315 	0.169698 	0.115333 	0.103057 	 0.015204 
0.184229 	0.156089 	0.106555 	0.091765 	 0.013000 
0.176070 	0.167761 	0.114338 	0.098720 	 0.014457 
0.186591 	0.149970 	0.102366 	0.087882 	 0.012229 
0.184404 	0.153162 	0.104878 	0.087596 	 0.012576 
0.172689 	0.171425 	0.116523 	0.104348 	 0.014843 
0.177018 	0.160770 	0.109689 	0.094643 	 0.013575 
0.178511 	0.152833 	0.104274 	0.090377 	 0.013037 
0.162529 	0.160949 	0.110006 	0.095567 	 0.014841 
0.173963 	0.160296 	0.110033 	0.091973 	 0.013572 
0.159231 	0.173258 	0.117451 	0.104978 	 0.014593 
0.167476 	0.166620 	0.114045 	0.095737 	 0.013818 
0.163924 	0.165831 	0.113211 	0.098070 	 0.014554 
0.187755 	0.153169 	0.105464 	0.085095 	 0.012292 
0.177347 	0.156231 	0.107407 	0.088794 	 0.012861 
0.170203 	0.157388 	0.108082 	0.089794 	 0.013632 
0.165461 	0.164914 	0.112608 	0.096357 	 0.014091 
0.169324 	0.166637 	0.113851 	0.096611 	 0.013894 
0.163307 	0.168007 	0.114930 	0.096763 	 0.014137 
0.171874 	0.160579 	0.110003 	0.093485 	 0.013453 
0.169733 	0.171552 	0.117049 	0.100666 	 0.014048 
0.170593 	0.157346 	0.108364 	0.087923 	 0.013866 
0.161217 	0.172756 	0.118391 	0.099303 	 0.014942 
0.160846 	0.156394 	0.107274 	0.088312 	 0.013145 
0.161172 	0.172332 	0.118204 	0.098405 	 0.013901 
0.166830 	0.162861 	0.111258 	0.094718 	 0.013415 
0.155563 	0.166300 	0.113663 	0.095179 	 0.013620 
0.161181 	0.166895 	0.114370 	0.097276 	 0.014414 
0.154770 	0.169981 	0.116390 	0.098325 	 0.014590 
0.150735 	0.173776 	0.119102 	0.097555 	 0.014537 
0.147451 	0.175093 	0.119735 	0.101394 	 0.014849 
0.166133 	0.168757 	0.116301 	0.094698 	 0.014098 
0.169180 	0.161866 	0.111355 	0.093093 	 0.013484 
0.156504 	0.176860 	0.121315 	0.099400 	 0.014144 
0.146835 	0.178869 	0.122445 	0.101645 	 0.014776 
0.141336 	0.186085 	0.127537 	0.108656 	 0.016001 
0.149899 	0.179769 	0.123317 	0.100488 	 0.014955 
0.147991 	0.174972 	0.120247 	0.098762 	 0.014583 
0.149957 	0.173237 	0.118624 	0.097942 	 0.014091 
0.140361 	0.182599 	0.125279 	0.101714 	 0.014614 
0.146915 	0.180525 	0.123809 	0.102846 	 0.014652 
0.145051 	0.176231 	0.120948 	0.099903 	 0.014649 
0.158504 	0.160895 	0.111452 	0.087065 	 0.013815 
0.147566 	0.177687 	0.121990 	0.100797 	 0.014757 
0.159204 	0.163325 	0.112870 	0.086254 	 0.012973 
0.146555 	0.172441 	0.118962 	0.094985 	 0.014419 
0.142496 	0.175757 	0.120792 	0.096876 	 0.014633 
0.149065 	0.171048 	0.118113 	0.091073 	 0.013808 
0.152250 	0.178258 	0.123003 	0.097955 	 0.014410 
0.152710 	0.171373 	0.117920 	0.093781 	 0.013862 
0.148076 	0.178860 	0.123078 	0.098243 	 0.014640 
0.142663 	0.186215 	0.127969 	0.105908 	 0.015281 
0.150906 	0.169372 	0.117164 	0.092916 	 0.013900 
0.147367 	0.172045 	0.119474 	0.092478 	 0.014659 
0.145151 	0.179743 	0.123859 	0.101437 	 0.014630 
0.140293 	0.183096 	0.126203 	0.102657 	 0.015075 
0.128892 	0.195064 	0.133767 	0.108398 	 0.015401 
0.142518 	0.172172 	0.119418 	0.093706 	 0.014598 
0.153432 	0.166945 	0.115862 	0.088193 	 0.013651 
0.134664 	0.186605 	0.128373 	0.102189 	 0.014745 
0.128358 	0.178537 	0.123430 	0.096149 	 0.014842 
0.147803 	0.174357 	0.120938 	0.090244 	 0.013566 
0.132783 	0.179220 	0.123859 	0.095660 	 0.014440 
0.135013 	0.173084 	0.120170 	0.090427 	 0.014408 
0.133884 	0.179330 	0.124103 	0.095996 	 0.014728 
0.146892 	0.177634 	0.122572 	0.097654 	 0.013906 
0.124561 	0.196685 	0.135527 	0.105602 	 0.015477 
0.146306 	0.177732 	0.123004 	0.094412 	 0.013611 
0.137914 	0.179597 	0.124336 	0.095494 	 0.014075 
0.132062 	0.179288 	0.124672 	0.093689 	 0.015068 
0.127252 	0.183785 	0.127051 	0.097590 	 0.014706 
0.146182 	0.160653 	0.112321 	0.081805 	 0.013385 
0.123020 	0.181731 	0.125014 	0.100471 	 0.014709 
0.127195 	0.188320 	0.130514 	0.097950 	 0.014770 
0.128489 	0.188464 	0.130442 	0.101558 	 0.015151 
0.128663 	0.190184 	0.131519 	0.103584 	 0.015018 
0.130595 	0.179911 	0.124775 	0.094455 	 0.014065 
0.123880 	0.192293 	0.133136 	0.102512 	 0.015441 
0.125350 	0.196567 	0.136316 	0.105234 	 0.015382 
0.127781 	0.174341 	0.121229 	0.090868 	 0.014244 
0.123421 	0.189860 	0.131996 	0.098153 	 0.015129 
0.125920 	0.180561 	0.125639 	0.093030 	 0.014545 
0.128717 	0.184410 	0.128459 	0.094640 	 0.014862 
0.137690 	0.182068 	0.126615 	0.095571 	 0.014826 
0.120066 	0.189286 	0.130964 	0.100805 	 0.015573 
0.102495 	0.196119 	0.135728 	0.103295 	 0.016042 
0.115668 	0.199280 	0.138284 	0.104469 	 0.015693 
0.122904 	0.186016 	0.129492 	0.094732 	 0.014867 
0.112328 	0.204272 	0.141459 	0.107367 	 0.016037 
0.111168 	0.193502 	0.133908 	0.102391 	 0.015473 
0.127670 	0.185883 	0.129435 	0.096137 	 0.014508 
0.126371 	0.191780 	0.133515 	0.100289 	 0.015183 
0.132851 	0.173299 	0.121364 	0.087307 	 0.014121 
0.120705 	0.193932 	0.134452 	0.101683 	 0.014802 
0.104753 	0.199237 	0.138546 	0.102898 	 0.015849 
0.111648 	0.194681 	0.135710 	0.099682 	 0.015380 
0.119146 	0.189041 	0.131983 	0.095810 	 0.014952 
0.122130 	0.191352 	0.133725 	0.096935 	 0.014761 
0.121566 	0.191799 	0.133783 	0.100991 	 0.014918 
0.119217 	0.188885 	0.131490 	0.099606 	 0.015205 
0.112381 	0.184152 	0.128795 	0.092923 	 0.014848 
0.120059 	0.184793 	0.129289 	0.090883 	 0.014436 
0.107536 	0.182779 	0.127530 	0.093576 	 0.014713 
0.122721 	0.187285 	0.131204 	0.095564 	 0.014424 
0.116113 	0.191851 	0.133830 	0.096343 	 0.014664 
0.100152 	0.207222 	0.143655 	0.110560 	 0.016525 
0.101262 	0.195091 	0.135874 	0.099006 	 0.016088 
0.100314 	0.201282 	0.140547 	0.103575 	 0.016757 
0.102497 	0.201407 	0.140155 	0.104408 	 0.016107 
0.113144 	0.192384 	0.134487 	0.096567 	 0.015058 
0.108509 	0.197412 	0.137301 	0.102464 	 0.015646 
0.119480 	0.182505 	0.128342 	0.088465 	 0.014350 
0.119913 	0.178012 	0.124842 	0.086420 	 0.013181 
0.103385 	0.202706 	0.141583 	0.102352 	 0.015866 
0.104879 	0.196031 	0.136911 	0.099078 	 0.015573 
0.110757 	0.189914 	0.133331 	0.093391 	 0.014992 
0.109673 	0.192071 	0.134590 	0.095832 	 0.015166 
0.104121 	0.201530 	0.140720 	0.103356 	 0.016027 
0.117948 	0.179343 	0.126308 	0.085694 	 0.014050 
0.114589 	0.191153 	0.134090 	0.093563 	 0.014737 
0.098520 	0.201354 	0.140297 	0.101576 	 0.015572 
0.103324 	0.197821 	0.138566 	0.098705 	 0.015580 
0.115649 	0.183678 	0.129023 	0.090437 	 0.014341 
0.095652 	0.188020 	0.132590 	0.089114 	 0.015322 
0.101938 	0.199643 	0.139394 	0.103258 	 0.015780 
0.093696 	0.202826 	0.141652 	0.102702 	 0.015831 
0.091355 	0.205640 	0.143609 	0.106077 	 0.016259 
0.107481 	0.185751 	0.130523 	0.090050 	 0.014408 
0.113523 	0.177763 	0.125819 	0.084203 	 0.014369 
0.099775 	0.200333 	0.140181 	0.099937 	 0.014853 
0.100193 	0.191360 	0.134712 	0.092070 	 0.015166 
0.100697 	0.191914 	0.134689 	0.092808 	 0.014523 
0.098438 	0.204672 	0.143136 	0.103291 	 0.015965 
0.102004 	0.198771 	0.139453 	0.098743 	 0.016032 
0.096767 	0.193727 	0.136538 	0.091353 	 0.014937 
0.100754 	0.197878 	0.139210 	0.099353 	 0.016037 
0.095531 	0.197246 	0.138400 	0.096527 	 0.015449 
0.085532 	0.208582 	0.145832 	0.105261 	 0.016663 
0.099189 	0.203049 	0.143073 	0.099330 	 0.016417 
0.096117 	0.196050 	0.138109 	0.094786 	 0.016084 
0.098923 	0.203411 	0.143155 	0.097458 	 0.015382 
0.092979 	0.195641 	0.137774 	0.094609 	 0.015477 
0.098874 	0.198275 	0.139354 	0.097427 	 0.015239 
0.110623 	0.183030 	0.129822 	0.085023 	 0.014448 
0.100520 	0.192827 	0.136096 	0.092994 	 0.015217 
0.092766 	0.202910 	0.142882 	0.098423 	 0.015787 
0.101404 	0.189904 	0.134287 	0.090852 	 0.015133 
0.093533 	0.198656 	0.140312 	0.094733 	 0.015439 
0.089750 	0.204544 	0.143455 	0.101425 	 0.015689 
0.101023 	0.185229 	0.131468 	0.087890 	 0.015609 
0.089530 	0.204866 	0.143991 	0.099876 	 0.016092 
0.109169 	0.187999 	0.133305 	0.088920 	 0.014251 
0.090497 	0.194195 	0.137417 	0.091859 	 0.015493 
0.089650 	0.188656 	0.133758 	0.088214 	 0.015277 
0.094296 	0.189540 	0.134398 	0.088866 	 0.015199 
0.100011 	0.193097 	0.136840 	0.089685 	 0.015041 
0.087524 	0.201112 	0.142106 	0.095063 	 0.015498 
0.110985 	0.188878 	0.134004 	0.088365 	 0.014207 
0.084355 	0.204344 	0.144198 	0.096663 	 0.015698 
0.095640 	0.193386 	0.137060 	0.090610 	 0.015277 
0.098201 	0.190113 	0.135476 	0.084706 	 0.015026 
0.088582 	0.199631 	0.141649 	0.091370 	 0.015597 
0.071501 	0.217000 	0.152541 	0.106643 	 0.017070 
0.087539 	0.205993 	0.145316 	0.098402 	 0.015533 
0.096046 	0.198976 	0.141032 	0.091442 	 0.015007 
0.077246 	0.205599 	0.144893 	0.096551 	 0.015939 
0.096735 	0.198551 	0.141007 	0.092699 	 0.015716 
0.081324 	0.203631 	0.143845 	0.097745 	 0.016084 
0.084256 	0.213467 	0.150506 	0.102621 	 0.016232 
0.081624 	0.207810 	0.146628 	0.099622 	 0.016032 
0.084748 	0.205104 	0.145175 	0.097766 	 0.015843 
0.096019 	0.197827 	0.140558 	0.092906 	 0.014844 
0.086787 	0.199910 	0.141958 	0.092418 	 0.015545 
0.093061 	0.196084 	0.140309 	0.087952 	 0.015842 
0.085405 	0.198504 	0.140816 	0.093476 	 0.016189 
0.077913 	0.212554 	0.150048 	0.104235 	 0.016677 
0.076567 	0.207177 	0.146681 	0.098451 	 0.016006 
0.082655 	0.209228 	0.148286 	0.099188 	 0.016009 
0.086875 	0.203552 	0.145049 	0.091440 	 0.015601 
0.082692 	0.208841 	0.147998 	0.097587 	 0.015762 
0.087266 	0.201437 	0.143448 	0.090704 	 0.014830 
0.094844 	0.189113 	0.135200 	0.084468 	 0.014309 
0.086728 	0.205760 	0.146215 	0.094486 	 0.015605 
0.084375 	0.206568 	0.146924 	0.095643 	 0.015631 
0.077121 	0.205911 	0.146137 	0.096283 	 0.015608 
0.091333 	0.199559 	0.142476 	0.090469 	 0.015306 
0.096006 	0.192688 	0.138322 	0.086690 	 0.015238 
0.080846 	0.199938 	0.142791 	0.086661 	 0.015348 
0.073171 	0.208304 	0.148715 	0.094574 	 0.016775 
0.079174 	0.203687 	0.145001 	0.092673 	 0.015591 
0.078608 	0.213329 	0.151101 	0.100854 	 0.015435 
0.084888 	0.197980 	0.141594 	0.087538 	 0.014839 
0.060365 	0.215807 	0.152603 	0.101664 	 0.016454 
0.082517 	0.206064 	0.147055 	0.093767 	 0.015629 
0.083036 	0.195715 	0.140005 	0.089765 	 0.015204 
0.071924 	0.215916 	0.153279 	0.101832 	 0.017091 
0.071067 	0.220164 	0.156512 	0.102460 	 0.016922 
0.088085 	0.202564 	0.144938 	0.092041 	 0.015901 
0.083580 	0.199116 	0.142321 	0.088654 	 0.015028 
0.065086 	0.218913 	0.155487 	0.103305 	 0.017007 
0.088363 	0.199950 	0.143396 	0.086991 	 0.014504 
0.083888 	0.199359 	0.142825 	0.089792 	 0.015534 
0.068201 	0.223794 	0.158318 	0.106546 	 0.016581 
0.078859 	0.210342 	0.149880 	0.095335 	 0.015270 
0.072873 	0.207619 	0.148449 	0.092410 	 0.015700 
0.070596 	0.206563 	0.147708 	0.094294 	 0.015969 
0.063682 	0.221240 	0.157626 	0.104058 	 0.017542 
0.066128 	0.218784 	0.155748 	0.100601 	 0.016532 
0.074396 	0.209463 	0.149850 	0.092509 	 0.015884 
0.079622 	0.205688 	0.147380 	0.091361 	 0.015520 
0.064209 	0.221262 	0.157321 	0.104375 	 0.017500 
0.077063 	0.203614 	0.146444 	0.088084 	 0.016133 
0.062770 	0.224918 	0.160150 	0.104031 	 0.017149 
0.064068 	0.213583 	0.153141 	0.094732 	 0.017326 
0.076608 	0.207421 	0.148660 	0.093844 	 0.015938 
0.066176 	0.213354 	0.152000 	0.098069 	 0.016542 
0.068947 	0.217132 	0.154864 	0.098209 	 0.015987 
0.087738 	0.198674 	0.143270 	0.086940 	 0.015638 
0.072170 	0.212443 	0.152791 	0.092357 	 0.016413 
0.079030 	0.197357 	0.141875 	0.084303 	 0.014068 
0.066528 	0.215351 	0.153918 	0.098461 	 0.016882 
0.061390 	0.213723 	0.152956 	0.096600 	 0.016317 
0.072062 	0.204940 	0.147447 	0.089302 	 0.015363 
0.083004 	0.194630 	0.140566 	0.083848 	 0.014958 
0.058806 	0.220705 	0.158054 	0.100317 	 0.016749 
0.082797 	0.203382 	0.146562 	0.088259 	 0.015163 
0.075612 	0.204374 	0.147500 	0.086717 	 0.015719 
0.074691 	0.210404 	0.151493 	0.091887 	 0.015962 
0.068079 	0.200252 	0.145347 	0.082399 	 0.016590 
0.062888 	0.216704 	0.155549 	0.095683 	 0.016261 
0.083928 	0.201616 	0.145865 	0.084500 	 0.015359 
0.067947 	0.213973 	0.153603 	0.094552 	 0.015501 
0.072401 	0.197467 	0.143117 	0.082042 	 0.014873 
0.070727 	0.214664 	0.154161 	0.093411 	 0.015618 
0.066177 	0.213307 	0.153673 	0.092785 	 0.016405 
0.064768 	0.220829 	0.158383 	0.099872 	 0.016679 
0.082751 	0.196112 	0.142602 	0.079317 	 0.014511 
0.073991 	0.204078 	0.147930 	0.085681 	 0.015660 
0.070741 	0.199475 	0.144440 	0.083749 	 0.015249 
0.054355 	0.215118 	0.154683 	0.094130 	 0.016214 
0.058916 	0.212376 	0.152445 	0.094336 	 0.016077 
0.064703 	0.205465 	0.148414 	0.087488 	 0.015683 
0.064454 	0.204746 	0.147714 	0.088719 	 0.015070 
0.068227 	0.204459 	0.148243 	0.085473 	 0.015809 
0.070312 	0.204247 	0.147982 	0.086624 	 0.015481 
0.077869 	0.203424 	0.147697 	0.084921 	 0.015977 
0.080454 	0.209418 	0.151550 	0.088758 	 0.015447 
0.073440 	0.201532 	0.145899 	0.086625 	 0.015183 
0.073419 	0.199993 	0.146053 	0.079477 	 0.015397 
0.066598 	0.216563 	0.156409 	0.090959 	 0.015794 
0.063761 	0.209660 	0.151738 	0.087581 	 0.015675 
0.080738 	0.197019 	0.143736 	0.082162 	 0.015701 
0.056664 	0.215704 	0.155775 	0.092101 	 0.016460 
0.072518 	0.208171 	0.150742 	0.087816 	 0.015212 
0.074794 	0.206785 	0.149970 	0.086637 	 0.014823 
0.076478 	0.203849 	0.148567 	0.084743 	 0.015973 
0.063453 	0.218314 	0.157777 	0.094669 	 0.016369 
0.072799 	0.203009 	0.147597 	0.083658 	 0.015678 
0.079123 	0.198427 	0.144679 	0.082671 	 0.015774 
0.075843 	0.205801 	0.149732 	0.086174 	 0.016027 
0.062291 	0.217373 	0.157183 	0.094027 	 0.016012 
0.075279 	0.195539 	0.143199 	0.077269 	 0.015097 
0.066067 	0.209395 	0.152560 	0.085028 	 0.016266 
0.054433 	0.207997 	0.151548 	0.084651 	 0.016609 
0.085643 	0.193777 	0.142260 	0.076021 	 0.014301 
0.065449 	0.206285 	0.149964 	0.087499 	 0.015593 
0.062680 	0.224045 	0.161989 	0.096020 	 0.016475 
0.064315 	0.209669 	0.152258 	0.088797 	 0.015728 
0.064271 	0.206217 	0.150279 	0.084415 	 0.015294 
0.072790 	0.204875 	0.149520 	0.083649 	 0.015420 
0.053604 	0.217743 	0.158163 	0.092766 	 0.017343 
0.054461 	0.211966 	0.154199 	0.089396 	 0.016789 
0.070893 	0.208666 	0.152856 	0.083259 	 0.016294 
0.055368 	0.233716 	0.168393 	0.106193 	 0.017627 
0.062288 	0.201738 	0.147576 	0.083103 	 0.015870 
0.081442 	0.201844 	0.148235 	0.079950 	 0.015346 
0.069534 	0.202353 	0.148362 	0.081713 	 0.015906 
0.066526 	0.217551 	0.158051 	0.091875 	 0.015861 
0.082788 	0.199517 	0.146713 	0.077556 	 0.014487 
0.053194 	0.226056 	0.163994 	0.096088 	 0.017052 
0.079570 	0.205489 	0.151014 	0.079399 	 0.014828 
0.062172 	0.215336 	0.156642 	0.091519 	 0.016835 
0.075875 	0.210843 	0.154071 	0.087689 	 0.015654 
0.055027 	0.216438 	0.158286 	0.087188 	 0.016788 
0.057812 	0.213260 	0.155894 	0.087305 	 0.016666 
0.062238 	0.220398 	0.160207 	0.094617 	 0.016725 
0.063100 	0.212257 	0.155123 	0.089070 	 0.016359 
0.059573 	0.209583 	0.153119 	0.087340 	 0.016194 
0.056143 	0.210725 	0.154236 	0.087998 	 0.016659 
0.062228 	0.219358 	0.159979 	0.090987 	 0.016550 
0.078906 	0.199323 	0.147573 	0.074357 	 0.015337 
0.075133 	0.214392 	0.156758 	0.088630 	 0.015766 
0.070337 	0.213811 	0.156640 	0.088356 	 0.015962 
0.082708 	0.197688 	0.146165 	0.076466 	 0.014996 
0.081180 	0.192709 	0.143318 	0.071093 	 0.015096 
0.074503 	0.203880 	0.150362 	0.080036 	 0.015835 
0.080515 	0.192837 	0.143438 	0.071774 	 0.015222 
0.088737 	0.193015 	0.143376 	0.073474 	 0.014350 
0.079492 	0.209004 	0.153644 	0.085266 	 0.016181 
0.084959 	0.188120 	0.140035 	0.072068 	 0.014867 
0.082418 	0.201067 	0.149040 	0.077113 	 0.015346 
0.074326 	0.210112 	0.154738 	0.083487 	 0.015813 
0.072033 	0.205084 	0.151896 	0.079854 	 0.016305 
0.077325 	0.207217 	0.152886 	0.084138 	 0.016475 
0.093206 	0.197213 	0.146926 	0.074600 	 0.014730 
0.073840 	0.203896 	0.150508 	0.080397 	 0.015881 
0.079470 	0.197747 	0.146983 	0.074485 	 0.015848 
0.081566 	0.193294 	0.143990 	0.072098 	 0.015200 
0.090681 	0.197582 	0.146908 	0.072306 	 0.014095 
0.095408 	0.197581 	0.146901 	0.074915 	 0.014474 
0.088639 	0.188304 	0.140794 	0.068652 	 0.013908 
0.079290 	0.199222 	0.147852 	0.077465 	 0.015732 
0.070782 	0.211882 	0.156527 	0.084828 	 0.016485 
0.074974 	0.202837 	0.151021 	0.075232 	 0.015213 
0.081339 	0.206750 	0.153172 	0.081298 	 0.015758 
0.085194 	0.194634 	0.145375 	0.071620 	 0.014699 
0.097021 	0.188099 	0.141559 	0.064780 	 0.014014 
0.094962 	0.194392 	0.145284 	0.071325 	 0.014447 
0.089315 	0.197332 	0.147659 	0.073314 	 0.015291 
0.096327 	0.182080 	0.137320 	0.063257 	 0.014134 
0.086920 	0.202765 	0.150972 	0.077861 	 0.014459 
0.074820 	0.214289 	0.158621 	0.084074 	 0.016484 
0.106796 	0.185315 	0.139623 	0.065861 	 0.013464 
0.083966 	0.201078 	0.150113 	0.077169 	 0.016022 
0.077798 	0.202125 	0.151552 	0.075151 	 0.015714 
0.093260 	0.191059 	0.143470 	0.068946 	 0.014549 
0.088283 	0.198580 	0.148973 	0.073061 	 0.015574 
0.083278 	0.200082 	0.149462 	0.075552 	 0.015333 
0.088163 	0.205053 	0.152645 	0.081583 	 0.015526 
0.087655 	0.193124 	0.145123 	0.071392 	 0.015193 
0.096449 	0.181267 	0.137399 	0.063009 	 0.014168 
0.088179 	0.203958 	0.152772 	0.075512 	 0.015664 
0.077656 	0.203524 	0.152089 	0.075841 	 0.015262 
0.097135 	0.189646 	0.143460 	0.067271 	 0.014469 
0.102314 	0.184304 	0.139816 	0.066580 	 0.014775 
0.091440 	0.204161 	0.152751 	0.076292 	 0.015249 
0.086834 	0.203316 	0.152084 	0.076340 	 0.015219 
0.098425 	0.187868 	0.142545 	0.063919 	 0.014270 
0.088381 	0.197205 	0.148592 	0.070897 	 0.015434 
0.093467 	0.198725 	0.149428 	0.071731 	 0.014986 
0.101395 	0.184232 	0.140219 	0.062885 	 0.014792 
0.101187 	0.182765 	0.139145 	0.062726 	 0.014634 
0.105055 	0.184447 	0.140678 	0.059546 	 0.014047 
0.089279 	0.199532 	0.150389 	0.072813 	 0.015191 
0.111987 	0.171308 	0.132031 	0.052842 	 0.013540 
0.091603 	0.199651 	0.149775 	0.076774 	 0.015400 
0.108201 	0.186942 	0.142108 	0.062858 	 0.013459 
0.086411 	0.208237 	0.155399 	0.081931 	 0.015689 
0.097916 	0.191244 	0.144767 	0.065955 	 0.014089 
0.097815 	0.195767 	0.148046 	0.071150 	 0.014669 
0.096554 	0.191744 	0.145003 	0.067799 	 0.014066 
0.106245 	0.185984 	0.141497 	0.063531 	 0.013565 
0.103221 	0.192661 	0.145739 	0.066467 	 0.013983 
0.100688 	0.186096 	0.141575 	0.064747 	 0.014057 
0.108199 	0.189470 	0.144663 	0.063472 	 0.014148 
0.109286 	0.176496 	0.136132 	0.054043 	 0.013830 
0.090126 	0.203746 	0.152815 	0.077588 	 0.014921 
0.102283 	0.196020 	0.148375 	0.073405 	 0.015766 
0.075979 	0.214202 	0.160736 	0.081289 	 0.016221 
0.099687 	0.183264 	0.140424 	0.060190 	 0.014265 
0.107003 	0.179061 	0.138277 	0.056589 	 0.014135 
0.097202 	0.191064 	0.145826 	0.066058 	 0.015297 
0.097368 	0.194531 	0.148218 	0.066679 	 0.015020 
0.075878 	0.218433 	0.163314 	0.085307 	 0.016854 
0.087369 	0.200917 	0.152339 	0.072917 	 0.016213 
0.088133 	0.192769 	0.147167 	0.064677 	 0.015197 
0.095259 	0.194707 	0.148527 	0.066246 	 0.015394 
0.092345 	0.198119 	0.150674 	0.069191 	 0.015255 
0.091510 	0.194838 	0.148816 	0.067749 	 0.014845 
0.083346 	0.197482 	0.150272 	0.067419 	 0.015167 
0.076533 	0.202715 	0.153886 	0.071371 	 0.015780 
0.105392 	0.180930 	0.139388 	0.058414 	 0.013562 
0.099667 	0.186426 	0.142750 	0.062082 	 0.013472 
0.099467 	0.186185 	0.143122 	0.061283 	 0.013758 
0.085511 	0.191651 	0.146579 	0.064184 	 0.015313 
0.100644 	0.184304 	0.141926 	0.060692 	 0.013874 
0.089091 	0.186039 	0.142699 	0.064252 	 0.015492 
0.090623 	0.197735 	0.149998 	0.072305 	 0.014834 
0.083115 	0.196244 	0.150218 	0.068060 	 0.015807 
0.095574 	0.192770 	0.147768 	0.065864 	 0.015183 
0.093316 	0.181464 	0.140283 	0.058411 	 0.014868 
0.084928 	0.194582 	0.148571 	0.068376 	 0.015555 
0.083295 	0.191399 	0.146896 	0.063341 	 0.015134 
0.084150 	0.196596 	0.150206 	0.069125 	 0.016151 
0.090402 	0.195479 	0.150023 	0.068490 	 0.015573 
0.090477 	0.188272 	0.144990 	0.059695 	 0.014895 
0.113717 	0.174960 	0.136444 	0.054606 	 0.013418 
0.091359 	0.201268 	0.153514 	0.069483 	 0.014898 
0.090168 	0.176133 	0.137032 	0.053143 	 0.014227 
0.106470 	0.180752 	0.140759 	0.055942 	 0.014474 
0.099418 	0.179291 	0.139550 	0.054210 	 0.013991 
0.092793 	0.191944 	0.147903 	0.062498 	 0.014645 
0.092796 	0.192183 	0.148273 	0.062636 	 0.015533 
0.102709 	0.182306 	0.141367 	0.059452 	 0.014198 
0.093271 	0.181520 	0.140689 	0.060680 	 0.015000 
0.089679 	0.197330 	0.151674 	0.064855 	 0.015278 
0.101528 	0.180249 	0.140499 	0.056750 	 0.014510 
0.100631 	0.173909 	0.136123 	0.052290 	 0.013769 
0.096307 	0.190200 	0.146916 	0.061951 	 0.014714 
0.088678 	0.197643 	0.151747 	0.067825 	 0.015857 
0.095724 	0.186096 	0.144689 	0.055735 	 0.014752 
0.090147 	0.176858 	0.138004 	0.054219 	 0.014127 
0.109812 	0.175715 	0.138058 	0.053009 	 0.013680 
0.078417 	0.196978 	0.151668 	0.067458 	 0.016169 
0.096834 	0.184797 	0.143564 	0.059884 	 0.013870 
0.094015 	0.181680 	0.141677 	0.056585 	 0.015037 
0.088126 	0.186645 	0.145219 	0.058309 	 0.015633 
0.092514 	0.190121 	0.147872 	0.059420 	 0.015398 
0.101108 	0.174182 	0.136784 	0.055124 	 0.014329 
0.070488 	0.208503 	0.159338 	0.074114 	 0.016242 
