di 	gli 	gal 	gos3 	 gos4 
0.425560 	0.021127 	0.012609 	0.013995 	 -0.002091 
0.417541 	0.035834 	0.022105 	0.028451 	 -0.000336 
0.441969 	0.031105 	0.017939 	0.037350 	 -0.001158 
0.418961 	0.053193 	0.032519 	0.052956 	 0.000725 
0.429229 	0.052038 	0.031736 	0.052193 	 0.000103 
0.420558 	0.060175 	0.037294 	0.057524 	 0.000830 
0.412927 	0.059469 	0.036592 	0.057827 	 0.001219 
0.429457 	0.049293 	0.030115 	0.049224 	 -0.000088 
0.424329 	0.058339 	0.035926 	0.055544 	 0.000259 
0.419231 	0.058662 	0.035738 	0.056700 	 0.000252 
0.423962 	0.047085 	0.028390 	0.049483 	 0.000252 
0.409241 	0.059225 	0.036137 	0.058917 	 0.001374 
0.411555 	0.056604 	0.034229 	0.056190 	 0.000493 
0.416781 	0.049083 	0.029413 	0.052342 	 0.000478 
0.400506 	0.075133 	0.046777 	0.067601 	 0.001596 
0.415241 	0.060751 	0.036885 	0.062540 	 0.001339 
0.407115 	0.061280 	0.037755 	0.057952 	 0.001528 
0.412691 	0.067037 	0.041249 	0.064086 	 0.001038 
0.401661 	0.063032 	0.038767 	0.060677 	 0.001299 
0.408651 	0.057973 	0.035846 	0.056188 	 0.001705 
0.396784 	0.077061 	0.047854 	0.070293 	 0.002746 
0.400592 	0.073091 	0.045841 	0.063339 	 0.001932 
0.410555 	0.058476 	0.035730 	0.056063 	 0.000475 
0.388665 	0.076479 	0.047506 	0.071387 	 0.003278 
0.409676 	0.061650 	0.037578 	0.061247 	 0.000933 
0.393839 	0.077305 	0.047959 	0.070312 	 0.002329 
0.396182 	0.072565 	0.045224 	0.066309 	 0.002567 
0.395212 	0.067557 	0.041634 	0.064253 	 0.002025 
0.402036 	0.059762 	0.036991 	0.057363 	 0.001992 
0.388950 	0.079159 	0.049531 	0.071153 	 0.003104 
0.387070 	0.076434 	0.047616 	0.070921 	 0.002872 
0.386713 	0.078037 	0.048278 	0.074168 	 0.003335 
0.390414 	0.075917 	0.047198 	0.070387 	 0.002851 
0.389936 	0.076444 	0.047481 	0.070936 	 0.002969 
0.392698 	0.073558 	0.045534 	0.067895 	 0.002476 
0.394412 	0.067307 	0.041823 	0.062648 	 0.002299 
0.386422 	0.075583 	0.046679 	0.071805 	 0.002931 
0.384854 	0.075392 	0.046773 	0.071526 	 0.003126 
0.382799 	0.078016 	0.048417 	0.073758 	 0.003371 
0.375483 	0.083950 	0.052372 	0.075625 	 0.003983 
0.381561 	0.074763 	0.046345 	0.068487 	 0.002937 
0.368160 	0.083360 	0.051856 	0.074017 	 0.003707 
0.367177 	0.097906 	0.061151 	0.087324 	 0.004458 
0.382955 	0.077735 	0.048329 	0.072363 	 0.003406 
0.383817 	0.077574 	0.048468 	0.073303 	 0.003981 
0.375756 	0.082310 	0.051282 	0.076650 	 0.003720 
0.359604 	0.100414 	0.063109 	0.087598 	 0.005290 
0.369357 	0.087122 	0.054435 	0.076878 	 0.003637 
0.369733 	0.084640 	0.052895 	0.075417 	 0.003604 
0.365126 	0.098945 	0.062172 	0.084410 	 0.004216 
0.375662 	0.083564 	0.051907 	0.074950 	 0.002866 
0.363629 	0.083348 	0.052169 	0.074599 	 0.003915 
0.360977 	0.091931 	0.057814 	0.080226 	 0.004252 
0.371710 	0.089582 	0.056739 	0.075436 	 0.003914 
0.358186 	0.092545 	0.058059 	0.080314 	 0.004451 
0.349375 	0.098644 	0.062121 	0.084257 	 0.004965 
0.355718 	0.097732 	0.061786 	0.083595 	 0.004847 
0.353847 	0.097531 	0.061501 	0.083311 	 0.004704 
0.340136 	0.107693 	0.067715 	0.091654 	 0.005126 
0.361280 	0.092668 	0.058294 	0.083305 	 0.005198 
0.358526 	0.092425 	0.058523 	0.080533 	 0.004555 
0.343502 	0.110735 	0.070055 	0.093653 	 0.005779 
0.353854 	0.091616 	0.057341 	0.081718 	 0.004278 
0.355847 	0.093424 	0.058573 	0.083170 	 0.004774 
0.349129 	0.099121 	0.062471 	0.085948 	 0.005564 
0.328878 	0.117804 	0.074724 	0.098243 	 0.006975 
0.350429 	0.087326 	0.054696 	0.077934 	 0.004505 
0.341600 	0.103373 	0.065050 	0.090374 	 0.005437 
0.340127 	0.107965 	0.068314 	0.092014 	 0.006236 
0.337017 	0.109387 	0.069473 	0.092449 	 0.006521 
0.355194 	0.097576 	0.061536 	0.086015 	 0.004854 
0.345014 	0.096409 	0.060643 	0.083199 	 0.005133 
0.343240 	0.106426 	0.067268 	0.092492 	 0.005752 
0.335989 	0.114394 	0.072670 	0.096684 	 0.006302 
0.337658 	0.110278 	0.069701 	0.094518 	 0.006155 
0.347945 	0.099243 	0.062672 	0.085253 	 0.005447 
0.338907 	0.108551 	0.068640 	0.091726 	 0.005568 
0.346297 	0.103667 	0.065478 	0.088708 	 0.005316 
0.344075 	0.101057 	0.064096 	0.085505 	 0.005472 
0.327423 	0.113659 	0.072031 	0.094497 	 0.006403 
0.348328 	0.093559 	0.059033 	0.079812 	 0.004283 
0.327079 	0.108864 	0.069035 	0.090132 	 0.006238 
0.335371 	0.101686 	0.064465 	0.086868 	 0.006068 
0.336212 	0.103481 	0.066158 	0.084771 	 0.006075 
0.346982 	0.091290 	0.057564 	0.079232 	 0.004570 
0.345736 	0.098698 	0.062733 	0.084423 	 0.005810 
0.326599 	0.113398 	0.072328 	0.092282 	 0.006321 
0.329016 	0.102615 	0.065461 	0.085894 	 0.006060 
0.326847 	0.109196 	0.069167 	0.092866 	 0.005905 
0.332736 	0.104860 	0.066517 	0.088534 	 0.005485 
0.339302 	0.098988 	0.062882 	0.084250 	 0.005545 
0.329849 	0.104008 	0.066134 	0.088598 	 0.006100 
0.329410 	0.113279 	0.071881 	0.094051 	 0.006615 
0.323324 	0.120318 	0.076653 	0.100837 	 0.007220 
0.328405 	0.104816 	0.066465 	0.090478 	 0.006224 
0.334893 	0.100806 	0.064041 	0.084737 	 0.005748 
0.318919 	0.123341 	0.078712 	0.100575 	 0.007516 
0.336711 	0.104604 	0.066504 	0.089415 	 0.006211 
0.328691 	0.109539 	0.070121 	0.089295 	 0.006302 
0.318297 	0.115915 	0.074126 	0.096011 	 0.007469 
0.331465 	0.108796 	0.069446 	0.089777 	 0.006040 
0.317353 	0.121853 	0.078246 	0.095219 	 0.007026 
0.321628 	0.114628 	0.073221 	0.094290 	 0.006824 
0.322435 	0.110540 	0.070319 	0.091303 	 0.006491 
0.326592 	0.114094 	0.072907 	0.093472 	 0.006021 
0.322123 	0.110356 	0.070653 	0.090319 	 0.006715 
0.320010 	0.109716 	0.069911 	0.089770 	 0.006336 
0.326133 	0.116890 	0.075041 	0.095173 	 0.006916 
0.319397 	0.110856 	0.071038 	0.090956 	 0.006708 
0.316077 	0.120120 	0.077362 	0.095960 	 0.007122 
0.311575 	0.130935 	0.084623 	0.101253 	 0.007830 
0.321882 	0.123811 	0.079387 	0.099170 	 0.006871 
0.314689 	0.124644 	0.080126 	0.101739 	 0.007986 
0.329677 	0.110020 	0.070573 	0.088227 	 0.006130 
0.318828 	0.110831 	0.070868 	0.090264 	 0.006775 
0.309612 	0.125379 	0.080745 	0.096525 	 0.006870 
0.315337 	0.122493 	0.078550 	0.099069 	 0.007676 
0.316430 	0.116127 	0.074737 	0.092925 	 0.007387 
0.321867 	0.111883 	0.072049 	0.090731 	 0.007041 
0.318190 	0.113284 	0.072663 	0.090589 	 0.006138 
0.313005 	0.116076 	0.074615 	0.093637 	 0.007216 
0.319734 	0.118723 	0.076085 	0.096194 	 0.006416 
0.302536 	0.138037 	0.089289 	0.106015 	 0.008414 
0.298015 	0.137562 	0.088629 	0.106781 	 0.008023 
0.286282 	0.148789 	0.095571 	0.116226 	 0.008728 
0.299176 	0.139668 	0.090262 	0.109214 	 0.008500 
0.299349 	0.133349 	0.085689 	0.107262 	 0.008005 
0.317946 	0.118672 	0.077039 	0.090420 	 0.006563 
0.303580 	0.136616 	0.088786 	0.103411 	 0.008470 
0.308226 	0.123320 	0.079539 	0.095422 	 0.006558 
0.300841 	0.134330 	0.086790 	0.105928 	 0.008225 
0.286417 	0.140835 	0.091200 	0.107413 	 0.008948 
0.300241 	0.130257 	0.084055 	0.101033 	 0.007403 
0.306313 	0.131539 	0.084944 	0.104202 	 0.007794 
0.304681 	0.132220 	0.085447 	0.103041 	 0.007872 
0.304999 	0.118429 	0.076127 	0.093742 	 0.006818 
0.288514 	0.134447 	0.087272 	0.102592 	 0.008470 
0.297041 	0.137869 	0.089721 	0.102924 	 0.008299 
0.310380 	0.132829 	0.086061 	0.099681 	 0.006555 
0.297146 	0.132626 	0.086008 	0.102037 	 0.008167 
0.288623 	0.136483 	0.088312 	0.105522 	 0.008779 
0.281292 	0.145451 	0.093742 	0.113431 	 0.008636 
0.295349 	0.129215 	0.083679 	0.100096 	 0.008115 
0.307643 	0.122663 	0.079705 	0.093077 	 0.007105 
0.304605 	0.130577 	0.084862 	0.100195 	 0.007582 
0.296443 	0.139826 	0.091330 	0.103784 	 0.008407 
0.286982 	0.142545 	0.092702 	0.105893 	 0.008254 
0.290875 	0.140190 	0.091161 	0.103477 	 0.008076 
0.283877 	0.139752 	0.090796 	0.105848 	 0.009017 
0.291214 	0.126493 	0.082494 	0.093735 	 0.007622 
0.289463 	0.140941 	0.091300 	0.106447 	 0.008507 
0.294246 	0.130453 	0.084694 	0.097499 	 0.007546 
0.281020 	0.140498 	0.091262 	0.103254 	 0.007756 
0.297648 	0.130819 	0.084863 	0.101365 	 0.007864 
0.290188 	0.131551 	0.085851 	0.097377 	 0.008262 
0.293111 	0.134638 	0.087463 	0.102001 	 0.008429 
0.286500 	0.138085 	0.090143 	0.101912 	 0.008415 
0.275361 	0.148340 	0.096756 	0.108259 	 0.009034 
0.290780 	0.137883 	0.089897 	0.100681 	 0.007847 
0.285969 	0.135924 	0.088562 	0.100813 	 0.007826 
0.291290 	0.133970 	0.087409 	0.098779 	 0.007476 
0.283409 	0.137817 	0.089635 	0.101783 	 0.007828 
0.283806 	0.145182 	0.094598 	0.105630 	 0.007758 
0.281531 	0.148930 	0.096778 	0.111329 	 0.008930 
0.298521 	0.136697 	0.089411 	0.100664 	 0.007618 
0.285868 	0.138772 	0.090675 	0.099834 	 0.007979 
0.276983 	0.151017 	0.098461 	0.110364 	 0.009073 
0.286108 	0.145773 	0.095238 	0.106157 	 0.008108 
0.273325 	0.148692 	0.097006 	0.108430 	 0.008657 
0.276349 	0.151693 	0.099466 	0.109234 	 0.009074 
0.291949 	0.135879 	0.088644 	0.101254 	 0.007905 
0.267927 	0.153384 	0.100188 	0.111064 	 0.009359 
0.275812 	0.150368 	0.098366 	0.109133 	 0.009181 
0.273891 	0.148391 	0.096761 	0.109424 	 0.009109 
0.274540 	0.155477 	0.101862 	0.111899 	 0.009219 
0.268912 	0.159168 	0.104345 	0.113073 	 0.008988 
0.271282 	0.158680 	0.103924 	0.115566 	 0.009774 
0.261431 	0.157108 	0.102574 	0.112496 	 0.009022 
0.278796 	0.148079 	0.096741 	0.107243 	 0.008562 
0.275000 	0.154992 	0.101551 	0.110859 	 0.008893 
0.268596 	0.152621 	0.100244 	0.107989 	 0.008698 
0.261265 	0.158749 	0.104463 	0.110905 	 0.010129 
0.279408 	0.143732 	0.094505 	0.102655 	 0.008818 
0.256579 	0.174052 	0.114105 	0.124349 	 0.010471 
0.252014 	0.170484 	0.111855 	0.121585 	 0.011003 
0.266140 	0.154852 	0.101989 	0.107825 	 0.009736 
0.262895 	0.156705 	0.102826 	0.111442 	 0.009586 
0.264885 	0.150270 	0.098909 	0.107663 	 0.010021 
0.267386 	0.154691 	0.101230 	0.111573 	 0.009641 
0.266814 	0.162771 	0.106957 	0.119006 	 0.010512 
0.253583 	0.172115 	0.113258 	0.118441 	 0.010321 
0.252198 	0.172846 	0.113477 	0.121272 	 0.010743 
0.257836 	0.172347 	0.113016 	0.122981 	 0.010589 
0.255381 	0.174964 	0.115202 	0.122037 	 0.011024 
0.258949 	0.168357 	0.111064 	0.115848 	 0.010285 
0.269899 	0.155967 	0.102883 	0.108576 	 0.009091 
0.257336 	0.161715 	0.106621 	0.111541 	 0.009923 
0.259297 	0.167196 	0.110125 	0.114747 	 0.009552 
0.266701 	0.160319 	0.106158 	0.110045 	 0.009581 
0.268103 	0.160743 	0.106380 	0.110131 	 0.009711 
0.254592 	0.162680 	0.107287 	0.111437 	 0.009708 
0.261235 	0.169505 	0.111734 	0.116957 	 0.009283 
0.260494 	0.171721 	0.113253 	0.118348 	 0.009783 
0.257268 	0.165108 	0.109067 	0.114274 	 0.010229 
0.265153 	0.165255 	0.109397 	0.115398 	 0.009831 
0.266386 	0.159787 	0.105785 	0.109264 	 0.009465 
0.246326 	0.174147 	0.114874 	0.119601 	 0.010508 
0.250347 	0.172622 	0.114103 	0.115628 	 0.010232 
0.257179 	0.165946 	0.109623 	0.113766 	 0.009769 
0.245783 	0.175510 	0.116022 	0.119424 	 0.010577 
0.261907 	0.161448 	0.107009 	0.109077 	 0.008942 
0.253697 	0.170250 	0.112747 	0.115848 	 0.009906 
0.254086 	0.172526 	0.113974 	0.116385 	 0.009538 
0.255986 	0.165371 	0.109581 	0.112998 	 0.010270 
0.252863 	0.166212 	0.110104 	0.113425 	 0.010022 
0.258592 	0.156856 	0.103928 	0.106318 	 0.008979 
0.242101 	0.176888 	0.117298 	0.119862 	 0.010933 
0.255836 	0.164819 	0.109380 	0.110974 	 0.009498 
0.246137 	0.172828 	0.114027 	0.118188 	 0.009703 
0.255846 	0.162269 	0.107814 	0.109401 	 0.009663 
0.247608 	0.178056 	0.118308 	0.120050 	 0.010789 
0.254514 	0.162047 	0.107709 	0.109754 	 0.009826 
0.251060 	0.163516 	0.108576 	0.109948 	 0.009912 
0.251061 	0.165312 	0.109997 	0.111129 	 0.010136 
0.253309 	0.171937 	0.114022 	0.115941 	 0.010228 
0.246822 	0.172663 	0.114749 	0.114683 	 0.010093 
0.245083 	0.172018 	0.113987 	0.117160 	 0.010783 
0.248899 	0.166835 	0.111080 	0.110272 	 0.010075 
0.243703 	0.172329 	0.114512 	0.115651 	 0.010714 
0.238169 	0.174324 	0.115679 	0.116806 	 0.010497 
0.242033 	0.177223 	0.117608 	0.119584 	 0.010663 
0.238466 	0.171735 	0.114292 	0.112723 	 0.010569 
0.240420 	0.179661 	0.119346 	0.118764 	 0.010871 
0.234993 	0.179337 	0.118930 	0.122405 	 0.011538 
0.238427 	0.188184 	0.124936 	0.123901 	 0.010862 
0.228760 	0.177947 	0.118472 	0.116041 	 0.011589 
0.234292 	0.181794 	0.120306 	0.120622 	 0.010771 
0.242144 	0.167074 	0.111496 	0.107285 	 0.009967 
0.245612 	0.173449 	0.115495 	0.113517 	 0.010137 
0.235429 	0.178697 	0.119139 	0.114966 	 0.010730 
0.244711 	0.171524 	0.114581 	0.110857 	 0.010126 
0.243538 	0.171124 	0.114428 	0.109685 	 0.010431 
0.230277 	0.179621 	0.119081 	0.119797 	 0.010625 
0.224472 	0.194294 	0.128703 	0.130945 	 0.012195 
0.229824 	0.180710 	0.120221 	0.119140 	 0.011000 
0.237283 	0.171353 	0.114723 	0.108170 	 0.010451 
0.219735 	0.194279 	0.129522 	0.124842 	 0.012060 
0.234119 	0.174075 	0.116260 	0.111961 	 0.010519 
0.236501 	0.185019 	0.123378 	0.117950 	 0.010460 
0.235040 	0.184428 	0.122910 	0.119617 	 0.010409 
0.233802 	0.184125 	0.123001 	0.119310 	 0.011270 
0.224702 	0.188450 	0.126009 	0.120758 	 0.011885 
0.233959 	0.183160 	0.122209 	0.117673 	 0.010528 
0.233219 	0.192536 	0.128959 	0.122948 	 0.011795 
0.217551 	0.195651 	0.130809 	0.123960 	 0.012301 
0.231757 	0.189904 	0.127078 	0.120038 	 0.010710 
0.210269 	0.204550 	0.136484 	0.131325 	 0.012342 
0.220971 	0.198480 	0.133027 	0.125111 	 0.012441 
0.215225 	0.196138 	0.131190 	0.122692 	 0.011847 
0.231218 	0.187165 	0.125685 	0.117362 	 0.011353 
0.224281 	0.204505 	0.136330 	0.131817 	 0.011654 
0.210357 	0.197849 	0.132022 	0.126086 	 0.011917 
0.223132 	0.199725 	0.133285 	0.127191 	 0.011484 
0.242696 	0.182384 	0.122604 	0.113861 	 0.010022 
0.227226 	0.180332 	0.120977 	0.111529 	 0.010528 
0.219505 	0.194915 	0.130614 	0.121906 	 0.011391 
0.226941 	0.186007 	0.124952 	0.117197 	 0.011507 
0.227913 	0.186850 	0.124661 	0.119821 	 0.010392 
0.219330 	0.195850 	0.131523 	0.124119 	 0.012498 
0.214972 	0.196124 	0.131754 	0.124221 	 0.012795 
0.225730 	0.190083 	0.127527 	0.119754 	 0.011314 
0.218834 	0.194322 	0.130569 	0.122548 	 0.012277 
0.207871 	0.202638 	0.135941 	0.126539 	 0.012567 
0.196927 	0.224461 	0.150021 	0.141004 	 0.013735 
0.216872 	0.202681 	0.135660 	0.129679 	 0.012373 
0.218855 	0.186920 	0.126001 	0.113278 	 0.011343 
0.218461 	0.195864 	0.131159 	0.124185 	 0.011397 
0.218360 	0.197199 	0.132934 	0.120273 	 0.012182 
0.210736 	0.198552 	0.133428 	0.123821 	 0.012362 
0.225216 	0.193068 	0.130153 	0.118842 	 0.011205 
0.230837 	0.186035 	0.125606 	0.113811 	 0.010995 
0.206301 	0.204235 	0.137334 	0.128505 	 0.012597 
0.212307 	0.195389 	0.132147 	0.117309 	 0.011840 
0.214873 	0.202055 	0.136004 	0.125498 	 0.012120 
0.213383 	0.204949 	0.138115 	0.126156 	 0.012114 
0.220468 	0.198474 	0.133545 	0.123774 	 0.012057 
0.218661 	0.204721 	0.137672 	0.126985 	 0.011367 
0.201032 	0.208995 	0.140463 	0.129415 	 0.012444 
0.212136 	0.205703 	0.138411 	0.128036 	 0.012254 
0.208352 	0.205913 	0.138764 	0.126039 	 0.012495 
0.206117 	0.207821 	0.140391 	0.125981 	 0.012484 
0.210116 	0.199812 	0.135120 	0.121150 	 0.012627 
0.204811 	0.206175 	0.138942 	0.126313 	 0.012148 
0.206362 	0.204092 	0.137603 	0.124026 	 0.011999 
0.209942 	0.201605 	0.135533 	0.125479 	 0.011665 
0.213998 	0.203175 	0.137765 	0.121075 	 0.012042 
0.208987 	0.209863 	0.141822 	0.126551 	 0.012238 
0.202010 	0.211236 	0.142677 	0.126442 	 0.012365 
0.199247 	0.218196 	0.147311 	0.130540 	 0.012776 
0.209823 	0.204076 	0.138005 	0.121034 	 0.011994 
0.216158 	0.195747 	0.132710 	0.116663 	 0.011608 
0.198735 	0.207295 	0.139976 	0.125992 	 0.012490 
0.202702 	0.205453 	0.138777 	0.125806 	 0.012632 
0.206460 	0.205151 	0.138702 	0.122503 	 0.011651 
0.203785 	0.205549 	0.139141 	0.122867 	 0.012517 
0.198683 	0.211644 	0.143254 	0.127715 	 0.013262 
0.208894 	0.199484 	0.135099 	0.119410 	 0.011565 
0.208026 	0.205921 	0.139642 	0.122092 	 0.011896 
0.202698 	0.209354 	0.141741 	0.124062 	 0.011880 
0.203789 	0.208668 	0.141454 	0.122951 	 0.012385 
0.215625 	0.194279 	0.132231 	0.112873 	 0.011088 
0.218842 	0.197426 	0.134142 	0.115218 	 0.010838 
0.214394 	0.189593 	0.129186 	0.109349 	 0.010984 
0.198761 	0.205751 	0.139207 	0.123683 	 0.012687 
0.200533 	0.207330 	0.140245 	0.126785 	 0.012548 
0.209897 	0.203751 	0.138382 	0.119272 	 0.011636 
0.205351 	0.196349 	0.133490 	0.115421 	 0.011963 
0.199580 	0.203151 	0.137803 	0.119210 	 0.011859 
0.203570 	0.204810 	0.138997 	0.120507 	 0.011790 
0.204163 	0.203572 	0.138584 	0.119168 	 0.012478 
0.200928 	0.204300 	0.138508 	0.122826 	 0.012719 
0.198843 	0.208794 	0.141494 	0.124214 	 0.012328 
0.204657 	0.205067 	0.139685 	0.117273 	 0.011739 
0.195414 	0.213656 	0.144741 	0.126889 	 0.012285 
0.202607 	0.200330 	0.136259 	0.117715 	 0.012090 
0.194299 	0.202307 	0.137424 	0.118698 	 0.011955 
0.185109 	0.213067 	0.144598 	0.124337 	 0.012221 
0.199849 	0.205100 	0.139436 	0.119067 	 0.012158 
0.195504 	0.207896 	0.141180 	0.123024 	 0.012509 
0.202909 	0.206620 	0.140624 	0.120052 	 0.011787 
0.207589 	0.203975 	0.139479 	0.114885 	 0.011659 
0.196907 	0.213969 	0.145767 	0.121501 	 0.012235 
0.198677 	0.208246 	0.141941 	0.120776 	 0.012193 
0.190100 	0.223079 	0.151350 	0.132583 	 0.012850 
0.197932 	0.204387 	0.139772 	0.116165 	 0.011988 
0.196725 	0.208861 	0.142258 	0.121864 	 0.012648 
0.200152 	0.207976 	0.141644 	0.120643 	 0.011521 
0.210029 	0.196681 	0.134472 	0.110917 	 0.010933 
0.187586 	0.222855 	0.151670 	0.129117 	 0.013114 
0.197006 	0.204706 	0.140060 	0.116568 	 0.012074 
0.184835 	0.215434 	0.146986 	0.123193 	 0.012868 
0.188763 	0.223897 	0.152626 	0.129900 	 0.013227 
0.185292 	0.222215 	0.151767 	0.127426 	 0.013460 
0.196412 	0.206251 	0.141262 	0.113808 	 0.011688 
0.177230 	0.214555 	0.146757 	0.121985 	 0.013688 
0.180614 	0.215575 	0.147078 	0.123021 	 0.013294 
0.195837 	0.210337 	0.143714 	0.119087 	 0.012455 
0.187119 	0.217711 	0.148445 	0.123767 	 0.012779 
0.165811 	0.232743 	0.158170 	0.135748 	 0.014822 
0.180888 	0.217553 	0.148751 	0.122203 	 0.012995 
0.181172 	0.223078 	0.152300 	0.127205 	 0.013373 
0.183296 	0.213722 	0.146153 	0.120608 	 0.012732 
0.172644 	0.230539 	0.156882 	0.133629 	 0.013979 
0.185697 	0.215263 	0.147695 	0.120935 	 0.013491 
0.176174 	0.226251 	0.154228 	0.128949 	 0.013672 
0.182812 	0.218973 	0.149896 	0.122917 	 0.013028 
0.178024 	0.215339 	0.147414 	0.121620 	 0.013121 
0.190191 	0.211274 	0.145105 	0.116735 	 0.012412 
0.179949 	0.216990 	0.148936 	0.120806 	 0.013135 
0.179175 	0.224519 	0.153555 	0.125221 	 0.013565 
0.174364 	0.229899 	0.157130 	0.129491 	 0.013626 
0.169596 	0.231446 	0.157880 	0.132404 	 0.014083 
0.169017 	0.227144 	0.155535 	0.126094 	 0.013897 
0.186469 	0.221632 	0.152128 	0.123067 	 0.012900 
0.175361 	0.227575 	0.156402 	0.124263 	 0.013683 
0.173899 	0.224152 	0.153849 	0.123586 	 0.013470 
0.180373 	0.222546 	0.152827 	0.122782 	 0.013042 
0.193845 	0.209532 	0.144481 	0.114423 	 0.012448 
0.184826 	0.220330 	0.151279 	0.121783 	 0.013176 
0.170044 	0.232846 	0.159867 	0.130018 	 0.014355 
0.183042 	0.220016 	0.151261 	0.121594 	 0.013393 
0.168054 	0.223054 	0.153484 	0.121650 	 0.013544 
0.179734 	0.226339 	0.155585 	0.123421 	 0.012874 
0.183394 	0.217556 	0.149614 	0.118180 	 0.011962 
0.171553 	0.231466 	0.158812 	0.128183 	 0.013622 
0.161590 	0.234366 	0.161052 	0.129020 	 0.014577 
0.178708 	0.233456 	0.160745 	0.125708 	 0.013984 
0.178635 	0.228955 	0.157355 	0.126075 	 0.013198 
0.174466 	0.225165 	0.155109 	0.124082 	 0.014246 
0.180975 	0.221255 	0.151963 	0.122849 	 0.012591 
0.168805 	0.231154 	0.158689 	0.129546 	 0.014057 
0.181610 	0.224911 	0.155055 	0.123237 	 0.013449 
0.171710 	0.229358 	0.157760 	0.126718 	 0.013839 
0.177556 	0.230348 	0.158522 	0.127954 	 0.014307 
0.182150 	0.226331 	0.156380 	0.122104 	 0.013616 
0.175814 	0.230284 	0.158756 	0.124679 	 0.013736 
0.165641 	0.238009 	0.163817 	0.132649 	 0.014882 
0.174351 	0.223287 	0.154373 	0.117224 	 0.013275 
0.169812 	0.231993 	0.159685 	0.125978 	 0.013825 
0.171599 	0.229567 	0.158177 	0.124731 	 0.013817 
0.170384 	0.234643 	0.161670 	0.127563 	 0.014399 
0.182861 	0.218666 	0.151482 	0.116193 	 0.012990 
0.166884 	0.233710 	0.161260 	0.128144 	 0.014955 
0.166352 	0.235695 	0.162434 	0.125939 	 0.013605 
0.171031 	0.234448 	0.161791 	0.124911 	 0.013499 
0.159842 	0.238501 	0.164470 	0.127723 	 0.014274 
0.163303 	0.241055 	0.165966 	0.131688 	 0.015061 
0.171630 	0.234638 	0.161897 	0.127674 	 0.014112 
0.175492 	0.233625 	0.161524 	0.124731 	 0.013599 
0.158859 	0.234491 	0.162010 	0.124598 	 0.014249 
0.180633 	0.238103 	0.164650 	0.126489 	 0.013404 
0.167663 	0.237596 	0.163675 	0.129718 	 0.013521 
0.175615 	0.228682 	0.158563 	0.120354 	 0.013065 
0.166700 	0.226339 	0.156661 	0.121442 	 0.013706 
0.158336 	0.242193 	0.167304 	0.130032 	 0.014640 
0.162426 	0.245461 	0.169099 	0.132376 	 0.014066 
0.171545 	0.227452 	0.157710 	0.119496 	 0.012909 
0.187879 	0.217005 	0.151550 	0.111106 	 0.012444 
0.167874 	0.234187 	0.162295 	0.122953 	 0.013493 
0.164017 	0.245615 	0.169571 	0.131034 	 0.014101 
0.152767 	0.243222 	0.167812 	0.131705 	 0.014485 
0.156771 	0.245660 	0.169887 	0.130222 	 0.014550 
0.166317 	0.238130 	0.164953 	0.124402 	 0.014117 
0.148729 	0.249062 	0.172035 	0.133259 	 0.015149 
0.157029 	0.238922 	0.165472 	0.124934 	 0.014105 
0.165580 	0.237675 	0.164779 	0.123927 	 0.013510 
0.172161 	0.231603 	0.161130 	0.119979 	 0.013426 
0.172845 	0.232436 	0.161673 	0.120322 	 0.013594 
0.163231 	0.245318 	0.169852 	0.132060 	 0.014965 
0.172954 	0.233492 	0.162437 	0.118878 	 0.012849 
0.148780 	0.251319 	0.174027 	0.131912 	 0.015288 
0.154529 	0.248675 	0.172409 	0.129289 	 0.014352 
0.164975 	0.226735 	0.157928 	0.115572 	 0.013173 
0.170129 	0.229167 	0.158951 	0.118525 	 0.012346 
0.159880 	0.231274 	0.161100 	0.120177 	 0.013968 
0.161424 	0.242500 	0.168560 	0.126399 	 0.014212 
0.163309 	0.227715 	0.158647 	0.116474 	 0.013205 
0.160727 	0.233877 	0.162376 	0.122749 	 0.013481 
0.153921 	0.242173 	0.167702 	0.129746 	 0.014193 
0.155574 	0.242289 	0.168327 	0.126882 	 0.014303 
0.158235 	0.236517 	0.164451 	0.123901 	 0.014039 
0.156900 	0.234177 	0.163054 	0.120652 	 0.013677 
0.158972 	0.239998 	0.166480 	0.127871 	 0.014214 
0.159941 	0.240541 	0.167497 	0.122083 	 0.013486 
0.154265 	0.242674 	0.168540 	0.127443 	 0.014504 
0.148585 	0.245783 	0.170590 	0.129083 	 0.014746 
0.166538 	0.227559 	0.159197 	0.115905 	 0.013588 
0.139293 	0.258659 	0.178911 	0.137098 	 0.015369 
0.155643 	0.243183 	0.169295 	0.125297 	 0.014519 
0.141564 	0.258624 	0.179286 	0.136674 	 0.015058 
0.149479 	0.244462 	0.170266 	0.124278 	 0.014264 
0.152171 	0.243120 	0.169248 	0.128035 	 0.014592 
0.162104 	0.239955 	0.167529 	0.121697 	 0.013974 
0.149980 	0.249366 	0.173798 	0.127669 	 0.014282 
0.165444 	0.231715 	0.162149 	0.118280 	 0.013576 
0.160985 	0.240672 	0.167926 	0.124089 	 0.014157 
0.160636 	0.232191 	0.162693 	0.115980 	 0.013451 
0.158670 	0.232427 	0.162938 	0.115347 	 0.013596 
0.153840 	0.248661 	0.173326 	0.126837 	 0.013877 
0.154372 	0.246935 	0.171964 	0.129943 	 0.014442 
0.152041 	0.247834 	0.172932 	0.125499 	 0.014089 
0.148323 	0.249680 	0.174193 	0.127375 	 0.014829 
0.137127 	0.260941 	0.181521 	0.132624 	 0.014752 
0.136534 	0.262099 	0.181706 	0.137887 	 0.015396 
0.150673 	0.248630 	0.173432 	0.127550 	 0.015056 
0.156776 	0.235315 	0.165054 	0.117697 	 0.013914 
0.150093 	0.238627 	0.167132 	0.120697 	 0.014459 
0.154302 	0.245122 	0.171304 	0.123976 	 0.014066 
0.143217 	0.258090 	0.180086 	0.131907 	 0.015316 
0.145117 	0.248771 	0.173836 	0.127078 	 0.015113 
0.150121 	0.249097 	0.174669 	0.124057 	 0.015415 
0.138026 	0.254299 	0.177563 	0.127554 	 0.014939 
0.136712 	0.252541 	0.176513 	0.126795 	 0.015357 
0.160524 	0.235403 	0.165607 	0.113548 	 0.012838 
0.134850 	0.265501 	0.184594 	0.137266 	 0.015233 
0.130765 	0.260433 	0.181321 	0.135625 	 0.015824 
0.136680 	0.257366 	0.179734 	0.128982 	 0.015166 
0.149547 	0.244951 	0.172003 	0.119659 	 0.013986 
0.126301 	0.256866 	0.179664 	0.127556 	 0.015878 
0.140425 	0.254189 	0.177953 	0.123428 	 0.014160 
0.139750 	0.255382 	0.179017 	0.126494 	 0.015457 
0.137338 	0.255142 	0.178756 	0.126809 	 0.014949 
0.139828 	0.261941 	0.183122 	0.130092 	 0.015130 
0.133966 	0.250760 	0.176168 	0.123511 	 0.015486 
0.147932 	0.256109 	0.179636 	0.127262 	 0.015050 
0.137607 	0.258048 	0.180854 	0.128907 	 0.015974 
0.149253 	0.243086 	0.171083 	0.118887 	 0.014435 
0.149534 	0.242810 	0.170937 	0.118473 	 0.014301 
0.146118 	0.246701 	0.173813 	0.118629 	 0.014502 
0.132541 	0.264679 	0.185027 	0.132867 	 0.015568 
0.133373 	0.263993 	0.184955 	0.130088 	 0.015245 
0.134969 	0.261535 	0.183184 	0.130073 	 0.015837 
0.136516 	0.267864 	0.187320 	0.135855 	 0.015678 
0.142627 	0.257692 	0.180975 	0.126925 	 0.015253 
0.135330 	0.256747 	0.180547 	0.123969 	 0.014929 
0.127667 	0.260832 	0.183097 	0.128392 	 0.015542 
0.136454 	0.261393 	0.183469 	0.130030 	 0.015587 
0.123565 	0.269619 	0.189293 	0.135461 	 0.016819 
0.140185 	0.259572 	0.182465 	0.128899 	 0.015894 
0.130826 	0.265844 	0.186209 	0.133602 	 0.016352 
0.143935 	0.253901 	0.178860 	0.122770 	 0.014959 
0.138379 	0.264833 	0.185579 	0.134285 	 0.015475 
0.135493 	0.269119 	0.188686 	0.136248 	 0.016163 
0.135191 	0.263282 	0.185200 	0.128254 	 0.015666 
0.120911 	0.273336 	0.191561 	0.137367 	 0.016643 
0.145519 	0.250873 	0.177506 	0.119167 	 0.015043 
0.148319 	0.251126 	0.177733 	0.117389 	 0.014672 
0.142780 	0.256923 	0.181325 	0.124659 	 0.015278 
0.129706 	0.269806 	0.189492 	0.135037 	 0.016041 
0.129052 	0.276045 	0.193624 	0.138040 	 0.016602 
0.132238 	0.262667 	0.185251 	0.127504 	 0.016012 
0.109541 	0.282643 	0.197735 	0.144450 	 0.017570 
0.145821 	0.258820 	0.182521 	0.125364 	 0.014175 
0.143307 	0.253723 	0.179560 	0.120298 	 0.014409 
0.153530 	0.233949 	0.167030 	0.106059 	 0.013915 
0.132859 	0.261011 	0.184454 	0.126215 	 0.015475 
0.121956 	0.274130 	0.192954 	0.132216 	 0.015882 
0.135741 	0.269424 	0.189646 	0.131364 	 0.014947 
0.129558 	0.265121 	0.187307 	0.126266 	 0.015635 
0.139272 	0.265485 	0.187504 	0.128493 	 0.015588 
0.122553 	0.268130 	0.189485 	0.127891 	 0.015814 
0.130621 	0.267616 	0.189256 	0.127199 	 0.016148 
0.126342 	0.268738 	0.189910 	0.130638 	 0.016576 
0.125616 	0.268300 	0.189683 	0.127070 	 0.015963 
0.132434 	0.268011 	0.189524 	0.128763 	 0.016222 
0.128708 	0.270911 	0.191456 	0.129432 	 0.015876 
0.142415 	0.258164 	0.182911 	0.121824 	 0.014995 
0.134720 	0.264413 	0.187344 	0.123923 	 0.015373 
0.128894 	0.261497 	0.185523 	0.120278 	 0.015035 
0.127226 	0.271625 	0.192063 	0.130394 	 0.016175 
0.120543 	0.272450 	0.192256 	0.130729 	 0.016352 
0.130601 	0.262370 	0.186227 	0.121856 	 0.015240 
0.128826 	0.263050 	0.186861 	0.123333 	 0.015894 
0.117415 	0.278577 	0.197001 	0.134332 	 0.017233 
0.129887 	0.273255 	0.193768 	0.127429 	 0.015751 
0.129148 	0.273157 	0.193242 	0.128873 	 0.015593 
0.133603 	0.258446 	0.183770 	0.119380 	 0.014847 
0.128518 	0.273676 	0.193540 	0.132207 	 0.015909 
0.145664 	0.252307 	0.179583 	0.115693 	 0.014430 
0.121797 	0.276683 	0.195561 	0.135687 	 0.017246 
0.125446 	0.272546 	0.192961 	0.128157 	 0.015794 
0.113618 	0.286214 	0.202106 	0.136642 	 0.016851 
0.129831 	0.277745 	0.196727 	0.133522 	 0.016803 
0.131073 	0.263499 	0.187423 	0.121747 	 0.015749 
0.123627 	0.273484 	0.193789 	0.131366 	 0.016391 
0.137194 	0.266435 	0.189527 	0.123059 	 0.015381 
0.121361 	0.275217 	0.195303 	0.128503 	 0.016242 
0.125136 	0.272110 	0.193201 	0.127403 	 0.016058 
0.139103 	0.258277 	0.184271 	0.118893 	 0.015242 
0.121165 	0.272851 	0.193775 	0.129115 	 0.016562 
0.130825 	0.264264 	0.188248 	0.121507 	 0.015677 
0.122686 	0.271347 	0.192660 	0.127653 	 0.016102 
0.130957 	0.265290 	0.189362 	0.120969 	 0.015959 
0.123698 	0.270353 	0.192340 	0.126636 	 0.016167 
0.127523 	0.266822 	0.190607 	0.121401 	 0.016122 
0.134460 	0.255415 	0.182445 	0.116347 	 0.015107 
0.141235 	0.258456 	0.184804 	0.118636 	 0.015192 
0.128940 	0.279104 	0.198563 	0.130618 	 0.016609 
0.128250 	0.264137 	0.188851 	0.118504 	 0.015748 
0.115790 	0.278802 	0.197911 	0.132555 	 0.017119 
0.124482 	0.268024 	0.191247 	0.123463 	 0.016073 
0.119267 	0.275416 	0.195811 	0.131763 	 0.016898 
0.122481 	0.270029 	0.192108 	0.128230 	 0.016349 
0.121770 	0.276664 	0.197509 	0.126805 	 0.016981 
0.116579 	0.284936 	0.202809 	0.132235 	 0.017242 
0.120739 	0.277612 	0.197634 	0.127946 	 0.016315 
0.130091 	0.271886 	0.193866 	0.126073 	 0.015748 
0.111864 	0.285967 	0.203403 	0.134613 	 0.017706 
0.104274 	0.286358 	0.203371 	0.135310 	 0.017501 
0.127756 	0.265932 	0.190250 	0.121304 	 0.015950 
0.113247 	0.284117 	0.202284 	0.131608 	 0.016926 
0.122958 	0.277983 	0.198216 	0.128221 	 0.015721 
0.120958 	0.285802 	0.203363 	0.134197 	 0.016796 
0.119366 	0.280893 	0.200606 	0.128722 	 0.017072 
0.117039 	0.274192 	0.195701 	0.126602 	 0.016313 
0.126005 	0.275155 	0.196776 	0.124983 	 0.016163 
0.113931 	0.280993 	0.200219 	0.132043 	 0.017488 
0.129431 	0.269023 	0.192954 	0.121546 	 0.016340 
0.106220 	0.278392 	0.199051 	0.126934 	 0.017356 
0.120734 	0.277250 	0.198230 	0.127873 	 0.017038 
0.115475 	0.271396 	0.194572 	0.122199 	 0.016812 
0.113713 	0.273664 	0.195380 	0.126129 	 0.016237 
0.113369 	0.263939 	0.189688 	0.115401 	 0.016044 
0.120270 	0.271527 	0.193995 	0.126849 	 0.016238 
0.131590 	0.256697 	0.185181 	0.113566 	 0.015919 
0.109988 	0.264528 	0.189319 	0.120203 	 0.015943 
0.119637 	0.272361 	0.195003 	0.121842 	 0.015891 
0.127064 	0.257118 	0.184800 	0.115971 	 0.015215 
0.114873 	0.272890 	0.195926 	0.124239 	 0.017120 
0.130090 	0.261615 	0.188267 	0.115356 	 0.015337 
0.114429 	0.280039 	0.200870 	0.127044 	 0.017108 
0.123241 	0.266193 	0.191298 	0.119655 	 0.016187 
0.121332 	0.267035 	0.191916 	0.118861 	 0.015830 
0.109856 	0.276290 	0.198462 	0.122632 	 0.016922 
0.114947 	0.270256 	0.193922 	0.123025 	 0.016525 
0.131259 	0.256916 	0.185794 	0.111239 	 0.015840 
0.120197 	0.266714 	0.191847 	0.118990 	 0.015768 
0.128432 	0.268504 	0.193208 	0.120135 	 0.016099 
0.123968 	0.255135 	0.185152 	0.107131 	 0.015918 
0.132468 	0.261319 	0.188509 	0.114218 	 0.015295 
0.115208 	0.279523 	0.200287 	0.130135 	 0.016961 
0.110831 	0.287562 	0.205908 	0.132920 	 0.017555 
0.117862 	0.275579 	0.198097 	0.124986 	 0.016919 
0.131442 	0.270221 	0.194841 	0.120798 	 0.016195 
0.118205 	0.276113 	0.198171 	0.127316 	 0.016897 
0.114909 	0.274703 	0.197659 	0.123592 	 0.017197 
0.106804 	0.277400 	0.199689 	0.124716 	 0.018036 
0.110606 	0.284625 	0.204093 	0.129507 	 0.017814 
0.110869 	0.275546 	0.198530 	0.119751 	 0.016682 
0.118881 	0.268189 	0.194173 	0.114201 	 0.016588 
0.440338 	-0.001101 	0.000800 	-0.004108 	 -0.000067 
0.443523 	0.003146 	0.003446 	0.002004 	 0.000961 
0.450171 	0.011577 	0.008523 	0.013741 	 0.001120 
0.449689 	0.009274 	0.007154 	0.013323 	 0.001733 
0.442200 	0.027590 	0.018459 	0.027932 	 0.002122 
0.446488 	0.022447 	0.015709 	0.022047 	 0.002034 
0.428331 	0.034707 	0.023509 	0.031425 	 0.003050 
0.437819 	0.024319 	0.016669 	0.026211 	 0.002451 
0.433001 	0.034740 	0.023732 	0.030240 	 0.003163 
0.430167 	0.025341 	0.016979 	0.028638 	 0.003007 
0.422058 	0.031520 	0.021878 	0.028401 	 0.003952 
0.424390 	0.034856 	0.023354 	0.034777 	 0.003574 
0.439030 	0.028945 	0.019776 	0.026391 	 0.002061 
0.449980 	0.011867 	0.008424 	0.017676 	 0.002360 
0.431495 	0.037588 	0.025306 	0.031131 	 0.002988 
0.416317 	0.047978 	0.031420 	0.043004 	 0.004091 
0.408418 	0.049038 	0.032604 	0.041396 	 0.004366 
0.420121 	0.035257 	0.023691 	0.032215 	 0.003514 
0.402231 	0.049789 	0.032689 	0.043827 	 0.004684 
0.409816 	0.044834 	0.030173 	0.038808 	 0.005026 
0.397115 	0.056109 	0.036493 	0.047984 	 0.005035 
0.396670 	0.053811 	0.035338 	0.049175 	 0.005466 
0.408433 	0.050816 	0.033801 	0.042257 	 0.005204 
0.395903 	0.053178 	0.034833 	0.046162 	 0.005478 
0.390928 	0.053958 	0.035422 	0.048682 	 0.005809 
0.393523 	0.059469 	0.039532 	0.048668 	 0.005776 
0.398124 	0.053960 	0.035606 	0.046367 	 0.005409 
0.387523 	0.049705 	0.032917 	0.044613 	 0.005787 
0.400991 	0.048956 	0.032799 	0.041027 	 0.005139 
0.380386 	0.068428 	0.044870 	0.058267 	 0.007371 
0.393029 	0.056682 	0.037425 	0.049783 	 0.006011 
0.386033 	0.061132 	0.039649 	0.055003 	 0.005989 
0.383508 	0.060008 	0.039896 	0.049542 	 0.006991 
0.398152 	0.051900 	0.034485 	0.043749 	 0.005349 
0.378538 	0.065823 	0.043492 	0.054804 	 0.007265 
0.381717 	0.062596 	0.041411 	0.050984 	 0.006075 
0.384464 	0.057168 	0.037766 	0.049556 	 0.006534 
0.385915 	0.055519 	0.036385 	0.050664 	 0.006403 
0.388503 	0.052035 	0.034227 	0.048249 	 0.006180 
0.373205 	0.061825 	0.040687 	0.052269 	 0.007076 
0.365342 	0.075719 	0.050043 	0.061591 	 0.007829 
0.366538 	0.070601 	0.046138 	0.060355 	 0.007031 
0.377468 	0.062511 	0.041032 	0.051856 	 0.006088 
0.372756 	0.072204 	0.047715 	0.058280 	 0.006945 
0.372011 	0.058679 	0.038654 	0.049545 	 0.006660 
0.375470 	0.065310 	0.043337 	0.054350 	 0.007277 
0.362833 	0.071793 	0.046778 	0.060711 	 0.006965 
0.375911 	0.060804 	0.040375 	0.052610 	 0.007051 
0.368940 	0.064956 	0.042882 	0.053812 	 0.007140 
0.359345 	0.070369 	0.046185 	0.059609 	 0.007882 
0.371981 	0.069561 	0.045742 	0.057553 	 0.006822 
0.370399 	0.059904 	0.039794 	0.048105 	 0.006379 
0.375762 	0.066096 	0.043487 	0.055365 	 0.006801 
0.377274 	0.062413 	0.041056 	0.053682 	 0.006397 
0.357325 	0.080145 	0.052865 	0.066096 	 0.008840 
0.362239 	0.072187 	0.047602 	0.061240 	 0.008095 
0.362196 	0.067509 	0.044379 	0.058938 	 0.007238 
0.348007 	0.084021 	0.055108 	0.068686 	 0.008004 
0.355866 	0.075836 	0.049616 	0.064266 	 0.008016 
0.352574 	0.078016 	0.052135 	0.060680 	 0.008432 
0.359070 	0.068224 	0.045163 	0.056958 	 0.007797 
0.361467 	0.061704 	0.041299 	0.050035 	 0.007593 
0.349945 	0.069557 	0.046215 	0.056344 	 0.008087 
0.342878 	0.076082 	0.050192 	0.062125 	 0.008849 
0.366105 	0.063266 	0.041822 	0.053362 	 0.006907 
0.351070 	0.073184 	0.048157 	0.061185 	 0.007839 
0.346654 	0.078086 	0.051522 	0.063110 	 0.008251 
0.359862 	0.072124 	0.048002 	0.059404 	 0.008675 
0.341405 	0.080753 	0.052901 	0.066628 	 0.008823 
0.335833 	0.084401 	0.055319 	0.069726 	 0.009465 
0.336342 	0.077988 	0.051189 	0.064036 	 0.008569 
0.337205 	0.087335 	0.057650 	0.068285 	 0.009075 
0.336070 	0.080747 	0.053334 	0.065066 	 0.009045 
0.342376 	0.084292 	0.055693 	0.068965 	 0.009460 
0.332830 	0.079300 	0.052334 	0.064433 	 0.008982 
0.345383 	0.067777 	0.044881 	0.056815 	 0.007840 
0.335486 	0.091216 	0.060482 	0.070668 	 0.009445 
0.333482 	0.090460 	0.059582 	0.069242 	 0.008374 
0.334353 	0.089661 	0.059180 	0.071805 	 0.009513 
0.346753 	0.075528 	0.050348 	0.060200 	 0.008230 
0.326107 	0.091043 	0.059756 	0.072640 	 0.009126 
0.330270 	0.085682 	0.056961 	0.066632 	 0.009218 
0.325337 	0.088365 	0.057914 	0.072361 	 0.009474 
0.338078 	0.084760 	0.056295 	0.064876 	 0.008388 
0.322778 	0.099200 	0.065341 	0.077450 	 0.009937 
0.321763 	0.092332 	0.061011 	0.072174 	 0.009662 
0.333110 	0.085960 	0.057122 	0.066251 	 0.008930 
0.333775 	0.075901 	0.050145 	0.060633 	 0.008454 
0.320255 	0.090925 	0.060327 	0.068078 	 0.009241 
0.323521 	0.093016 	0.061821 	0.070343 	 0.009574 
0.333656 	0.086347 	0.057174 	0.069984 	 0.009400 
0.317401 	0.095743 	0.063305 	0.073122 	 0.009621 
0.318973 	0.093610 	0.061844 	0.071834 	 0.009747 
0.324060 	0.086179 	0.057203 	0.067067 	 0.009353 
0.325827 	0.086360 	0.057264 	0.067015 	 0.009083 
0.315616 	0.099396 	0.065938 	0.074760 	 0.009886 
0.330713 	0.085341 	0.056968 	0.065912 	 0.009493 
0.314376 	0.090673 	0.059990 	0.070786 	 0.010078 
0.327818 	0.085611 	0.057035 	0.065215 	 0.008931 
0.325900 	0.093638 	0.062145 	0.070531 	 0.009165 
0.314585 	0.095869 	0.063592 	0.074002 	 0.009807 
0.320504 	0.092149 	0.061075 	0.070278 	 0.009129 
0.319852 	0.089998 	0.060070 	0.066952 	 0.009235 
0.317790 	0.085441 	0.057020 	0.065015 	 0.009524 
0.326949 	0.082474 	0.055008 	0.063941 	 0.008874 
0.304573 	0.099146 	0.065681 	0.076159 	 0.010328 
0.310286 	0.103088 	0.068870 	0.075571 	 0.010586 
0.303210 	0.104713 	0.069252 	0.079251 	 0.010505 
0.313909 	0.098214 	0.064885 	0.076270 	 0.009982 
0.309833 	0.091592 	0.060383 	0.072138 	 0.009458 
0.320903 	0.088535 	0.058917 	0.067471 	 0.008983 
0.290608 	0.107376 	0.071156 	0.080767 	 0.011016 
0.307579 	0.095736 	0.064268 	0.069887 	 0.010194 
0.309074 	0.100698 	0.067104 	0.074334 	 0.010026 
0.296183 	0.111478 	0.073894 	0.083538 	 0.011458 
0.312027 	0.101617 	0.067587 	0.076959 	 0.009974 
0.310762 	0.099084 	0.066115 	0.073786 	 0.010656 
0.316234 	0.096126 	0.064233 	0.070943 	 0.009947 
0.311871 	0.092702 	0.062430 	0.067666 	 0.010377 
0.310321 	0.099013 	0.065913 	0.075516 	 0.010677 
0.303078 	0.098562 	0.065690 	0.073132 	 0.010555 
0.301195 	0.098046 	0.065219 	0.074093 	 0.010444 
0.289412 	0.114473 	0.075749 	0.086707 	 0.011733 
0.308875 	0.102996 	0.068437 	0.076984 	 0.010276 
0.305642 	0.105466 	0.070542 	0.076944 	 0.010537 
0.283779 	0.114054 	0.075489 	0.084195 	 0.011657 
0.293349 	0.113897 	0.075650 	0.086359 	 0.011855 
0.293228 	0.107168 	0.071115 	0.080503 	 0.011031 
0.292008 	0.105018 	0.070046 	0.076259 	 0.010606 
0.288534 	0.117703 	0.078300 	0.084659 	 0.011391 
0.300377 	0.100188 	0.066601 	0.076264 	 0.010257 
0.287983 	0.113152 	0.075442 	0.081744 	 0.011291 
0.282955 	0.112320 	0.074735 	0.082426 	 0.011452 
0.299611 	0.099729 	0.066841 	0.074632 	 0.010798 
0.287133 	0.117003 	0.077890 	0.085910 	 0.012251 
0.283127 	0.114133 	0.075963 	0.083265 	 0.011525 
0.284038 	0.113135 	0.075117 	0.085073 	 0.012166 
0.288674 	0.105108 	0.070185 	0.077907 	 0.011660 
0.293728 	0.104135 	0.069546 	0.074604 	 0.010407 
0.282383 	0.110542 	0.073774 	0.078994 	 0.011052 
0.292844 	0.107372 	0.071842 	0.077806 	 0.011112 
0.300419 	0.101847 	0.068461 	0.073304 	 0.010389 
0.271290 	0.120723 	0.080435 	0.088015 	 0.012653 
0.281269 	0.105436 	0.070435 	0.076903 	 0.011229 
0.263567 	0.127280 	0.084875 	0.090590 	 0.013240 
0.273650 	0.119935 	0.080298 	0.084628 	 0.012585 
0.268208 	0.121639 	0.081045 	0.085812 	 0.011743 
0.289431 	0.114100 	0.076421 	0.081260 	 0.011627 
0.291431 	0.107033 	0.071890 	0.074441 	 0.010523 
0.282903 	0.108636 	0.072896 	0.078094 	 0.011915 
0.282266 	0.107529 	0.071907 	0.078018 	 0.011767 
0.281653 	0.111427 	0.074654 	0.079881 	 0.011872 
0.276911 	0.123508 	0.082642 	0.089054 	 0.012723 
0.286186 	0.117489 	0.079006 	0.081074 	 0.011859 
0.271887 	0.115548 	0.077272 	0.081996 	 0.012322 
0.279805 	0.114946 	0.076632 	0.085108 	 0.011617 
0.278666 	0.111910 	0.074725 	0.080762 	 0.011363 
0.279169 	0.112476 	0.075454 	0.080546 	 0.011765 
0.282055 	0.114209 	0.077084 	0.079289 	 0.012159 
0.270124 	0.121350 	0.080937 	0.088482 	 0.012146 
0.282860 	0.114903 	0.077485 	0.078451 	 0.011519 
0.282438 	0.107596 	0.072483 	0.075034 	 0.011080 
0.277749 	0.110822 	0.074357 	0.079475 	 0.011662 
0.278845 	0.112328 	0.075478 	0.080957 	 0.012195 
0.284303 	0.102363 	0.069021 	0.071494 	 0.010853 
0.281902 	0.103207 	0.068984 	0.076205 	 0.011288 
0.266021 	0.120025 	0.080554 	0.084502 	 0.012296 
0.277234 	0.112303 	0.075637 	0.077458 	 0.011955 
0.285252 	0.104248 	0.070619 	0.071544 	 0.010608 
0.276555 	0.114379 	0.077315 	0.076513 	 0.011069 
0.282952 	0.108264 	0.073079 	0.075183 	 0.011309 
0.285829 	0.105442 	0.071019 	0.074782 	 0.011203 
0.278636 	0.114158 	0.077057 	0.079086 	 0.011571 
0.276391 	0.111908 	0.075358 	0.078383 	 0.011771 
0.273942 	0.107697 	0.072980 	0.073231 	 0.011957 
0.265747 	0.116111 	0.078110 	0.079358 	 0.012079 
0.265345 	0.123804 	0.083124 	0.084899 	 0.011998 
0.263237 	0.130297 	0.087397 	0.089709 	 0.012499 
0.280626 	0.111748 	0.075380 	0.077327 	 0.011257 
0.260950 	0.131396 	0.088045 	0.091497 	 0.013015 
0.270911 	0.107936 	0.073029 	0.072830 	 0.011270 
0.267248 	0.124684 	0.083778 	0.087181 	 0.012526 
0.272523 	0.120264 	0.080737 	0.084524 	 0.011687 
0.265027 	0.121191 	0.081537 	0.082489 	 0.011651 
0.268757 	0.114918 	0.077699 	0.077756 	 0.011495 
0.270192 	0.122033 	0.082763 	0.080823 	 0.011828 
0.268368 	0.120468 	0.081639 	0.081198 	 0.012114 
0.269732 	0.116535 	0.079054 	0.076806 	 0.011911 
0.254724 	0.133989 	0.090098 	0.091948 	 0.013022 
0.273647 	0.112004 	0.075416 	0.077935 	 0.011039 
0.250396 	0.135486 	0.091185 	0.090730 	 0.012743 
0.261686 	0.124803 	0.084110 	0.085651 	 0.012062 
0.259944 	0.128154 	0.086632 	0.085313 	 0.012011 
0.252472 	0.132374 	0.089244 	0.090799 	 0.013312 
0.263098 	0.126420 	0.085415 	0.085287 	 0.012177 
0.258043 	0.120803 	0.081378 	0.083470 	 0.012528 
0.256350 	0.118710 	0.080468 	0.080227 	 0.012504 
0.259746 	0.116581 	0.079214 	0.078059 	 0.012094 
0.249499 	0.127730 	0.086165 	0.085536 	 0.012667 
0.256079 	0.123004 	0.083060 	0.082172 	 0.011947 
0.255449 	0.125486 	0.084875 	0.088127 	 0.013134 
0.257776 	0.123916 	0.084045 	0.081761 	 0.011816 
0.250745 	0.128381 	0.087045 	0.085821 	 0.013043 
0.244183 	0.135640 	0.090976 	0.094968 	 0.013340 
0.249733 	0.133339 	0.090760 	0.083752 	 0.012478 
0.250447 	0.129674 	0.087698 	0.085059 	 0.012404 
0.242007 	0.133156 	0.090282 	0.087564 	 0.013633 
0.242884 	0.132664 	0.089563 	0.089317 	 0.012849 
0.226177 	0.145455 	0.097778 	0.097888 	 0.013881 
0.240627 	0.132906 	0.089651 	0.085997 	 0.012659 
0.237923 	0.138554 	0.094019 	0.090312 	 0.013815 
0.239999 	0.139629 	0.094563 	0.091828 	 0.013136 
0.242190 	0.132126 	0.089486 	0.088276 	 0.013119 
0.232301 	0.145217 	0.097876 	0.098936 	 0.014461 
0.242492 	0.128331 	0.087165 	0.083549 	 0.013045 
0.243612 	0.129920 	0.088247 	0.084940 	 0.013283 
0.233103 	0.136206 	0.092212 	0.088776 	 0.013268 
0.228963 	0.134479 	0.090891 	0.087040 	 0.013096 
0.243076 	0.126361 	0.086297 	0.080058 	 0.012597 
0.242961 	0.136897 	0.092967 	0.086992 	 0.012779 
0.236657 	0.132712 	0.090739 	0.084421 	 0.013342 
0.229025 	0.133298 	0.090279 	0.087715 	 0.013383 
0.232762 	0.140595 	0.095157 	0.091645 	 0.013038 
0.238838 	0.134474 	0.091673 	0.085276 	 0.013027 
0.221220 	0.146189 	0.098957 	0.095096 	 0.014232 
0.234214 	0.127931 	0.087364 	0.081501 	 0.012906 
0.213679 	0.146729 	0.099698 	0.092731 	 0.014312 
0.215678 	0.144893 	0.098180 	0.093006 	 0.013806 
0.218355 	0.147786 	0.100256 	0.095460 	 0.013957 
0.223976 	0.141484 	0.096187 	0.089157 	 0.013484 
0.218427 	0.143721 	0.097609 	0.091386 	 0.013434 
0.216697 	0.151081 	0.102535 	0.097650 	 0.014440 
0.216857 	0.153321 	0.104024 	0.100616 	 0.014946 
0.214849 	0.155931 	0.105536 	0.102223 	 0.014701 
0.209922 	0.152864 	0.103439 	0.099250 	 0.014772 
0.209193 	0.147112 	0.100135 	0.093242 	 0.014826 
0.218626 	0.141890 	0.095873 	0.094743 	 0.013725 
0.207999 	0.149099 	0.101279 	0.095408 	 0.014547 
0.207874 	0.150009 	0.101964 	0.096056 	 0.014816 
0.214803 	0.147396 	0.100320 	0.093340 	 0.014405 
0.212201 	0.149586 	0.101928 	0.093645 	 0.014102 
0.213092 	0.146322 	0.100031 	0.091178 	 0.014349 
0.191308 	0.157172 	0.106953 	0.097373 	 0.015446 
0.194107 	0.153529 	0.104326 	0.096283 	 0.015142 
0.197348 	0.163394 	0.110569 	0.105928 	 0.015847 
0.213628 	0.140787 	0.096239 	0.087111 	 0.013729 
0.213531 	0.148035 	0.101048 	0.091210 	 0.013680 
0.188981 	0.165356 	0.111638 	0.108014 	 0.015240 
0.190665 	0.160801 	0.109503 	0.100218 	 0.015736 
0.195764 	0.159884 	0.108577 	0.099407 	 0.014162 
0.191021 	0.161928 	0.109588 	0.102262 	 0.015079 
0.215028 	0.145963 	0.099905 	0.092303 	 0.014594 
0.197099 	0.155154 	0.105934 	0.094570 	 0.014727 
0.202262 	0.145915 	0.099874 	0.089520 	 0.014000 
0.200347 	0.156315 	0.106823 	0.096184 	 0.015055 
0.191855 	0.159955 	0.108516 	0.099937 	 0.014539 
0.188341 	0.166367 	0.113298 	0.102280 	 0.015312 
0.189444 	0.152804 	0.104330 	0.094926 	 0.015083 
0.195088 	0.161437 	0.110257 	0.098456 	 0.014932 
0.207530 	0.151075 	0.103820 	0.090060 	 0.013923 
0.181803 	0.176224 	0.119364 	0.110771 	 0.016128 
0.181283 	0.166220 	0.113462 	0.100567 	 0.015908 
0.182416 	0.165101 	0.112150 	0.105230 	 0.015771 
0.179979 	0.170700 	0.116653 	0.104035 	 0.016392 
0.184611 	0.166672 	0.113468 	0.104967 	 0.015615 
0.183203 	0.158961 	0.108439 	0.098205 	 0.015462 
0.184865 	0.166603 	0.113353 	0.102950 	 0.015526 
0.186160 	0.162361 	0.110308 	0.100624 	 0.014753 
0.178126 	0.169018 	0.115125 	0.105058 	 0.016451 
0.179967 	0.164973 	0.112566 	0.098615 	 0.014923 
0.182593 	0.162686 	0.110881 	0.097890 	 0.014915 
0.187536 	0.167281 	0.114096 	0.102689 	 0.015358 
0.188495 	0.154943 	0.106098 	0.093388 	 0.015231 
0.193466 	0.151809 	0.104151 	0.092258 	 0.014195 
0.168418 	0.169636 	0.115551 	0.104034 	 0.015961 
0.185570 	0.155957 	0.107129 	0.093737 	 0.015313 
0.173190 	0.171600 	0.116575 	0.107869 	 0.016054 
0.177164 	0.175130 	0.119394 	0.107863 	 0.016325 
0.183919 	0.160175 	0.109578 	0.096721 	 0.015125 
0.190515 	0.165939 	0.113727 	0.098958 	 0.015066 
0.178404 	0.169437 	0.115904 	0.103445 	 0.016013 
0.179165 	0.166922 	0.113735 	0.102120 	 0.014843 
0.181739 	0.170593 	0.116497 	0.103247 	 0.015560 
0.170513 	0.174656 	0.119533 	0.104355 	 0.016185 
0.171272 	0.182790 	0.124330 	0.113015 	 0.016447 
0.182639 	0.159854 	0.109562 	0.095464 	 0.015078 
0.190285 	0.157415 	0.108319 	0.092253 	 0.014192 
0.169682 	0.174980 	0.119672 	0.105019 	 0.016554 
0.182517 	0.162328 	0.111388 	0.098692 	 0.015235 
0.178931 	0.170912 	0.117477 	0.101972 	 0.016246 
0.174268 	0.165605 	0.113362 	0.099131 	 0.015783 
0.181356 	0.150196 	0.103264 	0.090235 	 0.014634 
0.155165 	0.185290 	0.126177 	0.114210 	 0.017844 
0.185436 	0.163039 	0.112080 	0.097935 	 0.015081 
0.172821 	0.166220 	0.114231 	0.098258 	 0.015956 
0.160774 	0.187010 	0.127336 	0.115572 	 0.016856 
0.177601 	0.162228 	0.111784 	0.093616 	 0.015097 
0.166352 	0.182231 	0.124482 	0.111297 	 0.016535 
0.180683 	0.169972 	0.116324 	0.102939 	 0.015617 
0.172002 	0.175739 	0.120664 	0.104041 	 0.015893 
0.185690 	0.160095 	0.110510 	0.092935 	 0.014710 
0.177533 	0.167065 	0.115010 	0.100083 	 0.016100 
0.170903 	0.176456 	0.121222 	0.104319 	 0.016111 
0.186341 	0.167806 	0.115517 	0.099697 	 0.015154 
0.170119 	0.176940 	0.121250 	0.105214 	 0.015690 
0.196462 	0.151338 	0.105093 	0.087901 	 0.014290 
0.181968 	0.168956 	0.116512 	0.099229 	 0.015314 
0.183095 	0.167637 	0.116203 	0.096769 	 0.015390 
0.166296 	0.181304 	0.124297 	0.108812 	 0.016418 
0.181634 	0.168850 	0.116479 	0.098323 	 0.015302 
0.170718 	0.163533 	0.112803 	0.095869 	 0.015188 
0.178859 	0.165470 	0.113802 	0.099376 	 0.015593 
0.168235 	0.177124 	0.121696 	0.104500 	 0.015794 
0.181709 	0.160979 	0.111407 	0.092640 	 0.014613 
0.164856 	0.185774 	0.127640 	0.107525 	 0.016235 
0.172634 	0.171725 	0.118657 	0.098593 	 0.015954 
0.164736 	0.176755 	0.121526 	0.104063 	 0.016413 
0.168438 	0.167651 	0.115330 	0.097926 	 0.014964 
0.166071 	0.172429 	0.118312 	0.101073 	 0.015270 
0.175196 	0.172065 	0.119251 	0.097694 	 0.015708 
0.175521 	0.166272 	0.114515 	0.099085 	 0.015057 
0.183640 	0.159315 	0.110406 	0.092095 	 0.014806 
0.168218 	0.164869 	0.113976 	0.095869 	 0.015104 
0.173878 	0.161048 	0.111476 	0.092575 	 0.014822 
0.176089 	0.173229 	0.120081 	0.097235 	 0.015372 
0.178100 	0.167909 	0.116732 	0.094004 	 0.015425 
0.172053 	0.161847 	0.112490 	0.092194 	 0.015446 
0.162980 	0.181980 	0.125573 	0.103830 	 0.015631 
0.163360 	0.176678 	0.121946 	0.102148 	 0.016377 
0.169368 	0.174728 	0.120934 	0.100578 	 0.015877 
0.177133 	0.168918 	0.117326 	0.096546 	 0.015661 
0.176053 	0.169183 	0.117500 	0.096114 	 0.015523 
0.157694 	0.178496 	0.123281 	0.103013 	 0.016497 
0.162084 	0.180988 	0.124912 	0.104685 	 0.016180 
0.169852 	0.172373 	0.120030 	0.095342 	 0.015843 
0.190217 	0.163105 	0.113651 	0.092172 	 0.014799 
0.170920 	0.167178 	0.116165 	0.095269 	 0.015249 
0.171132 	0.176000 	0.122176 	0.099300 	 0.016109 
0.169839 	0.171435 	0.119180 	0.095911 	 0.015779 
0.165871 	0.172994 	0.120009 	0.099167 	 0.015831 
0.174952 	0.175223 	0.121477 	0.100557 	 0.015594 
0.170414 	0.168614 	0.117418 	0.093259 	 0.015171 
0.160218 	0.178851 	0.123915 	0.102002 	 0.016156 
0.179888 	0.168145 	0.117134 	0.094100 	 0.014892 
0.174755 	0.170380 	0.118683 	0.095289 	 0.015179 
0.169635 	0.168473 	0.117083 	0.095839 	 0.015612 
0.167464 	0.166729 	0.116096 	0.094802 	 0.015683 
0.165444 	0.161382 	0.112733 	0.088450 	 0.015139 
0.163422 	0.168930 	0.117493 	0.093122 	 0.015175 
0.156949 	0.179452 	0.124941 	0.098252 	 0.015941 
0.175066 	0.164793 	0.115388 	0.090156 	 0.015508 
0.157284 	0.181401 	0.125721 	0.103631 	 0.016374 
0.159052 	0.181050 	0.125963 	0.101261 	 0.016355 
0.155299 	0.174404 	0.121541 	0.096309 	 0.015943 
0.153191 	0.178926 	0.124098 	0.102999 	 0.016600 
0.153842 	0.181984 	0.126447 	0.102915 	 0.016535 
0.153375 	0.179960 	0.124699 	0.104094 	 0.016504 
0.150636 	0.180617 	0.125841 	0.101387 	 0.016784 
0.140943 	0.178424 	0.124189 	0.098264 	 0.016799 
0.149349 	0.187710 	0.130240 	0.106713 	 0.017250 
0.144374 	0.183695 	0.128065 	0.099613 	 0.016457 
0.151216 	0.186253 	0.129299 	0.104967 	 0.016617 
0.148184 	0.183466 	0.127440 	0.104933 	 0.016502 
0.152261 	0.184209 	0.128305 	0.102436 	 0.016608 
0.145250 	0.186851 	0.129800 	0.105421 	 0.016770 
0.143176 	0.192644 	0.133540 	0.107724 	 0.016778 
0.139182 	0.191712 	0.133088 	0.109092 	 0.017278 
0.147921 	0.190494 	0.132641 	0.105502 	 0.017165 
0.173044 	0.173234 	0.121540 	0.092468 	 0.015193 
0.146236 	0.190236 	0.132154 	0.106695 	 0.016881 
0.149930 	0.187373 	0.130615 	0.104191 	 0.016917 
0.149167 	0.182574 	0.127290 	0.100730 	 0.016391 
0.142887 	0.189443 	0.132217 	0.104600 	 0.017292 
0.158593 	0.171978 	0.120725 	0.092413 	 0.015609 
0.140403 	0.188164 	0.131412 	0.102501 	 0.017376 
0.139327 	0.188454 	0.131853 	0.102153 	 0.017152 
0.139816 	0.191480 	0.133622 	0.103955 	 0.017132 
0.144389 	0.185432 	0.129154 	0.102978 	 0.016554 
0.154382 	0.177604 	0.124485 	0.096484 	 0.016115 
0.138595 	0.195216 	0.135759 	0.109006 	 0.017569 
0.143452 	0.180765 	0.126605 	0.098669 	 0.016869 
0.135563 	0.198701 	0.138425 	0.108494 	 0.017838 
0.145210 	0.183415 	0.128234 	0.100612 	 0.016711 
0.143765 	0.179914 	0.125394 	0.101337 	 0.016426 
0.129799 	0.187919 	0.131228 	0.101423 	 0.017213 
0.139414 	0.181641 	0.127495 	0.098184 	 0.017203 
0.139137 	0.185270 	0.129559 	0.099248 	 0.016831 
0.144965 	0.178493 	0.124856 	0.096676 	 0.015717 
0.147340 	0.177128 	0.124675 	0.093458 	 0.016278 
0.133192 	0.185085 	0.129842 	0.097735 	 0.016742 
0.139046 	0.176478 	0.124022 	0.095997 	 0.016971 
0.122577 	0.200235 	0.139563 	0.109956 	 0.018168 
0.142851 	0.184289 	0.129390 	0.099307 	 0.016644 
0.135599 	0.188400 	0.132108 	0.100999 	 0.017493 
0.134631 	0.195150 	0.136324 	0.106938 	 0.016912 
0.132314 	0.189272 	0.132787 	0.101414 	 0.017209 
0.128559 	0.196937 	0.137690 	0.105870 	 0.017489 
0.135755 	0.187345 	0.131538 	0.099817 	 0.016748 
0.143897 	0.179212 	0.126566 	0.091635 	 0.016387 
0.122285 	0.191802 	0.134101 	0.102649 	 0.017298 
0.131204 	0.189049 	0.133037 	0.098740 	 0.016996 
0.120652 	0.193224 	0.135320 	0.105752 	 0.018004 
0.138424 	0.178961 	0.126588 	0.091444 	 0.016706 
0.141176 	0.170630 	0.121124 	0.086350 	 0.015701 
0.132901 	0.192170 	0.134970 	0.102372 	 0.017617 
0.127409 	0.191686 	0.135055 	0.099309 	 0.017630 
0.128861 	0.190785 	0.134332 	0.101723 	 0.017487 
0.131302 	0.186121 	0.131140 	0.096767 	 0.016646 
0.127798 	0.192053 	0.135148 	0.101219 	 0.017338 
0.120694 	0.187425 	0.131874 	0.099802 	 0.017485 
0.124315 	0.194417 	0.136534 	0.103578 	 0.017792 
0.136789 	0.181875 	0.128519 	0.094529 	 0.016675 
0.127362 	0.197225 	0.138933 	0.102587 	 0.017533 
0.128852 	0.186625 	0.131997 	0.095674 	 0.017429 
0.133965 	0.188206 	0.132629 	0.100645 	 0.016949 
0.118170 	0.196916 	0.139007 	0.098483 	 0.017761 
0.119721 	0.194903 	0.137002 	0.103238 	 0.017828 
0.120758 	0.198550 	0.140049 	0.103506 	 0.018075 
0.129412 	0.175882 	0.125140 	0.087203 	 0.016513 
0.117672 	0.194191 	0.137025 	0.100855 	 0.017862 
0.119925 	0.192400 	0.135644 	0.101161 	 0.017370 
0.115283 	0.191195 	0.135069 	0.097309 	 0.017829 
0.111468 	0.202395 	0.142098 	0.107954 	 0.018665 
0.118929 	0.189329 	0.133933 	0.096689 	 0.017279 
0.126798 	0.186135 	0.131886 	0.095796 	 0.017470 
0.112814 	0.195224 	0.137946 	0.099357 	 0.017419 
0.111510 	0.192048 	0.135595 	0.099808 	 0.018033 
0.118026 	0.190812 	0.134732 	0.098055 	 0.017267 
0.111848 	0.204369 	0.144041 	0.105423 	 0.018452 
0.116458 	0.191974 	0.135706 	0.097388 	 0.017091 
0.109125 	0.194781 	0.137179 	0.102026 	 0.017901 
0.123167 	0.192847 	0.136337 	0.098692 	 0.017244 
0.117126 	0.192662 	0.135995 	0.098089 	 0.017114 
0.116949 	0.187503 	0.133056 	0.093874 	 0.016960 
0.119621 	0.191804 	0.135735 	0.099299 	 0.017625 
0.118150 	0.196999 	0.138616 	0.105504 	 0.017617 
0.123953 	0.181816 	0.129514 	0.090701 	 0.016843 
0.115451 	0.197718 	0.139496 	0.100968 	 0.017610 
0.125849 	0.180236 	0.127999 	0.092823 	 0.017449 
0.122106 	0.202186 	0.142927 	0.104078 	 0.017299 
0.105593 	0.209832 	0.147453 	0.110274 	 0.018009 
0.097989 	0.206150 	0.144962 	0.107472 	 0.018700 
0.107771 	0.194415 	0.137919 	0.099239 	 0.018244 
0.127812 	0.184448 	0.131673 	0.088770 	 0.016374 
0.101979 	0.202136 	0.142746 	0.105567 	 0.018269 
0.110878 	0.196179 	0.139437 	0.099177 	 0.018372 
0.102977 	0.201043 	0.141995 	0.103596 	 0.018286 
0.100635 	0.206145 	0.145495 	0.107819 	 0.018792 
0.119800 	0.193939 	0.138117 	0.096190 	 0.017553 
0.097998 	0.196966 	0.139574 	0.101013 	 0.018485 
0.103982 	0.198770 	0.141035 	0.100317 	 0.018085 
0.101237 	0.200601 	0.141967 	0.102097 	 0.018032 
0.107385 	0.197210 	0.140086 	0.098748 	 0.018024 
0.105815 	0.194184 	0.138345 	0.096537 	 0.017740 
0.097907 	0.201439 	0.142733 	0.102382 	 0.018056 
0.105637 	0.207084 	0.146794 	0.106735 	 0.018958 
0.103360 	0.212203 	0.149789 	0.112216 	 0.019190 
0.099296 	0.210065 	0.148872 	0.105034 	 0.018829 
0.106190 	0.200230 	0.142324 	0.100730 	 0.017851 
0.093066 	0.210361 	0.148907 	0.107359 	 0.018862 
0.114567 	0.193292 	0.138151 	0.095139 	 0.017569 
0.080007 	0.212322 	0.149923 	0.112343 	 0.020406 
0.092393 	0.212878 	0.150613 	0.108919 	 0.019252 
0.095245 	0.201116 	0.142792 	0.100228 	 0.018325 
0.115803 	0.187276 	0.134047 	0.092157 	 0.017026 
0.102898 	0.198495 	0.141328 	0.098968 	 0.017847 
0.091046 	0.199582 	0.141635 	0.100862 	 0.018785 
0.092670 	0.198922 	0.141094 	0.103592 	 0.018896 
0.096725 	0.205646 	0.145452 	0.107807 	 0.018630 
0.100226 	0.199113 	0.141558 	0.100185 	 0.018165 
0.094699 	0.208108 	0.147839 	0.103111 	 0.018813 
0.089737 	0.209081 	0.148687 	0.105255 	 0.019145 
0.088705 	0.205725 	0.146111 	0.105715 	 0.019589 
0.103698 	0.196529 	0.140373 	0.098736 	 0.018855 
0.100293 	0.193775 	0.138755 	0.094303 	 0.018454 
0.098447 	0.190107 	0.136036 	0.093096 	 0.017709 
0.085805 	0.214503 	0.152121 	0.108171 	 0.019030 
0.092017 	0.204939 	0.146056 	0.103319 	 0.019137 
0.084645 	0.201332 	0.143864 	0.099376 	 0.019180 
0.102734 	0.189059 	0.135878 	0.091515 	 0.017981 
0.097667 	0.197216 	0.141406 	0.094090 	 0.018183 
0.091296 	0.203322 	0.144985 	0.102159 	 0.018776 
0.100903 	0.198178 	0.142125 	0.095256 	 0.018094 
0.089558 	0.203167 	0.145416 	0.098986 	 0.019226 
0.082365 	0.219292 	0.155234 	0.113270 	 0.019451 
0.093995 	0.202412 	0.144318 	0.102645 	 0.019203 
0.090193 	0.195834 	0.140114 	0.096678 	 0.018466 
0.094540 	0.198900 	0.142374 	0.096998 	 0.018350 
0.100369 	0.204149 	0.145565 	0.104573 	 0.019305 
0.097119 	0.204436 	0.146012 	0.100242 	 0.018431 
0.091536 	0.207303 	0.148139 	0.104234 	 0.019339 
0.100715 	0.204685 	0.146853 	0.099615 	 0.019216 
0.072585 	0.222835 	0.157926 	0.113205 	 0.020020 
0.089411 	0.198764 	0.142709 	0.094140 	 0.018129 
0.097942 	0.200666 	0.144325 	0.096235 	 0.018735 
0.089310 	0.202551 	0.145293 	0.098201 	 0.018721 
0.099040 	0.194400 	0.139987 	0.094261 	 0.018369 
0.085098 	0.201067 	0.144800 	0.096281 	 0.019441 
0.089558 	0.208430 	0.149070 	0.104098 	 0.019871 
0.098271 	0.191486 	0.138230 	0.090357 	 0.018299 
0.075720 	0.216675 	0.154539 	0.108254 	 0.019716 
0.092907 	0.201294 	0.144996 	0.097044 	 0.018976 
0.089505 	0.202684 	0.145617 	0.096747 	 0.018487 
0.092146 	0.187176 	0.135403 	0.088550 	 0.018418 
0.093986 	0.197812 	0.142393 	0.094813 	 0.018378 
0.077179 	0.209094 	0.149797 	0.103461 	 0.019427 
0.106529 	0.186652 	0.135673 	0.084779 	 0.017182 
0.088551 	0.196712 	0.141824 	0.092093 	 0.017758 
0.091256 	0.196703 	0.142169 	0.091908 	 0.018295 
0.089359 	0.194839 	0.140525 	0.091675 	 0.018027 
0.089521 	0.195497 	0.141150 	0.090248 	 0.018038 
0.078637 	0.205685 	0.147936 	0.096736 	 0.018632 
0.088063 	0.198368 	0.143278 	0.092671 	 0.018213 
0.076068 	0.219355 	0.157147 	0.107301 	 0.019565 
0.074207 	0.220328 	0.157501 	0.107825 	 0.019424 
0.091318 	0.199233 	0.143836 	0.095450 	 0.018345 
0.071816 	0.215565 	0.154631 	0.104685 	 0.019968 
0.094755 	0.196556 	0.142304 	0.091811 	 0.018052 
0.089915 	0.191959 	0.139269 	0.087864 	 0.018189 
0.083761 	0.207191 	0.149372 	0.099660 	 0.019401 
0.071802 	0.218768 	0.157152 	0.106461 	 0.020095 
0.076944 	0.214519 	0.154177 	0.102349 	 0.019432 
0.065610 	0.211361 	0.151416 	0.104774 	 0.019773 
0.085898 	0.197258 	0.142273 	0.094756 	 0.018411 
0.065713 	0.210925 	0.152205 	0.099990 	 0.020473 
0.073503 	0.214886 	0.154850 	0.101682 	 0.020330 
0.080272 	0.207116 	0.149110 	0.101089 	 0.019422 
0.067541 	0.219310 	0.157463 	0.106903 	 0.020593 
0.073763 	0.209532 	0.151130 	0.099695 	 0.019747 
0.083864 	0.205813 	0.148671 	0.098303 	 0.019650 
0.081506 	0.201242 	0.145926 	0.093323 	 0.018964 
0.080283 	0.207069 	0.149657 	0.097978 	 0.019178 
0.079535 	0.203759 	0.147538 	0.096033 	 0.019363 
0.071751 	0.208324 	0.150120 	0.099690 	 0.019674 
0.089413 	0.197149 	0.143110 	0.092030 	 0.018821 
0.072589 	0.209845 	0.151737 	0.099897 	 0.019806 
0.064770 	0.217657 	0.157296 	0.101211 	 0.020656 
0.058045 	0.227670 	0.163250 	0.111567 	 0.020843 
0.073338 	0.212170 	0.153516 	0.099616 	 0.019652 
0.066777 	0.222131 	0.160178 	0.105293 	 0.020755 
0.068960 	0.216606 	0.156383 	0.101719 	 0.020321 
0.082215 	0.197070 	0.143596 	0.090168 	 0.018951 
0.069570 	0.212080 	0.153071 	0.101437 	 0.020159 
0.067055 	0.211652 	0.153307 	0.098154 	 0.019474 
0.080625 	0.201489 	0.146565 	0.092112 	 0.019013 
0.053150 	0.219762 	0.158014 	0.107595 	 0.020893 
0.055501 	0.218257 	0.157474 	0.103075 	 0.020686 
0.068565 	0.210849 	0.153162 	0.097508 	 0.020593 
0.077195 	0.214167 	0.155336 	0.099452 	 0.019945 
0.078521 	0.207547 	0.150938 	0.095096 	 0.019469 
0.067075 	0.207446 	0.150706 	0.094660 	 0.019419 
0.062690 	0.219926 	0.158894 	0.105732 	 0.020724 
0.071482 	0.209648 	0.152051 	0.099572 	 0.020270 
0.078594 	0.201534 	0.147088 	0.089179 	 0.018844 
0.074415 	0.203779 	0.148330 	0.094079 	 0.019145 
0.067504 	0.212259 	0.154309 	0.096938 	 0.020220 
0.069024 	0.212326 	0.153994 	0.099145 	 0.019997 
0.061115 	0.221703 	0.160200 	0.104553 	 0.020801 
0.052567 	0.227736 	0.164159 	0.110175 	 0.021530 
0.075125 	0.211682 	0.154144 	0.095957 	 0.019837 
0.069815 	0.209575 	0.152815 	0.094759 	 0.020255 
0.064578 	0.222608 	0.161226 	0.105689 	 0.020618 
0.050220 	0.223746 	0.161787 	0.106462 	 0.021310 
0.065988 	0.214135 	0.155546 	0.100391 	 0.020144 
0.072867 	0.209282 	0.152379 	0.096666 	 0.019652 
0.071185 	0.213307 	0.155690 	0.096349 	 0.019832 
0.067375 	0.214812 	0.156473 	0.097973 	 0.020314 
0.073102 	0.222870 	0.161836 	0.102582 	 0.020159 
0.054162 	0.232945 	0.167939 	0.112473 	 0.021442 
0.076593 	0.208519 	0.152456 	0.095242 	 0.019840 
0.063458 	0.217293 	0.158040 	0.102079 	 0.020622 
0.068952 	0.200082 	0.146902 	0.089500 	 0.019824 
0.048865 	0.226313 	0.163723 	0.107522 	 0.021519 
0.061233 	0.211948 	0.154407 	0.094729 	 0.019575 
0.069464 	0.205842 	0.150691 	0.092564 	 0.020178 
0.082775 	0.198085 	0.145864 	0.085398 	 0.018816 
0.076676 	0.199999 	0.147158 	0.087479 	 0.019009 
0.086224 	0.202301 	0.148888 	0.089859 	 0.019678 
0.061656 	0.225293 	0.163961 	0.104814 	 0.021514 
0.080357 	0.212580 	0.155411 	0.096337 	 0.019730 
0.063354 	0.225040 	0.163216 	0.107056 	 0.020879 
0.058206 	0.218112 	0.159087 	0.098884 	 0.021318 
0.061667 	0.218887 	0.159390 	0.099761 	 0.020244 
0.070746 	0.216517 	0.157911 	0.099540 	 0.020863 
0.067334 	0.218046 	0.159237 	0.100728 	 0.020699 
0.075218 	0.216993 	0.158463 	0.098930 	 0.020431 
0.062278 	0.219724 	0.160370 	0.101939 	 0.021512 
0.063372 	0.225387 	0.163880 	0.105185 	 0.020913 
0.081684 	0.210249 	0.154262 	0.094755 	 0.019573 
0.067776 	0.220035 	0.160647 	0.104300 	 0.021310 
0.076561 	0.213030 	0.156336 	0.095873 	 0.020122 
0.067248 	0.225579 	0.164290 	0.106496 	 0.020801 
0.063421 	0.218465 	0.159915 	0.100255 	 0.021095 
0.066053 	0.218622 	0.159781 	0.101386 	 0.020409 
0.074005 	0.213201 	0.156482 	0.096762 	 0.020285 
0.055602 	0.230311 	0.167435 	0.110331 	 0.022397 
0.076952 	0.212629 	0.155826 	0.099987 	 0.020728 
0.066072 	0.215727 	0.158520 	0.098011 	 0.021331 
0.074875 	0.209300 	0.154328 	0.093200 	 0.020870 
0.063578 	0.231433 	0.168523 	0.109836 	 0.021499 
0.408208 	0.004881 	0.004558 	-0.003079 	 0.002229 
0.408171 	0.006533 	0.005091 	0.003731 	 0.002658 
0.409792 	0.030489 	0.019978 	0.032813 	 0.004934 
0.407364 	0.031595 	0.020352 	0.035628 	 0.004196 
0.426736 	0.022380 	0.015458 	0.022883 	 0.002940 
0.395280 	0.048385 	0.031785 	0.044109 	 0.005223 
0.408778 	0.035390 	0.023741 	0.034000 	 0.004320 
0.421974 	0.018015 	0.011993 	0.022626 	 0.002873 
0.385912 	0.060303 	0.039748 	0.052101 	 0.006615 
0.391899 	0.047046 	0.031146 	0.041534 	 0.005291 
0.388472 	0.044344 	0.028985 	0.042460 	 0.005171 
0.395226 	0.038032 	0.025276 	0.035279 	 0.004003 
0.368138 	0.066098 	0.043343 	0.055144 	 0.006975 
0.384256 	0.036344 	0.023907 	0.036555 	 0.005674 
0.387646 	0.050186 	0.033096 	0.042893 	 0.004783 
0.387384 	0.049142 	0.031952 	0.045279 	 0.004702 
0.360539 	0.072078 	0.047361 	0.059320 	 0.007549 
0.387154 	0.046615 	0.030414 	0.043166 	 0.005320 
0.378123 	0.044321 	0.029285 	0.040543 	 0.005576 
0.380855 	0.049637 	0.032744 	0.046310 	 0.006076 
0.379698 	0.047651 	0.031222 	0.043927 	 0.005191 
0.370804 	0.047873 	0.031643 	0.041714 	 0.005557 
0.377980 	0.041485 	0.027292 	0.038738 	 0.004951 
0.371247 	0.052135 	0.034490 	0.045385 	 0.005950 
0.384983 	0.032824 	0.021674 	0.031867 	 0.003850 
0.365672 	0.049737 	0.033140 	0.044203 	 0.006910 
0.364178 	0.058198 	0.037961 	0.050890 	 0.006329 
0.379614 	0.049563 	0.032618 	0.043832 	 0.005458 
0.361089 	0.065822 	0.043010 	0.057439 	 0.007710 
0.366032 	0.052927 	0.034665 	0.049314 	 0.006642 
0.366111 	0.052708 	0.034692 	0.047062 	 0.006463 
0.362919 	0.059748 	0.039554 	0.053093 	 0.007207 
0.370163 	0.043837 	0.029054 	0.039603 	 0.005465 
0.357920 	0.053972 	0.035541 	0.048181 	 0.006310 
0.350227 	0.062304 	0.040660 	0.054329 	 0.006930 
0.345926 	0.072069 	0.047127 	0.063049 	 0.008361 
0.344919 	0.061677 	0.040685 	0.052707 	 0.007229 
0.342031 	0.071193 	0.047008 	0.059201 	 0.008201 
0.347194 	0.068106 	0.044768 	0.057843 	 0.007227 
0.346743 	0.065853 	0.043853 	0.053303 	 0.007212 
0.336157 	0.068296 	0.045129 	0.055404 	 0.007585 
0.336669 	0.074293 	0.049185 	0.061417 	 0.007952 
0.338601 	0.063730 	0.041780 	0.055095 	 0.007074 
0.329142 	0.067165 	0.044568 	0.054500 	 0.008093 
0.348706 	0.058078 	0.038751 	0.048051 	 0.006617 
0.334224 	0.070147 	0.046546 	0.056858 	 0.007631 
0.334227 	0.068847 	0.045949 	0.055412 	 0.008414 
0.335017 	0.073088 	0.048408 	0.058223 	 0.007075 
0.332431 	0.070601 	0.046814 	0.058355 	 0.008251 
0.324065 	0.076690 	0.050400 	0.062926 	 0.008532 
0.333152 	0.073931 	0.049645 	0.057845 	 0.008668 
0.317020 	0.082288 	0.054505 	0.064446 	 0.009149 
0.311195 	0.089398 	0.058822 	0.070414 	 0.009115 
0.314288 	0.079474 	0.052524 	0.061785 	 0.008838 
0.310835 	0.090632 	0.060225 	0.068642 	 0.009593 
0.324279 	0.066856 	0.044290 	0.054870 	 0.007658 
0.327439 	0.076801 	0.051020 	0.059932 	 0.007965 
0.328731 	0.073715 	0.048779 	0.061660 	 0.007982 
0.321592 	0.078662 	0.052387 	0.060499 	 0.007968 
0.306028 	0.087471 	0.057945 	0.067376 	 0.009364 
0.318058 	0.081287 	0.054104 	0.063334 	 0.009245 
0.307033 	0.082787 	0.054748 	0.064067 	 0.008630 
0.312269 	0.081311 	0.053739 	0.064473 	 0.009024 
0.303428 	0.081829 	0.053673 	0.064929 	 0.008222 
0.317918 	0.075985 	0.050847 	0.057975 	 0.008098 
0.303400 	0.087237 	0.057624 	0.066683 	 0.008642 
0.309255 	0.080987 	0.053816 	0.062112 	 0.008664 
0.300348 	0.101599 	0.067421 	0.076167 	 0.009873 
0.299558 	0.097532 	0.064565 	0.075517 	 0.010239 
0.302679 	0.084866 	0.056495 	0.065523 	 0.009552 
0.299265 	0.089642 	0.059691 	0.067394 	 0.009233 
0.295994 	0.095220 	0.063496 	0.069811 	 0.009943 
0.300067 	0.086533 	0.057720 	0.065779 	 0.009526 
0.304723 	0.081571 	0.054023 	0.062889 	 0.008584 
0.301086 	0.086575 	0.057985 	0.064716 	 0.009541 
0.296049 	0.090458 	0.060301 	0.068120 	 0.009712 
0.300329 	0.090381 	0.059835 	0.070037 	 0.009031 
0.281164 	0.101919 	0.067708 	0.075925 	 0.011089 
0.292160 	0.097873 	0.065102 	0.071410 	 0.009580 
0.284425 	0.105568 	0.069669 	0.078747 	 0.009949 
0.281427 	0.098274 	0.065241 	0.073860 	 0.010097 
0.288204 	0.090788 	0.060871 	0.065487 	 0.009514 
0.290038 	0.089604 	0.059963 	0.065972 	 0.009483 
0.294475 	0.088401 	0.059084 	0.065478 	 0.009558 
0.294984 	0.090889 	0.060876 	0.067157 	 0.009482 
0.287980 	0.094605 	0.062930 	0.070855 	 0.009193 
0.291059 	0.089392 	0.060061 	0.065108 	 0.009739 
0.289334 	0.097486 	0.065505 	0.068635 	 0.009933 
0.285918 	0.104740 	0.069948 	0.075620 	 0.010441 
0.280917 	0.102240 	0.068033 	0.075173 	 0.010374 
0.282269 	0.095814 	0.064173 	0.070518 	 0.010151 
0.278475 	0.109565 	0.072946 	0.079465 	 0.010486 
0.281394 	0.100829 	0.067431 	0.072812 	 0.010148 
0.285147 	0.095810 	0.064055 	0.068412 	 0.009024 
0.274404 	0.103858 	0.069453 	0.074254 	 0.010427 
0.286214 	0.085833 	0.057695 	0.061841 	 0.009149 
0.277679 	0.104058 	0.069748 	0.075108 	 0.010650 
0.275184 	0.099830 	0.066485 	0.072854 	 0.009708 
0.270145 	0.109819 	0.073282 	0.078767 	 0.010658 
0.284475 	0.093516 	0.062943 	0.066909 	 0.009717 
0.274239 	0.103068 	0.069211 	0.072743 	 0.010143 
0.273381 	0.103675 	0.069133 	0.074835 	 0.009969 
0.271757 	0.104592 	0.069731 	0.076566 	 0.010366 
0.279361 	0.093267 	0.062350 	0.069964 	 0.009760 
0.276261 	0.102188 	0.068893 	0.071578 	 0.010471 
0.270269 	0.103687 	0.069788 	0.071473 	 0.010338 
0.277339 	0.102742 	0.069015 	0.072726 	 0.009995 
0.261579 	0.112491 	0.075336 	0.079688 	 0.011328 
0.266031 	0.113134 	0.075605 	0.080296 	 0.010610 
0.264117 	0.103222 	0.069413 	0.072457 	 0.010683 
0.278152 	0.100286 	0.067279 	0.070851 	 0.010062 
0.267045 	0.102002 	0.068511 	0.074452 	 0.010927 
0.262982 	0.115350 	0.077389 	0.080408 	 0.011349 
0.273953 	0.096075 	0.064698 	0.066976 	 0.009578 
0.258998 	0.107021 	0.072267 	0.072327 	 0.010841 
0.258246 	0.110259 	0.074045 	0.076709 	 0.011020 
0.258011 	0.118555 	0.079864 	0.080803 	 0.011423 
0.243266 	0.123602 	0.082925 	0.084168 	 0.011461 
0.259042 	0.106924 	0.071991 	0.073405 	 0.010608 
0.256768 	0.106808 	0.071952 	0.072798 	 0.010958 
0.255635 	0.120603 	0.080847 	0.082444 	 0.011054 
0.261523 	0.108056 	0.072777 	0.074295 	 0.010381 
0.257729 	0.105265 	0.071071 	0.070528 	 0.010070 
0.247180 	0.121267 	0.081751 	0.079095 	 0.010892 
0.255474 	0.113531 	0.076500 	0.073955 	 0.010228 
0.270136 	0.100083 	0.068313 	0.063662 	 0.009117 
0.258936 	0.110945 	0.075611 	0.071013 	 0.010344 
0.258351 	0.105588 	0.070983 	0.073968 	 0.010257 
0.240461 	0.123602 	0.083132 	0.082452 	 0.011222 
0.262761 	0.118253 	0.079721 	0.078898 	 0.010196 
0.251751 	0.112566 	0.076674 	0.071336 	 0.010719 
0.252536 	0.120897 	0.082081 	0.078579 	 0.010746 
0.245524 	0.117140 	0.079191 	0.075649 	 0.010811 
0.227172 	0.133162 	0.089512 	0.087747 	 0.011993 
0.247622 	0.117797 	0.079321 	0.078813 	 0.010526 
0.239565 	0.124547 	0.083907 	0.080915 	 0.010894 
0.239125 	0.124867 	0.084416 	0.079680 	 0.011198 
0.247614 	0.123426 	0.083642 	0.081286 	 0.011125 
0.238232 	0.124276 	0.083965 	0.082386 	 0.011633 
0.245785 	0.117904 	0.080394 	0.074189 	 0.010820 
0.220607 	0.132229 	0.089163 	0.085993 	 0.012302 
0.233056 	0.131774 	0.089005 	0.085104 	 0.011970 
0.231874 	0.126799 	0.085502 	0.083969 	 0.011642 
0.235329 	0.121287 	0.081662 	0.079039 	 0.010719 
0.241528 	0.115462 	0.078313 	0.074014 	 0.010892 
0.225586 	0.136204 	0.092102 	0.086727 	 0.012016 
0.229424 	0.131432 	0.089230 	0.083171 	 0.012331 
0.228622 	0.135861 	0.091744 	0.087186 	 0.011680 
0.242274 	0.104494 	0.071557 	0.064123 	 0.009573 
0.233346 	0.118294 	0.080579 	0.075957 	 0.011474 
0.227604 	0.136794 	0.092542 	0.090149 	 0.012555 
0.217135 	0.132660 	0.089683 	0.084495 	 0.012281 
0.217050 	0.133429 	0.089910 	0.087643 	 0.012288 
0.234275 	0.131490 	0.089238 	0.081408 	 0.011329 
0.217422 	0.135596 	0.091843 	0.086018 	 0.012220 
0.221945 	0.125598 	0.085329 	0.078271 	 0.011332 
0.210477 	0.147561 	0.099930 	0.093419 	 0.013129 
0.216148 	0.137191 	0.092935 	0.084698 	 0.011747 
0.206996 	0.140962 	0.095765 	0.086998 	 0.012925 
0.211506 	0.145400 	0.098852 	0.091260 	 0.012936 
0.220671 	0.130193 	0.089108 	0.077413 	 0.011991 
0.203035 	0.142099 	0.096213 	0.088086 	 0.012730 
0.205015 	0.151980 	0.103008 	0.094522 	 0.013390 
0.220042 	0.134122 	0.091201 	0.083058 	 0.012231 
0.206682 	0.144478 	0.098293 	0.088598 	 0.013238 
0.200490 	0.141214 	0.095869 	0.087857 	 0.013026 
0.191732 	0.157938 	0.106854 	0.097741 	 0.013468 
0.208909 	0.136501 	0.092745 	0.086817 	 0.012911 
0.207466 	0.146226 	0.099449 	0.088148 	 0.012541 
0.196148 	0.150779 	0.102007 	0.094049 	 0.012893 
0.210392 	0.134897 	0.091852 	0.080650 	 0.011343 
0.197086 	0.149173 	0.101434 	0.091213 	 0.013290 
0.203759 	0.144587 	0.098169 	0.089064 	 0.012829 
0.186245 	0.164509 	0.111166 	0.102693 	 0.013955 
0.187287 	0.159481 	0.108058 	0.098938 	 0.014167 
0.189614 	0.145988 	0.099292 	0.085293 	 0.012331 
0.194237 	0.148766 	0.101171 	0.088651 	 0.013041 
0.191691 	0.153145 	0.104043 	0.094729 	 0.013758 
0.209730 	0.144222 	0.098723 	0.086140 	 0.012350 
0.193910 	0.145376 	0.099086 	0.088370 	 0.013400 
0.191521 	0.145340 	0.099101 	0.087020 	 0.012662 
0.187507 	0.151875 	0.103803 	0.088273 	 0.013458 
0.180900 	0.154621 	0.104765 	0.092951 	 0.013214 
0.198878 	0.139850 	0.095887 	0.082623 	 0.012540 
0.191284 	0.147540 	0.100564 	0.088722 	 0.012483 
0.189614 	0.149865 	0.102637 	0.086977 	 0.013153 
0.188042 	0.151200 	0.103039 	0.090660 	 0.013072 
0.187508 	0.149827 	0.102330 	0.088984 	 0.013233 
0.182413 	0.164342 	0.111884 	0.098720 	 0.014009 
0.186595 	0.155080 	0.105641 	0.091705 	 0.012964 
0.174044 	0.168534 	0.114588 	0.102479 	 0.015095 
0.184042 	0.156738 	0.106999 	0.091952 	 0.012990 
0.176974 	0.166155 	0.113306 	0.097696 	 0.014365 
0.186444 	0.150867 	0.103078 	0.088698 	 0.012188 
0.185633 	0.152497 	0.104440 	0.087393 	 0.012559 
0.175920 	0.171051 	0.116565 	0.103288 	 0.014603 
0.176830 	0.159912 	0.109167 	0.094038 	 0.013547 
0.178707 	0.152888 	0.104372 	0.090361 	 0.013071 
0.163468 	0.161430 	0.110338 	0.096031 	 0.014831 
0.172513 	0.159875 	0.109461 	0.091953 	 0.013594 
0.158346 	0.173425 	0.117567 	0.105296 	 0.014716 
0.168165 	0.166867 	0.114257 	0.095868 	 0.013785 
0.162846 	0.167497 	0.114284 	0.099839 	 0.014592 
0.185216 	0.154325 	0.106215 	0.085937 	 0.012483 
0.177069 	0.156571 	0.107436 	0.088909 	 0.012727 
0.170754 	0.157539 	0.108259 	0.089708 	 0.013780 
0.167954 	0.164517 	0.112411 	0.096366 	 0.013975 
0.170749 	0.166273 	0.113894 	0.096340 	 0.013830 
0.164848 	0.167030 	0.114437 	0.096048 	 0.014015 
0.168954 	0.162719 	0.111441 	0.094686 	 0.013618 
0.170945 	0.169027 	0.115400 	0.098970 	 0.013943 
0.173222 	0.156657 	0.107963 	0.087841 	 0.013767 
0.164829 	0.169406 	0.116299 	0.096657 	 0.014651 
0.160930 	0.157291 	0.107831 	0.089039 	 0.013184 
0.160470 	0.171455 	0.117558 	0.097280 	 0.013901 
0.168111 	0.160444 	0.109830 	0.092977 	 0.013245 
0.154983 	0.166656 	0.113972 	0.096066 	 0.013854 
0.163770 	0.163136 	0.112045 	0.094691 	 0.014174 
0.158290 	0.166587 	0.114187 	0.096011 	 0.014314 
0.153311 	0.172499 	0.118486 	0.097221 	 0.014451 
0.148468 	0.175400 	0.119943 	0.101954 	 0.014760 
0.166711 	0.167694 	0.115489 	0.093635 	 0.014069 
0.168877 	0.161741 	0.111193 	0.093212 	 0.013425 
0.156880 	0.175200 	0.120405 	0.098154 	 0.014066 
0.148802 	0.178329 	0.122143 	0.101080 	 0.014642 
0.143345 	0.185865 	0.127310 	0.108025 	 0.015989 
0.151621 	0.179482 	0.123093 	0.100622 	 0.014886 
0.148605 	0.172497 	0.118575 	0.097133 	 0.014489 
0.151065 	0.173394 	0.118736 	0.097144 	 0.013905 
0.142110 	0.181743 	0.124741 	0.101022 	 0.014539 
0.143346 	0.182687 	0.125124 	0.104662 	 0.014820 
0.145617 	0.175877 	0.120752 	0.099210 	 0.014571 
0.156690 	0.161026 	0.111265 	0.086064 	 0.013799 
0.146841 	0.177865 	0.122116 	0.101140 	 0.014770 
0.160634 	0.161486 	0.111778 	0.084934 	 0.012949 
0.150000 	0.169037 	0.116792 	0.092235 	 0.014067 
0.142022 	0.176051 	0.121041 	0.097461 	 0.014739 
0.148874 	0.171053 	0.118069 	0.091540 	 0.013837 
0.152596 	0.178838 	0.123563 	0.098229 	 0.014439 
0.150591 	0.171906 	0.118384 	0.094173 	 0.013905 
0.147753 	0.178432 	0.122929 	0.098007 	 0.014674 
0.140147 	0.188114 	0.129127 	0.106748 	 0.015477 
0.151507 	0.169966 	0.117462 	0.093466 	 0.013988 
0.148686 	0.169537 	0.117572 	0.090688 	 0.014541 
0.145041 	0.177841 	0.122549 	0.100058 	 0.014558 
0.142281 	0.180428 	0.124265 	0.100765 	 0.014823 
0.128269 	0.195697 	0.134132 	0.108716 	 0.015471 
0.141120 	0.174378 	0.120902 	0.095067 	 0.014786 
0.152175 	0.168291 	0.116770 	0.089736 	 0.013852 
0.135884 	0.184302 	0.126980 	0.100325 	 0.014662 
0.128611 	0.177981 	0.123098 	0.095243 	 0.014694 
0.149016 	0.172863 	0.119905 	0.089721 	 0.013437 
0.133860 	0.179422 	0.124006 	0.095693 	 0.014436 
0.134845 	0.174086 	0.120915 	0.090600 	 0.014573 
0.134307 	0.178853 	0.123762 	0.095677 	 0.014673 
0.145708 	0.178684 	0.123237 	0.098602 	 0.014042 
0.125898 	0.196127 	0.135075 	0.105723 	 0.015548 
0.144037 	0.178097 	0.123209 	0.094982 	 0.013707 
0.138564 	0.177417 	0.122792 	0.094215 	 0.013958 
0.136942 	0.175083 	0.122002 	0.090421 	 0.014794 
0.127925 	0.184315 	0.127472 	0.097988 	 0.014752 
0.147188 	0.158639 	0.110999 	0.080284 	 0.013283 
0.122144 	0.183037 	0.126055 	0.100936 	 0.014872 
0.125592 	0.189558 	0.131265 	0.099470 	 0.014957 
0.124335 	0.191139 	0.132077 	0.103108 	 0.015286 
0.130298 	0.189306 	0.130889 	0.102648 	 0.014957 
0.129773 	0.181269 	0.125775 	0.094648 	 0.014077 
0.124996 	0.191587 	0.132705 	0.102443 	 0.015463 
0.123361 	0.198277 	0.137009 	0.105930 	 0.015530 
0.129705 	0.172311 	0.120135 	0.089356 	 0.014110 
0.123372 	0.189262 	0.131496 	0.098284 	 0.015161 
0.124224 	0.180160 	0.125425 	0.092942 	 0.014618 
0.126687 	0.184904 	0.128691 	0.094794 	 0.014871 
0.135598 	0.183461 	0.127478 	0.096917 	 0.014935 
0.121350 	0.187674 	0.129996 	0.099948 	 0.015570 
0.105716 	0.195167 	0.135094 	0.102381 	 0.015741 
0.117672 	0.196889 	0.136552 	0.102621 	 0.015569 
0.124450 	0.185671 	0.129440 	0.093876 	 0.014865 
0.112855 	0.203814 	0.141255 	0.108233 	 0.016056 
0.111281 	0.194156 	0.134190 	0.103393 	 0.015372 
0.128802 	0.184843 	0.128719 	0.095523 	 0.014538 
0.128715 	0.192216 	0.133764 	0.100038 	 0.015064 
0.132560 	0.175449 	0.122691 	0.088541 	 0.014291 
0.119423 	0.194140 	0.134588 	0.102125 	 0.014970 
0.104588 	0.199674 	0.138873 	0.103158 	 0.015886 
0.112723 	0.195402 	0.135889 	0.099663 	 0.015372 
0.120185 	0.188395 	0.131589 	0.095084 	 0.014784 
0.120932 	0.189985 	0.132812 	0.095757 	 0.014784 
0.123364 	0.190032 	0.132564 	0.099748 	 0.014953 
0.118536 	0.190265 	0.132296 	0.100850 	 0.015286 
0.112257 	0.184222 	0.128720 	0.092906 	 0.014859 
0.120492 	0.184055 	0.128748 	0.089893 	 0.014252 
0.108324 	0.183275 	0.127947 	0.093224 	 0.014824 
0.119748 	0.187760 	0.131317 	0.095697 	 0.014538 
0.115113 	0.192678 	0.134378 	0.096964 	 0.014696 
0.098744 	0.207940 	0.144237 	0.111241 	 0.016605 
0.103569 	0.193828 	0.135290 	0.098392 	 0.016058 
0.102448 	0.200081 	0.139779 	0.103302 	 0.016876 
0.104622 	0.201019 	0.140023 	0.103989 	 0.016201 
0.112695 	0.192233 	0.134508 	0.096413 	 0.015176 
0.107481 	0.197386 	0.137556 	0.102799 	 0.015770 
0.118806 	0.182602 	0.128381 	0.087893 	 0.014449 
0.117695 	0.180973 	0.126976 	0.088591 	 0.013354 
0.105506 	0.200785 	0.140429 	0.100636 	 0.015751 
0.101545 	0.196854 	0.137453 	0.099589 	 0.015776 
0.111659 	0.188694 	0.132573 	0.093411 	 0.014916 
0.109868 	0.192204 	0.134541 	0.095904 	 0.015142 
0.103547 	0.201887 	0.141048 	0.103813 	 0.016237 
0.117971 	0.179647 	0.126559 	0.086077 	 0.014086 
0.113008 	0.191522 	0.134278 	0.094082 	 0.014717 
0.099348 	0.199879 	0.139515 	0.101234 	 0.015670 
0.104765 	0.196402 	0.137614 	0.097892 	 0.015461 
0.117466 	0.182263 	0.128102 	0.089484 	 0.014275 
0.096829 	0.187687 	0.132418 	0.088406 	 0.015257 
0.102887 	0.197980 	0.138374 	0.102021 	 0.015723 
0.093403 	0.200349 	0.139923 	0.100466 	 0.015715 
0.092167 	0.204553 	0.142903 	0.105125 	 0.016169 
0.106304 	0.187473 	0.132017 	0.091773 	 0.014559 
0.113594 	0.177711 	0.125747 	0.083869 	 0.014297 
0.098585 	0.199821 	0.139775 	0.100506 	 0.014941 
0.099930 	0.192453 	0.135383 	0.092752 	 0.015219 
0.101051 	0.192626 	0.135404 	0.093224 	 0.014522 
0.099998 	0.203046 	0.142174 	0.101826 	 0.015803 
0.101157 	0.199641 	0.140063 	0.099202 	 0.015998 
0.095782 	0.195732 	0.137857 	0.092908 	 0.015060 
0.099264 	0.198760 	0.139726 	0.099815 	 0.016095 
0.094016 	0.199417 	0.139930 	0.097384 	 0.015530 
0.085064 	0.208637 	0.145919 	0.105407 	 0.016678 
0.099364 	0.203603 	0.143178 	0.099025 	 0.016351 
0.096223 	0.194745 	0.137403 	0.093882 	 0.016024 
0.099055 	0.202214 	0.142308 	0.097086 	 0.015400 
0.091394 	0.197505 	0.139072 	0.095761 	 0.015752 
0.100872 	0.196082 	0.138001 	0.095602 	 0.015105 
0.109456 	0.185680 	0.131603 	0.086662 	 0.014600 
0.100190 	0.193763 	0.136744 	0.092846 	 0.015154 
0.094606 	0.201167 	0.141860 	0.096796 	 0.015700 
0.101456 	0.189701 	0.134133 	0.090244 	 0.015185 
0.095628 	0.197553 	0.139652 	0.093563 	 0.015320 
0.089072 	0.204889 	0.143710 	0.101269 	 0.015675 
0.101935 	0.185225 	0.131563 	0.088069 	 0.015497 
0.087142 	0.206347 	0.145174 	0.101198 	 0.016103 
0.108253 	0.186728 	0.132403 	0.088086 	 0.014318 
0.092855 	0.193009 	0.136664 	0.090757 	 0.015310 
0.088720 	0.189976 	0.134673 	0.088742 	 0.015284 
0.093145 	0.191023 	0.135224 	0.090415 	 0.015293 
0.098947 	0.193330 	0.137038 	0.089470 	 0.015188 
0.086472 	0.201544 	0.142357 	0.095892 	 0.015602 
0.108839 	0.190388 	0.134987 	0.089737 	 0.014278 
0.083319 	0.204735 	0.144290 	0.097478 	 0.015650 
0.095665 	0.194370 	0.137738 	0.091794 	 0.015415 
0.094180 	0.193676 	0.137702 	0.087745 	 0.015312 
0.088675 	0.199366 	0.141522 	0.091686 	 0.015715 
0.072142 	0.216702 	0.152346 	0.106416 	 0.017162 
0.084300 	0.208747 	0.147082 	0.100745 	 0.015726 
0.096769 	0.197667 	0.140194 	0.091080 	 0.015066 
0.078420 	0.205758 	0.145570 	0.096996 	 0.016041 
0.098423 	0.196770 	0.139887 	0.091408 	 0.015530 
0.079747 	0.203854 	0.143861 	0.097678 	 0.016048 
0.083056 	0.213089 	0.150308 	0.102408 	 0.016267 
0.082217 	0.207734 	0.146737 	0.099591 	 0.016032 
0.086071 	0.203442 	0.144110 	0.096912 	 0.015854 
0.092503 	0.201290 	0.142693 	0.095732 	 0.015257 
0.088134 	0.199706 	0.141962 	0.092174 	 0.015609 
0.089428 	0.200428 	0.143178 	0.090342 	 0.016006 
0.086268 	0.199216 	0.141570 	0.093701 	 0.016137 
0.080532 	0.211417 	0.149306 	0.103340 	 0.016599 
0.075916 	0.207570 	0.146843 	0.099007 	 0.016085 
0.081952 	0.209514 	0.148389 	0.099717 	 0.016013 
0.085748 	0.204004 	0.145299 	0.091878 	 0.015672 
0.079671 	0.209837 	0.148509 	0.098421 	 0.015779 
0.086373 	0.201935 	0.143758 	0.091088 	 0.014908 
0.095876 	0.187960 	0.134561 	0.082966 	 0.014164 
0.084692 	0.208225 	0.147833 	0.096533 	 0.015784 
0.084349 	0.205792 	0.146460 	0.094679 	 0.015646 
0.078989 	0.205269 	0.145764 	0.095592 	 0.015481 
0.090928 	0.201573 	0.143772 	0.092364 	 0.015432 
0.095106 	0.193540 	0.138665 	0.087562 	 0.015292 
0.081670 	0.201153 	0.143688 	0.087584 	 0.015455 
0.072835 	0.207634 	0.148228 	0.094090 	 0.016753 
0.077558 	0.205442 	0.146271 	0.093902 	 0.015708 
0.078973 	0.212377 	0.150525 	0.100271 	 0.015431 
0.083987 	0.200041 	0.143064 	0.088522 	 0.014997 
0.062268 	0.213707 	0.151339 	0.100012 	 0.016273 
0.084175 	0.204849 	0.146219 	0.092533 	 0.015541 
0.081651 	0.197909 	0.141555 	0.091916 	 0.015393 
0.071788 	0.215611 	0.153111 	0.101321 	 0.017097 
0.075352 	0.218575 	0.155300 	0.101664 	 0.016772 
0.085891 	0.204352 	0.146014 	0.093428 	 0.015913 
0.082188 	0.200141 	0.142924 	0.089859 	 0.015138 
0.067146 	0.218075 	0.154898 	0.102766 	 0.016929 
0.088272 	0.200624 	0.143777 	0.088220 	 0.014545 
0.082798 	0.199825 	0.143077 	0.090443 	 0.015617 
0.069556 	0.221918 	0.157312 	0.104952 	 0.016447 
0.079487 	0.209125 	0.149165 	0.095120 	 0.015381 
0.071059 	0.210104 	0.150040 	0.094188 	 0.015781 
0.071027 	0.206412 	0.147668 	0.093916 	 0.015918 
0.062683 	0.221169 	0.157548 	0.104236 	 0.017559 
0.067433 	0.219249 	0.156099 	0.100555 	 0.016467 
0.071918 	0.212473 	0.151997 	0.095090 	 0.016149 
0.079494 	0.205525 	0.147301 	0.091551 	 0.015569 
0.065077 	0.220824 	0.157012 	0.104276 	 0.017295 
0.076941 	0.204506 	0.147105 	0.088916 	 0.016170 
0.063019 	0.225589 	0.160450 	0.104025 	 0.017116 
0.064648 	0.211522 	0.151727 	0.094204 	 0.017311 
0.074255 	0.210736 	0.150755 	0.095990 	 0.016040 
0.064809 	0.213929 	0.152521 	0.098251 	 0.016559 
0.068588 	0.217241 	0.155017 	0.098166 	 0.016119 
0.087592 	0.198270 	0.143088 	0.087176 	 0.015797 
0.072095 	0.211809 	0.152255 	0.092047 	 0.016491 
0.079843 	0.198711 	0.142770 	0.085021 	 0.014030 
0.066495 	0.216829 	0.154909 	0.099642 	 0.016937 
0.062872 	0.211135 	0.151346 	0.095269 	 0.016188 
0.073602 	0.204898 	0.147426 	0.089397 	 0.015264 
0.080607 	0.197885 	0.142607 	0.086505 	 0.015190 
0.060903 	0.217531 	0.155851 	0.097480 	 0.016538 
0.084888 	0.202273 	0.145828 	0.087244 	 0.014934 
0.072458 	0.207555 	0.149450 	0.089026 	 0.015814 
0.076018 	0.207978 	0.149859 	0.090580 	 0.015815 
0.067356 	0.200382 	0.145386 	0.082777 	 0.016578 
0.066247 	0.213131 	0.153218 	0.092635 	 0.016015 
0.084703 	0.201476 	0.145771 	0.084940 	 0.015441 
0.069706 	0.211894 	0.152377 	0.092574 	 0.015401 
0.071624 	0.199720 	0.144589 	0.083344 	 0.014957 
0.068764 	0.215576 	0.154644 	0.094447 	 0.015811 
0.069581 	0.209954 	0.151453 	0.090417 	 0.016176 
0.066203 	0.219325 	0.157344 	0.098701 	 0.016557 
0.082110 	0.195268 	0.141878 	0.079593 	 0.014658 
0.072316 	0.205354 	0.148767 	0.086601 	 0.015858 
0.072466 	0.197093 	0.142939 	0.082710 	 0.015233 
0.054997 	0.215784 	0.155109 	0.094951 	 0.016219 
0.059031 	0.212826 	0.152993 	0.094244 	 0.016145 
0.065636 	0.205328 	0.148615 	0.087192 	 0.015706 
0.062405 	0.206555 	0.149009 	0.090286 	 0.015236 
0.070331 	0.203458 	0.147503 	0.085245 	 0.015801 
0.070078 	0.203916 	0.147832 	0.086546 	 0.015521 
0.078130 	0.203102 	0.147505 	0.084714 	 0.015821 
0.078987 	0.209919 	0.151800 	0.088874 	 0.015361 
0.074417 	0.202457 	0.146575 	0.088352 	 0.015356 
0.072475 	0.200633 	0.146228 	0.080404 	 0.015427 
0.068352 	0.213858 	0.154665 	0.089275 	 0.015577 
0.064312 	0.210259 	0.152300 	0.087723 	 0.015673 
0.080621 	0.197235 	0.143892 	0.082503 	 0.015664 
0.057565 	0.214290 	0.155043 	0.091631 	 0.016479 
0.074478 	0.205970 	0.149362 	0.086480 	 0.015003 
0.072895 	0.206955 	0.149995 	0.087489 	 0.014868 
0.074085 	0.207306 	0.150683 	0.087175 	 0.016229 
0.063122 	0.217995 	0.157436 	0.094736 	 0.016340 
0.072395 	0.203179 	0.147853 	0.083912 	 0.015692 
0.079295 	0.199654 	0.145607 	0.083650 	 0.015975 
0.076621 	0.204850 	0.149149 	0.085496 	 0.015961 
0.063548 	0.214467 	0.155320 	0.091998 	 0.015860 
0.074759 	0.195842 	0.143402 	0.077891 	 0.015213 
0.065829 	0.210654 	0.153376 	0.086273 	 0.016310 
0.051039 	0.212062 	0.154223 	0.087441 	 0.016917 
0.085384 	0.193980 	0.142344 	0.075990 	 0.014161 
0.065378 	0.205528 	0.149382 	0.087213 	 0.015550 
0.064386 	0.222434 	0.160985 	0.095545 	 0.016384 
0.063984 	0.209098 	0.152003 	0.088763 	 0.015720 
0.067058 	0.203800 	0.148837 	0.082840 	 0.015131 
0.072874 	0.206147 	0.150447 	0.085134 	 0.015448 
0.053625 	0.218292 	0.158455 	0.093783 	 0.017339 
0.054813 	0.214039 	0.155628 	0.090513 	 0.016772 
0.068648 	0.210126 	0.153739 	0.084704 	 0.016451 
0.054954 	0.232814 	0.167587 	0.105424 	 0.017593 
0.063560 	0.201255 	0.147303 	0.082378 	 0.015833 
0.081930 	0.201859 	0.148226 	0.079742 	 0.015294 
0.067176 	0.203849 	0.149293 	0.082892 	 0.015967 
0.064655 	0.218784 	0.158920 	0.093801 	 0.016074 
0.080058 	0.201214 	0.147698 	0.079208 	 0.014623 
0.053781 	0.224019 	0.162594 	0.094968 	 0.016968 
0.077020 	0.207044 	0.151933 	0.080825 	 0.014997 
0.063718 	0.214428 	0.156203 	0.091222 	 0.016698 
0.071637 	0.213482 	0.155650 	0.089694 	 0.015828 
0.052497 	0.216926 	0.158541 	0.088248 	 0.016936 
0.058937 	0.212404 	0.155311 	0.087200 	 0.016694 
0.064199 	0.218459 	0.159310 	0.093406 	 0.016679 
0.067983 	0.209479 	0.153396 	0.087263 	 0.016129 
0.060516 	0.208989 	0.152996 	0.086815 	 0.016059 
0.058542 	0.210489 	0.154006 	0.087932 	 0.016583 
0.059092 	0.222191 	0.161757 	0.093003 	 0.016691 
0.079152 	0.200274 	0.148228 	0.074565 	 0.015303 
0.074913 	0.214165 	0.156704 	0.088865 	 0.015738 
0.072362 	0.213102 	0.156019 	0.087592 	 0.015749 
0.081319 	0.199521 	0.147399 	0.077937 	 0.015193 
0.082521 	0.192668 	0.143344 	0.070881 	 0.015022 
0.075777 	0.203438 	0.150157 	0.079452 	 0.015922 
0.082430 	0.191460 	0.142503 	0.071459 	 0.015069 
0.088523 	0.193884 	0.143948 	0.073977 	 0.014324 
0.080817 	0.209602 	0.154191 	0.085104 	 0.016166 
0.086114 	0.187561 	0.139702 	0.071194 	 0.014827 
0.080492 	0.201048 	0.148964 	0.077854 	 0.015583 
0.074615 	0.210397 	0.154875 	0.083954 	 0.015784 
0.074292 	0.202276 	0.150009 	0.077794 	 0.016185 
0.075764 	0.208845 	0.153940 	0.084636 	 0.016489 
0.090825 	0.199604 	0.148295 	0.075831 	 0.014860 
0.074844 	0.204074 	0.150488 	0.081011 	 0.015867 
0.080243 	0.197525 	0.147046 	0.074727 	 0.015794 
0.079720 	0.194381 	0.144667 	0.072816 	 0.015260 
0.089328 	0.197301 	0.146920 	0.072705 	 0.014315 
0.093242 	0.198940 	0.147676 	0.076808 	 0.014757 
0.089263 	0.187465 	0.140222 	0.068547 	 0.013926 
0.079176 	0.200479 	0.148650 	0.078473 	 0.015846 
0.069307 	0.210635 	0.155538 	0.084290 	 0.016339 
0.073659 	0.203462 	0.151385 	0.076102 	 0.015284 
0.081999 	0.204893 	0.152067 	0.079922 	 0.015697 
0.085906 	0.196115 	0.146400 	0.072726 	 0.014907 
0.098888 	0.185524 	0.139982 	0.062692 	 0.013910 
0.095522 	0.193765 	0.144809 	0.071304 	 0.014571 
0.090947 	0.196133 	0.146985 	0.071992 	 0.015334 
0.093762 	0.183065 	0.138126 	0.063721 	 0.014308 
0.085358 	0.203455 	0.151396 	0.078020 	 0.014562 
0.078101 	0.211300 	0.156813 	0.081712 	 0.016266 
0.105246 	0.185366 	0.139537 	0.065953 	 0.013592 
0.088045 	0.197638 	0.148088 	0.074084 	 0.015663 
0.077881 	0.203257 	0.151724 	0.075851 	 0.015737 
0.091865 	0.194056 	0.145527 	0.071004 	 0.014712 
0.088582 	0.198869 	0.149117 	0.073169 	 0.015553 
0.084033 	0.199689 	0.149173 	0.074993 	 0.015224 
0.087868 	0.204624 	0.152179 	0.081416 	 0.015586 
0.090192 	0.191810 	0.144268 	0.070567 	 0.015154 
0.094172 	0.185396 	0.139959 	0.065219 	 0.014228 
0.094292 	0.199528 	0.149908 	0.072234 	 0.015202 
0.079779 	0.201352 	0.150574 	0.074938 	 0.015161 
0.097955 	0.187937 	0.142376 	0.066637 	 0.014455 
0.100685 	0.185771 	0.140706 	0.067560 	 0.014944 
0.091908 	0.204080 	0.152865 	0.076003 	 0.015234 
0.087038 	0.201396 	0.150776 	0.075103 	 0.015149 
0.096279 	0.189721 	0.143793 	0.065312 	 0.014542 
0.090717 	0.195669 	0.147627 	0.069968 	 0.015194 
0.094625 	0.198856 	0.149526 	0.071844 	 0.015132 
0.102444 	0.182156 	0.138711 	0.061477 	 0.014664 
0.100465 	0.183595 	0.139702 	0.063423 	 0.014685 
0.105278 	0.183019 	0.139713 	0.059049 	 0.014106 
0.090835 	0.199882 	0.150410 	0.072107 	 0.015134 
0.111059 	0.171359 	0.132076 	0.052803 	 0.013585 
0.090212 	0.201716 	0.151118 	0.078126 	 0.015447 
0.107179 	0.187051 	0.142075 	0.063097 	 0.013559 
0.086321 	0.208807 	0.155838 	0.082146 	 0.015767 
0.096962 	0.192285 	0.145555 	0.067724 	 0.014270 
0.097449 	0.194859 	0.147434 	0.070978 	 0.014654 
0.098408 	0.191246 	0.144663 	0.067758 	 0.014043 
0.106857 	0.186595 	0.141906 	0.064354 	 0.013631 
0.101397 	0.194015 	0.146741 	0.068277 	 0.014162 
0.100915 	0.185527 	0.141226 	0.064160 	 0.014019 
0.108011 	0.187685 	0.143450 	0.062564 	 0.014167 
0.107535 	0.177033 	0.136518 	0.054976 	 0.013903 
0.090012 	0.203784 	0.152912 	0.077514 	 0.015009 
0.098591 	0.199696 	0.150620 	0.076639 	 0.016010 
0.077141 	0.212397 	0.159374 	0.080274 	 0.016159 
0.100771 	0.181691 	0.139421 	0.059452 	 0.014377 
0.105839 	0.179495 	0.138397 	0.057437 	 0.014224 
0.094301 	0.192974 	0.146907 	0.067819 	 0.015506 
0.095504 	0.195694 	0.148892 	0.067609 	 0.015102 
0.076328 	0.217013 	0.162375 	0.084546 	 0.016751 
0.088823 	0.201369 	0.152607 	0.073017 	 0.016143 
0.089776 	0.190841 	0.145674 	0.063246 	 0.015037 
0.093841 	0.194829 	0.148541 	0.066509 	 0.015415 
0.093512 	0.196214 	0.149391 	0.067652 	 0.015099 
0.089230 	0.198672 	0.150935 	0.070444 	 0.014981 
0.084317 	0.194814 	0.148513 	0.065920 	 0.014950 
0.076270 	0.202315 	0.153400 	0.071661 	 0.015819 
0.103598 	0.183083 	0.140602 	0.060484 	 0.013703 
0.099193 	0.187558 	0.143547 	0.063378 	 0.013694 
0.100108 	0.185585 	0.142415 	0.060342 	 0.013692 
0.085929 	0.193527 	0.147960 	0.064919 	 0.015425 
0.098333 	0.187505 	0.143989 	0.062780 	 0.014144 
0.090398 	0.185173 	0.142156 	0.063653 	 0.015487 
0.092289 	0.194798 	0.148217 	0.069755 	 0.014686 
0.085854 	0.193307 	0.148161 	0.065425 	 0.015543 
0.095422 	0.193962 	0.148444 	0.066675 	 0.015163 
0.094359 	0.181430 	0.140548 	0.058527 	 0.014909 
0.082936 	0.195954 	0.149414 	0.068809 	 0.015561 
0.083810 	0.190944 	0.146585 	0.063105 	 0.015186 
0.082530 	0.198481 	0.151421 	0.070701 	 0.016197 
0.090474 	0.195525 	0.149977 	0.068408 	 0.015658 
0.087769 	0.189735 	0.145871 	0.061030 	 0.015067 
0.114685 	0.173894 	0.135841 	0.053341 	 0.013315 
0.092620 	0.198257 	0.151520 	0.066741 	 0.014798 
0.091494 	0.176885 	0.137476 	0.053693 	 0.014150 
0.102192 	0.183317 	0.142343 	0.057668 	 0.014772 
0.101526 	0.179833 	0.139922 	0.054163 	 0.013916 
0.094190 	0.191451 	0.147417 	0.062067 	 0.014534 
0.092599 	0.193381 	0.148994 	0.063467 	 0.015630 
0.102606 	0.181724 	0.140883 	0.059605 	 0.014131 
0.093718 	0.183085 	0.141798 	0.061519 	 0.015090 
0.087131 	0.199818 	0.153291 	0.067478 	 0.015555 
0.101728 	0.181123 	0.141171 	0.056966 	 0.014594 
0.099932 	0.173791 	0.135966 	0.052207 	 0.013688 
0.093465 	0.193575 	0.149122 	0.064697 	 0.015023 
0.087632 	0.198471 	0.152348 	0.068580 	 0.015940 
0.095367 	0.186939 	0.145350 	0.056202 	 0.014820 
0.088390 	0.179184 	0.139431 	0.055678 	 0.014238 
0.108243 	0.178076 	0.139316 	0.054862 	 0.013841 
0.081410 	0.194876 	0.150258 	0.066045 	 0.015781 
0.096675 	0.184130 	0.143053 	0.060115 	 0.013917 
0.092280 	0.183341 	0.142784 	0.058501 	 0.015159 
0.088065 	0.187984 	0.146230 	0.059180 	 0.015718 
0.090043 	0.190235 	0.147951 	0.059518 	 0.015481 
0.098976 	0.176464 	0.138123 	0.056773 	 0.014362 
0.069814 	0.209076 	0.159736 	0.074563 	 0.016366 
