di 	gli 	gal 	gos3 	 gos4 
0.420341 	0.026245 	0.015929 	0.017257 	 -0.002064 
0.417016 	0.038793 	0.023938 	0.030325 	 -0.000278 
0.441811 	0.027651 	0.015606 	0.035657 	 -0.001269 
0.418186 	0.051624 	0.031342 	0.051918 	 0.000915 
0.429353 	0.050654 	0.030890 	0.051119 	 0.000087 
0.420751 	0.059166 	0.036609 	0.056202 	 0.000546 
0.408263 	0.060806 	0.037362 	0.059113 	 0.001228 
0.428689 	0.048025 	0.029301 	0.048586 	 0.000017 
0.423822 	0.059781 	0.036897 	0.056227 	 0.000396 
0.418182 	0.057488 	0.034916 	0.056301 	 0.000002 
0.423249 	0.046390 	0.027893 	0.048670 	 0.000226 
0.409805 	0.056264 	0.034257 	0.056283 	 0.001237 
0.412560 	0.056811 	0.034402 	0.056113 	 0.000570 
0.414445 	0.048475 	0.028953 	0.053705 	 0.000642 
0.397462 	0.078407 	0.048836 	0.069327 	 0.001722 
0.415645 	0.060392 	0.036657 	0.063167 	 0.001344 
0.407486 	0.061720 	0.037999 	0.058519 	 0.001411 
0.413280 	0.068113 	0.042055 	0.064020 	 0.000987 
0.402489 	0.063006 	0.038707 	0.059854 	 0.001129 
0.403571 	0.061214 	0.037863 	0.058837 	 0.002041 
0.394737 	0.076980 	0.047745 	0.070742 	 0.002748 
0.402689 	0.069623 	0.043620 	0.060941 	 0.001556 
0.409514 	0.059811 	0.036739 	0.056932 	 0.000516 
0.386870 	0.076840 	0.047655 	0.071435 	 0.003354 
0.407107 	0.064732 	0.039387 	0.064646 	 0.001420 
0.394534 	0.077338 	0.047964 	0.070371 	 0.002225 
0.395877 	0.070180 	0.043621 	0.064896 	 0.002502 
0.392300 	0.069476 	0.042749 	0.065866 	 0.002272 
0.399612 	0.061165 	0.037832 	0.059270 	 0.002231 
0.388512 	0.081785 	0.051088 	0.072998 	 0.003195 
0.388426 	0.076016 	0.047398 	0.070428 	 0.002882 
0.385491 	0.079225 	0.048949 	0.075523 	 0.003551 
0.389159 	0.076928 	0.047599 	0.072329 	 0.002846 
0.390604 	0.073604 	0.045655 	0.069008 	 0.002850 
0.393718 	0.071640 	0.044273 	0.066453 	 0.002278 
0.391903 	0.068142 	0.042206 	0.063791 	 0.002502 
0.385090 	0.074572 	0.045964 	0.071706 	 0.003124 
0.384015 	0.076029 	0.047250 	0.072169 	 0.003220 
0.382868 	0.078491 	0.048607 	0.074787 	 0.003408 
0.372482 	0.087134 	0.054347 	0.078930 	 0.004285 
0.380323 	0.076018 	0.047014 	0.068592 	 0.002786 
0.365113 	0.084380 	0.052591 	0.074675 	 0.004021 
0.368517 	0.098560 	0.061553 	0.088037 	 0.004521 
0.383617 	0.077274 	0.048029 	0.071938 	 0.003306 
0.383020 	0.076376 	0.047797 	0.071695 	 0.003952 
0.377659 	0.082040 	0.051099 	0.076767 	 0.003656 
0.359542 	0.100160 	0.062973 	0.087284 	 0.005246 
0.369087 	0.087299 	0.054573 	0.077222 	 0.003778 
0.371829 	0.084701 	0.053062 	0.075450 	 0.003565 
0.361623 	0.100851 	0.063391 	0.085873 	 0.004578 
0.373602 	0.083923 	0.052068 	0.075501 	 0.003040 
0.361824 	0.084513 	0.052869 	0.075397 	 0.003843 
0.359671 	0.091300 	0.057356 	0.080363 	 0.004344 
0.374572 	0.086770 	0.055132 	0.072680 	 0.003922 
0.361563 	0.089434 	0.056112 	0.078014 	 0.004280 
0.347585 	0.101559 	0.064026 	0.087039 	 0.005362 
0.355586 	0.099031 	0.062567 	0.084767 	 0.005117 
0.354686 	0.097805 	0.061659 	0.083776 	 0.004749 
0.344006 	0.106417 	0.067009 	0.091013 	 0.004957 
0.364586 	0.088450 	0.055645 	0.080251 	 0.005042 
0.357728 	0.093881 	0.059450 	0.081657 	 0.004708 
0.343487 	0.110119 	0.069489 	0.093903 	 0.005789 
0.353344 	0.092738 	0.058215 	0.082134 	 0.004476 
0.357465 	0.090536 	0.056722 	0.081112 	 0.004510 
0.347487 	0.098556 	0.062118 	0.086019 	 0.005631 
0.330058 	0.115815 	0.073429 	0.096783 	 0.006795 
0.346926 	0.090713 	0.056833 	0.079920 	 0.004443 
0.339720 	0.102229 	0.064279 	0.089559 	 0.005269 
0.339635 	0.105121 	0.066450 	0.089890 	 0.006074 
0.337257 	0.109418 	0.069391 	0.092932 	 0.006472 
0.356749 	0.097767 	0.061653 	0.085953 	 0.004644 
0.344011 	0.098466 	0.062015 	0.084464 	 0.005255 
0.344285 	0.107204 	0.067903 	0.092677 	 0.005869 
0.336255 	0.114817 	0.072945 	0.096523 	 0.006228 
0.337271 	0.111190 	0.070379 	0.094776 	 0.006123 
0.346403 	0.099116 	0.062612 	0.085015 	 0.005616 
0.334186 	0.111010 	0.070194 	0.093645 	 0.005782 
0.350111 	0.102628 	0.065011 	0.087302 	 0.005132 
0.348308 	0.097950 	0.062153 	0.083008 	 0.005177 
0.325864 	0.115352 	0.073174 	0.095166 	 0.006447 
0.348010 	0.093707 	0.059110 	0.079934 	 0.004251 
0.327886 	0.107172 	0.067934 	0.089385 	 0.006194 
0.333702 	0.102706 	0.065124 	0.086992 	 0.005912 
0.338035 	0.102452 	0.065603 	0.083887 	 0.005999 
0.341822 	0.093586 	0.058985 	0.081890 	 0.004961 
0.344575 	0.098299 	0.062492 	0.084339 	 0.006202 
0.327261 	0.111738 	0.071180 	0.091276 	 0.006260 
0.329604 	0.101426 	0.064617 	0.085216 	 0.006078 
0.326035 	0.110541 	0.070040 	0.093771 	 0.005918 
0.333976 	0.103374 	0.065513 	0.087318 	 0.005465 
0.342141 	0.097970 	0.062265 	0.083441 	 0.005375 
0.330674 	0.105704 	0.067256 	0.088887 	 0.006015 
0.330298 	0.110608 	0.070187 	0.093133 	 0.006549 
0.324336 	0.121051 	0.077086 	0.101318 	 0.007120 
0.328872 	0.103871 	0.065816 	0.090231 	 0.006277 
0.333162 	0.100292 	0.063699 	0.084549 	 0.005971 
0.320516 	0.121196 	0.077333 	0.099278 	 0.007510 
0.337104 	0.103165 	0.065492 	0.089306 	 0.006135 
0.327882 	0.110374 	0.070671 	0.089795 	 0.006254 
0.319552 	0.115144 	0.073479 	0.095626 	 0.007428 
0.330865 	0.108777 	0.069439 	0.089628 	 0.006117 
0.319136 	0.119961 	0.077011 	0.093741 	 0.006941 
0.319228 	0.116671 	0.074474 	0.095274 	 0.006671 
0.322839 	0.109266 	0.069525 	0.089868 	 0.006393 
0.325921 	0.113493 	0.072402 	0.093239 	 0.005881 
0.321422 	0.110277 	0.070572 	0.089880 	 0.006763 
0.322809 	0.106788 	0.068127 	0.087504 	 0.006262 
0.323609 	0.118398 	0.075986 	0.096124 	 0.006920 
0.317412 	0.114461 	0.073462 	0.092961 	 0.006898 
0.317079 	0.118643 	0.076458 	0.094602 	 0.007116 
0.310319 	0.132899 	0.085854 	0.102090 	 0.007816 
0.323275 	0.121732 	0.078010 	0.098590 	 0.006856 
0.316548 	0.125548 	0.080799 	0.102011 	 0.007942 
0.326161 	0.110052 	0.070528 	0.088194 	 0.006105 
0.318312 	0.111359 	0.071261 	0.090307 	 0.006644 
0.306054 	0.127908 	0.082369 	0.098050 	 0.006889 
0.315491 	0.120258 	0.076984 	0.098123 	 0.007419 
0.314937 	0.116780 	0.075144 	0.093307 	 0.007521 
0.320892 	0.115152 	0.074207 	0.093278 	 0.007372 
0.316863 	0.113387 	0.072706 	0.090598 	 0.006200 
0.315386 	0.114383 	0.073576 	0.092158 	 0.007143 
0.320323 	0.119068 	0.076363 	0.096224 	 0.006409 
0.301979 	0.139346 	0.090237 	0.107276 	 0.008554 
0.295665 	0.139454 	0.089996 	0.107837 	 0.008243 
0.284879 	0.148300 	0.095250 	0.116275 	 0.008690 
0.299395 	0.140846 	0.090994 	0.110235 	 0.008692 
0.297982 	0.133861 	0.085941 	0.107227 	 0.007959 
0.316144 	0.119365 	0.077435 	0.091031 	 0.006733 
0.303619 	0.136954 	0.089133 	0.103797 	 0.008566 
0.307679 	0.124736 	0.080619 	0.095990 	 0.006772 
0.296972 	0.137771 	0.088992 	0.108301 	 0.008396 
0.287471 	0.140741 	0.091181 	0.107431 	 0.009033 
0.302065 	0.129715 	0.083777 	0.100650 	 0.007345 
0.304673 	0.133085 	0.085934 	0.105233 	 0.008108 
0.304839 	0.131263 	0.084791 	0.102474 	 0.007837 
0.304360 	0.119752 	0.076832 	0.094812 	 0.006837 
0.284509 	0.136843 	0.088804 	0.104805 	 0.008820 
0.297312 	0.138414 	0.090061 	0.103707 	 0.008331 
0.311044 	0.132345 	0.085816 	0.098692 	 0.006449 
0.296628 	0.133993 	0.086965 	0.102637 	 0.008036 
0.287624 	0.137511 	0.088795 	0.106874 	 0.008840 
0.281108 	0.147352 	0.095033 	0.114632 	 0.008884 
0.289219 	0.130071 	0.084153 	0.100903 	 0.008239 
0.307721 	0.122807 	0.079847 	0.092950 	 0.006959 
0.305016 	0.130212 	0.084684 	0.099540 	 0.007472 
0.295082 	0.144533 	0.094373 	0.107220 	 0.008364 
0.285684 	0.143076 	0.093094 	0.106039 	 0.008250 
0.292710 	0.139158 	0.090514 	0.103152 	 0.007917 
0.283217 	0.138700 	0.089895 	0.105974 	 0.008998 
0.290563 	0.125544 	0.081754 	0.093469 	 0.007643 
0.290437 	0.139606 	0.090544 	0.105142 	 0.008473 
0.292133 	0.131600 	0.085439 	0.098285 	 0.007588 
0.281344 	0.142986 	0.092935 	0.104873 	 0.007829 
0.297282 	0.132489 	0.085920 	0.102158 	 0.007759 
0.288300 	0.131518 	0.085705 	0.097211 	 0.008222 
0.293179 	0.136124 	0.088345 	0.103157 	 0.008203 
0.285616 	0.138561 	0.090428 	0.102376 	 0.008569 
0.271453 	0.150825 	0.098358 	0.110370 	 0.009423 
0.291396 	0.135945 	0.088723 	0.098938 	 0.007665 
0.286659 	0.135675 	0.088463 	0.100390 	 0.007840 
0.293673 	0.134582 	0.087717 	0.099413 	 0.007269 
0.281984 	0.137874 	0.089636 	0.101880 	 0.007737 
0.283276 	0.146073 	0.095134 	0.106504 	 0.007723 
0.280913 	0.147397 	0.095748 	0.110846 	 0.008948 
0.299477 	0.136102 	0.089105 	0.099820 	 0.007690 
0.285048 	0.137905 	0.090068 	0.099476 	 0.007826 
0.276989 	0.149827 	0.097594 	0.110080 	 0.009040 
0.284480 	0.148821 	0.097295 	0.107924 	 0.008215 
0.274243 	0.146793 	0.095806 	0.107227 	 0.008589 
0.276098 	0.151987 	0.099520 	0.110069 	 0.009178 
0.295831 	0.133476 	0.087080 	0.100490 	 0.007620 
0.263662 	0.156405 	0.102067 	0.113060 	 0.009643 
0.275524 	0.152947 	0.100076 	0.111188 	 0.009286 
0.274335 	0.145308 	0.094785 	0.107174 	 0.008982 
0.279186 	0.153989 	0.101007 	0.110672 	 0.009065 
0.270042 	0.159503 	0.104431 	0.113465 	 0.009149 
0.270564 	0.159540 	0.104319 	0.117552 	 0.009959 
0.260262 	0.157082 	0.102663 	0.112617 	 0.009154 
0.282406 	0.142362 	0.093114 	0.102806 	 0.008471 
0.273963 	0.154868 	0.101391 	0.111559 	 0.008974 
0.271473 	0.153179 	0.100610 	0.107750 	 0.008543 
0.262583 	0.156229 	0.102892 	0.109767 	 0.010105 
0.278442 	0.142940 	0.093928 	0.102291 	 0.008743 
0.257126 	0.174257 	0.114246 	0.124601 	 0.010537 
0.251581 	0.171550 	0.112582 	0.122462 	 0.011185 
0.267095 	0.152036 	0.100293 	0.105639 	 0.009710 
0.260195 	0.159136 	0.104454 	0.112675 	 0.009702 
0.263611 	0.151328 	0.099495 	0.108459 	 0.009933 
0.265245 	0.155754 	0.101885 	0.112371 	 0.009696 
0.264735 	0.167380 	0.109952 	0.122400 	 0.010795 
0.250918 	0.174325 	0.114624 	0.119954 	 0.010314 
0.250429 	0.175256 	0.115150 	0.122815 	 0.010866 
0.260046 	0.170238 	0.111762 	0.121230 	 0.010672 
0.257127 	0.175995 	0.115964 	0.121642 	 0.010834 
0.262197 	0.166393 	0.109796 	0.114285 	 0.010144 
0.270093 	0.155336 	0.102566 	0.107300 	 0.008979 
0.258658 	0.158249 	0.104206 	0.109822 	 0.009885 
0.260030 	0.168616 	0.110918 	0.115852 	 0.009299 
0.267556 	0.161314 	0.106792 	0.110386 	 0.009654 
0.267657 	0.163196 	0.107945 	0.111899 	 0.009865 
0.254160 	0.160958 	0.106191 	0.109405 	 0.009479 
0.261656 	0.170150 	0.112153 	0.117493 	 0.009424 
0.262665 	0.170258 	0.112317 	0.116833 	 0.009669 
0.254451 	0.165082 	0.108953 	0.114864 	 0.010337 
0.263693 	0.163489 	0.108024 	0.114668 	 0.009903 
0.268663 	0.158854 	0.105297 	0.108672 	 0.009490 
0.243247 	0.173983 	0.114792 	0.119960 	 0.010746 
0.251022 	0.171349 	0.113375 	0.114524 	 0.010162 
0.256542 	0.164942 	0.108937 	0.113276 	 0.009788 
0.244885 	0.175865 	0.116254 	0.120164 	 0.010767 
0.261955 	0.161144 	0.106815 	0.109300 	 0.008946 
0.253927 	0.171603 	0.113581 	0.116392 	 0.009855 
0.251007 	0.174696 	0.115378 	0.118190 	 0.009715 
0.258511 	0.160991 	0.106773 	0.109880 	 0.009861 
0.251362 	0.167379 	0.110795 	0.114848 	 0.010267 
0.255815 	0.158542 	0.104961 	0.107702 	 0.008987 
0.245554 	0.176136 	0.116795 	0.118360 	 0.010630 
0.257091 	0.163235 	0.108294 	0.109870 	 0.009322 
0.246108 	0.171823 	0.113484 	0.117243 	 0.009796 
0.254619 	0.160721 	0.106662 	0.108058 	 0.009595 
0.248511 	0.176064 	0.116866 	0.118387 	 0.010420 
0.255148 	0.161384 	0.107230 	0.109511 	 0.009833 
0.251615 	0.163493 	0.108496 	0.110937 	 0.009914 
0.254175 	0.162726 	0.108298 	0.108954 	 0.009867 
0.251723 	0.171710 	0.113851 	0.115441 	 0.010117 
0.245712 	0.174445 	0.115874 	0.115741 	 0.010215 
0.247740 	0.170289 	0.112971 	0.115048 	 0.010423 
0.248545 	0.165131 	0.109911 	0.109068 	 0.010026 
0.242027 	0.174051 	0.115674 	0.116701 	 0.010832 
0.237306 	0.174767 	0.115958 	0.117390 	 0.010492 
0.241089 	0.181260 	0.120283 	0.122715 	 0.010734 
0.237508 	0.170855 	0.113764 	0.111867 	 0.010627 
0.239766 	0.181849 	0.120769 	0.120345 	 0.010968 
0.238984 	0.175141 	0.116218 	0.119126 	 0.011115 
0.238556 	0.186561 	0.124001 	0.122534 	 0.010763 
0.227985 	0.176707 	0.117673 	0.114964 	 0.011368 
0.234450 	0.180964 	0.119773 	0.119946 	 0.010772 
0.241896 	0.165850 	0.110514 	0.106727 	 0.009956 
0.245172 	0.173015 	0.115171 	0.113322 	 0.010232 
0.235038 	0.177946 	0.118541 	0.114050 	 0.010578 
0.243190 	0.172372 	0.115117 	0.111372 	 0.010219 
0.245000 	0.170709 	0.114209 	0.109363 	 0.010399 
0.229398 	0.177779 	0.117780 	0.119528 	 0.010627 
0.221495 	0.194789 	0.129055 	0.131584 	 0.012233 
0.229016 	0.180999 	0.120321 	0.120010 	 0.010997 
0.239951 	0.168132 	0.112673 	0.105102 	 0.010201 
0.221124 	0.192820 	0.128599 	0.124015 	 0.011974 
0.231974 	0.174369 	0.116304 	0.112380 	 0.010465 
0.238158 	0.182445 	0.121832 	0.115357 	 0.010332 
0.235404 	0.185330 	0.123390 	0.120467 	 0.010514 
0.234630 	0.182574 	0.122010 	0.118349 	 0.011307 
0.221861 	0.190330 	0.127181 	0.122157 	 0.011996 
0.235492 	0.180975 	0.120885 	0.115986 	 0.010279 
0.232892 	0.194929 	0.130582 	0.124247 	 0.011928 
0.219296 	0.192608 	0.128747 	0.122593 	 0.012204 
0.232733 	0.189943 	0.127234 	0.119688 	 0.010738 
0.211214 	0.205503 	0.137120 	0.132062 	 0.012401 
0.221904 	0.197934 	0.132617 	0.125265 	 0.012502 
0.213529 	0.198056 	0.132455 	0.124635 	 0.011993 
0.230916 	0.187710 	0.126164 	0.118278 	 0.011558 
0.224025 	0.204717 	0.136489 	0.132374 	 0.011866 
0.209651 	0.196781 	0.131333 	0.125651 	 0.011996 
0.222535 	0.195839 	0.130681 	0.124865 	 0.011437 
0.245198 	0.182056 	0.122526 	0.112378 	 0.009834 
0.229605 	0.177581 	0.119138 	0.109511 	 0.010198 
0.220191 	0.194654 	0.130503 	0.121774 	 0.011540 
0.225609 	0.185511 	0.124547 	0.117259 	 0.011440 
0.227389 	0.188142 	0.125448 	0.120774 	 0.010551 
0.218344 	0.197599 	0.132520 	0.126257 	 0.012691 
0.216331 	0.194913 	0.130931 	0.122831 	 0.012413 
0.228899 	0.187340 	0.125750 	0.118265 	 0.011234 
0.220377 	0.190893 	0.128259 	0.120176 	 0.012078 
0.210221 	0.200574 	0.134559 	0.125075 	 0.012162 
0.198472 	0.224508 	0.150189 	0.141023 	 0.013853 
0.215804 	0.203046 	0.135883 	0.129826 	 0.012469 
0.218451 	0.185171 	0.124806 	0.112013 	 0.011102 
0.218722 	0.195791 	0.131006 	0.125201 	 0.011517 
0.221218 	0.196613 	0.132667 	0.119433 	 0.012157 
0.210992 	0.200418 	0.134654 	0.125510 	 0.012436 
0.225070 	0.193758 	0.130669 	0.118852 	 0.011253 
0.230667 	0.183901 	0.124265 	0.112645 	 0.010925 
0.206808 	0.203432 	0.136682 	0.128426 	 0.012545 
0.212117 	0.191262 	0.129296 	0.114998 	 0.011735 
0.213213 	0.205349 	0.138015 	0.128777 	 0.012330 
0.214971 	0.204684 	0.137876 	0.126556 	 0.012157 
0.217654 	0.202603 	0.136149 	0.127646 	 0.012540 
0.219918 	0.206434 	0.138780 	0.128189 	 0.011402 
0.201983 	0.208992 	0.140511 	0.129467 	 0.012411 
0.211173 	0.207286 	0.139467 	0.129148 	 0.012391 
0.209933 	0.207840 	0.140113 	0.126683 	 0.012482 
0.204970 	0.211282 	0.142644 	0.128370 	 0.012714 
0.211524 	0.197237 	0.133592 	0.118118 	 0.012502 
0.205346 	0.206674 	0.139221 	0.126149 	 0.012030 
0.208643 	0.203394 	0.137170 	0.123297 	 0.011739 
0.210457 	0.199155 	0.133931 	0.124604 	 0.011734 
0.212864 	0.205322 	0.139169 	0.122221 	 0.012148 
0.207229 	0.210532 	0.142186 	0.127024 	 0.012354 
0.203583 	0.210956 	0.142673 	0.125352 	 0.012398 
0.196590 	0.219754 	0.148372 	0.131305 	 0.012934 
0.212776 	0.202931 	0.137278 	0.120056 	 0.011739 
0.215720 	0.196336 	0.132939 	0.118460 	 0.011706 
0.199612 	0.207702 	0.140314 	0.126217 	 0.012605 
0.203445 	0.205347 	0.138740 	0.126051 	 0.012743 
0.210458 	0.202995 	0.137350 	0.120401 	 0.011380 
0.202781 	0.205228 	0.138902 	0.123024 	 0.012541 
0.198803 	0.211616 	0.143340 	0.128331 	 0.013399 
0.207178 	0.201291 	0.136309 	0.120279 	 0.011624 
0.208380 	0.208181 	0.141173 	0.123697 	 0.012040 
0.203312 	0.210440 	0.142563 	0.125105 	 0.011912 
0.204186 	0.208470 	0.141417 	0.122572 	 0.012166 
0.215328 	0.192128 	0.130884 	0.111066 	 0.011080 
0.219728 	0.195417 	0.132854 	0.113634 	 0.010806 
0.210924 	0.190386 	0.129680 	0.110286 	 0.011167 
0.200346 	0.204828 	0.138594 	0.123301 	 0.012626 
0.200595 	0.208636 	0.141057 	0.128071 	 0.012669 
0.206743 	0.204997 	0.139160 	0.120361 	 0.011651 
0.206358 	0.195975 	0.133026 	0.116044 	 0.011832 
0.202838 	0.201432 	0.136703 	0.117848 	 0.011656 
0.203188 	0.205647 	0.139500 	0.121116 	 0.011633 
0.204838 	0.201700 	0.137429 	0.117334 	 0.012405 
0.199733 	0.203085 	0.137708 	0.122113 	 0.012721 
0.198912 	0.208570 	0.141231 	0.124344 	 0.012201 
0.204248 	0.206496 	0.140626 	0.118467 	 0.011734 
0.194409 	0.213401 	0.144529 	0.126982 	 0.012348 
0.202885 	0.197832 	0.134542 	0.115930 	 0.012157 
0.193439 	0.201833 	0.137004 	0.118452 	 0.011842 
0.186352 	0.214701 	0.145611 	0.124855 	 0.012035 
0.201388 	0.204181 	0.138830 	0.118161 	 0.011988 
0.198812 	0.205059 	0.139445 	0.120656 	 0.012410 
0.206166 	0.204725 	0.139408 	0.118603 	 0.011713 
0.204845 	0.204371 	0.139678 	0.115187 	 0.011650 
0.198229 	0.213537 	0.145618 	0.120549 	 0.012090 
0.202851 	0.204087 	0.139356 	0.118005 	 0.011933 
0.189157 	0.223822 	0.151753 	0.132398 	 0.012668 
0.197596 	0.204032 	0.139432 	0.116197 	 0.012063 
0.194636 	0.212145 	0.144367 	0.124657 	 0.012872 
0.200026 	0.208105 	0.141738 	0.120943 	 0.011426 
0.208175 	0.198615 	0.135780 	0.112093 	 0.011302 
0.188490 	0.222437 	0.151548 	0.128643 	 0.013094 
0.200462 	0.202631 	0.138738 	0.114912 	 0.011867 
0.182914 	0.217275 	0.148059 	0.125309 	 0.013049 
0.189607 	0.223515 	0.152405 	0.129572 	 0.013238 
0.189147 	0.219917 	0.150238 	0.126051 	 0.013165 
0.198808 	0.203695 	0.139586 	0.112225 	 0.011405 
0.176098 	0.217750 	0.148813 	0.124520 	 0.013928 
0.178355 	0.218168 	0.148796 	0.123704 	 0.013222 
0.197558 	0.209141 	0.143022 	0.117386 	 0.012331 
0.187509 	0.219259 	0.149573 	0.124674 	 0.012931 
0.167496 	0.233120 	0.158494 	0.135261 	 0.014715 
0.181513 	0.214444 	0.146659 	0.120616 	 0.013107 
0.180425 	0.222740 	0.152055 	0.127447 	 0.013466 
0.186713 	0.209503 	0.143328 	0.117816 	 0.012472 
0.170442 	0.229483 	0.156175 	0.132740 	 0.013963 
0.183884 	0.216089 	0.148219 	0.121749 	 0.013631 
0.178927 	0.223362 	0.152511 	0.126547 	 0.013576 
0.181672 	0.220012 	0.150533 	0.123377 	 0.013048 
0.178511 	0.214273 	0.146793 	0.120518 	 0.012989 
0.191566 	0.209546 	0.144077 	0.115221 	 0.012286 
0.180222 	0.216660 	0.148852 	0.119296 	 0.013108 
0.177187 	0.225741 	0.154427 	0.126070 	 0.013486 
0.174916 	0.228846 	0.156305 	0.129267 	 0.013527 
0.168862 	0.233482 	0.159103 	0.133143 	 0.013938 
0.170784 	0.224861 	0.154055 	0.124786 	 0.013860 
0.188839 	0.221646 	0.152212 	0.122609 	 0.012850 
0.174036 	0.228819 	0.157227 	0.124923 	 0.013831 
0.174649 	0.226077 	0.155151 	0.124826 	 0.013635 
0.179824 	0.221145 	0.151866 	0.121235 	 0.012781 
0.193902 	0.208805 	0.143931 	0.114030 	 0.012336 
0.186375 	0.218759 	0.150083 	0.122015 	 0.013066 
0.166542 	0.233992 	0.160581 	0.130353 	 0.014442 
0.185021 	0.218862 	0.150572 	0.119258 	 0.012945 
0.168149 	0.222577 	0.153109 	0.121320 	 0.013654 
0.180040 	0.228191 	0.156823 	0.124323 	 0.012777 
0.185140 	0.216360 	0.148919 	0.116801 	 0.011880 
0.169054 	0.234079 	0.160383 	0.129846 	 0.013461 
0.161188 	0.236537 	0.162456 	0.130511 	 0.014672 
0.179841 	0.234983 	0.161930 	0.126930 	 0.014035 
0.175797 	0.234319 	0.160877 	0.129459 	 0.013421 
0.173291 	0.224471 	0.154539 	0.123114 	 0.014022 
0.178844 	0.220984 	0.151874 	0.121828 	 0.012563 
0.168201 	0.230430 	0.158260 	0.128635 	 0.014234 
0.176459 	0.228786 	0.157429 	0.126393 	 0.013683 
0.170932 	0.229037 	0.157605 	0.126633 	 0.013924 
0.179577 	0.232642 	0.160079 	0.129417 	 0.014102 
0.184876 	0.225888 	0.156085 	0.122321 	 0.013533 
0.175573 	0.230855 	0.159126 	0.124851 	 0.013828 
0.167136 	0.238892 	0.164331 	0.133194 	 0.014894 
0.177075 	0.221156 	0.153078 	0.115497 	 0.013150 
0.168522 	0.235095 	0.161807 	0.127835 	 0.013911 
0.169230 	0.231959 	0.159799 	0.126573 	 0.014204 
0.168382 	0.239136 	0.164748 	0.130106 	 0.014570 
0.183290 	0.220601 	0.152639 	0.118177 	 0.013035 
0.166803 	0.234173 	0.161651 	0.128044 	 0.014845 
0.164952 	0.238102 	0.164140 	0.127785 	 0.013747 
0.170337 	0.234092 	0.161490 	0.124548 	 0.013380 
0.155867 	0.242641 	0.167140 	0.130484 	 0.014422 
0.164392 	0.239755 	0.165143 	0.130957 	 0.015061 
0.174445 	0.233913 	0.161637 	0.125837 	 0.013778 
0.175971 	0.231349 	0.160145 	0.123059 	 0.013472 
0.156598 	0.235694 	0.162677 	0.125406 	 0.014235 
0.176402 	0.240026 	0.165891 	0.127953 	 0.013441 
0.166145 	0.237097 	0.163294 	0.129758 	 0.013504 
0.172968 	0.230643 	0.159632 	0.122302 	 0.013111 
0.166684 	0.226609 	0.156862 	0.121367 	 0.013783 
0.157607 	0.242881 	0.167778 	0.130003 	 0.014696 
0.160482 	0.247716 	0.170662 	0.133787 	 0.014292 
0.172543 	0.227518 	0.157775 	0.119667 	 0.012982 
0.190458 	0.217410 	0.151979 	0.110521 	 0.012442 
0.166946 	0.235260 	0.163054 	0.123083 	 0.013643 
0.164966 	0.243804 	0.168431 	0.129574 	 0.013986 
0.154628 	0.241847 	0.166982 	0.130496 	 0.014296 
0.156562 	0.246913 	0.170714 	0.131230 	 0.014473 
0.167399 	0.237963 	0.164927 	0.124412 	 0.014078 
0.146559 	0.249927 	0.172527 	0.134395 	 0.015258 
0.157822 	0.239700 	0.165921 	0.125210 	 0.014187 
0.166155 	0.237358 	0.164595 	0.123985 	 0.013590 
0.171812 	0.233275 	0.162269 	0.120335 	 0.013446 
0.170959 	0.232981 	0.161970 	0.121345 	 0.013635 
0.162515 	0.245363 	0.169959 	0.131483 	 0.014897 
0.171571 	0.233897 	0.162707 	0.118834 	 0.012884 
0.148765 	0.251229 	0.174005 	0.132098 	 0.015271 
0.155623 	0.249171 	0.172767 	0.129956 	 0.014326 
0.163767 	0.228287 	0.158817 	0.116910 	 0.013308 
0.169296 	0.229512 	0.159312 	0.118209 	 0.012507 
0.157974 	0.234663 	0.163211 	0.122305 	 0.014067 
0.165991 	0.240894 	0.167708 	0.124167 	 0.014012 
0.165089 	0.226575 	0.157942 	0.114990 	 0.012783 
0.158067 	0.236040 	0.163861 	0.123474 	 0.013579 
0.150987 	0.245513 	0.169696 	0.132038 	 0.014412 
0.152617 	0.246190 	0.170782 	0.130487 	 0.014758 
0.155503 	0.238104 	0.165563 	0.125659 	 0.014299 
0.155230 	0.233822 	0.162792 	0.120453 	 0.013637 
0.158293 	0.240918 	0.167163 	0.128642 	 0.014206 
0.162030 	0.239639 	0.166898 	0.121710 	 0.013160 
0.155146 	0.243061 	0.168862 	0.126580 	 0.014343 
0.147872 	0.244560 	0.169817 	0.127840 	 0.014590 
0.167054 	0.224838 	0.157280 	0.114111 	 0.013419 
0.138047 	0.258396 	0.178682 	0.137284 	 0.015375 
0.156061 	0.243551 	0.169531 	0.125278 	 0.014518 
0.140772 	0.260449 	0.180448 	0.138261 	 0.015197 
0.152377 	0.240319 	0.167608 	0.121578 	 0.014087 
0.153612 	0.241102 	0.167850 	0.126664 	 0.014561 
0.159256 	0.239951 	0.167533 	0.121251 	 0.014183 
0.149034 	0.246870 	0.172088 	0.126487 	 0.014329 
0.165963 	0.230586 	0.161427 	0.117098 	 0.013515 
0.161468 	0.239069 	0.166929 	0.122721 	 0.014018 
0.157969 	0.235024 	0.164561 	0.117755 	 0.013617 
0.158984 	0.230601 	0.161790 	0.114491 	 0.013472 
0.155230 	0.247981 	0.172970 	0.125588 	 0.013646 
0.150059 	0.249539 	0.173531 	0.132199 	 0.014686 
0.151423 	0.250784 	0.175070 	0.126416 	 0.014112 
0.150863 	0.247230 	0.172618 	0.126189 	 0.014784 
0.138083 	0.257944 	0.179539 	0.129958 	 0.014739 
0.138862 	0.260930 	0.180971 	0.137312 	 0.015422 
0.151294 	0.250180 	0.174504 	0.128149 	 0.015057 
0.156900 	0.233677 	0.163995 	0.116002 	 0.013764 
0.148673 	0.238833 	0.167157 	0.120777 	 0.014417 
0.154273 	0.245421 	0.171469 	0.124146 	 0.014115 
0.143827 	0.257079 	0.179549 	0.130654 	 0.015379 
0.144605 	0.250036 	0.174598 	0.127570 	 0.015017 
0.153915 	0.248350 	0.174316 	0.122520 	 0.015147 
0.134896 	0.254497 	0.177520 	0.128529 	 0.015174 
0.139565 	0.251489 	0.176098 	0.125291 	 0.015471 
0.163230 	0.231904 	0.163220 	0.110501 	 0.012568 
0.137208 	0.262966 	0.183014 	0.135127 	 0.015084 
0.133006 	0.260149 	0.181161 	0.135399 	 0.015760 
0.138465 	0.256960 	0.179683 	0.127728 	 0.015022 
0.151291 	0.245263 	0.172294 	0.119474 	 0.014030 
0.123861 	0.257186 	0.179868 	0.127816 	 0.016053 
0.142012 	0.251942 	0.176549 	0.121605 	 0.014108 
0.142530 	0.254626 	0.178569 	0.125758 	 0.015314 
0.132360 	0.257360 	0.180197 	0.129007 	 0.015432 
0.141057 	0.258838 	0.181327 	0.127532 	 0.014922 
0.135967 	0.248594 	0.174891 	0.121200 	 0.015381 
0.150337 	0.256045 	0.179700 	0.126895 	 0.014966 
0.137070 	0.257337 	0.180359 	0.128527 	 0.016098 
0.149475 	0.244738 	0.172270 	0.119753 	 0.014471 
0.149113 	0.242638 	0.170693 	0.118852 	 0.014204 
0.145755 	0.245686 	0.173132 	0.117716 	 0.014457 
0.131656 	0.266581 	0.186246 	0.134859 	 0.015532 
0.132520 	0.265656 	0.185995 	0.130735 	 0.015063 
0.133584 	0.265023 	0.185470 	0.132767 	 0.016126 
0.138031 	0.267192 	0.186948 	0.135053 	 0.015623 
0.147429 	0.253285 	0.178237 	0.124092 	 0.014925 
0.137703 	0.257500 	0.181114 	0.123357 	 0.014664 
0.129854 	0.261490 	0.183635 	0.129218 	 0.015725 
0.136492 	0.262974 	0.184653 	0.130935 	 0.015769 
0.125808 	0.267724 	0.188011 	0.134044 	 0.016730 
0.137759 	0.261983 	0.183973 	0.131154 	 0.016027 
0.126548 	0.269170 	0.188376 	0.135964 	 0.016442 
0.144552 	0.251101 	0.177049 	0.120362 	 0.014903 
0.141836 	0.262028 	0.183826 	0.132467 	 0.015402 
0.134253 	0.270633 	0.189620 	0.137212 	 0.016390 
0.134793 	0.263835 	0.185631 	0.127971 	 0.015678 
0.119826 	0.274683 	0.192474 	0.138533 	 0.016795 
0.142616 	0.251925 	0.178185 	0.120180 	 0.015300 
0.148622 	0.250814 	0.177569 	0.116565 	 0.014531 
0.138935 	0.257501 	0.181526 	0.125802 	 0.015526 
0.128696 	0.270674 	0.190032 	0.135773 	 0.016128 
0.128233 	0.277123 	0.194354 	0.138369 	 0.016643 
0.132355 	0.261433 	0.184499 	0.126916 	 0.016109 
0.108866 	0.285423 	0.199711 	0.145377 	 0.017704 
0.142859 	0.260369 	0.183351 	0.127026 	 0.014341 
0.142499 	0.253729 	0.179581 	0.120099 	 0.014434 
0.155822 	0.233291 	0.166703 	0.104485 	 0.013847 
0.131660 	0.262662 	0.185484 	0.126817 	 0.015545 
0.125020 	0.271929 	0.191732 	0.130406 	 0.015926 
0.136247 	0.268537 	0.189054 	0.130502 	 0.014714 
0.130746 	0.263075 	0.186016 	0.123917 	 0.015318 
0.140531 	0.266683 	0.188341 	0.128876 	 0.015649 
0.121462 	0.270290 	0.190886 	0.129094 	 0.015856 
0.131070 	0.265284 	0.187680 	0.126732 	 0.016062 
0.126313 	0.268339 	0.189626 	0.130479 	 0.016628 
0.128037 	0.267351 	0.189276 	0.126282 	 0.015806 
0.134172 	0.267899 	0.189436 	0.128655 	 0.016069 
0.127039 	0.273529 	0.193226 	0.131007 	 0.016048 
0.142133 	0.257548 	0.182565 	0.122356 	 0.015162 
0.132427 	0.267923 	0.189577 	0.126256 	 0.015502 
0.130179 	0.261000 	0.185193 	0.120212 	 0.015006 
0.126152 	0.272924 	0.193011 	0.131201 	 0.016390 
0.117898 	0.274218 	0.193541 	0.131120 	 0.016468 
0.130323 	0.261237 	0.185422 	0.121133 	 0.014950 
0.126536 	0.264362 	0.187596 	0.124906 	 0.015989 
0.115913 	0.278326 	0.196870 	0.133544 	 0.017249 
0.128147 	0.274996 	0.194936 	0.128491 	 0.016190 
0.129078 	0.271196 	0.191913 	0.127923 	 0.015731 
0.130203 	0.257606 	0.183070 	0.119169 	 0.014977 
0.129210 	0.276026 	0.195132 	0.133945 	 0.016298 
0.146283 	0.254090 	0.180900 	0.115938 	 0.014447 
0.124900 	0.275030 	0.194629 	0.134480 	 0.017200 
0.123810 	0.272339 	0.192758 	0.128550 	 0.015959 
0.114421 	0.287329 	0.202969 	0.136720 	 0.016790 
0.132611 	0.277538 	0.196720 	0.133167 	 0.016850 
0.133410 	0.260656 	0.185533 	0.120481 	 0.015827 
0.120661 	0.276014 	0.195285 	0.133045 	 0.016446 
0.138504 	0.268905 	0.191187 	0.125081 	 0.015615 
0.122418 	0.273882 	0.194242 	0.128520 	 0.016254 
0.123526 	0.273991 	0.194350 	0.129786 	 0.016245 
0.141247 	0.254865 	0.181963 	0.116604 	 0.014795 
0.122469 	0.274813 	0.195036 	0.130826 	 0.016629 
0.130325 	0.265384 	0.188978 	0.122588 	 0.015686 
0.118966 	0.273137 	0.193854 	0.129205 	 0.016425 
0.129373 	0.267681 	0.190914 	0.122694 	 0.016132 
0.121456 	0.271725 	0.193220 	0.127627 	 0.016251 
0.128250 	0.266275 	0.190157 	0.121336 	 0.016110 
0.137366 	0.252861 	0.180750 	0.114038 	 0.014950 
0.137778 	0.259687 	0.185440 	0.120339 	 0.015466 
0.130218 	0.280259 	0.199338 	0.131341 	 0.016620 
0.129786 	0.261043 	0.186917 	0.116656 	 0.015653 
0.112905 	0.281146 	0.199502 	0.134596 	 0.017218 
0.124824 	0.267940 	0.191225 	0.124009 	 0.016108 
0.117052 	0.277354 	0.196937 	0.133486 	 0.017046 
0.121435 	0.270865 	0.192547 	0.129245 	 0.016541 
0.122033 	0.278062 	0.198391 	0.127220 	 0.017025 
0.118168 	0.286126 	0.203612 	0.132842 	 0.017115 
0.123077 	0.275305 	0.196192 	0.126439 	 0.016339 
0.132089 	0.270614 	0.193075 	0.124912 	 0.015686 
0.112187 	0.286898 	0.204073 	0.135160 	 0.017725 
0.103479 	0.286498 	0.203315 	0.136213 	 0.017641 
0.127967 	0.267438 	0.191076 	0.122720 	 0.015896 
0.113900 	0.284514 	0.202533 	0.132214 	 0.016755 
0.122698 	0.277963 	0.198330 	0.127657 	 0.015917 
0.119251 	0.286704 	0.203883 	0.134859 	 0.016897 
0.117845 	0.282260 	0.201450 	0.130168 	 0.017047 
0.117884 	0.273492 	0.195171 	0.126093 	 0.016079 
0.123859 	0.278293 	0.198696 	0.128028 	 0.016479 
0.115111 	0.282812 	0.201409 	0.133441 	 0.017499 
0.127853 	0.270515 	0.193819 	0.122767 	 0.016334 
0.105098 	0.277799 	0.198717 	0.126696 	 0.017462 
0.119204 	0.280118 	0.200082 	0.129843 	 0.017247 
0.114582 	0.267568 	0.192056 	0.120369 	 0.016840 
0.109269 	0.276510 	0.197251 	0.128039 	 0.016656 
0.114967 	0.264028 	0.189843 	0.114637 	 0.015971 
0.119445 	0.272593 	0.194692 	0.126799 	 0.016208 
0.127772 	0.260755 	0.187627 	0.117321 	 0.016307 
0.112344 	0.262136 	0.187837 	0.118089 	 0.015922 
0.124142 	0.270747 	0.194020 	0.120164 	 0.015714 
0.128278 	0.256979 	0.184638 	0.116289 	 0.015186 
0.114356 	0.275907 	0.197978 	0.125716 	 0.017663 
0.130465 	0.263034 	0.189184 	0.116500 	 0.015324 
0.114554 	0.276967 	0.198625 	0.125417 	 0.016975 
0.123882 	0.264903 	0.190494 	0.118578 	 0.016155 
0.127088 	0.264030 	0.190135 	0.115878 	 0.015636 
0.109632 	0.277497 	0.199384 	0.122718 	 0.016994 
0.114424 	0.270841 	0.194240 	0.123691 	 0.016645 
0.134717 	0.254755 	0.184569 	0.108900 	 0.015740 
0.122827 	0.266223 	0.191559 	0.118003 	 0.015648 
0.128894 	0.270244 	0.194597 	0.120267 	 0.016072 
0.123590 	0.252781 	0.183672 	0.104842 	 0.015814 
0.134829 	0.259808 	0.187522 	0.113695 	 0.015170 
0.114210 	0.280503 	0.200891 	0.131303 	 0.017133 
0.110510 	0.293072 	0.209628 	0.136553 	 0.017768 
0.116567 	0.276669 	0.198763 	0.125948 	 0.017019 
0.131116 	0.269617 	0.194495 	0.120611 	 0.016199 
0.122725 	0.275740 	0.198034 	0.125835 	 0.016641 
0.114838 	0.275270 	0.198120 	0.123592 	 0.017085 
0.108629 	0.275069 	0.198326 	0.122272 	 0.017756 
0.111061 	0.284150 	0.203648 	0.130874 	 0.018107 
0.113203 	0.273993 	0.197543 	0.118810 	 0.016714 
0.118397 	0.270068 	0.195614 	0.115188 	 0.016472 
0.439518 	-0.000354 	0.001039 	-0.002552 	 -0.000264 
0.440268 	0.008503 	0.006788 	0.006227 	 0.001445 
0.451182 	0.010971 	0.008038 	0.013290 	 0.001103 
0.448189 	0.011759 	0.008643 	0.014709 	 0.001786 
0.442559 	0.026609 	0.017801 	0.027134 	 0.001917 
0.446043 	0.023233 	0.016181 	0.022491 	 0.002093 
0.425501 	0.038656 	0.025971 	0.033541 	 0.003103 
0.438566 	0.024828 	0.016994 	0.026594 	 0.002587 
0.433239 	0.034433 	0.023518 	0.029292 	 0.002964 
0.427250 	0.027300 	0.018199 	0.029865 	 0.003201 
0.420234 	0.034388 	0.023517 	0.030884 	 0.004231 
0.425016 	0.034503 	0.022952 	0.034710 	 0.003494 
0.439549 	0.028774 	0.019741 	0.025679 	 0.001947 
0.449426 	0.009062 	0.006491 	0.016211 	 0.002481 
0.431840 	0.039528 	0.026642 	0.032759 	 0.002840 
0.418194 	0.046956 	0.030783 	0.042717 	 0.003927 
0.407065 	0.050629 	0.033712 	0.042322 	 0.004390 
0.423708 	0.033454 	0.022544 	0.030105 	 0.003343 
0.401210 	0.050009 	0.032866 	0.043811 	 0.004629 
0.411466 	0.042516 	0.028639 	0.036948 	 0.004834 
0.399291 	0.054644 	0.035504 	0.048236 	 0.004951 
0.393894 	0.057368 	0.037608 	0.051810 	 0.005670 
0.408981 	0.051031 	0.033977 	0.043168 	 0.005449 
0.393937 	0.053625 	0.034956 	0.046406 	 0.005421 
0.387821 	0.058302 	0.038206 	0.051635 	 0.006208 
0.395658 	0.057269 	0.038051 	0.047123 	 0.005650 
0.398423 	0.055037 	0.036266 	0.047396 	 0.005439 
0.389199 	0.047300 	0.031390 	0.042992 	 0.005639 
0.398706 	0.051670 	0.034478 	0.043134 	 0.005462 
0.377221 	0.072138 	0.047343 	0.060270 	 0.007557 
0.392065 	0.056309 	0.037118 	0.049956 	 0.006216 
0.387805 	0.059068 	0.038328 	0.054310 	 0.006075 
0.387290 	0.059399 	0.039607 	0.048421 	 0.006873 
0.397980 	0.053980 	0.035653 	0.045974 	 0.005226 
0.379330 	0.062774 	0.041474 	0.052590 	 0.007107 
0.379078 	0.063563 	0.042030 	0.051586 	 0.006239 
0.385631 	0.057459 	0.037786 	0.049851 	 0.006275 
0.384623 	0.056812 	0.037127 	0.052153 	 0.006386 
0.389132 	0.050223 	0.033147 	0.046718 	 0.006282 
0.370449 	0.066134 	0.043571 	0.055583 	 0.007290 
0.363686 	0.077609 	0.051259 	0.062747 	 0.007825 
0.366562 	0.072281 	0.047194 	0.061462 	 0.007018 
0.379403 	0.060656 	0.039787 	0.050520 	 0.005865 
0.373549 	0.071888 	0.047616 	0.057260 	 0.006900 
0.371735 	0.062571 	0.041288 	0.051593 	 0.006720 
0.376603 	0.062303 	0.041512 	0.052563 	 0.007449 
0.363136 	0.068827 	0.044658 	0.059961 	 0.006912 
0.375662 	0.061406 	0.040741 	0.053194 	 0.007117 
0.370539 	0.063615 	0.042085 	0.052710 	 0.007102 
0.358429 	0.072679 	0.047691 	0.061044 	 0.008028 
0.373081 	0.068060 	0.044874 	0.056947 	 0.006727 
0.368970 	0.061457 	0.040790 	0.048651 	 0.006493 
0.375488 	0.066649 	0.043895 	0.055557 	 0.006938 
0.376771 	0.062686 	0.041312 	0.053539 	 0.006499 
0.355799 	0.079352 	0.052276 	0.065716 	 0.008961 
0.360949 	0.074727 	0.049268 	0.062499 	 0.008159 
0.359923 	0.067497 	0.044301 	0.059057 	 0.007114 
0.348270 	0.084944 	0.055629 	0.069734 	 0.007995 
0.355612 	0.076204 	0.049864 	0.064463 	 0.007992 
0.353046 	0.078460 	0.052350 	0.061546 	 0.008588 
0.359395 	0.067873 	0.044915 	0.057643 	 0.007920 
0.363677 	0.062017 	0.041531 	0.049928 	 0.007539 
0.351005 	0.068477 	0.045608 	0.055875 	 0.008209 
0.345440 	0.072623 	0.048081 	0.059270 	 0.008674 
0.365906 	0.063940 	0.042219 	0.054216 	 0.006919 
0.350411 	0.075650 	0.049772 	0.062558 	 0.008048 
0.349697 	0.075374 	0.049955 	0.060256 	 0.008003 
0.359269 	0.073661 	0.048949 	0.060360 	 0.008670 
0.342627 	0.081558 	0.053393 	0.067497 	 0.008791 
0.335585 	0.083044 	0.054371 	0.069638 	 0.009623 
0.335238 	0.078527 	0.051457 	0.064914 	 0.008528 
0.339047 	0.085499 	0.056553 	0.066772 	 0.009080 
0.341142 	0.080134 	0.053027 	0.064820 	 0.008821 
0.341526 	0.084080 	0.055585 	0.068656 	 0.009526 
0.332086 	0.079030 	0.052151 	0.064091 	 0.009074 
0.346724 	0.068233 	0.045167 	0.057401 	 0.007953 
0.333180 	0.093270 	0.061780 	0.072330 	 0.009608 
0.334620 	0.090150 	0.059521 	0.069155 	 0.008404 
0.333480 	0.089006 	0.058612 	0.071812 	 0.009501 
0.345971 	0.077225 	0.051477 	0.061305 	 0.008291 
0.325845 	0.092768 	0.060918 	0.073757 	 0.009207 
0.333285 	0.084230 	0.055998 	0.064995 	 0.009039 
0.324917 	0.087924 	0.057623 	0.071820 	 0.009471 
0.340621 	0.082888 	0.055087 	0.063764 	 0.008115 
0.323656 	0.098187 	0.064730 	0.076725 	 0.009806 
0.325031 	0.089917 	0.059430 	0.070094 	 0.009236 
0.332708 	0.085614 	0.056913 	0.065566 	 0.009148 
0.337851 	0.074023 	0.048976 	0.058520 	 0.008077 
0.319865 	0.090720 	0.060146 	0.067757 	 0.009103 
0.325467 	0.092717 	0.061544 	0.070552 	 0.009472 
0.335816 	0.083870 	0.055418 	0.068338 	 0.009025 
0.317531 	0.098762 	0.065271 	0.075212 	 0.009707 
0.315638 	0.097198 	0.064106 	0.074610 	 0.009995 
0.327649 	0.085640 	0.056939 	0.066016 	 0.008978 
0.323911 	0.089400 	0.059248 	0.070114 	 0.009396 
0.313793 	0.100184 	0.066337 	0.075980 	 0.009826 
0.328898 	0.087579 	0.058381 	0.068060 	 0.009633 
0.314024 	0.091800 	0.060674 	0.071704 	 0.009981 
0.328726 	0.085141 	0.056744 	0.065346 	 0.008983 
0.326559 	0.091200 	0.060684 	0.068671 	 0.009054 
0.316321 	0.093921 	0.062286 	0.072796 	 0.009703 
0.320980 	0.095051 	0.063004 	0.072163 	 0.009180 
0.322218 	0.087747 	0.058688 	0.064792 	 0.009140 
0.318536 	0.083446 	0.055599 	0.063959 	 0.009230 
0.325709 	0.085707 	0.057140 	0.066229 	 0.008893 
0.305380 	0.096112 	0.063727 	0.074014 	 0.010293 
0.307191 	0.106996 	0.071403 	0.078751 	 0.010899 
0.303847 	0.105815 	0.070031 	0.079828 	 0.010665 
0.314820 	0.099656 	0.065958 	0.076420 	 0.009981 
0.311111 	0.089538 	0.059053 	0.069829 	 0.009265 
0.322878 	0.089558 	0.059729 	0.067373 	 0.008934 
0.285936 	0.109832 	0.072740 	0.082233 	 0.011093 
0.309620 	0.093135 	0.062583 	0.068328 	 0.010082 
0.309541 	0.103160 	0.068821 	0.075061 	 0.010141 
0.297855 	0.111325 	0.073917 	0.083076 	 0.011473 
0.313557 	0.101041 	0.067374 	0.076457 	 0.009931 
0.309319 	0.100766 	0.067174 	0.074971 	 0.010710 
0.318839 	0.093510 	0.062622 	0.068889 	 0.009843 
0.309735 	0.095001 	0.063860 	0.068617 	 0.010164 
0.309063 	0.098076 	0.065150 	0.074744 	 0.010613 
0.300840 	0.098970 	0.066030 	0.073850 	 0.010763 
0.299671 	0.098602 	0.065524 	0.074506 	 0.010677 
0.288274 	0.115936 	0.076701 	0.087250 	 0.011785 
0.306718 	0.104933 	0.069721 	0.077478 	 0.010068 
0.308024 	0.103421 	0.069275 	0.074632 	 0.010123 
0.281054 	0.118922 	0.078616 	0.088217 	 0.011907 
0.291095 	0.115962 	0.077004 	0.088111 	 0.012128 
0.292939 	0.107357 	0.071196 	0.080928 	 0.011362 
0.292068 	0.103240 	0.068908 	0.075146 	 0.010560 
0.289147 	0.118053 	0.078587 	0.084804 	 0.011332 
0.295790 	0.102533 	0.068135 	0.078024 	 0.010457 
0.288212 	0.113144 	0.075451 	0.081385 	 0.011175 
0.281892 	0.111513 	0.074267 	0.081689 	 0.011494 
0.301323 	0.095956 	0.064366 	0.072234 	 0.010836 
0.286092 	0.118213 	0.078581 	0.087057 	 0.012292 
0.284765 	0.111294 	0.074145 	0.080909 	 0.011340 
0.281436 	0.116249 	0.077073 	0.087886 	 0.012526 
0.290446 	0.103673 	0.069426 	0.076367 	 0.011536 
0.290211 	0.108765 	0.072555 	0.078794 	 0.010739 
0.284486 	0.108699 	0.072603 	0.077840 	 0.010910 
0.294292 	0.108810 	0.072758 	0.078366 	 0.011025 
0.301752 	0.100720 	0.067763 	0.072831 	 0.010463 
0.268897 	0.122573 	0.081587 	0.089813 	 0.012989 
0.282859 	0.104819 	0.070174 	0.075672 	 0.011075 
0.261258 	0.126755 	0.084526 	0.090636 	 0.013482 
0.270801 	0.120449 	0.080451 	0.084370 	 0.012604 
0.266736 	0.122311 	0.081608 	0.086234 	 0.011964 
0.287747 	0.115152 	0.077136 	0.082265 	 0.011650 
0.292707 	0.105261 	0.070723 	0.073814 	 0.010397 
0.282775 	0.109427 	0.073463 	0.078789 	 0.012106 
0.282513 	0.107099 	0.071722 	0.077613 	 0.011855 
0.285001 	0.108035 	0.072474 	0.077067 	 0.011580 
0.274491 	0.125542 	0.083850 	0.091133 	 0.012813 
0.287224 	0.117200 	0.078792 	0.081006 	 0.011842 
0.270098 	0.117836 	0.078766 	0.083928 	 0.012446 
0.280490 	0.116246 	0.077496 	0.085991 	 0.011703 
0.277301 	0.111518 	0.074466 	0.080733 	 0.011470 
0.278560 	0.114021 	0.076292 	0.082413 	 0.011888 
0.282566 	0.112581 	0.075975 	0.078192 	 0.011900 
0.270903 	0.120566 	0.080497 	0.087845 	 0.012056 
0.284086 	0.112517 	0.076099 	0.076951 	 0.011542 
0.285025 	0.104983 	0.070889 	0.073622 	 0.010908 
0.276846 	0.109464 	0.073472 	0.078854 	 0.011720 
0.280840 	0.111378 	0.074782 	0.080633 	 0.011956 
0.284911 	0.101624 	0.068570 	0.070308 	 0.010742 
0.276818 	0.106441 	0.071098 	0.079405 	 0.011633 
0.263750 	0.121269 	0.081313 	0.085015 	 0.012288 
0.281369 	0.107934 	0.072926 	0.073531 	 0.011448 
0.287902 	0.101081 	0.068512 	0.068946 	 0.010509 
0.281313 	0.111883 	0.075728 	0.074150 	 0.010914 
0.284898 	0.108559 	0.073386 	0.074222 	 0.011029 
0.286496 	0.105323 	0.071000 	0.073844 	 0.011065 
0.277986 	0.114787 	0.077442 	0.079186 	 0.011574 
0.277306 	0.112967 	0.076112 	0.079173 	 0.011774 
0.274237 	0.107711 	0.072964 	0.073397 	 0.011771 
0.266640 	0.115931 	0.078111 	0.078583 	 0.011957 
0.267387 	0.121560 	0.081710 	0.082891 	 0.011813 
0.264603 	0.129047 	0.086568 	0.088342 	 0.012279 
0.284052 	0.110091 	0.074412 	0.076173 	 0.011350 
0.259567 	0.131943 	0.088395 	0.091951 	 0.013112 
0.270330 	0.109328 	0.073896 	0.073763 	 0.011392 
0.265885 	0.127827 	0.085857 	0.089075 	 0.012694 
0.273896 	0.120205 	0.080742 	0.083878 	 0.011456 
0.264731 	0.122015 	0.082022 	0.083356 	 0.011821 
0.266525 	0.116956 	0.078954 	0.079342 	 0.011584 
0.271481 	0.120978 	0.082053 	0.079807 	 0.011606 
0.266850 	0.120544 	0.081612 	0.080941 	 0.012075 
0.270521 	0.115210 	0.078190 	0.075972 	 0.011793 
0.253344 	0.135547 	0.091030 	0.093041 	 0.013184 
0.271606 	0.112803 	0.075894 	0.078750 	 0.011041 
0.249354 	0.137535 	0.092507 	0.092098 	 0.012685 
0.264391 	0.123372 	0.083193 	0.083949 	 0.011805 
0.259504 	0.128780 	0.087041 	0.085630 	 0.012112 
0.251539 	0.133342 	0.089882 	0.091668 	 0.013323 
0.263050 	0.126682 	0.085718 	0.084715 	 0.012125 
0.256642 	0.121855 	0.082064 	0.084246 	 0.012638 
0.254681 	0.119768 	0.081109 	0.080801 	 0.012470 
0.257119 	0.118771 	0.080497 	0.079706 	 0.012085 
0.250677 	0.126673 	0.085456 	0.084882 	 0.012496 
0.255999 	0.121288 	0.082044 	0.080504 	 0.012000 
0.254651 	0.127236 	0.085874 	0.090132 	 0.013350 
0.257672 	0.124828 	0.084737 	0.081806 	 0.011769 
0.249807 	0.128689 	0.087186 	0.085440 	 0.012837 
0.243162 	0.136233 	0.091254 	0.096309 	 0.013324 
0.249688 	0.135670 	0.092243 	0.085573 	 0.012426 
0.248622 	0.129088 	0.087258 	0.084437 	 0.012190 
0.240157 	0.134494 	0.091083 	0.088388 	 0.013742 
0.243578 	0.133720 	0.090147 	0.090125 	 0.012931 
0.228211 	0.145634 	0.097975 	0.097312 	 0.013832 
0.239877 	0.131714 	0.089222 	0.085172 	 0.012839 
0.237693 	0.140535 	0.095379 	0.091282 	 0.013866 
0.239428 	0.139649 	0.094576 	0.091995 	 0.013172 
0.243852 	0.130763 	0.088668 	0.086718 	 0.013048 
0.235699 	0.143428 	0.096797 	0.097611 	 0.014205 
0.244490 	0.126019 	0.085653 	0.081777 	 0.012792 
0.247880 	0.126426 	0.086044 	0.081941 	 0.013081 
0.232294 	0.134622 	0.091204 	0.087868 	 0.013287 
0.228500 	0.132553 	0.089580 	0.085957 	 0.012832 
0.243478 	0.123887 	0.084766 	0.078365 	 0.012562 
0.241977 	0.139451 	0.094630 	0.089036 	 0.012919 
0.235836 	0.132552 	0.090552 	0.084093 	 0.013038 
0.228184 	0.132622 	0.089932 	0.087963 	 0.013516 
0.233046 	0.141205 	0.095432 	0.092421 	 0.012908 
0.237979 	0.135045 	0.092070 	0.085745 	 0.013017 
0.217559 	0.145900 	0.098725 	0.094904 	 0.014339 
0.232327 	0.127507 	0.087134 	0.080992 	 0.013000 
0.213224 	0.146513 	0.099574 	0.092455 	 0.014272 
0.217060 	0.144441 	0.097806 	0.092705 	 0.013773 
0.221452 	0.147986 	0.100531 	0.094210 	 0.013709 
0.229303 	0.138184 	0.094149 	0.086708 	 0.013077 
0.218634 	0.144156 	0.097865 	0.091955 	 0.013365 
0.217885 	0.150842 	0.102345 	0.097676 	 0.014349 
0.218573 	0.153070 	0.103851 	0.100475 	 0.014856 
0.214958 	0.155772 	0.105481 	0.102335 	 0.014560 
0.208394 	0.152026 	0.102882 	0.098555 	 0.014676 
0.210154 	0.145659 	0.099124 	0.092511 	 0.014839 
0.216636 	0.143745 	0.097059 	0.096233 	 0.013921 
0.210320 	0.145155 	0.098741 	0.092662 	 0.014331 
0.209679 	0.148157 	0.100761 	0.094851 	 0.014665 
0.215087 	0.145469 	0.099132 	0.092100 	 0.014316 
0.212021 	0.148501 	0.101240 	0.092439 	 0.013992 
0.216052 	0.144953 	0.099125 	0.090525 	 0.014228 
0.189864 	0.157662 	0.107312 	0.097422 	 0.015365 
0.192879 	0.157129 	0.106487 	0.099726 	 0.015340 
0.196291 	0.161707 	0.109371 	0.104317 	 0.015799 
0.215247 	0.140913 	0.096372 	0.087517 	 0.013693 
0.211848 	0.148844 	0.101527 	0.091801 	 0.013717 
0.189181 	0.166134 	0.112004 	0.108730 	 0.015003 
0.194051 	0.157184 	0.107228 	0.097613 	 0.015561 
0.195155 	0.158858 	0.107891 	0.099165 	 0.014174 
0.192147 	0.163765 	0.110878 	0.103446 	 0.015097 
0.213659 	0.147718 	0.101093 	0.093756 	 0.014837 
0.198961 	0.155636 	0.106320 	0.094920 	 0.014678 
0.202699 	0.146462 	0.100233 	0.089533 	 0.013785 
0.202242 	0.154882 	0.105841 	0.095304 	 0.014793 
0.190166 	0.162163 	0.109977 	0.101647 	 0.014780 
0.191785 	0.163992 	0.111950 	0.100916 	 0.015203 
0.189627 	0.151305 	0.103247 	0.094756 	 0.015221 
0.194271 	0.162234 	0.110882 	0.098526 	 0.015022 
0.209817 	0.149573 	0.102819 	0.088955 	 0.013710 
0.182540 	0.173866 	0.117852 	0.108613 	 0.015909 
0.184636 	0.162697 	0.111226 	0.097877 	 0.015687 
0.182475 	0.164294 	0.111486 	0.104814 	 0.015715 
0.178497 	0.173309 	0.118331 	0.105973 	 0.016482 
0.184484 	0.168029 	0.114238 	0.105785 	 0.015736 
0.181976 	0.159139 	0.108538 	0.098497 	 0.015438 
0.183955 	0.169602 	0.115274 	0.105103 	 0.015503 
0.186041 	0.162826 	0.110461 	0.101732 	 0.014555 
0.178827 	0.169224 	0.115224 	0.104511 	 0.016400 
0.181987 	0.161479 	0.110270 	0.095948 	 0.014776 
0.186969 	0.157179 	0.107420 	0.092972 	 0.014544 
0.189233 	0.165729 	0.113071 	0.101843 	 0.015189 
0.189225 	0.157596 	0.107742 	0.095537 	 0.015224 
0.198163 	0.149309 	0.102593 	0.089654 	 0.013908 
0.169781 	0.168104 	0.114552 	0.102798 	 0.015898 
0.186872 	0.154741 	0.106399 	0.092975 	 0.015309 
0.173521 	0.171581 	0.116494 	0.107801 	 0.016022 
0.178759 	0.174201 	0.118975 	0.106461 	 0.016324 
0.186544 	0.156813 	0.107397 	0.094636 	 0.015111 
0.187638 	0.170249 	0.116460 	0.102377 	 0.015440 
0.179913 	0.167677 	0.114800 	0.101597 	 0.015867 
0.180132 	0.164860 	0.112427 	0.100149 	 0.014845 
0.184425 	0.166915 	0.114223 	0.100592 	 0.015396 
0.167960 	0.175397 	0.119881 	0.104792 	 0.016211 
0.170102 	0.184984 	0.125746 	0.114938 	 0.016542 
0.178924 	0.160323 	0.109695 	0.097812 	 0.015441 
0.186425 	0.159453 	0.109524 	0.094087 	 0.014360 
0.167801 	0.175928 	0.120187 	0.105312 	 0.016343 
0.180128 	0.164453 	0.112723 	0.099620 	 0.015445 
0.176285 	0.170976 	0.117279 	0.103191 	 0.016390 
0.175118 	0.161628 	0.110815 	0.096194 	 0.015663 
0.181029 	0.149757 	0.102938 	0.089568 	 0.014571 
0.156405 	0.184482 	0.125611 	0.114103 	 0.017993 
0.183780 	0.167347 	0.115034 	0.101063 	 0.015338 
0.174492 	0.166637 	0.114496 	0.098183 	 0.015976 
0.160811 	0.188760 	0.128533 	0.116410 	 0.016790 
0.178093 	0.160588 	0.110705 	0.092732 	 0.015144 
0.168286 	0.179916 	0.122977 	0.110128 	 0.016487 
0.182692 	0.171251 	0.117196 	0.103775 	 0.015591 
0.173973 	0.174397 	0.119788 	0.102362 	 0.015770 
0.186576 	0.157076 	0.108496 	0.090524 	 0.014560 
0.176698 	0.169562 	0.116557 	0.102734 	 0.016433 
0.165769 	0.176128 	0.120812 	0.104900 	 0.016299 
0.185645 	0.168151 	0.115742 	0.099702 	 0.015021 
0.170965 	0.176286 	0.120737 	0.105047 	 0.015763 
0.198283 	0.148982 	0.103666 	0.085783 	 0.014231 
0.181262 	0.170220 	0.117354 	0.099323 	 0.015410 
0.183383 	0.167037 	0.115565 	0.096420 	 0.015392 
0.164616 	0.181025 	0.124071 	0.108695 	 0.016403 
0.180315 	0.171306 	0.118153 	0.099895 	 0.015443 
0.173298 	0.160398 	0.110736 	0.093319 	 0.014876 
0.176451 	0.164037 	0.112725 	0.099840 	 0.015628 
0.169364 	0.175889 	0.120791 	0.103508 	 0.015610 
0.181282 	0.159512 	0.110501 	0.092005 	 0.014755 
0.166870 	0.184643 	0.126808 	0.107383 	 0.016065 
0.172697 	0.172065 	0.118812 	0.099244 	 0.016001 
0.165566 	0.176575 	0.121450 	0.104169 	 0.016431 
0.169630 	0.167303 	0.115161 	0.097866 	 0.014800 
0.165293 	0.174607 	0.119751 	0.101958 	 0.015389 
0.177425 	0.170918 	0.118479 	0.096394 	 0.015554 
0.176585 	0.166475 	0.114724 	0.098760 	 0.014861 
0.183285 	0.160358 	0.111008 	0.093172 	 0.014789 
0.165428 	0.166401 	0.114819 	0.097264 	 0.015274 
0.177058 	0.158043 	0.109515 	0.090146 	 0.014583 
0.177610 	0.168830 	0.117332 	0.093394 	 0.015055 
0.174122 	0.168311 	0.116955 	0.094578 	 0.015655 
0.172314 	0.160437 	0.111529 	0.091165 	 0.015234 
0.162840 	0.181691 	0.125319 	0.104074 	 0.015530 
0.162376 	0.178843 	0.123407 	0.103989 	 0.016545 
0.173014 	0.171921 	0.119170 	0.098710 	 0.015810 
0.175741 	0.170275 	0.118088 	0.098050 	 0.015757 
0.174217 	0.171600 	0.119011 	0.098561 	 0.015914 
0.156247 	0.177669 	0.122688 	0.102755 	 0.016512 
0.159751 	0.185464 	0.127792 	0.108014 	 0.016574 
0.168488 	0.173872 	0.120979 	0.096417 	 0.015926 
0.188441 	0.165007 	0.114910 	0.093258 	 0.014936 
0.173423 	0.164638 	0.114513 	0.093285 	 0.015062 
0.173109 	0.175243 	0.121704 	0.098203 	 0.015844 
0.173816 	0.168685 	0.117477 	0.094106 	 0.015714 
0.164199 	0.176208 	0.121992 	0.100384 	 0.015904 
0.175849 	0.172522 	0.119795 	0.098326 	 0.015420 
0.168040 	0.168072 	0.117069 	0.092818 	 0.015147 
0.157093 	0.180979 	0.125258 	0.103643 	 0.016302 
0.185356 	0.162002 	0.113151 	0.090157 	 0.014609 
0.174120 	0.170225 	0.118650 	0.095742 	 0.015223 
0.170771 	0.167148 	0.116303 	0.094602 	 0.015652 
0.165181 	0.165148 	0.114944 	0.094470 	 0.015827 
0.164186 	0.164068 	0.114360 	0.090763 	 0.015422 
0.162610 	0.167712 	0.116685 	0.092435 	 0.015244 
0.158759 	0.175318 	0.122317 	0.095087 	 0.015844 
0.175416 	0.162133 	0.113558 	0.088665 	 0.015373 
0.157231 	0.180697 	0.125325 	0.102552 	 0.016340 
0.157346 	0.183688 	0.127615 	0.103016 	 0.016386 
0.154012 	0.174945 	0.121874 	0.096385 	 0.015782 
0.151448 	0.180766 	0.125243 	0.104177 	 0.016483 
0.153767 	0.180100 	0.125147 	0.101904 	 0.016537 
0.150685 	0.182766 	0.126578 	0.106158 	 0.016663 
0.152879 	0.179471 	0.125160 	0.100598 	 0.016882 
0.141880 	0.176189 	0.122727 	0.097418 	 0.016782 
0.152010 	0.187589 	0.130117 	0.107107 	 0.017172 
0.143124 	0.187980 	0.130843 	0.102462 	 0.016581 
0.154230 	0.183713 	0.127647 	0.103291 	 0.016424 
0.148643 	0.180149 	0.125278 	0.103181 	 0.016274 
0.150258 	0.184445 	0.128360 	0.102372 	 0.016545 
0.145759 	0.186350 	0.129490 	0.105272 	 0.016870 
0.145026 	0.189109 	0.131199 	0.105481 	 0.016653 
0.137506 	0.193180 	0.133990 	0.110406 	 0.017475 
0.144986 	0.193731 	0.134671 	0.108041 	 0.017494 
0.176951 	0.171678 	0.120605 	0.090909 	 0.014962 
0.151330 	0.184753 	0.128714 	0.102302 	 0.016678 
0.151977 	0.187507 	0.130813 	0.103703 	 0.016731 
0.145418 	0.184926 	0.128770 	0.102798 	 0.016671 
0.140746 	0.192413 	0.134166 	0.106909 	 0.017384 
0.157426 	0.172086 	0.120763 	0.092024 	 0.015736 
0.140566 	0.188201 	0.131374 	0.102513 	 0.017276 
0.137962 	0.189113 	0.132091 	0.102512 	 0.017162 
0.141142 	0.190429 	0.132850 	0.103273 	 0.016978 
0.144282 	0.186295 	0.129767 	0.103355 	 0.016532 
0.151584 	0.180029 	0.126027 	0.098226 	 0.016243 
0.135580 	0.195906 	0.136118 	0.110117 	 0.017668 
0.140831 	0.180710 	0.126508 	0.098921 	 0.016876 
0.136317 	0.196998 	0.137562 	0.107837 	 0.017853 
0.145565 	0.183791 	0.128499 	0.100463 	 0.016738 
0.143462 	0.179028 	0.124761 	0.101137 	 0.016291 
0.129329 	0.187893 	0.131081 	0.101728 	 0.017230 
0.137701 	0.180407 	0.126523 	0.097899 	 0.017344 
0.141127 	0.185084 	0.129509 	0.098994 	 0.016841 
0.146111 	0.178206 	0.124532 	0.096638 	 0.015603 
0.149387 	0.176819 	0.124558 	0.093173 	 0.016185 
0.136316 	0.182833 	0.128377 	0.096406 	 0.016566 
0.138634 	0.177043 	0.124248 	0.096788 	 0.016945 
0.122247 	0.199085 	0.138777 	0.109506 	 0.018241 
0.142605 	0.184046 	0.129112 	0.099021 	 0.016605 
0.137928 	0.186096 	0.130582 	0.098751 	 0.017059 
0.131540 	0.199672 	0.139195 	0.110137 	 0.017080 
0.130774 	0.188741 	0.132385 	0.100987 	 0.017181 
0.131581 	0.195664 	0.136945 	0.104755 	 0.017530 
0.136299 	0.188072 	0.131980 	0.100214 	 0.016806 
0.143183 	0.178856 	0.126300 	0.091754 	 0.016452 
0.121893 	0.192212 	0.134465 	0.103020 	 0.017373 
0.130367 	0.189361 	0.133261 	0.099261 	 0.017135 
0.118900 	0.191552 	0.134180 	0.104431 	 0.017825 
0.137916 	0.177203 	0.125436 	0.090488 	 0.016822 
0.142594 	0.168065 	0.119493 	0.084721 	 0.015466 
0.135091 	0.188232 	0.132435 	0.099997 	 0.017458 
0.133021 	0.187330 	0.132169 	0.095981 	 0.017200 
0.128001 	0.190215 	0.133937 	0.101663 	 0.017539 
0.130388 	0.186590 	0.131456 	0.097053 	 0.016681 
0.131502 	0.192454 	0.135581 	0.100886 	 0.017257 
0.121528 	0.186826 	0.131623 	0.099531 	 0.017574 
0.121061 	0.196073 	0.137484 	0.105249 	 0.017933 
0.135778 	0.181952 	0.128565 	0.094502 	 0.016632 
0.132640 	0.193859 	0.136847 	0.099859 	 0.017238 
0.129779 	0.185352 	0.131139 	0.095171 	 0.017323 
0.135946 	0.188520 	0.132812 	0.099684 	 0.016752 
0.121221 	0.194260 	0.137266 	0.096817 	 0.017638 
0.121816 	0.196026 	0.137794 	0.104571 	 0.018131 
0.117497 	0.200910 	0.141462 	0.105698 	 0.018314 
0.129388 	0.176779 	0.125742 	0.087392 	 0.016536 
0.114802 	0.195400 	0.137801 	0.101622 	 0.017982 
0.123415 	0.190442 	0.134307 	0.099778 	 0.017049 
0.115811 	0.192302 	0.135804 	0.097532 	 0.017649 
0.111327 	0.202089 	0.141849 	0.107706 	 0.018729 
0.122965 	0.186722 	0.132121 	0.095095 	 0.017097 
0.126665 	0.186908 	0.132447 	0.095963 	 0.017434 
0.115928 	0.192825 	0.136383 	0.097138 	 0.017321 
0.110175 	0.190985 	0.134902 	0.098993 	 0.018031 
0.119577 	0.190173 	0.134325 	0.096973 	 0.016933 
0.111297 	0.205427 	0.144604 	0.106845 	 0.018554 
0.118204 	0.190408 	0.134649 	0.095886 	 0.016743 
0.110560 	0.195258 	0.137543 	0.101706 	 0.017854 
0.124786 	0.191203 	0.135351 	0.097157 	 0.017107 
0.115886 	0.194240 	0.136959 	0.099487 	 0.017257 
0.112110 	0.189225 	0.133950 	0.095289 	 0.017369 
0.117531 	0.191951 	0.135697 	0.099931 	 0.017699 
0.117003 	0.199905 	0.140457 	0.107499 	 0.017708 
0.121002 	0.185248 	0.131845 	0.093264 	 0.017208 
0.115310 	0.195893 	0.138416 	0.098977 	 0.017499 
0.127164 	0.178086 	0.126724 	0.091437 	 0.017514 
0.121827 	0.204069 	0.144235 	0.104676 	 0.017236 
0.109632 	0.205504 	0.144644 	0.107643 	 0.017799 
0.098119 	0.204517 	0.143795 	0.107183 	 0.018711 
0.107667 	0.194054 	0.137731 	0.099405 	 0.018303 
0.127403 	0.184140 	0.131622 	0.088912 	 0.016490 
0.101323 	0.200731 	0.141868 	0.104891 	 0.018321 
0.114956 	0.194283 	0.138219 	0.097548 	 0.018013 
0.101009 	0.199605 	0.141032 	0.103169 	 0.018290 
0.099483 	0.206092 	0.145382 	0.107705 	 0.018617 
0.117595 	0.196363 	0.139564 	0.098047 	 0.017650 
0.096444 	0.197717 	0.140016 	0.101241 	 0.018417 
0.102166 	0.197790 	0.140287 	0.099166 	 0.017889 
0.100476 	0.199573 	0.141296 	0.101642 	 0.017906 
0.106286 	0.199244 	0.141408 	0.100193 	 0.017886 
0.103274 	0.196250 	0.139683 	0.097786 	 0.018012 
0.098912 	0.197982 	0.140621 	0.099577 	 0.017972 
0.107717 	0.204230 	0.144861 	0.104382 	 0.018807 
0.104098 	0.210527 	0.148766 	0.111117 	 0.019165 
0.101069 	0.209958 	0.148848 	0.104416 	 0.018846 
0.108290 	0.199909 	0.142144 	0.100239 	 0.017665 
0.091523 	0.211885 	0.149777 	0.108913 	 0.018918 
0.109876 	0.195741 	0.139645 	0.096104 	 0.017526 
0.078206 	0.213205 	0.150709 	0.112571 	 0.020945 
0.093810 	0.212466 	0.150170 	0.108777 	 0.019129 
0.096206 	0.200240 	0.142280 	0.100105 	 0.018419 
0.113519 	0.188161 	0.134505 	0.093135 	 0.016919 
0.108229 	0.193520 	0.138178 	0.094463 	 0.017578 
0.084598 	0.204331 	0.144543 	0.104180 	 0.018858 
0.090153 	0.201086 	0.142399 	0.104722 	 0.019095 
0.096213 	0.206738 	0.146266 	0.107821 	 0.018843 
0.102804 	0.196502 	0.139974 	0.098400 	 0.018036 
0.098441 	0.207058 	0.147209 	0.101762 	 0.018487 
0.086059 	0.212125 	0.150557 	0.107581 	 0.019205 
0.089606 	0.206238 	0.146396 	0.106289 	 0.019566 
0.103503 	0.195196 	0.139634 	0.097327 	 0.018745 
0.100228 	0.194170 	0.138989 	0.094451 	 0.018610 
0.096014 	0.190995 	0.136673 	0.093630 	 0.017956 
0.088011 	0.210752 	0.149683 	0.105543 	 0.018861 
0.089831 	0.209817 	0.149287 	0.106283 	 0.019281 
0.083665 	0.201419 	0.143806 	0.099852 	 0.019231 
0.105272 	0.189696 	0.136384 	0.091567 	 0.017936 
0.096438 	0.198616 	0.142362 	0.095294 	 0.018320 
0.088742 	0.206062 	0.146732 	0.104632 	 0.019081 
0.101883 	0.195971 	0.140559 	0.094502 	 0.017696 
0.091123 	0.203591 	0.145574 	0.100073 	 0.019214 
0.076674 	0.225221 	0.159076 	0.117261 	 0.019736 
0.092420 	0.203068 	0.144619 	0.103940 	 0.019293 
0.088713 	0.195294 	0.139717 	0.096277 	 0.018566 
0.092911 	0.201711 	0.144195 	0.099014 	 0.018560 
0.098879 	0.204760 	0.146012 	0.104890 	 0.019337 
0.097450 	0.205265 	0.146657 	0.100894 	 0.018416 
0.091643 	0.207574 	0.148260 	0.104342 	 0.019239 
0.100990 	0.203134 	0.145882 	0.098495 	 0.019085 
0.071627 	0.223268 	0.158380 	0.113757 	 0.020139 
0.087939 	0.200315 	0.143761 	0.094888 	 0.018264 
0.098592 	0.198573 	0.143004 	0.094849 	 0.018600 
0.089982 	0.202513 	0.145347 	0.098158 	 0.018768 
0.099392 	0.192633 	0.138861 	0.093193 	 0.018281 
0.084613 	0.200920 	0.144659 	0.096141 	 0.019273 
0.088272 	0.207410 	0.148458 	0.103500 	 0.019932 
0.097782 	0.191095 	0.137884 	0.090909 	 0.018239 
0.076051 	0.217153 	0.154797 	0.109438 	 0.019863 
0.094759 	0.199820 	0.144086 	0.095478 	 0.018744 
0.089386 	0.201948 	0.145081 	0.097132 	 0.018587 
0.094808 	0.185581 	0.134507 	0.086718 	 0.018435 
0.091016 	0.200160 	0.143967 	0.096795 	 0.018441 
0.075440 	0.213309 	0.152427 	0.107110 	 0.019570 
0.107073 	0.185355 	0.134867 	0.083852 	 0.017083 
0.085847 	0.196499 	0.141701 	0.091796 	 0.017742 
0.091380 	0.197412 	0.142544 	0.092641 	 0.018273 
0.090931 	0.190032 	0.137283 	0.088542 	 0.017671 
0.090375 	0.197574 	0.142607 	0.091402 	 0.018146 
0.077351 	0.205808 	0.148047 	0.096697 	 0.018625 
0.091592 	0.195063 	0.141251 	0.089920 	 0.017868 
0.075096 	0.220867 	0.158240 	0.106970 	 0.019586 
0.075647 	0.218551 	0.156285 	0.106780 	 0.019297 
0.091032 	0.198758 	0.143481 	0.094088 	 0.018243 
0.070086 	0.216513 	0.155262 	0.105974 	 0.020264 
0.097136 	0.194759 	0.141250 	0.090640 	 0.017876 
0.088901 	0.191106 	0.138744 	0.087252 	 0.018149 
0.083258 	0.207655 	0.149558 	0.101207 	 0.019617 
0.072010 	0.220749 	0.158350 	0.107777 	 0.020140 
0.080263 	0.210762 	0.151827 	0.100492 	 0.019427 
0.065995 	0.210990 	0.151060 	0.104286 	 0.019548 
0.085862 	0.195493 	0.141099 	0.093604 	 0.018311 
0.062779 	0.212299 	0.153011 	0.101314 	 0.020678 
0.072252 	0.217045 	0.156264 	0.103547 	 0.020622 
0.080097 	0.207854 	0.149671 	0.100918 	 0.019269 
0.067752 	0.218889 	0.157149 	0.106563 	 0.020422 
0.077061 	0.206516 	0.149324 	0.097025 	 0.019544 
0.081556 	0.208640 	0.150492 	0.099964 	 0.019723 
0.082076 	0.199804 	0.144972 	0.091445 	 0.018595 
0.078895 	0.206026 	0.148971 	0.097087 	 0.019125 
0.081143 	0.206333 	0.149280 	0.097451 	 0.019438 
0.069712 	0.208394 	0.150221 	0.100280 	 0.019708 
0.090495 	0.196212 	0.142680 	0.090753 	 0.018739 
0.068397 	0.213413 	0.154040 	0.102534 	 0.020233 
0.065145 	0.218337 	0.157786 	0.101458 	 0.020732 
0.059378 	0.225970 	0.162160 	0.110553 	 0.020857 
0.073313 	0.211079 	0.152615 	0.099722 	 0.019782 
0.067682 	0.221675 	0.160006 	0.104982 	 0.020666 
0.070038 	0.215466 	0.155760 	0.101446 	 0.020482 
0.078954 	0.199468 	0.145143 	0.093045 	 0.019260 
0.066803 	0.214394 	0.154551 	0.103204 	 0.020452 
0.067730 	0.212845 	0.154033 	0.099085 	 0.019478 
0.083775 	0.200147 	0.145763 	0.091235 	 0.018912 
0.054407 	0.218712 	0.157252 	0.107149 	 0.020750 
0.053569 	0.219030 	0.157875 	0.103848 	 0.020899 
0.067921 	0.211381 	0.153466 	0.097958 	 0.020525 
0.075017 	0.216349 	0.156736 	0.100960 	 0.020108 
0.078097 	0.206872 	0.150618 	0.094375 	 0.019643 
0.067930 	0.207103 	0.150478 	0.094163 	 0.019074 
0.063787 	0.220319 	0.159330 	0.105131 	 0.020653 
0.070331 	0.209559 	0.152044 	0.099325 	 0.020405 
0.077888 	0.199424 	0.145853 	0.086943 	 0.018793 
0.073239 	0.205866 	0.149558 	0.095861 	 0.019284 
0.065751 	0.214155 	0.155459 	0.099011 	 0.020350 
0.068992 	0.214096 	0.155046 	0.100645 	 0.020002 
0.062727 	0.220252 	0.159334 	0.102870 	 0.020669 
0.056636 	0.224783 	0.162388 	0.107616 	 0.021415 
0.078328 	0.209512 	0.152800 	0.094538 	 0.019859 
0.069875 	0.208257 	0.151903 	0.094256 	 0.020301 
0.063481 	0.223706 	0.161848 	0.107174 	 0.020785 
0.051286 	0.222962 	0.161369 	0.105889 	 0.021562 
0.060321 	0.216188 	0.156750 	0.102862 	 0.020536 
0.074851 	0.207163 	0.151006 	0.095647 	 0.019647 
0.071943 	0.214569 	0.156352 	0.097071 	 0.019913 
0.066717 	0.217097 	0.158054 	0.099267 	 0.020456 
0.076295 	0.222319 	0.161547 	0.102464 	 0.019961 
0.052734 	0.237060 	0.170615 	0.115381 	 0.021620 
0.075388 	0.211536 	0.154418 	0.097496 	 0.020049 
0.065764 	0.218325 	0.158836 	0.101761 	 0.020606 
0.066705 	0.203084 	0.148723 	0.091905 	 0.020037 
0.050224 	0.226698 	0.164037 	0.107186 	 0.021337 
0.062681 	0.211232 	0.153882 	0.094589 	 0.019586 
0.073215 	0.201086 	0.147680 	0.088527 	 0.019813 
0.085654 	0.193185 	0.142652 	0.081996 	 0.018508 
0.076456 	0.201418 	0.148030 	0.088443 	 0.019045 
0.087131 	0.204137 	0.150252 	0.091170 	 0.019827 
0.063521 	0.224838 	0.163719 	0.103812 	 0.021279 
0.080274 	0.212133 	0.155151 	0.095835 	 0.019690 
0.063440 	0.225548 	0.163616 	0.107567 	 0.020854 
0.059528 	0.217305 	0.158642 	0.098160 	 0.021507 
0.061465 	0.218485 	0.159042 	0.100548 	 0.020424 
0.071024 	0.215829 	0.157456 	0.099720 	 0.020883 
0.068799 	0.221033 	0.161236 	0.102450 	 0.020656 
0.073816 	0.216257 	0.157922 	0.099223 	 0.020410 
0.063197 	0.218728 	0.159726 	0.101267 	 0.021510 
0.066780 	0.224051 	0.163152 	0.104095 	 0.020909 
0.079171 	0.210136 	0.154191 	0.095272 	 0.019691 
0.067834 	0.221177 	0.161448 	0.104969 	 0.021313 
0.076392 	0.214268 	0.157168 	0.096433 	 0.020062 
0.067425 	0.224412 	0.163459 	0.106172 	 0.020934 
0.063022 	0.219067 	0.160259 	0.100947 	 0.021215 
0.064899 	0.221938 	0.161937 	0.103487 	 0.020459 
0.071851 	0.217880 	0.159490 	0.100520 	 0.020734 
0.059278 	0.229463 	0.166974 	0.109531 	 0.022259 
0.077673 	0.214139 	0.156744 	0.101258 	 0.020878 
0.066972 	0.213502 	0.156999 	0.096629 	 0.021312 
0.073328 	0.208561 	0.153723 	0.093032 	 0.020824 
0.063240 	0.229859 	0.167477 	0.109310 	 0.021545 
0.406251 	0.008895 	0.007202 	-0.000935 	 0.002120 
0.407497 	0.008762 	0.006523 	0.005394 	 0.002647 
0.410948 	0.029098 	0.019141 	0.032068 	 0.004981 
0.405846 	0.031642 	0.020451 	0.035818 	 0.004345 
0.427488 	0.020885 	0.014594 	0.021970 	 0.002965 
0.394661 	0.046819 	0.030843 	0.042673 	 0.005260 
0.408171 	0.035752 	0.023897 	0.033556 	 0.004399 
0.426947 	0.015365 	0.010373 	0.021546 	 0.002807 
0.384728 	0.058866 	0.038809 	0.051088 	 0.006752 
0.396099 	0.043624 	0.028930 	0.038570 	 0.004891 
0.391016 	0.045020 	0.029503 	0.042115 	 0.004954 
0.394430 	0.039943 	0.026390 	0.036715 	 0.004211 
0.369829 	0.066462 	0.043669 	0.055817 	 0.007027 
0.386981 	0.032818 	0.021657 	0.034386 	 0.005732 
0.392262 	0.049003 	0.032547 	0.041199 	 0.004701 
0.388359 	0.047720 	0.031190 	0.043439 	 0.004715 
0.361712 	0.070721 	0.046461 	0.058776 	 0.007611 
0.388128 	0.046994 	0.030728 	0.043461 	 0.005432 
0.381528 	0.039713 	0.026322 	0.037087 	 0.005389 
0.384050 	0.048000 	0.031787 	0.044757 	 0.006092 
0.382433 	0.043268 	0.028532 	0.040458 	 0.005089 
0.368733 	0.048178 	0.031783 	0.042044 	 0.005600 
0.378942 	0.039562 	0.026057 	0.036497 	 0.004717 
0.371501 	0.052848 	0.035019 	0.045847 	 0.006007 
0.389824 	0.030400 	0.020274 	0.029267 	 0.003664 
0.366665 	0.050591 	0.033698 	0.044720 	 0.006856 
0.369128 	0.055896 	0.036490 	0.050176 	 0.006233 
0.379355 	0.049210 	0.032510 	0.042950 	 0.005304 
0.359038 	0.067868 	0.044380 	0.058584 	 0.007822 
0.366023 	0.051838 	0.033854 	0.048711 	 0.006621 
0.368305 	0.050559 	0.033533 	0.045624 	 0.006412 
0.364767 	0.055737 	0.036959 	0.050077 	 0.006965 
0.371133 	0.044179 	0.029368 	0.039598 	 0.005552 
0.358141 	0.054646 	0.035969 	0.047658 	 0.006363 
0.351040 	0.061893 	0.040579 	0.053803 	 0.007233 
0.344006 	0.075495 	0.049343 	0.065079 	 0.008633 
0.343768 	0.063221 	0.041715 	0.053935 	 0.007341 
0.344840 	0.070319 	0.046472 	0.058430 	 0.008044 
0.345241 	0.069240 	0.045399 	0.058882 	 0.007275 
0.349434 	0.064471 	0.043085 	0.051605 	 0.007040 
0.336533 	0.070517 	0.046705 	0.056051 	 0.007617 
0.339149 	0.069944 	0.046341 	0.058817 	 0.007694 
0.339301 	0.065378 	0.042827 	0.056087 	 0.007024 
0.327804 	0.067798 	0.044858 	0.056459 	 0.008430 
0.348548 	0.059112 	0.039435 	0.048070 	 0.006617 
0.333338 	0.072208 	0.047946 	0.057773 	 0.007730 
0.333711 	0.066960 	0.044692 	0.054808 	 0.008345 
0.333354 	0.074785 	0.049433 	0.059088 	 0.007242 
0.332585 	0.068848 	0.045658 	0.057046 	 0.008151 
0.322921 	0.079961 	0.052550 	0.065775 	 0.008667 
0.336413 	0.072797 	0.048900 	0.057207 	 0.008626 
0.320172 	0.080453 	0.053404 	0.062478 	 0.008946 
0.311073 	0.089290 	0.058903 	0.070767 	 0.009174 
0.316413 	0.077767 	0.051584 	0.060522 	 0.008938 
0.311706 	0.091255 	0.060660 	0.068919 	 0.009608 
0.325209 	0.067301 	0.044647 	0.055079 	 0.007743 
0.329745 	0.073497 	0.048940 	0.057983 	 0.007931 
0.332254 	0.068919 	0.045621 	0.059243 	 0.007761 
0.326049 	0.075589 	0.050424 	0.057870 	 0.007545 
0.307898 	0.086008 	0.057064 	0.067149 	 0.009386 
0.312689 	0.081644 	0.054165 	0.064242 	 0.009296 
0.307170 	0.081022 	0.053562 	0.063516 	 0.008728 
0.311428 	0.082268 	0.054354 	0.065806 	 0.009108 
0.302775 	0.081023 	0.053060 	0.065494 	 0.008174 
0.320316 	0.073669 	0.049455 	0.056445 	 0.007970 
0.303912 	0.087109 	0.057519 	0.066659 	 0.008398 
0.307490 	0.082096 	0.054544 	0.063600 	 0.008875 
0.300214 	0.101935 	0.067719 	0.076552 	 0.009916 
0.300826 	0.097345 	0.064450 	0.074806 	 0.010000 
0.303100 	0.085347 	0.056928 	0.065780 	 0.009714 
0.299014 	0.091692 	0.061056 	0.069459 	 0.009283 
0.295615 	0.093016 	0.062004 	0.069342 	 0.010098 
0.297938 	0.086564 	0.057824 	0.066771 	 0.009711 
0.305459 	0.079711 	0.052711 	0.063196 	 0.008683 
0.302332 	0.084285 	0.056602 	0.063068 	 0.009486 
0.298507 	0.090864 	0.060553 	0.068721 	 0.009807 
0.299727 	0.089720 	0.059515 	0.069660 	 0.009047 
0.282382 	0.101729 	0.067734 	0.075440 	 0.011295 
0.289820 	0.098731 	0.065636 	0.071710 	 0.009706 
0.288761 	0.104793 	0.069284 	0.078145 	 0.009938 
0.281817 	0.097964 	0.065033 	0.073955 	 0.010085 
0.288046 	0.092116 	0.061743 	0.066154 	 0.009528 
0.286966 	0.095501 	0.063697 	0.070603 	 0.009685 
0.298364 	0.085188 	0.057138 	0.062951 	 0.009285 
0.297372 	0.088262 	0.059239 	0.065736 	 0.009567 
0.290544 	0.092589 	0.061557 	0.069544 	 0.008908 
0.291332 	0.089896 	0.060423 	0.065827 	 0.009956 
0.289012 	0.096154 	0.064607 	0.067612 	 0.009862 
0.283489 	0.105327 	0.070325 	0.076309 	 0.010545 
0.283879 	0.100641 	0.067070 	0.074170 	 0.010281 
0.284665 	0.093386 	0.062622 	0.068855 	 0.010083 
0.281995 	0.105949 	0.070801 	0.076399 	 0.010229 
0.278732 	0.103110 	0.068920 	0.073829 	 0.010104 
0.283981 	0.097173 	0.064865 	0.069147 	 0.008996 
0.272814 	0.106820 	0.071315 	0.075980 	 0.010612 
0.286576 	0.084489 	0.056748 	0.061243 	 0.009223 
0.275702 	0.109219 	0.073145 	0.078887 	 0.010902 
0.274933 	0.098308 	0.065508 	0.071778 	 0.009690 
0.270184 	0.111326 	0.074317 	0.079547 	 0.010778 
0.285865 	0.093122 	0.062720 	0.066259 	 0.009441 
0.270650 	0.106367 	0.071278 	0.075274 	 0.010486 
0.274890 	0.102749 	0.068528 	0.074862 	 0.010175 
0.271223 	0.105040 	0.069928 	0.077307 	 0.010609 
0.279983 	0.091800 	0.061377 	0.068897 	 0.009635 
0.276758 	0.104185 	0.070384 	0.072382 	 0.010559 
0.269506 	0.101719 	0.068499 	0.070690 	 0.010668 
0.273943 	0.107314 	0.072032 	0.076084 	 0.010208 
0.258043 	0.116757 	0.078096 	0.083086 	 0.011548 
0.266409 	0.111487 	0.074503 	0.079129 	 0.010456 
0.262353 	0.104357 	0.070250 	0.072883 	 0.010566 
0.278929 	0.101643 	0.068226 	0.070971 	 0.009924 
0.269457 	0.103242 	0.069325 	0.074995 	 0.010799 
0.263815 	0.111742 	0.075134 	0.078332 	 0.011357 
0.273330 	0.097902 	0.065763 	0.068109 	 0.009364 
0.260199 	0.107098 	0.072434 	0.072612 	 0.010864 
0.256012 	0.110561 	0.074255 	0.077017 	 0.011111 
0.257307 	0.118631 	0.079881 	0.080247 	 0.011424 
0.238808 	0.127905 	0.085615 	0.087610 	 0.011816 
0.257311 	0.110425 	0.074369 	0.075325 	 0.010785 
0.259756 	0.101151 	0.068229 	0.069103 	 0.010716 
0.253295 	0.120178 	0.080631 	0.082635 	 0.011120 
0.263774 	0.105575 	0.071335 	0.072663 	 0.010179 
0.258195 	0.104288 	0.070402 	0.070405 	 0.009929 
0.247094 	0.120647 	0.081406 	0.078266 	 0.010777 
0.253639 	0.118516 	0.079678 	0.077606 	 0.010471 
0.269468 	0.103379 	0.070521 	0.064988 	 0.009299 
0.263085 	0.110745 	0.075536 	0.070217 	 0.010142 
0.260451 	0.105752 	0.071113 	0.073438 	 0.009978 
0.236198 	0.126360 	0.084762 	0.084677 	 0.011425 
0.262972 	0.119141 	0.080246 	0.079853 	 0.010089 
0.248024 	0.113131 	0.076741 	0.073193 	 0.011040 
0.255873 	0.117607 	0.079913 	0.075666 	 0.010676 
0.245406 	0.119672 	0.080844 	0.077540 	 0.010921 
0.226400 	0.132552 	0.089113 	0.087480 	 0.012104 
0.243573 	0.117675 	0.079163 	0.079668 	 0.010838 
0.237823 	0.127237 	0.085510 	0.083697 	 0.011085 
0.235828 	0.127282 	0.086021 	0.080890 	 0.011357 
0.248280 	0.121706 	0.082357 	0.080668 	 0.011179 
0.239232 	0.123440 	0.083263 	0.082303 	 0.011664 
0.246528 	0.120946 	0.082300 	0.075673 	 0.010772 
0.221362 	0.132385 	0.089270 	0.085942 	 0.012129 
0.230419 	0.132658 	0.089587 	0.085654 	 0.011886 
0.232907 	0.123899 	0.083626 	0.082752 	 0.011619 
0.232807 	0.121865 	0.082105 	0.079095 	 0.010866 
0.239893 	0.115769 	0.078579 	0.074157 	 0.010869 
0.226804 	0.135389 	0.091642 	0.085179 	 0.012031 
0.232441 	0.128763 	0.087592 	0.080965 	 0.012102 
0.226987 	0.137796 	0.093038 	0.088334 	 0.011837 
0.241175 	0.108019 	0.073737 	0.066087 	 0.009495 
0.236346 	0.118140 	0.080569 	0.075742 	 0.011401 
0.228075 	0.135566 	0.091625 	0.089131 	 0.012437 
0.218311 	0.131380 	0.088943 	0.083574 	 0.012165 
0.214311 	0.135801 	0.091440 	0.089087 	 0.012559 
0.233039 	0.132434 	0.089953 	0.082316 	 0.011309 
0.217051 	0.136916 	0.092602 	0.087742 	 0.012300 
0.223950 	0.122466 	0.083209 	0.075842 	 0.011057 
0.209392 	0.149976 	0.101299 	0.095484 	 0.013192 
0.212220 	0.139151 	0.094126 	0.086204 	 0.012067 
0.206381 	0.138474 	0.093969 	0.086156 	 0.012942 
0.211597 	0.146223 	0.099290 	0.091850 	 0.013013 
0.221341 	0.128278 	0.087793 	0.076280 	 0.011950 
0.203077 	0.142507 	0.096467 	0.088076 	 0.012633 
0.204826 	0.154798 	0.104940 	0.096091 	 0.013533 
0.218566 	0.135055 	0.091698 	0.084079 	 0.012297 
0.209878 	0.143398 	0.097723 	0.087477 	 0.013088 
0.204167 	0.139760 	0.094876 	0.086506 	 0.012614 
0.197035 	0.154210 	0.104535 	0.094733 	 0.013287 
0.208761 	0.135475 	0.092010 	0.086091 	 0.012977 
0.208463 	0.144666 	0.098473 	0.086398 	 0.012319 
0.199483 	0.148041 	0.100271 	0.092540 	 0.012751 
0.209427 	0.135700 	0.092439 	0.080630 	 0.011199 
0.199955 	0.146777 	0.099899 	0.089349 	 0.013173 
0.204704 	0.144300 	0.098072 	0.089026 	 0.012959 
0.185916 	0.165682 	0.111917 	0.103383 	 0.014024 
0.192008 	0.156417 	0.106084 	0.096552 	 0.013889 
0.193283 	0.143632 	0.097800 	0.084332 	 0.012254 
0.199404 	0.146777 	0.099915 	0.087533 	 0.012914 
0.191157 	0.151534 	0.102974 	0.094516 	 0.013837 
0.209039 	0.142698 	0.097659 	0.084662 	 0.012292 
0.193396 	0.146685 	0.099954 	0.089901 	 0.013597 
0.191810 	0.143795 	0.097972 	0.086621 	 0.012580 
0.187371 	0.153244 	0.104695 	0.089788 	 0.013567 
0.180691 	0.155126 	0.105105 	0.093806 	 0.013449 
0.199107 	0.140392 	0.096211 	0.083223 	 0.012615 
0.191064 	0.148938 	0.101447 	0.090197 	 0.012552 
0.188430 	0.150767 	0.103147 	0.087264 	 0.013169 
0.188031 	0.153042 	0.104202 	0.092135 	 0.013144 
0.184605 	0.148534 	0.101473 	0.087619 	 0.013397 
0.180112 	0.167434 	0.113946 	0.100496 	 0.014075 
0.186357 	0.153134 	0.104441 	0.091151 	 0.012943 
0.171554 	0.170621 	0.115953 	0.103544 	 0.015340 
0.182948 	0.157421 	0.107372 	0.092980 	 0.013161 
0.176970 	0.167631 	0.114281 	0.098670 	 0.014444 
0.188621 	0.147634 	0.100922 	0.085905 	 0.012097 
0.185060 	0.153343 	0.104939 	0.087883 	 0.012536 
0.174000 	0.170288 	0.115964 	0.103446 	 0.014925 
0.178980 	0.159990 	0.109252 	0.093798 	 0.013424 
0.178197 	0.152352 	0.104050 	0.089724 	 0.012919 
0.162572 	0.161423 	0.110395 	0.095654 	 0.014818 
0.174286 	0.161425 	0.110684 	0.092521 	 0.013569 
0.158871 	0.174122 	0.118022 	0.105599 	 0.014679 
0.167245 	0.166872 	0.114186 	0.095703 	 0.013811 
0.164153 	0.165990 	0.113330 	0.098288 	 0.014471 
0.188035 	0.153152 	0.105331 	0.085487 	 0.012232 
0.177582 	0.154325 	0.106078 	0.087831 	 0.012849 
0.168935 	0.157777 	0.108288 	0.090101 	 0.013551 
0.165467 	0.162936 	0.111359 	0.094852 	 0.013937 
0.170170 	0.165168 	0.113114 	0.095522 	 0.013869 
0.164725 	0.167179 	0.114542 	0.095970 	 0.014052 
0.171099 	0.161714 	0.110776 	0.094151 	 0.013531 
0.171245 	0.171309 	0.116898 	0.100746 	 0.014014 
0.172760 	0.155925 	0.107400 	0.086862 	 0.013716 
0.161603 	0.171862 	0.117780 	0.098693 	 0.014824 
0.162451 	0.155200 	0.106622 	0.086957 	 0.012968 
0.161791 	0.172547 	0.118369 	0.098256 	 0.013911 
0.165694 	0.163941 	0.112048 	0.095286 	 0.013591 
0.155200 	0.166805 	0.113961 	0.095659 	 0.013592 
0.160509 	0.168320 	0.115327 	0.098190 	 0.014543 
0.154833 	0.170616 	0.116765 	0.099223 	 0.014582 
0.151623 	0.172560 	0.118431 	0.097158 	 0.014540 
0.147231 	0.175280 	0.119829 	0.101886 	 0.014895 
0.167131 	0.169365 	0.116669 	0.094913 	 0.014080 
0.171317 	0.159037 	0.109499 	0.090963 	 0.013252 
0.157441 	0.176412 	0.121100 	0.099209 	 0.014083 
0.146969 	0.179529 	0.122932 	0.102111 	 0.014973 
0.141016 	0.186203 	0.127481 	0.108916 	 0.015985 
0.148348 	0.181264 	0.124251 	0.101398 	 0.014950 
0.147707 	0.175915 	0.120822 	0.099359 	 0.014612 
0.148927 	0.174661 	0.119553 	0.099241 	 0.014205 
0.141245 	0.182113 	0.125002 	0.101541 	 0.014597 
0.149087 	0.180115 	0.123526 	0.102171 	 0.014506 
0.143179 	0.177746 	0.121864 	0.101420 	 0.014831 
0.159226 	0.160561 	0.111134 	0.086502 	 0.013681 
0.146881 	0.178724 	0.122661 	0.101556 	 0.014855 
0.159024 	0.164511 	0.113638 	0.086845 	 0.012843 
0.147657 	0.170874 	0.117899 	0.093747 	 0.014210 
0.142929 	0.175431 	0.120680 	0.096821 	 0.014583 
0.149418 	0.170783 	0.117885 	0.090957 	 0.013814 
0.152292 	0.178091 	0.122951 	0.098056 	 0.014426 
0.154217 	0.170936 	0.117738 	0.093439 	 0.013858 
0.147104 	0.180141 	0.123846 	0.099436 	 0.014638 
0.141582 	0.187790 	0.128884 	0.106807 	 0.015305 
0.150348 	0.168764 	0.116700 	0.092392 	 0.013858 
0.148973 	0.172802 	0.119948 	0.092475 	 0.014631 
0.144887 	0.179595 	0.123688 	0.101256 	 0.014561 
0.139628 	0.182854 	0.126081 	0.102143 	 0.015135 
0.127658 	0.194973 	0.133698 	0.108442 	 0.015402 
0.144393 	0.170740 	0.118504 	0.092800 	 0.014481 
0.150740 	0.169976 	0.117905 	0.090350 	 0.013806 
0.133897 	0.188371 	0.129518 	0.103501 	 0.014846 
0.127403 	0.180045 	0.124389 	0.097445 	 0.014961 
0.147935 	0.174782 	0.121232 	0.090498 	 0.013686 
0.133649 	0.176498 	0.122026 	0.093769 	 0.014166 
0.133256 	0.172994 	0.120050 	0.090484 	 0.014294 
0.132879 	0.180031 	0.124542 	0.096226 	 0.014764 
0.147260 	0.177878 	0.122812 	0.097754 	 0.014013 
0.122730 	0.198923 	0.137027 	0.106784 	 0.015635 
0.146796 	0.177419 	0.122799 	0.093988 	 0.013558 
0.138445 	0.180227 	0.124711 	0.096044 	 0.014062 
0.132029 	0.179230 	0.124654 	0.093256 	 0.014887 
0.127774 	0.182181 	0.126086 	0.096734 	 0.014669 
0.148181 	0.158861 	0.111080 	0.080463 	 0.013274 
0.123814 	0.180495 	0.124270 	0.099786 	 0.014617 
0.125056 	0.189272 	0.130988 	0.098740 	 0.014854 
0.127755 	0.188318 	0.130356 	0.101428 	 0.015244 
0.128428 	0.190013 	0.131291 	0.104248 	 0.014948 
0.131811 	0.178493 	0.123888 	0.093676 	 0.013965 
0.125535 	0.190524 	0.132042 	0.101187 	 0.015317 
0.126613 	0.196910 	0.136312 	0.105172 	 0.015380 
0.130227 	0.170758 	0.119039 	0.088737 	 0.014072 
0.123553 	0.189406 	0.131623 	0.098116 	 0.015042 
0.126765 	0.180916 	0.125792 	0.093367 	 0.014477 
0.127750 	0.186406 	0.129724 	0.096059 	 0.015093 
0.137916 	0.180966 	0.125990 	0.094873 	 0.014726 
0.121449 	0.188060 	0.130265 	0.099937 	 0.015522 
0.102821 	0.195501 	0.135337 	0.102591 	 0.016095 
0.116259 	0.198101 	0.137457 	0.103291 	 0.015601 
0.120483 	0.187851 	0.130708 	0.095743 	 0.014946 
0.113678 	0.203878 	0.141363 	0.107062 	 0.015968 
0.109699 	0.194819 	0.134751 	0.103715 	 0.015713 
0.127997 	0.186075 	0.129446 	0.096580 	 0.014459 
0.127402 	0.191361 	0.133177 	0.100034 	 0.015160 
0.133749 	0.173108 	0.121228 	0.087198 	 0.014147 
0.123258 	0.190908 	0.132416 	0.099850 	 0.014494 
0.104265 	0.200721 	0.139562 	0.103906 	 0.015897 
0.110068 	0.196342 	0.136511 	0.100866 	 0.015441 
0.118596 	0.189961 	0.132642 	0.096033 	 0.014968 
0.122621 	0.191809 	0.133991 	0.097530 	 0.014779 
0.121154 	0.192302 	0.134042 	0.101126 	 0.014897 
0.119532 	0.188612 	0.131256 	0.099723 	 0.015129 
0.111991 	0.184383 	0.128830 	0.093155 	 0.014948 
0.120739 	0.184019 	0.128712 	0.090658 	 0.014413 
0.104240 	0.184374 	0.128452 	0.095457 	 0.014848 
0.121698 	0.189550 	0.132547 	0.097323 	 0.014602 
0.117622 	0.191506 	0.133649 	0.096072 	 0.014683 
0.101381 	0.207118 	0.143734 	0.110661 	 0.016511 
0.103040 	0.193890 	0.135162 	0.098148 	 0.015946 
0.099206 	0.202795 	0.141510 	0.104587 	 0.016799 
0.103364 	0.200414 	0.139516 	0.103618 	 0.015928 
0.113397 	0.192913 	0.134878 	0.097016 	 0.015144 
0.106809 	0.198776 	0.138369 	0.103398 	 0.015768 
0.117467 	0.184372 	0.129442 	0.090130 	 0.014407 
0.119817 	0.178151 	0.124979 	0.087038 	 0.013217 
0.103044 	0.203923 	0.142347 	0.103660 	 0.016014 
0.104820 	0.198518 	0.138654 	0.100260 	 0.015680 
0.109925 	0.189719 	0.133175 	0.093503 	 0.014950 
0.107150 	0.192650 	0.134853 	0.096086 	 0.015139 
0.103322 	0.202610 	0.141447 	0.104340 	 0.016152 
0.116777 	0.179950 	0.126754 	0.086434 	 0.014235 
0.113652 	0.192270 	0.134781 	0.094677 	 0.014851 
0.097770 	0.202939 	0.141387 	0.102990 	 0.015635 
0.103196 	0.197476 	0.138358 	0.097637 	 0.015470 
0.116480 	0.183613 	0.128916 	0.090676 	 0.014358 
0.095364 	0.187272 	0.132086 	0.088574 	 0.015322 
0.101614 	0.201201 	0.140466 	0.104186 	 0.015870 
0.093514 	0.205296 	0.143199 	0.104507 	 0.015924 
0.090820 	0.205629 	0.143583 	0.106106 	 0.016224 
0.107190 	0.185271 	0.130428 	0.089665 	 0.014284 
0.110985 	0.179946 	0.127203 	0.086345 	 0.014657 
0.098316 	0.201221 	0.140770 	0.099946 	 0.014915 
0.099136 	0.191013 	0.134484 	0.091837 	 0.015173 
0.101518 	0.189654 	0.133482 	0.091041 	 0.014456 
0.097751 	0.205460 	0.143638 	0.104572 	 0.016245 
0.101491 	0.198685 	0.139470 	0.098499 	 0.016022 
0.096175 	0.193329 	0.136245 	0.091060 	 0.014990 
0.101110 	0.198890 	0.139835 	0.100138 	 0.016049 
0.095236 	0.197260 	0.138546 	0.096163 	 0.015426 
0.084695 	0.209029 	0.146150 	0.105556 	 0.016806 
0.099606 	0.201622 	0.142131 	0.097936 	 0.016372 
0.095122 	0.197787 	0.139220 	0.096229 	 0.016187 
0.099980 	0.203684 	0.143307 	0.097127 	 0.015334 
0.093589 	0.195646 	0.137816 	0.094137 	 0.015416 
0.099066 	0.198652 	0.139579 	0.097910 	 0.015207 
0.108036 	0.185329 	0.131430 	0.086385 	 0.014527 
0.100598 	0.191117 	0.134954 	0.092234 	 0.015213 
0.093424 	0.202840 	0.142867 	0.098012 	 0.015774 
0.100095 	0.189468 	0.133879 	0.090726 	 0.015067 
0.092720 	0.199117 	0.140586 	0.095085 	 0.015490 
0.092113 	0.202620 	0.142369 	0.099765 	 0.015555 
0.101295 	0.184044 	0.130755 	0.087163 	 0.015629 
0.091733 	0.202689 	0.142929 	0.097553 	 0.016015 
0.109565 	0.187374 	0.132895 	0.088308 	 0.014021 
0.089559 	0.195199 	0.138040 	0.092631 	 0.015520 
0.089923 	0.189019 	0.133985 	0.088563 	 0.015252 
0.093016 	0.189696 	0.134482 	0.088281 	 0.015278 
0.099501 	0.192740 	0.136560 	0.089648 	 0.015053 
0.085333 	0.202323 	0.142786 	0.096217 	 0.015564 
0.112778 	0.187925 	0.133378 	0.088209 	 0.014099 
0.084548 	0.205483 	0.145054 	0.096883 	 0.015737 
0.094337 	0.192857 	0.136709 	0.090458 	 0.015323 
0.098570 	0.190597 	0.135903 	0.084399 	 0.015073 
0.088355 	0.200075 	0.141900 	0.092055 	 0.015584 
0.071943 	0.216207 	0.151955 	0.106625 	 0.016946 
0.087298 	0.204357 	0.144270 	0.097083 	 0.015521 
0.097836 	0.197617 	0.140184 	0.090244 	 0.014850 
0.078879 	0.204452 	0.144655 	0.095791 	 0.015864 
0.097252 	0.198892 	0.141232 	0.092763 	 0.015660 
0.081760 	0.202081 	0.142732 	0.096616 	 0.016116 
0.085938 	0.213242 	0.150319 	0.102262 	 0.016136 
0.079476 	0.209760 	0.147830 	0.101219 	 0.016220 
0.084134 	0.206226 	0.145818 	0.098571 	 0.015762 
0.096020 	0.198241 	0.140711 	0.093137 	 0.014718 
0.086974 	0.199556 	0.141815 	0.091881 	 0.015497 
0.092715 	0.196821 	0.140962 	0.087964 	 0.015938 
0.084630 	0.199270 	0.141492 	0.094136 	 0.016278 
0.076916 	0.213419 	0.150560 	0.104778 	 0.016524 
0.077406 	0.207351 	0.146817 	0.098524 	 0.015957 
0.082083 	0.209419 	0.148434 	0.099068 	 0.016031 
0.085499 	0.204059 	0.145409 	0.091876 	 0.015670 
0.082536 	0.209478 	0.148471 	0.097781 	 0.015888 
0.086747 	0.201202 	0.143294 	0.090515 	 0.014922 
0.094337 	0.189986 	0.135774 	0.085322 	 0.014367 
0.087152 	0.204931 	0.145790 	0.093058 	 0.015508 
0.083385 	0.207941 	0.147729 	0.096612 	 0.015608 
0.076664 	0.206550 	0.146503 	0.096882 	 0.015615 
0.090991 	0.200020 	0.142758 	0.090870 	 0.015355 
0.096276 	0.191701 	0.137416 	0.086322 	 0.015195 
0.081650 	0.198940 	0.142303 	0.085331 	 0.015201 
0.071281 	0.210716 	0.150207 	0.096450 	 0.016897 
0.077388 	0.205042 	0.145862 	0.093594 	 0.015585 
0.079064 	0.212809 	0.150737 	0.100742 	 0.015431 
0.084159 	0.199552 	0.142622 	0.088856 	 0.014921 
0.061991 	0.214641 	0.151900 	0.100259 	 0.016287 
0.082742 	0.204763 	0.146165 	0.093374 	 0.015653 
0.080700 	0.196027 	0.140206 	0.090320 	 0.015224 
0.073585 	0.214259 	0.152185 	0.100395 	 0.016903 
0.068085 	0.222437 	0.157762 	0.104587 	 0.017099 
0.088554 	0.202483 	0.144840 	0.092320 	 0.015965 
0.082348 	0.201246 	0.143687 	0.090120 	 0.015179 
0.063345 	0.221207 	0.156900 	0.105099 	 0.017121 
0.087115 	0.200016 	0.143501 	0.086908 	 0.014515 
0.082683 	0.200754 	0.143713 	0.090377 	 0.015568 
0.067850 	0.225221 	0.159321 	0.108092 	 0.016753 
0.078135 	0.211105 	0.150413 	0.096234 	 0.015339 
0.071729 	0.207916 	0.148667 	0.092611 	 0.015863 
0.069486 	0.206647 	0.147759 	0.094589 	 0.016048 
0.063927 	0.222444 	0.158388 	0.104834 	 0.017539 
0.065300 	0.219804 	0.156409 	0.101098 	 0.016504 
0.074200 	0.211069 	0.151105 	0.093315 	 0.015872 
0.080169 	0.204983 	0.146954 	0.090974 	 0.015433 
0.063305 	0.221218 	0.157288 	0.105021 	 0.017718 
0.079375 	0.202112 	0.145534 	0.087133 	 0.015946 
0.062036 	0.224995 	0.160048 	0.104209 	 0.017146 
0.065195 	0.212719 	0.152536 	0.094135 	 0.017232 
0.076627 	0.205913 	0.147659 	0.092697 	 0.015958 
0.066230 	0.212888 	0.151834 	0.097402 	 0.016572 
0.067587 	0.218241 	0.155621 	0.098866 	 0.016161 
0.087377 	0.197775 	0.142696 	0.086556 	 0.015594 
0.072920 	0.212045 	0.152416 	0.092396 	 0.016350 
0.078589 	0.195845 	0.140831 	0.083083 	 0.013882 
0.065142 	0.216733 	0.154798 	0.099483 	 0.017108 
0.060490 	0.214131 	0.153433 	0.096434 	 0.016386 
0.070987 	0.203711 	0.146604 	0.088787 	 0.015374 
0.083147 	0.194016 	0.140069 	0.083266 	 0.014874 
0.059262 	0.220997 	0.158061 	0.100123 	 0.016770 
0.081745 	0.203217 	0.146493 	0.088513 	 0.015286 
0.072919 	0.205936 	0.148505 	0.088244 	 0.016116 
0.073566 	0.210394 	0.151588 	0.091820 	 0.015962 
0.068688 	0.199707 	0.145084 	0.081906 	 0.016620 
0.063310 	0.216965 	0.155691 	0.096013 	 0.016122 
0.084079 	0.200644 	0.145248 	0.084075 	 0.015309 
0.068615 	0.215302 	0.154506 	0.095469 	 0.015516 
0.070895 	0.197347 	0.143033 	0.082119 	 0.014942 
0.070396 	0.216423 	0.155359 	0.094144 	 0.015668 
0.067257 	0.213677 	0.153987 	0.092830 	 0.016471 
0.066061 	0.221020 	0.158428 	0.100304 	 0.016716 
0.082315 	0.196700 	0.142929 	0.079444 	 0.014505 
0.073986 	0.203467 	0.147576 	0.085128 	 0.015648 
0.069065 	0.200271 	0.144956 	0.084561 	 0.015277 
0.053891 	0.214447 	0.154337 	0.093843 	 0.016227 
0.058537 	0.213837 	0.153499 	0.095700 	 0.016212 
0.064941 	0.204559 	0.147971 	0.087391 	 0.015775 
0.064950 	0.204713 	0.147893 	0.088818 	 0.015031 
0.067460 	0.204725 	0.148328 	0.085642 	 0.015814 
0.071869 	0.201610 	0.146296 	0.084458 	 0.015226 
0.078440 	0.203283 	0.147716 	0.084319 	 0.015849 
0.082546 	0.207150 	0.150060 	0.087313 	 0.015476 
0.071938 	0.201930 	0.146274 	0.086814 	 0.015109 
0.074312 	0.200729 	0.146409 	0.079846 	 0.015342 
0.066906 	0.217067 	0.156858 	0.090862 	 0.015839 
0.061415 	0.210211 	0.152146 	0.088514 	 0.015681 
0.081004 	0.196819 	0.143676 	0.081548 	 0.015583 
0.056031 	0.217743 	0.157226 	0.093111 	 0.016419 
0.073297 	0.207169 	0.150202 	0.087144 	 0.015221 
0.074816 	0.206332 	0.149681 	0.086469 	 0.014789 
0.075727 	0.205027 	0.149278 	0.085690 	 0.016029 
0.063752 	0.218391 	0.157809 	0.094580 	 0.016320 
0.075117 	0.201648 	0.146970 	0.082494 	 0.015555 
0.078926 	0.197223 	0.143898 	0.081918 	 0.015654 
0.074889 	0.205962 	0.149956 	0.086025 	 0.016109 
0.062559 	0.216980 	0.156883 	0.093822 	 0.015979 
0.076365 	0.195291 	0.143099 	0.076992 	 0.014979 
0.067029 	0.208621 	0.152217 	0.084033 	 0.016247 
0.055474 	0.207583 	0.151331 	0.084203 	 0.016458 
0.084813 	0.194003 	0.142327 	0.076624 	 0.014279 
0.065697 	0.206497 	0.150220 	0.087398 	 0.015579 
0.060878 	0.225054 	0.162749 	0.096572 	 0.016654 
0.063949 	0.210274 	0.152684 	0.089333 	 0.015720 
0.062620 	0.207308 	0.150875 	0.085427 	 0.015351 
0.072667 	0.204055 	0.149017 	0.083512 	 0.015481 
0.053517 	0.217638 	0.158123 	0.092888 	 0.017364 
0.053730 	0.210670 	0.153517 	0.087975 	 0.016791 
0.071079 	0.208093 	0.152480 	0.082617 	 0.016131 
0.053777 	0.233810 	0.168201 	0.106795 	 0.017706 
0.061101 	0.202690 	0.148235 	0.083425 	 0.016012 
0.082493 	0.200935 	0.147700 	0.079276 	 0.015258 
0.070510 	0.202162 	0.148188 	0.081538 	 0.015881 
0.068025 	0.217194 	0.157977 	0.091409 	 0.015733 
0.084941 	0.197490 	0.145398 	0.076419 	 0.014515 
0.052567 	0.226040 	0.164110 	0.095798 	 0.017129 
0.078660 	0.206293 	0.151527 	0.080092 	 0.014925 
0.060991 	0.215985 	0.157212 	0.092227 	 0.017010 
0.078805 	0.210964 	0.154249 	0.087278 	 0.015571 
0.057141 	0.214594 	0.157144 	0.085464 	 0.016684 
0.058200 	0.213182 	0.155914 	0.086937 	 0.016644 
0.063946 	0.217716 	0.158685 	0.092457 	 0.016485 
0.060728 	0.213927 	0.156105 	0.090541 	 0.016554 
0.058380 	0.208275 	0.152422 	0.086549 	 0.016284 
0.056136 	0.210810 	0.154199 	0.088104 	 0.016705 
0.065717 	0.216099 	0.157886 	0.088209 	 0.016265 
0.078850 	0.197897 	0.146710 	0.073113 	 0.015269 
0.076470 	0.213380 	0.156361 	0.087464 	 0.015692 
0.071195 	0.212356 	0.155642 	0.087228 	 0.015975 
0.079578 	0.199319 	0.147195 	0.077602 	 0.015013 
0.081622 	0.190820 	0.142064 	0.069942 	 0.014983 
0.075440 	0.204276 	0.150637 	0.080094 	 0.015688 
0.079723 	0.192994 	0.143493 	0.071653 	 0.015306 
0.088784 	0.193513 	0.143677 	0.073762 	 0.014379 
0.077347 	0.209398 	0.153958 	0.085885 	 0.016481 
0.084858 	0.188129 	0.139920 	0.072355 	 0.014916 
0.082714 	0.201937 	0.149638 	0.077699 	 0.015338 
0.074507 	0.210139 	0.154710 	0.083644 	 0.015905 
0.070911 	0.204858 	0.151709 	0.079858 	 0.016355 
0.076672 	0.206714 	0.152550 	0.084035 	 0.016632 
0.093012 	0.196665 	0.146477 	0.074113 	 0.014769 
0.072317 	0.205893 	0.151810 	0.081696 	 0.016045 
0.080773 	0.196149 	0.146043 	0.073555 	 0.015723 
0.080929 	0.193333 	0.143991 	0.072393 	 0.015331 
0.088778 	0.200464 	0.148929 	0.074037 	 0.014083 
0.095980 	0.198114 	0.147198 	0.075426 	 0.014390 
0.086351 	0.188461 	0.140734 	0.068877 	 0.013908 
0.080111 	0.198577 	0.147468 	0.077101 	 0.015764 
0.071273 	0.211957 	0.156604 	0.084534 	 0.016538 
0.075493 	0.202720 	0.150946 	0.075579 	 0.015278 
0.082427 	0.207580 	0.153808 	0.081590 	 0.015722 
0.084548 	0.195309 	0.145832 	0.072106 	 0.014588 
0.097738 	0.188225 	0.141600 	0.064689 	 0.013930 
0.094207 	0.194759 	0.145423 	0.071169 	 0.014397 
0.089068 	0.197231 	0.147556 	0.073170 	 0.015293 
0.100144 	0.179419 	0.135740 	0.061390 	 0.013905 
0.086937 	0.201818 	0.150352 	0.077163 	 0.014275 
0.073350 	0.214096 	0.158437 	0.084329 	 0.016464 
0.105358 	0.186825 	0.140601 	0.066746 	 0.013506 
0.085475 	0.198379 	0.148341 	0.075516 	 0.015815 
0.076778 	0.202735 	0.151576 	0.075336 	 0.015658 
0.094357 	0.189025 	0.142227 	0.067893 	 0.014545 
0.087788 	0.199385 	0.149490 	0.073854 	 0.015687 
0.083396 	0.200086 	0.149518 	0.075521 	 0.015388 
0.088761 	0.204373 	0.152223 	0.080947 	 0.015549 
0.085847 	0.193124 	0.145062 	0.071405 	 0.015230 
0.096318 	0.180978 	0.137260 	0.062810 	 0.014222 
0.088760 	0.202240 	0.151643 	0.074329 	 0.015659 
0.077374 	0.205170 	0.153069 	0.077144 	 0.015373 
0.097898 	0.189453 	0.143313 	0.067035 	 0.014349 
0.100448 	0.187125 	0.141583 	0.068671 	 0.014921 
0.089966 	0.204860 	0.153195 	0.077434 	 0.015330 
0.086805 	0.203886 	0.152364 	0.076471 	 0.015186 
0.098814 	0.187367 	0.142160 	0.063564 	 0.014133 
0.087380 	0.198241 	0.149291 	0.071426 	 0.015485 
0.092291 	0.199811 	0.150108 	0.072462 	 0.014983 
0.102475 	0.183984 	0.140008 	0.062454 	 0.014722 
0.100400 	0.182304 	0.138818 	0.062156 	 0.014644 
0.106120 	0.184166 	0.140528 	0.059135 	 0.013893 
0.088935 	0.199518 	0.150087 	0.072804 	 0.015179 
0.110955 	0.172264 	0.132636 	0.053726 	 0.013674 
0.092598 	0.197808 	0.148573 	0.075501 	 0.015363 
0.108452 	0.187414 	0.142351 	0.063513 	 0.013505 
0.087657 	0.208759 	0.155770 	0.081984 	 0.015686 
0.096910 	0.191997 	0.145404 	0.066305 	 0.014161 
0.100261 	0.194722 	0.147396 	0.070313 	 0.014506 
0.095844 	0.192882 	0.145716 	0.068903 	 0.014137 
0.106199 	0.186729 	0.142086 	0.064032 	 0.013567 
0.105337 	0.190124 	0.144277 	0.064733 	 0.013689 
0.102205 	0.185050 	0.140937 	0.064087 	 0.013904 
0.109551 	0.188649 	0.144058 	0.062795 	 0.013954 
0.109958 	0.176652 	0.136343 	0.054040 	 0.013812 
0.089692 	0.204604 	0.153382 	0.077904 	 0.014847 
0.104768 	0.194777 	0.147499 	0.072321 	 0.015586 
0.073480 	0.215240 	0.161270 	0.081973 	 0.016364 
0.100653 	0.182872 	0.140211 	0.059909 	 0.014238 
0.105768 	0.181105 	0.139365 	0.058238 	 0.014229 
0.097462 	0.191062 	0.145730 	0.066208 	 0.015252 
0.097940 	0.193421 	0.147461 	0.066056 	 0.014922 
0.075856 	0.219015 	0.163706 	0.085820 	 0.016963 
0.086429 	0.200720 	0.152156 	0.073251 	 0.016269 
0.087418 	0.192829 	0.147068 	0.064593 	 0.015266 
0.095652 	0.196381 	0.149663 	0.067491 	 0.015498 
0.094361 	0.197423 	0.150285 	0.068642 	 0.015278 
0.090556 	0.194756 	0.148475 	0.067585 	 0.014838 
0.084043 	0.198303 	0.150886 	0.067762 	 0.015238 
0.077517 	0.202280 	0.153472 	0.070614 	 0.015678 
0.104296 	0.181213 	0.139537 	0.058957 	 0.013702 
0.101442 	0.183835 	0.141037 	0.060211 	 0.013238 
0.099942 	0.186143 	0.142950 	0.060509 	 0.013794 
0.084273 	0.190829 	0.146076 	0.063791 	 0.015289 
0.100890 	0.184451 	0.142055 	0.060565 	 0.013728 
0.089211 	0.187533 	0.143649 	0.064914 	 0.015494 
0.093684 	0.195726 	0.148790 	0.070813 	 0.014693 
0.083120 	0.197165 	0.150636 	0.068451 	 0.015660 
0.096010 	0.192028 	0.147359 	0.064164 	 0.015236 
0.091159 	0.182605 	0.141027 	0.059838 	 0.014916 
0.083895 	0.195873 	0.149364 	0.069387 	 0.015664 
0.083316 	0.190271 	0.146125 	0.061936 	 0.014957 
0.084371 	0.197165 	0.150582 	0.069533 	 0.016155 
0.089887 	0.195001 	0.149508 	0.068034 	 0.015589 
0.092584 	0.187158 	0.144280 	0.058114 	 0.014714 
0.114699 	0.175786 	0.136963 	0.055156 	 0.013343 
0.089525 	0.202013 	0.153882 	0.070058 	 0.015028 
0.089655 	0.176915 	0.137410 	0.053681 	 0.014258 
0.108603 	0.179322 	0.139796 	0.054504 	 0.014293 
0.097849 	0.178539 	0.139051 	0.053740 	 0.014141 
0.091362 	0.193817 	0.148911 	0.063807 	 0.014778 
0.092247 	0.193584 	0.149191 	0.063610 	 0.015774 
0.104920 	0.180633 	0.140277 	0.058055 	 0.014116 
0.092667 	0.181983 	0.141036 	0.060754 	 0.014970 
0.089015 	0.198959 	0.152724 	0.066096 	 0.015367 
0.103616 	0.177916 	0.138963 	0.055378 	 0.014391 
0.100208 	0.176653 	0.137952 	0.054387 	 0.014086 
0.094947 	0.190913 	0.147391 	0.062655 	 0.014756 
0.088831 	0.197623 	0.151785 	0.067750 	 0.015799 
0.097084 	0.184756 	0.143888 	0.055223 	 0.014716 
0.089320 	0.176705 	0.137872 	0.054073 	 0.014255 
0.110426 	0.174244 	0.137048 	0.051537 	 0.013450 
0.078740 	0.196166 	0.151074 	0.066961 	 0.016112 
0.097735 	0.183313 	0.142673 	0.058426 	 0.013705 
0.093999 	0.182278 	0.142156 	0.056753 	 0.015019 
0.087513 	0.186537 	0.145200 	0.058487 	 0.015667 
0.093944 	0.190013 	0.147779 	0.059575 	 0.015254 
0.102637 	0.172064 	0.135424 	0.053132 	 0.014165 
0.071149 	0.208320 	0.159216 	0.074199 	 0.016258 
