di 	gli 	gal 	gos3 	 gos4 
0.420953 	0.026127 	0.015860 	0.017081 	 -0.002053 
0.416794 	0.038561 	0.023819 	0.030509 	 -0.000265 
0.442242 	0.027713 	0.015668 	0.035643 	 -0.001252 
0.418347 	0.051641 	0.031402 	0.052396 	 0.000937 
0.429284 	0.050666 	0.030870 	0.051316 	 0.000083 
0.420706 	0.059233 	0.036683 	0.056418 	 0.000569 
0.408229 	0.061213 	0.037633 	0.059398 	 0.001231 
0.428538 	0.048298 	0.029484 	0.048388 	 -0.000003 
0.423812 	0.059756 	0.036930 	0.056208 	 0.000383 
0.418120 	0.057941 	0.035195 	0.056398 	 0.000020 
0.423205 	0.046513 	0.027982 	0.048952 	 0.000235 
0.409518 	0.056373 	0.034304 	0.056487 	 0.001245 
0.412406 	0.056684 	0.034299 	0.055981 	 0.000578 
0.414083 	0.048951 	0.029261 	0.053733 	 0.000672 
0.397446 	0.078378 	0.048829 	0.069586 	 0.001724 
0.415906 	0.060394 	0.036632 	0.062962 	 0.001357 
0.406751 	0.062582 	0.038615 	0.058942 	 0.001502 
0.413040 	0.068336 	0.042171 	0.064042 	 0.001012 
0.402478 	0.063331 	0.038959 	0.060255 	 0.001152 
0.403436 	0.061481 	0.038007 	0.058780 	 0.002045 
0.394697 	0.076840 	0.047668 	0.070306 	 0.002721 
0.403148 	0.069833 	0.043722 	0.061063 	 0.001543 
0.409284 	0.059987 	0.036837 	0.056912 	 0.000544 
0.386499 	0.077212 	0.047947 	0.071884 	 0.003390 
0.407041 	0.064376 	0.039283 	0.064552 	 0.001373 
0.394240 	0.077494 	0.048084 	0.070421 	 0.002221 
0.395936 	0.070237 	0.043629 	0.065256 	 0.002502 
0.392163 	0.069171 	0.042705 	0.065937 	 0.002277 
0.399965 	0.061066 	0.037680 	0.059038 	 0.002204 
0.389109 	0.081317 	0.050861 	0.073104 	 0.003180 
0.388056 	0.076148 	0.047466 	0.070527 	 0.002887 
0.385273 	0.079036 	0.048862 	0.075552 	 0.003537 
0.389012 	0.077210 	0.047816 	0.072548 	 0.002877 
0.390890 	0.073576 	0.045633 	0.069122 	 0.002847 
0.393727 	0.071511 	0.044221 	0.066404 	 0.002286 
0.392182 	0.067820 	0.042084 	0.063566 	 0.002477 
0.385049 	0.074651 	0.045996 	0.072278 	 0.003106 
0.383825 	0.076180 	0.047254 	0.072130 	 0.003146 
0.382765 	0.078156 	0.048440 	0.074528 	 0.003383 
0.372518 	0.087459 	0.054496 	0.079160 	 0.004301 
0.380419 	0.075934 	0.046969 	0.068630 	 0.002815 
0.365195 	0.084097 	0.052415 	0.074798 	 0.003995 
0.368469 	0.098713 	0.061645 	0.088196 	 0.004508 
0.383515 	0.077393 	0.048103 	0.072111 	 0.003298 
0.383240 	0.076231 	0.047666 	0.071636 	 0.003946 
0.377801 	0.081907 	0.051034 	0.076715 	 0.003651 
0.359585 	0.100258 	0.063033 	0.087345 	 0.005243 
0.369502 	0.086940 	0.054349 	0.077297 	 0.003789 
0.372154 	0.084630 	0.052994 	0.075402 	 0.003522 
0.361600 	0.100798 	0.063409 	0.085910 	 0.004552 
0.373669 	0.083756 	0.051985 	0.075464 	 0.002971 
0.361874 	0.084511 	0.052861 	0.075392 	 0.003859 
0.359586 	0.091403 	0.057445 	0.080580 	 0.004337 
0.374460 	0.086762 	0.055172 	0.072705 	 0.003893 
0.362203 	0.088763 	0.055654 	0.077933 	 0.004252 
0.347665 	0.101559 	0.064049 	0.087133 	 0.005372 
0.355569 	0.098983 	0.062575 	0.084894 	 0.005077 
0.354818 	0.097455 	0.061485 	0.083514 	 0.004758 
0.344242 	0.106052 	0.066765 	0.090713 	 0.004969 
0.364194 	0.088871 	0.055903 	0.080460 	 0.005066 
0.357545 	0.093582 	0.059308 	0.081681 	 0.004708 
0.343236 	0.110304 	0.069687 	0.094053 	 0.005796 
0.353345 	0.093085 	0.058463 	0.082390 	 0.004475 
0.357619 	0.090867 	0.056969 	0.081289 	 0.004532 
0.347174 	0.099061 	0.062377 	0.086200 	 0.005668 
0.330473 	0.115597 	0.073269 	0.096841 	 0.006758 
0.346751 	0.091042 	0.057081 	0.080164 	 0.004502 
0.339885 	0.102213 	0.064303 	0.089688 	 0.005288 
0.339452 	0.105350 	0.066637 	0.089999 	 0.006091 
0.337408 	0.109464 	0.069432 	0.092966 	 0.006477 
0.356923 	0.097968 	0.061826 	0.086114 	 0.004621 
0.344122 	0.098147 	0.061828 	0.084396 	 0.005256 
0.344103 	0.107540 	0.068079 	0.093030 	 0.005889 
0.336176 	0.114855 	0.073010 	0.096635 	 0.006228 
0.336946 	0.111377 	0.070482 	0.095093 	 0.006139 
0.346271 	0.099469 	0.062817 	0.085127 	 0.005630 
0.334450 	0.110911 	0.070177 	0.093631 	 0.005776 
0.350126 	0.102598 	0.064962 	0.087235 	 0.005122 
0.348229 	0.097939 	0.062191 	0.082952 	 0.005187 
0.325680 	0.115460 	0.073221 	0.095191 	 0.006482 
0.348039 	0.093555 	0.059024 	0.080170 	 0.004244 
0.327739 	0.106847 	0.067737 	0.089234 	 0.006136 
0.334207 	0.102509 	0.065009 	0.086921 	 0.005909 
0.337744 	0.102139 	0.065414 	0.083637 	 0.005995 
0.341969 	0.093374 	0.058834 	0.081756 	 0.004935 
0.344610 	0.098329 	0.062525 	0.084623 	 0.006185 
0.327361 	0.111599 	0.071144 	0.091192 	 0.006266 
0.329529 	0.101313 	0.064559 	0.085186 	 0.006067 
0.325755 	0.110848 	0.070229 	0.093641 	 0.005881 
0.333787 	0.103480 	0.065585 	0.087417 	 0.005479 
0.342092 	0.097884 	0.062220 	0.083391 	 0.005411 
0.330766 	0.105621 	0.067193 	0.088893 	 0.005994 
0.330427 	0.110440 	0.070042 	0.093008 	 0.006564 
0.324093 	0.120773 	0.076921 	0.101207 	 0.007121 
0.329124 	0.103550 	0.065598 	0.090286 	 0.006229 
0.332990 	0.100530 	0.063847 	0.084789 	 0.005942 
0.320573 	0.121305 	0.077367 	0.099391 	 0.007505 
0.336662 	0.103530 	0.065744 	0.089180 	 0.006186 
0.328330 	0.110061 	0.070498 	0.089480 	 0.006259 
0.319517 	0.115188 	0.073506 	0.095540 	 0.007418 
0.330612 	0.108879 	0.069519 	0.089825 	 0.006084 
0.319666 	0.119654 	0.076801 	0.093726 	 0.006878 
0.319671 	0.116396 	0.074339 	0.095043 	 0.006661 
0.322799 	0.109343 	0.069586 	0.089880 	 0.006392 
0.326401 	0.113180 	0.072257 	0.093184 	 0.005862 
0.321336 	0.110423 	0.070701 	0.089853 	 0.006784 
0.322998 	0.106929 	0.068239 	0.087543 	 0.006248 
0.323664 	0.118692 	0.076108 	0.096332 	 0.006946 
0.317379 	0.114508 	0.073536 	0.092724 	 0.006906 
0.317540 	0.118317 	0.076186 	0.094243 	 0.007087 
0.310177 	0.132740 	0.085774 	0.102022 	 0.007842 
0.323471 	0.121692 	0.077984 	0.098442 	 0.006833 
0.316159 	0.125878 	0.081041 	0.102120 	 0.007958 
0.326008 	0.110216 	0.070658 	0.088320 	 0.006092 
0.318444 	0.111427 	0.071283 	0.090138 	 0.006667 
0.306314 	0.127853 	0.082346 	0.097835 	 0.006870 
0.315636 	0.120064 	0.076864 	0.098123 	 0.007421 
0.315260 	0.116814 	0.075194 	0.093420 	 0.007517 
0.320492 	0.115236 	0.074259 	0.093268 	 0.007412 
0.316511 	0.113286 	0.072692 	0.090431 	 0.006188 
0.315338 	0.114313 	0.073568 	0.092005 	 0.007126 
0.320256 	0.119386 	0.076635 	0.096397 	 0.006413 
0.302205 	0.139238 	0.090052 	0.107042 	 0.008542 
0.296027 	0.139449 	0.089948 	0.108012 	 0.008230 
0.284409 	0.148681 	0.095504 	0.116206 	 0.008705 
0.299134 	0.140775 	0.090988 	0.110083 	 0.008676 
0.297753 	0.133246 	0.085687 	0.106767 	 0.007960 
0.316282 	0.119467 	0.077505 	0.090791 	 0.006742 
0.303551 	0.137020 	0.089095 	0.103600 	 0.008572 
0.307974 	0.124690 	0.080503 	0.095958 	 0.006735 
0.296661 	0.137964 	0.089054 	0.108111 	 0.008407 
0.287825 	0.140600 	0.091098 	0.107613 	 0.009011 
0.302548 	0.129433 	0.083550 	0.100429 	 0.007310 
0.304681 	0.133169 	0.086000 	0.105396 	 0.008102 
0.304538 	0.131511 	0.084987 	0.102546 	 0.007853 
0.304501 	0.119212 	0.076578 	0.094646 	 0.006847 
0.284872 	0.136657 	0.088661 	0.104806 	 0.008805 
0.296870 	0.138387 	0.090061 	0.103720 	 0.008347 
0.311263 	0.132297 	0.085811 	0.098647 	 0.006453 
0.296652 	0.134271 	0.087144 	0.102532 	 0.008082 
0.287507 	0.137360 	0.088715 	0.106691 	 0.008866 
0.281419 	0.146969 	0.094787 	0.114589 	 0.008874 
0.289701 	0.130114 	0.084160 	0.100735 	 0.008253 
0.307879 	0.122675 	0.079785 	0.092717 	 0.006959 
0.304911 	0.130224 	0.084742 	0.099774 	 0.007490 
0.295188 	0.144489 	0.094246 	0.107059 	 0.008373 
0.285866 	0.142904 	0.092963 	0.106034 	 0.008249 
0.292712 	0.139586 	0.090689 	0.103441 	 0.007930 
0.283735 	0.138652 	0.089898 	0.105973 	 0.008977 
0.290445 	0.125526 	0.081745 	0.093484 	 0.007639 
0.290450 	0.139867 	0.090756 	0.105336 	 0.008522 
0.292198 	0.131361 	0.085287 	0.098166 	 0.007552 
0.281542 	0.142748 	0.092749 	0.104734 	 0.007817 
0.297353 	0.132372 	0.085859 	0.102354 	 0.007773 
0.288200 	0.131526 	0.085765 	0.097299 	 0.008269 
0.293063 	0.136106 	0.088360 	0.103148 	 0.008228 
0.285636 	0.138485 	0.090417 	0.102408 	 0.008563 
0.271590 	0.150848 	0.098397 	0.110445 	 0.009420 
0.291458 	0.135442 	0.088413 	0.098664 	 0.007680 
0.286895 	0.135518 	0.088402 	0.100491 	 0.007842 
0.293459 	0.134443 	0.087643 	0.099515 	 0.007297 
0.281506 	0.138173 	0.089818 	0.101930 	 0.007750 
0.283303 	0.145889 	0.095078 	0.106300 	 0.007745 
0.280602 	0.147675 	0.095914 	0.110741 	 0.008972 
0.299358 	0.135898 	0.088978 	0.099624 	 0.007686 
0.285058 	0.137838 	0.090025 	0.099241 	 0.007813 
0.277130 	0.149710 	0.097599 	0.110094 	 0.009020 
0.284556 	0.148797 	0.097241 	0.107912 	 0.008232 
0.274443 	0.146542 	0.095686 	0.107117 	 0.008580 
0.276442 	0.151894 	0.099521 	0.109952 	 0.009153 
0.295952 	0.133483 	0.087073 	0.100227 	 0.007640 
0.263337 	0.156541 	0.102156 	0.113115 	 0.009667 
0.275307 	0.153102 	0.100210 	0.111028 	 0.009309 
0.274374 	0.145419 	0.094859 	0.107156 	 0.008982 
0.279086 	0.153885 	0.100891 	0.110481 	 0.009070 
0.269886 	0.159477 	0.104496 	0.113469 	 0.009168 
0.270675 	0.159704 	0.104413 	0.117649 	 0.009943 
0.260341 	0.157413 	0.102819 	0.112587 	 0.009173 
0.282048 	0.142475 	0.093258 	0.102924 	 0.008469 
0.273932 	0.154710 	0.101309 	0.111444 	 0.008945 
0.271419 	0.153260 	0.100658 	0.108100 	 0.008566 
0.262823 	0.156167 	0.102813 	0.109932 	 0.010104 
0.278396 	0.143176 	0.094033 	0.102334 	 0.008699 
0.256960 	0.174358 	0.114310 	0.124695 	 0.010516 
0.251411 	0.171660 	0.112595 	0.122042 	 0.011126 
0.266969 	0.152538 	0.100593 	0.105591 	 0.009728 
0.260113 	0.158945 	0.104359 	0.112552 	 0.009703 
0.263861 	0.150875 	0.099217 	0.108418 	 0.009922 
0.265410 	0.156123 	0.102108 	0.112703 	 0.009718 
0.264580 	0.167140 	0.109750 	0.122248 	 0.010777 
0.250960 	0.174307 	0.114658 	0.119876 	 0.010303 
0.250579 	0.175510 	0.115276 	0.123080 	 0.010857 
0.259969 	0.170267 	0.111794 	0.121494 	 0.010665 
0.257186 	0.175640 	0.115754 	0.121683 	 0.010790 
0.262578 	0.166070 	0.109606 	0.114195 	 0.010105 
0.270171 	0.155366 	0.102576 	0.107357 	 0.008980 
0.258920 	0.158198 	0.104235 	0.109834 	 0.009874 
0.260273 	0.168620 	0.110903 	0.115729 	 0.009304 
0.267488 	0.161077 	0.106641 	0.110165 	 0.009650 
0.267756 	0.163251 	0.107981 	0.111709 	 0.009857 
0.253988 	0.161273 	0.106492 	0.109525 	 0.009480 
0.261671 	0.170242 	0.112149 	0.117555 	 0.009412 
0.262640 	0.170422 	0.112460 	0.116798 	 0.009688 
0.254734 	0.165067 	0.108908 	0.114501 	 0.010339 
0.264352 	0.162905 	0.107702 	0.114108 	 0.009857 
0.268750 	0.158801 	0.105248 	0.108500 	 0.009493 
0.243126 	0.174031 	0.114808 	0.120026 	 0.010752 
0.250953 	0.171499 	0.113466 	0.114435 	 0.010178 
0.256805 	0.164964 	0.108971 	0.113273 	 0.009768 
0.245076 	0.175966 	0.116306 	0.120454 	 0.010753 
0.262006 	0.161212 	0.106861 	0.109132 	 0.008957 
0.253659 	0.171808 	0.113688 	0.116452 	 0.009853 
0.251233 	0.175337 	0.115652 	0.118503 	 0.009695 
0.258577 	0.161041 	0.106824 	0.109761 	 0.009859 
0.251147 	0.167473 	0.110858 	0.114967 	 0.010269 
0.256193 	0.158283 	0.104794 	0.107524 	 0.008988 
0.245765 	0.175546 	0.116435 	0.118029 	 0.010625 
0.256953 	0.163093 	0.108205 	0.109778 	 0.009361 
0.246170 	0.172042 	0.113596 	0.117162 	 0.009810 
0.254701 	0.160744 	0.106748 	0.108057 	 0.009595 
0.248383 	0.176062 	0.116841 	0.118421 	 0.010437 
0.255477 	0.161509 	0.107273 	0.109718 	 0.009851 
0.251240 	0.163902 	0.108746 	0.110905 	 0.009935 
0.254364 	0.162558 	0.108209 	0.108725 	 0.009857 
0.252007 	0.171674 	0.113872 	0.115609 	 0.010108 
0.245488 	0.174680 	0.116078 	0.115987 	 0.010240 
0.247219 	0.170723 	0.113199 	0.115335 	 0.010438 
0.249045 	0.164835 	0.109777 	0.109214 	 0.009998 
0.242469 	0.173870 	0.115517 	0.116631 	 0.010807 
0.237274 	0.174775 	0.115974 	0.117450 	 0.010470 
0.241265 	0.181521 	0.120411 	0.122928 	 0.010755 
0.237598 	0.170793 	0.113728 	0.111795 	 0.010618 
0.239531 	0.181868 	0.120789 	0.120286 	 0.010978 
0.238545 	0.174985 	0.116157 	0.118784 	 0.011145 
0.238338 	0.186677 	0.124030 	0.122701 	 0.010777 
0.228161 	0.176625 	0.117626 	0.114886 	 0.011377 
0.234494 	0.180787 	0.119651 	0.119788 	 0.010757 
0.241626 	0.166216 	0.110850 	0.106992 	 0.009974 
0.245151 	0.173007 	0.115158 	0.113387 	 0.010224 
0.234619 	0.178106 	0.118717 	0.114211 	 0.010614 
0.243049 	0.172754 	0.115407 	0.111762 	 0.010283 
0.244304 	0.170983 	0.114360 	0.109149 	 0.010407 
0.229462 	0.177974 	0.117912 	0.119591 	 0.010656 
0.221779 	0.194579 	0.128914 	0.131646 	 0.012232 
0.229211 	0.180949 	0.120306 	0.120164 	 0.011008 
0.239617 	0.168402 	0.112946 	0.105320 	 0.010240 
0.220850 	0.192960 	0.128705 	0.124133 	 0.011968 
0.232146 	0.174474 	0.116368 	0.112377 	 0.010483 
0.237871 	0.182709 	0.122015 	0.115372 	 0.010333 
0.235100 	0.185708 	0.123695 	0.120883 	 0.010494 
0.234864 	0.182629 	0.122024 	0.118262 	 0.011306 
0.221607 	0.190515 	0.127389 	0.122234 	 0.011970 
0.235729 	0.180741 	0.120640 	0.115888 	 0.010228 
0.232958 	0.194885 	0.130501 	0.124189 	 0.011932 
0.219944 	0.192251 	0.128537 	0.122675 	 0.012221 
0.232658 	0.190154 	0.127382 	0.119607 	 0.010714 
0.210819 	0.205701 	0.137222 	0.132165 	 0.012426 
0.222100 	0.197732 	0.132459 	0.125247 	 0.012493 
0.213656 	0.198025 	0.132372 	0.124454 	 0.012006 
0.231256 	0.187981 	0.126212 	0.118325 	 0.011503 
0.224104 	0.204704 	0.136509 	0.132152 	 0.011840 
0.209576 	0.196952 	0.131423 	0.125729 	 0.011987 
0.222355 	0.196062 	0.130886 	0.124835 	 0.011458 
0.245431 	0.181701 	0.122295 	0.112088 	 0.009821 
0.229107 	0.178144 	0.119573 	0.109937 	 0.010239 
0.219754 	0.194650 	0.130535 	0.121929 	 0.011561 
0.225873 	0.185681 	0.124704 	0.117155 	 0.011458 
0.227003 	0.187981 	0.125453 	0.120692 	 0.010565 
0.218293 	0.197168 	0.132301 	0.126157 	 0.012705 
0.216452 	0.195214 	0.131100 	0.123010 	 0.012388 
0.228581 	0.187640 	0.125959 	0.118295 	 0.011259 
0.220229 	0.190883 	0.128330 	0.120193 	 0.012103 
0.210159 	0.200592 	0.134572 	0.124965 	 0.012187 
0.198492 	0.224413 	0.150095 	0.140852 	 0.013837 
0.215790 	0.203018 	0.135909 	0.129801 	 0.012442 
0.218641 	0.184826 	0.124532 	0.111769 	 0.011090 
0.218272 	0.196058 	0.131193 	0.125415 	 0.011543 
0.220652 	0.197020 	0.132925 	0.119671 	 0.012177 
0.211425 	0.200186 	0.134398 	0.125078 	 0.012404 
0.224746 	0.194066 	0.130856 	0.119096 	 0.011250 
0.230897 	0.183636 	0.124037 	0.112273 	 0.010898 
0.206577 	0.203157 	0.136560 	0.128203 	 0.012556 
0.212508 	0.191399 	0.129348 	0.115124 	 0.011725 
0.213395 	0.205044 	0.137811 	0.128768 	 0.012293 
0.214832 	0.204990 	0.138038 	0.126700 	 0.012159 
0.217433 	0.202680 	0.136248 	0.127570 	 0.012523 
0.219711 	0.206507 	0.138860 	0.128120 	 0.011396 
0.201758 	0.209104 	0.140552 	0.129554 	 0.012410 
0.211394 	0.207196 	0.139346 	0.128968 	 0.012331 
0.209611 	0.207878 	0.140114 	0.126734 	 0.012445 
0.205298 	0.211130 	0.142520 	0.128231 	 0.012661 
0.211236 	0.197502 	0.133772 	0.118104 	 0.012524 
0.205274 	0.206639 	0.139188 	0.126058 	 0.011994 
0.208171 	0.203419 	0.137176 	0.123346 	 0.011768 
0.210355 	0.199402 	0.134071 	0.124661 	 0.011705 
0.212922 	0.205489 	0.139296 	0.122395 	 0.012149 
0.207363 	0.210478 	0.142157 	0.126978 	 0.012355 
0.203469 	0.211260 	0.142838 	0.125588 	 0.012409 
0.196443 	0.219964 	0.148486 	0.131361 	 0.012933 
0.212897 	0.202557 	0.137024 	0.119433 	 0.011751 
0.215828 	0.196358 	0.132950 	0.118613 	 0.011718 
0.199453 	0.208044 	0.140564 	0.126489 	 0.012617 
0.204038 	0.205000 	0.138455 	0.125867 	 0.012736 
0.210041 	0.203306 	0.137508 	0.120557 	 0.011374 
0.202802 	0.205443 	0.139046 	0.123193 	 0.012562 
0.199227 	0.211167 	0.142973 	0.127967 	 0.013393 
0.207536 	0.201166 	0.136153 	0.120098 	 0.011592 
0.208071 	0.208306 	0.141249 	0.123453 	 0.012039 
0.203458 	0.210345 	0.142440 	0.124957 	 0.011896 
0.204473 	0.208050 	0.141111 	0.122453 	 0.012174 
0.215425 	0.192081 	0.130814 	0.111024 	 0.011058 
0.219984 	0.195555 	0.132893 	0.113781 	 0.010834 
0.210724 	0.190491 	0.129746 	0.110446 	 0.011145 
0.200385 	0.204595 	0.138461 	0.123253 	 0.012621 
0.200418 	0.208579 	0.140979 	0.127971 	 0.012641 
0.206713 	0.204917 	0.139088 	0.120236 	 0.011674 
0.206165 	0.196113 	0.133124 	0.116079 	 0.011868 
0.202340 	0.201676 	0.136848 	0.118056 	 0.011654 
0.203526 	0.205709 	0.139571 	0.120948 	 0.011642 
0.204543 	0.201915 	0.137599 	0.117722 	 0.012403 
0.199602 	0.203514 	0.137959 	0.122089 	 0.012742 
0.198514 	0.208750 	0.141389 	0.124169 	 0.012234 
0.204252 	0.206531 	0.140673 	0.118287 	 0.011764 
0.194283 	0.213554 	0.144656 	0.127153 	 0.012309 
0.203094 	0.197866 	0.134629 	0.115927 	 0.012154 
0.193150 	0.202339 	0.137333 	0.118357 	 0.011904 
0.186049 	0.214822 	0.145733 	0.125063 	 0.012069 
0.201226 	0.204433 	0.139024 	0.118144 	 0.012019 
0.198656 	0.205074 	0.139446 	0.120635 	 0.012427 
0.205894 	0.205073 	0.139675 	0.118803 	 0.011763 
0.205327 	0.204168 	0.139595 	0.115327 	 0.011661 
0.197613 	0.213809 	0.145841 	0.120605 	 0.012118 
0.202842 	0.203851 	0.139241 	0.117801 	 0.011935 
0.189079 	0.223565 	0.151650 	0.132195 	 0.012629 
0.197046 	0.204241 	0.139562 	0.116252 	 0.012090 
0.194734 	0.211985 	0.144239 	0.124501 	 0.012835 
0.200248 	0.208031 	0.141723 	0.120953 	 0.011429 
0.208179 	0.198720 	0.135821 	0.112307 	 0.011270 
0.188565 	0.222551 	0.151580 	0.128779 	 0.013080 
0.200507 	0.202719 	0.138829 	0.115024 	 0.011883 
0.183412 	0.216922 	0.147889 	0.125412 	 0.013058 
0.189507 	0.223570 	0.152436 	0.129608 	 0.013241 
0.189365 	0.219570 	0.149995 	0.125770 	 0.013163 
0.199038 	0.203446 	0.139441 	0.112265 	 0.011376 
0.176337 	0.217447 	0.148569 	0.124115 	 0.013895 
0.178505 	0.217719 	0.148478 	0.123852 	 0.013183 
0.197408 	0.209220 	0.143074 	0.117336 	 0.012359 
0.187176 	0.219526 	0.149761 	0.124608 	 0.012949 
0.167907 	0.232420 	0.157967 	0.134786 	 0.014658 
0.181737 	0.214264 	0.146563 	0.120713 	 0.013076 
0.179830 	0.223049 	0.152221 	0.127530 	 0.013491 
0.186977 	0.209363 	0.143307 	0.117745 	 0.012461 
0.170311 	0.229684 	0.156375 	0.132902 	 0.013957 
0.183462 	0.216612 	0.148566 	0.121826 	 0.013657 
0.178471 	0.223585 	0.152593 	0.126493 	 0.013573 
0.181370 	0.220347 	0.150786 	0.123584 	 0.013047 
0.178708 	0.214140 	0.146671 	0.120557 	 0.012964 
0.191169 	0.209827 	0.144232 	0.115058 	 0.012298 
0.180547 	0.216804 	0.148952 	0.119627 	 0.013059 
0.177544 	0.225937 	0.154423 	0.125821 	 0.013475 
0.174730 	0.229432 	0.156734 	0.129714 	 0.013525 
0.169707 	0.232765 	0.158643 	0.133017 	 0.013883 
0.171047 	0.224890 	0.154151 	0.125112 	 0.013868 
0.188400 	0.221631 	0.152181 	0.122579 	 0.012855 
0.173790 	0.229139 	0.157377 	0.124945 	 0.013823 
0.174747 	0.225830 	0.154981 	0.124651 	 0.013647 
0.179966 	0.221132 	0.151872 	0.121186 	 0.012747 
0.193833 	0.208436 	0.143710 	0.113983 	 0.012308 
0.186126 	0.219008 	0.150256 	0.121850 	 0.013091 
0.166728 	0.233935 	0.160585 	0.130443 	 0.014423 
0.185061 	0.219013 	0.150610 	0.119533 	 0.012973 
0.168476 	0.222101 	0.152830 	0.121226 	 0.013640 
0.180309 	0.227914 	0.156648 	0.124224 	 0.012730 
0.185023 	0.216401 	0.148903 	0.116997 	 0.011869 
0.169226 	0.234052 	0.160327 	0.129994 	 0.013454 
0.161299 	0.236182 	0.162216 	0.130309 	 0.014666 
0.179315 	0.235355 	0.162137 	0.127216 	 0.014054 
0.175750 	0.234451 	0.160967 	0.129527 	 0.013422 
0.173112 	0.224474 	0.154637 	0.123111 	 0.014034 
0.179344 	0.221365 	0.151998 	0.122309 	 0.012557 
0.168313 	0.230288 	0.158151 	0.128805 	 0.014245 
0.176776 	0.228714 	0.157369 	0.126289 	 0.013689 
0.171094 	0.228909 	0.157481 	0.126425 	 0.013904 
0.179058 	0.232701 	0.160050 	0.129398 	 0.014116 
0.184443 	0.225967 	0.156116 	0.122231 	 0.013553 
0.175389 	0.230734 	0.159029 	0.124742 	 0.013775 
0.167483 	0.238619 	0.164175 	0.133229 	 0.014873 
0.176888 	0.221149 	0.153055 	0.115712 	 0.013154 
0.168414 	0.235065 	0.161766 	0.127694 	 0.013924 
0.169110 	0.232220 	0.159988 	0.126758 	 0.014223 
0.168655 	0.238722 	0.164449 	0.130042 	 0.014556 
0.182952 	0.220936 	0.152867 	0.117975 	 0.013067 
0.166545 	0.234398 	0.161783 	0.127905 	 0.014868 
0.165157 	0.237768 	0.163874 	0.127396 	 0.013720 
0.170232 	0.234393 	0.161730 	0.124675 	 0.013390 
0.155755 	0.242700 	0.167156 	0.130436 	 0.014441 
0.164436 	0.239994 	0.165307 	0.131182 	 0.015066 
0.174792 	0.233614 	0.161376 	0.125685 	 0.013798 
0.176601 	0.231279 	0.160051 	0.123087 	 0.013440 
0.156804 	0.235075 	0.162267 	0.125114 	 0.014221 
0.176782 	0.240021 	0.165838 	0.127837 	 0.013423 
0.166141 	0.237221 	0.163400 	0.129788 	 0.013488 
0.173003 	0.230539 	0.159602 	0.122130 	 0.013104 
0.166179 	0.226879 	0.157009 	0.121613 	 0.013778 
0.157176 	0.243149 	0.168003 	0.130048 	 0.014719 
0.160792 	0.247714 	0.170657 	0.133783 	 0.014278 
0.172257 	0.227721 	0.157923 	0.119711 	 0.012963 
0.190128 	0.217369 	0.151937 	0.110372 	 0.012457 
0.167021 	0.235032 	0.162944 	0.123054 	 0.013627 
0.164874 	0.243861 	0.168506 	0.129591 	 0.013988 
0.154520 	0.242079 	0.167127 	0.130350 	 0.014303 
0.156338 	0.247068 	0.170823 	0.131225 	 0.014482 
0.167753 	0.238206 	0.165009 	0.124581 	 0.014073 
0.146342 	0.250101 	0.172607 	0.134587 	 0.015267 
0.157812 	0.239685 	0.165915 	0.125139 	 0.014153 
0.166271 	0.237072 	0.164401 	0.123739 	 0.013551 
0.171252 	0.233774 	0.162591 	0.120740 	 0.013477 
0.170693 	0.233162 	0.162045 	0.120985 	 0.013633 
0.162727 	0.245452 	0.169997 	0.131544 	 0.014883 
0.171896 	0.233736 	0.162580 	0.118721 	 0.012863 
0.149155 	0.251438 	0.174105 	0.132044 	 0.015257 
0.156018 	0.249103 	0.172665 	0.129735 	 0.014299 
0.163888 	0.228014 	0.158650 	0.117066 	 0.013289 
0.168983 	0.229985 	0.159604 	0.118575 	 0.012536 
0.157951 	0.234509 	0.163130 	0.122464 	 0.014084 
0.166262 	0.240641 	0.167531 	0.124007 	 0.013982 
0.165064 	0.226322 	0.157759 	0.114853 	 0.012801 
0.157949 	0.236233 	0.164010 	0.123889 	 0.013618 
0.150698 	0.245131 	0.169570 	0.131874 	 0.014401 
0.152692 	0.246550 	0.171084 	0.130874 	 0.014753 
0.155800 	0.238493 	0.165762 	0.125844 	 0.014302 
0.155007 	0.233986 	0.162956 	0.120646 	 0.013669 
0.158406 	0.240956 	0.167184 	0.128389 	 0.014224 
0.161918 	0.239719 	0.166953 	0.121554 	 0.013202 
0.155328 	0.243001 	0.168849 	0.126471 	 0.014333 
0.147485 	0.245174 	0.170215 	0.128068 	 0.014630 
0.166676 	0.225317 	0.157617 	0.114500 	 0.013452 
0.137976 	0.259130 	0.179226 	0.137884 	 0.015445 
0.155983 	0.243791 	0.169776 	0.125569 	 0.014521 
0.140302 	0.260786 	0.180643 	0.138402 	 0.015192 
0.152530 	0.240713 	0.167815 	0.121848 	 0.014106 
0.153780 	0.241174 	0.167926 	0.126562 	 0.014536 
0.159000 	0.240111 	0.167665 	0.121101 	 0.014225 
0.149006 	0.246777 	0.172084 	0.126235 	 0.014317 
0.165925 	0.230384 	0.161351 	0.116787 	 0.013513 
0.161241 	0.239373 	0.167129 	0.122510 	 0.014030 
0.158127 	0.234980 	0.164571 	0.117799 	 0.013612 
0.158665 	0.230810 	0.161973 	0.114668 	 0.013493 
0.155081 	0.248433 	0.173223 	0.125795 	 0.013680 
0.150420 	0.249902 	0.173815 	0.132488 	 0.014691 
0.151121 	0.250888 	0.175135 	0.126460 	 0.014124 
0.150396 	0.247652 	0.172914 	0.126047 	 0.014813 
0.138186 	0.257904 	0.179523 	0.130335 	 0.014716 
0.138998 	0.260532 	0.180686 	0.137276 	 0.015423 
0.151074 	0.250320 	0.174659 	0.128236 	 0.015092 
0.156668 	0.234098 	0.164339 	0.116415 	 0.013812 
0.148958 	0.238429 	0.166899 	0.120834 	 0.014401 
0.154173 	0.245254 	0.171355 	0.124339 	 0.014093 
0.143634 	0.257282 	0.179673 	0.130616 	 0.015393 
0.144252 	0.250100 	0.174657 	0.127713 	 0.015048 
0.153806 	0.248361 	0.174352 	0.122447 	 0.015182 
0.135221 	0.254283 	0.177385 	0.128463 	 0.015132 
0.139338 	0.251679 	0.176154 	0.125481 	 0.015502 
0.162984 	0.232132 	0.163370 	0.110619 	 0.012600 
0.137105 	0.262636 	0.182809 	0.135222 	 0.015069 
0.132309 	0.260524 	0.181382 	0.135675 	 0.015766 
0.138574 	0.256665 	0.179441 	0.127640 	 0.015019 
0.151055 	0.245709 	0.172574 	0.119713 	 0.014039 
0.123628 	0.257224 	0.179918 	0.127710 	 0.016070 
0.142452 	0.251803 	0.176515 	0.121982 	 0.014097 
0.142872 	0.254365 	0.178413 	0.125572 	 0.015341 
0.132517 	0.257699 	0.180449 	0.128845 	 0.015449 
0.141652 	0.259151 	0.181387 	0.127738 	 0.014938 
0.135978 	0.248463 	0.174762 	0.121263 	 0.015377 
0.150241 	0.255974 	0.179670 	0.127156 	 0.014981 
0.136812 	0.257745 	0.180652 	0.128516 	 0.016136 
0.149371 	0.244580 	0.172154 	0.119748 	 0.014469 
0.149201 	0.242511 	0.170624 	0.118686 	 0.014224 
0.145537 	0.245698 	0.173178 	0.117917 	 0.014449 
0.131289 	0.266903 	0.186360 	0.135012 	 0.015551 
0.133122 	0.265280 	0.185811 	0.130974 	 0.015046 
0.133397 	0.265118 	0.185556 	0.132774 	 0.016117 
0.137780 	0.267002 	0.186826 	0.134938 	 0.015615 
0.147050 	0.253510 	0.178328 	0.124008 	 0.014964 
0.137335 	0.257233 	0.181005 	0.123314 	 0.014657 
0.129022 	0.262118 	0.184029 	0.129126 	 0.015768 
0.136918 	0.262703 	0.184447 	0.130722 	 0.015729 
0.126067 	0.267517 	0.187867 	0.133856 	 0.016701 
0.138045 	0.261363 	0.183521 	0.130625 	 0.015974 
0.126808 	0.269109 	0.188326 	0.135852 	 0.016487 
0.144903 	0.251095 	0.177063 	0.120424 	 0.014893 
0.142215 	0.261749 	0.183575 	0.132505 	 0.015377 
0.134447 	0.270287 	0.189447 	0.137075 	 0.016338 
0.135269 	0.263155 	0.185146 	0.127649 	 0.015651 
0.119980 	0.274483 	0.192329 	0.138119 	 0.016798 
0.142406 	0.252081 	0.178274 	0.119962 	 0.015280 
0.148629 	0.250812 	0.177590 	0.116646 	 0.014560 
0.138801 	0.257851 	0.181703 	0.126000 	 0.015530 
0.128573 	0.270608 	0.189989 	0.135835 	 0.016132 
0.128419 	0.277034 	0.194297 	0.138666 	 0.016644 
0.132899 	0.261231 	0.184369 	0.126710 	 0.016090 
0.108787 	0.284734 	0.199240 	0.144814 	 0.017671 
0.142858 	0.260755 	0.183650 	0.127019 	 0.014352 
0.142480 	0.253589 	0.179458 	0.119873 	 0.014388 
0.155673 	0.233038 	0.166538 	0.104530 	 0.013870 
0.131884 	0.262302 	0.185269 	0.126688 	 0.015545 
0.124360 	0.272461 	0.192069 	0.130417 	 0.015945 
0.135554 	0.268655 	0.189207 	0.130482 	 0.014724 
0.130699 	0.263192 	0.186072 	0.124175 	 0.015301 
0.140450 	0.266521 	0.188228 	0.128540 	 0.015622 
0.121234 	0.270273 	0.190828 	0.129064 	 0.015842 
0.131081 	0.265411 	0.187740 	0.126708 	 0.016042 
0.126098 	0.268472 	0.189732 	0.130454 	 0.016659 
0.127916 	0.267215 	0.189139 	0.126285 	 0.015824 
0.134356 	0.267655 	0.189309 	0.128371 	 0.016031 
0.127239 	0.273303 	0.193069 	0.130889 	 0.016008 
0.142510 	0.257322 	0.182338 	0.122142 	 0.015177 
0.132848 	0.267767 	0.189429 	0.126186 	 0.015492 
0.129996 	0.261196 	0.185335 	0.120168 	 0.015010 
0.126038 	0.272925 	0.193045 	0.131349 	 0.016398 
0.117640 	0.274411 	0.193665 	0.131223 	 0.016498 
0.130508 	0.261072 	0.185293 	0.121144 	 0.014968 
0.126797 	0.264445 	0.187593 	0.124768 	 0.015965 
0.115785 	0.278363 	0.196912 	0.133654 	 0.017261 
0.128491 	0.274533 	0.194647 	0.128337 	 0.016149 
0.129561 	0.271017 	0.191842 	0.127672 	 0.015714 
0.130009 	0.257888 	0.183282 	0.119349 	 0.014975 
0.129116 	0.276070 	0.195122 	0.133882 	 0.016282 
0.146212 	0.254346 	0.181054 	0.116161 	 0.014471 
0.123978 	0.275409 	0.194847 	0.134279 	 0.017232 
0.123581 	0.272489 	0.192827 	0.128554 	 0.015944 
0.114330 	0.287062 	0.202771 	0.136691 	 0.016797 
0.133047 	0.277412 	0.196605 	0.133025 	 0.016866 
0.133837 	0.260558 	0.185472 	0.120607 	 0.015817 
0.120523 	0.275846 	0.195179 	0.132874 	 0.016425 
0.138719 	0.268555 	0.191031 	0.124868 	 0.015586 
0.122011 	0.273875 	0.194305 	0.128341 	 0.016222 
0.123255 	0.274270 	0.194512 	0.129792 	 0.016243 
0.141342 	0.254743 	0.181939 	0.116382 	 0.014808 
0.122271 	0.274961 	0.195122 	0.130895 	 0.016647 
0.130654 	0.265261 	0.188882 	0.122315 	 0.015684 
0.119208 	0.272914 	0.193706 	0.129132 	 0.016426 
0.128961 	0.267858 	0.191011 	0.122492 	 0.016132 
0.121308 	0.272180 	0.193476 	0.127581 	 0.016275 
0.128106 	0.266442 	0.190301 	0.121305 	 0.016139 
0.136718 	0.253355 	0.181097 	0.114206 	 0.014982 
0.137779 	0.259859 	0.185616 	0.120370 	 0.015471 
0.130252 	0.279890 	0.199135 	0.130967 	 0.016608 
0.129374 	0.261456 	0.187191 	0.116694 	 0.015657 
0.113122 	0.280806 	0.199254 	0.134575 	 0.017208 
0.124767 	0.267842 	0.191120 	0.123656 	 0.016105 
0.116899 	0.277174 	0.196784 	0.133122 	 0.016984 
0.121902 	0.270413 	0.192294 	0.129209 	 0.016541 
0.121979 	0.277926 	0.198326 	0.127178 	 0.017003 
0.118105 	0.285764 	0.203352 	0.132746 	 0.017139 
0.122578 	0.275502 	0.196339 	0.126640 	 0.016358 
0.132206 	0.270447 	0.192950 	0.124933 	 0.015696 
0.112022 	0.287054 	0.204164 	0.135017 	 0.017734 
0.103547 	0.286671 	0.203443 	0.136512 	 0.017634 
0.127971 	0.267243 	0.190959 	0.122702 	 0.015914 
0.113837 	0.284078 	0.202264 	0.132017 	 0.016749 
0.123283 	0.277800 	0.198259 	0.127782 	 0.015847 
0.119032 	0.286906 	0.204018 	0.134904 	 0.016893 
0.118051 	0.282124 	0.201281 	0.130016 	 0.017006 
0.117926 	0.273248 	0.194976 	0.126165 	 0.016081 
0.123937 	0.278125 	0.198589 	0.127790 	 0.016444 
0.115111 	0.282977 	0.201546 	0.133275 	 0.017530 
0.127567 	0.270558 	0.193839 	0.122897 	 0.016355 
0.105072 	0.277856 	0.198766 	0.126646 	 0.017497 
0.118873 	0.280057 	0.199995 	0.129679 	 0.017285 
0.114107 	0.267939 	0.192263 	0.120499 	 0.016868 
0.108728 	0.276899 	0.197523 	0.128294 	 0.016675 
0.115153 	0.263749 	0.189722 	0.114925 	 0.015971 
0.119500 	0.272667 	0.194861 	0.127121 	 0.016211 
0.127464 	0.260382 	0.187502 	0.117245 	 0.016345 
0.112093 	0.262194 	0.187860 	0.118390 	 0.015942 
0.123671 	0.270708 	0.193983 	0.120153 	 0.015754 
0.128554 	0.256737 	0.184490 	0.116118 	 0.015151 
0.114570 	0.275687 	0.197871 	0.125595 	 0.017617 
0.130297 	0.262930 	0.189153 	0.116535 	 0.015330 
0.114382 	0.276912 	0.198635 	0.125226 	 0.017001 
0.124145 	0.264753 	0.190423 	0.118594 	 0.016119 
0.127309 	0.263911 	0.190141 	0.115821 	 0.015635 
0.109597 	0.277204 	0.199133 	0.122640 	 0.016979 
0.114589 	0.270671 	0.194141 	0.123719 	 0.016661 
0.134856 	0.255095 	0.184791 	0.109424 	 0.015787 
0.122989 	0.265768 	0.191333 	0.118216 	 0.015668 
0.128343 	0.269925 	0.194366 	0.120055 	 0.016111 
0.123358 	0.252937 	0.183816 	0.105042 	 0.015829 
0.134760 	0.259887 	0.187587 	0.113536 	 0.015191 
0.114312 	0.280535 	0.200898 	0.131374 	 0.017153 
0.110346 	0.293382 	0.209773 	0.136781 	 0.017788 
0.116864 	0.276370 	0.198591 	0.125765 	 0.017023 
0.131121 	0.269463 	0.194439 	0.120473 	 0.016221 
0.122665 	0.276011 	0.198193 	0.126161 	 0.016684 
0.114933 	0.275084 	0.197934 	0.123628 	 0.017105 
0.108504 	0.275087 	0.198317 	0.122166 	 0.017789 
0.110952 	0.284167 	0.203707 	0.130938 	 0.018121 
0.112602 	0.274211 	0.197687 	0.118976 	 0.016726 
0.118314 	0.270351 	0.195721 	0.115339 	 0.016480 
0.439609 	-0.000309 	0.001111 	-0.002578 	 -0.000240 
0.440363 	0.008276 	0.006674 	0.006413 	 0.001450 
0.451426 	0.010869 	0.008023 	0.013387 	 0.001082 
0.448327 	0.011492 	0.008496 	0.014838 	 0.001794 
0.442153 	0.027235 	0.018264 	0.027100 	 0.001946 
0.445979 	0.023306 	0.016245 	0.022749 	 0.002117 
0.425563 	0.038397 	0.025817 	0.033777 	 0.003118 
0.438805 	0.024691 	0.016940 	0.026467 	 0.002573 
0.433232 	0.034815 	0.023748 	0.029413 	 0.003025 
0.427449 	0.027350 	0.018236 	0.030158 	 0.003191 
0.419994 	0.034488 	0.023640 	0.031072 	 0.004241 
0.424613 	0.034821 	0.023236 	0.035074 	 0.003514 
0.439172 	0.029016 	0.019870 	0.025904 	 0.001981 
0.449239 	0.009264 	0.006709 	0.016549 	 0.002462 
0.431872 	0.039439 	0.026524 	0.032590 	 0.002850 
0.417598 	0.047229 	0.030940 	0.042743 	 0.003967 
0.406503 	0.050737 	0.033813 	0.042310 	 0.004448 
0.423775 	0.032989 	0.022246 	0.030062 	 0.003342 
0.401471 	0.049794 	0.032686 	0.043716 	 0.004598 
0.411637 	0.042358 	0.028576 	0.037104 	 0.004841 
0.399378 	0.054633 	0.035440 	0.047907 	 0.004913 
0.393480 	0.057545 	0.037706 	0.051422 	 0.005676 
0.409385 	0.050641 	0.033715 	0.042841 	 0.005378 
0.393912 	0.053363 	0.034858 	0.046329 	 0.005448 
0.387297 	0.058592 	0.038373 	0.051980 	 0.006213 
0.395956 	0.057130 	0.037995 	0.047144 	 0.005600 
0.398560 	0.054880 	0.036197 	0.047244 	 0.005409 
0.388650 	0.047633 	0.031572 	0.043085 	 0.005628 
0.398903 	0.051211 	0.034144 	0.043045 	 0.005419 
0.377759 	0.072149 	0.047269 	0.060217 	 0.007527 
0.392059 	0.056625 	0.037357 	0.050289 	 0.006210 
0.387500 	0.059521 	0.038629 	0.054350 	 0.006075 
0.387079 	0.059472 	0.039638 	0.048647 	 0.006896 
0.397830 	0.054255 	0.035853 	0.045985 	 0.005243 
0.379386 	0.062616 	0.041394 	0.052469 	 0.007105 
0.379304 	0.063442 	0.041958 	0.051527 	 0.006215 
0.385577 	0.057775 	0.037999 	0.050011 	 0.006296 
0.384968 	0.056644 	0.036992 	0.051978 	 0.006346 
0.389197 	0.050617 	0.033308 	0.046755 	 0.006272 
0.370774 	0.066223 	0.043571 	0.055261 	 0.007288 
0.364088 	0.077406 	0.051127 	0.062709 	 0.007818 
0.366467 	0.072382 	0.047263 	0.061614 	 0.007031 
0.379322 	0.060848 	0.039895 	0.050549 	 0.005847 
0.373252 	0.072181 	0.047788 	0.057312 	 0.006893 
0.371633 	0.062805 	0.041462 	0.051656 	 0.006732 
0.377073 	0.062109 	0.041346 	0.052525 	 0.007396 
0.362758 	0.069320 	0.044977 	0.060188 	 0.006960 
0.374671 	0.062375 	0.041377 	0.053101 	 0.007164 
0.370593 	0.063782 	0.042217 	0.052747 	 0.007095 
0.358412 	0.072757 	0.047797 	0.061004 	 0.008088 
0.373495 	0.067721 	0.044624 	0.056653 	 0.006691 
0.368820 	0.061342 	0.040741 	0.048425 	 0.006500 
0.375406 	0.066925 	0.044056 	0.055748 	 0.006903 
0.376681 	0.062732 	0.041348 	0.053510 	 0.006476 
0.356002 	0.079762 	0.052516 	0.065964 	 0.008930 
0.361044 	0.074576 	0.049152 	0.062596 	 0.008123 
0.359470 	0.067902 	0.044529 	0.059237 	 0.007112 
0.348567 	0.084690 	0.055440 	0.069606 	 0.007991 
0.355950 	0.075894 	0.049655 	0.064106 	 0.007953 
0.353139 	0.078374 	0.052303 	0.061504 	 0.008588 
0.359694 	0.067340 	0.044559 	0.057286 	 0.007893 
0.363838 	0.061548 	0.041251 	0.049886 	 0.007517 
0.351181 	0.068142 	0.045321 	0.055612 	 0.008135 
0.345523 	0.072665 	0.048074 	0.059361 	 0.008670 
0.365718 	0.063835 	0.042132 	0.054218 	 0.006920 
0.350024 	0.076038 	0.050016 	0.062424 	 0.008040 
0.350388 	0.074688 	0.049514 	0.059901 	 0.007945 
0.359167 	0.073534 	0.048905 	0.060307 	 0.008642 
0.342410 	0.081429 	0.053372 	0.067394 	 0.008778 
0.335539 	0.082921 	0.054256 	0.069282 	 0.009623 
0.335209 	0.078509 	0.051459 	0.064825 	 0.008513 
0.339143 	0.085782 	0.056797 	0.066937 	 0.009072 
0.341005 	0.080036 	0.052931 	0.064738 	 0.008832 
0.342146 	0.083577 	0.055242 	0.068549 	 0.009460 
0.332589 	0.078793 	0.052019 	0.064043 	 0.009040 
0.346705 	0.068163 	0.045136 	0.057300 	 0.007944 
0.333037 	0.093358 	0.061830 	0.072271 	 0.009624 
0.334708 	0.089949 	0.059325 	0.068872 	 0.008387 
0.333685 	0.088791 	0.058478 	0.071947 	 0.009442 
0.346345 	0.076995 	0.051281 	0.060956 	 0.008246 
0.325609 	0.092845 	0.060913 	0.073549 	 0.009215 
0.332684 	0.084697 	0.056366 	0.065298 	 0.009087 
0.325159 	0.088026 	0.057706 	0.071548 	 0.009461 
0.340806 	0.082598 	0.054898 	0.063632 	 0.008114 
0.324007 	0.098145 	0.064711 	0.076629 	 0.009787 
0.324980 	0.090132 	0.059585 	0.069931 	 0.009226 
0.332587 	0.085633 	0.057032 	0.065763 	 0.009121 
0.337418 	0.074323 	0.049160 	0.058502 	 0.008082 
0.319942 	0.090707 	0.060170 	0.067830 	 0.009109 
0.325015 	0.092861 	0.061629 	0.070605 	 0.009467 
0.335979 	0.083530 	0.055169 	0.068316 	 0.009004 
0.317667 	0.098399 	0.065099 	0.075032 	 0.009681 
0.315884 	0.097004 	0.063940 	0.074609 	 0.009982 
0.327647 	0.085662 	0.056909 	0.065976 	 0.008975 
0.324346 	0.088811 	0.058807 	0.069833 	 0.009321 
0.314345 	0.099882 	0.066174 	0.075654 	 0.009786 
0.329445 	0.087638 	0.058356 	0.068055 	 0.009599 
0.314142 	0.091791 	0.060695 	0.071501 	 0.010001 
0.328440 	0.085335 	0.056876 	0.065236 	 0.008989 
0.326466 	0.091483 	0.060880 	0.068880 	 0.009071 
0.315867 	0.094165 	0.062454 	0.073101 	 0.009710 
0.321064 	0.094753 	0.062837 	0.072122 	 0.009131 
0.321909 	0.087791 	0.058744 	0.064691 	 0.009131 
0.318844 	0.083327 	0.055590 	0.064067 	 0.009214 
0.325708 	0.085781 	0.057143 	0.066122 	 0.008855 
0.305028 	0.095959 	0.063659 	0.073920 	 0.010276 
0.307253 	0.106792 	0.071261 	0.078627 	 0.010887 
0.303462 	0.106013 	0.070152 	0.079938 	 0.010648 
0.314727 	0.099785 	0.066002 	0.076506 	 0.009961 
0.311002 	0.089679 	0.059136 	0.069999 	 0.009292 
0.323071 	0.089238 	0.059454 	0.067300 	 0.008908 
0.286165 	0.109946 	0.072750 	0.082148 	 0.011075 
0.309630 	0.092769 	0.062317 	0.068068 	 0.010064 
0.309696 	0.103369 	0.068928 	0.075600 	 0.010171 
0.297854 	0.111129 	0.073777 	0.083003 	 0.011457 
0.313783 	0.101074 	0.067346 	0.076410 	 0.009913 
0.309646 	0.100569 	0.067094 	0.074793 	 0.010694 
0.318830 	0.093537 	0.062628 	0.068850 	 0.009817 
0.309608 	0.095401 	0.064134 	0.068779 	 0.010211 
0.309048 	0.097949 	0.065148 	0.074744 	 0.010581 
0.300942 	0.098905 	0.065985 	0.073878 	 0.010753 
0.299894 	0.098481 	0.065471 	0.074404 	 0.010669 
0.287792 	0.116335 	0.076985 	0.087579 	 0.011814 
0.306802 	0.104858 	0.069685 	0.077247 	 0.010075 
0.307932 	0.103607 	0.069417 	0.074671 	 0.010180 
0.281071 	0.118593 	0.078428 	0.088046 	 0.011936 
0.291136 	0.115669 	0.076785 	0.087954 	 0.012070 
0.292756 	0.107406 	0.071344 	0.081099 	 0.011365 
0.292372 	0.103413 	0.069019 	0.075251 	 0.010539 
0.288844 	0.117859 	0.078419 	0.084686 	 0.011349 
0.296246 	0.102100 	0.067832 	0.077689 	 0.010400 
0.288311 	0.112965 	0.075341 	0.081437 	 0.011138 
0.281869 	0.111664 	0.074391 	0.081820 	 0.011495 
0.301929 	0.095921 	0.064373 	0.072198 	 0.010802 
0.286380 	0.118103 	0.078493 	0.087050 	 0.012287 
0.285053 	0.111057 	0.073989 	0.080824 	 0.011312 
0.281242 	0.116577 	0.077295 	0.087820 	 0.012569 
0.290528 	0.103824 	0.069481 	0.076494 	 0.011523 
0.290063 	0.109258 	0.072795 	0.078824 	 0.010721 
0.284465 	0.108406 	0.072431 	0.077541 	 0.010907 
0.294231 	0.108479 	0.072565 	0.078447 	 0.011011 
0.301924 	0.100551 	0.067634 	0.072566 	 0.010430 
0.268952 	0.122444 	0.081529 	0.089694 	 0.012949 
0.283128 	0.104820 	0.070140 	0.075702 	 0.011075 
0.261529 	0.126705 	0.084469 	0.090396 	 0.013478 
0.270694 	0.120816 	0.080684 	0.084641 	 0.012604 
0.266582 	0.122679 	0.081788 	0.086088 	 0.011977 
0.288166 	0.115030 	0.077010 	0.082111 	 0.011611 
0.293355 	0.105265 	0.070699 	0.073743 	 0.010372 
0.282843 	0.109059 	0.073237 	0.078796 	 0.012083 
0.283141 	0.106891 	0.071510 	0.077314 	 0.011813 
0.284957 	0.108299 	0.072635 	0.077407 	 0.011608 
0.274645 	0.125357 	0.083707 	0.090815 	 0.012821 
0.287242 	0.117510 	0.078982 	0.081126 	 0.011825 
0.270009 	0.118134 	0.078935 	0.084233 	 0.012491 
0.280203 	0.116466 	0.077650 	0.085942 	 0.011691 
0.277280 	0.111677 	0.074564 	0.080924 	 0.011447 
0.278537 	0.113997 	0.076304 	0.082530 	 0.011874 
0.282810 	0.112520 	0.075940 	0.078210 	 0.011899 
0.270960 	0.120656 	0.080559 	0.087856 	 0.012060 
0.284468 	0.112380 	0.075969 	0.076744 	 0.011528 
0.285326 	0.104765 	0.070687 	0.073617 	 0.010893 
0.276872 	0.109239 	0.073240 	0.078643 	 0.011666 
0.280804 	0.111311 	0.074712 	0.080435 	 0.011956 
0.284923 	0.101433 	0.068428 	0.070279 	 0.010732 
0.276908 	0.106630 	0.071178 	0.079570 	 0.011636 
0.264362 	0.120934 	0.081128 	0.085217 	 0.012292 
0.281270 	0.107858 	0.072863 	0.073558 	 0.011447 
0.288428 	0.100660 	0.068258 	0.068749 	 0.010471 
0.281394 	0.111334 	0.075403 	0.073748 	 0.010886 
0.284680 	0.108425 	0.073272 	0.074013 	 0.011050 
0.286791 	0.105185 	0.070935 	0.073908 	 0.011074 
0.278280 	0.114448 	0.077260 	0.079020 	 0.011561 
0.277453 	0.112886 	0.076048 	0.079013 	 0.011767 
0.274330 	0.107574 	0.072864 	0.073053 	 0.011805 
0.266538 	0.116267 	0.078316 	0.078912 	 0.011969 
0.267427 	0.121439 	0.081664 	0.082917 	 0.011820 
0.264450 	0.128636 	0.086353 	0.088300 	 0.012263 
0.283799 	0.110358 	0.074514 	0.076368 	 0.011378 
0.259657 	0.132005 	0.088465 	0.091899 	 0.013104 
0.269855 	0.109153 	0.073909 	0.073591 	 0.011412 
0.265786 	0.127884 	0.085900 	0.089178 	 0.012707 
0.273958 	0.120295 	0.080743 	0.083753 	 0.011422 
0.265069 	0.121427 	0.081644 	0.083168 	 0.011773 
0.266492 	0.116992 	0.078943 	0.079243 	 0.011573 
0.271628 	0.120785 	0.081937 	0.079809 	 0.011641 
0.267205 	0.120461 	0.081530 	0.081003 	 0.012057 
0.270555 	0.115277 	0.078217 	0.075821 	 0.011795 
0.253016 	0.136189 	0.091427 	0.093529 	 0.013202 
0.271673 	0.112815 	0.075914 	0.078745 	 0.011033 
0.249397 	0.137487 	0.092442 	0.091988 	 0.012700 
0.264676 	0.123120 	0.083070 	0.083888 	 0.011799 
0.259813 	0.128489 	0.086865 	0.085427 	 0.012095 
0.251908 	0.133193 	0.089802 	0.091414 	 0.013297 
0.263129 	0.126668 	0.085654 	0.084738 	 0.012108 
0.256841 	0.121831 	0.082076 	0.083932 	 0.012644 
0.254621 	0.119646 	0.080978 	0.080811 	 0.012472 
0.257139 	0.118767 	0.080549 	0.079834 	 0.012112 
0.250825 	0.126638 	0.085432 	0.084839 	 0.012473 
0.255764 	0.121545 	0.082207 	0.080786 	 0.012021 
0.254766 	0.126908 	0.085644 	0.089880 	 0.013317 
0.257577 	0.124665 	0.084573 	0.081605 	 0.011793 
0.250121 	0.128396 	0.087028 	0.085727 	 0.012796 
0.243009 	0.136526 	0.091446 	0.096604 	 0.013331 
0.249949 	0.135346 	0.092050 	0.085295 	 0.012418 
0.248573 	0.129573 	0.087548 	0.084703 	 0.012241 
0.239940 	0.134517 	0.091035 	0.088186 	 0.013782 
0.243727 	0.133417 	0.090019 	0.090052 	 0.012924 
0.228186 	0.145501 	0.097902 	0.097291 	 0.013860 
0.240071 	0.131898 	0.089281 	0.085385 	 0.012835 
0.237595 	0.140685 	0.095488 	0.091438 	 0.013853 
0.239280 	0.139578 	0.094521 	0.091940 	 0.013180 
0.243478 	0.131113 	0.088884 	0.087068 	 0.013059 
0.235329 	0.143703 	0.096899 	0.097421 	 0.014180 
0.244272 	0.126192 	0.085741 	0.081868 	 0.012805 
0.247832 	0.126497 	0.086101 	0.081984 	 0.013073 
0.232740 	0.134609 	0.091214 	0.087820 	 0.013267 
0.228162 	0.133235 	0.089998 	0.086246 	 0.012882 
0.243375 	0.123878 	0.084719 	0.078335 	 0.012556 
0.241800 	0.139597 	0.094696 	0.089003 	 0.012880 
0.236157 	0.132398 	0.090432 	0.084008 	 0.013020 
0.228347 	0.132442 	0.089748 	0.087856 	 0.013497 
0.232756 	0.141241 	0.095452 	0.092842 	 0.012918 
0.238398 	0.134776 	0.091838 	0.085491 	 0.013015 
0.217653 	0.146169 	0.098888 	0.094995 	 0.014327 
0.232273 	0.127749 	0.087284 	0.081367 	 0.013013 
0.212943 	0.146642 	0.099642 	0.092338 	 0.014271 
0.217187 	0.143917 	0.097463 	0.092538 	 0.013733 
0.221558 	0.147913 	0.100455 	0.094009 	 0.013667 
0.229296 	0.138113 	0.094091 	0.086676 	 0.013074 
0.218867 	0.144107 	0.097865 	0.091981 	 0.013337 
0.217748 	0.150786 	0.102273 	0.097713 	 0.014362 
0.218558 	0.153187 	0.103919 	0.100472 	 0.014849 
0.214978 	0.155800 	0.105482 	0.102224 	 0.014575 
0.208743 	0.151826 	0.102757 	0.098414 	 0.014673 
0.210270 	0.145746 	0.099241 	0.092646 	 0.014844 
0.216675 	0.143746 	0.097056 	0.096249 	 0.013895 
0.210449 	0.145327 	0.098835 	0.092914 	 0.014314 
0.209250 	0.148190 	0.100729 	0.094741 	 0.014683 
0.215180 	0.146112 	0.099398 	0.092347 	 0.014288 
0.212122 	0.148555 	0.101258 	0.092503 	 0.014003 
0.216497 	0.144441 	0.098823 	0.090597 	 0.014240 
0.190326 	0.157440 	0.107165 	0.097566 	 0.015350 
0.192753 	0.156765 	0.106399 	0.099821 	 0.015346 
0.196181 	0.161689 	0.109439 	0.104433 	 0.015808 
0.215231 	0.140771 	0.096258 	0.087644 	 0.013730 
0.212075 	0.148607 	0.101393 	0.091743 	 0.013722 
0.188611 	0.166101 	0.111889 	0.108418 	 0.015012 
0.194133 	0.156987 	0.107114 	0.097466 	 0.015578 
0.195698 	0.158649 	0.107742 	0.099160 	 0.014133 
0.192186 	0.163838 	0.110974 	0.103198 	 0.015084 
0.213489 	0.147692 	0.101104 	0.093770 	 0.014839 
0.198926 	0.155699 	0.106378 	0.095017 	 0.014670 
0.202314 	0.146671 	0.100384 	0.089737 	 0.013827 
0.202112 	0.155172 	0.105979 	0.095167 	 0.014803 
0.189876 	0.162386 	0.110100 	0.101627 	 0.014783 
0.191421 	0.164316 	0.112111 	0.101252 	 0.015222 
0.189555 	0.151037 	0.103107 	0.094520 	 0.015205 
0.193642 	0.162647 	0.111181 	0.098627 	 0.015062 
0.210256 	0.149272 	0.102686 	0.089291 	 0.013722 
0.182104 	0.174377 	0.118196 	0.108545 	 0.015947 
0.184437 	0.162917 	0.111365 	0.097821 	 0.015723 
0.182661 	0.164217 	0.111483 	0.104552 	 0.015689 
0.178283 	0.173345 	0.118370 	0.106069 	 0.016501 
0.184779 	0.167893 	0.114219 	0.105788 	 0.015724 
0.181562 	0.159274 	0.108675 	0.098546 	 0.015449 
0.184028 	0.169776 	0.115392 	0.104956 	 0.015557 
0.186102 	0.162628 	0.110370 	0.101790 	 0.014571 
0.178946 	0.168754 	0.115022 	0.104343 	 0.016413 
0.182223 	0.161347 	0.110255 	0.096051 	 0.014741 
0.187142 	0.157100 	0.107360 	0.092986 	 0.014540 
0.188888 	0.166114 	0.113322 	0.102027 	 0.015240 
0.189192 	0.157277 	0.107537 	0.095327 	 0.015174 
0.198158 	0.149494 	0.102695 	0.089835 	 0.013912 
0.169767 	0.168253 	0.114638 	0.102950 	 0.015907 
0.186578 	0.155057 	0.106597 	0.093200 	 0.015316 
0.173397 	0.171652 	0.116585 	0.107977 	 0.016020 
0.179071 	0.174001 	0.118849 	0.106132 	 0.016287 
0.186554 	0.156727 	0.107338 	0.094566 	 0.015073 
0.188047 	0.169728 	0.116137 	0.101951 	 0.015404 
0.179795 	0.167698 	0.114802 	0.101602 	 0.015853 
0.180016 	0.165015 	0.112568 	0.100537 	 0.014832 
0.184345 	0.167425 	0.114516 	0.100826 	 0.015408 
0.168166 	0.175700 	0.120089 	0.105003 	 0.016208 
0.169924 	0.185181 	0.125822 	0.115099 	 0.016558 
0.179090 	0.160404 	0.109725 	0.097866 	 0.015438 
0.186618 	0.159318 	0.109442 	0.094131 	 0.014341 
0.167461 	0.176193 	0.120372 	0.105351 	 0.016347 
0.180067 	0.164766 	0.112933 	0.099683 	 0.015453 
0.176202 	0.171205 	0.117455 	0.103365 	 0.016420 
0.175467 	0.161735 	0.110887 	0.095984 	 0.015683 
0.181096 	0.149704 	0.102944 	0.089793 	 0.014570 
0.156409 	0.184168 	0.125445 	0.114201 	 0.018019 
0.184259 	0.166857 	0.114672 	0.100689 	 0.015302 
0.174444 	0.165809 	0.114006 	0.097724 	 0.015922 
0.160659 	0.188863 	0.128605 	0.116396 	 0.016793 
0.177845 	0.160963 	0.110942 	0.093063 	 0.015172 
0.168673 	0.179509 	0.122721 	0.109967 	 0.016486 
0.182780 	0.171054 	0.117037 	0.103622 	 0.015566 
0.174025 	0.174401 	0.119827 	0.102641 	 0.015748 
0.186521 	0.157041 	0.108505 	0.090734 	 0.014567 
0.176554 	0.169844 	0.116781 	0.102758 	 0.016466 
0.165649 	0.176079 	0.120822 	0.104809 	 0.016326 
0.185849 	0.167988 	0.115643 	0.099619 	 0.015017 
0.170977 	0.176231 	0.120722 	0.105208 	 0.015717 
0.197926 	0.149229 	0.103851 	0.086014 	 0.014243 
0.181196 	0.170230 	0.117378 	0.099346 	 0.015429 
0.183822 	0.166650 	0.115409 	0.096389 	 0.015357 
0.164834 	0.180983 	0.124081 	0.108758 	 0.016410 
0.180041 	0.171510 	0.118235 	0.099858 	 0.015428 
0.173199 	0.160205 	0.110577 	0.093128 	 0.014868 
0.176964 	0.163930 	0.112660 	0.099666 	 0.015613 
0.169467 	0.175515 	0.120583 	0.103322 	 0.015589 
0.181135 	0.159926 	0.110713 	0.091918 	 0.014730 
0.166857 	0.184521 	0.126729 	0.107234 	 0.016044 
0.172898 	0.172172 	0.118884 	0.099487 	 0.015976 
0.165746 	0.176469 	0.121350 	0.104123 	 0.016391 
0.169315 	0.167388 	0.115152 	0.098170 	 0.014813 
0.165944 	0.174325 	0.119587 	0.102103 	 0.015370 
0.177402 	0.170754 	0.118375 	0.096235 	 0.015549 
0.176550 	0.166337 	0.114615 	0.098472 	 0.014850 
0.183761 	0.160446 	0.111079 	0.093293 	 0.014835 
0.165303 	0.166570 	0.114946 	0.097524 	 0.015288 
0.177158 	0.158161 	0.109635 	0.090458 	 0.014615 
0.177574 	0.169572 	0.117723 	0.093759 	 0.015060 
0.174199 	0.168474 	0.117131 	0.094439 	 0.015650 
0.171701 	0.160936 	0.111862 	0.091382 	 0.015290 
0.163319 	0.181525 	0.125237 	0.104437 	 0.015505 
0.162421 	0.178367 	0.123091 	0.103933 	 0.016517 
0.172671 	0.172079 	0.119258 	0.098630 	 0.015788 
0.175850 	0.170150 	0.118039 	0.097998 	 0.015746 
0.173896 	0.171898 	0.119196 	0.098484 	 0.015926 
0.156013 	0.178134 	0.122993 	0.102787 	 0.016551 
0.159494 	0.185536 	0.127860 	0.108325 	 0.016570 
0.168551 	0.173860 	0.120937 	0.096241 	 0.015923 
0.188667 	0.164966 	0.114877 	0.093175 	 0.014915 
0.173429 	0.165019 	0.114818 	0.093542 	 0.015055 
0.173361 	0.175209 	0.121706 	0.098238 	 0.015863 
0.173672 	0.168713 	0.117509 	0.094107 	 0.015703 
0.164076 	0.176446 	0.122199 	0.100884 	 0.015955 
0.176118 	0.172764 	0.119946 	0.098405 	 0.015410 
0.168213 	0.168228 	0.117224 	0.092804 	 0.015170 
0.156865 	0.181512 	0.125671 	0.104021 	 0.016322 
0.185081 	0.162374 	0.113396 	0.090187 	 0.014633 
0.174907 	0.170313 	0.118608 	0.095682 	 0.015223 
0.170801 	0.167217 	0.116393 	0.094737 	 0.015662 
0.165000 	0.165079 	0.114913 	0.094271 	 0.015847 
0.163528 	0.164114 	0.114495 	0.090770 	 0.015421 
0.162682 	0.167778 	0.116753 	0.092739 	 0.015251 
0.158618 	0.175685 	0.122485 	0.095283 	 0.015841 
0.175497 	0.161833 	0.113412 	0.088561 	 0.015361 
0.157112 	0.180510 	0.125173 	0.102618 	 0.016332 
0.157683 	0.183445 	0.127440 	0.103012 	 0.016365 
0.153852 	0.174880 	0.121836 	0.096635 	 0.015761 
0.151244 	0.180857 	0.125280 	0.104394 	 0.016489 
0.153837 	0.180213 	0.125250 	0.102197 	 0.016584 
0.150448 	0.183406 	0.127020 	0.106573 	 0.016666 
0.152827 	0.179774 	0.125289 	0.100805 	 0.016906 
0.141202 	0.176817 	0.123162 	0.097649 	 0.016822 
0.152260 	0.187232 	0.129889 	0.107173 	 0.017154 
0.143100 	0.188025 	0.130854 	0.102635 	 0.016555 
0.154031 	0.183837 	0.127749 	0.103215 	 0.016415 
0.148487 	0.180407 	0.125438 	0.103364 	 0.016277 
0.150781 	0.184379 	0.128341 	0.102610 	 0.016543 
0.145907 	0.186497 	0.129592 	0.105216 	 0.016868 
0.145036 	0.189324 	0.131360 	0.105808 	 0.016652 
0.137955 	0.193167 	0.134014 	0.110605 	 0.017462 
0.145457 	0.193362 	0.134413 	0.108197 	 0.017464 
0.177417 	0.171508 	0.120545 	0.090897 	 0.014936 
0.151319 	0.185325 	0.129093 	0.102643 	 0.016667 
0.152220 	0.187838 	0.130961 	0.103626 	 0.016735 
0.146060 	0.184582 	0.128513 	0.102678 	 0.016650 
0.140915 	0.192453 	0.134092 	0.106860 	 0.017378 
0.157255 	0.172045 	0.120748 	0.092117 	 0.015722 
0.141121 	0.187742 	0.131055 	0.102401 	 0.017249 
0.138279 	0.189020 	0.132117 	0.102586 	 0.017154 
0.141080 	0.190955 	0.133189 	0.103395 	 0.016985 
0.145072 	0.186332 	0.129819 	0.103512 	 0.016473 
0.151367 	0.179943 	0.126008 	0.098065 	 0.016220 
0.135406 	0.196340 	0.136363 	0.110370 	 0.017666 
0.141707 	0.180193 	0.126226 	0.098546 	 0.016839 
0.136115 	0.197079 	0.137546 	0.107939 	 0.017840 
0.145724 	0.183651 	0.128398 	0.100465 	 0.016727 
0.142774 	0.179501 	0.125030 	0.101172 	 0.016355 
0.129422 	0.188209 	0.131284 	0.102086 	 0.017234 
0.137507 	0.180788 	0.126827 	0.098193 	 0.017339 
0.141030 	0.184818 	0.129315 	0.098756 	 0.016859 
0.145812 	0.178292 	0.124597 	0.096871 	 0.015627 
0.149273 	0.176467 	0.124391 	0.092911 	 0.016197 
0.136206 	0.182820 	0.128354 	0.096521 	 0.016563 
0.138537 	0.177214 	0.124405 	0.096866 	 0.016950 
0.121977 	0.199539 	0.139079 	0.109723 	 0.018249 
0.142425 	0.184238 	0.129288 	0.099133 	 0.016617 
0.137689 	0.186423 	0.130826 	0.098769 	 0.017096 
0.131575 	0.199679 	0.139216 	0.110187 	 0.017077 
0.130836 	0.188652 	0.132356 	0.100821 	 0.017180 
0.131715 	0.195411 	0.136802 	0.104735 	 0.017502 
0.136701 	0.187886 	0.131902 	0.100474 	 0.016801 
0.143201 	0.179047 	0.126436 	0.091953 	 0.016455 
0.121766 	0.192503 	0.134656 	0.103186 	 0.017379 
0.129813 	0.189702 	0.133453 	0.099319 	 0.017166 
0.118305 	0.192069 	0.134496 	0.104532 	 0.017868 
0.138014 	0.176914 	0.125251 	0.090764 	 0.016804 
0.142638 	0.168021 	0.119442 	0.084577 	 0.015458 
0.135094 	0.188560 	0.132687 	0.100197 	 0.017428 
0.132849 	0.187302 	0.132208 	0.095984 	 0.017205 
0.128346 	0.190019 	0.133788 	0.101479 	 0.017547 
0.131284 	0.186053 	0.131087 	0.096779 	 0.016628 
0.131575 	0.192260 	0.135434 	0.100708 	 0.017254 
0.121619 	0.187262 	0.131858 	0.099813 	 0.017593 
0.121228 	0.196348 	0.137633 	0.105350 	 0.017946 
0.135813 	0.182306 	0.128776 	0.094690 	 0.016653 
0.132962 	0.193142 	0.136351 	0.099538 	 0.017214 
0.129796 	0.185295 	0.131102 	0.095105 	 0.017297 
0.135843 	0.188423 	0.132754 	0.099597 	 0.016699 
0.121166 	0.194033 	0.137112 	0.096667 	 0.017624 
0.121837 	0.195685 	0.137556 	0.104445 	 0.018118 
0.117647 	0.200927 	0.141428 	0.105767 	 0.018305 
0.129470 	0.176751 	0.125749 	0.087395 	 0.016550 
0.114732 	0.195545 	0.137902 	0.101400 	 0.017980 
0.123109 	0.190706 	0.134518 	0.099815 	 0.017063 
0.115883 	0.192050 	0.135673 	0.097383 	 0.017643 
0.111182 	0.202334 	0.142053 	0.107980 	 0.018755 
0.123174 	0.186822 	0.132254 	0.095143 	 0.017063 
0.126597 	0.186931 	0.132494 	0.095951 	 0.017494 
0.115692 	0.192814 	0.136409 	0.097226 	 0.017335 
0.109705 	0.191517 	0.135234 	0.099180 	 0.018061 
0.119714 	0.190052 	0.134243 	0.097054 	 0.016952 
0.111447 	0.205241 	0.144531 	0.106631 	 0.018563 
0.118164 	0.190396 	0.134649 	0.096069 	 0.016717 
0.110266 	0.195588 	0.137739 	0.102019 	 0.017886 
0.125056 	0.191794 	0.135606 	0.097360 	 0.017115 
0.116209 	0.194402 	0.137043 	0.099732 	 0.017270 
0.111657 	0.189648 	0.134340 	0.095534 	 0.017401 
0.117665 	0.192114 	0.135830 	0.100044 	 0.017712 
0.116670 	0.200258 	0.140715 	0.107649 	 0.017747 
0.121080 	0.185679 	0.132034 	0.093367 	 0.017208 
0.115615 	0.196139 	0.138506 	0.099277 	 0.017514 
0.126906 	0.178210 	0.126763 	0.091326 	 0.017543 
0.121798 	0.204262 	0.144359 	0.104823 	 0.017219 
0.109567 	0.205383 	0.144572 	0.107462 	 0.017798 
0.098314 	0.204571 	0.143883 	0.107241 	 0.018741 
0.108080 	0.194108 	0.137710 	0.099254 	 0.018256 
0.127412 	0.184064 	0.131468 	0.088741 	 0.016503 
0.101781 	0.200612 	0.141743 	0.104378 	 0.018277 
0.115232 	0.193827 	0.137948 	0.097524 	 0.018017 
0.100882 	0.199685 	0.141017 	0.103319 	 0.018278 
0.098802 	0.206039 	0.145410 	0.107679 	 0.018600 
0.117611 	0.196316 	0.139546 	0.097919 	 0.017648 
0.096837 	0.197382 	0.139840 	0.101360 	 0.018408 
0.102639 	0.197235 	0.139934 	0.099351 	 0.017850 
0.100759 	0.200096 	0.141560 	0.101920 	 0.017921 
0.106422 	0.198948 	0.141154 	0.100084 	 0.017912 
0.103418 	0.196257 	0.139713 	0.098024 	 0.018005 
0.099576 	0.198180 	0.140600 	0.099998 	 0.017981 
0.107990 	0.203752 	0.144600 	0.104080 	 0.018809 
0.103945 	0.211032 	0.149077 	0.111377 	 0.019177 
0.101316 	0.209966 	0.148873 	0.104548 	 0.018790 
0.108705 	0.199329 	0.141723 	0.100110 	 0.017643 
0.091842 	0.211816 	0.149737 	0.108955 	 0.018893 
0.109891 	0.195906 	0.139780 	0.096313 	 0.017496 
0.078355 	0.213188 	0.150660 	0.112479 	 0.020921 
0.093351 	0.212672 	0.150345 	0.108594 	 0.019159 
0.095640 	0.200668 	0.142602 	0.100358 	 0.018443 
0.113716 	0.188349 	0.134655 	0.093019 	 0.016919 
0.108298 	0.193337 	0.138139 	0.094446 	 0.017572 
0.084536 	0.203751 	0.144272 	0.104017 	 0.018875 
0.089913 	0.201166 	0.142502 	0.104910 	 0.019141 
0.096274 	0.206464 	0.146172 	0.107680 	 0.018858 
0.102631 	0.196311 	0.139861 	0.098376 	 0.018035 
0.098099 	0.207087 	0.147181 	0.101839 	 0.018491 
0.086264 	0.211797 	0.150307 	0.107148 	 0.019205 
0.089469 	0.206018 	0.146268 	0.106108 	 0.019568 
0.103481 	0.195198 	0.139613 	0.097323 	 0.018737 
0.100432 	0.193820 	0.138799 	0.094267 	 0.018594 
0.096236 	0.190850 	0.136557 	0.093730 	 0.017932 
0.087794 	0.210928 	0.149797 	0.105559 	 0.018842 
0.089868 	0.209418 	0.148941 	0.105912 	 0.019293 
0.083773 	0.201189 	0.143689 	0.099890 	 0.019231 
0.104662 	0.190022 	0.136561 	0.091737 	 0.017963 
0.096442 	0.198207 	0.142083 	0.095058 	 0.018307 
0.089031 	0.205753 	0.146487 	0.104494 	 0.019057 
0.101706 	0.196051 	0.140664 	0.094286 	 0.017750 
0.091400 	0.203388 	0.145489 	0.100019 	 0.019227 
0.076628 	0.224863 	0.158931 	0.116980 	 0.019730 
0.092026 	0.203266 	0.144787 	0.103831 	 0.019358 
0.088455 	0.195371 	0.139798 	0.096271 	 0.018577 
0.092723 	0.201929 	0.144312 	0.099051 	 0.018540 
0.098603 	0.205313 	0.146362 	0.104943 	 0.019365 
0.097467 	0.205025 	0.146434 	0.100507 	 0.018420 
0.091451 	0.207487 	0.148207 	0.104181 	 0.019260 
0.101165 	0.202827 	0.145702 	0.098422 	 0.019067 
0.071610 	0.223691 	0.158583 	0.113775 	 0.020166 
0.088250 	0.200195 	0.143690 	0.094856 	 0.018249 
0.098533 	0.198649 	0.143012 	0.094876 	 0.018590 
0.090182 	0.202196 	0.145086 	0.097869 	 0.018774 
0.099669 	0.192197 	0.138558 	0.092868 	 0.018277 
0.084499 	0.201002 	0.144701 	0.096071 	 0.019288 
0.088060 	0.207675 	0.148601 	0.103329 	 0.019956 
0.098168 	0.190979 	0.137709 	0.090893 	 0.018196 
0.076598 	0.216573 	0.154406 	0.109179 	 0.019831 
0.094591 	0.199679 	0.144002 	0.095489 	 0.018757 
0.089620 	0.201991 	0.145081 	0.097148 	 0.018535 
0.094990 	0.185085 	0.134212 	0.086231 	 0.018447 
0.091243 	0.200109 	0.143902 	0.096493 	 0.018481 
0.075531 	0.212988 	0.152217 	0.106883 	 0.019593 
0.106926 	0.185713 	0.135108 	0.083828 	 0.017087 
0.086128 	0.196188 	0.141544 	0.091608 	 0.017761 
0.091393 	0.197039 	0.142323 	0.092372 	 0.018261 
0.091172 	0.190364 	0.137545 	0.088872 	 0.017665 
0.090456 	0.197136 	0.142367 	0.091091 	 0.018100 
0.077764 	0.205338 	0.147771 	0.096356 	 0.018600 
0.091690 	0.195219 	0.141265 	0.089890 	 0.017875 
0.074937 	0.220946 	0.158311 	0.107073 	 0.019607 
0.075643 	0.218550 	0.156314 	0.106535 	 0.019288 
0.090061 	0.198858 	0.143584 	0.094191 	 0.018282 
0.070656 	0.216454 	0.155202 	0.106246 	 0.020256 
0.096471 	0.195166 	0.141443 	0.090764 	 0.017892 
0.089033 	0.190900 	0.138634 	0.087311 	 0.018131 
0.083556 	0.207217 	0.149291 	0.100873 	 0.019635 
0.072022 	0.220353 	0.158103 	0.107404 	 0.020147 
0.080353 	0.210866 	0.151879 	0.100445 	 0.019417 
0.066329 	0.210651 	0.150870 	0.104123 	 0.019525 
0.086342 	0.195104 	0.140797 	0.093596 	 0.018346 
0.062510 	0.212485 	0.153123 	0.101346 	 0.020696 
0.072142 	0.217128 	0.156275 	0.103445 	 0.020634 
0.080447 	0.207496 	0.149389 	0.100950 	 0.019269 
0.067275 	0.219122 	0.157282 	0.106503 	 0.020442 
0.077192 	0.207061 	0.149636 	0.097076 	 0.019605 
0.081514 	0.208387 	0.150338 	0.099751 	 0.019709 
0.082441 	0.199868 	0.145088 	0.091589 	 0.018618 
0.078521 	0.206051 	0.149012 	0.096984 	 0.019133 
0.080693 	0.206263 	0.149161 	0.097593 	 0.019461 
0.069510 	0.208576 	0.150251 	0.099986 	 0.019739 
0.091069 	0.196155 	0.142559 	0.090826 	 0.018759 
0.067907 	0.213681 	0.154151 	0.102627 	 0.020222 
0.065275 	0.218133 	0.157650 	0.101371 	 0.020729 
0.059102 	0.225922 	0.162173 	0.110716 	 0.020872 
0.073129 	0.211277 	0.152786 	0.099793 	 0.019782 
0.067866 	0.221403 	0.159751 	0.104939 	 0.020653 
0.070230 	0.215463 	0.155691 	0.101320 	 0.020462 
0.079258 	0.199495 	0.145070 	0.093167 	 0.019235 
0.066558 	0.214779 	0.154907 	0.103249 	 0.020521 
0.067448 	0.212784 	0.154030 	0.099104 	 0.019405 
0.083551 	0.200181 	0.145773 	0.091303 	 0.018918 
0.053952 	0.218348 	0.157043 	0.106697 	 0.020742 
0.053654 	0.218802 	0.157776 	0.104013 	 0.020912 
0.067804 	0.211449 	0.153544 	0.097875 	 0.020553 
0.074988 	0.216038 	0.156498 	0.100792 	 0.020079 
0.078336 	0.206564 	0.150401 	0.094282 	 0.019631 
0.067350 	0.207402 	0.150643 	0.093964 	 0.019087 
0.064146 	0.220692 	0.159439 	0.105203 	 0.020680 
0.070733 	0.209267 	0.151828 	0.099244 	 0.020434 
0.078146 	0.199650 	0.145998 	0.087247 	 0.018810 
0.073175 	0.205747 	0.149487 	0.095812 	 0.019305 
0.065634 	0.214229 	0.155502 	0.099020 	 0.020364 
0.068606 	0.213872 	0.155015 	0.100500 	 0.019996 
0.062177 	0.220570 	0.159516 	0.103161 	 0.020692 
0.056610 	0.224675 	0.162305 	0.107699 	 0.021379 
0.078289 	0.209491 	0.152805 	0.094637 	 0.019869 
0.070045 	0.207972 	0.151674 	0.094216 	 0.020267 
0.063340 	0.223755 	0.161819 	0.107113 	 0.020780 
0.050841 	0.222754 	0.161221 	0.105783 	 0.021556 
0.060622 	0.216023 	0.156653 	0.102767 	 0.020536 
0.074873 	0.207242 	0.151097 	0.095680 	 0.019660 
0.072091 	0.214401 	0.156304 	0.096895 	 0.019898 
0.066741 	0.216889 	0.157912 	0.099147 	 0.020466 
0.075946 	0.222430 	0.161604 	0.102533 	 0.019968 
0.052896 	0.236854 	0.170456 	0.115039 	 0.021603 
0.074758 	0.211524 	0.154387 	0.097423 	 0.020087 
0.065981 	0.218253 	0.158756 	0.101737 	 0.020588 
0.066305 	0.203182 	0.148762 	0.092010 	 0.020057 
0.050323 	0.226468 	0.163879 	0.107426 	 0.021366 
0.062551 	0.211119 	0.153845 	0.094350 	 0.019595 
0.072856 	0.201213 	0.147733 	0.088709 	 0.019820 
0.085402 	0.193233 	0.142701 	0.081850 	 0.018563 
0.076142 	0.201700 	0.148222 	0.088594 	 0.019045 
0.086885 	0.203955 	0.150076 	0.090966 	 0.019827 
0.063058 	0.224862 	0.163696 	0.103711 	 0.021292 
0.080786 	0.211992 	0.155071 	0.095828 	 0.019716 
0.063520 	0.225752 	0.163613 	0.107521 	 0.020828 
0.059780 	0.216835 	0.158289 	0.098026 	 0.021466 
0.060951 	0.218923 	0.159297 	0.100484 	 0.020435 
0.071436 	0.215945 	0.157538 	0.099717 	 0.020871 
0.068491 	0.221319 	0.161448 	0.102248 	 0.020702 
0.073935 	0.216541 	0.158016 	0.099264 	 0.020404 
0.062915 	0.218773 	0.159824 	0.101316 	 0.021558 
0.066752 	0.223839 	0.163036 	0.104071 	 0.020918 
0.079355 	0.210348 	0.154229 	0.095278 	 0.019674 
0.068143 	0.220927 	0.161294 	0.104870 	 0.021335 
0.076638 	0.213935 	0.156968 	0.096243 	 0.020041 
0.067706 	0.224512 	0.163536 	0.106180 	 0.020907 
0.062924 	0.218975 	0.160172 	0.100968 	 0.021203 
0.065308 	0.221248 	0.161508 	0.103277 	 0.020459 
0.072116 	0.217482 	0.159263 	0.100709 	 0.020700 
0.058978 	0.229508 	0.166986 	0.109588 	 0.022296 
0.077818 	0.213726 	0.156530 	0.101132 	 0.020879 
0.066960 	0.213727 	0.157155 	0.096843 	 0.021351 
0.073094 	0.208839 	0.153898 	0.092803 	 0.020868 
0.063670 	0.229757 	0.167405 	0.109283 	 0.021540 
0.406923 	0.008404 	0.006806 	-0.001105 	 0.002125 
0.407042 	0.008706 	0.006432 	0.005379 	 0.002704 
0.410893 	0.028458 	0.018780 	0.031436 	 0.004961 
0.405322 	0.032301 	0.020834 	0.035684 	 0.004384 
0.426705 	0.021242 	0.014813 	0.022077 	 0.003023 
0.394680 	0.046469 	0.030553 	0.042766 	 0.005234 
0.407814 	0.035948 	0.024100 	0.033705 	 0.004407 
0.426602 	0.016012 	0.010786 	0.021992 	 0.002817 
0.385208 	0.058168 	0.038334 	0.050968 	 0.006713 
0.396251 	0.043410 	0.028809 	0.038372 	 0.004947 
0.390423 	0.045516 	0.029831 	0.042439 	 0.004975 
0.393983 	0.040062 	0.026527 	0.036747 	 0.004206 
0.369937 	0.066192 	0.043449 	0.055763 	 0.007024 
0.387025 	0.032799 	0.021610 	0.034239 	 0.005770 
0.391936 	0.048814 	0.032403 	0.041205 	 0.004721 
0.388142 	0.047918 	0.031302 	0.043519 	 0.004719 
0.361294 	0.071041 	0.046690 	0.058968 	 0.007629 
0.387841 	0.047030 	0.030753 	0.043548 	 0.005442 
0.381375 	0.039806 	0.026396 	0.036764 	 0.005416 
0.383744 	0.048322 	0.031968 	0.044348 	 0.006102 
0.382492 	0.043220 	0.028498 	0.040403 	 0.005091 
0.368609 	0.048567 	0.032007 	0.042400 	 0.005597 
0.378620 	0.039686 	0.026175 	0.036840 	 0.004777 
0.371178 	0.053122 	0.035217 	0.045858 	 0.006007 
0.389710 	0.030309 	0.020215 	0.029198 	 0.003638 
0.366668 	0.050740 	0.033726 	0.044611 	 0.006852 
0.368994 	0.055703 	0.036320 	0.050016 	 0.006234 
0.379363 	0.048812 	0.032176 	0.042673 	 0.005283 
0.359090 	0.068397 	0.044743 	0.058696 	 0.007876 
0.365675 	0.051823 	0.033867 	0.048410 	 0.006628 
0.367995 	0.050353 	0.033394 	0.045601 	 0.006436 
0.364518 	0.055870 	0.037041 	0.050030 	 0.006998 
0.371095 	0.044441 	0.029555 	0.039642 	 0.005537 
0.358183 	0.054358 	0.035789 	0.047772 	 0.006383 
0.350785 	0.061907 	0.040574 	0.053826 	 0.007254 
0.343889 	0.075221 	0.049085 	0.064948 	 0.008636 
0.343848 	0.063209 	0.041646 	0.054025 	 0.007380 
0.344807 	0.070458 	0.046596 	0.058587 	 0.008058 
0.344743 	0.069519 	0.045549 	0.058815 	 0.007320 
0.349677 	0.064485 	0.043144 	0.051966 	 0.007063 
0.336879 	0.070392 	0.046517 	0.055920 	 0.007622 
0.339232 	0.070084 	0.046431 	0.059027 	 0.007697 
0.339643 	0.065030 	0.042583 	0.056023 	 0.007012 
0.327829 	0.067571 	0.044800 	0.056215 	 0.008469 
0.348831 	0.058515 	0.039038 	0.048027 	 0.006575 
0.333356 	0.072307 	0.048076 	0.057925 	 0.007754 
0.333686 	0.067564 	0.044981 	0.054964 	 0.008398 
0.333707 	0.074553 	0.049300 	0.059064 	 0.007215 
0.332776 	0.069012 	0.045748 	0.057070 	 0.008129 
0.322643 	0.080009 	0.052558 	0.065754 	 0.008680 
0.336199 	0.072687 	0.048825 	0.057144 	 0.008621 
0.320206 	0.080636 	0.053494 	0.062451 	 0.008965 
0.311304 	0.089346 	0.058972 	0.070742 	 0.009205 
0.316981 	0.077595 	0.051366 	0.060284 	 0.008883 
0.311947 	0.090803 	0.060334 	0.068766 	 0.009566 
0.324932 	0.066886 	0.044322 	0.055032 	 0.007761 
0.329518 	0.073982 	0.049269 	0.058270 	 0.007955 
0.332508 	0.068531 	0.045286 	0.058966 	 0.007738 
0.325861 	0.075355 	0.050289 	0.057801 	 0.007561 
0.307686 	0.086241 	0.057224 	0.066958 	 0.009434 
0.312864 	0.081646 	0.054182 	0.063801 	 0.009314 
0.306997 	0.081062 	0.053498 	0.063583 	 0.008737 
0.311375 	0.082361 	0.054404 	0.065712 	 0.009139 
0.303249 	0.080886 	0.052956 	0.065374 	 0.008184 
0.320329 	0.073729 	0.049382 	0.056465 	 0.007952 
0.303527 	0.087250 	0.057576 	0.066647 	 0.008434 
0.307739 	0.081974 	0.054432 	0.063343 	 0.008851 
0.300643 	0.101741 	0.067546 	0.076323 	 0.009879 
0.301040 	0.096865 	0.064105 	0.074508 	 0.009998 
0.303008 	0.085834 	0.057171 	0.065993 	 0.009696 
0.299013 	0.091773 	0.061033 	0.069263 	 0.009273 
0.296018 	0.092813 	0.061845 	0.069221 	 0.010071 
0.298377 	0.086351 	0.057592 	0.066783 	 0.009698 
0.305533 	0.079746 	0.052771 	0.062684 	 0.008692 
0.301905 	0.084478 	0.056652 	0.063225 	 0.009484 
0.298431 	0.090840 	0.060530 	0.068661 	 0.009797 
0.299775 	0.090077 	0.059717 	0.069483 	 0.009062 
0.282372 	0.101580 	0.067587 	0.075286 	 0.011315 
0.290027 	0.098764 	0.065697 	0.071807 	 0.009666 
0.288830 	0.104550 	0.069078 	0.077821 	 0.009905 
0.281636 	0.098086 	0.065126 	0.074055 	 0.010078 
0.287845 	0.092070 	0.061668 	0.065857 	 0.009565 
0.286620 	0.095525 	0.063673 	0.070590 	 0.009714 
0.297882 	0.085443 	0.057288 	0.062788 	 0.009320 
0.297283 	0.087912 	0.059060 	0.065389 	 0.009578 
0.290283 	0.092679 	0.061648 	0.069854 	 0.008950 
0.291506 	0.089855 	0.060405 	0.065828 	 0.009961 
0.288834 	0.096506 	0.064795 	0.067919 	 0.009876 
0.283686 	0.105382 	0.070322 	0.076393 	 0.010516 
0.284179 	0.100487 	0.066970 	0.074062 	 0.010275 
0.284721 	0.093176 	0.062493 	0.068757 	 0.010070 
0.282327 	0.106155 	0.070857 	0.076484 	 0.010202 
0.279361 	0.102811 	0.068567 	0.073561 	 0.010070 
0.284273 	0.096861 	0.064692 	0.069098 	 0.008981 
0.272821 	0.106717 	0.071221 	0.075882 	 0.010613 
0.286849 	0.083988 	0.056453 	0.060909 	 0.009229 
0.276119 	0.108604 	0.072777 	0.078558 	 0.010885 
0.274923 	0.098360 	0.065494 	0.071619 	 0.009725 
0.270469 	0.111116 	0.074126 	0.079368 	 0.010753 
0.285991 	0.093208 	0.062812 	0.066620 	 0.009459 
0.270595 	0.106361 	0.071270 	0.075150 	 0.010514 
0.274780 	0.102865 	0.068601 	0.074872 	 0.010129 
0.271183 	0.104919 	0.069865 	0.077463 	 0.010619 
0.280032 	0.091857 	0.061331 	0.068999 	 0.009617 
0.276454 	0.104013 	0.070252 	0.072351 	 0.010569 
0.269765 	0.101676 	0.068479 	0.070578 	 0.010660 
0.273877 	0.107274 	0.072007 	0.075974 	 0.010202 
0.258121 	0.116602 	0.077965 	0.082878 	 0.011515 
0.266353 	0.111529 	0.074538 	0.079418 	 0.010466 
0.262950 	0.104032 	0.069878 	0.072635 	 0.010539 
0.278888 	0.101347 	0.068049 	0.070662 	 0.009903 
0.269879 	0.102733 	0.068957 	0.074865 	 0.010811 
0.263497 	0.112124 	0.075350 	0.078549 	 0.011376 
0.273457 	0.097608 	0.065598 	0.067967 	 0.009353 
0.260319 	0.106486 	0.071990 	0.072094 	 0.010844 
0.256093 	0.110630 	0.074311 	0.077082 	 0.011124 
0.257399 	0.118587 	0.079820 	0.080180 	 0.011419 
0.238582 	0.127531 	0.085372 	0.087554 	 0.011822 
0.256803 	0.110904 	0.074666 	0.075381 	 0.010798 
0.259354 	0.101619 	0.068553 	0.069166 	 0.010755 
0.253418 	0.120253 	0.080516 	0.082570 	 0.011109 
0.263523 	0.105783 	0.071425 	0.072691 	 0.010196 
0.258029 	0.104234 	0.070334 	0.070411 	 0.009950 
0.247179 	0.120754 	0.081455 	0.077994 	 0.010773 
0.253521 	0.118171 	0.079438 	0.077535 	 0.010451 
0.269385 	0.102910 	0.070217 	0.064772 	 0.009292 
0.262879 	0.110502 	0.075353 	0.070125 	 0.010133 
0.260343 	0.105537 	0.070963 	0.073338 	 0.009987 
0.236356 	0.126122 	0.084572 	0.084536 	 0.011405 
0.263013 	0.118891 	0.080095 	0.079699 	 0.010077 
0.247715 	0.113421 	0.076991 	0.073080 	 0.011069 
0.255729 	0.117909 	0.080125 	0.075875 	 0.010645 
0.245874 	0.119395 	0.080638 	0.077340 	 0.010940 
0.226226 	0.132625 	0.089158 	0.087552 	 0.012108 
0.243720 	0.117854 	0.079273 	0.079541 	 0.010832 
0.237775 	0.127019 	0.085355 	0.083696 	 0.011098 
0.235814 	0.127444 	0.086099 	0.081005 	 0.011359 
0.247991 	0.121785 	0.082418 	0.080699 	 0.011190 
0.239499 	0.123485 	0.083335 	0.082433 	 0.011657 
0.246324 	0.120600 	0.082112 	0.075423 	 0.010763 
0.221282 	0.132180 	0.089171 	0.085978 	 0.012178 
0.230577 	0.132483 	0.089440 	0.085500 	 0.011901 
0.232828 	0.124020 	0.083679 	0.082859 	 0.011612 
0.232846 	0.121728 	0.082004 	0.079085 	 0.010884 
0.239658 	0.116341 	0.078896 	0.074364 	 0.010935 
0.226888 	0.135203 	0.091515 	0.085321 	 0.012006 
0.232547 	0.128705 	0.087586 	0.081010 	 0.012089 
0.226906 	0.137918 	0.093095 	0.088295 	 0.011825 
0.240950 	0.108332 	0.073933 	0.066160 	 0.009530 
0.235642 	0.118681 	0.080887 	0.075538 	 0.011433 
0.228003 	0.135412 	0.091533 	0.089106 	 0.012451 
0.218355 	0.131497 	0.089006 	0.083571 	 0.012189 
0.214179 	0.135891 	0.091543 	0.089226 	 0.012575 
0.233240 	0.132238 	0.089758 	0.082078 	 0.011296 
0.217467 	0.136714 	0.092500 	0.087686 	 0.012259 
0.224300 	0.122160 	0.083043 	0.075686 	 0.011042 
0.209263 	0.150132 	0.101366 	0.095568 	 0.013188 
0.211758 	0.139596 	0.094451 	0.086406 	 0.012094 
0.206441 	0.138921 	0.094267 	0.086344 	 0.012952 
0.211244 	0.146338 	0.099337 	0.091714 	 0.013025 
0.221318 	0.128156 	0.087715 	0.076368 	 0.011945 
0.203252 	0.142312 	0.096309 	0.088180 	 0.012647 
0.204713 	0.154953 	0.104966 	0.096215 	 0.013543 
0.218928 	0.134753 	0.091604 	0.083795 	 0.012286 
0.209282 	0.143850 	0.098027 	0.087656 	 0.013138 
0.203974 	0.139810 	0.094924 	0.086844 	 0.012650 
0.196940 	0.154404 	0.104618 	0.094784 	 0.013286 
0.208606 	0.135522 	0.092078 	0.086415 	 0.013014 
0.208489 	0.145115 	0.098727 	0.086810 	 0.012364 
0.199341 	0.148050 	0.100282 	0.092572 	 0.012756 
0.209481 	0.135197 	0.092104 	0.080284 	 0.011198 
0.200106 	0.146289 	0.099575 	0.089061 	 0.013162 
0.205196 	0.143993 	0.097848 	0.088679 	 0.012927 
0.185736 	0.165704 	0.111969 	0.103451 	 0.014032 
0.191954 	0.156525 	0.106117 	0.096743 	 0.013872 
0.193459 	0.143506 	0.097706 	0.084724 	 0.012273 
0.199416 	0.146673 	0.099861 	0.087466 	 0.012920 
0.191136 	0.151530 	0.102893 	0.094491 	 0.013836 
0.208910 	0.143143 	0.097984 	0.084754 	 0.012291 
0.192786 	0.147243 	0.100298 	0.089730 	 0.013589 
0.191409 	0.143967 	0.098085 	0.086452 	 0.012608 
0.186963 	0.153419 	0.104806 	0.089963 	 0.013584 
0.180915 	0.154726 	0.104807 	0.093716 	 0.013426 
0.199016 	0.140061 	0.096029 	0.082938 	 0.012631 
0.191225 	0.148787 	0.101369 	0.090277 	 0.012574 
0.188689 	0.149871 	0.102558 	0.086681 	 0.013112 
0.188239 	0.152738 	0.104028 	0.092132 	 0.013114 
0.184502 	0.149051 	0.101786 	0.087835 	 0.013439 
0.180308 	0.167623 	0.114001 	0.100603 	 0.014071 
0.186268 	0.153628 	0.104685 	0.091373 	 0.012949 
0.171935 	0.170226 	0.115669 	0.103377 	 0.015297 
0.182563 	0.157734 	0.107604 	0.093182 	 0.013190 
0.176765 	0.167897 	0.114488 	0.098922 	 0.014469 
0.188348 	0.147937 	0.101173 	0.085956 	 0.012113 
0.184842 	0.153458 	0.105060 	0.087987 	 0.012568 
0.174532 	0.170278 	0.115972 	0.103494 	 0.014905 
0.178445 	0.160368 	0.109426 	0.094004 	 0.013439 
0.178235 	0.152548 	0.104179 	0.089556 	 0.012930 
0.162468 	0.161451 	0.110426 	0.095567 	 0.014838 
0.173835 	0.161335 	0.110584 	0.092549 	 0.013599 
0.158996 	0.173717 	0.117746 	0.105522 	 0.014621 
0.167478 	0.166831 	0.114198 	0.095684 	 0.013773 
0.163347 	0.166277 	0.113540 	0.098451 	 0.014528 
0.187626 	0.153558 	0.105649 	0.085387 	 0.012261 
0.177887 	0.154274 	0.105978 	0.087807 	 0.012819 
0.168734 	0.157854 	0.108374 	0.090138 	 0.013590 
0.165721 	0.162951 	0.111324 	0.094858 	 0.013939 
0.170148 	0.165493 	0.113333 	0.095776 	 0.013857 
0.164427 	0.167364 	0.114687 	0.096108 	 0.014039 
0.171338 	0.161531 	0.110670 	0.094455 	 0.013519 
0.171281 	0.171341 	0.116842 	0.100402 	 0.014024 
0.172433 	0.155837 	0.107522 	0.086920 	 0.013744 
0.161861 	0.171883 	0.117796 	0.098890 	 0.014835 
0.162275 	0.155322 	0.106656 	0.087044 	 0.013008 
0.161868 	0.172660 	0.118398 	0.098416 	 0.013895 
0.165542 	0.163882 	0.112017 	0.095290 	 0.013590 
0.155575 	0.166592 	0.113806 	0.095347 	 0.013595 
0.160634 	0.168183 	0.115248 	0.098265 	 0.014515 
0.154960 	0.170169 	0.116458 	0.098811 	 0.014567 
0.151405 	0.172665 	0.118568 	0.097229 	 0.014549 
0.147881 	0.174903 	0.119589 	0.101599 	 0.014839 
0.167252 	0.169146 	0.116472 	0.094780 	 0.014066 
0.170875 	0.159023 	0.109496 	0.090816 	 0.013229 
0.157342 	0.176296 	0.121043 	0.099274 	 0.014087 
0.146845 	0.179431 	0.122829 	0.102101 	 0.014928 
0.141221 	0.186489 	0.127661 	0.109122 	 0.015982 
0.148376 	0.181391 	0.124311 	0.101566 	 0.014976 
0.147644 	0.175937 	0.120829 	0.099132 	 0.014599 
0.149090 	0.174758 	0.119549 	0.099158 	 0.014201 
0.141545 	0.181532 	0.124605 	0.101329 	 0.014592 
0.149138 	0.180034 	0.123464 	0.102170 	 0.014484 
0.143081 	0.177345 	0.121680 	0.100921 	 0.014792 
0.159514 	0.160183 	0.110808 	0.085912 	 0.013654 
0.147071 	0.179013 	0.122853 	0.101718 	 0.014848 
0.158846 	0.164193 	0.113434 	0.086658 	 0.012844 
0.147866 	0.170993 	0.118027 	0.094030 	 0.014220 
0.142900 	0.175480 	0.120686 	0.096616 	 0.014599 
0.149275 	0.170820 	0.117936 	0.090889 	 0.013791 
0.152608 	0.178050 	0.122927 	0.097996 	 0.014404 
0.153997 	0.171014 	0.117835 	0.093545 	 0.013862 
0.147406 	0.179808 	0.123668 	0.099303 	 0.014649 
0.141788 	0.187538 	0.128777 	0.106676 	 0.015278 
0.150301 	0.168631 	0.116595 	0.092424 	 0.013881 
0.148954 	0.172554 	0.119736 	0.092260 	 0.014635 
0.144884 	0.179794 	0.123859 	0.101561 	 0.014561 
0.139561 	0.182803 	0.126032 	0.102146 	 0.015138 
0.127624 	0.195360 	0.133941 	0.108477 	 0.015429 
0.144420 	0.171016 	0.118663 	0.093144 	 0.014471 
0.150802 	0.170024 	0.117978 	0.090448 	 0.013789 
0.133793 	0.188419 	0.129579 	0.103528 	 0.014848 
0.127359 	0.179710 	0.124190 	0.097325 	 0.014931 
0.148016 	0.174641 	0.121149 	0.090431 	 0.013670 
0.133818 	0.176814 	0.122253 	0.093777 	 0.014183 
0.133454 	0.173238 	0.120205 	0.090397 	 0.014297 
0.133027 	0.180249 	0.124703 	0.096318 	 0.014787 
0.147233 	0.178146 	0.123013 	0.097939 	 0.014044 
0.123222 	0.198563 	0.136753 	0.106479 	 0.015613 
0.147089 	0.177269 	0.122722 	0.093969 	 0.013536 
0.137993 	0.180565 	0.124914 	0.096081 	 0.014097 
0.131596 	0.179360 	0.124754 	0.093364 	 0.014914 
0.128232 	0.182197 	0.126099 	0.096591 	 0.014646 
0.147789 	0.159353 	0.111443 	0.080705 	 0.013318 
0.123975 	0.180460 	0.124216 	0.099549 	 0.014653 
0.124966 	0.189232 	0.130999 	0.098709 	 0.014837 
0.127341 	0.188919 	0.130718 	0.101427 	 0.015277 
0.128540 	0.189843 	0.131120 	0.104175 	 0.014942 
0.132006 	0.178411 	0.123854 	0.093769 	 0.013950 
0.125808 	0.190206 	0.131817 	0.101168 	 0.015282 
0.126742 	0.196677 	0.136077 	0.105012 	 0.015338 
0.130186 	0.171006 	0.119242 	0.088970 	 0.014053 
0.123345 	0.189436 	0.131576 	0.098160 	 0.015061 
0.126750 	0.180614 	0.125659 	0.093419 	 0.014478 
0.128278 	0.186075 	0.129559 	0.096005 	 0.015059 
0.137908 	0.181110 	0.126034 	0.095033 	 0.014734 
0.121227 	0.188172 	0.130355 	0.099964 	 0.015527 
0.102318 	0.195896 	0.135615 	0.102888 	 0.016102 
0.116540 	0.198292 	0.137491 	0.103485 	 0.015583 
0.120739 	0.187614 	0.130620 	0.095685 	 0.014950 
0.113764 	0.203706 	0.141249 	0.107028 	 0.015957 
0.110171 	0.195137 	0.134970 	0.103654 	 0.015687 
0.128040 	0.185905 	0.129342 	0.096563 	 0.014453 
0.127141 	0.191655 	0.133352 	0.100284 	 0.015175 
0.133497 	0.173471 	0.121407 	0.087357 	 0.014162 
0.122762 	0.192058 	0.133201 	0.100096 	 0.014561 
0.104226 	0.200586 	0.139492 	0.103795 	 0.015898 
0.110319 	0.195973 	0.136240 	0.100527 	 0.015411 
0.118686 	0.189876 	0.132606 	0.096269 	 0.014995 
0.122569 	0.191756 	0.133947 	0.097528 	 0.014766 
0.121512 	0.192090 	0.133866 	0.100872 	 0.014880 
0.119695 	0.188637 	0.131269 	0.099713 	 0.015144 
0.111835 	0.184588 	0.128953 	0.093262 	 0.014957 
0.120571 	0.184172 	0.128856 	0.090554 	 0.014413 
0.104463 	0.184481 	0.128551 	0.095450 	 0.014876 
0.122095 	0.189587 	0.132499 	0.097297 	 0.014563 
0.117438 	0.191473 	0.133634 	0.095993 	 0.014680 
0.101332 	0.206912 	0.143614 	0.110619 	 0.016489 
0.102783 	0.193805 	0.135231 	0.098208 	 0.015996 
0.099032 	0.202505 	0.141317 	0.104344 	 0.016781 
0.103181 	0.201043 	0.139893 	0.104088 	 0.016009 
0.113913 	0.192221 	0.134410 	0.096824 	 0.015122 
0.106991 	0.198884 	0.138482 	0.103524 	 0.015765 
0.117518 	0.184109 	0.129195 	0.089744 	 0.014367 
0.119747 	0.177749 	0.124727 	0.086908 	 0.013221 
0.103606 	0.203636 	0.142096 	0.103413 	 0.015939 
0.104963 	0.198019 	0.138275 	0.100346 	 0.015675 
0.110093 	0.189481 	0.133024 	0.093321 	 0.014961 
0.107068 	0.193351 	0.135273 	0.096489 	 0.015157 
0.103919 	0.202327 	0.141257 	0.104029 	 0.016111 
0.116812 	0.179644 	0.126509 	0.086399 	 0.014188 
0.113441 	0.192311 	0.134836 	0.094917 	 0.014838 
0.098286 	0.202469 	0.141060 	0.102849 	 0.015611 
0.103119 	0.197696 	0.138520 	0.098005 	 0.015483 
0.116415 	0.183565 	0.128944 	0.090717 	 0.014382 
0.095190 	0.187538 	0.132285 	0.088736 	 0.015314 
0.101409 	0.201306 	0.140536 	0.104349 	 0.015887 
0.093232 	0.205126 	0.143108 	0.104263 	 0.015923 
0.090959 	0.205633 	0.143641 	0.106013 	 0.016240 
0.107436 	0.184644 	0.130089 	0.089334 	 0.014299 
0.111514 	0.180328 	0.127343 	0.086508 	 0.014689 
0.098217 	0.201448 	0.140962 	0.100232 	 0.014943 
0.099498 	0.191124 	0.134549 	0.091922 	 0.015155 
0.101364 	0.189766 	0.133630 	0.091019 	 0.014465 
0.097858 	0.205424 	0.143589 	0.104539 	 0.016224 
0.101795 	0.198281 	0.139207 	0.098370 	 0.016017 
0.096431 	0.193274 	0.136174 	0.091231 	 0.014989 
0.100930 	0.199001 	0.139899 	0.099993 	 0.016070 
0.095861 	0.196770 	0.138271 	0.095843 	 0.015380 
0.084832 	0.209085 	0.146256 	0.105555 	 0.016833 
0.099756 	0.201864 	0.142218 	0.097979 	 0.016367 
0.095123 	0.197773 	0.139220 	0.096268 	 0.016208 
0.099947 	0.203611 	0.143283 	0.097311 	 0.015316 
0.093437 	0.195710 	0.137875 	0.094305 	 0.015431 
0.098758 	0.198887 	0.139764 	0.097870 	 0.015229 
0.107957 	0.185306 	0.131440 	0.086326 	 0.014555 
0.100358 	0.191710 	0.135358 	0.092357 	 0.015238 
0.093705 	0.202542 	0.142686 	0.098282 	 0.015770 
0.100062 	0.189899 	0.134126 	0.090807 	 0.015103 
0.092923 	0.198556 	0.140249 	0.094780 	 0.015453 
0.091921 	0.202956 	0.142540 	0.100005 	 0.015554 
0.101119 	0.184263 	0.130967 	0.087241 	 0.015655 
0.091543 	0.202470 	0.142838 	0.097414 	 0.016026 
0.109929 	0.187061 	0.132631 	0.088046 	 0.014002 
0.089258 	0.195467 	0.138258 	0.092633 	 0.015573 
0.089845 	0.188547 	0.133700 	0.088300 	 0.015238 
0.093257 	0.189705 	0.134488 	0.088484 	 0.015281 
0.099306 	0.193162 	0.136880 	0.089698 	 0.015074 
0.085738 	0.201984 	0.142583 	0.096191 	 0.015536 
0.112199 	0.187741 	0.133292 	0.087967 	 0.014045 
0.084839 	0.205322 	0.144939 	0.096780 	 0.015742 
0.094653 	0.192812 	0.136649 	0.090225 	 0.015321 
0.099275 	0.190195 	0.135671 	0.084535 	 0.015069 
0.088137 	0.200057 	0.141966 	0.091959 	 0.015580 
0.071634 	0.216390 	0.152057 	0.106704 	 0.016987 
0.087262 	0.204068 	0.144135 	0.096973 	 0.015494 
0.097718 	0.197500 	0.140064 	0.090257 	 0.014841 
0.078941 	0.204435 	0.144694 	0.095880 	 0.015859 
0.097219 	0.199030 	0.141288 	0.092740 	 0.015634 
0.081374 	0.202320 	0.142975 	0.096610 	 0.016138 
0.085399 	0.213020 	0.150274 	0.102165 	 0.016117 
0.079063 	0.209826 	0.148000 	0.101541 	 0.016271 
0.084692 	0.205688 	0.145505 	0.098282 	 0.015740 
0.095769 	0.198331 	0.140732 	0.093339 	 0.014751 
0.087069 	0.199461 	0.141770 	0.091754 	 0.015532 
0.092951 	0.196788 	0.140941 	0.087970 	 0.015933 
0.084457 	0.198979 	0.141396 	0.093902 	 0.016305 
0.076937 	0.213253 	0.150478 	0.104683 	 0.016512 
0.077099 	0.207697 	0.146994 	0.098529 	 0.015969 
0.082022 	0.209735 	0.148644 	0.098943 	 0.016008 
0.084942 	0.204462 	0.145676 	0.091830 	 0.015710 
0.082870 	0.209313 	0.148328 	0.097571 	 0.015838 
0.086989 	0.201193 	0.143322 	0.090437 	 0.014873 
0.094187 	0.189786 	0.135669 	0.085176 	 0.014409 
0.087043 	0.205238 	0.145988 	0.093360 	 0.015511 
0.083484 	0.208123 	0.147867 	0.096884 	 0.015614 
0.076809 	0.206314 	0.146370 	0.096824 	 0.015635 
0.091619 	0.199417 	0.142375 	0.090966 	 0.015339 
0.096121 	0.192179 	0.137687 	0.086594 	 0.015196 
0.081980 	0.198939 	0.142325 	0.085144 	 0.015194 
0.070760 	0.210988 	0.150418 	0.096322 	 0.016899 
0.077610 	0.204809 	0.145772 	0.093457 	 0.015601 
0.079486 	0.212255 	0.150393 	0.100826 	 0.015348 
0.083946 	0.199497 	0.142582 	0.088677 	 0.014878 
0.061496 	0.215131 	0.152286 	0.100599 	 0.016343 
0.083067 	0.204768 	0.146163 	0.093320 	 0.015650 
0.081207 	0.195703 	0.140016 	0.090136 	 0.015217 
0.073647 	0.214018 	0.152061 	0.100304 	 0.016883 
0.068301 	0.222392 	0.157712 	0.104240 	 0.017101 
0.088334 	0.202736 	0.145014 	0.092329 	 0.015959 
0.081951 	0.201304 	0.143781 	0.090234 	 0.015193 
0.063251 	0.221109 	0.156824 	0.105025 	 0.017130 
0.087273 	0.199867 	0.143359 	0.086764 	 0.014501 
0.082717 	0.200759 	0.143715 	0.090617 	 0.015564 
0.067722 	0.225314 	0.159403 	0.108158 	 0.016726 
0.078382 	0.210785 	0.150259 	0.096226 	 0.015296 
0.071746 	0.208288 	0.148906 	0.092596 	 0.015862 
0.069385 	0.206762 	0.147814 	0.094399 	 0.016032 
0.064307 	0.221886 	0.158056 	0.104716 	 0.017514 
0.065204 	0.219658 	0.156388 	0.101084 	 0.016466 
0.074276 	0.210758 	0.150958 	0.093144 	 0.015880 
0.080422 	0.204810 	0.146782 	0.090876 	 0.015403 
0.063955 	0.221161 	0.157274 	0.105170 	 0.017678 
0.078653 	0.202456 	0.145751 	0.087075 	 0.015991 
0.062134 	0.225006 	0.160075 	0.104103 	 0.017167 
0.064848 	0.212604 	0.152441 	0.094024 	 0.017226 
0.076613 	0.206276 	0.147945 	0.092882 	 0.015971 
0.065863 	0.213069 	0.152001 	0.097582 	 0.016575 
0.067757 	0.218115 	0.155539 	0.098702 	 0.016122 
0.087457 	0.198000 	0.142881 	0.086647 	 0.015591 
0.072751 	0.212173 	0.152505 	0.092362 	 0.016371 
0.078740 	0.196089 	0.141043 	0.083385 	 0.013897 
0.065704 	0.216498 	0.154718 	0.099559 	 0.017072 
0.060561 	0.213906 	0.153303 	0.096321 	 0.016391 
0.070811 	0.204058 	0.146807 	0.088919 	 0.015379 
0.082707 	0.194436 	0.140364 	0.083743 	 0.014889 
0.059112 	0.220786 	0.157896 	0.099848 	 0.016802 
0.082519 	0.202589 	0.146083 	0.088092 	 0.015241 
0.072913 	0.206367 	0.148739 	0.088486 	 0.016094 
0.074337 	0.210108 	0.151302 	0.091641 	 0.015904 
0.068360 	0.199937 	0.145192 	0.081737 	 0.016643 
0.063231 	0.217268 	0.155867 	0.096006 	 0.016117 
0.084333 	0.200572 	0.145152 	0.083813 	 0.015291 
0.068556 	0.215721 	0.154753 	0.095819 	 0.015520 
0.070724 	0.197566 	0.143164 	0.082275 	 0.014946 
0.070253 	0.216267 	0.155273 	0.094054 	 0.015634 
0.067692 	0.213740 	0.153942 	0.092998 	 0.016427 
0.066356 	0.220707 	0.158259 	0.100065 	 0.016702 
0.082483 	0.196844 	0.143015 	0.079620 	 0.014465 
0.074064 	0.203564 	0.147606 	0.085241 	 0.015625 
0.068958 	0.200550 	0.145192 	0.084806 	 0.015279 
0.054305 	0.214370 	0.154146 	0.093637 	 0.016185 
0.058196 	0.213827 	0.153528 	0.095778 	 0.016225 
0.065120 	0.204466 	0.147890 	0.087439 	 0.015723 
0.064786 	0.204453 	0.147730 	0.088772 	 0.015043 
0.067434 	0.205025 	0.148558 	0.085611 	 0.015813 
0.071404 	0.202279 	0.146743 	0.084783 	 0.015239 
0.078432 	0.203150 	0.147666 	0.084203 	 0.015845 
0.082234 	0.207427 	0.150279 	0.087630 	 0.015478 
0.072283 	0.201998 	0.146220 	0.086813 	 0.015089 
0.074431 	0.200523 	0.146262 	0.079685 	 0.015318 
0.066759 	0.217389 	0.157125 	0.091070 	 0.015848 
0.061667 	0.210255 	0.152140 	0.088606 	 0.015642 
0.080514 	0.197113 	0.143872 	0.081404 	 0.015598 
0.055847 	0.217704 	0.157273 	0.093168 	 0.016432 
0.073198 	0.207370 	0.150275 	0.087308 	 0.015200 
0.074780 	0.206728 	0.149974 	0.086487 	 0.014800 
0.076220 	0.205032 	0.149210 	0.085620 	 0.016018 
0.063283 	0.218844 	0.158066 	0.094865 	 0.016348 
0.074956 	0.201595 	0.146957 	0.082449 	 0.015610 
0.078844 	0.197739 	0.144283 	0.082029 	 0.015684 
0.075350 	0.205844 	0.149864 	0.085904 	 0.016076 
0.062585 	0.217229 	0.157060 	0.094197 	 0.015969 
0.076418 	0.195384 	0.143159 	0.077131 	 0.014962 
0.067088 	0.208540 	0.152131 	0.084045 	 0.016244 
0.055403 	0.207541 	0.151276 	0.083964 	 0.016471 
0.084736 	0.194227 	0.142474 	0.076329 	 0.014276 
0.065880 	0.206359 	0.150075 	0.087614 	 0.015578 
0.061464 	0.224837 	0.162676 	0.096445 	 0.016640 
0.063941 	0.210094 	0.152617 	0.089227 	 0.015718 
0.062282 	0.207452 	0.151080 	0.085373 	 0.015354 
0.072894 	0.204170 	0.149177 	0.083813 	 0.015509 
0.053415 	0.217888 	0.158282 	0.093053 	 0.017384 
0.053959 	0.210996 	0.153725 	0.088430 	 0.016817 
0.071305 	0.208036 	0.152417 	0.082684 	 0.016132 
0.054253 	0.233646 	0.168032 	0.106654 	 0.017664 
0.061236 	0.202343 	0.148003 	0.083556 	 0.015984 
0.081952 	0.201252 	0.147911 	0.078969 	 0.015270 
0.070414 	0.202136 	0.148219 	0.081450 	 0.015946 
0.067820 	0.216988 	0.157830 	0.091210 	 0.015717 
0.085112 	0.197836 	0.145535 	0.076669 	 0.014504 
0.052880 	0.226171 	0.164133 	0.096070 	 0.017106 
0.079048 	0.206000 	0.151323 	0.079978 	 0.014890 
0.060774 	0.216365 	0.157485 	0.092459 	 0.017029 
0.078896 	0.210384 	0.153795 	0.087050 	 0.015526 
0.057090 	0.214703 	0.157256 	0.085594 	 0.016694 
0.057798 	0.213565 	0.156135 	0.087224 	 0.016667 
0.063701 	0.217741 	0.158737 	0.092553 	 0.016515 
0.061248 	0.213497 	0.155860 	0.090435 	 0.016547 
0.058761 	0.208624 	0.152626 	0.086819 	 0.016268 
0.055687 	0.210745 	0.154239 	0.088095 	 0.016696 
0.065591 	0.216786 	0.158390 	0.088728 	 0.016291 
0.079326 	0.198114 	0.146786 	0.073301 	 0.015270 
0.076810 	0.213473 	0.156436 	0.087524 	 0.015686 
0.071805 	0.212249 	0.155478 	0.087137 	 0.015928 
0.079318 	0.200140 	0.147692 	0.078048 	 0.015055 
0.081755 	0.190417 	0.141794 	0.069631 	 0.014976 
0.075037 	0.204365 	0.150692 	0.079883 	 0.015728 
0.079499 	0.193203 	0.143606 	0.072006 	 0.015312 
0.089232 	0.193466 	0.143668 	0.073748 	 0.014380 
0.077846 	0.209388 	0.153948 	0.085963 	 0.016397 
0.084919 	0.188513 	0.140246 	0.072388 	 0.014917 
0.083006 	0.201889 	0.149536 	0.077579 	 0.015341 
0.074496 	0.210240 	0.154751 	0.083835 	 0.015891 
0.071179 	0.205105 	0.151820 	0.079959 	 0.016338 
0.076585 	0.207009 	0.152734 	0.083780 	 0.016630 
0.093340 	0.196329 	0.146252 	0.073698 	 0.014769 
0.072652 	0.205662 	0.151667 	0.081649 	 0.016030 
0.080732 	0.196330 	0.146201 	0.073728 	 0.015727 
0.080847 	0.193112 	0.143867 	0.072317 	 0.015324 
0.089155 	0.199833 	0.148578 	0.073758 	 0.014062 
0.096228 	0.198053 	0.147169 	0.075394 	 0.014374 
0.086383 	0.188686 	0.140879 	0.069100 	 0.013907 
0.079530 	0.199411 	0.147958 	0.077485 	 0.015832 
0.070686 	0.212068 	0.156678 	0.084603 	 0.016537 
0.075736 	0.202567 	0.150836 	0.075422 	 0.015242 
0.082520 	0.207689 	0.153872 	0.081796 	 0.015764 
0.085190 	0.194736 	0.145412 	0.071866 	 0.014568 
0.097872 	0.188244 	0.141651 	0.064868 	 0.013929 
0.093780 	0.194767 	0.145495 	0.070966 	 0.014419 
0.089576 	0.197185 	0.147522 	0.073041 	 0.015266 
0.100270 	0.179217 	0.135553 	0.061135 	 0.013867 
0.087191 	0.201594 	0.150238 	0.077131 	 0.014255 
0.073424 	0.214196 	0.158546 	0.084381 	 0.016456 
0.105062 	0.187496 	0.141002 	0.067042 	 0.013515 
0.085275 	0.198450 	0.148396 	0.075433 	 0.015835 
0.076084 	0.202938 	0.151647 	0.075498 	 0.015716 
0.094452 	0.189090 	0.142329 	0.067919 	 0.014549 
0.087810 	0.199403 	0.149464 	0.073771 	 0.015673 
0.083793 	0.199946 	0.149432 	0.075760 	 0.015352 
0.088402 	0.204591 	0.152300 	0.081013 	 0.015576 
0.086348 	0.192962 	0.144941 	0.071173 	 0.015210 
0.096501 	0.181004 	0.137160 	0.062586 	 0.014218 
0.088679 	0.202438 	0.151753 	0.074516 	 0.015657 
0.077524 	0.204415 	0.152599 	0.076730 	 0.015388 
0.098385 	0.188990 	0.143019 	0.067049 	 0.014311 
0.100236 	0.186826 	0.141362 	0.068341 	 0.014876 
0.089558 	0.205155 	0.153417 	0.077514 	 0.015358 
0.086620 	0.203988 	0.152484 	0.076322 	 0.015190 
0.099000 	0.187178 	0.142044 	0.063308 	 0.014107 
0.087400 	0.197889 	0.149064 	0.071270 	 0.015510 
0.092436 	0.199451 	0.149815 	0.072248 	 0.014967 
0.102105 	0.184034 	0.140052 	0.062467 	 0.014725 
0.100368 	0.182455 	0.138909 	0.062337 	 0.014651 
0.105972 	0.184297 	0.140617 	0.058849 	 0.013923 
0.089110 	0.199641 	0.150103 	0.072947 	 0.015155 
0.110776 	0.172434 	0.132754 	0.053481 	 0.013674 
0.092746 	0.197628 	0.148437 	0.075418 	 0.015381 
0.108300 	0.187949 	0.142755 	0.063503 	 0.013504 
0.087259 	0.209004 	0.156012 	0.082132 	 0.015698 
0.096935 	0.192271 	0.145507 	0.066401 	 0.014166 
0.100297 	0.194554 	0.147294 	0.070133 	 0.014467 
0.096098 	0.192524 	0.145434 	0.068588 	 0.014105 
0.106508 	0.186883 	0.142172 	0.064239 	 0.013548 
0.105612 	0.190936 	0.144802 	0.065376 	 0.013755 
0.102037 	0.185248 	0.141086 	0.064223 	 0.013935 
0.109369 	0.188597 	0.144021 	0.062778 	 0.013930 
0.109864 	0.176956 	0.136566 	0.054253 	 0.013808 
0.089462 	0.204511 	0.153254 	0.077907 	 0.014809 
0.104693 	0.194913 	0.147639 	0.072502 	 0.015622 
0.073252 	0.215573 	0.161459 	0.082193 	 0.016347 
0.100798 	0.182971 	0.140298 	0.059956 	 0.014236 
0.105818 	0.181164 	0.139427 	0.058126 	 0.014228 
0.098011 	0.190757 	0.145535 	0.065930 	 0.015207 
0.097795 	0.193813 	0.147661 	0.065828 	 0.014912 
0.075632 	0.219311 	0.163902 	0.085383 	 0.016984 
0.086283 	0.200805 	0.152178 	0.072946 	 0.016264 
0.087548 	0.192965 	0.147066 	0.064768 	 0.015257 
0.095228 	0.196688 	0.149800 	0.066843 	 0.015486 
0.094191 	0.197617 	0.150390 	0.068715 	 0.015272 
0.090686 	0.194424 	0.148235 	0.067252 	 0.014844 
0.083996 	0.198025 	0.150685 	0.067612 	 0.015215 
0.077274 	0.202335 	0.153469 	0.070614 	 0.015676 
0.104229 	0.181627 	0.139737 	0.059273 	 0.013695 
0.100864 	0.184114 	0.141213 	0.060475 	 0.013242 
0.100300 	0.186541 	0.143089 	0.060675 	 0.013772 
0.084014 	0.191406 	0.146419 	0.063965 	 0.015307 
0.101492 	0.184268 	0.141943 	0.060332 	 0.013691 
0.088734 	0.187474 	0.143580 	0.064975 	 0.015557 
0.093449 	0.196109 	0.149016 	0.070902 	 0.014735 
0.083037 	0.196321 	0.150130 	0.067870 	 0.015606 
0.095934 	0.192404 	0.147591 	0.064305 	 0.015257 
0.091072 	0.182796 	0.141202 	0.060227 	 0.014935 
0.083669 	0.195947 	0.149447 	0.069626 	 0.015646 
0.082824 	0.190230 	0.146110 	0.062152 	 0.015011 
0.084322 	0.196885 	0.150458 	0.069784 	 0.016141 
0.089461 	0.195276 	0.149672 	0.068164 	 0.015615 
0.091998 	0.187761 	0.144678 	0.058971 	 0.014731 
0.114301 	0.175807 	0.137040 	0.055310 	 0.013357 
0.089464 	0.202335 	0.154066 	0.070020 	 0.015017 
0.089660 	0.177063 	0.137575 	0.053872 	 0.014297 
0.108048 	0.180199 	0.140400 	0.054669 	 0.014305 
0.097364 	0.178628 	0.139128 	0.053775 	 0.014106 
0.091472 	0.193680 	0.148803 	0.063625 	 0.014761 
0.092159 	0.193886 	0.149335 	0.063461 	 0.015732 
0.104817 	0.180685 	0.140317 	0.058223 	 0.014088 
0.092758 	0.181836 	0.140950 	0.060729 	 0.014909 
0.089312 	0.198507 	0.152405 	0.065696 	 0.015344 
0.103919 	0.177317 	0.138537 	0.055190 	 0.014330 
0.099716 	0.176685 	0.137933 	0.054539 	 0.014107 
0.095334 	0.190864 	0.147269 	0.062653 	 0.014703 
0.088922 	0.197036 	0.151403 	0.067569 	 0.015769 
0.097594 	0.184328 	0.143554 	0.055132 	 0.014684 
0.089109 	0.176879 	0.137974 	0.054181 	 0.014267 
0.110245 	0.174623 	0.137229 	0.051699 	 0.013499 
0.078563 	0.196422 	0.151282 	0.067027 	 0.016089 
0.097550 	0.183666 	0.142887 	0.058228 	 0.013706 
0.094330 	0.181728 	0.141827 	0.056377 	 0.014970 
0.087376 	0.186721 	0.145316 	0.058568 	 0.015696 
0.094224 	0.189595 	0.147547 	0.059641 	 0.015296 
0.102025 	0.172503 	0.135707 	0.053441 	 0.014253 
0.070829 	0.208397 	0.159241 	0.074298 	 0.016241 
