di 	gli 	gal 	gos3 	 gos4 
0.460069 	-0.002747 	0.000326 	-0.001639 	 0.002618 
0.455973 	-0.001899 	0.000604 	-0.002493 	 0.002461 
0.404686 	0.029975 	0.020532 	0.028640 	 0.005605 
0.415317 	0.024768 	0.016922 	0.027463 	 0.005470 
0.421121 	0.021005 	0.014735 	0.023498 	 0.005112 
0.404282 	0.030611 	0.020628 	0.031125 	 0.005889 
0.408215 	0.028602 	0.019675 	0.029485 	 0.005762 
0.428110 	0.016898 	0.012216 	0.019186 	 0.004686 
0.396027 	0.035923 	0.024615 	0.033572 	 0.006260 
0.390313 	0.038067 	0.026027 	0.033391 	 0.006177 
0.398777 	0.033579 	0.023169 	0.029905 	 0.005858 
0.390377 	0.038754 	0.026267 	0.035728 	 0.006399 
0.391003 	0.038770 	0.026413 	0.035718 	 0.006446 
0.398853 	0.033550 	0.022857 	0.031332 	 0.005913 
0.380729 	0.044080 	0.030055 	0.037482 	 0.006660 
0.396901 	0.034642 	0.024507 	0.031485 	 0.006096 
0.395930 	0.036435 	0.024759 	0.035581 	 0.006414 
0.419984 	0.021684 	0.015288 	0.024510 	 0.005280 
0.384095 	0.042062 	0.028541 	0.036929 	 0.006546 
0.381644 	0.044571 	0.029543 	0.039730 	 0.006831 
0.376050 	0.046919 	0.032993 	0.040950 	 0.007127 
0.364905 	0.053719 	0.035871 	0.042605 	 0.007017 
0.385064 	0.040935 	0.027930 	0.035526 	 0.006435 
0.375656 	0.047229 	0.032655 	0.041165 	 0.007154 
0.387921 	0.039538 	0.027312 	0.034886 	 0.006480 
0.379999 	0.045722 	0.030598 	0.043635 	 0.007234 
0.353945 	0.060624 	0.039913 	0.049783 	 0.007678 
0.367454 	0.052266 	0.034589 	0.044834 	 0.007208 
0.367419 	0.052034 	0.034341 	0.044425 	 0.007123 
0.361142 	0.056021 	0.037103 	0.045582 	 0.007436 
0.375664 	0.047033 	0.031794 	0.042940 	 0.007249 
0.353045 	0.060545 	0.040927 	0.051300 	 0.008104 
0.359612 	0.056386 	0.036980 	0.045917 	 0.007551 
0.360646 	0.056416 	0.037686 	0.046581 	 0.007526 
0.365226 	0.053759 	0.035739 	0.047254 	 0.007551 
0.377412 	0.045713 	0.030537 	0.041585 	 0.006980 
0.339343 	0.070420 	0.046357 	0.060446 	 0.008890 
0.344221 	0.065649 	0.043533 	0.054791 	 0.008351 
0.330289 	0.073819 	0.048898 	0.059907 	 0.008899 
0.338411 	0.069455 	0.045861 	0.057857 	 0.008644 
0.334249 	0.072462 	0.047649 	0.061087 	 0.008930 
0.314677 	0.083755 	0.055215 	0.068564 	 0.009763 
0.333218 	0.071998 	0.047602 	0.059418 	 0.008842 
0.314296 	0.084055 	0.055194 	0.069064 	 0.009762 
0.338247 	0.070356 	0.046437 	0.060162 	 0.008897 
0.329096 	0.075465 	0.049922 	0.062866 	 0.009261 
0.329784 	0.074629 	0.049462 	0.060166 	 0.008941 
0.319713 	0.079914 	0.053029 	0.064265 	 0.009424 
0.334165 	0.071508 	0.047441 	0.058701 	 0.008803 
0.328256 	0.074369 	0.049298 	0.058797 	 0.008777 
0.327515 	0.075167 	0.049991 	0.061331 	 0.009126 
0.315767 	0.081548 	0.054087 	0.065576 	 0.009566 
0.312086 	0.084401 	0.055887 	0.068944 	 0.009952 
0.320206 	0.079112 	0.052474 	0.062755 	 0.009247 
0.314504 	0.083868 	0.055354 	0.069091 	 0.009890 
0.314854 	0.082366 	0.054673 	0.065606 	 0.009569 
0.312188 	0.084258 	0.055737 	0.066560 	 0.009604 
0.332595 	0.071383 	0.047721 	0.058452 	 0.008901 
0.324324 	0.077371 	0.051300 	0.061944 	 0.009152 
0.302289 	0.090083 	0.060076 	0.069490 	 0.009984 
0.319053 	0.079584 	0.052946 	0.063802 	 0.009405 
0.307078 	0.087287 	0.057537 	0.069893 	 0.009918 
0.311818 	0.084656 	0.055893 	0.068466 	 0.009789 
0.289821 	0.097384 	0.064352 	0.074745 	 0.010492 
0.292149 	0.096058 	0.064275 	0.072691 	 0.010382 
0.298976 	0.091591 	0.060396 	0.071296 	 0.010067 
0.284363 	0.099829 	0.066028 	0.074410 	 0.010476 
0.310266 	0.085542 	0.056682 	0.068734 	 0.009905 
0.287728 	0.098741 	0.064894 	0.075901 	 0.010482 
0.289982 	0.097597 	0.064544 	0.074928 	 0.010520 
0.289846 	0.096587 	0.064054 	0.074748 	 0.010720 
0.287269 	0.098270 	0.065105 	0.074065 	 0.010504 
0.283103 	0.100897 	0.066614 	0.077218 	 0.010765 
0.305711 	0.087468 	0.058115 	0.066666 	 0.009676 
0.311384 	0.084253 	0.056165 	0.066753 	 0.009787 
0.280058 	0.103221 	0.067978 	0.078603 	 0.010818 
0.288087 	0.097448 	0.064742 	0.073610 	 0.010532 
0.292837 	0.095586 	0.063285 	0.074633 	 0.010550 
0.289396 	0.096622 	0.064353 	0.072317 	 0.010400 
0.285683 	0.098466 	0.065835 	0.070954 	 0.010209 
0.278935 	0.104605 	0.068930 	0.080152 	 0.011011 
0.289893 	0.096437 	0.064142 	0.073431 	 0.010470 
0.277181 	0.104282 	0.069576 	0.077812 	 0.011006 
0.283726 	0.100394 	0.067039 	0.073789 	 0.010523 
0.291205 	0.096254 	0.064056 	0.073825 	 0.010548 
0.283879 	0.100771 	0.066823 	0.077014 	 0.010816 
0.294002 	0.093534 	0.062339 	0.069281 	 0.010042 
0.295643 	0.092607 	0.062064 	0.069223 	 0.010147 
0.279082 	0.102132 	0.067850 	0.074779 	 0.010562 
0.275658 	0.103848 	0.069469 	0.076979 	 0.011005 
0.276208 	0.103554 	0.069097 	0.076802 	 0.010991 
0.279093 	0.103163 	0.068546 	0.075948 	 0.010726 
0.265437 	0.111062 	0.073685 	0.081381 	 0.011299 
0.278154 	0.103785 	0.068882 	0.076957 	 0.010793 
0.267995 	0.108562 	0.072362 	0.079323 	 0.011145 
0.279812 	0.102195 	0.068072 	0.076224 	 0.010836 
0.262968 	0.111879 	0.074322 	0.082780 	 0.011492 
0.267881 	0.108212 	0.072918 	0.077694 	 0.011112 
0.259540 	0.112729 	0.075585 	0.080306 	 0.011409 
0.282052 	0.099555 	0.066635 	0.072236 	 0.010454 
0.265880 	0.109557 	0.073044 	0.079928 	 0.011230 
0.277879 	0.103348 	0.069091 	0.075771 	 0.010836 
0.260737 	0.113167 	0.075240 	0.082991 	 0.011506 
0.266843 	0.109810 	0.073488 	0.080147 	 0.011367 
0.282320 	0.100680 	0.067570 	0.073790 	 0.010726 
0.261165 	0.112327 	0.074960 	0.081906 	 0.011486 
0.273517 	0.105391 	0.070800 	0.074726 	 0.010866 
0.248234 	0.119315 	0.080202 	0.084192 	 0.011881 
0.255575 	0.114690 	0.077154 	0.080147 	 0.011426 
0.245119 	0.121976 	0.081011 	0.087273 	 0.011940 
0.262860 	0.110404 	0.073916 	0.078362 	 0.011128 
0.272876 	0.105469 	0.070717 	0.076092 	 0.010930 
0.257584 	0.114239 	0.076130 	0.079512 	 0.011151 
0.264932 	0.109750 	0.073429 	0.077309 	 0.010997 
0.261417 	0.112092 	0.075037 	0.080452 	 0.011387 
0.261018 	0.112963 	0.075381 	0.080596 	 0.011311 
0.240539 	0.123950 	0.082648 	0.084952 	 0.011730 
0.244035 	0.120880 	0.081261 	0.084135 	 0.011842 
0.257109 	0.114410 	0.076619 	0.081782 	 0.011559 
0.253789 	0.115384 	0.077308 	0.081576 	 0.011542 
0.253599 	0.115575 	0.077722 	0.079148 	 0.011326 
0.235801 	0.126392 	0.084539 	0.085410 	 0.011880 
0.239854 	0.124115 	0.083379 	0.084778 	 0.011941 
0.231197 	0.128295 	0.086532 	0.085715 	 0.012004 
0.236817 	0.125566 	0.084153 	0.083708 	 0.011728 
0.253484 	0.114912 	0.077664 	0.076055 	 0.011078 
0.246401 	0.120048 	0.081007 	0.080244 	 0.011510 
0.245868 	0.119923 	0.080699 	0.081814 	 0.011644 
0.233314 	0.128231 	0.086027 	0.087524 	 0.012206 
0.246135 	0.119109 	0.081146 	0.078015 	 0.011369 
0.237907 	0.124161 	0.083441 	0.083814 	 0.011831 
0.252609 	0.117465 	0.079102 	0.080046 	 0.011457 
0.234153 	0.126297 	0.084891 	0.083704 	 0.011823 
0.230628 	0.128996 	0.086522 	0.085474 	 0.011939 
0.235531 	0.125444 	0.084477 	0.084394 	 0.011930 
0.226671 	0.131286 	0.088259 	0.085331 	 0.011985 
0.223250 	0.133265 	0.089644 	0.086685 	 0.012160 
0.236670 	0.124862 	0.084346 	0.080623 	 0.011586 
0.230373 	0.128910 	0.086725 	0.085642 	 0.012039 
0.233259 	0.126983 	0.085452 	0.081895 	 0.011627 
0.228086 	0.129337 	0.087230 	0.083718 	 0.011921 
0.225438 	0.130702 	0.088238 	0.083875 	 0.012050 
0.220440 	0.133707 	0.089901 	0.086649 	 0.012249 
0.216334 	0.136415 	0.091693 	0.087281 	 0.012183 
0.229598 	0.127960 	0.087677 	0.081163 	 0.011849 
0.232858 	0.127560 	0.086022 	0.085567 	 0.012151 
0.232000 	0.127160 	0.086048 	0.083386 	 0.011966 
0.219340 	0.135021 	0.091181 	0.089538 	 0.012634 
0.221723 	0.132856 	0.089620 	0.085028 	 0.012039 
0.224848 	0.130830 	0.088516 	0.084463 	 0.012090 
0.229532 	0.127643 	0.087124 	0.080887 	 0.011899 
0.205837 	0.141112 	0.095216 	0.088665 	 0.012571 
0.211522 	0.138372 	0.093228 	0.087904 	 0.012338 
0.223229 	0.132220 	0.089673 	0.083099 	 0.011990 
0.222397 	0.131760 	0.089672 	0.083365 	 0.012141 
0.224781 	0.130642 	0.088507 	0.082957 	 0.011930 
0.200901 	0.145909 	0.098217 	0.092840 	 0.012877 
0.220978 	0.132489 	0.090478 	0.081245 	 0.011897 
0.207513 	0.141340 	0.095482 	0.089786 	 0.012655 
0.214650 	0.136597 	0.092850 	0.086523 	 0.012463 
0.216201 	0.135298 	0.091939 	0.083127 	 0.012031 
0.215434 	0.135810 	0.092288 	0.084494 	 0.012216 
0.200433 	0.144050 	0.097187 	0.090298 	 0.012874 
0.212286 	0.136838 	0.093912 	0.082740 	 0.012184 
0.205154 	0.141576 	0.096950 	0.087219 	 0.012658 
0.205985 	0.141164 	0.097069 	0.086706 	 0.012512 
0.186228 	0.153039 	0.103171 	0.095893 	 0.013287 
0.199940 	0.144655 	0.098186 	0.090659 	 0.012918 
0.195501 	0.147476 	0.099884 	0.090929 	 0.012838 
0.200001 	0.143714 	0.098604 	0.087127 	 0.012656 
0.195071 	0.147114 	0.099720 	0.088804 	 0.012734 
0.208499 	0.138881 	0.094957 	0.084726 	 0.012426 
0.199942 	0.143323 	0.097469 	0.084978 	 0.012243 
0.189178 	0.151260 	0.102523 	0.095924 	 0.013486 
0.193242 	0.149495 	0.100970 	0.090125 	 0.012638 
0.196899 	0.145860 	0.099047 	0.087793 	 0.012577 
0.198998 	0.144196 	0.098313 	0.085164 	 0.012385 
0.203360 	0.142231 	0.096989 	0.085814 	 0.012474 
0.215068 	0.135517 	0.092870 	0.080759 	 0.012043 
0.194682 	0.146505 	0.099570 	0.087577 	 0.012741 
0.186609 	0.151199 	0.102652 	0.090488 	 0.012857 
0.204621 	0.140932 	0.096210 	0.084775 	 0.012385 
0.195078 	0.146858 	0.100019 	0.087387 	 0.012633 
0.198984 	0.143433 	0.098209 	0.085783 	 0.012617 
0.174458 	0.157972 	0.108074 	0.093717 	 0.013372 
0.184893 	0.151393 	0.103454 	0.089354 	 0.012953 
0.184208 	0.152442 	0.103956 	0.089823 	 0.012963 
0.193360 	0.147063 	0.100328 	0.089591 	 0.012958 
0.180733 	0.154018 	0.105154 	0.090545 	 0.013082 
0.192679 	0.146699 	0.100266 	0.085422 	 0.012503 
0.175584 	0.157460 	0.107111 	0.095170 	 0.013506 
0.182866 	0.152942 	0.104146 	0.090321 	 0.012959 
0.167414 	0.160786 	0.110248 	0.092969 	 0.013403 
0.172817 	0.158857 	0.108304 	0.092170 	 0.013217 
0.177911 	0.155323 	0.105807 	0.090935 	 0.013039 
0.178136 	0.154592 	0.106176 	0.088404 	 0.012926 
0.179001 	0.154445 	0.105141 	0.089212 	 0.012983 
0.178816 	0.153963 	0.105282 	0.088801 	 0.013037 
0.147671 	0.172787 	0.118074 	0.101345 	 0.014256 
0.177479 	0.154737 	0.106524 	0.088655 	 0.013155 
0.175386 	0.156336 	0.107019 	0.089129 	 0.012999 
0.149585 	0.171404 	0.116859 	0.098649 	 0.013921 
0.162958 	0.163674 	0.111387 	0.095197 	 0.013530 
0.171070 	0.158147 	0.108390 	0.089521 	 0.013075 
0.178766 	0.153883 	0.105756 	0.086325 	 0.012806 
0.156505 	0.167491 	0.114223 	0.096547 	 0.013755 
0.176660 	0.154566 	0.106354 	0.087616 	 0.013023 
0.153826 	0.167586 	0.114246 	0.097416 	 0.013859 
0.144151 	0.173956 	0.119146 	0.099682 	 0.014161 
0.164576 	0.162326 	0.111412 	0.093299 	 0.013655 
0.170022 	0.159407 	0.109181 	0.091281 	 0.013291 
0.167677 	0.158713 	0.109636 	0.087451 	 0.013097 
0.177503 	0.154319 	0.106424 	0.085592 	 0.012852 
0.156774 	0.166526 	0.113923 	0.095143 	 0.013719 
0.152445 	0.169247 	0.116142 	0.095105 	 0.013774 
0.166314 	0.161326 	0.110495 	0.091775 	 0.013345 
0.145057 	0.173371 	0.118355 	0.098674 	 0.014032 
0.161664 	0.164041 	0.112717 	0.091330 	 0.013393 
0.153968 	0.168285 	0.115461 	0.094419 	 0.013654 
0.162305 	0.162780 	0.111720 	0.089623 	 0.013152 
0.153226 	0.168998 	0.115912 	0.095243 	 0.013832 
0.162370 	0.162178 	0.112397 	0.089089 	 0.013330 
0.154512 	0.166500 	0.114643 	0.093443 	 0.013757 
0.164041 	0.161184 	0.110934 	0.088362 	 0.013120 
0.153504 	0.167629 	0.115317 	0.094331 	 0.013834 
0.146365 	0.172229 	0.117877 	0.099674 	 0.014303 
0.154304 	0.167143 	0.114625 	0.092638 	 0.013487 
0.160410 	0.163471 	0.112601 	0.092220 	 0.013623 
0.164391 	0.160720 	0.110686 	0.087090 	 0.012984 
0.152344 	0.167401 	0.115221 	0.093295 	 0.013703 
0.144634 	0.172548 	0.118481 	0.096979 	 0.014077 
0.158983 	0.163836 	0.113135 	0.089769 	 0.013433 
0.146151 	0.170653 	0.117546 	0.092422 	 0.013631 
0.143456 	0.172232 	0.118492 	0.093415 	 0.013723 
0.161421 	0.161885 	0.112037 	0.085901 	 0.013002 
0.150585 	0.168479 	0.116230 	0.091737 	 0.013638 
0.145643 	0.171665 	0.118045 	0.092966 	 0.013652 
0.149305 	0.169609 	0.116819 	0.092459 	 0.013663 
0.152677 	0.167151 	0.115385 	0.089611 	 0.013366 
0.145740 	0.171492 	0.118255 	0.091106 	 0.013657 
0.151353 	0.166684 	0.115567 	0.088037 	 0.013414 
0.145742 	0.171352 	0.118034 	0.093679 	 0.013812 
0.150831 	0.167004 	0.115749 	0.088411 	 0.013398 
0.157671 	0.163950 	0.113812 	0.085528 	 0.013089 
0.140915 	0.173321 	0.119576 	0.091368 	 0.013727 
0.144639 	0.170939 	0.118122 	0.090963 	 0.013602 
0.127365 	0.182032 	0.125290 	0.098386 	 0.014322 
0.141472 	0.173324 	0.120056 	0.093871 	 0.014048 
0.144076 	0.171880 	0.118880 	0.091683 	 0.013726 
0.148923 	0.168521 	0.116766 	0.087409 	 0.013257 
0.125305 	0.182639 	0.125835 	0.098666 	 0.014437 
0.138028 	0.174326 	0.120561 	0.091205 	 0.013844 
0.131020 	0.177947 	0.123122 	0.092217 	 0.013898 
0.132110 	0.177112 	0.122572 	0.091424 	 0.013827 
0.141207 	0.172362 	0.120268 	0.090383 	 0.013857 
0.135559 	0.175972 	0.122175 	0.093246 	 0.014071 
0.122451 	0.183737 	0.126600 	0.097055 	 0.014224 
0.142979 	0.170891 	0.118152 	0.086029 	 0.013271 
0.135963 	0.175182 	0.121390 	0.090335 	 0.013629 
0.136094 	0.174687 	0.121167 	0.091569 	 0.013816 
0.133650 	0.176572 	0.122429 	0.090305 	 0.013661 
0.139896 	0.173314 	0.120471 	0.089764 	 0.013696 
0.121648 	0.183896 	0.127872 	0.096785 	 0.014490 
0.126291 	0.180670 	0.125322 	0.092470 	 0.013945 
0.141147 	0.172408 	0.119984 	0.089804 	 0.013747 
0.151017 	0.166592 	0.116182 	0.085802 	 0.013327 
0.127943 	0.179380 	0.124476 	0.093058 	 0.014040 
0.124211 	0.182616 	0.126380 	0.096337 	 0.014320 
0.127840 	0.180626 	0.125164 	0.093686 	 0.014073 
0.119401 	0.184606 	0.128159 	0.095415 	 0.014332 
0.120756 	0.183175 	0.127046 	0.095449 	 0.014322 
0.132622 	0.177041 	0.123170 	0.090541 	 0.013833 
0.118827 	0.184769 	0.128580 	0.093979 	 0.014375 
0.147593 	0.167635 	0.117393 	0.084185 	 0.013294 
0.134426 	0.175433 	0.122284 	0.090117 	 0.013848 
0.120260 	0.183949 	0.127704 	0.093418 	 0.014102 
0.131668 	0.176652 	0.123401 	0.088760 	 0.013782 
0.111189 	0.188598 	0.131296 	0.093945 	 0.014296 
0.102796 	0.193726 	0.133553 	0.100181 	 0.014970 
0.105522 	0.193080 	0.133683 	0.100428 	 0.014863 
0.121543 	0.183191 	0.127671 	0.092212 	 0.014137 
0.130766 	0.177590 	0.123814 	0.088906 	 0.013725 
0.133081 	0.175886 	0.122929 	0.086607 	 0.013541 
0.116685 	0.186789 	0.129747 	0.094342 	 0.014249 
0.106328 	0.191904 	0.133242 	0.097065 	 0.014678 
0.111220 	0.188617 	0.131680 	0.094042 	 0.014422 
0.130251 	0.176422 	0.123746 	0.087421 	 0.013799 
0.117690 	0.184946 	0.128927 	0.093912 	 0.014368 
0.119837 	0.184183 	0.128776 	0.092000 	 0.014336 
0.126595 	0.178673 	0.125437 	0.086126 	 0.013691 
0.107559 	0.190261 	0.132497 	0.095888 	 0.014578 
0.121549 	0.182997 	0.127850 	0.091668 	 0.014174 
0.101037 	0.193814 	0.134702 	0.097885 	 0.014759 
0.122869 	0.180786 	0.126489 	0.087141 	 0.013852 
0.107765 	0.189952 	0.132329 	0.093208 	 0.014264 
0.109660 	0.188710 	0.132128 	0.094458 	 0.014639 
0.113234 	0.187381 	0.131703 	0.091657 	 0.014352 
0.123661 	0.181228 	0.126933 	0.089734 	 0.014037 
0.120379 	0.182993 	0.128233 	0.091801 	 0.014311 
0.114717 	0.186690 	0.130780 	0.090424 	 0.014133 
0.123596 	0.180506 	0.126812 	0.086114 	 0.013724 
0.107280 	0.189706 	0.132672 	0.092448 	 0.014321 
0.111074 	0.188468 	0.131906 	0.093362 	 0.014497 
0.106057 	0.190951 	0.133475 	0.094835 	 0.014617 
0.110969 	0.187837 	0.131759 	0.091047 	 0.014282 
0.106590 	0.189220 	0.132958 	0.092475 	 0.014559 
0.132874 	0.174536 	0.123190 	0.083182 	 0.013521 
0.104360 	0.192154 	0.134456 	0.095764 	 0.014765 
0.123432 	0.180675 	0.127434 	0.085147 	 0.013785 
0.110831 	0.187996 	0.131743 	0.091682 	 0.014327 
0.095391 	0.196899 	0.137521 	0.095814 	 0.014725 
0.112849 	0.186416 	0.131268 	0.090122 	 0.014343 
0.114215 	0.185676 	0.130495 	0.087447 	 0.013912 
0.101018 	0.193519 	0.135839 	0.093351 	 0.014623 
0.108701 	0.189289 	0.133163 	0.090571 	 0.014375 
0.095973 	0.196614 	0.137554 	0.096374 	 0.014856 
0.100496 	0.193296 	0.135823 	0.093478 	 0.014702 
0.118125 	0.183349 	0.129590 	0.085588 	 0.013941 
0.119021 	0.181545 	0.128744 	0.083380 	 0.013780 
0.113412 	0.186741 	0.131632 	0.090232 	 0.014405 
0.100460 	0.193700 	0.135978 	0.093626 	 0.014670 
0.090545 	0.198929 	0.139320 	0.095707 	 0.014859 
0.117673 	0.183355 	0.129737 	0.086433 	 0.014078 
0.107321 	0.188906 	0.132954 	0.089077 	 0.014219 
0.112808 	0.186421 	0.131583 	0.089182 	 0.014349 
0.091841 	0.198752 	0.139267 	0.094487 	 0.014902 
0.095522 	0.197304 	0.138447 	0.093995 	 0.014719 
0.095539 	0.196145 	0.137702 	0.092557 	 0.014739 
0.109339 	0.187904 	0.133254 	0.087080 	 0.014294 
0.101780 	0.193433 	0.135959 	0.091891 	 0.014502 
0.093019 	0.196702 	0.138935 	0.091604 	 0.014677 
0.095520 	0.195683 	0.138073 	0.093793 	 0.014938 
0.091669 	0.198954 	0.139934 	0.094700 	 0.014925 
0.100727 	0.192139 	0.135999 	0.088223 	 0.014373 
0.117945 	0.182903 	0.129960 	0.085059 	 0.014099 
0.094735 	0.196333 	0.139027 	0.091350 	 0.014815 
0.106968 	0.188552 	0.133676 	0.085764 	 0.014108 
0.090408 	0.199387 	0.140675 	0.094194 	 0.014983 
0.099156 	0.193220 	0.136965 	0.089879 	 0.014651 
0.100766 	0.192784 	0.136844 	0.088113 	 0.014500 
0.092080 	0.197577 	0.139524 	0.091769 	 0.014832 
0.085891 	0.200992 	0.141878 	0.094005 	 0.014996 
0.107772 	0.188282 	0.133740 	0.086499 	 0.014294 
0.095398 	0.194996 	0.138430 	0.090234 	 0.014787 
0.098258 	0.193928 	0.137442 	0.088549 	 0.014537 
0.120215 	0.180304 	0.128837 	0.079124 	 0.013587 
0.079928 	0.204063 	0.144669 	0.094511 	 0.015172 
0.111318 	0.186295 	0.132910 	0.082886 	 0.014025 
0.095778 	0.194131 	0.137874 	0.087119 	 0.014508 
0.109084 	0.186898 	0.133196 	0.082905 	 0.013983 
0.098602 	0.193288 	0.137289 	0.088704 	 0.014603 
0.086389 	0.200749 	0.142029 	0.093675 	 0.015051 
0.071928 	0.209223 	0.147487 	0.097587 	 0.015428 
0.085166 	0.201634 	0.142435 	0.093514 	 0.014983 
0.109763 	0.185940 	0.132993 	0.080208 	 0.013811 
0.082704 	0.203294 	0.143611 	0.095238 	 0.015206 
0.116279 	0.184074 	0.131521 	0.082716 	 0.014061 
0.085305 	0.200389 	0.141944 	0.090583 	 0.014740 
0.098237 	0.193951 	0.138149 	0.088529 	 0.014716 
0.097510 	0.194072 	0.138736 	0.085611 	 0.014447 
0.086659 	0.200961 	0.142509 	0.092670 	 0.015055 
0.103254 	0.189847 	0.135584 	0.084326 	 0.014268 
0.096794 	0.194278 	0.138551 	0.086738 	 0.014543 
0.095461 	0.194917 	0.139480 	0.087997 	 0.014860 
0.096002 	0.194818 	0.138720 	0.087299 	 0.014704 
0.091121 	0.197353 	0.140170 	0.087669 	 0.014678 
0.077870 	0.204712 	0.145289 	0.094307 	 0.015311 
0.101306 	0.190917 	0.136706 	0.087836 	 0.014852 
0.086007 	0.200397 	0.142491 	0.090728 	 0.014947 
0.078029 	0.205231 	0.145509 	0.092290 	 0.015028 
0.085073 	0.200945 	0.143120 	0.090993 	 0.015071 
0.091125 	0.196559 	0.140536 	0.084181 	 0.014421 
0.093672 	0.196134 	0.140044 	0.087193 	 0.014675 
0.094566 	0.195821 	0.139754 	0.087182 	 0.014644 
0.075052 	0.206956 	0.146984 	0.094218 	 0.015357 
0.090783 	0.197117 	0.141214 	0.085237 	 0.014577 
0.109881 	0.185864 	0.133782 	0.079708 	 0.014013 
0.078714 	0.204448 	0.145803 	0.092823 	 0.015358 
0.087623 	0.199250 	0.142502 	0.087735 	 0.014986 
0.062406 	0.213789 	0.151689 	0.096597 	 0.015758 
0.085469 	0.199988 	0.143064 	0.087149 	 0.014784 
0.085998 	0.199921 	0.142901 	0.087834 	 0.014835 
0.076494 	0.206786 	0.147295 	0.092009 	 0.015228 
0.095803 	0.194243 	0.139110 	0.085114 	 0.014523 
0.078435 	0.204076 	0.145997 	0.090476 	 0.015267 
0.078983 	0.204445 	0.146027 	0.089684 	 0.015044 
0.086601 	0.198941 	0.142649 	0.085033 	 0.014630 
0.092676 	0.195507 	0.140634 	0.083186 	 0.014499 
0.084964 	0.200159 	0.143541 	0.086336 	 0.014800 
0.086555 	0.199788 	0.142981 	0.088398 	 0.014945 
0.086711 	0.197971 	0.142507 	0.084614 	 0.014759 
0.095285 	0.194645 	0.140061 	0.083757 	 0.014576 
0.077372 	0.205875 	0.146981 	0.090884 	 0.015189 
0.074558 	0.206216 	0.147729 	0.090493 	 0.015321 
0.075980 	0.205528 	0.146871 	0.090339 	 0.015164 
0.076198 	0.205538 	0.147158 	0.091079 	 0.015348 
0.074507 	0.205301 	0.147419 	0.090416 	 0.015420 
0.076532 	0.205021 	0.147097 	0.088812 	 0.015180 
0.073543 	0.207134 	0.148422 	0.090359 	 0.015333 
0.087645 	0.199665 	0.143527 	0.087971 	 0.015104 
0.062437 	0.213639 	0.152404 	0.096207 	 0.015857 
0.085635 	0.199447 	0.143947 	0.085033 	 0.014966 
0.077239 	0.204483 	0.146812 	0.087791 	 0.015054 
0.077960 	0.203653 	0.146410 	0.088491 	 0.015205 
0.089324 	0.196578 	0.142211 	0.082909 	 0.014765 
0.074920 	0.207047 	0.148491 	0.089977 	 0.015324 
0.072737 	0.206120 	0.147937 	0.088583 	 0.015181 
0.079280 	0.202720 	0.146176 	0.085450 	 0.014984 
0.066418 	0.210609 	0.152201 	0.091006 	 0.015576 
0.085393 	0.199108 	0.144415 	0.080113 	 0.014458 
0.092690 	0.195111 	0.141191 	0.082993 	 0.014777 
0.083190 	0.200906 	0.145577 	0.086406 	 0.015303 
0.073356 	0.207321 	0.149122 	0.090601 	 0.015537 
0.086961 	0.199303 	0.143931 	0.085602 	 0.015032 
0.055642 	0.217407 	0.156708 	0.094723 	 0.016010 
0.074579 	0.205090 	0.148119 	0.085235 	 0.015116 
0.070383 	0.207926 	0.149767 	0.086304 	 0.015228 
0.076025 	0.205173 	0.147810 	0.086813 	 0.015327 
0.080388 	0.202238 	0.146129 	0.084873 	 0.015000 
0.067542 	0.210369 	0.151476 	0.091278 	 0.015687 
0.083924 	0.199859 	0.144469 	0.080981 	 0.014708 
0.077245 	0.204506 	0.147864 	0.086441 	 0.015256 
0.076048 	0.205193 	0.148414 	0.086778 	 0.015327 
0.080180 	0.201792 	0.146888 	0.082988 	 0.015039 
0.074042 	0.205692 	0.148379 	0.085584 	 0.015037 
0.079583 	0.203692 	0.147199 	0.085689 	 0.015124 
0.092227 	0.196223 	0.142388 	0.081042 	 0.014653 
0.072842 	0.206067 	0.148702 	0.087250 	 0.015475 
0.069332 	0.209718 	0.151439 	0.087962 	 0.015430 
0.059561 	0.213634 	0.154210 	0.090665 	 0.015757 
0.070115 	0.208123 	0.151524 	0.087703 	 0.015580 
0.072221 	0.208092 	0.150398 	0.089542 	 0.015633 
0.057295 	0.216239 	0.155560 	0.093402 	 0.016093 
0.059534 	0.214419 	0.154470 	0.092160 	 0.015871 
0.071424 	0.207718 	0.150288 	0.089362 	 0.015690 
0.094413 	0.194273 	0.141741 	0.079167 	 0.014669 
0.075106 	0.204838 	0.148853 	0.084621 	 0.015283 
0.075588 	0.205193 	0.149064 	0.085050 	 0.015397 
0.058851 	0.214341 	0.154964 	0.090246 	 0.015913 
0.063659 	0.212783 	0.153340 	0.089599 	 0.015743 
0.058584 	0.214653 	0.154983 	0.090221 	 0.015772 
0.084890 	0.199658 	0.145462 	0.082765 	 0.015119 
0.049390 	0.221437 	0.159049 	0.095971 	 0.016254 
0.086512 	0.198928 	0.145106 	0.080499 	 0.014868 
0.045035 	0.223606 	0.160667 	0.097259 	 0.016458 
0.074322 	0.206109 	0.149625 	0.086692 	 0.015484 
0.074873 	0.204864 	0.149077 	0.084594 	 0.015339 
0.075275 	0.205609 	0.149409 	0.085912 	 0.015449 
0.072641 	0.206450 	0.151586 	0.083566 	 0.015407 
0.095298 	0.193769 	0.142062 	0.077453 	 0.014680 
0.070862 	0.207567 	0.150902 	0.085833 	 0.015491 
0.075568 	0.205896 	0.149751 	0.085687 	 0.015443 
0.080187 	0.203026 	0.148025 	0.084794 	 0.015415 
0.064328 	0.212315 	0.153990 	0.090582 	 0.015995 
0.083482 	0.200027 	0.146178 	0.079931 	 0.015121 
0.076691 	0.205243 	0.149545 	0.085871 	 0.015561 
0.055108 	0.217004 	0.157475 	0.091100 	 0.016196 
0.073873 	0.206629 	0.151639 	0.084509 	 0.015590 
0.079168 	0.202656 	0.148490 	0.080969 	 0.015215 
0.071965 	0.209190 	0.152173 	0.087078 	 0.015693 
0.070866 	0.207789 	0.151837 	0.085312 	 0.015658 
0.061529 	0.213443 	0.155109 	0.090742 	 0.016142 
0.075663 	0.205481 	0.150413 	0.085174 	 0.015681 
0.078210 	0.204121 	0.149303 	0.082615 	 0.015327 
0.060099 	0.213940 	0.156826 	0.088613 	 0.016074 
0.083733 	0.200399 	0.147389 	0.078864 	 0.015100 
0.074846 	0.206546 	0.150906 	0.084297 	 0.015507 
0.075177 	0.206223 	0.150866 	0.085907 	 0.015776 
0.079370 	0.203029 	0.148793 	0.081060 	 0.015223 
0.067154 	0.209051 	0.152613 	0.085190 	 0.015838 
0.065914 	0.212059 	0.154496 	0.088660 	 0.015954 
0.082536 	0.201375 	0.147764 	0.080671 	 0.015201 
0.075294 	0.204629 	0.150406 	0.082038 	 0.015517 
0.056362 	0.216751 	0.157999 	0.089972 	 0.016222 
0.060655 	0.215055 	0.156335 	0.089820 	 0.016023 
0.069531 	0.209055 	0.153282 	0.085293 	 0.015886 
0.089391 	0.197766 	0.145909 	0.079295 	 0.015221 
0.055059 	0.217722 	0.158813 	0.092372 	 0.016570 
0.072226 	0.207304 	0.152339 	0.085126 	 0.015920 
0.066914 	0.211334 	0.155794 	0.083483 	 0.015623 
0.077102 	0.205221 	0.150787 	0.080043 	 0.015245 
0.107356 	0.186756 	0.139339 	0.071080 	 0.014585 
0.077765 	0.204369 	0.150200 	0.080822 	 0.015352 
0.064158 	0.210816 	0.155222 	0.084306 	 0.015942 
0.080679 	0.201799 	0.149131 	0.078443 	 0.015265 
0.088008 	0.198325 	0.146849 	0.075936 	 0.015006 
0.083463 	0.201108 	0.148768 	0.078197 	 0.015286 
0.083562 	0.200132 	0.148318 	0.076975 	 0.015264 
0.087053 	0.198281 	0.146560 	0.076489 	 0.014988 
0.090668 	0.196854 	0.145952 	0.076244 	 0.015090 
0.096049 	0.192991 	0.143807 	0.073435 	 0.014905 
0.091443 	0.194682 	0.145088 	0.072385 	 0.014816 
0.076628 	0.204386 	0.151175 	0.080822 	 0.015674 
0.077229 	0.204298 	0.151454 	0.077169 	 0.015251 
0.086855 	0.197662 	0.147278 	0.073015 	 0.014937 
0.091240 	0.195210 	0.145186 	0.074451 	 0.014960 
0.088537 	0.197896 	0.146995 	0.075850 	 0.015137 
0.084300 	0.200393 	0.148823 	0.076297 	 0.015201 
0.097510 	0.191921 	0.143366 	0.069793 	 0.014550 
0.096014 	0.193700 	0.144550 	0.071791 	 0.014788 
0.102625 	0.189505 	0.141900 	0.070500 	 0.014710 
0.090588 	0.197011 	0.146793 	0.075123 	 0.015146 
0.074318 	0.206486 	0.154327 	0.080097 	 0.015716 
0.071378 	0.208420 	0.153852 	0.082810 	 0.015839 
0.089425 	0.198589 	0.147805 	0.077807 	 0.015446 
0.084684 	0.200850 	0.149234 	0.076464 	 0.015240 
0.089256 	0.198655 	0.147780 	0.075557 	 0.015149 
0.102197 	0.191098 	0.142968 	0.070272 	 0.014629 
0.095140 	0.194719 	0.145563 	0.072296 	 0.014909 
0.069267 	0.210819 	0.155801 	0.082275 	 0.015879 
0.075913 	0.205407 	0.152633 	0.079239 	 0.015671 
0.086908 	0.199637 	0.148735 	0.076179 	 0.015326 
0.111164 	0.185491 	0.139889 	0.063938 	 0.014124 
0.091137 	0.197317 	0.147515 	0.076077 	 0.015445 
0.080902 	0.203903 	0.151534 	0.080570 	 0.015812 
0.068483 	0.211409 	0.156213 	0.083746 	 0.016023 
0.099519 	0.192699 	0.144602 	0.071766 	 0.014986 
0.103301 	0.189142 	0.142900 	0.067081 	 0.014661 
0.094855 	0.195326 	0.146338 	0.072840 	 0.015095 
0.089694 	0.197859 	0.148046 	0.073707 	 0.015184 
0.088690 	0.198159 	0.149417 	0.073666 	 0.015443 
0.082060 	0.202212 	0.150962 	0.079156 	 0.015816 
0.074763 	0.206962 	0.153716 	0.079975 	 0.015743 
0.092441 	0.196329 	0.147441 	0.073927 	 0.015365 
0.100279 	0.191574 	0.144412 	0.071255 	 0.015115 
0.091475 	0.197134 	0.147993 	0.071663 	 0.015084 
0.074216 	0.206863 	0.154637 	0.078316 	 0.015838 
0.088234 	0.198450 	0.149122 	0.074042 	 0.015463 
0.099364 	0.192338 	0.145090 	0.070400 	 0.015089 
0.094923 	0.195810 	0.146972 	0.071657 	 0.015028 
0.104551 	0.191292 	0.144354 	0.069005 	 0.014888 
0.081736 	0.202734 	0.152043 	0.075803 	 0.015714 
0.085016 	0.200890 	0.150872 	0.075787 	 0.015689 
0.107625 	0.189220 	0.143075 	0.069249 	 0.014938 
0.109163 	0.186817 	0.141775 	0.065276 	 0.014598 
0.104553 	0.190586 	0.144161 	0.070433 	 0.015134 
0.105918 	0.189277 	0.143444 	0.066894 	 0.014776 
0.085192 	0.202750 	0.151602 	0.077857 	 0.015720 
0.086711 	0.201466 	0.150989 	0.075220 	 0.015487 
0.102407 	0.191545 	0.144837 	0.067462 	 0.014791 
0.081881 	0.203123 	0.152595 	0.076850 	 0.015844 
0.097176 	0.194245 	0.146780 	0.069923 	 0.015107 
0.084886 	0.202345 	0.151906 	0.076565 	 0.015774 
0.097755 	0.194922 	0.147463 	0.072503 	 0.015509 
0.102080 	0.190376 	0.145273 	0.066117 	 0.014913 
0.096518 	0.195733 	0.147864 	0.072608 	 0.015452 
0.104050 	0.191573 	0.145106 	0.070690 	 0.015249 
0.092296 	0.197181 	0.149601 	0.071706 	 0.015519 
0.075466 	0.207650 	0.155498 	0.080783 	 0.016268 
0.118255 	0.182040 	0.139594 	0.064297 	 0.014815 
0.094382 	0.196832 	0.148952 	0.072872 	 0.015598 
0.113020 	0.185437 	0.141602 	0.066239 	 0.014946 
0.083293 	0.203186 	0.152856 	0.079410 	 0.016374 
0.083191 	0.203442 	0.153446 	0.078224 	 0.016260 
0.094465 	0.196377 	0.149007 	0.072830 	 0.015717 
0.090893 	0.200354 	0.150997 	0.077145 	 0.015977 
0.099294 	0.194065 	0.147227 	0.070462 	 0.015360 
0.097810 	0.195077 	0.147974 	0.071958 	 0.015545 
0.095708 	0.194606 	0.148416 	0.070806 	 0.015704 
0.074903 	0.206969 	0.157063 	0.077897 	 0.016413 
0.064967 	0.213536 	0.161303 	0.082975 	 0.016818 
0.101074 	0.193096 	0.147113 	0.068896 	 0.015333 
0.097598 	0.195360 	0.148948 	0.071227 	 0.015701 
0.091539 	0.198674 	0.150722 	0.072293 	 0.015665 
0.086880 	0.202533 	0.153025 	0.077870 	 0.016232 
0.090495 	0.198857 	0.151185 	0.074148 	 0.016034 
0.095562 	0.195791 	0.149151 	0.071302 	 0.015695 
0.088063 	0.201252 	0.152766 	0.077065 	 0.016340 
0.086505 	0.201869 	0.153137 	0.076915 	 0.016453 
0.081505 	0.205655 	0.155221 	0.078879 	 0.016404 
0.097004 	0.194684 	0.149116 	0.070172 	 0.015827 
0.076255 	0.209094 	0.157423 	0.081651 	 0.016659 
0.077251 	0.208302 	0.157299 	0.081750 	 0.016811 
0.093102 	0.198373 	0.151346 	0.073362 	 0.016078 
0.089177 	0.202529 	0.153599 	0.077365 	 0.016384 
0.084772 	0.204863 	0.154908 	0.076205 	 0.016158 
0.103319 	0.192211 	0.147472 	0.070090 	 0.015788 
0.083045 	0.203665 	0.155632 	0.074237 	 0.016147 
0.087562 	0.202299 	0.153510 	0.075410 	 0.016129 
0.106718 	0.190534 	0.146587 	0.069207 	 0.015785 
0.070827 	0.211002 	0.159984 	0.078878 	 0.016656 
0.084292 	0.203188 	0.154402 	0.074519 	 0.016290 
0.092712 	0.198767 	0.151525 	0.073246 	 0.016027 
0.085304 	0.202752 	0.154576 	0.074391 	 0.016329 
0.089735 	0.201049 	0.153649 	0.076373 	 0.016546 
0.091216 	0.199821 	0.152414 	0.074337 	 0.016223 
0.107088 	0.191741 	0.147518 	0.073361 	 0.016344 
0.074924 	0.208601 	0.158603 	0.079189 	 0.016822 
0.081488 	0.206194 	0.156465 	0.079805 	 0.016777 
0.105152 	0.192126 	0.147554 	0.067932 	 0.015563 
0.081366 	0.204382 	0.156584 	0.074923 	 0.016510 
0.080723 	0.205872 	0.157593 	0.076696 	 0.016708 
0.100954 	0.194157 	0.149562 	0.071889 	 0.016281 
0.094420 	0.197476 	0.151671 	0.071270 	 0.016129 
0.084025 	0.205198 	0.156595 	0.080241 	 0.017097 
0.089217 	0.200900 	0.153961 	0.077139 	 0.016883 
0.082114 	0.205482 	0.156540 	0.078797 	 0.016828 
0.084292 	0.203538 	0.156317 	0.075375 	 0.016674 
0.089023 	0.201461 	0.154453 	0.074616 	 0.016535 
0.068955 	0.214114 	0.162432 	0.084860 	 0.017581 
