di 	gli 	gal 	gos3 	 gos4 
0.419416 	0.027511 	0.016746 	0.018008 	 -0.001915 
0.416868 	0.038659 	0.023937 	0.029611 	 -0.000249 
0.441587 	0.027615 	0.015577 	0.035652 	 -0.001293 
0.417890 	0.051844 	0.031570 	0.052039 	 0.000938 
0.429533 	0.050876 	0.031064 	0.051091 	 0.000093 
0.420706 	0.058829 	0.036391 	0.055970 	 0.000531 
0.407632 	0.061038 	0.037493 	0.059435 	 0.001240 
0.428013 	0.048315 	0.029443 	0.048772 	 0.000007 
0.424152 	0.059756 	0.036927 	0.056252 	 0.000391 
0.418333 	0.057856 	0.035151 	0.056429 	 0.000012 
0.423248 	0.046330 	0.027897 	0.048520 	 0.000205 
0.409767 	0.056498 	0.034364 	0.056496 	 0.001213 
0.412547 	0.056769 	0.034334 	0.056131 	 0.000613 
0.413506 	0.049112 	0.029392 	0.053888 	 0.000664 
0.397572 	0.078365 	0.048772 	0.069399 	 0.001665 
0.415308 	0.060714 	0.036773 	0.063510 	 0.001388 
0.408007 	0.061162 	0.037695 	0.057940 	 0.001373 
0.413305 	0.068402 	0.042200 	0.064095 	 0.001005 
0.402587 	0.063264 	0.038930 	0.059985 	 0.001133 
0.403285 	0.061476 	0.037995 	0.059249 	 0.002062 
0.394594 	0.077258 	0.047764 	0.070733 	 0.002730 
0.402100 	0.070164 	0.043992 	0.061216 	 0.001560 
0.409481 	0.060227 	0.037015 	0.056892 	 0.000572 
0.387001 	0.077063 	0.047785 	0.071615 	 0.003318 
0.406761 	0.065201 	0.039741 	0.065119 	 0.001496 
0.394663 	0.076931 	0.047595 	0.069933 	 0.002168 
0.396263 	0.069859 	0.043344 	0.065007 	 0.002447 
0.392282 	0.069626 	0.042744 	0.065948 	 0.002219 
0.399596 	0.061254 	0.037912 	0.059280 	 0.002243 
0.387941 	0.082047 	0.051310 	0.073356 	 0.003248 
0.388482 	0.076435 	0.047583 	0.070884 	 0.002913 
0.385746 	0.079519 	0.049195 	0.075803 	 0.003546 
0.388805 	0.077234 	0.047750 	0.072618 	 0.002847 
0.390471 	0.073476 	0.045566 	0.068943 	 0.002826 
0.394237 	0.071680 	0.044369 	0.066685 	 0.002246 
0.392369 	0.067700 	0.041889 	0.063677 	 0.002439 
0.385123 	0.074572 	0.045920 	0.072730 	 0.003145 
0.383896 	0.076064 	0.047371 	0.072361 	 0.003220 
0.382773 	0.078692 	0.048628 	0.074909 	 0.003413 
0.373069 	0.087041 	0.054290 	0.078895 	 0.004236 
0.380420 	0.075619 	0.046848 	0.068404 	 0.002769 
0.365185 	0.083949 	0.052285 	0.074651 	 0.003994 
0.368273 	0.099087 	0.061872 	0.088294 	 0.004533 
0.383665 	0.077194 	0.047964 	0.072099 	 0.003308 
0.383235 	0.076672 	0.047950 	0.071904 	 0.003965 
0.378189 	0.081925 	0.051099 	0.076583 	 0.003667 
0.359976 	0.099895 	0.062794 	0.087018 	 0.005215 
0.369279 	0.086947 	0.054358 	0.077030 	 0.003767 
0.371336 	0.085520 	0.053605 	0.075760 	 0.003575 
0.361584 	0.100842 	0.063365 	0.085711 	 0.004608 
0.372809 	0.083984 	0.052120 	0.075540 	 0.003077 
0.361916 	0.084592 	0.052881 	0.075591 	 0.003876 
0.359676 	0.090755 	0.056996 	0.080212 	 0.004311 
0.374229 	0.087251 	0.055544 	0.073154 	 0.003945 
0.361802 	0.089077 	0.055895 	0.077757 	 0.004277 
0.347848 	0.101580 	0.064050 	0.087187 	 0.005381 
0.355808 	0.098739 	0.062361 	0.084728 	 0.005081 
0.354282 	0.097301 	0.061350 	0.083775 	 0.004776 
0.343937 	0.106560 	0.067121 	0.090735 	 0.004973 
0.364497 	0.088368 	0.055606 	0.079974 	 0.005058 
0.357620 	0.094291 	0.059702 	0.081938 	 0.004698 
0.344092 	0.109514 	0.069095 	0.093568 	 0.005752 
0.354001 	0.092351 	0.057995 	0.081981 	 0.004442 
0.357371 	0.090693 	0.056797 	0.081140 	 0.004538 
0.347669 	0.099010 	0.062373 	0.086096 	 0.005622 
0.329860 	0.116170 	0.073653 	0.097018 	 0.006779 
0.346904 	0.090863 	0.056958 	0.079964 	 0.004476 
0.339059 	0.102606 	0.064516 	0.089809 	 0.005272 
0.339650 	0.105407 	0.066671 	0.090043 	 0.006096 
0.337283 	0.109255 	0.069309 	0.092836 	 0.006438 
0.356734 	0.097881 	0.061789 	0.085942 	 0.004633 
0.343537 	0.098407 	0.062013 	0.084494 	 0.005316 
0.344931 	0.107039 	0.067766 	0.092680 	 0.005885 
0.336588 	0.114765 	0.072953 	0.096295 	 0.006164 
0.337492 	0.111305 	0.070438 	0.094860 	 0.006113 
0.346595 	0.098957 	0.062491 	0.084757 	 0.005568 
0.334582 	0.111231 	0.070350 	0.093725 	 0.005730 
0.349691 	0.102768 	0.065097 	0.087388 	 0.005189 
0.347947 	0.098353 	0.062486 	0.083427 	 0.005243 
0.325517 	0.115054 	0.073024 	0.094897 	 0.006419 
0.347713 	0.093861 	0.059180 	0.080104 	 0.004239 
0.327601 	0.107509 	0.068133 	0.089666 	 0.006231 
0.333743 	0.102427 	0.064942 	0.086777 	 0.005913 
0.337561 	0.102834 	0.065860 	0.084145 	 0.006032 
0.341424 	0.094223 	0.059378 	0.082422 	 0.004994 
0.345201 	0.098156 	0.062442 	0.084560 	 0.006176 
0.327179 	0.111696 	0.071155 	0.091297 	 0.006266 
0.329483 	0.101758 	0.064803 	0.085445 	 0.006085 
0.326303 	0.110496 	0.069985 	0.093645 	 0.005864 
0.334243 	0.103737 	0.065788 	0.087455 	 0.005475 
0.341894 	0.098086 	0.062323 	0.083448 	 0.005389 
0.330641 	0.105791 	0.067282 	0.088817 	 0.006019 
0.330316 	0.111023 	0.070373 	0.093547 	 0.006576 
0.324708 	0.120465 	0.076712 	0.100822 	 0.007107 
0.328918 	0.103877 	0.065833 	0.090495 	 0.006272 
0.332377 	0.100477 	0.063748 	0.084805 	 0.005987 
0.320991 	0.121215 	0.077309 	0.099307 	 0.007488 
0.336819 	0.103011 	0.065407 	0.089193 	 0.006118 
0.328026 	0.109963 	0.070377 	0.089617 	 0.006224 
0.320377 	0.115018 	0.073419 	0.095373 	 0.007380 
0.330825 	0.109011 	0.069614 	0.089878 	 0.006091 
0.318573 	0.120016 	0.077044 	0.093868 	 0.006923 
0.319148 	0.116851 	0.074627 	0.095422 	 0.006675 
0.322648 	0.109505 	0.069724 	0.090074 	 0.006361 
0.325777 	0.113569 	0.072454 	0.093446 	 0.005835 
0.321737 	0.109668 	0.070180 	0.089549 	 0.006712 
0.322843 	0.106678 	0.068069 	0.087479 	 0.006223 
0.323805 	0.118298 	0.075887 	0.096083 	 0.006851 
0.317559 	0.114525 	0.073488 	0.093139 	 0.006869 
0.316824 	0.118924 	0.076574 	0.094850 	 0.007108 
0.310124 	0.132708 	0.085783 	0.102000 	 0.007852 
0.322975 	0.121905 	0.078128 	0.098529 	 0.006845 
0.316595 	0.125826 	0.080973 	0.102370 	 0.007975 
0.326719 	0.109820 	0.070454 	0.087960 	 0.006084 
0.318183 	0.111397 	0.071305 	0.090381 	 0.006637 
0.305788 	0.127710 	0.082245 	0.097976 	 0.006913 
0.315373 	0.120060 	0.076836 	0.098119 	 0.007396 
0.314829 	0.116545 	0.074962 	0.093342 	 0.007492 
0.320457 	0.115469 	0.074378 	0.093470 	 0.007403 
0.316589 	0.113169 	0.072458 	0.090393 	 0.006228 
0.316118 	0.113753 	0.073201 	0.091583 	 0.007070 
0.321512 	0.118322 	0.075952 	0.095649 	 0.006278 
0.302378 	0.139299 	0.090213 	0.107158 	 0.008534 
0.296053 	0.139299 	0.089805 	0.107791 	 0.008146 
0.284731 	0.148458 	0.095369 	0.116039 	 0.008673 
0.299693 	0.140505 	0.090664 	0.109905 	 0.008619 
0.297603 	0.133992 	0.085998 	0.107149 	 0.007979 
0.316159 	0.119550 	0.077506 	0.090879 	 0.006715 
0.303409 	0.137272 	0.089301 	0.104001 	 0.008601 
0.307180 	0.124955 	0.080723 	0.096017 	 0.006767 
0.297581 	0.137396 	0.088773 	0.107780 	 0.008351 
0.287665 	0.140576 	0.091120 	0.107269 	 0.008999 
0.302105 	0.129563 	0.083592 	0.100541 	 0.007327 
0.305033 	0.132712 	0.085713 	0.105098 	 0.008113 
0.304995 	0.131514 	0.085010 	0.102658 	 0.007824 
0.304869 	0.119402 	0.076542 	0.094726 	 0.006765 
0.284804 	0.136499 	0.088565 	0.104618 	 0.008764 
0.297158 	0.138243 	0.089902 	0.103632 	 0.008329 
0.311177 	0.132018 	0.085603 	0.098280 	 0.006436 
0.296643 	0.134255 	0.087151 	0.102594 	 0.008019 
0.287456 	0.136655 	0.088225 	0.106192 	 0.008817 
0.281307 	0.147583 	0.095126 	0.114920 	 0.008827 
0.289223 	0.129881 	0.084104 	0.100475 	 0.008210 
0.308071 	0.122859 	0.079898 	0.092984 	 0.006957 
0.305384 	0.130070 	0.084628 	0.099373 	 0.007485 
0.294757 	0.144899 	0.094663 	0.107318 	 0.008374 
0.285276 	0.143529 	0.093412 	0.106321 	 0.008280 
0.292969 	0.139000 	0.090445 	0.102721 	 0.007875 
0.282986 	0.138719 	0.089932 	0.106100 	 0.009015 
0.289964 	0.126041 	0.082035 	0.093745 	 0.007658 
0.290134 	0.139714 	0.090621 	0.105319 	 0.008510 
0.292199 	0.131678 	0.085449 	0.098307 	 0.007603 
0.281113 	0.143303 	0.093168 	0.104887 	 0.007854 
0.297038 	0.132594 	0.086038 	0.102237 	 0.007769 
0.288329 	0.131695 	0.085914 	0.097344 	 0.008216 
0.293204 	0.136202 	0.088521 	0.103121 	 0.008223 
0.285548 	0.138225 	0.090299 	0.102119 	 0.008553 
0.270935 	0.150999 	0.098449 	0.110477 	 0.009391 
0.290990 	0.135828 	0.088653 	0.098864 	 0.007679 
0.286749 	0.135697 	0.088445 	0.100675 	 0.007814 
0.293497 	0.134342 	0.087609 	0.099342 	 0.007285 
0.281691 	0.138503 	0.090104 	0.102058 	 0.007780 
0.282905 	0.146255 	0.095257 	0.106724 	 0.007723 
0.280613 	0.147913 	0.096073 	0.110877 	 0.008938 
0.299094 	0.136853 	0.089593 	0.100296 	 0.007704 
0.284533 	0.138592 	0.090541 	0.099803 	 0.007872 
0.277252 	0.149226 	0.097300 	0.109699 	 0.009008 
0.284597 	0.149006 	0.097371 	0.108110 	 0.008232 
0.274677 	0.146008 	0.095272 	0.106568 	 0.008553 
0.276497 	0.151760 	0.099369 	0.109782 	 0.009159 
0.295621 	0.134266 	0.087566 	0.101068 	 0.007660 
0.263904 	0.156470 	0.102115 	0.113086 	 0.009641 
0.275484 	0.153167 	0.100261 	0.111182 	 0.009315 
0.274766 	0.144928 	0.094407 	0.106874 	 0.008954 
0.279315 	0.154010 	0.100965 	0.110602 	 0.009027 
0.270417 	0.159290 	0.104326 	0.113486 	 0.009136 
0.270836 	0.159748 	0.104441 	0.117715 	 0.009941 
0.259940 	0.157389 	0.102800 	0.112764 	 0.009183 
0.282314 	0.142112 	0.092987 	0.102750 	 0.008504 
0.274044 	0.155285 	0.101682 	0.111895 	 0.009020 
0.271903 	0.153228 	0.100656 	0.107810 	 0.008548 
0.262243 	0.156199 	0.102807 	0.109763 	 0.010098 
0.277444 	0.143427 	0.094225 	0.102528 	 0.008810 
0.256856 	0.174490 	0.114384 	0.124963 	 0.010575 
0.250829 	0.172238 	0.112948 	0.122939 	 0.011190 
0.267723 	0.152171 	0.100338 	0.105498 	 0.009720 
0.260739 	0.158682 	0.104161 	0.112248 	 0.009678 
0.263800 	0.150957 	0.099227 	0.108290 	 0.009878 
0.265617 	0.155712 	0.101833 	0.112444 	 0.009660 
0.264715 	0.167533 	0.110033 	0.122652 	 0.010797 
0.250885 	0.174201 	0.114572 	0.119801 	 0.010297 
0.250676 	0.175302 	0.115183 	0.122859 	 0.010848 
0.259494 	0.170994 	0.112243 	0.121998 	 0.010728 
0.257730 	0.175903 	0.115981 	0.121793 	 0.010831 
0.262188 	0.166826 	0.110090 	0.114851 	 0.010197 
0.270518 	0.155175 	0.102408 	0.107039 	 0.008948 
0.258597 	0.158024 	0.104156 	0.109741 	 0.009889 
0.260680 	0.168251 	0.110558 	0.115755 	 0.009279 
0.267125 	0.161405 	0.106853 	0.110254 	 0.009678 
0.267461 	0.162936 	0.107593 	0.111503 	 0.009855 
0.253806 	0.161335 	0.106410 	0.109465 	 0.009489 
0.261491 	0.170536 	0.112422 	0.117852 	 0.009429 
0.262862 	0.169820 	0.112090 	0.116843 	 0.009645 
0.254474 	0.165706 	0.109322 	0.114936 	 0.010334 
0.263239 	0.163655 	0.108171 	0.115032 	 0.009926 
0.268401 	0.158930 	0.105367 	0.108647 	 0.009513 
0.244024 	0.173738 	0.114574 	0.119818 	 0.010715 
0.251064 	0.171394 	0.113386 	0.114165 	 0.010160 
0.257168 	0.164785 	0.108828 	0.113275 	 0.009753 
0.245329 	0.175575 	0.116057 	0.120017 	 0.010718 
0.261934 	0.161032 	0.106721 	0.109125 	 0.008910 
0.254389 	0.171461 	0.113550 	0.116226 	 0.009863 
0.251539 	0.174660 	0.115397 	0.118171 	 0.009688 
0.258164 	0.161588 	0.107161 	0.110492 	 0.009959 
0.250850 	0.167662 	0.110917 	0.115071 	 0.010271 
0.255657 	0.158653 	0.104978 	0.107872 	 0.008974 
0.246134 	0.175568 	0.116338 	0.117821 	 0.010590 
0.256739 	0.163120 	0.108194 	0.109919 	 0.009396 
0.245699 	0.172160 	0.113685 	0.117312 	 0.009872 
0.254488 	0.160638 	0.106695 	0.107857 	 0.009612 
0.247991 	0.176373 	0.117001 	0.118735 	 0.010444 
0.254555 	0.162101 	0.107769 	0.110135 	 0.009925 
0.251137 	0.164029 	0.108834 	0.111051 	 0.009928 
0.254240 	0.161803 	0.107732 	0.108260 	 0.009847 
0.251769 	0.171829 	0.113932 	0.115740 	 0.010107 
0.246214 	0.174193 	0.115709 	0.115554 	 0.010166 
0.248340 	0.170267 	0.112948 	0.114867 	 0.010348 
0.248167 	0.165196 	0.109960 	0.109125 	 0.010039 
0.241568 	0.174295 	0.115799 	0.116924 	 0.010807 
0.237341 	0.174679 	0.115896 	0.117391 	 0.010454 
0.241919 	0.180711 	0.120020 	0.122320 	 0.010696 
0.237545 	0.170732 	0.113688 	0.111534 	 0.010608 
0.240245 	0.181879 	0.120869 	0.120135 	 0.011009 
0.239003 	0.175020 	0.115893 	0.118627 	 0.011089 
0.238530 	0.186839 	0.124158 	0.122905 	 0.010789 
0.227787 	0.177026 	0.117913 	0.115190 	 0.011433 
0.234636 	0.181403 	0.120180 	0.120377 	 0.010804 
0.241632 	0.165799 	0.110425 	0.106768 	 0.009931 
0.245443 	0.173177 	0.115241 	0.113591 	 0.010254 
0.235135 	0.177832 	0.118515 	0.114030 	 0.010527 
0.243956 	0.172325 	0.115070 	0.111225 	 0.010217 
0.244815 	0.170670 	0.114158 	0.109023 	 0.010383 
0.229334 	0.177804 	0.117772 	0.119583 	 0.010619 
0.221900 	0.194807 	0.129055 	0.132000 	 0.012271 
0.229230 	0.180702 	0.120155 	0.119963 	 0.011004 
0.240364 	0.168021 	0.112496 	0.104824 	 0.010227 
0.221476 	0.192393 	0.128374 	0.123486 	 0.011903 
0.231812 	0.173987 	0.116013 	0.112139 	 0.010471 
0.238027 	0.182550 	0.121905 	0.115357 	 0.010387 
0.235391 	0.185404 	0.123483 	0.120650 	 0.010484 
0.234182 	0.182980 	0.122263 	0.118696 	 0.011398 
0.222045 	0.190201 	0.127068 	0.121968 	 0.011946 
0.235227 	0.181113 	0.120954 	0.116265 	 0.010240 
0.232718 	0.194838 	0.130527 	0.124127 	 0.011884 
0.219172 	0.192358 	0.128565 	0.122677 	 0.012188 
0.232463 	0.190040 	0.127356 	0.119545 	 0.010751 
0.211892 	0.205183 	0.136955 	0.131791 	 0.012341 
0.222030 	0.197907 	0.132643 	0.125125 	 0.012505 
0.213858 	0.197490 	0.131970 	0.124077 	 0.011950 
0.230705 	0.188009 	0.126421 	0.118543 	 0.011606 
0.223487 	0.205779 	0.137174 	0.133146 	 0.011937 
0.209820 	0.196283 	0.131008 	0.125235 	 0.011945 
0.222566 	0.195644 	0.130473 	0.124587 	 0.011524 
0.245204 	0.181886 	0.122441 	0.112057 	 0.009830 
0.229517 	0.177752 	0.119264 	0.109617 	 0.010219 
0.221291 	0.194496 	0.130473 	0.121754 	 0.011535 
0.225803 	0.185220 	0.124375 	0.116783 	 0.011395 
0.227281 	0.188353 	0.125640 	0.120719 	 0.010535 
0.218760 	0.197076 	0.132263 	0.125956 	 0.012679 
0.216830 	0.194667 	0.130801 	0.122505 	 0.012403 
0.228664 	0.187550 	0.125926 	0.118332 	 0.011242 
0.220292 	0.190809 	0.128219 	0.120125 	 0.012093 
0.209942 	0.200608 	0.134611 	0.124869 	 0.012200 
0.198529 	0.224807 	0.150370 	0.141225 	 0.013845 
0.215927 	0.202902 	0.135761 	0.129638 	 0.012480 
0.218198 	0.185338 	0.124893 	0.111690 	 0.011113 
0.218687 	0.195793 	0.131055 	0.125456 	 0.011566 
0.221530 	0.196567 	0.132614 	0.119410 	 0.012184 
0.210911 	0.200695 	0.134793 	0.125555 	 0.012495 
0.225378 	0.193617 	0.130674 	0.118659 	 0.011293 
0.230019 	0.185149 	0.125023 	0.113470 	 0.011027 
0.206882 	0.203234 	0.136548 	0.128411 	 0.012539 
0.211724 	0.192410 	0.130062 	0.115739 	 0.011763 
0.213425 	0.205274 	0.137984 	0.128987 	 0.012315 
0.214624 	0.205166 	0.138209 	0.126912 	 0.012158 
0.217839 	0.202430 	0.136133 	0.127374 	 0.012559 
0.220440 	0.206565 	0.138911 	0.128257 	 0.011415 
0.202842 	0.209123 	0.140660 	0.129343 	 0.012409 
0.211195 	0.207294 	0.139519 	0.129042 	 0.012390 
0.210252 	0.208125 	0.140304 	0.127020 	 0.012452 
0.204919 	0.211344 	0.142685 	0.128184 	 0.012709 
0.211654 	0.197576 	0.133903 	0.117916 	 0.012534 
0.205226 	0.206379 	0.139015 	0.125816 	 0.012055 
0.208387 	0.203369 	0.137194 	0.123201 	 0.011756 
0.210064 	0.199347 	0.134068 	0.124745 	 0.011759 
0.213354 	0.204993 	0.138921 	0.121999 	 0.012097 
0.206957 	0.210609 	0.142252 	0.126941 	 0.012345 
0.203550 	0.211016 	0.142723 	0.125231 	 0.012417 
0.196217 	0.219842 	0.148454 	0.131539 	 0.012983 
0.212365 	0.203616 	0.137698 	0.120023 	 0.011841 
0.215958 	0.195585 	0.132377 	0.118122 	 0.011678 
0.200010 	0.207927 	0.140497 	0.126542 	 0.012618 
0.203461 	0.205117 	0.138637 	0.126056 	 0.012776 
0.210424 	0.202914 	0.137261 	0.120271 	 0.011345 
0.202567 	0.205080 	0.138749 	0.123346 	 0.012574 
0.199514 	0.211199 	0.143054 	0.127883 	 0.013372 
0.207199 	0.200967 	0.136098 	0.120088 	 0.011585 
0.208536 	0.207616 	0.140782 	0.123192 	 0.011999 
0.203156 	0.210925 	0.142857 	0.125431 	 0.011891 
0.203909 	0.208633 	0.141498 	0.122572 	 0.012179 
0.215051 	0.192068 	0.130819 	0.110987 	 0.011059 
0.219814 	0.195149 	0.132734 	0.113554 	 0.010806 
0.210914 	0.190493 	0.129718 	0.110463 	 0.011154 
0.200532 	0.205095 	0.138746 	0.123522 	 0.012580 
0.200303 	0.209200 	0.141415 	0.128593 	 0.012827 
0.206858 	0.204801 	0.139109 	0.120231 	 0.011662 
0.206370 	0.195666 	0.132838 	0.115739 	 0.011815 
0.203003 	0.201189 	0.136542 	0.117860 	 0.011637 
0.202813 	0.205933 	0.139711 	0.121120 	 0.011684 
0.205262 	0.201469 	0.137263 	0.117287 	 0.012345 
0.199233 	0.203257 	0.137773 	0.122207 	 0.012776 
0.199152 	0.208892 	0.141485 	0.124563 	 0.012168 
0.204277 	0.206628 	0.140705 	0.118368 	 0.011691 
0.194506 	0.213775 	0.144810 	0.127319 	 0.012380 
0.202834 	0.197523 	0.134402 	0.115753 	 0.012164 
0.193664 	0.202089 	0.137165 	0.118182 	 0.011811 
0.186595 	0.214888 	0.145792 	0.124928 	 0.012048 
0.201976 	0.204135 	0.138845 	0.117783 	 0.011968 
0.198571 	0.205137 	0.139493 	0.120609 	 0.012465 
0.205802 	0.205223 	0.139657 	0.118788 	 0.011740 
0.204882 	0.203859 	0.139383 	0.114938 	 0.011662 
0.198060 	0.213668 	0.145729 	0.120638 	 0.012093 
0.203049 	0.204217 	0.139428 	0.118185 	 0.011954 
0.188659 	0.223970 	0.151821 	0.132095 	 0.012659 
0.197454 	0.203454 	0.139071 	0.115740 	 0.012068 
0.194171 	0.212911 	0.144837 	0.125184 	 0.012880 
0.199892 	0.208392 	0.141890 	0.121133 	 0.011417 
0.208107 	0.198628 	0.135791 	0.112209 	 0.011337 
0.188816 	0.222604 	0.151682 	0.128845 	 0.013091 
0.200988 	0.202376 	0.138582 	0.114912 	 0.011844 
0.182941 	0.217203 	0.148070 	0.125386 	 0.013094 
0.189192 	0.223700 	0.152487 	0.129896 	 0.013281 
0.188760 	0.219651 	0.150113 	0.125694 	 0.013183 
0.198981 	0.203530 	0.139488 	0.112032 	 0.011381 
0.176386 	0.218028 	0.148975 	0.124645 	 0.013938 
0.178367 	0.217837 	0.148559 	0.123660 	 0.013157 
0.197417 	0.209248 	0.143129 	0.117352 	 0.012307 
0.187474 	0.219129 	0.149522 	0.124249 	 0.012915 
0.167454 	0.233471 	0.158641 	0.135663 	 0.014717 
0.181339 	0.214603 	0.146783 	0.120954 	 0.013137 
0.180258 	0.222680 	0.152005 	0.127230 	 0.013450 
0.186677 	0.209609 	0.143399 	0.117795 	 0.012444 
0.170549 	0.229261 	0.156010 	0.132652 	 0.013954 
0.184030 	0.215931 	0.148134 	0.121548 	 0.013592 
0.179238 	0.222992 	0.152268 	0.126036 	 0.013551 
0.181645 	0.220161 	0.150596 	0.123540 	 0.013031 
0.178586 	0.214331 	0.146746 	0.120304 	 0.012976 
0.191127 	0.209659 	0.144120 	0.115307 	 0.012350 
0.181391 	0.216257 	0.148626 	0.119323 	 0.013052 
0.176264 	0.226429 	0.154852 	0.126526 	 0.013491 
0.174589 	0.229088 	0.156555 	0.129509 	 0.013536 
0.169086 	0.233356 	0.158983 	0.133397 	 0.013899 
0.170601 	0.224691 	0.153950 	0.124757 	 0.013819 
0.188859 	0.221812 	0.152282 	0.122878 	 0.012852 
0.174102 	0.228586 	0.157070 	0.124745 	 0.013804 
0.174956 	0.226247 	0.155261 	0.124938 	 0.013630 
0.179778 	0.221121 	0.151876 	0.121450 	 0.012835 
0.194173 	0.208917 	0.144067 	0.114288 	 0.012361 
0.187057 	0.218562 	0.150006 	0.121588 	 0.013024 
0.166167 	0.234093 	0.160653 	0.130433 	 0.014479 
0.184930 	0.218732 	0.150583 	0.119138 	 0.012957 
0.167840 	0.222614 	0.153082 	0.121505 	 0.013664 
0.179869 	0.228182 	0.156841 	0.124288 	 0.012788 
0.185570 	0.215789 	0.148505 	0.116574 	 0.011834 
0.169480 	0.234060 	0.160314 	0.129808 	 0.013385 
0.160816 	0.236667 	0.162497 	0.130546 	 0.014663 
0.179712 	0.235499 	0.162283 	0.127216 	 0.014059 
0.175311 	0.234628 	0.161106 	0.129430 	 0.013453 
0.172940 	0.224520 	0.154469 	0.123017 	 0.014011 
0.178899 	0.221210 	0.152180 	0.122217 	 0.012555 
0.168161 	0.230488 	0.158291 	0.128836 	 0.014217 
0.176474 	0.228856 	0.157514 	0.126367 	 0.013693 
0.170702 	0.229230 	0.157632 	0.126819 	 0.013970 
0.179578 	0.232911 	0.160154 	0.129747 	 0.014139 
0.184582 	0.225609 	0.155851 	0.122057 	 0.013539 
0.175480 	0.231091 	0.159234 	0.124906 	 0.013831 
0.166923 	0.239435 	0.164756 	0.133439 	 0.014922 
0.176457 	0.221093 	0.153001 	0.115470 	 0.013132 
0.168270 	0.235600 	0.162149 	0.127826 	 0.013964 
0.170030 	0.231314 	0.159336 	0.126099 	 0.014211 
0.168436 	0.239668 	0.165079 	0.130367 	 0.014565 
0.183267 	0.220367 	0.152539 	0.117898 	 0.013050 
0.166297 	0.234689 	0.161972 	0.128368 	 0.014915 
0.164562 	0.238355 	0.164212 	0.127923 	 0.013726 
0.170245 	0.233695 	0.161292 	0.124152 	 0.013324 
0.156214 	0.242409 	0.166942 	0.130162 	 0.014427 
0.165082 	0.239715 	0.165131 	0.130856 	 0.015040 
0.174833 	0.234011 	0.161688 	0.125879 	 0.013744 
0.176448 	0.231400 	0.160201 	0.123161 	 0.013467 
0.156371 	0.235873 	0.162783 	0.125545 	 0.014229 
0.176349 	0.240245 	0.166059 	0.128231 	 0.013479 
0.166474 	0.236444 	0.162896 	0.129185 	 0.013462 
0.172032 	0.230733 	0.159730 	0.122192 	 0.013119 
0.166593 	0.226832 	0.157009 	0.121570 	 0.013781 
0.157880 	0.242483 	0.167538 	0.129992 	 0.014685 
0.161126 	0.247609 	0.170603 	0.133423 	 0.014277 
0.172444 	0.227782 	0.157972 	0.119736 	 0.013000 
0.190756 	0.217373 	0.151891 	0.110696 	 0.012450 
0.166877 	0.234938 	0.162859 	0.122828 	 0.013647 
0.164546 	0.244135 	0.168737 	0.129879 	 0.014014 
0.154860 	0.241478 	0.166766 	0.130118 	 0.014265 
0.156607 	0.246961 	0.170700 	0.131535 	 0.014500 
0.167531 	0.237963 	0.164954 	0.124262 	 0.014029 
0.146609 	0.250588 	0.172885 	0.134862 	 0.015263 
0.156992 	0.239904 	0.166092 	0.125340 	 0.014217 
0.165798 	0.237451 	0.164655 	0.123871 	 0.013583 
0.172231 	0.233406 	0.162356 	0.120549 	 0.013434 
0.169990 	0.233400 	0.162255 	0.121585 	 0.013706 
0.162390 	0.245786 	0.170225 	0.131695 	 0.014924 
0.171901 	0.233786 	0.162607 	0.118903 	 0.012880 
0.148742 	0.251531 	0.174150 	0.132187 	 0.015297 
0.155547 	0.249386 	0.172886 	0.130113 	 0.014306 
0.164044 	0.227532 	0.158336 	0.116635 	 0.013269 
0.170209 	0.228762 	0.158773 	0.117832 	 0.012441 
0.157636 	0.234319 	0.162939 	0.122153 	 0.014005 
0.166305 	0.240851 	0.167726 	0.124137 	 0.014039 
0.164626 	0.227152 	0.158293 	0.115282 	 0.012845 
0.158184 	0.236280 	0.163995 	0.123730 	 0.013554 
0.150843 	0.245015 	0.169374 	0.131713 	 0.014455 
0.152502 	0.246170 	0.170794 	0.130469 	 0.014793 
0.155245 	0.238862 	0.165946 	0.126277 	 0.014299 
0.155027 	0.234129 	0.162956 	0.120717 	 0.013657 
0.157955 	0.241125 	0.167306 	0.128618 	 0.014236 
0.161694 	0.239651 	0.166944 	0.121478 	 0.013195 
0.155362 	0.243295 	0.169079 	0.126557 	 0.014329 
0.148001 	0.244642 	0.169887 	0.127632 	 0.014582 
0.166870 	0.225023 	0.157455 	0.114388 	 0.013466 
0.137923 	0.258487 	0.178763 	0.137462 	 0.015387 
0.156336 	0.243367 	0.169301 	0.125264 	 0.014491 
0.140818 	0.261015 	0.180880 	0.138675 	 0.015231 
0.152506 	0.240777 	0.167920 	0.122071 	 0.014110 
0.154233 	0.240616 	0.167568 	0.126675 	 0.014579 
0.158954 	0.240642 	0.167958 	0.121670 	 0.014238 
0.149112 	0.246613 	0.171944 	0.126451 	 0.014333 
0.165738 	0.230544 	0.161421 	0.117292 	 0.013543 
0.161385 	0.239470 	0.167215 	0.123033 	 0.014059 
0.157948 	0.235056 	0.164573 	0.117926 	 0.013596 
0.159099 	0.230613 	0.161786 	0.114444 	 0.013450 
0.155263 	0.247843 	0.172835 	0.125389 	 0.013598 
0.150302 	0.249746 	0.173628 	0.132415 	 0.014702 
0.151120 	0.251216 	0.175393 	0.126771 	 0.014147 
0.150756 	0.246937 	0.172447 	0.125870 	 0.014788 
0.138456 	0.257117 	0.179023 	0.129712 	 0.014727 
0.138969 	0.260930 	0.180993 	0.137229 	 0.015460 
0.150956 	0.250462 	0.174707 	0.128221 	 0.015036 
0.156601 	0.233828 	0.164162 	0.116095 	 0.013822 
0.148939 	0.238847 	0.167202 	0.121006 	 0.014429 
0.154360 	0.245806 	0.171693 	0.124485 	 0.014184 
0.143845 	0.257390 	0.179778 	0.130680 	 0.015432 
0.144516 	0.249713 	0.174467 	0.127267 	 0.015027 
0.154580 	0.248395 	0.174311 	0.122872 	 0.015111 
0.134344 	0.254606 	0.177591 	0.128718 	 0.015214 
0.139630 	0.251464 	0.175981 	0.125342 	 0.015488 
0.163414 	0.231632 	0.163058 	0.110287 	 0.012529 
0.137889 	0.263008 	0.183102 	0.135434 	 0.015105 
0.133419 	0.260073 	0.181133 	0.135618 	 0.015767 
0.138118 	0.258013 	0.180370 	0.128348 	 0.015082 
0.152061 	0.244825 	0.172084 	0.119217 	 0.013971 
0.123824 	0.257232 	0.179833 	0.127706 	 0.016025 
0.142389 	0.251576 	0.176386 	0.121483 	 0.014136 
0.141936 	0.255096 	0.178900 	0.126016 	 0.015384 
0.132658 	0.256945 	0.179940 	0.128459 	 0.015359 
0.141172 	0.258956 	0.181428 	0.127616 	 0.014907 
0.136523 	0.248198 	0.174551 	0.121021 	 0.015408 
0.151263 	0.255336 	0.179247 	0.126636 	 0.014901 
0.137734 	0.256756 	0.180023 	0.128076 	 0.016058 
0.149102 	0.244987 	0.172440 	0.119868 	 0.014524 
0.148752 	0.243113 	0.171033 	0.119063 	 0.014230 
0.146710 	0.244999 	0.172676 	0.117455 	 0.014415 
0.131719 	0.267054 	0.186668 	0.135139 	 0.015536 
0.133157 	0.265547 	0.185992 	0.130952 	 0.015012 
0.133384 	0.265331 	0.185704 	0.132830 	 0.016119 
0.138713 	0.266764 	0.186696 	0.134901 	 0.015589 
0.147390 	0.253764 	0.178612 	0.124319 	 0.014978 
0.137941 	0.256939 	0.180787 	0.122855 	 0.014642 
0.129512 	0.262106 	0.183996 	0.129673 	 0.015768 
0.135788 	0.263619 	0.185017 	0.131544 	 0.015789 
0.124918 	0.268196 	0.188305 	0.134296 	 0.016763 
0.136419 	0.262843 	0.184529 	0.131718 	 0.016107 
0.126656 	0.269387 	0.188554 	0.136008 	 0.016369 
0.145184 	0.250582 	0.176735 	0.119884 	 0.014842 
0.142429 	0.261841 	0.183815 	0.132699 	 0.015351 
0.134679 	0.270556 	0.189648 	0.137193 	 0.016376 
0.134578 	0.263676 	0.185443 	0.127947 	 0.015649 
0.119299 	0.275173 	0.192713 	0.138920 	 0.016837 
0.142590 	0.251497 	0.177835 	0.119915 	 0.015324 
0.148474 	0.250563 	0.177386 	0.116435 	 0.014519 
0.138027 	0.257927 	0.181791 	0.126159 	 0.015571 
0.128610 	0.270925 	0.190160 	0.136032 	 0.016124 
0.128658 	0.276623 	0.194066 	0.138212 	 0.016649 
0.132254 	0.262178 	0.185034 	0.127396 	 0.016130 
0.109272 	0.285194 	0.199495 	0.145203 	 0.017648 
0.143329 	0.259615 	0.182913 	0.126063 	 0.014193 
0.142436 	0.254010 	0.179750 	0.120143 	 0.014459 
0.155877 	0.233415 	0.166805 	0.104312 	 0.013872 
0.131651 	0.262462 	0.185358 	0.126660 	 0.015551 
0.124971 	0.272193 	0.191878 	0.130522 	 0.015910 
0.135926 	0.268617 	0.189114 	0.130456 	 0.014730 
0.130385 	0.263158 	0.186052 	0.124047 	 0.015309 
0.139272 	0.267476 	0.188927 	0.129115 	 0.015735 
0.120837 	0.271054 	0.191323 	0.129580 	 0.015886 
0.130707 	0.265764 	0.187978 	0.126980 	 0.016072 
0.126690 	0.267695 	0.189256 	0.129855 	 0.016617 
0.128004 	0.267676 	0.189561 	0.126172 	 0.015826 
0.133865 	0.268154 	0.189655 	0.128769 	 0.016083 
0.126901 	0.273703 	0.193333 	0.131324 	 0.016060 
0.142369 	0.257298 	0.182444 	0.122424 	 0.015149 
0.132296 	0.267927 	0.189494 	0.126321 	 0.015507 
0.130517 	0.260740 	0.185043 	0.120017 	 0.015005 
0.127022 	0.272470 	0.192679 	0.130750 	 0.016368 
0.117885 	0.274491 	0.193744 	0.131245 	 0.016497 
0.130235 	0.261234 	0.185375 	0.121176 	 0.014910 
0.125732 	0.264751 	0.187811 	0.125097 	 0.016017 
0.116209 	0.277717 	0.196568 	0.132738 	 0.017190 
0.128041 	0.274948 	0.194907 	0.128463 	 0.016229 
0.129345 	0.270456 	0.191414 	0.127139 	 0.015654 
0.129859 	0.258056 	0.183398 	0.119568 	 0.015000 
0.129226 	0.275337 	0.194680 	0.133409 	 0.016244 
0.146542 	0.254014 	0.180839 	0.115850 	 0.014391 
0.124680 	0.275726 	0.195086 	0.134518 	 0.017232 
0.123624 	0.272405 	0.192763 	0.128659 	 0.015958 
0.114487 	0.287525 	0.203053 	0.136693 	 0.016806 
0.132756 	0.277294 	0.196504 	0.132743 	 0.016857 
0.133831 	0.260875 	0.185719 	0.120710 	 0.015850 
0.120079 	0.275740 	0.195124 	0.132752 	 0.016456 
0.138533 	0.268833 	0.191248 	0.124795 	 0.015624 
0.121686 	0.273919 	0.194101 	0.128381 	 0.016225 
0.123110 	0.274303 	0.194558 	0.130038 	 0.016305 
0.141029 	0.254628 	0.181927 	0.116160 	 0.014786 
0.122469 	0.274903 	0.195210 	0.130951 	 0.016646 
0.130704 	0.265588 	0.189050 	0.122437 	 0.015688 
0.119792 	0.272872 	0.193781 	0.129275 	 0.016413 
0.129419 	0.267498 	0.190762 	0.122430 	 0.016114 
0.121351 	0.271972 	0.193331 	0.127623 	 0.016298 
0.128704 	0.265798 	0.189868 	0.121063 	 0.016103 
0.137101 	0.252668 	0.180611 	0.113657 	 0.014965 
0.138198 	0.259686 	0.185534 	0.120323 	 0.015439 
0.130353 	0.280444 	0.199509 	0.131315 	 0.016607 
0.129680 	0.260759 	0.186797 	0.116275 	 0.015659 
0.113002 	0.281220 	0.199460 	0.134601 	 0.017226 
0.124810 	0.267845 	0.191137 	0.123721 	 0.016070 
0.116963 	0.277018 	0.196796 	0.133195 	 0.016991 
0.121048 	0.270484 	0.192317 	0.129109 	 0.016508 
0.122115 	0.277271 	0.197844 	0.126706 	 0.016953 
0.117842 	0.286144 	0.203625 	0.132563 	 0.017155 
0.122654 	0.275025 	0.196049 	0.125999 	 0.016376 
0.131495 	0.271212 	0.193405 	0.125389 	 0.015745 
0.111914 	0.287262 	0.204346 	0.135426 	 0.017823 
0.103160 	0.286553 	0.203296 	0.136253 	 0.017675 
0.128020 	0.267081 	0.190790 	0.122532 	 0.015852 
0.113242 	0.284913 	0.202741 	0.132386 	 0.016777 
0.123121 	0.277802 	0.198246 	0.127757 	 0.015827 
0.118969 	0.286734 	0.203947 	0.135000 	 0.016930 
0.117723 	0.282297 	0.201444 	0.129989 	 0.017051 
0.117779 	0.273282 	0.194924 	0.126337 	 0.016091 
0.123735 	0.278916 	0.199122 	0.128431 	 0.016486 
0.114142 	0.283032 	0.201408 	0.133545 	 0.017540 
0.127171 	0.270613 	0.193840 	0.123009 	 0.016410 
0.105866 	0.277010 	0.198235 	0.126061 	 0.017386 
0.119805 	0.279461 	0.199599 	0.129479 	 0.017222 
0.114488 	0.267844 	0.192260 	0.120653 	 0.016876 
0.109635 	0.276741 	0.197422 	0.128232 	 0.016664 
0.115245 	0.264072 	0.189852 	0.114941 	 0.015977 
0.119705 	0.272416 	0.194589 	0.126877 	 0.016152 
0.127702 	0.260496 	0.187433 	0.117177 	 0.016337 
0.112516 	0.261610 	0.187519 	0.117884 	 0.015916 
0.123996 	0.270774 	0.194075 	0.120049 	 0.015752 
0.128284 	0.257296 	0.184836 	0.116535 	 0.015177 
0.114238 	0.275723 	0.197964 	0.125490 	 0.017695 
0.130344 	0.263146 	0.189316 	0.116572 	 0.015362 
0.114739 	0.275967 	0.198006 	0.124912 	 0.016944 
0.124315 	0.264571 	0.190282 	0.118498 	 0.016118 
0.126852 	0.264089 	0.190263 	0.115817 	 0.015612 
0.109332 	0.277859 	0.199555 	0.123025 	 0.017049 
0.114198 	0.271314 	0.194540 	0.124249 	 0.016717 
0.135135 	0.254405 	0.184323 	0.108902 	 0.015717 
0.123166 	0.265768 	0.191280 	0.117805 	 0.015711 
0.129101 	0.269762 	0.194282 	0.119885 	 0.016081 
0.123347 	0.252697 	0.183545 	0.104877 	 0.015820 
0.134314 	0.260028 	0.187695 	0.113599 	 0.015193 
0.114054 	0.280603 	0.200951 	0.131498 	 0.017166 
0.110999 	0.292924 	0.209561 	0.136236 	 0.017713 
0.116975 	0.276564 	0.198712 	0.125842 	 0.017028 
0.132075 	0.269059 	0.194117 	0.120349 	 0.016183 
0.123457 	0.275615 	0.198014 	0.125682 	 0.016610 
0.114928 	0.275690 	0.198300 	0.123971 	 0.017114 
0.108349 	0.275219 	0.198428 	0.122371 	 0.017799 
0.110768 	0.284060 	0.203474 	0.130839 	 0.018139 
0.113484 	0.272899 	0.196809 	0.118063 	 0.016606 
0.118287 	0.270492 	0.195865 	0.115376 	 0.016456 
0.438468 	0.000256 	0.001483 	-0.002036 	 -0.000222 
0.439991 	0.008957 	0.007052 	0.006378 	 0.001478 
0.451295 	0.010682 	0.007881 	0.013219 	 0.001097 
0.448633 	0.011564 	0.008542 	0.014694 	 0.001772 
0.442744 	0.027340 	0.018406 	0.027122 	 0.001932 
0.445659 	0.022776 	0.015888 	0.022120 	 0.002065 
0.425801 	0.037800 	0.025414 	0.032932 	 0.003032 
0.438001 	0.025202 	0.017066 	0.026707 	 0.002593 
0.433690 	0.034317 	0.023370 	0.029042 	 0.002894 
0.427583 	0.027137 	0.018103 	0.029868 	 0.003188 
0.420232 	0.034175 	0.023371 	0.030499 	 0.004245 
0.425673 	0.034692 	0.023012 	0.034982 	 0.003477 
0.440529 	0.028447 	0.019514 	0.025603 	 0.001941 
0.449293 	0.009070 	0.006408 	0.016100 	 0.002420 
0.432405 	0.039400 	0.026523 	0.032664 	 0.002818 
0.418309 	0.047591 	0.031195 	0.042940 	 0.003968 
0.407351 	0.050326 	0.033509 	0.042049 	 0.004345 
0.423967 	0.033352 	0.022591 	0.030241 	 0.003376 
0.401193 	0.050069 	0.032841 	0.044067 	 0.004627 
0.411661 	0.042316 	0.028559 	0.036834 	 0.004892 
0.398891 	0.054980 	0.035762 	0.048371 	 0.005007 
0.393667 	0.057741 	0.037795 	0.052064 	 0.005720 
0.408159 	0.051485 	0.034158 	0.043447 	 0.005554 
0.393676 	0.053291 	0.034695 	0.046269 	 0.005401 
0.387869 	0.058671 	0.038426 	0.052040 	 0.006244 
0.395986 	0.057425 	0.038197 	0.047324 	 0.005645 
0.398125 	0.055194 	0.036407 	0.047473 	 0.005436 
0.388916 	0.047603 	0.031528 	0.043084 	 0.005643 
0.399281 	0.051349 	0.034276 	0.043085 	 0.005444 
0.377490 	0.071869 	0.047114 	0.060194 	 0.007523 
0.392163 	0.056328 	0.037204 	0.050144 	 0.006202 
0.387477 	0.059500 	0.038617 	0.054577 	 0.006110 
0.387256 	0.059041 	0.039375 	0.048147 	 0.006856 
0.397688 	0.053895 	0.035637 	0.045810 	 0.005217 
0.378803 	0.062659 	0.041392 	0.052355 	 0.007153 
0.378926 	0.063531 	0.042035 	0.051620 	 0.006211 
0.386096 	0.057192 	0.037599 	0.049693 	 0.006261 
0.384274 	0.057192 	0.037359 	0.052321 	 0.006404 
0.389297 	0.049983 	0.033005 	0.046309 	 0.006281 
0.370016 	0.066703 	0.043757 	0.055727 	 0.007305 
0.363040 	0.078093 	0.051484 	0.063134 	 0.007811 
0.366795 	0.072374 	0.047217 	0.061431 	 0.006963 
0.379724 	0.060606 	0.039730 	0.050531 	 0.005858 
0.373790 	0.072288 	0.047830 	0.057641 	 0.006877 
0.371974 	0.062267 	0.041056 	0.051389 	 0.006639 
0.376781 	0.062207 	0.041477 	0.052419 	 0.007410 
0.363012 	0.068864 	0.044696 	0.059820 	 0.006929 
0.375870 	0.061486 	0.040817 	0.052902 	 0.007113 
0.370151 	0.064230 	0.042480 	0.053053 	 0.007160 
0.358683 	0.073013 	0.047903 	0.061427 	 0.008060 
0.373477 	0.067654 	0.044649 	0.056599 	 0.006718 
0.369114 	0.061177 	0.040654 	0.048130 	 0.006463 
0.375885 	0.066525 	0.043832 	0.055786 	 0.006973 
0.376599 	0.062613 	0.041301 	0.053411 	 0.006511 
0.356402 	0.078932 	0.052052 	0.065403 	 0.008944 
0.361042 	0.074414 	0.049027 	0.062548 	 0.008145 
0.360605 	0.067659 	0.044389 	0.059070 	 0.007069 
0.348810 	0.084854 	0.055586 	0.069636 	 0.007987 
0.355483 	0.076372 	0.049969 	0.064580 	 0.008040 
0.352394 	0.078381 	0.052321 	0.061680 	 0.008598 
0.359000 	0.067912 	0.044908 	0.057726 	 0.007919 
0.363795 	0.061910 	0.041473 	0.050000 	 0.007503 
0.351187 	0.068340 	0.045528 	0.055870 	 0.008218 
0.345241 	0.072575 	0.048019 	0.059454 	 0.008720 
0.365476 	0.064085 	0.042284 	0.054509 	 0.006954 
0.350583 	0.076127 	0.050116 	0.062832 	 0.008068 
0.349920 	0.075573 	0.050104 	0.060397 	 0.008015 
0.359510 	0.073288 	0.048713 	0.060210 	 0.008614 
0.342626 	0.081539 	0.053347 	0.067453 	 0.008815 
0.335430 	0.082992 	0.054277 	0.069552 	 0.009625 
0.335008 	0.078822 	0.051673 	0.064869 	 0.008559 
0.338687 	0.085354 	0.056450 	0.066728 	 0.009120 
0.340900 	0.081206 	0.053736 	0.065350 	 0.008852 
0.341321 	0.084295 	0.055658 	0.069172 	 0.009549 
0.331517 	0.079839 	0.052637 	0.064717 	 0.009128 
0.347102 	0.067841 	0.044955 	0.057144 	 0.007912 
0.333715 	0.093042 	0.061629 	0.072190 	 0.009592 
0.334698 	0.090079 	0.059464 	0.069108 	 0.008389 
0.333504 	0.089329 	0.058891 	0.072369 	 0.009527 
0.345741 	0.077235 	0.051463 	0.061507 	 0.008283 
0.326259 	0.092791 	0.060919 	0.073842 	 0.009212 
0.333771 	0.084361 	0.056178 	0.064890 	 0.009019 
0.325247 	0.087994 	0.057664 	0.071653 	 0.009432 
0.340443 	0.083201 	0.055336 	0.063747 	 0.008112 
0.324135 	0.097870 	0.064528 	0.076557 	 0.009770 
0.324903 	0.090482 	0.059816 	0.070313 	 0.009222 
0.332758 	0.084939 	0.056493 	0.065386 	 0.009123 
0.338188 	0.074216 	0.049090 	0.058752 	 0.008040 
0.319972 	0.090990 	0.060310 	0.068009 	 0.009095 
0.326246 	0.092522 	0.061386 	0.070575 	 0.009406 
0.335895 	0.083544 	0.055123 	0.068412 	 0.009007 
0.317749 	0.098909 	0.065343 	0.075459 	 0.009692 
0.316238 	0.097025 	0.063998 	0.074678 	 0.009951 
0.327787 	0.085441 	0.056855 	0.065858 	 0.009018 
0.324126 	0.089120 	0.059132 	0.070145 	 0.009355 
0.313671 	0.100215 	0.066402 	0.076007 	 0.009832 
0.328615 	0.087701 	0.058459 	0.068053 	 0.009599 
0.313802 	0.091893 	0.060766 	0.071691 	 0.010002 
0.328572 	0.084902 	0.056572 	0.065178 	 0.008991 
0.326977 	0.091025 	0.060638 	0.068533 	 0.009048 
0.316215 	0.094095 	0.062394 	0.072808 	 0.009695 
0.321426 	0.094715 	0.062826 	0.071977 	 0.009150 
0.322361 	0.087633 	0.058638 	0.064846 	 0.009164 
0.318594 	0.083089 	0.055414 	0.063620 	 0.009220 
0.325369 	0.085782 	0.057198 	0.066234 	 0.008888 
0.305843 	0.095542 	0.063378 	0.073574 	 0.010237 
0.307349 	0.106611 	0.071118 	0.078563 	 0.010894 
0.304055 	0.105632 	0.069930 	0.079661 	 0.010654 
0.315114 	0.099217 	0.065691 	0.076285 	 0.009926 
0.311312 	0.089471 	0.059028 	0.069839 	 0.009241 
0.322615 	0.089528 	0.059607 	0.067543 	 0.008979 
0.286251 	0.109754 	0.072720 	0.082133 	 0.011061 
0.308924 	0.093068 	0.062426 	0.068322 	 0.010111 
0.309852 	0.103403 	0.069071 	0.075458 	 0.010133 
0.297527 	0.111687 	0.074138 	0.083374 	 0.011547 
0.314252 	0.100537 	0.067067 	0.076146 	 0.009898 
0.309556 	0.100028 	0.066707 	0.074372 	 0.010677 
0.318593 	0.093678 	0.062756 	0.069236 	 0.009896 
0.309760 	0.094908 	0.063656 	0.068360 	 0.010110 
0.309195 	0.097568 	0.064864 	0.074381 	 0.010549 
0.301240 	0.098856 	0.065933 	0.073839 	 0.010753 
0.299449 	0.098496 	0.065469 	0.074363 	 0.010676 
0.288547 	0.115528 	0.076509 	0.086989 	 0.011752 
0.305983 	0.105758 	0.070190 	0.077792 	 0.010082 
0.307887 	0.103772 	0.069465 	0.074746 	 0.010120 
0.281351 	0.118928 	0.078609 	0.088124 	 0.011859 
0.291114 	0.116094 	0.077108 	0.088157 	 0.012086 
0.292863 	0.107413 	0.071140 	0.081125 	 0.011334 
0.292877 	0.102920 	0.068797 	0.074942 	 0.010515 
0.288975 	0.118366 	0.078742 	0.084899 	 0.011343 
0.295491 	0.103171 	0.068526 	0.078333 	 0.010446 
0.289227 	0.112992 	0.075377 	0.081457 	 0.011111 
0.282279 	0.111681 	0.074378 	0.081998 	 0.011491 
0.301105 	0.096057 	0.064463 	0.072365 	 0.010846 
0.286396 	0.118026 	0.078443 	0.087189 	 0.012295 
0.284604 	0.111332 	0.074157 	0.080967 	 0.011369 
0.281718 	0.116269 	0.077140 	0.087793 	 0.012516 
0.290886 	0.103330 	0.069200 	0.075989 	 0.011515 
0.290070 	0.108910 	0.072635 	0.078644 	 0.010787 
0.284486 	0.109028 	0.072809 	0.078049 	 0.010924 
0.294213 	0.108905 	0.072947 	0.078618 	 0.011030 
0.301850 	0.100468 	0.067608 	0.072817 	 0.010466 
0.269164 	0.122933 	0.081855 	0.090138 	 0.013050 
0.283060 	0.104853 	0.070135 	0.075884 	 0.011065 
0.260904 	0.127214 	0.084777 	0.090749 	 0.013543 
0.270664 	0.119981 	0.080165 	0.084095 	 0.012617 
0.267355 	0.121946 	0.081349 	0.085936 	 0.011906 
0.287948 	0.115269 	0.077210 	0.082470 	 0.011664 
0.293075 	0.104764 	0.070382 	0.073540 	 0.010371 
0.282130 	0.109805 	0.073798 	0.079153 	 0.012135 
0.281645 	0.107653 	0.072017 	0.078108 	 0.011915 
0.285866 	0.107449 	0.072055 	0.076785 	 0.011508 
0.274341 	0.125991 	0.084145 	0.091228 	 0.012836 
0.287436 	0.117286 	0.078869 	0.081122 	 0.011865 
0.270289 	0.117917 	0.078861 	0.083971 	 0.012400 
0.280669 	0.116216 	0.077518 	0.085980 	 0.011728 
0.277277 	0.111560 	0.074510 	0.080953 	 0.011452 
0.278280 	0.114353 	0.076513 	0.082674 	 0.011929 
0.282481 	0.112905 	0.076157 	0.078464 	 0.011899 
0.271846 	0.120570 	0.080517 	0.087899 	 0.012023 
0.284376 	0.111965 	0.075750 	0.076511 	 0.011530 
0.285327 	0.105201 	0.071061 	0.073950 	 0.010910 
0.276864 	0.109888 	0.073759 	0.079190 	 0.011759 
0.280534 	0.111836 	0.075056 	0.080970 	 0.011994 
0.285503 	0.101278 	0.068294 	0.070031 	 0.010674 
0.276848 	0.106759 	0.071234 	0.079927 	 0.011671 
0.263810 	0.120910 	0.081112 	0.085119 	 0.012270 
0.282029 	0.107457 	0.072655 	0.073220 	 0.011400 
0.288000 	0.100982 	0.068451 	0.068942 	 0.010514 
0.280894 	0.112104 	0.075897 	0.074426 	 0.010953 
0.284633 	0.108821 	0.073590 	0.074456 	 0.011079 
0.287026 	0.105151 	0.070868 	0.073871 	 0.011035 
0.277663 	0.114850 	0.077462 	0.079258 	 0.011592 
0.277884 	0.113215 	0.076233 	0.079217 	 0.011703 
0.274331 	0.107807 	0.073075 	0.073251 	 0.011809 
0.266224 	0.116298 	0.078340 	0.078801 	 0.011951 
0.267376 	0.121445 	0.081659 	0.082755 	 0.011872 
0.264785 	0.129007 	0.086598 	0.088429 	 0.012264 
0.284496 	0.109635 	0.074073 	0.075896 	 0.011315 
0.259652 	0.131662 	0.088230 	0.091605 	 0.013118 
0.270143 	0.109376 	0.073922 	0.073836 	 0.011403 
0.266188 	0.127891 	0.085830 	0.089288 	 0.012675 
0.273994 	0.120315 	0.080811 	0.084001 	 0.011463 
0.263929 	0.122082 	0.082048 	0.083533 	 0.011840 
0.266389 	0.117403 	0.079199 	0.079537 	 0.011601 
0.270971 	0.121688 	0.082456 	0.080443 	 0.011635 
0.266474 	0.120883 	0.081852 	0.081106 	 0.012092 
0.270224 	0.115507 	0.078332 	0.076135 	 0.011792 
0.253351 	0.135886 	0.091268 	0.093370 	 0.013200 
0.271513 	0.113020 	0.076071 	0.078923 	 0.010996 
0.249189 	0.137450 	0.092428 	0.091933 	 0.012677 
0.264195 	0.123368 	0.083197 	0.084128 	 0.011813 
0.259120 	0.129041 	0.087188 	0.085879 	 0.012134 
0.251783 	0.133621 	0.090073 	0.092036 	 0.013308 
0.263514 	0.126933 	0.085864 	0.084827 	 0.012114 
0.257080 	0.122226 	0.082331 	0.084319 	 0.012610 
0.254611 	0.120359 	0.081485 	0.081330 	 0.012538 
0.257175 	0.118928 	0.080642 	0.079644 	 0.012124 
0.250467 	0.126980 	0.085672 	0.085196 	 0.012522 
0.256758 	0.120295 	0.081418 	0.079864 	 0.011929 
0.254114 	0.127041 	0.085708 	0.089950 	 0.013349 
0.257570 	0.125028 	0.084851 	0.082002 	 0.011794 
0.249558 	0.128727 	0.087194 	0.085693 	 0.012858 
0.243450 	0.135809 	0.090960 	0.096345 	 0.013311 
0.249517 	0.135614 	0.092144 	0.085655 	 0.012441 
0.248686 	0.128962 	0.087074 	0.084479 	 0.012156 
0.239897 	0.134852 	0.091273 	0.088570 	 0.013783 
0.242973 	0.133998 	0.090355 	0.090455 	 0.012948 
0.228718 	0.145342 	0.097695 	0.097128 	 0.013727 
0.239850 	0.131724 	0.089242 	0.085351 	 0.012877 
0.237646 	0.140994 	0.095685 	0.091689 	 0.013888 
0.239680 	0.139751 	0.094643 	0.091895 	 0.013153 
0.244642 	0.130320 	0.088406 	0.086409 	 0.013017 
0.234965 	0.143743 	0.096966 	0.097735 	 0.014211 
0.244913 	0.125864 	0.085579 	0.081563 	 0.012763 
0.248199 	0.125891 	0.085654 	0.081602 	 0.013011 
0.232835 	0.134069 	0.090856 	0.087919 	 0.013270 
0.228474 	0.132365 	0.089419 	0.085666 	 0.012808 
0.243484 	0.123649 	0.084563 	0.078126 	 0.012536 
0.242080 	0.139382 	0.094658 	0.088930 	 0.012949 
0.234837 	0.132592 	0.090573 	0.084070 	 0.013081 
0.227502 	0.133324 	0.090290 	0.088753 	 0.013598 
0.233413 	0.140461 	0.094953 	0.092422 	 0.012887 
0.237902 	0.135079 	0.092114 	0.085727 	 0.013014 
0.217494 	0.146208 	0.098993 	0.095166 	 0.014342 
0.232681 	0.127523 	0.087126 	0.081203 	 0.012935 
0.213168 	0.146206 	0.099340 	0.092381 	 0.014280 
0.217714 	0.143758 	0.097417 	0.092449 	 0.013727 
0.221150 	0.148140 	0.100623 	0.094282 	 0.013722 
0.228970 	0.138394 	0.094331 	0.086885 	 0.013111 
0.218670 	0.144027 	0.097790 	0.091920 	 0.013297 
0.217801 	0.151388 	0.102708 	0.097983 	 0.014351 
0.219440 	0.152635 	0.103573 	0.100212 	 0.014790 
0.215076 	0.155547 	0.105302 	0.102070 	 0.014512 
0.207825 	0.152141 	0.102926 	0.098803 	 0.014723 
0.210341 	0.145501 	0.099109 	0.092244 	 0.014823 
0.215870 	0.144194 	0.097388 	0.096444 	 0.013924 
0.210534 	0.144800 	0.098482 	0.092366 	 0.014307 
0.208824 	0.148498 	0.100958 	0.094848 	 0.014726 
0.215609 	0.145793 	0.099426 	0.092416 	 0.014276 
0.211791 	0.148958 	0.101525 	0.092793 	 0.013997 
0.215984 	0.144874 	0.099119 	0.090385 	 0.014243 
0.189838 	0.157596 	0.107255 	0.097433 	 0.015357 
0.192906 	0.157311 	0.106673 	0.099983 	 0.015358 
0.195904 	0.161928 	0.109561 	0.104419 	 0.015873 
0.215062 	0.141208 	0.096589 	0.087460 	 0.013729 
0.211680 	0.148404 	0.101273 	0.091282 	 0.013687 
0.188250 	0.166481 	0.112179 	0.108346 	 0.014995 
0.194131 	0.157116 	0.107169 	0.097524 	 0.015556 
0.196013 	0.158201 	0.107539 	0.098769 	 0.014139 
0.191808 	0.164184 	0.111232 	0.103329 	 0.015058 
0.214106 	0.147387 	0.100819 	0.093586 	 0.014766 
0.198967 	0.155323 	0.106094 	0.094688 	 0.014648 
0.202544 	0.146552 	0.100313 	0.089433 	 0.013792 
0.202447 	0.155584 	0.106257 	0.095624 	 0.014822 
0.190262 	0.162650 	0.110244 	0.102069 	 0.014815 
0.191456 	0.164485 	0.112216 	0.101148 	 0.015212 
0.189678 	0.151273 	0.103296 	0.094491 	 0.015242 
0.194632 	0.161304 	0.110380 	0.097954 	 0.014998 
0.210110 	0.149297 	0.102687 	0.088988 	 0.013743 
0.182526 	0.174248 	0.118123 	0.108632 	 0.015934 
0.184709 	0.162585 	0.111200 	0.097789 	 0.015713 
0.182914 	0.163849 	0.111192 	0.104580 	 0.015644 
0.178628 	0.173515 	0.118504 	0.106263 	 0.016508 
0.184197 	0.168141 	0.114359 	0.106044 	 0.015753 
0.182213 	0.158968 	0.108472 	0.098339 	 0.015390 
0.183991 	0.169802 	0.115277 	0.104927 	 0.015505 
0.185822 	0.162893 	0.110548 	0.102002 	 0.014595 
0.179086 	0.168875 	0.115001 	0.104481 	 0.016415 
0.181955 	0.161164 	0.109975 	0.095986 	 0.014794 
0.187038 	0.157274 	0.107516 	0.093044 	 0.014564 
0.189756 	0.165590 	0.112971 	0.101802 	 0.015182 
0.189227 	0.157641 	0.107687 	0.095459 	 0.015205 
0.198032 	0.149014 	0.102392 	0.089551 	 0.013876 
0.170065 	0.167970 	0.114512 	0.102461 	 0.015881 
0.187669 	0.154159 	0.105994 	0.092448 	 0.015243 
0.174186 	0.171323 	0.116355 	0.107678 	 0.015955 
0.178955 	0.174576 	0.119223 	0.106449 	 0.016290 
0.186174 	0.157469 	0.107852 	0.095124 	 0.015156 
0.186850 	0.170697 	0.116794 	0.102437 	 0.015500 
0.180005 	0.167657 	0.114805 	0.101475 	 0.015853 
0.180982 	0.164324 	0.112136 	0.100078 	 0.014834 
0.184523 	0.167078 	0.114338 	0.100635 	 0.015399 
0.168181 	0.175509 	0.119940 	0.105020 	 0.016170 
0.170212 	0.185001 	0.125670 	0.114904 	 0.016523 
0.178520 	0.160132 	0.109572 	0.097634 	 0.015423 
0.186600 	0.158606 	0.109066 	0.093562 	 0.014345 
0.168066 	0.176192 	0.120367 	0.105480 	 0.016369 
0.179952 	0.164347 	0.112668 	0.099691 	 0.015443 
0.175864 	0.171156 	0.117419 	0.103215 	 0.016393 
0.175403 	0.161915 	0.110977 	0.096038 	 0.015677 
0.181630 	0.149544 	0.102882 	0.089633 	 0.014555 
0.156138 	0.184036 	0.125373 	0.113911 	 0.018012 
0.183829 	0.168036 	0.115452 	0.101645 	 0.015348 
0.174178 	0.166376 	0.114356 	0.098097 	 0.015947 
0.160741 	0.188790 	0.128516 	0.116225 	 0.016798 
0.178801 	0.160396 	0.110725 	0.092583 	 0.015125 
0.168762 	0.179795 	0.122896 	0.110049 	 0.016449 
0.183050 	0.171422 	0.117237 	0.103961 	 0.015551 
0.174457 	0.173819 	0.119421 	0.102264 	 0.015722 
0.186789 	0.157033 	0.108578 	0.090702 	 0.014568 
0.177317 	0.169038 	0.116250 	0.102334 	 0.016380 
0.165219 	0.176512 	0.121059 	0.105225 	 0.016342 
0.185853 	0.167893 	0.115611 	0.099463 	 0.015005 
0.171267 	0.176309 	0.120772 	0.105315 	 0.015727 
0.198972 	0.148926 	0.103623 	0.086116 	 0.014237 
0.181309 	0.170165 	0.117343 	0.099153 	 0.015408 
0.183368 	0.166859 	0.115444 	0.096488 	 0.015392 
0.164547 	0.181144 	0.124188 	0.108754 	 0.016421 
0.180998 	0.171132 	0.117967 	0.099678 	 0.015376 
0.173025 	0.160296 	0.110670 	0.093088 	 0.014870 
0.176643 	0.164316 	0.112857 	0.100013 	 0.015644 
0.169208 	0.175524 	0.120452 	0.103337 	 0.015546 
0.181890 	0.158960 	0.110163 	0.091521 	 0.014691 
0.166286 	0.184997 	0.127058 	0.107477 	 0.016070 
0.172902 	0.172380 	0.118997 	0.099502 	 0.016002 
0.164978 	0.177163 	0.121810 	0.104531 	 0.016529 
0.169686 	0.167833 	0.115453 	0.098365 	 0.014872 
0.165680 	0.174417 	0.119684 	0.102061 	 0.015387 
0.177181 	0.171165 	0.118666 	0.096656 	 0.015574 
0.176882 	0.166676 	0.114813 	0.098724 	 0.014923 
0.182947 	0.160693 	0.111292 	0.093592 	 0.014804 
0.166150 	0.165718 	0.114427 	0.097027 	 0.015233 
0.177405 	0.158312 	0.109600 	0.090430 	 0.014583 
0.177904 	0.168772 	0.117208 	0.093172 	 0.014985 
0.174045 	0.168057 	0.116817 	0.094357 	 0.015656 
0.172005 	0.160683 	0.111690 	0.091047 	 0.015244 
0.162918 	0.181615 	0.125230 	0.104297 	 0.015497 
0.161923 	0.178918 	0.123436 	0.104206 	 0.016596 
0.173246 	0.171697 	0.119051 	0.098445 	 0.015777 
0.175357 	0.170406 	0.118296 	0.098010 	 0.015808 
0.173921 	0.171542 	0.118988 	0.098191 	 0.015935 
0.156657 	0.177462 	0.122556 	0.102673 	 0.016469 
0.159562 	0.185467 	0.127816 	0.108401 	 0.016550 
0.168004 	0.173692 	0.120839 	0.096230 	 0.015915 
0.188367 	0.164751 	0.114781 	0.092919 	 0.014959 
0.173329 	0.164431 	0.114382 	0.093272 	 0.015048 
0.173335 	0.175382 	0.121830 	0.098197 	 0.015813 
0.173648 	0.168661 	0.117475 	0.094210 	 0.015721 
0.164232 	0.176619 	0.122317 	0.100833 	 0.015962 
0.175771 	0.172110 	0.119608 	0.097979 	 0.015417 
0.167881 	0.168249 	0.117229 	0.092996 	 0.015226 
0.157409 	0.180951 	0.125252 	0.103605 	 0.016295 
0.185854 	0.161372 	0.112715 	0.089891 	 0.014538 
0.173791 	0.170777 	0.118991 	0.096227 	 0.015252 
0.170518 	0.167557 	0.116695 	0.095017 	 0.015692 
0.164907 	0.165687 	0.115327 	0.094646 	 0.015804 
0.164192 	0.163713 	0.114141 	0.090312 	 0.015429 
0.163275 	0.167295 	0.116410 	0.092413 	 0.015257 
0.159078 	0.175168 	0.122149 	0.094977 	 0.015782 
0.175443 	0.162311 	0.113629 	0.089105 	 0.015390 
0.158017 	0.180199 	0.124956 	0.102412 	 0.016341 
0.156979 	0.183959 	0.127833 	0.103246 	 0.016424 
0.154095 	0.175091 	0.121887 	0.096709 	 0.015709 
0.151248 	0.180949 	0.125352 	0.104558 	 0.016492 
0.154296 	0.180148 	0.125210 	0.102087 	 0.016543 
0.150725 	0.183117 	0.126846 	0.106429 	 0.016688 
0.153431 	0.179232 	0.125096 	0.100634 	 0.016878 
0.142047 	0.176264 	0.122848 	0.097410 	 0.016772 
0.151902 	0.187519 	0.130047 	0.107414 	 0.017175 
0.143575 	0.187768 	0.130663 	0.102362 	 0.016522 
0.154170 	0.184073 	0.127905 	0.103513 	 0.016426 
0.148781 	0.180392 	0.125406 	0.103439 	 0.016235 
0.150159 	0.184098 	0.128112 	0.102452 	 0.016524 
0.146234 	0.186258 	0.129442 	0.105184 	 0.016771 
0.144993 	0.188606 	0.130870 	0.105091 	 0.016604 
0.137411 	0.193470 	0.134119 	0.110508 	 0.017464 
0.145342 	0.193010 	0.134185 	0.107949 	 0.017470 
0.176621 	0.171346 	0.120436 	0.090671 	 0.014959 
0.151772 	0.184344 	0.128419 	0.101880 	 0.016655 
0.152446 	0.187533 	0.130793 	0.103811 	 0.016714 
0.145685 	0.184596 	0.128556 	0.102681 	 0.016653 
0.140685 	0.192634 	0.134286 	0.107098 	 0.017401 
0.157472 	0.172226 	0.120838 	0.092379 	 0.015761 
0.140781 	0.188049 	0.131182 	0.102527 	 0.017269 
0.137862 	0.188627 	0.131737 	0.102356 	 0.017147 
0.141414 	0.190491 	0.132874 	0.103256 	 0.016946 
0.144833 	0.185867 	0.129428 	0.103251 	 0.016440 
0.151200 	0.180524 	0.126432 	0.098632 	 0.016288 
0.136014 	0.195839 	0.136117 	0.110075 	 0.017629 
0.140435 	0.180848 	0.126615 	0.099303 	 0.016932 
0.136073 	0.197082 	0.137627 	0.107843 	 0.017889 
0.145827 	0.183783 	0.128526 	0.100481 	 0.016739 
0.143713 	0.179290 	0.124874 	0.101188 	 0.016303 
0.128693 	0.187980 	0.131106 	0.101716 	 0.017284 
0.138343 	0.180777 	0.126733 	0.098564 	 0.017348 
0.141753 	0.184668 	0.129154 	0.098707 	 0.016825 
0.146034 	0.178288 	0.124635 	0.096737 	 0.015629 
0.149300 	0.176243 	0.124217 	0.092747 	 0.016159 
0.136184 	0.182754 	0.128304 	0.096460 	 0.016602 
0.138369 	0.177187 	0.124331 	0.097034 	 0.016944 
0.122307 	0.199192 	0.138880 	0.109686 	 0.018213 
0.142540 	0.184055 	0.129184 	0.098994 	 0.016593 
0.137610 	0.186518 	0.130899 	0.099008 	 0.017074 
0.131695 	0.199958 	0.139371 	0.110336 	 0.017060 
0.131099 	0.188706 	0.132321 	0.101240 	 0.017145 
0.131244 	0.195691 	0.136955 	0.104593 	 0.017539 
0.136715 	0.188126 	0.132009 	0.100370 	 0.016766 
0.142981 	0.179172 	0.126514 	0.091928 	 0.016458 
0.122207 	0.191903 	0.134262 	0.102656 	 0.017368 
0.130441 	0.189113 	0.133076 	0.098997 	 0.017156 
0.118397 	0.191707 	0.134276 	0.104442 	 0.017839 
0.137670 	0.176886 	0.125166 	0.090676 	 0.016846 
0.141989 	0.168361 	0.119645 	0.084732 	 0.015474 
0.135523 	0.187797 	0.132116 	0.099728 	 0.017454 
0.132844 	0.187110 	0.132125 	0.095670 	 0.017174 
0.127641 	0.190426 	0.134062 	0.101548 	 0.017523 
0.130539 	0.186392 	0.131352 	0.096933 	 0.016685 
0.132015 	0.192347 	0.135520 	0.100657 	 0.017235 
0.122157 	0.186938 	0.131576 	0.099640 	 0.017556 
0.121189 	0.196000 	0.137444 	0.105219 	 0.017908 
0.134950 	0.182351 	0.128804 	0.094755 	 0.016638 
0.132330 	0.193953 	0.136971 	0.099706 	 0.017300 
0.129298 	0.185819 	0.131458 	0.095663 	 0.017360 
0.135936 	0.187883 	0.132370 	0.099197 	 0.016693 
0.121078 	0.193790 	0.136987 	0.096428 	 0.017597 
0.121461 	0.196389 	0.138028 	0.104800 	 0.018203 
0.117679 	0.200791 	0.141328 	0.105555 	 0.018311 
0.129582 	0.176433 	0.125552 	0.086986 	 0.016525 
0.114773 	0.195380 	0.137776 	0.101550 	 0.017952 
0.123807 	0.190407 	0.134337 	0.099720 	 0.017067 
0.115035 	0.192919 	0.136312 	0.098111 	 0.017703 
0.111474 	0.202142 	0.141954 	0.107821 	 0.018774 
0.122598 	0.187168 	0.132534 	0.095219 	 0.017141 
0.126429 	0.187222 	0.132651 	0.096208 	 0.017472 
0.115806 	0.192361 	0.136043 	0.096838 	 0.017273 
0.110238 	0.190996 	0.134928 	0.098723 	 0.018043 
0.119893 	0.190097 	0.134273 	0.097075 	 0.016944 
0.110621 	0.205973 	0.145036 	0.107260 	 0.018611 
0.118527 	0.190320 	0.134578 	0.096108 	 0.016714 
0.110432 	0.195087 	0.137411 	0.101513 	 0.017855 
0.124587 	0.191086 	0.135276 	0.096995 	 0.017094 
0.116299 	0.194514 	0.137186 	0.099810 	 0.017369 
0.112482 	0.188799 	0.133696 	0.095163 	 0.017381 
0.117816 	0.191683 	0.135632 	0.099548 	 0.017713 
0.117489 	0.199492 	0.140197 	0.107152 	 0.017695 
0.121193 	0.185163 	0.131725 	0.093157 	 0.017171 
0.115616 	0.195298 	0.138003 	0.098595 	 0.017458 
0.127180 	0.178616 	0.127073 	0.091555 	 0.017543 
0.122293 	0.204223 	0.144315 	0.105004 	 0.017204 
0.109793 	0.205235 	0.144446 	0.107216 	 0.017775 
0.097856 	0.204434 	0.143807 	0.107181 	 0.018710 
0.107440 	0.194297 	0.137875 	0.099549 	 0.018294 
0.127376 	0.184220 	0.131645 	0.088955 	 0.016485 
0.100442 	0.201269 	0.142199 	0.105105 	 0.018335 
0.115171 	0.193656 	0.137774 	0.097309 	 0.017958 
0.100634 	0.199540 	0.140925 	0.103094 	 0.018258 
0.099908 	0.205713 	0.145145 	0.107222 	 0.018572 
0.117477 	0.196292 	0.139522 	0.098319 	 0.017665 
0.095890 	0.197985 	0.140182 	0.101659 	 0.018483 
0.101859 	0.197496 	0.140074 	0.099204 	 0.017907 
0.100234 	0.200026 	0.141575 	0.101850 	 0.017909 
0.106014 	0.199472 	0.141553 	0.100413 	 0.017920 
0.103979 	0.196402 	0.139818 	0.097729 	 0.017982 
0.099474 	0.197844 	0.140693 	0.099835 	 0.017992 
0.107949 	0.203568 	0.144450 	0.104152 	 0.018802 
0.104162 	0.210518 	0.148791 	0.110979 	 0.019079 
0.101376 	0.209433 	0.148518 	0.104294 	 0.018824 
0.108381 	0.200056 	0.142199 	0.100310 	 0.017648 
0.091167 	0.211916 	0.149785 	0.108936 	 0.018912 
0.109314 	0.195897 	0.139728 	0.096238 	 0.017572 
0.078295 	0.213427 	0.150744 	0.112752 	 0.020945 
0.094129 	0.212436 	0.150233 	0.108484 	 0.019171 
0.097109 	0.199692 	0.141992 	0.099611 	 0.018397 
0.113901 	0.188238 	0.134543 	0.093096 	 0.016872 
0.108108 	0.193100 	0.137864 	0.094325 	 0.017568 
0.084835 	0.204635 	0.144832 	0.104512 	 0.018897 
0.090034 	0.200505 	0.142017 	0.104289 	 0.019072 
0.095947 	0.206847 	0.146392 	0.107950 	 0.018877 
0.102194 	0.197598 	0.140690 	0.099143 	 0.018115 
0.099040 	0.206589 	0.146884 	0.101455 	 0.018411 
0.086049 	0.211914 	0.150356 	0.107344 	 0.019189 
0.089363 	0.206457 	0.146603 	0.106395 	 0.019624 
0.102722 	0.195411 	0.139773 	0.097558 	 0.018762 
0.100228 	0.193923 	0.138828 	0.094187 	 0.018605 
0.095950 	0.190996 	0.136622 	0.093658 	 0.017928 
0.087756 	0.210226 	0.149345 	0.104985 	 0.018790 
0.089437 	0.210313 	0.149632 	0.106461 	 0.019315 
0.083734 	0.202011 	0.144134 	0.100530 	 0.019277 
0.105882 	0.189981 	0.136529 	0.091690 	 0.017916 
0.096592 	0.198417 	0.142245 	0.095172 	 0.018327 
0.088563 	0.206105 	0.146722 	0.104707 	 0.019106 
0.102078 	0.196014 	0.140653 	0.094156 	 0.017692 
0.090959 	0.203641 	0.145674 	0.099946 	 0.019254 
0.076587 	0.225186 	0.159052 	0.117175 	 0.019729 
0.092613 	0.202478 	0.144308 	0.103131 	 0.019284 
0.088561 	0.195311 	0.139650 	0.096114 	 0.018553 
0.093202 	0.201525 	0.144072 	0.098939 	 0.018515 
0.099238 	0.205156 	0.146319 	0.104905 	 0.019303 
0.096796 	0.205816 	0.147018 	0.100982 	 0.018462 
0.091156 	0.207737 	0.148345 	0.104579 	 0.019235 
0.100362 	0.203677 	0.146268 	0.098726 	 0.019146 
0.072202 	0.223195 	0.158207 	0.113487 	 0.020060 
0.087890 	0.200498 	0.143885 	0.095141 	 0.018285 
0.098201 	0.198884 	0.143167 	0.095099 	 0.018608 
0.090100 	0.202723 	0.145540 	0.098296 	 0.018783 
0.099155 	0.192856 	0.139027 	0.093341 	 0.018304 
0.084500 	0.200790 	0.144542 	0.096052 	 0.019272 
0.087438 	0.207938 	0.148699 	0.103596 	 0.020001 
0.097697 	0.191321 	0.137992 	0.091132 	 0.018207 
0.076323 	0.216901 	0.154580 	0.109612 	 0.019888 
0.094946 	0.199877 	0.144088 	0.095779 	 0.018784 
0.088434 	0.202807 	0.145600 	0.097783 	 0.018649 
0.094671 	0.185489 	0.134363 	0.086637 	 0.018457 
0.090673 	0.200520 	0.144049 	0.096923 	 0.018470 
0.075084 	0.214043 	0.152850 	0.107570 	 0.019554 
0.107190 	0.185457 	0.134944 	0.083917 	 0.017066 
0.085726 	0.196783 	0.141840 	0.091998 	 0.017795 
0.090803 	0.197525 	0.142579 	0.092645 	 0.018316 
0.091526 	0.189800 	0.137183 	0.088400 	 0.017578 
0.090080 	0.197813 	0.142658 	0.091483 	 0.018137 
0.076532 	0.205869 	0.148116 	0.096816 	 0.018665 
0.091543 	0.195180 	0.141251 	0.089994 	 0.017907 
0.075189 	0.221316 	0.158532 	0.107429 	 0.019623 
0.075444 	0.218609 	0.156334 	0.106696 	 0.019295 
0.090904 	0.199161 	0.143764 	0.094013 	 0.018250 
0.070039 	0.216641 	0.155315 	0.106320 	 0.020293 
0.097252 	0.194694 	0.141219 	0.090331 	 0.017852 
0.088908 	0.190463 	0.138284 	0.087089 	 0.018120 
0.082365 	0.208194 	0.149846 	0.101638 	 0.019697 
0.071986 	0.220807 	0.158432 	0.107699 	 0.020176 
0.080420 	0.211043 	0.151977 	0.100929 	 0.019432 
0.065324 	0.211392 	0.151309 	0.104457 	 0.019559 
0.085935 	0.194972 	0.140631 	0.093247 	 0.018347 
0.062653 	0.212427 	0.153045 	0.101549 	 0.020704 
0.072351 	0.217146 	0.156291 	0.103680 	 0.020604 
0.080341 	0.207896 	0.149605 	0.101423 	 0.019273 
0.067357 	0.219526 	0.157502 	0.107241 	 0.020507 
0.076973 	0.206626 	0.149136 	0.096800 	 0.019551 
0.081315 	0.208693 	0.150484 	0.099995 	 0.019740 
0.082452 	0.199396 	0.144715 	0.091291 	 0.018538 
0.078936 	0.205220 	0.148410 	0.096480 	 0.019078 
0.081087 	0.206194 	0.149123 	0.097379 	 0.019501 
0.069727 	0.208341 	0.150116 	0.100216 	 0.019679 
0.090880 	0.196258 	0.142784 	0.091079 	 0.018728 
0.068305 	0.213442 	0.154009 	0.102638 	 0.020243 
0.065572 	0.217965 	0.157573 	0.101075 	 0.020712 
0.060021 	0.226145 	0.162245 	0.110638 	 0.020850 
0.073133 	0.211502 	0.152937 	0.100234 	 0.019801 
0.068028 	0.221667 	0.159913 	0.104745 	 0.020639 
0.069621 	0.215833 	0.155910 	0.101730 	 0.020551 
0.079230 	0.199505 	0.145129 	0.093159 	 0.019233 
0.066429 	0.214560 	0.154635 	0.103034 	 0.020513 
0.068109 	0.212038 	0.153258 	0.098296 	 0.019325 
0.083628 	0.200692 	0.146153 	0.091448 	 0.018931 
0.053949 	0.218956 	0.157422 	0.107131 	 0.020780 
0.053090 	0.218581 	0.157613 	0.103303 	 0.020901 
0.067410 	0.211269 	0.153437 	0.097710 	 0.020555 
0.075043 	0.215996 	0.156467 	0.100571 	 0.020073 
0.078486 	0.206305 	0.150151 	0.094159 	 0.019607 
0.067231 	0.206515 	0.150021 	0.093459 	 0.018992 
0.064325 	0.220376 	0.159331 	0.105234 	 0.020680 
0.070182 	0.209537 	0.151945 	0.099397 	 0.020437 
0.078214 	0.199329 	0.145795 	0.087006 	 0.018781 
0.072858 	0.205733 	0.149430 	0.095768 	 0.019327 
0.065680 	0.214106 	0.155406 	0.098705 	 0.020301 
0.067900 	0.214284 	0.155012 	0.100415 	 0.020010 
0.062837 	0.219790 	0.159002 	0.102642 	 0.020606 
0.057180 	0.223889 	0.161836 	0.107011 	 0.021364 
0.077499 	0.209645 	0.152963 	0.094706 	 0.019924 
0.070083 	0.207668 	0.151501 	0.094074 	 0.020266 
0.063600 	0.224062 	0.162031 	0.107506 	 0.020796 
0.050884 	0.223048 	0.161454 	0.105883 	 0.021605 
0.059586 	0.216333 	0.156790 	0.103258 	 0.020561 
0.074924 	0.206655 	0.150724 	0.095168 	 0.019626 
0.071606 	0.214715 	0.156520 	0.097225 	 0.019959 
0.067042 	0.216472 	0.157677 	0.098872 	 0.020433 
0.075907 	0.222107 	0.161452 	0.102333 	 0.020028 
0.052929 	0.236846 	0.170497 	0.115220 	 0.021618 
0.075819 	0.211611 	0.154425 	0.097518 	 0.020032 
0.066135 	0.218174 	0.158749 	0.101631 	 0.020575 
0.066771 	0.202803 	0.148515 	0.091555 	 0.020040 
0.050489 	0.226561 	0.163937 	0.107145 	 0.021344 
0.061830 	0.211469 	0.154025 	0.094560 	 0.019685 
0.072905 	0.200749 	0.147450 	0.088273 	 0.019814 
0.085702 	0.193203 	0.142658 	0.081751 	 0.018499 
0.076610 	0.200812 	0.147640 	0.087916 	 0.018982 
0.086987 	0.203810 	0.149993 	0.090951 	 0.019814 
0.063813 	0.224763 	0.163667 	0.103892 	 0.021324 
0.080282 	0.211986 	0.155016 	0.095658 	 0.019671 
0.063517 	0.225342 	0.163392 	0.107338 	 0.020787 
0.058948 	0.217164 	0.158490 	0.098109 	 0.021517 
0.061498 	0.218269 	0.158888 	0.100329 	 0.020380 
0.071611 	0.215212 	0.157004 	0.099334 	 0.020781 
0.069234 	0.220779 	0.161103 	0.102070 	 0.020622 
0.073645 	0.215911 	0.157722 	0.099006 	 0.020425 
0.063138 	0.218926 	0.159884 	0.101228 	 0.021546 
0.066969 	0.224146 	0.163143 	0.104289 	 0.020908 
0.079610 	0.209597 	0.153914 	0.094903 	 0.019647 
0.067992 	0.220837 	0.161077 	0.104675 	 0.021287 
0.076727 	0.214052 	0.157041 	0.096247 	 0.020065 
0.067975 	0.223667 	0.162979 	0.105626 	 0.020886 
0.063188 	0.219014 	0.160190 	0.101002 	 0.021220 
0.064727 	0.221826 	0.161894 	0.103594 	 0.020501 
0.072682 	0.217430 	0.159215 	0.100462 	 0.020738 
0.059365 	0.229328 	0.166873 	0.109439 	 0.022291 
0.077453 	0.214468 	0.157065 	0.101424 	 0.020909 
0.067010 	0.213274 	0.156946 	0.096309 	 0.021366 
0.073089 	0.208344 	0.153570 	0.092688 	 0.020806 
0.063839 	0.229758 	0.167375 	0.109576 	 0.021540 
0.405748 	0.009311 	0.007305 	-0.000399 	 0.002244 
0.408282 	0.007280 	0.005600 	0.004202 	 0.002610 
0.410908 	0.029241 	0.019187 	0.031933 	 0.004974 
0.406085 	0.031323 	0.020205 	0.035469 	 0.004293 
0.427399 	0.020543 	0.014377 	0.021863 	 0.002973 
0.394180 	0.046709 	0.030767 	0.042490 	 0.005273 
0.408846 	0.034897 	0.023426 	0.033262 	 0.004414 
0.427168 	0.014776 	0.010005 	0.020970 	 0.002775 
0.384335 	0.058580 	0.038608 	0.050911 	 0.006727 
0.396089 	0.043504 	0.028885 	0.038380 	 0.004930 
0.390618 	0.045565 	0.029918 	0.042239 	 0.004990 
0.394039 	0.039865 	0.026431 	0.036507 	 0.004221 
0.370314 	0.065639 	0.043007 	0.055310 	 0.006998 
0.386776 	0.032702 	0.021551 	0.033996 	 0.005784 
0.391806 	0.049124 	0.032631 	0.041391 	 0.004708 
0.387599 	0.048024 	0.031379 	0.043617 	 0.004693 
0.361622 	0.070540 	0.046396 	0.058891 	 0.007654 
0.387413 	0.047530 	0.031006 	0.044073 	 0.005509 
0.381219 	0.039618 	0.026338 	0.036589 	 0.005438 
0.383860 	0.048116 	0.031830 	0.044667 	 0.006131 
0.382389 	0.043057 	0.028434 	0.040496 	 0.005101 
0.368730 	0.048183 	0.031776 	0.042111 	 0.005631 
0.378839 	0.039494 	0.025992 	0.036423 	 0.004746 
0.371515 	0.052820 	0.035058 	0.045762 	 0.006028 
0.389281 	0.030807 	0.020463 	0.029649 	 0.003682 
0.366263 	0.050562 	0.033796 	0.044630 	 0.006835 
0.368646 	0.056195 	0.036636 	0.050407 	 0.006230 
0.379943 	0.048902 	0.032289 	0.042969 	 0.005288 
0.359206 	0.067469 	0.044133 	0.057978 	 0.007769 
0.365698 	0.051631 	0.033756 	0.048378 	 0.006597 
0.368407 	0.050225 	0.033345 	0.045619 	 0.006480 
0.364970 	0.055843 	0.037004 	0.050037 	 0.006952 
0.371433 	0.044016 	0.029269 	0.039748 	 0.005543 
0.358209 	0.054120 	0.035614 	0.047276 	 0.006323 
0.350761 	0.061919 	0.040587 	0.053840 	 0.007278 
0.344137 	0.075496 	0.049233 	0.065164 	 0.008637 
0.344266 	0.062548 	0.041293 	0.053584 	 0.007324 
0.345065 	0.069963 	0.046279 	0.058425 	 0.008066 
0.345078 	0.069218 	0.045363 	0.058566 	 0.007288 
0.349470 	0.064616 	0.043204 	0.051786 	 0.007025 
0.335989 	0.070296 	0.046537 	0.056057 	 0.007629 
0.338881 	0.070140 	0.046429 	0.058925 	 0.007690 
0.338876 	0.065510 	0.042899 	0.056249 	 0.007059 
0.327516 	0.067721 	0.044745 	0.056459 	 0.008466 
0.348096 	0.059158 	0.039503 	0.048237 	 0.006624 
0.333351 	0.072599 	0.048236 	0.058215 	 0.007743 
0.334308 	0.066775 	0.044544 	0.054553 	 0.008324 
0.333553 	0.074289 	0.049093 	0.058980 	 0.007206 
0.332628 	0.069052 	0.045776 	0.057167 	 0.008118 
0.322715 	0.080029 	0.052579 	0.065795 	 0.008679 
0.335844 	0.072929 	0.048970 	0.057321 	 0.008643 
0.320955 	0.080177 	0.053212 	0.062066 	 0.008902 
0.310631 	0.089697 	0.059133 	0.071070 	 0.009233 
0.315463 	0.078355 	0.052023 	0.060968 	 0.009028 
0.311499 	0.091393 	0.060734 	0.068827 	 0.009590 
0.324769 	0.067505 	0.044737 	0.055382 	 0.007834 
0.329347 	0.073601 	0.049026 	0.058143 	 0.007997 
0.332177 	0.069165 	0.045796 	0.059362 	 0.007777 
0.325636 	0.075730 	0.050484 	0.057808 	 0.007569 
0.308010 	0.085716 	0.056713 	0.066653 	 0.009334 
0.312624 	0.081778 	0.054258 	0.063939 	 0.009305 
0.307375 	0.080815 	0.053291 	0.063446 	 0.008675 
0.311589 	0.081885 	0.054185 	0.065491 	 0.009139 
0.302797 	0.080774 	0.052828 	0.065498 	 0.008158 
0.320241 	0.073665 	0.049415 	0.056434 	 0.007998 
0.303782 	0.086803 	0.057261 	0.066550 	 0.008389 
0.306847 	0.082511 	0.054814 	0.063965 	 0.008909 
0.299338 	0.103042 	0.068435 	0.077437 	 0.009946 
0.300460 	0.097891 	0.064847 	0.075455 	 0.010008 
0.303261 	0.085360 	0.056907 	0.065829 	 0.009694 
0.298455 	0.091971 	0.061094 	0.069529 	 0.009298 
0.296000 	0.092540 	0.061702 	0.069101 	 0.010044 
0.297094 	0.087206 	0.058151 	0.067141 	 0.009736 
0.305525 	0.080333 	0.053191 	0.063258 	 0.008752 
0.302414 	0.084517 	0.056698 	0.063340 	 0.009494 
0.298100 	0.091222 	0.060754 	0.068929 	 0.009854 
0.299768 	0.089802 	0.059512 	0.069420 	 0.009009 
0.282646 	0.101598 	0.067557 	0.075258 	 0.011277 
0.289134 	0.099151 	0.065907 	0.072039 	 0.009726 
0.288168 	0.105151 	0.069500 	0.078289 	 0.009912 
0.281760 	0.098291 	0.065227 	0.074044 	 0.010060 
0.288313 	0.092253 	0.061752 	0.066116 	 0.009545 
0.286899 	0.095464 	0.063626 	0.070371 	 0.009718 
0.298488 	0.085574 	0.057433 	0.063091 	 0.009378 
0.297030 	0.088219 	0.059194 	0.066029 	 0.009569 
0.290850 	0.092460 	0.061464 	0.069558 	 0.008911 
0.291034 	0.089371 	0.060033 	0.065544 	 0.009921 
0.288716 	0.096963 	0.065134 	0.067974 	 0.009889 
0.283371 	0.105474 	0.070380 	0.076766 	 0.010598 
0.283897 	0.100991 	0.067283 	0.074633 	 0.010283 
0.284777 	0.093643 	0.062728 	0.069279 	 0.010081 
0.282830 	0.105424 	0.070437 	0.075785 	 0.010149 
0.278782 	0.102903 	0.068819 	0.073883 	 0.010037 
0.284216 	0.096946 	0.064730 	0.069179 	 0.008984 
0.273279 	0.106280 	0.070918 	0.075533 	 0.010590 
0.286328 	0.084106 	0.056516 	0.060839 	 0.009233 
0.275279 	0.109506 	0.073291 	0.079046 	 0.010917 
0.275223 	0.098293 	0.065406 	0.071845 	 0.009712 
0.270352 	0.111502 	0.074341 	0.079721 	 0.010753 
0.286037 	0.093225 	0.062748 	0.066664 	 0.009384 
0.270160 	0.105997 	0.071045 	0.074903 	 0.010482 
0.275311 	0.102553 	0.068377 	0.074716 	 0.010078 
0.271537 	0.104314 	0.069466 	0.077273 	 0.010610 
0.280118 	0.091893 	0.061358 	0.069344 	 0.009680 
0.277305 	0.104358 	0.070490 	0.072371 	 0.010566 
0.269245 	0.101242 	0.068121 	0.070487 	 0.010675 
0.274281 	0.106736 	0.071599 	0.075508 	 0.010128 
0.257832 	0.116713 	0.078099 	0.083014 	 0.011602 
0.266878 	0.111409 	0.074421 	0.079291 	 0.010471 
0.262776 	0.104196 	0.070221 	0.073017 	 0.010531 
0.278420 	0.101712 	0.068238 	0.070946 	 0.009942 
0.269422 	0.103015 	0.069079 	0.075125 	 0.010833 
0.264859 	0.111008 	0.074643 	0.077701 	 0.011304 
0.272872 	0.097499 	0.065498 	0.067922 	 0.009394 
0.259919 	0.107233 	0.072407 	0.072517 	 0.010902 
0.255737 	0.110566 	0.074251 	0.077016 	 0.011097 
0.257456 	0.118328 	0.079655 	0.079924 	 0.011438 
0.238434 	0.128208 	0.085736 	0.087828 	 0.011824 
0.257278 	0.110563 	0.074427 	0.075411 	 0.010740 
0.259732 	0.100957 	0.068129 	0.068762 	 0.010702 
0.253686 	0.120219 	0.080683 	0.082902 	 0.011080 
0.264050 	0.105842 	0.071501 	0.072733 	 0.010196 
0.257671 	0.104485 	0.070442 	0.070869 	 0.009948 
0.246550 	0.120894 	0.081514 	0.078400 	 0.010782 
0.254316 	0.117877 	0.079277 	0.076946 	 0.010390 
0.269210 	0.102930 	0.070250 	0.064822 	 0.009305 
0.262712 	0.110808 	0.075557 	0.070072 	 0.010130 
0.260596 	0.105732 	0.071142 	0.073421 	 0.009967 
0.235832 	0.126620 	0.084927 	0.084810 	 0.011491 
0.262193 	0.119287 	0.080370 	0.079936 	 0.010135 
0.247685 	0.112539 	0.076449 	0.072308 	 0.011006 
0.255997 	0.117575 	0.079870 	0.075816 	 0.010659 
0.244965 	0.120075 	0.081090 	0.077838 	 0.010950 
0.226454 	0.132558 	0.089115 	0.087558 	 0.012135 
0.243258 	0.117954 	0.079346 	0.079736 	 0.010883 
0.238412 	0.126665 	0.085066 	0.083581 	 0.011101 
0.236740 	0.126686 	0.085644 	0.080137 	 0.011303 
0.248179 	0.121421 	0.082085 	0.080493 	 0.011157 
0.240542 	0.122552 	0.082668 	0.082088 	 0.011582 
0.245992 	0.121560 	0.082637 	0.075975 	 0.010802 
0.221405 	0.132451 	0.089297 	0.085840 	 0.012135 
0.230614 	0.133027 	0.089886 	0.085900 	 0.011919 
0.232601 	0.124520 	0.083966 	0.083100 	 0.011624 
0.232751 	0.121802 	0.082024 	0.079121 	 0.010856 
0.239783 	0.115720 	0.078423 	0.074016 	 0.010907 
0.226610 	0.135139 	0.091495 	0.085230 	 0.012056 
0.232080 	0.129005 	0.087782 	0.081104 	 0.012159 
0.227219 	0.137584 	0.092890 	0.088104 	 0.011786 
0.241104 	0.107842 	0.073551 	0.065974 	 0.009485 
0.236868 	0.118080 	0.080530 	0.075714 	 0.011406 
0.227812 	0.135409 	0.091503 	0.088899 	 0.012434 
0.218258 	0.131218 	0.088834 	0.083298 	 0.012164 
0.214573 	0.135497 	0.091224 	0.088851 	 0.012513 
0.233239 	0.132150 	0.089752 	0.081905 	 0.011291 
0.217628 	0.136648 	0.092427 	0.087664 	 0.012224 
0.223689 	0.122556 	0.083274 	0.075760 	 0.011064 
0.209162 	0.150076 	0.101423 	0.095382 	 0.013209 
0.212450 	0.138980 	0.094029 	0.086040 	 0.012039 
0.206965 	0.137989 	0.093732 	0.085589 	 0.012890 
0.212005 	0.145664 	0.098888 	0.091596 	 0.012968 
0.220867 	0.128734 	0.088091 	0.076670 	 0.012003 
0.202734 	0.142374 	0.096318 	0.088253 	 0.012657 
0.204862 	0.155294 	0.105250 	0.096492 	 0.013583 
0.218853 	0.134828 	0.091669 	0.083739 	 0.012252 
0.210093 	0.143060 	0.097500 	0.087190 	 0.013053 
0.204435 	0.138766 	0.094210 	0.086105 	 0.012617 
0.197410 	0.154035 	0.104343 	0.094775 	 0.013229 
0.209393 	0.135069 	0.091766 	0.085898 	 0.012959 
0.208469 	0.145252 	0.098993 	0.086827 	 0.012287 
0.199454 	0.148075 	0.100326 	0.092520 	 0.012821 
0.209449 	0.135323 	0.092176 	0.080311 	 0.011180 
0.199522 	0.147055 	0.100073 	0.089610 	 0.013231 
0.204684 	0.144488 	0.098178 	0.089245 	 0.013001 
0.186119 	0.165565 	0.111892 	0.103174 	 0.013993 
0.192415 	0.156261 	0.106019 	0.096031 	 0.013861 
0.193607 	0.143207 	0.097546 	0.084118 	 0.012273 
0.199013 	0.146893 	0.100029 	0.087565 	 0.012956 
0.190381 	0.151945 	0.103210 	0.094661 	 0.013843 
0.208649 	0.142787 	0.097766 	0.084955 	 0.012285 
0.193028 	0.146712 	0.099928 	0.089898 	 0.013603 
0.191813 	0.143546 	0.097802 	0.086419 	 0.012593 
0.187269 	0.153300 	0.104748 	0.089863 	 0.013561 
0.180997 	0.155132 	0.105077 	0.093864 	 0.013444 
0.199052 	0.140146 	0.095967 	0.082969 	 0.012643 
0.190780 	0.149260 	0.101630 	0.090487 	 0.012558 
0.188284 	0.150521 	0.103048 	0.087158 	 0.013186 
0.187941 	0.153123 	0.104270 	0.092155 	 0.013170 
0.184716 	0.148647 	0.101560 	0.087613 	 0.013453 
0.180121 	0.167211 	0.113771 	0.100051 	 0.014059 
0.186051 	0.153399 	0.104633 	0.091194 	 0.012955 
0.171091 	0.171047 	0.116164 	0.104121 	 0.015441 
0.182516 	0.157362 	0.107335 	0.092935 	 0.013183 
0.177064 	0.167481 	0.114120 	0.098485 	 0.014444 
0.189240 	0.146976 	0.100492 	0.085557 	 0.012036 
0.185226 	0.153070 	0.104784 	0.087722 	 0.012511 
0.174716 	0.170184 	0.115934 	0.103334 	 0.014910 
0.178970 	0.160302 	0.109443 	0.093684 	 0.013393 
0.178238 	0.152404 	0.104014 	0.089628 	 0.012938 
0.162223 	0.161475 	0.110399 	0.095553 	 0.014836 
0.174154 	0.161405 	0.110627 	0.092292 	 0.013587 
0.159074 	0.174143 	0.118026 	0.105835 	 0.014640 
0.166524 	0.167045 	0.114307 	0.096060 	 0.013834 
0.164389 	0.165854 	0.113237 	0.097989 	 0.014444 
0.188588 	0.152667 	0.105113 	0.084862 	 0.012193 
0.176901 	0.154266 	0.105974 	0.087695 	 0.012858 
0.168737 	0.157771 	0.108269 	0.090115 	 0.013553 
0.166030 	0.162731 	0.111098 	0.094934 	 0.013900 
0.170935 	0.164727 	0.112838 	0.095132 	 0.013826 
0.164899 	0.166885 	0.114380 	0.095643 	 0.014047 
0.171597 	0.161261 	0.110472 	0.093949 	 0.013518 
0.170851 	0.171744 	0.117208 	0.100842 	 0.014044 
0.172423 	0.155747 	0.107200 	0.086592 	 0.013696 
0.161552 	0.171982 	0.117793 	0.099047 	 0.014823 
0.162053 	0.155303 	0.106593 	0.086997 	 0.012964 
0.161770 	0.172971 	0.118665 	0.098374 	 0.013920 
0.165867 	0.164163 	0.112117 	0.095511 	 0.013601 
0.155491 	0.166784 	0.113883 	0.095634 	 0.013617 
0.160349 	0.168441 	0.115391 	0.098184 	 0.014481 
0.154838 	0.170923 	0.116927 	0.099420 	 0.014602 
0.151343 	0.172614 	0.118543 	0.096999 	 0.014550 
0.146261 	0.176021 	0.120280 	0.102343 	 0.014915 
0.166853 	0.169806 	0.116936 	0.095169 	 0.014105 
0.171397 	0.158692 	0.109316 	0.090709 	 0.013205 
0.157341 	0.176488 	0.121136 	0.099066 	 0.014077 
0.146166 	0.179756 	0.123044 	0.102288 	 0.014992 
0.140839 	0.186709 	0.127851 	0.109356 	 0.015996 
0.148879 	0.180830 	0.123936 	0.101080 	 0.014931 
0.147501 	0.175950 	0.120888 	0.099223 	 0.014611 
0.148807 	0.175020 	0.119682 	0.099353 	 0.014177 
0.141054 	0.182029 	0.124933 	0.101607 	 0.014635 
0.149034 	0.180134 	0.123577 	0.102158 	 0.014525 
0.142484 	0.177862 	0.121874 	0.101345 	 0.014811 
0.159134 	0.160740 	0.111206 	0.086587 	 0.013726 
0.147019 	0.178673 	0.122645 	0.101425 	 0.014825 
0.158512 	0.164616 	0.113699 	0.086815 	 0.012856 
0.148926 	0.170210 	0.117537 	0.093397 	 0.014101 
0.142728 	0.176115 	0.121077 	0.097050 	 0.014640 
0.148991 	0.170831 	0.117969 	0.090845 	 0.013761 
0.152257 	0.177922 	0.122818 	0.097901 	 0.014402 
0.154747 	0.170399 	0.117284 	0.093092 	 0.013802 
0.147431 	0.179513 	0.123411 	0.099040 	 0.014596 
0.141419 	0.187493 	0.128788 	0.106521 	 0.015289 
0.150272 	0.169158 	0.116926 	0.092788 	 0.013890 
0.148139 	0.172665 	0.119859 	0.092222 	 0.014665 
0.145551 	0.179499 	0.123655 	0.101337 	 0.014501 
0.139748 	0.182935 	0.126120 	0.102397 	 0.015138 
0.127830 	0.194767 	0.133530 	0.108340 	 0.015413 
0.144364 	0.170676 	0.118471 	0.092553 	 0.014462 
0.150925 	0.170016 	0.117971 	0.090742 	 0.013818 
0.133793 	0.188677 	0.129691 	0.103463 	 0.014861 
0.127231 	0.180330 	0.124612 	0.097575 	 0.014959 
0.148511 	0.174341 	0.120934 	0.090335 	 0.013645 
0.133653 	0.176545 	0.122010 	0.093623 	 0.014130 
0.132383 	0.173197 	0.120178 	0.090576 	 0.014321 
0.133044 	0.180072 	0.124575 	0.096507 	 0.014788 
0.147662 	0.177451 	0.122519 	0.097536 	 0.014022 
0.122729 	0.198955 	0.136965 	0.106745 	 0.015669 
0.146743 	0.177174 	0.122654 	0.093880 	 0.013569 
0.138876 	0.180112 	0.124618 	0.095901 	 0.014042 
0.131779 	0.179739 	0.124980 	0.093417 	 0.014930 
0.127352 	0.182070 	0.126044 	0.096530 	 0.014644 
0.147829 	0.158814 	0.111115 	0.080256 	 0.013237 
0.123680 	0.180807 	0.124372 	0.100006 	 0.014639 
0.124852 	0.189086 	0.130947 	0.098432 	 0.014891 
0.127521 	0.187936 	0.130114 	0.100840 	 0.015197 
0.128281 	0.190230 	0.131373 	0.104388 	 0.014995 
0.132055 	0.178225 	0.123714 	0.093366 	 0.013943 
0.124984 	0.190706 	0.132109 	0.101238 	 0.015285 
0.125829 	0.197814 	0.136904 	0.105758 	 0.015461 
0.130335 	0.170719 	0.118997 	0.088644 	 0.014063 
0.123669 	0.189303 	0.131530 	0.098013 	 0.015042 
0.127096 	0.179750 	0.125082 	0.092610 	 0.014412 
0.128475 	0.186119 	0.129568 	0.096227 	 0.015130 
0.137988 	0.181188 	0.126080 	0.094936 	 0.014727 
0.121337 	0.188106 	0.130255 	0.099981 	 0.015498 
0.102541 	0.195435 	0.135274 	0.102626 	 0.016046 
0.116472 	0.198194 	0.137464 	0.103416 	 0.015595 
0.119975 	0.188147 	0.130928 	0.096010 	 0.014996 
0.113643 	0.203790 	0.141265 	0.107015 	 0.015988 
0.110229 	0.194897 	0.134779 	0.103520 	 0.015669 
0.127861 	0.186578 	0.129857 	0.096754 	 0.014520 
0.127197 	0.192028 	0.133601 	0.100669 	 0.015219 
0.134194 	0.172906 	0.121191 	0.086810 	 0.014137 
0.124036 	0.190285 	0.132009 	0.099201 	 0.014426 
0.103930 	0.200911 	0.139672 	0.103981 	 0.015903 
0.109874 	0.195881 	0.136274 	0.100552 	 0.015424 
0.119371 	0.189920 	0.132643 	0.096216 	 0.015001 
0.122747 	0.191626 	0.133865 	0.097470 	 0.014750 
0.121812 	0.192268 	0.134054 	0.101314 	 0.014880 
0.119869 	0.188520 	0.131176 	0.099672 	 0.015124 
0.111905 	0.184670 	0.129038 	0.093236 	 0.015006 
0.120551 	0.184417 	0.129009 	0.090732 	 0.014418 
0.104080 	0.183897 	0.128129 	0.094960 	 0.014802 
0.121996 	0.189921 	0.132818 	0.097397 	 0.014610 
0.118250 	0.190989 	0.133322 	0.095688 	 0.014676 
0.101060 	0.207548 	0.143965 	0.110689 	 0.016563 
0.102830 	0.194149 	0.135290 	0.098336 	 0.015945 
0.098828 	0.202554 	0.141300 	0.104516 	 0.016794 
0.103517 	0.200527 	0.139529 	0.103565 	 0.015904 
0.113374 	0.193144 	0.135012 	0.097176 	 0.015199 
0.106871 	0.198468 	0.138191 	0.103212 	 0.015778 
0.117286 	0.184334 	0.129320 	0.089915 	 0.014361 
0.120575 	0.177386 	0.124432 	0.086426 	 0.013204 
0.102362 	0.204449 	0.142700 	0.104152 	 0.016080 
0.104595 	0.198478 	0.138539 	0.100441 	 0.015705 
0.109840 	0.189866 	0.133252 	0.093411 	 0.014909 
0.107165 	0.192884 	0.135192 	0.096328 	 0.015205 
0.102633 	0.203179 	0.141809 	0.104473 	 0.016162 
0.117122 	0.179278 	0.126481 	0.086222 	 0.014279 
0.113976 	0.192230 	0.134808 	0.094788 	 0.014844 
0.097590 	0.202697 	0.141229 	0.102918 	 0.015621 
0.103945 	0.196402 	0.137683 	0.097019 	 0.015386 
0.116683 	0.183344 	0.128751 	0.090432 	 0.014319 
0.095118 	0.187011 	0.131874 	0.088367 	 0.015308 
0.102535 	0.200571 	0.140086 	0.103531 	 0.015757 
0.093711 	0.205562 	0.143402 	0.104426 	 0.015987 
0.091076 	0.205064 	0.143244 	0.105451 	 0.016160 
0.107261 	0.184704 	0.130037 	0.089206 	 0.014258 
0.111060 	0.179805 	0.127188 	0.086287 	 0.014655 
0.098484 	0.200960 	0.140644 	0.099857 	 0.014900 
0.099006 	0.191020 	0.134543 	0.091562 	 0.015156 
0.102198 	0.189488 	0.133459 	0.090951 	 0.014436 
0.098062 	0.204923 	0.143316 	0.104097 	 0.016179 
0.101424 	0.198591 	0.139350 	0.098334 	 0.016031 
0.096168 	0.192798 	0.135900 	0.090930 	 0.014985 
0.101233 	0.199465 	0.140244 	0.100428 	 0.016116 
0.094551 	0.197673 	0.138854 	0.096154 	 0.015437 
0.084080 	0.209420 	0.146325 	0.105727 	 0.016854 
0.098722 	0.202286 	0.142541 	0.098422 	 0.016411 
0.095352 	0.197646 	0.139142 	0.096070 	 0.016171 
0.100414 	0.203190 	0.143028 	0.096727 	 0.015298 
0.094024 	0.194993 	0.137429 	0.093413 	 0.015380 
0.099030 	0.199015 	0.139835 	0.098229 	 0.015215 
0.108014 	0.185369 	0.131447 	0.086290 	 0.014525 
0.100005 	0.191196 	0.134921 	0.092055 	 0.015218 
0.094008 	0.202342 	0.142508 	0.098064 	 0.015715 
0.100168 	0.189513 	0.133914 	0.090606 	 0.015102 
0.092588 	0.198922 	0.140531 	0.095002 	 0.015547 
0.092441 	0.202769 	0.142511 	0.099823 	 0.015520 
0.102471 	0.183026 	0.130136 	0.086528 	 0.015568 
0.091548 	0.202644 	0.142927 	0.097441 	 0.016029 
0.108745 	0.188403 	0.133463 	0.089160 	 0.014092 
0.089338 	0.195127 	0.138019 	0.092502 	 0.015546 
0.089620 	0.189038 	0.133969 	0.088659 	 0.015277 
0.093153 	0.189720 	0.134478 	0.088618 	 0.015282 
0.099385 	0.192624 	0.136512 	0.089318 	 0.015028 
0.085622 	0.201525 	0.142230 	0.096094 	 0.015488 
0.112396 	0.188027 	0.133513 	0.088022 	 0.014159 
0.084597 	0.206399 	0.145643 	0.097427 	 0.015834 
0.093982 	0.193427 	0.137036 	0.090620 	 0.015358 
0.098838 	0.189990 	0.135534 	0.084015 	 0.015049 
0.088429 	0.199718 	0.141606 	0.091595 	 0.015515 
0.072357 	0.215876 	0.151680 	0.106470 	 0.016969 
0.086863 	0.204721 	0.144579 	0.097315 	 0.015502 
0.097644 	0.198100 	0.140450 	0.090566 	 0.014870 
0.078829 	0.204269 	0.144508 	0.095705 	 0.015899 
0.097108 	0.199026 	0.141245 	0.093047 	 0.015630 
0.081929 	0.202034 	0.142635 	0.096382 	 0.016096 
0.085826 	0.213040 	0.150204 	0.102112 	 0.016137 
0.080234 	0.209151 	0.147469 	0.100691 	 0.016154 
0.083742 	0.206402 	0.145953 	0.098526 	 0.015741 
0.095747 	0.198430 	0.140850 	0.093150 	 0.014738 
0.087106 	0.199491 	0.141754 	0.091760 	 0.015490 
0.093060 	0.196852 	0.140975 	0.088075 	 0.015930 
0.084320 	0.199310 	0.141579 	0.094343 	 0.016311 
0.077290 	0.213516 	0.150740 	0.104930 	 0.016503 
0.077208 	0.208159 	0.147357 	0.098907 	 0.015975 
0.082412 	0.209893 	0.148765 	0.099209 	 0.016000 
0.085889 	0.203604 	0.145124 	0.091296 	 0.015673 
0.082156 	0.209932 	0.148717 	0.098277 	 0.015939 
0.087155 	0.201076 	0.143209 	0.090511 	 0.014920 
0.094141 	0.189943 	0.135785 	0.085086 	 0.014412 
0.087781 	0.204709 	0.145671 	0.092837 	 0.015485 
0.083316 	0.208363 	0.148015 	0.097030 	 0.015625 
0.076777 	0.206665 	0.146641 	0.096983 	 0.015691 
0.090618 	0.200307 	0.142984 	0.091047 	 0.015406 
0.095915 	0.191638 	0.137429 	0.086261 	 0.015177 
0.081633 	0.199224 	0.142521 	0.085457 	 0.015213 
0.071218 	0.210953 	0.150437 	0.096265 	 0.016852 
0.077806 	0.204600 	0.145607 	0.093233 	 0.015545 
0.078866 	0.213251 	0.151019 	0.101118 	 0.015465 
0.083766 	0.199391 	0.142497 	0.088392 	 0.014952 
0.062744 	0.214561 	0.151794 	0.099910 	 0.016228 
0.082507 	0.204941 	0.146278 	0.093695 	 0.015694 
0.080785 	0.196244 	0.140351 	0.090258 	 0.015215 
0.072842 	0.214728 	0.152561 	0.100835 	 0.016998 
0.067543 	0.222584 	0.157869 	0.104457 	 0.017168 
0.088608 	0.202941 	0.145160 	0.092490 	 0.015964 
0.082372 	0.200905 	0.143563 	0.089720 	 0.015130 
0.063031 	0.221286 	0.156920 	0.105151 	 0.017168 
0.086746 	0.200165 	0.143574 	0.086830 	 0.014525 
0.082661 	0.200536 	0.143614 	0.090296 	 0.015571 
0.067301 	0.225524 	0.159529 	0.108283 	 0.016775 
0.078338 	0.210829 	0.150229 	0.096176 	 0.015267 
0.071729 	0.207836 	0.148549 	0.092913 	 0.015898 
0.069143 	0.206522 	0.147649 	0.094366 	 0.016016 
0.063667 	0.222616 	0.158472 	0.104998 	 0.017560 
0.065473 	0.219978 	0.156581 	0.101232 	 0.016491 
0.073966 	0.211235 	0.151186 	0.093501 	 0.015862 
0.079943 	0.205397 	0.147188 	0.091346 	 0.015449 
0.063617 	0.220921 	0.157046 	0.105082 	 0.017655 
0.079645 	0.201971 	0.145454 	0.086636 	 0.015945 
0.061289 	0.225219 	0.160220 	0.104287 	 0.017224 
0.064456 	0.213052 	0.152806 	0.094278 	 0.017301 
0.076522 	0.205927 	0.147580 	0.092707 	 0.015964 
0.066522 	0.212930 	0.151875 	0.097457 	 0.016580 
0.067094 	0.218603 	0.155855 	0.099105 	 0.016183 
0.087396 	0.197366 	0.142463 	0.085909 	 0.015505 
0.072753 	0.212108 	0.152419 	0.092329 	 0.016342 
0.078742 	0.195450 	0.140653 	0.082875 	 0.013903 
0.065916 	0.215981 	0.154356 	0.099262 	 0.017062 
0.060671 	0.213744 	0.153161 	0.096127 	 0.016354 
0.070834 	0.203818 	0.146690 	0.088582 	 0.015378 
0.083413 	0.193701 	0.139911 	0.083507 	 0.014844 
0.059006 	0.221135 	0.158264 	0.100064 	 0.016814 
0.080857 	0.203639 	0.146747 	0.088668 	 0.015311 
0.073114 	0.205407 	0.148174 	0.087807 	 0.016115 
0.072926 	0.211216 	0.152042 	0.092328 	 0.015979 
0.068563 	0.200228 	0.145389 	0.082230 	 0.016669 
0.062658 	0.217518 	0.156075 	0.096251 	 0.016141 
0.083709 	0.200636 	0.145187 	0.084038 	 0.015258 
0.068853 	0.215358 	0.154621 	0.095551 	 0.015495 
0.070993 	0.197074 	0.142872 	0.081909 	 0.014899 
0.070675 	0.216678 	0.155616 	0.094203 	 0.015689 
0.067420 	0.213761 	0.154015 	0.092599 	 0.016455 
0.065733 	0.221569 	0.158827 	0.100715 	 0.016740 
0.082280 	0.197005 	0.143121 	0.079776 	 0.014483 
0.073377 	0.203332 	0.147435 	0.085081 	 0.015643 
0.069852 	0.199566 	0.144572 	0.083927 	 0.015242 
0.054015 	0.214170 	0.154203 	0.093649 	 0.016259 
0.057694 	0.214250 	0.153768 	0.096002 	 0.016319 
0.064450 	0.205296 	0.148433 	0.087890 	 0.015768 
0.064348 	0.204937 	0.147976 	0.088838 	 0.015028 
0.067328 	0.205238 	0.148713 	0.085883 	 0.015807 
0.071974 	0.201798 	0.146416 	0.084511 	 0.015196 
0.078174 	0.203030 	0.147556 	0.084111 	 0.015807 
0.082778 	0.207146 	0.150069 	0.087199 	 0.015510 
0.072022 	0.202005 	0.146292 	0.086790 	 0.015120 
0.073914 	0.201289 	0.146768 	0.079974 	 0.015330 
0.067475 	0.216626 	0.156682 	0.090237 	 0.015777 
0.061324 	0.210963 	0.152682 	0.089093 	 0.015697 
0.080796 	0.197639 	0.144330 	0.081779 	 0.015572 
0.056647 	0.217803 	0.157248 	0.093113 	 0.016395 
0.073068 	0.207216 	0.150222 	0.087222 	 0.015212 
0.074936 	0.206447 	0.149835 	0.086434 	 0.014819 
0.076648 	0.204856 	0.149199 	0.085345 	 0.015967 
0.063770 	0.219005 	0.158247 	0.094874 	 0.016347 
0.075299 	0.201638 	0.146913 	0.082535 	 0.015523 
0.079122 	0.196735 	0.143578 	0.081330 	 0.015581 
0.074869 	0.206385 	0.150143 	0.086427 	 0.016058 
0.063352 	0.216511 	0.156591 	0.093563 	 0.015934 
0.076645 	0.195723 	0.143375 	0.077529 	 0.015000 
0.067463 	0.208210 	0.151896 	0.083712 	 0.016238 
0.055471 	0.207030 	0.151035 	0.083455 	 0.016457 
0.084816 	0.194584 	0.142715 	0.076858 	 0.014334 
0.065564 	0.207031 	0.150496 	0.087579 	 0.015565 
0.061518 	0.224149 	0.162166 	0.095750 	 0.016579 
0.063879 	0.210240 	0.152695 	0.089418 	 0.015732 
0.062738 	0.207215 	0.150772 	0.085222 	 0.015375 
0.072895 	0.203728 	0.148871 	0.083305 	 0.015432 
0.053642 	0.217363 	0.157886 	0.092911 	 0.017349 
0.053670 	0.210440 	0.153380 	0.087888 	 0.016780 
0.071351 	0.207523 	0.152126 	0.082507 	 0.016173 
0.053695 	0.233810 	0.168181 	0.106560 	 0.017710 
0.060356 	0.202800 	0.148321 	0.083757 	 0.016078 
0.082436 	0.201483 	0.148117 	0.079218 	 0.015291 
0.070818 	0.201547 	0.147849 	0.080848 	 0.015889 
0.067411 	0.217854 	0.158389 	0.092038 	 0.015791 
0.085191 	0.197410 	0.145382 	0.076600 	 0.014478 
0.051659 	0.226972 	0.164648 	0.096415 	 0.017170 
0.078193 	0.206314 	0.151584 	0.079876 	 0.014937 
0.062218 	0.214947 	0.156545 	0.091372 	 0.016974 
0.079231 	0.210712 	0.154165 	0.087217 	 0.015553 
0.057740 	0.214392 	0.157021 	0.085320 	 0.016708 
0.058213 	0.213820 	0.156259 	0.087455 	 0.016638 
0.063763 	0.218186 	0.158982 	0.092848 	 0.016486 
0.060719 	0.213783 	0.156130 	0.090771 	 0.016583 
0.058631 	0.208234 	0.152395 	0.086468 	 0.016284 
0.055459 	0.211395 	0.154568 	0.088380 	 0.016779 
0.066386 	0.215486 	0.157627 	0.087883 	 0.016218 
0.078960 	0.198197 	0.146956 	0.073595 	 0.015293 
0.076565 	0.213774 	0.156666 	0.087886 	 0.015689 
0.071524 	0.212017 	0.155436 	0.086861 	 0.015927 
0.079473 	0.199576 	0.147343 	0.077713 	 0.015052 
0.080462 	0.190809 	0.142072 	0.070045 	 0.015016 
0.075338 	0.204251 	0.150663 	0.079824 	 0.015723 
0.079519 	0.192523 	0.143186 	0.071282 	 0.015271 
0.088800 	0.193967 	0.143942 	0.074217 	 0.014367 
0.076750 	0.209848 	0.154308 	0.086504 	 0.016562 
0.084776 	0.188024 	0.139959 	0.071929 	 0.014895 
0.082155 	0.202528 	0.150043 	0.078070 	 0.015370 
0.074751 	0.210376 	0.154898 	0.083842 	 0.015885 
0.070817 	0.205089 	0.151846 	0.079878 	 0.016342 
0.076589 	0.206722 	0.152555 	0.084216 	 0.016710 
0.093426 	0.196040 	0.146077 	0.073783 	 0.014733 
0.072514 	0.205879 	0.151814 	0.081639 	 0.015961 
0.080815 	0.196004 	0.145986 	0.073443 	 0.015713 
0.080191 	0.193399 	0.144095 	0.072438 	 0.015369 
0.088423 	0.200376 	0.148839 	0.074355 	 0.014123 
0.096804 	0.197430 	0.146767 	0.074838 	 0.014351 
0.086372 	0.187785 	0.140311 	0.068460 	 0.013908 
0.080481 	0.198457 	0.147330 	0.077153 	 0.015736 
0.071093 	0.211801 	0.156554 	0.084429 	 0.016529 
0.075303 	0.203697 	0.151558 	0.076222 	 0.015351 
0.082114 	0.207468 	0.153834 	0.081440 	 0.015724 
0.083988 	0.195223 	0.145689 	0.072031 	 0.014598 
0.098314 	0.187838 	0.141408 	0.064574 	 0.013933 
0.094441 	0.194523 	0.145121 	0.070769 	 0.014308 
0.089085 	0.196719 	0.147234 	0.073063 	 0.015320 
0.099231 	0.180735 	0.136596 	0.062402 	 0.014020 
0.087208 	0.201684 	0.150269 	0.077144 	 0.014226 
0.073311 	0.214091 	0.158403 	0.084541 	 0.016449 
0.105219 	0.187124 	0.140852 	0.066754 	 0.013500 
0.085725 	0.197597 	0.147818 	0.074930 	 0.015773 
0.076380 	0.203168 	0.151784 	0.075672 	 0.015690 
0.093852 	0.189586 	0.142469 	0.068317 	 0.014584 
0.087331 	0.199681 	0.149647 	0.074340 	 0.015776 
0.083254 	0.199840 	0.149348 	0.075669 	 0.015397 
0.089046 	0.204808 	0.152437 	0.081197 	 0.015545 
0.085966 	0.193198 	0.145168 	0.071286 	 0.015201 
0.096251 	0.181526 	0.137598 	0.063091 	 0.014350 
0.088469 	0.202299 	0.151742 	0.074393 	 0.015652 
0.078143 	0.204405 	0.152529 	0.076717 	 0.015352 
0.098024 	0.189373 	0.143214 	0.067330 	 0.014358 
0.100737 	0.187405 	0.141740 	0.068758 	 0.014916 
0.090147 	0.204941 	0.153324 	0.077614 	 0.015339 
0.086807 	0.204037 	0.152403 	0.076509 	 0.015186 
0.098236 	0.187535 	0.142211 	0.063761 	 0.014121 
0.087396 	0.198306 	0.149335 	0.071331 	 0.015498 
0.092244 	0.199915 	0.150214 	0.072744 	 0.015033 
0.102561 	0.183940 	0.140022 	0.062439 	 0.014669 
0.100560 	0.182303 	0.138803 	0.062150 	 0.014634 
0.105771 	0.184505 	0.140771 	0.058918 	 0.013946 
0.088586 	0.199615 	0.150162 	0.072828 	 0.015181 
0.111018 	0.172385 	0.132742 	0.053590 	 0.013660 
0.091798 	0.198227 	0.148961 	0.075663 	 0.015443 
0.108789 	0.187616 	0.142553 	0.063379 	 0.013493 
0.087588 	0.208647 	0.155569 	0.081752 	 0.015655 
0.097276 	0.192179 	0.145365 	0.066543 	 0.014102 
0.100438 	0.195035 	0.147577 	0.070509 	 0.014501 
0.095825 	0.193164 	0.145882 	0.069037 	 0.014169 
0.106410 	0.187456 	0.142572 	0.064577 	 0.013584 
0.105601 	0.189992 	0.144105 	0.064691 	 0.013621 
0.102629 	0.184757 	0.140697 	0.063685 	 0.013810 
0.108888 	0.188941 	0.144331 	0.063025 	 0.013996 
0.109416 	0.176925 	0.136510 	0.054321 	 0.013817 
0.090275 	0.204510 	0.153301 	0.077883 	 0.014803 
0.104264 	0.195031 	0.147811 	0.072592 	 0.015643 
0.073945 	0.215221 	0.161247 	0.081986 	 0.016329 
0.101066 	0.182635 	0.140104 	0.059424 	 0.014253 
0.105155 	0.181238 	0.139547 	0.058445 	 0.014280 
0.097324 	0.191374 	0.145982 	0.066445 	 0.015267 
0.097348 	0.194052 	0.147901 	0.066337 	 0.014967 
0.075726 	0.219561 	0.164024 	0.086175 	 0.016991 
0.086094 	0.201314 	0.152552 	0.073562 	 0.016320 
0.087715 	0.192886 	0.147113 	0.064682 	 0.015287 
0.094605 	0.197079 	0.150101 	0.067818 	 0.015527 
0.094167 	0.197487 	0.150238 	0.068750 	 0.015203 
0.090862 	0.194065 	0.148026 	0.067211 	 0.014801 
0.083900 	0.198791 	0.151114 	0.068256 	 0.015234 
0.077230 	0.202275 	0.153486 	0.070675 	 0.015664 
0.105666 	0.180436 	0.139108 	0.058599 	 0.013600 
0.100838 	0.184557 	0.141620 	0.060741 	 0.013314 
0.099903 	0.186353 	0.143104 	0.060795 	 0.013791 
0.084593 	0.191136 	0.146268 	0.064134 	 0.015258 
0.100797 	0.184802 	0.142240 	0.060910 	 0.013704 
0.088585 	0.187843 	0.143901 	0.064922 	 0.015564 
0.093948 	0.195403 	0.148532 	0.070519 	 0.014666 
0.082782 	0.197737 	0.151086 	0.068922 	 0.015736 
0.096880 	0.192107 	0.147444 	0.064365 	 0.015192 
0.091528 	0.182255 	0.140847 	0.059650 	 0.014892 
0.084446 	0.195880 	0.149407 	0.069747 	 0.015705 
0.083059 	0.190049 	0.145998 	0.062137 	 0.014993 
0.084874 	0.196908 	0.150502 	0.069558 	 0.016098 
0.090358 	0.194427 	0.149109 	0.067574 	 0.015536 
0.093107 	0.186348 	0.143805 	0.057992 	 0.014646 
0.114583 	0.175151 	0.136651 	0.054858 	 0.013332 
0.089370 	0.202360 	0.154166 	0.070289 	 0.015032 
0.090547 	0.176083 	0.136815 	0.053242 	 0.014141 
0.109225 	0.179868 	0.140291 	0.054694 	 0.014273 
0.097968 	0.177805 	0.138456 	0.053046 	 0.014064 
0.091573 	0.192973 	0.148424 	0.063089 	 0.014754 
0.092748 	0.193337 	0.149040 	0.063637 	 0.015737 
0.104825 	0.180857 	0.140498 	0.058056 	 0.014068 
0.092833 	0.181872 	0.140922 	0.060767 	 0.014924 
0.089153 	0.198983 	0.152732 	0.066062 	 0.015351 
0.102961 	0.178806 	0.139551 	0.056315 	 0.014480 
0.100603 	0.176032 	0.137519 	0.053805 	 0.014053 
0.095619 	0.190493 	0.147205 	0.062679 	 0.014708 
0.088635 	0.198098 	0.152105 	0.068346 	 0.015826 
0.096444 	0.185275 	0.144152 	0.055823 	 0.014798 
0.090101 	0.175963 	0.137368 	0.053535 	 0.014183 
0.111104 	0.173570 	0.136621 	0.051013 	 0.013376 
0.078997 	0.196511 	0.151328 	0.067345 	 0.016116 
0.097307 	0.184278 	0.143270 	0.058917 	 0.013774 
0.093883 	0.182494 	0.142383 	0.056942 	 0.015049 
0.086793 	0.185943 	0.144773 	0.057963 	 0.015678 
0.093662 	0.190033 	0.147755 	0.059615 	 0.015264 
0.103917 	0.171123 	0.134764 	0.052338 	 0.014079 
0.071486 	0.208206 	0.159189 	0.073777 	 0.016241 
