di 	gli 	gal 	gos3 	 gos4 
0.421784 	0.025751 	0.015641 	0.017194 	 -0.002062 
0.415749 	0.038682 	0.024041 	0.029864 	 -0.000259 
0.442419 	0.028334 	0.016037 	0.036055 	 -0.001261 
0.418056 	0.051876 	0.031818 	0.052278 	 0.000896 
0.428705 	0.051585 	0.031537 	0.051616 	 0.000141 
0.420952 	0.059344 	0.036695 	0.056336 	 0.000601 
0.408152 	0.061332 	0.037767 	0.059584 	 0.001246 
0.428573 	0.048278 	0.029400 	0.048823 	 -0.000037 
0.423607 	0.059515 	0.036815 	0.056128 	 0.000351 
0.418036 	0.058192 	0.035369 	0.056818 	 0.000071 
0.422370 	0.046765 	0.028133 	0.049119 	 0.000245 
0.409395 	0.056827 	0.034602 	0.056828 	 0.001261 
0.412251 	0.056844 	0.034425 	0.055822 	 0.000580 
0.414268 	0.048947 	0.029264 	0.054026 	 0.000668 
0.397376 	0.078480 	0.048858 	0.069516 	 0.001735 
0.416358 	0.060242 	0.036524 	0.063123 	 0.001284 
0.406568 	0.062881 	0.038808 	0.059407 	 0.001545 
0.412954 	0.068420 	0.042230 	0.064146 	 0.000992 
0.402162 	0.062956 	0.038736 	0.060066 	 0.001180 
0.404312 	0.060882 	0.037679 	0.058596 	 0.002006 
0.395749 	0.076490 	0.047379 	0.070317 	 0.002684 
0.402867 	0.069312 	0.043509 	0.060738 	 0.001579 
0.408930 	0.060262 	0.037047 	0.057274 	 0.000587 
0.386144 	0.077424 	0.048200 	0.072255 	 0.003395 
0.407704 	0.063927 	0.039062 	0.064108 	 0.001301 
0.394463 	0.077656 	0.048168 	0.070520 	 0.002232 
0.396253 	0.070275 	0.043703 	0.065128 	 0.002514 
0.392436 	0.069306 	0.042867 	0.066305 	 0.002266 
0.400375 	0.061145 	0.037746 	0.059121 	 0.002213 
0.388960 	0.081113 	0.050671 	0.072546 	 0.003150 
0.388223 	0.076650 	0.047737 	0.070710 	 0.002931 
0.385261 	0.079059 	0.048950 	0.075564 	 0.003537 
0.389056 	0.076828 	0.047659 	0.072369 	 0.002916 
0.391438 	0.073179 	0.045363 	0.068778 	 0.002746 
0.393671 	0.071925 	0.044494 	0.066638 	 0.002350 
0.392669 	0.067739 	0.042034 	0.063671 	 0.002440 
0.385227 	0.074701 	0.046049 	0.071884 	 0.003097 
0.384675 	0.075279 	0.046829 	0.071688 	 0.003175 
0.383177 	0.077772 	0.048219 	0.074259 	 0.003342 
0.372014 	0.087816 	0.054733 	0.079379 	 0.004317 
0.380005 	0.076256 	0.047339 	0.068704 	 0.002923 
0.365681 	0.083740 	0.052187 	0.074355 	 0.003918 
0.368122 	0.098811 	0.061747 	0.088316 	 0.004512 
0.383146 	0.077953 	0.048500 	0.072226 	 0.003321 
0.383341 	0.076248 	0.047668 	0.071688 	 0.003950 
0.377770 	0.081705 	0.050912 	0.076450 	 0.003667 
0.359460 	0.100444 	0.063158 	0.087378 	 0.005272 
0.369401 	0.086901 	0.054334 	0.076966 	 0.003752 
0.372464 	0.084442 	0.053020 	0.075188 	 0.003540 
0.361905 	0.100539 	0.063284 	0.085663 	 0.004467 
0.374567 	0.083295 	0.051822 	0.075257 	 0.002988 
0.362003 	0.084672 	0.052851 	0.075590 	 0.003907 
0.359809 	0.091428 	0.057481 	0.080456 	 0.004337 
0.374505 	0.086855 	0.055244 	0.072877 	 0.003905 
0.361825 	0.088974 	0.055847 	0.077467 	 0.004191 
0.347464 	0.101400 	0.063913 	0.087041 	 0.005339 
0.355405 	0.099146 	0.062612 	0.084907 	 0.005113 
0.354736 	0.097339 	0.061352 	0.083546 	 0.004741 
0.343934 	0.106468 	0.067049 	0.090573 	 0.004962 
0.364632 	0.088840 	0.055886 	0.080497 	 0.005034 
0.358021 	0.093749 	0.059450 	0.081898 	 0.004727 
0.343853 	0.109747 	0.069437 	0.093566 	 0.005752 
0.353523 	0.092747 	0.058281 	0.082361 	 0.004496 
0.357946 	0.090898 	0.056964 	0.081232 	 0.004480 
0.347593 	0.098728 	0.062185 	0.086202 	 0.005671 
0.330513 	0.115378 	0.073182 	0.096395 	 0.006781 
0.346980 	0.090584 	0.056834 	0.079757 	 0.004515 
0.339860 	0.102164 	0.064219 	0.089403 	 0.005247 
0.340069 	0.104862 	0.066360 	0.089633 	 0.006035 
0.337292 	0.109446 	0.069449 	0.092746 	 0.006486 
0.357211 	0.097748 	0.061674 	0.085985 	 0.004579 
0.344098 	0.098090 	0.061769 	0.084245 	 0.005251 
0.343570 	0.107650 	0.068132 	0.093175 	 0.005929 
0.335958 	0.115134 	0.073146 	0.096765 	 0.006280 
0.337482 	0.110702 	0.069942 	0.094579 	 0.006114 
0.345633 	0.100267 	0.063336 	0.085850 	 0.005629 
0.333659 	0.111521 	0.070518 	0.093880 	 0.005826 
0.349911 	0.102681 	0.065032 	0.087490 	 0.005149 
0.347902 	0.098548 	0.062514 	0.083221 	 0.005235 
0.325935 	0.115047 	0.072930 	0.094939 	 0.006441 
0.347483 	0.093888 	0.059206 	0.080006 	 0.004286 
0.328401 	0.106317 	0.067470 	0.088967 	 0.006099 
0.334197 	0.102239 	0.064803 	0.086567 	 0.005937 
0.337625 	0.102255 	0.065551 	0.083739 	 0.006032 
0.341993 	0.093284 	0.058778 	0.081422 	 0.004917 
0.344283 	0.098421 	0.062722 	0.084750 	 0.006148 
0.327324 	0.111939 	0.071393 	0.091380 	 0.006266 
0.329607 	0.101561 	0.064747 	0.085323 	 0.006068 
0.326114 	0.110749 	0.070170 	0.093751 	 0.005908 
0.333704 	0.103609 	0.065595 	0.087528 	 0.005492 
0.342224 	0.097861 	0.062203 	0.083033 	 0.005372 
0.330883 	0.105337 	0.067048 	0.088683 	 0.005971 
0.329793 	0.111164 	0.070507 	0.093218 	 0.006574 
0.324278 	0.120945 	0.076997 	0.101189 	 0.007144 
0.328612 	0.103809 	0.065884 	0.090431 	 0.006253 
0.333128 	0.100376 	0.063720 	0.084628 	 0.005927 
0.320672 	0.121507 	0.077475 	0.099584 	 0.007525 
0.337202 	0.103319 	0.065634 	0.089113 	 0.006191 
0.329263 	0.109989 	0.070437 	0.089685 	 0.006231 
0.319422 	0.115018 	0.073574 	0.095637 	 0.007412 
0.329988 	0.108903 	0.069544 	0.089693 	 0.006113 
0.319122 	0.119936 	0.077072 	0.093613 	 0.006918 
0.320170 	0.116025 	0.074098 	0.094761 	 0.006659 
0.321833 	0.110152 	0.070076 	0.090588 	 0.006457 
0.326647 	0.112879 	0.071998 	0.092699 	 0.005778 
0.321483 	0.110478 	0.070708 	0.089897 	 0.006732 
0.322819 	0.106782 	0.068092 	0.087763 	 0.006193 
0.323114 	0.119267 	0.076493 	0.096674 	 0.006938 
0.317559 	0.114185 	0.073223 	0.092817 	 0.006864 
0.317884 	0.118626 	0.076289 	0.094779 	 0.007074 
0.310059 	0.133101 	0.085983 	0.102168 	 0.007856 
0.323502 	0.121855 	0.078126 	0.098432 	 0.006830 
0.316014 	0.126039 	0.081090 	0.102359 	 0.007999 
0.326451 	0.110232 	0.070645 	0.088090 	 0.006097 
0.318838 	0.110932 	0.070890 	0.089898 	 0.006619 
0.306239 	0.127906 	0.082345 	0.098152 	 0.006866 
0.316052 	0.119612 	0.076560 	0.097763 	 0.007417 
0.315338 	0.117016 	0.075296 	0.093513 	 0.007493 
0.320224 	0.115403 	0.074326 	0.093424 	 0.007448 
0.317076 	0.112923 	0.072472 	0.090378 	 0.006160 
0.314987 	0.114396 	0.073592 	0.091926 	 0.007111 
0.319763 	0.119440 	0.076622 	0.096564 	 0.006441 
0.301873 	0.139203 	0.090039 	0.106740 	 0.008559 
0.295947 	0.139250 	0.089801 	0.107923 	 0.008160 
0.284095 	0.149022 	0.095693 	0.116627 	 0.008728 
0.299004 	0.141124 	0.091081 	0.110441 	 0.008668 
0.298000 	0.133371 	0.085588 	0.106921 	 0.007974 
0.316656 	0.119066 	0.077232 	0.090676 	 0.006703 
0.303961 	0.136849 	0.089097 	0.103501 	 0.008539 
0.307889 	0.124317 	0.080288 	0.095748 	 0.006701 
0.296804 	0.137692 	0.088963 	0.108211 	 0.008389 
0.287676 	0.140677 	0.091222 	0.107284 	 0.008992 
0.302623 	0.129316 	0.083439 	0.100341 	 0.007290 
0.304104 	0.133596 	0.086253 	0.105657 	 0.008119 
0.304923 	0.131497 	0.084967 	0.102736 	 0.007843 
0.304565 	0.119285 	0.076571 	0.094734 	 0.006838 
0.284648 	0.137086 	0.089027 	0.104715 	 0.008843 
0.296796 	0.138782 	0.090250 	0.104034 	 0.008375 
0.311445 	0.132082 	0.085657 	0.098387 	 0.006426 
0.296581 	0.134159 	0.086916 	0.102603 	 0.008085 
0.287140 	0.137786 	0.088978 	0.106877 	 0.008866 
0.281287 	0.146894 	0.094670 	0.114651 	 0.008808 
0.289761 	0.130535 	0.084507 	0.101298 	 0.008283 
0.308055 	0.122416 	0.079561 	0.092724 	 0.006926 
0.304105 	0.131084 	0.085217 	0.100094 	 0.007567 
0.294771 	0.144817 	0.094420 	0.107417 	 0.008416 
0.285871 	0.142957 	0.093010 	0.105896 	 0.008283 
0.291471 	0.140206 	0.091128 	0.103741 	 0.007980 
0.284052 	0.138263 	0.089753 	0.105568 	 0.008989 
0.289989 	0.125830 	0.081919 	0.093777 	 0.007663 
0.290622 	0.140054 	0.090854 	0.105540 	 0.008469 
0.292728 	0.130854 	0.085007 	0.097874 	 0.007542 
0.281536 	0.142284 	0.092456 	0.104219 	 0.007782 
0.297293 	0.132463 	0.085923 	0.102205 	 0.007806 
0.288045 	0.131953 	0.086067 	0.097669 	 0.008324 
0.293176 	0.136158 	0.088375 	0.102930 	 0.008268 
0.285404 	0.138387 	0.090343 	0.102184 	 0.008573 
0.271637 	0.150886 	0.098370 	0.110376 	 0.009407 
0.291589 	0.135558 	0.088432 	0.098753 	 0.007664 
0.286542 	0.135829 	0.088546 	0.100564 	 0.007821 
0.293494 	0.133994 	0.087377 	0.099151 	 0.007305 
0.281979 	0.137724 	0.089550 	0.101807 	 0.007709 
0.283638 	0.145859 	0.095088 	0.106184 	 0.007729 
0.280769 	0.147705 	0.095929 	0.111108 	 0.008956 
0.299440 	0.135650 	0.088782 	0.099447 	 0.007662 
0.284742 	0.138147 	0.090207 	0.099505 	 0.007866 
0.276901 	0.149797 	0.097639 	0.110186 	 0.009066 
0.284999 	0.148727 	0.097223 	0.108116 	 0.008208 
0.274630 	0.146681 	0.095798 	0.107271 	 0.008578 
0.276958 	0.151350 	0.099241 	0.109478 	 0.009118 
0.296313 	0.133333 	0.086973 	0.100395 	 0.007599 
0.263377 	0.156453 	0.102121 	0.113012 	 0.009646 
0.275349 	0.153034 	0.099993 	0.111153 	 0.009360 
0.274342 	0.146084 	0.095260 	0.107826 	 0.008972 
0.278536 	0.154383 	0.101166 	0.110945 	 0.009093 
0.269926 	0.159418 	0.104463 	0.113629 	 0.009173 
0.270816 	0.159077 	0.104214 	0.117395 	 0.009919 
0.259870 	0.158168 	0.103170 	0.113241 	 0.009182 
0.282418 	0.142614 	0.093383 	0.103037 	 0.008470 
0.274224 	0.154886 	0.101470 	0.111457 	 0.008947 
0.270915 	0.153444 	0.100809 	0.108158 	 0.008577 
0.262683 	0.156018 	0.102645 	0.109378 	 0.010075 
0.278293 	0.143195 	0.094108 	0.102382 	 0.008735 
0.256848 	0.174406 	0.114290 	0.124735 	 0.010525 
0.252090 	0.170765 	0.112057 	0.121858 	 0.011099 
0.266762 	0.153236 	0.101019 	0.106346 	 0.009750 
0.260832 	0.158314 	0.103977 	0.112293 	 0.009660 
0.263630 	0.151019 	0.099306 	0.108412 	 0.009921 
0.265371 	0.156385 	0.102285 	0.113035 	 0.009731 
0.264262 	0.167092 	0.109643 	0.122372 	 0.010757 
0.250949 	0.174424 	0.114734 	0.119696 	 0.010288 
0.250462 	0.175267 	0.115038 	0.122849 	 0.010854 
0.259483 	0.170129 	0.111679 	0.121319 	 0.010604 
0.256917 	0.175128 	0.115405 	0.121160 	 0.010822 
0.262294 	0.166160 	0.109627 	0.114066 	 0.010149 
0.269738 	0.155733 	0.102716 	0.107660 	 0.008954 
0.258726 	0.158013 	0.104193 	0.109531 	 0.009879 
0.260880 	0.168360 	0.110745 	0.115584 	 0.009280 
0.267357 	0.161057 	0.106650 	0.109957 	 0.009623 
0.268787 	0.162226 	0.107293 	0.111072 	 0.009771 
0.254280 	0.161034 	0.106236 	0.109677 	 0.009461 
0.261144 	0.170119 	0.112062 	0.117504 	 0.009411 
0.262579 	0.170497 	0.112469 	0.117222 	 0.009710 
0.254540 	0.165379 	0.109055 	0.114851 	 0.010285 
0.264849 	0.162728 	0.107758 	0.114139 	 0.009828 
0.269057 	0.158270 	0.104912 	0.108279 	 0.009444 
0.243499 	0.174557 	0.115018 	0.120427 	 0.010720 
0.251718 	0.170889 	0.113105 	0.114263 	 0.010119 
0.256909 	0.164705 	0.108804 	0.112970 	 0.009748 
0.245085 	0.176257 	0.116548 	0.120489 	 0.010753 
0.262095 	0.161021 	0.106732 	0.109284 	 0.008957 
0.253315 	0.172085 	0.113882 	0.116710 	 0.009902 
0.251668 	0.174948 	0.115421 	0.118234 	 0.009672 
0.258552 	0.161179 	0.106890 	0.109893 	 0.009904 
0.251368 	0.167687 	0.110967 	0.115030 	 0.010267 
0.256130 	0.158179 	0.104698 	0.107352 	 0.008954 
0.245750 	0.176450 	0.116825 	0.118790 	 0.010646 
0.257202 	0.163327 	0.108342 	0.109784 	 0.009370 
0.246592 	0.171781 	0.113333 	0.116958 	 0.009722 
0.254935 	0.160666 	0.106835 	0.107898 	 0.009584 
0.247765 	0.176150 	0.116792 	0.118502 	 0.010474 
0.255055 	0.161431 	0.107300 	0.109554 	 0.009850 
0.251011 	0.163779 	0.108698 	0.110921 	 0.009934 
0.253936 	0.162924 	0.108513 	0.109061 	 0.009882 
0.251609 	0.171911 	0.113996 	0.115616 	 0.010162 
0.245155 	0.175024 	0.116305 	0.116285 	 0.010240 
0.247254 	0.170827 	0.113337 	0.115615 	 0.010510 
0.248482 	0.165550 	0.110111 	0.109372 	 0.010024 
0.242863 	0.173472 	0.115322 	0.116290 	 0.010777 
0.237208 	0.174799 	0.115967 	0.117447 	 0.010499 
0.241441 	0.180906 	0.120114 	0.122384 	 0.010737 
0.236954 	0.171330 	0.114042 	0.112161 	 0.010673 
0.239207 	0.182013 	0.120940 	0.120052 	 0.011025 
0.238767 	0.175163 	0.116183 	0.118973 	 0.011151 
0.238408 	0.186821 	0.123952 	0.122564 	 0.010798 
0.228894 	0.175864 	0.117088 	0.114303 	 0.011327 
0.234859 	0.181230 	0.119877 	0.120323 	 0.010834 
0.241192 	0.166743 	0.111212 	0.107448 	 0.009973 
0.245166 	0.173333 	0.115450 	0.113612 	 0.010248 
0.234536 	0.178903 	0.119243 	0.114906 	 0.010692 
0.242723 	0.173207 	0.115773 	0.111899 	 0.010267 
0.244136 	0.171119 	0.114435 	0.109467 	 0.010423 
0.229854 	0.178138 	0.117994 	0.119566 	 0.010651 
0.221924 	0.194989 	0.129187 	0.131794 	 0.012276 
0.228686 	0.181570 	0.120708 	0.120367 	 0.011069 
0.239938 	0.168192 	0.112927 	0.105436 	 0.010289 
0.220185 	0.193223 	0.128848 	0.124076 	 0.012005 
0.232691 	0.174023 	0.116100 	0.112155 	 0.010455 
0.238251 	0.183615 	0.122558 	0.116109 	 0.010407 
0.234384 	0.186186 	0.124004 	0.121377 	 0.010538 
0.234776 	0.182879 	0.122205 	0.118561 	 0.011326 
0.221748 	0.190402 	0.127277 	0.122212 	 0.011932 
0.235880 	0.180493 	0.120588 	0.115847 	 0.010255 
0.231933 	0.195398 	0.130841 	0.124616 	 0.011988 
0.219619 	0.192634 	0.128814 	0.122520 	 0.012207 
0.233134 	0.190036 	0.127320 	0.119641 	 0.010720 
0.211008 	0.205508 	0.137156 	0.132218 	 0.012457 
0.222266 	0.197692 	0.132553 	0.124701 	 0.012484 
0.214036 	0.198264 	0.132492 	0.124599 	 0.011988 
0.231314 	0.187673 	0.126000 	0.117815 	 0.011487 
0.224528 	0.204409 	0.136270 	0.132284 	 0.011849 
0.209590 	0.196953 	0.131465 	0.125897 	 0.011987 
0.223224 	0.196234 	0.131046 	0.125022 	 0.011471 
0.245017 	0.182067 	0.122586 	0.112596 	 0.009841 
0.229193 	0.177784 	0.119389 	0.109795 	 0.010257 
0.219764 	0.195317 	0.130942 	0.122449 	 0.011692 
0.225005 	0.186089 	0.124907 	0.117405 	 0.011517 
0.227375 	0.188101 	0.125556 	0.120862 	 0.010597 
0.219050 	0.196552 	0.131910 	0.125500 	 0.012642 
0.216407 	0.194738 	0.130816 	0.122738 	 0.012406 
0.228148 	0.188076 	0.126208 	0.118700 	 0.011282 
0.220638 	0.190873 	0.128314 	0.120252 	 0.012116 
0.209934 	0.200824 	0.134731 	0.125195 	 0.012214 
0.198920 	0.223914 	0.149751 	0.140747 	 0.013774 
0.216709 	0.202635 	0.135793 	0.129597 	 0.012401 
0.218623 	0.185098 	0.124803 	0.111740 	 0.011102 
0.218387 	0.196478 	0.131503 	0.125715 	 0.011587 
0.220502 	0.197230 	0.132987 	0.119962 	 0.012187 
0.211670 	0.200239 	0.134326 	0.124958 	 0.012351 
0.224576 	0.194039 	0.130798 	0.119096 	 0.011253 
0.231593 	0.183029 	0.123636 	0.112100 	 0.010826 
0.206655 	0.203431 	0.136673 	0.128464 	 0.012556 
0.212074 	0.191393 	0.129413 	0.115031 	 0.011731 
0.213331 	0.204472 	0.137467 	0.128414 	 0.012231 
0.214373 	0.205137 	0.138071 	0.126723 	 0.012212 
0.217588 	0.202499 	0.136136 	0.127323 	 0.012486 
0.220386 	0.205929 	0.138506 	0.127618 	 0.011352 
0.201268 	0.209474 	0.140888 	0.129851 	 0.012457 
0.211412 	0.206832 	0.139107 	0.128729 	 0.012352 
0.209041 	0.207613 	0.140000 	0.126766 	 0.012581 
0.205218 	0.210865 	0.142430 	0.127825 	 0.012624 
0.211345 	0.197217 	0.133537 	0.118144 	 0.012499 
0.205684 	0.206447 	0.139042 	0.125926 	 0.012003 
0.208055 	0.203601 	0.137346 	0.123404 	 0.011770 
0.210443 	0.199725 	0.134322 	0.124988 	 0.011697 
0.213208 	0.205444 	0.139328 	0.122513 	 0.012148 
0.207013 	0.211187 	0.142695 	0.127492 	 0.012386 
0.203708 	0.211230 	0.142807 	0.125610 	 0.012399 
0.196344 	0.219605 	0.148145 	0.131131 	 0.012903 
0.212839 	0.202299 	0.136832 	0.119550 	 0.011742 
0.215467 	0.196119 	0.132779 	0.118092 	 0.011695 
0.199317 	0.208072 	0.140551 	0.126891 	 0.012663 
0.204176 	0.204159 	0.137923 	0.124990 	 0.012645 
0.210070 	0.203399 	0.137543 	0.120943 	 0.011390 
0.202924 	0.205862 	0.139347 	0.123180 	 0.012618 
0.199635 	0.210861 	0.142766 	0.127425 	 0.013344 
0.207114 	0.201486 	0.136322 	0.120423 	 0.011601 
0.207941 	0.207992 	0.140981 	0.123802 	 0.012011 
0.203159 	0.210440 	0.142421 	0.124934 	 0.011890 
0.204098 	0.208441 	0.141324 	0.122640 	 0.012231 
0.215583 	0.191930 	0.130731 	0.111121 	 0.011022 
0.220612 	0.194657 	0.132418 	0.113100 	 0.010774 
0.210994 	0.190392 	0.129645 	0.110239 	 0.011118 
0.200766 	0.204540 	0.138375 	0.123387 	 0.012636 
0.200703 	0.208531 	0.141025 	0.127853 	 0.012680 
0.206461 	0.205173 	0.139360 	0.120408 	 0.011715 
0.205885 	0.196484 	0.133367 	0.116203 	 0.011890 
0.201996 	0.201228 	0.136591 	0.117696 	 0.011647 
0.204086 	0.205180 	0.139216 	0.120791 	 0.011615 
0.203983 	0.202320 	0.137853 	0.117588 	 0.012481 
0.200105 	0.203115 	0.137633 	0.121957 	 0.012687 
0.198867 	0.208687 	0.141364 	0.124254 	 0.012242 
0.204517 	0.206497 	0.140631 	0.118231 	 0.011744 
0.193739 	0.213842 	0.144841 	0.127074 	 0.012351 
0.202944 	0.197552 	0.134591 	0.116014 	 0.012147 
0.193471 	0.202201 	0.137241 	0.118691 	 0.011892 
0.186044 	0.214367 	0.145473 	0.124569 	 0.012064 
0.201226 	0.204486 	0.139083 	0.118268 	 0.012035 
0.198447 	0.205275 	0.139585 	0.120548 	 0.012390 
0.205689 	0.205115 	0.139751 	0.119012 	 0.011798 
0.204996 	0.204552 	0.139796 	0.115204 	 0.011660 
0.197817 	0.213680 	0.145783 	0.120654 	 0.012111 
0.202528 	0.204114 	0.139368 	0.118024 	 0.011942 
0.189544 	0.223229 	0.151511 	0.132066 	 0.012677 
0.196976 	0.204541 	0.139736 	0.116465 	 0.012103 
0.194709 	0.212073 	0.144332 	0.124566 	 0.012862 
0.200721 	0.207633 	0.141362 	0.120702 	 0.011335 
0.207964 	0.198642 	0.135802 	0.112419 	 0.011249 
0.188875 	0.221897 	0.151109 	0.128278 	 0.013030 
0.200218 	0.202833 	0.138846 	0.115186 	 0.011895 
0.183368 	0.216993 	0.147921 	0.124883 	 0.013035 
0.189602 	0.223891 	0.152580 	0.130010 	 0.013234 
0.189293 	0.219466 	0.150027 	0.125369 	 0.013166 
0.198624 	0.204156 	0.139899 	0.112317 	 0.011421 
0.176824 	0.217057 	0.148377 	0.123954 	 0.013858 
0.178012 	0.217954 	0.148623 	0.123615 	 0.013219 
0.196424 	0.209846 	0.143406 	0.117862 	 0.012418 
0.186918 	0.219476 	0.149715 	0.124919 	 0.012935 
0.167799 	0.231849 	0.157566 	0.134373 	 0.014661 
0.181921 	0.214010 	0.146529 	0.120347 	 0.013020 
0.180181 	0.222952 	0.152199 	0.127671 	 0.013470 
0.187301 	0.209006 	0.143127 	0.117586 	 0.012465 
0.170991 	0.229219 	0.156181 	0.132810 	 0.013919 
0.183418 	0.216441 	0.148446 	0.121930 	 0.013595 
0.178586 	0.223827 	0.152751 	0.126701 	 0.013610 
0.181546 	0.220024 	0.150631 	0.123504 	 0.013033 
0.178980 	0.214272 	0.146827 	0.120496 	 0.012966 
0.191794 	0.209332 	0.143923 	0.115060 	 0.012288 
0.180154 	0.217091 	0.149110 	0.119921 	 0.013134 
0.177529 	0.225617 	0.154121 	0.125873 	 0.013475 
0.174481 	0.229069 	0.156560 	0.129640 	 0.013576 
0.170284 	0.231658 	0.157948 	0.131974 	 0.013838 
0.170306 	0.225368 	0.154398 	0.125202 	 0.013905 
0.188500 	0.221702 	0.152196 	0.122658 	 0.012843 
0.174276 	0.228871 	0.157324 	0.125082 	 0.013856 
0.173721 	0.226383 	0.155237 	0.125036 	 0.013669 
0.179758 	0.221383 	0.152048 	0.121428 	 0.012826 
0.193486 	0.209209 	0.144260 	0.114409 	 0.012389 
0.185941 	0.219600 	0.150640 	0.122334 	 0.013111 
0.166552 	0.234001 	0.160559 	0.130351 	 0.014392 
0.184760 	0.218947 	0.150704 	0.119428 	 0.013000 
0.168908 	0.222116 	0.152727 	0.121287 	 0.013658 
0.180392 	0.227662 	0.156510 	0.124080 	 0.012730 
0.185444 	0.216000 	0.148650 	0.117000 	 0.011834 
0.168926 	0.234274 	0.160532 	0.130140 	 0.013473 
0.160729 	0.236504 	0.162407 	0.130349 	 0.014683 
0.178486 	0.235050 	0.161960 	0.127014 	 0.014058 
0.175901 	0.234149 	0.160779 	0.129380 	 0.013428 
0.173727 	0.224328 	0.154560 	0.123305 	 0.014029 
0.178775 	0.221353 	0.152109 	0.122169 	 0.012564 
0.167445 	0.231162 	0.158671 	0.129085 	 0.014293 
0.176801 	0.228599 	0.157390 	0.126165 	 0.013682 
0.170580 	0.229496 	0.157882 	0.126818 	 0.013908 
0.178523 	0.233393 	0.160498 	0.129965 	 0.014169 
0.184253 	0.226118 	0.156200 	0.122391 	 0.013527 
0.174929 	0.231222 	0.159356 	0.124824 	 0.013846 
0.166891 	0.238736 	0.164294 	0.132973 	 0.014875 
0.176473 	0.221038 	0.152990 	0.115680 	 0.013184 
0.168366 	0.234822 	0.161601 	0.127717 	 0.013884 
0.169531 	0.232052 	0.159865 	0.126687 	 0.014207 
0.168194 	0.238944 	0.164565 	0.130222 	 0.014556 
0.183799 	0.220362 	0.152506 	0.117770 	 0.013055 
0.167041 	0.233829 	0.161411 	0.127742 	 0.014854 
0.165206 	0.237957 	0.163985 	0.127706 	 0.013754 
0.169956 	0.234698 	0.161921 	0.124920 	 0.013403 
0.156002 	0.242797 	0.167222 	0.130942 	 0.014429 
0.164100 	0.240299 	0.165497 	0.131415 	 0.015102 
0.174473 	0.233847 	0.161503 	0.125714 	 0.013811 
0.177080 	0.231030 	0.159866 	0.122806 	 0.013413 
0.156956 	0.234695 	0.162082 	0.124852 	 0.014211 
0.177324 	0.239543 	0.165601 	0.127560 	 0.013434 
0.166342 	0.237285 	0.163423 	0.129995 	 0.013495 
0.173765 	0.230085 	0.159326 	0.121884 	 0.013020 
0.165608 	0.227286 	0.157282 	0.121919 	 0.013815 
0.157298 	0.243390 	0.168130 	0.130605 	 0.014730 
0.160468 	0.247787 	0.170659 	0.133953 	 0.014225 
0.172067 	0.227545 	0.157780 	0.119875 	 0.013013 
0.190084 	0.217994 	0.152179 	0.110952 	 0.012451 
0.167389 	0.234745 	0.162833 	0.122941 	 0.013630 
0.165001 	0.243713 	0.168374 	0.129652 	 0.014035 
0.154890 	0.241689 	0.166846 	0.130597 	 0.014257 
0.156516 	0.246922 	0.170656 	0.131319 	 0.014464 
0.167828 	0.238054 	0.164946 	0.124349 	 0.014100 
0.146236 	0.250078 	0.172623 	0.134481 	 0.015252 
0.157919 	0.239802 	0.165994 	0.125272 	 0.014162 
0.166481 	0.237087 	0.164399 	0.123757 	 0.013502 
0.170951 	0.233896 	0.162666 	0.121108 	 0.013538 
0.171080 	0.232849 	0.161923 	0.120992 	 0.013643 
0.162543 	0.246351 	0.170550 	0.132310 	 0.014898 
0.172375 	0.233802 	0.162650 	0.118960 	 0.012854 
0.148891 	0.251256 	0.173959 	0.132219 	 0.015239 
0.155878 	0.249284 	0.172719 	0.129700 	 0.014263 
0.163831 	0.228138 	0.158731 	0.116939 	 0.013289 
0.169178 	0.230037 	0.159633 	0.118828 	 0.012503 
0.157468 	0.234984 	0.163417 	0.122449 	 0.014089 
0.165730 	0.240772 	0.167519 	0.124017 	 0.014024 
0.164682 	0.226716 	0.158029 	0.114787 	 0.012832 
0.157974 	0.236310 	0.163990 	0.124123 	 0.013638 
0.151442 	0.244210 	0.169029 	0.131331 	 0.014380 
0.152470 	0.246087 	0.170842 	0.130148 	 0.014687 
0.155548 	0.238164 	0.165568 	0.125734 	 0.014284 
0.155195 	0.234291 	0.163044 	0.120718 	 0.013639 
0.158433 	0.241108 	0.167282 	0.128544 	 0.014203 
0.162284 	0.239566 	0.166886 	0.121437 	 0.013214 
0.155035 	0.243192 	0.168932 	0.126733 	 0.014366 
0.147230 	0.245497 	0.170411 	0.128442 	 0.014628 
0.165687 	0.225686 	0.157909 	0.114882 	 0.013530 
0.138225 	0.258887 	0.179163 	0.137759 	 0.015448 
0.156474 	0.243274 	0.169440 	0.125192 	 0.014404 
0.139671 	0.260707 	0.180530 	0.138352 	 0.015197 
0.151546 	0.241115 	0.168126 	0.121988 	 0.014124 
0.154098 	0.240588 	0.167609 	0.126327 	 0.014523 
0.159365 	0.240125 	0.167608 	0.121164 	 0.014180 
0.149487 	0.246992 	0.172268 	0.126645 	 0.014326 
0.166456 	0.229862 	0.161025 	0.116709 	 0.013459 
0.161518 	0.239474 	0.167179 	0.123259 	 0.014100 
0.157990 	0.234831 	0.164442 	0.117738 	 0.013580 
0.158913 	0.231000 	0.162093 	0.114593 	 0.013482 
0.154704 	0.248189 	0.173079 	0.125707 	 0.013717 
0.151011 	0.248950 	0.173269 	0.131702 	 0.014580 
0.151120 	0.250962 	0.175044 	0.126449 	 0.014145 
0.150016 	0.247918 	0.173038 	0.126481 	 0.014832 
0.137585 	0.258390 	0.179806 	0.130421 	 0.014775 
0.138262 	0.260758 	0.180891 	0.136946 	 0.015415 
0.150704 	0.249635 	0.174055 	0.127787 	 0.015025 
0.156735 	0.233836 	0.164253 	0.116119 	 0.013819 
0.149271 	0.237989 	0.166827 	0.120473 	 0.014403 
0.153655 	0.245909 	0.171799 	0.124200 	 0.014148 
0.143694 	0.257207 	0.179607 	0.130843 	 0.015377 
0.144331 	0.250291 	0.174889 	0.127646 	 0.015090 
0.153808 	0.248257 	0.174206 	0.122742 	 0.015200 
0.135288 	0.254224 	0.177371 	0.128153 	 0.015117 
0.138478 	0.252006 	0.176327 	0.125990 	 0.015522 
0.162347 	0.232859 	0.163830 	0.111413 	 0.012648 
0.137049 	0.263510 	0.183354 	0.135622 	 0.015064 
0.131911 	0.261123 	0.181747 	0.135910 	 0.015723 
0.138447 	0.256797 	0.179493 	0.128014 	 0.015008 
0.150938 	0.245851 	0.172590 	0.119843 	 0.014066 
0.123372 	0.257895 	0.180232 	0.128188 	 0.016096 
0.141924 	0.252474 	0.176913 	0.122156 	 0.014122 
0.143295 	0.253763 	0.178013 	0.125232 	 0.015301 
0.133475 	0.257416 	0.180155 	0.129003 	 0.015299 
0.140870 	0.259365 	0.181459 	0.127680 	 0.014970 
0.135489 	0.248625 	0.174836 	0.121537 	 0.015405 
0.150097 	0.255801 	0.179566 	0.126777 	 0.015021 
0.136942 	0.257802 	0.180614 	0.128994 	 0.016141 
0.148674 	0.244818 	0.172270 	0.119886 	 0.014473 
0.149310 	0.242668 	0.170788 	0.118778 	 0.014280 
0.145422 	0.245591 	0.173173 	0.117858 	 0.014477 
0.131260 	0.267132 	0.186563 	0.135102 	 0.015646 
0.132321 	0.265325 	0.185842 	0.130713 	 0.015094 
0.133564 	0.264874 	0.185416 	0.132798 	 0.016125 
0.137709 	0.267355 	0.187128 	0.135237 	 0.015668 
0.146654 	0.254069 	0.178683 	0.124280 	 0.015029 
0.136851 	0.257362 	0.180979 	0.123239 	 0.014678 
0.129251 	0.261801 	0.183776 	0.129546 	 0.015788 
0.137399 	0.262346 	0.184214 	0.130604 	 0.015678 
0.126495 	0.267326 	0.187745 	0.133568 	 0.016678 
0.137997 	0.261183 	0.183316 	0.130404 	 0.015961 
0.126486 	0.268919 	0.188120 	0.135643 	 0.016518 
0.144311 	0.251399 	0.177239 	0.120643 	 0.014916 
0.142005 	0.261821 	0.183700 	0.132406 	 0.015400 
0.134610 	0.270400 	0.189538 	0.137127 	 0.016348 
0.135465 	0.262649 	0.184820 	0.127120 	 0.015619 
0.120010 	0.274099 	0.191932 	0.138187 	 0.016816 
0.143208 	0.251401 	0.177698 	0.119747 	 0.015237 
0.148449 	0.250950 	0.177623 	0.116861 	 0.014537 
0.138756 	0.257495 	0.181505 	0.125860 	 0.015525 
0.128656 	0.270518 	0.189905 	0.135772 	 0.016097 
0.127683 	0.277994 	0.194911 	0.139177 	 0.016731 
0.133148 	0.260918 	0.184144 	0.126368 	 0.016036 
0.108772 	0.284807 	0.199172 	0.145038 	 0.017617 
0.143259 	0.261185 	0.183927 	0.127581 	 0.014382 
0.142289 	0.253694 	0.179548 	0.119952 	 0.014370 
0.154777 	0.233543 	0.166848 	0.104773 	 0.013919 
0.132012 	0.261980 	0.185089 	0.126381 	 0.015545 
0.123830 	0.272673 	0.192183 	0.130962 	 0.015930 
0.135759 	0.268851 	0.189247 	0.131006 	 0.014798 
0.130617 	0.263368 	0.186198 	0.124461 	 0.015411 
0.140441 	0.266827 	0.188424 	0.129120 	 0.015672 
0.121424 	0.270355 	0.190807 	0.129089 	 0.015852 
0.131220 	0.264675 	0.187251 	0.126205 	 0.015997 
0.126089 	0.268459 	0.189677 	0.130706 	 0.016647 
0.126708 	0.267762 	0.189370 	0.126315 	 0.015877 
0.134016 	0.268076 	0.189552 	0.128572 	 0.016076 
0.127712 	0.272805 	0.192765 	0.130635 	 0.015999 
0.142461 	0.257385 	0.182302 	0.122094 	 0.015156 
0.133128 	0.267481 	0.189283 	0.126055 	 0.015468 
0.130274 	0.261121 	0.185269 	0.120339 	 0.015001 
0.126675 	0.272788 	0.192897 	0.131063 	 0.016345 
0.117992 	0.274032 	0.193404 	0.131103 	 0.016501 
0.130750 	0.261039 	0.185294 	0.121026 	 0.014948 
0.127332 	0.263657 	0.187077 	0.124294 	 0.015888 
0.115134 	0.278216 	0.196813 	0.133509 	 0.017264 
0.128340 	0.274769 	0.194789 	0.128292 	 0.016142 
0.130190 	0.270489 	0.191466 	0.127622 	 0.015629 
0.130047 	0.257567 	0.183111 	0.119267 	 0.014930 
0.129225 	0.275324 	0.194663 	0.133549 	 0.016236 
0.145817 	0.254208 	0.180949 	0.116253 	 0.014501 
0.124016 	0.275328 	0.194739 	0.134497 	 0.017154 
0.124021 	0.272269 	0.192665 	0.128582 	 0.015943 
0.114434 	0.286854 	0.202624 	0.136351 	 0.016801 
0.132603 	0.277609 	0.196711 	0.133271 	 0.016849 
0.133794 	0.260729 	0.185634 	0.120570 	 0.015793 
0.120872 	0.275907 	0.195252 	0.132940 	 0.016449 
0.138694 	0.268033 	0.190681 	0.124308 	 0.015572 
0.121612 	0.274356 	0.194546 	0.128904 	 0.016247 
0.123674 	0.273801 	0.194183 	0.129659 	 0.016244 
0.141702 	0.254923 	0.182043 	0.116637 	 0.014850 
0.122576 	0.274137 	0.194594 	0.130202 	 0.016598 
0.130460 	0.264876 	0.188587 	0.122083 	 0.015652 
0.119203 	0.273779 	0.194171 	0.129561 	 0.016447 
0.129121 	0.267792 	0.190965 	0.122691 	 0.016173 
0.121528 	0.272237 	0.193514 	0.127883 	 0.016256 
0.128077 	0.266418 	0.190249 	0.121428 	 0.016098 
0.136281 	0.254088 	0.181564 	0.114898 	 0.015066 
0.138068 	0.260015 	0.185752 	0.120330 	 0.015512 
0.129719 	0.280261 	0.199334 	0.131279 	 0.016629 
0.129267 	0.261581 	0.187299 	0.116916 	 0.015714 
0.113584 	0.280521 	0.199013 	0.133977 	 0.017204 
0.124814 	0.267686 	0.191055 	0.123638 	 0.016074 
0.117455 	0.277165 	0.196743 	0.133208 	 0.017027 
0.121711 	0.270805 	0.192513 	0.129167 	 0.016539 
0.121862 	0.277369 	0.197933 	0.126704 	 0.016963 
0.117946 	0.285618 	0.203314 	0.132274 	 0.017119 
0.122250 	0.275766 	0.196488 	0.126508 	 0.016380 
0.132516 	0.270158 	0.192704 	0.124614 	 0.015711 
0.112460 	0.286542 	0.203878 	0.135056 	 0.017767 
0.103566 	0.286836 	0.203591 	0.136434 	 0.017665 
0.127543 	0.267641 	0.191198 	0.122804 	 0.015937 
0.113734 	0.284156 	0.202287 	0.131879 	 0.016791 
0.123855 	0.276779 	0.197573 	0.127354 	 0.015758 
0.118803 	0.287242 	0.204196 	0.135284 	 0.016917 
0.118689 	0.281897 	0.201180 	0.129555 	 0.016985 
0.118076 	0.273095 	0.194904 	0.125856 	 0.016096 
0.124190 	0.277420 	0.198135 	0.127346 	 0.016360 
0.114266 	0.283224 	0.201427 	0.133749 	 0.017531 
0.127647 	0.270273 	0.193692 	0.122577 	 0.016367 
0.105239 	0.277627 	0.198586 	0.126861 	 0.017465 
0.118989 	0.279959 	0.199957 	0.129730 	 0.017268 
0.114268 	0.268705 	0.192807 	0.121118 	 0.016914 
0.108908 	0.276873 	0.197466 	0.128332 	 0.016682 
0.114722 	0.263929 	0.189723 	0.114656 	 0.015989 
0.120028 	0.271955 	0.194384 	0.126546 	 0.016143 
0.127592 	0.260608 	0.187651 	0.117373 	 0.016295 
0.112133 	0.261846 	0.187640 	0.117980 	 0.015889 
0.123815 	0.270332 	0.193737 	0.119882 	 0.015735 
0.128732 	0.256418 	0.184356 	0.115794 	 0.015146 
0.114623 	0.275866 	0.198021 	0.125822 	 0.017580 
0.129983 	0.263401 	0.189462 	0.116703 	 0.015380 
0.114236 	0.277641 	0.199091 	0.125753 	 0.017041 
0.124643 	0.264475 	0.190222 	0.118379 	 0.016101 
0.126653 	0.264236 	0.190269 	0.116062 	 0.015664 
0.109364 	0.276951 	0.198959 	0.122343 	 0.016960 
0.114728 	0.270523 	0.194032 	0.123495 	 0.016592 
0.134533 	0.255039 	0.184902 	0.109145 	 0.015734 
0.122850 	0.265704 	0.191167 	0.117620 	 0.015602 
0.128422 	0.269692 	0.194149 	0.119750 	 0.016093 
0.123925 	0.252736 	0.183647 	0.105107 	 0.015825 
0.135288 	0.259475 	0.187301 	0.113299 	 0.015125 
0.114046 	0.280524 	0.200928 	0.131388 	 0.017150 
0.109435 	0.293525 	0.209792 	0.136690 	 0.017814 
0.117056 	0.276265 	0.198488 	0.125643 	 0.017016 
0.131969 	0.269603 	0.194424 	0.120742 	 0.016226 
0.122667 	0.276302 	0.198470 	0.126201 	 0.016700 
0.114977 	0.275083 	0.197941 	0.123553 	 0.017116 
0.108062 	0.275189 	0.198338 	0.122188 	 0.017772 
0.111099 	0.284405 	0.203977 	0.131008 	 0.018099 
0.112209 	0.274015 	0.197532 	0.118868 	 0.016722 
0.118571 	0.269848 	0.195339 	0.115064 	 0.016454 
0.439997 	-0.000199 	0.001231 	-0.002373 	 -0.000193 
0.439748 	0.008291 	0.006876 	0.006314 	 0.001478 
0.451269 	0.010983 	0.008189 	0.013195 	 0.001131 
0.448663 	0.011041 	0.008359 	0.014420 	 0.001759 
0.441882 	0.027646 	0.018524 	0.027632 	 0.002009 
0.445794 	0.023217 	0.016158 	0.022635 	 0.002105 
0.424996 	0.038212 	0.025669 	0.033652 	 0.003088 
0.438936 	0.024341 	0.016765 	0.026258 	 0.002524 
0.433404 	0.034976 	0.023886 	0.029864 	 0.002994 
0.427655 	0.026796 	0.017988 	0.029577 	 0.003151 
0.420255 	0.034663 	0.023851 	0.031059 	 0.004237 
0.424797 	0.035208 	0.023536 	0.035822 	 0.003557 
0.439305 	0.029019 	0.019899 	0.026256 	 0.001975 
0.449912 	0.008774 	0.006542 	0.016326 	 0.002423 
0.431982 	0.039329 	0.026440 	0.032562 	 0.002853 
0.417224 	0.047406 	0.031080 	0.043029 	 0.003997 
0.406153 	0.051387 	0.034131 	0.042814 	 0.004428 
0.423417 	0.033525 	0.022649 	0.030340 	 0.003394 
0.401360 	0.050235 	0.033007 	0.044034 	 0.004640 
0.411588 	0.042711 	0.028780 	0.037048 	 0.004899 
0.399464 	0.054751 	0.035400 	0.047764 	 0.004934 
0.394470 	0.056712 	0.037138 	0.051402 	 0.005589 
0.409802 	0.050516 	0.033631 	0.042474 	 0.005303 
0.393886 	0.053292 	0.034863 	0.046249 	 0.005448 
0.387364 	0.058573 	0.038389 	0.052029 	 0.006213 
0.396100 	0.056949 	0.037849 	0.047238 	 0.005630 
0.399016 	0.054001 	0.035624 	0.046568 	 0.005352 
0.388882 	0.047370 	0.031396 	0.043282 	 0.005604 
0.398499 	0.051249 	0.034280 	0.042770 	 0.005444 
0.378138 	0.071817 	0.047113 	0.059806 	 0.007454 
0.391631 	0.056551 	0.037337 	0.050368 	 0.006238 
0.387800 	0.059608 	0.038722 	0.054661 	 0.006046 
0.386478 	0.059587 	0.039697 	0.048728 	 0.006933 
0.398114 	0.054064 	0.035772 	0.045686 	 0.005234 
0.380204 	0.062215 	0.041190 	0.052119 	 0.007021 
0.379687 	0.062822 	0.041584 	0.051173 	 0.006190 
0.385425 	0.058183 	0.038290 	0.050211 	 0.006303 
0.384623 	0.057131 	0.037339 	0.052137 	 0.006390 
0.389187 	0.050616 	0.033307 	0.046779 	 0.006285 
0.371034 	0.065770 	0.043168 	0.055034 	 0.007276 
0.364578 	0.077058 	0.050831 	0.062696 	 0.007769 
0.366745 	0.072431 	0.047267 	0.061734 	 0.007000 
0.379755 	0.060561 	0.039720 	0.050496 	 0.005810 
0.373062 	0.072353 	0.047904 	0.057638 	 0.006956 
0.371088 	0.062584 	0.041291 	0.051699 	 0.006758 
0.376670 	0.062535 	0.041699 	0.052834 	 0.007376 
0.362464 	0.069948 	0.045400 	0.060580 	 0.006969 
0.374896 	0.062547 	0.041456 	0.053905 	 0.007178 
0.370307 	0.064357 	0.042537 	0.053255 	 0.007138 
0.358302 	0.073034 	0.047879 	0.061302 	 0.008095 
0.373607 	0.067775 	0.044633 	0.056603 	 0.006698 
0.369668 	0.060393 	0.040111 	0.048014 	 0.006443 
0.375562 	0.066736 	0.043996 	0.055716 	 0.006918 
0.376568 	0.062269 	0.041056 	0.053432 	 0.006507 
0.355981 	0.079832 	0.052612 	0.066179 	 0.008975 
0.361329 	0.074672 	0.049273 	0.062563 	 0.008159 
0.360036 	0.067834 	0.044558 	0.059220 	 0.007116 
0.348263 	0.085170 	0.055812 	0.070094 	 0.008032 
0.356601 	0.075274 	0.049289 	0.063605 	 0.007937 
0.353139 	0.078482 	0.052340 	0.061655 	 0.008581 
0.359418 	0.067687 	0.044741 	0.057344 	 0.007871 
0.363981 	0.061311 	0.041166 	0.049590 	 0.007472 
0.351213 	0.068314 	0.045472 	0.055585 	 0.008100 
0.345960 	0.072591 	0.047912 	0.059462 	 0.008683 
0.364934 	0.064398 	0.042472 	0.054374 	 0.006962 
0.350438 	0.075536 	0.049683 	0.062826 	 0.008035 
0.350289 	0.074244 	0.049207 	0.059465 	 0.007948 
0.358963 	0.073898 	0.049111 	0.060603 	 0.008700 
0.342894 	0.081425 	0.053286 	0.067295 	 0.008808 
0.335732 	0.082890 	0.054273 	0.069321 	 0.009597 
0.335436 	0.078330 	0.051308 	0.064554 	 0.008484 
0.339384 	0.085942 	0.056895 	0.067202 	 0.009089 
0.340773 	0.079741 	0.052713 	0.064453 	 0.008834 
0.342074 	0.083261 	0.055047 	0.068209 	 0.009448 
0.333207 	0.078438 	0.051725 	0.063739 	 0.008954 
0.346311 	0.068267 	0.045120 	0.057138 	 0.007920 
0.332908 	0.094257 	0.062332 	0.072929 	 0.009638 
0.334319 	0.090490 	0.059664 	0.069290 	 0.008396 
0.334081 	0.089094 	0.058694 	0.071904 	 0.009488 
0.346621 	0.076243 	0.050852 	0.060664 	 0.008205 
0.325941 	0.092631 	0.060823 	0.073658 	 0.009220 
0.332122 	0.084780 	0.056554 	0.065511 	 0.009136 
0.325654 	0.087541 	0.057380 	0.071579 	 0.009457 
0.340184 	0.082573 	0.054939 	0.063529 	 0.008156 
0.323978 	0.097834 	0.064549 	0.076687 	 0.009798 
0.325164 	0.089915 	0.059432 	0.070027 	 0.009272 
0.332517 	0.085735 	0.057103 	0.066029 	 0.009108 
0.337103 	0.074397 	0.049212 	0.058795 	 0.008141 
0.319545 	0.090899 	0.060241 	0.067950 	 0.009127 
0.324825 	0.093092 	0.061816 	0.070743 	 0.009473 
0.336086 	0.083491 	0.055146 	0.068021 	 0.009026 
0.318437 	0.097601 	0.064609 	0.074491 	 0.009620 
0.315283 	0.097384 	0.064196 	0.074704 	 0.009982 
0.327752 	0.085317 	0.056627 	0.065580 	 0.008997 
0.325321 	0.088011 	0.058325 	0.069195 	 0.009247 
0.314749 	0.099537 	0.065965 	0.075243 	 0.009779 
0.329241 	0.087555 	0.058337 	0.067924 	 0.009605 
0.314539 	0.091617 	0.060573 	0.071567 	 0.009988 
0.328685 	0.085139 	0.056696 	0.065333 	 0.008948 
0.326351 	0.091733 	0.061126 	0.069204 	 0.009101 
0.315646 	0.094694 	0.062908 	0.073352 	 0.009785 
0.321551 	0.094306 	0.062581 	0.071746 	 0.009129 
0.321746 	0.087968 	0.058965 	0.065194 	 0.009170 
0.318774 	0.083196 	0.055441 	0.063648 	 0.009234 
0.325631 	0.085345 	0.056831 	0.065981 	 0.008876 
0.305150 	0.096343 	0.063860 	0.074227 	 0.010254 
0.307334 	0.106686 	0.071195 	0.078384 	 0.010854 
0.303538 	0.106098 	0.070231 	0.079921 	 0.010670 
0.314722 	0.099598 	0.065891 	0.076664 	 0.009977 
0.311075 	0.089472 	0.059098 	0.070161 	 0.009299 
0.322894 	0.089137 	0.059400 	0.067061 	 0.008880 
0.286697 	0.109251 	0.072241 	0.081590 	 0.011013 
0.310308 	0.092766 	0.062193 	0.067903 	 0.009982 
0.309064 	0.103521 	0.069176 	0.075704 	 0.010189 
0.297623 	0.111353 	0.073894 	0.082960 	 0.011464 
0.314209 	0.100701 	0.067066 	0.076132 	 0.009894 
0.309790 	0.100090 	0.066814 	0.074242 	 0.010689 
0.319183 	0.093546 	0.062592 	0.069006 	 0.009821 
0.309402 	0.095527 	0.064132 	0.069191 	 0.010207 
0.308940 	0.097792 	0.065127 	0.074765 	 0.010608 
0.301265 	0.098659 	0.065791 	0.073664 	 0.010712 
0.300438 	0.098293 	0.065344 	0.074436 	 0.010623 
0.287438 	0.116279 	0.076985 	0.087585 	 0.011841 
0.307423 	0.104844 	0.069651 	0.077382 	 0.010084 
0.307507 	0.103511 	0.069314 	0.074697 	 0.010165 
0.281290 	0.117893 	0.077935 	0.087357 	 0.011890 
0.290654 	0.115606 	0.076749 	0.087852 	 0.012088 
0.292575 	0.107349 	0.071281 	0.081298 	 0.011284 
0.292291 	0.103000 	0.068811 	0.074982 	 0.010539 
0.288649 	0.118352 	0.078630 	0.084892 	 0.011379 
0.297177 	0.101345 	0.067318 	0.077310 	 0.010338 
0.288038 	0.112896 	0.075319 	0.081297 	 0.011155 
0.281580 	0.111997 	0.074589 	0.082152 	 0.011548 
0.301721 	0.095689 	0.064352 	0.072091 	 0.010811 
0.286830 	0.117721 	0.078287 	0.086801 	 0.012266 
0.285406 	0.110988 	0.073941 	0.080812 	 0.011285 
0.281772 	0.116091 	0.077012 	0.087711 	 0.012522 
0.290110 	0.104135 	0.069649 	0.076547 	 0.011543 
0.290121 	0.109040 	0.072518 	0.078475 	 0.010693 
0.284255 	0.108379 	0.072435 	0.077464 	 0.010889 
0.293653 	0.108696 	0.072679 	0.078200 	 0.011048 
0.302479 	0.100518 	0.067564 	0.072842 	 0.010380 
0.268593 	0.122894 	0.081828 	0.089853 	 0.013006 
0.282788 	0.104668 	0.070041 	0.075488 	 0.011046 
0.261847 	0.126933 	0.084595 	0.090621 	 0.013391 
0.270565 	0.121019 	0.080824 	0.084667 	 0.012654 
0.267513 	0.122442 	0.081693 	0.086536 	 0.011977 
0.288758 	0.114349 	0.076548 	0.081677 	 0.011566 
0.293553 	0.105142 	0.070630 	0.073563 	 0.010372 
0.282325 	0.109183 	0.073306 	0.078582 	 0.012129 
0.283006 	0.106508 	0.071231 	0.077054 	 0.011732 
0.284767 	0.108283 	0.072693 	0.077331 	 0.011566 
0.275246 	0.125153 	0.083660 	0.090210 	 0.012816 
0.287242 	0.117290 	0.078870 	0.080837 	 0.011822 
0.269662 	0.117987 	0.078901 	0.084231 	 0.012490 
0.280326 	0.116338 	0.077566 	0.086126 	 0.011706 
0.277396 	0.111803 	0.074637 	0.080911 	 0.011510 
0.279180 	0.113206 	0.075845 	0.081857 	 0.011825 
0.282818 	0.112672 	0.076061 	0.078018 	 0.011940 
0.271359 	0.120700 	0.080625 	0.087940 	 0.012085 
0.284618 	0.112595 	0.076050 	0.076729 	 0.011518 
0.284795 	0.104843 	0.070810 	0.073545 	 0.010918 
0.277348 	0.109100 	0.073173 	0.078751 	 0.011704 
0.280699 	0.111479 	0.074813 	0.080428 	 0.011960 
0.284934 	0.101427 	0.068494 	0.070379 	 0.010721 
0.276833 	0.106298 	0.070977 	0.079311 	 0.011609 
0.264154 	0.121047 	0.081195 	0.085234 	 0.012341 
0.281887 	0.107992 	0.072942 	0.073689 	 0.011476 
0.288464 	0.100816 	0.068366 	0.068889 	 0.010508 
0.281694 	0.110739 	0.074986 	0.073536 	 0.010898 
0.284430 	0.108101 	0.073054 	0.073875 	 0.011076 
0.287360 	0.104892 	0.070870 	0.073641 	 0.011034 
0.278769 	0.114031 	0.077039 	0.078736 	 0.011554 
0.277587 	0.112578 	0.075872 	0.078799 	 0.011768 
0.274004 	0.107948 	0.073143 	0.073192 	 0.011814 
0.266211 	0.116045 	0.078096 	0.078873 	 0.012001 
0.267621 	0.121310 	0.081520 	0.082603 	 0.011790 
0.263935 	0.128888 	0.086555 	0.088492 	 0.012310 
0.283328 	0.111062 	0.074846 	0.076906 	 0.011391 
0.259434 	0.131717 	0.088242 	0.091655 	 0.013097 
0.269735 	0.109215 	0.073819 	0.073981 	 0.011419 
0.265716 	0.127968 	0.085873 	0.089403 	 0.012711 
0.274253 	0.119630 	0.080342 	0.083369 	 0.011413 
0.264926 	0.120997 	0.081371 	0.082547 	 0.011748 
0.266769 	0.116635 	0.078770 	0.078952 	 0.011568 
0.271278 	0.121068 	0.081979 	0.080003 	 0.011678 
0.267105 	0.120394 	0.081581 	0.080746 	 0.012046 
0.270075 	0.115350 	0.078189 	0.075926 	 0.011785 
0.252815 	0.136234 	0.091358 	0.093554 	 0.013216 
0.272646 	0.112332 	0.075623 	0.078572 	 0.010991 
0.249623 	0.137435 	0.092363 	0.092137 	 0.012692 
0.264353 	0.123045 	0.083020 	0.083888 	 0.011836 
0.259751 	0.128628 	0.086976 	0.085801 	 0.012096 
0.251750 	0.133268 	0.089854 	0.091507 	 0.013276 
0.262444 	0.126660 	0.085691 	0.084885 	 0.012116 
0.256797 	0.121863 	0.082062 	0.084228 	 0.012615 
0.254625 	0.119622 	0.081060 	0.080655 	 0.012507 
0.257032 	0.118505 	0.080456 	0.079380 	 0.012126 
0.251224 	0.126528 	0.085387 	0.084668 	 0.012513 
0.255082 	0.122269 	0.082594 	0.081310 	 0.012046 
0.255390 	0.126533 	0.085428 	0.089440 	 0.013304 
0.257549 	0.125087 	0.084764 	0.081988 	 0.011777 
0.250091 	0.128569 	0.087129 	0.085195 	 0.012853 
0.242803 	0.136899 	0.091715 	0.096503 	 0.013342 
0.250164 	0.135479 	0.092153 	0.085540 	 0.012452 
0.248542 	0.129147 	0.087244 	0.084504 	 0.012173 
0.240178 	0.134486 	0.091063 	0.088523 	 0.013834 
0.243484 	0.133201 	0.089916 	0.089833 	 0.012891 
0.227869 	0.145656 	0.097982 	0.097325 	 0.013847 
0.240053 	0.131563 	0.088911 	0.085209 	 0.012816 
0.237848 	0.139838 	0.094912 	0.090874 	 0.013837 
0.239331 	0.139543 	0.094565 	0.091970 	 0.013153 
0.243450 	0.131158 	0.089014 	0.087199 	 0.013079 
0.235622 	0.143037 	0.096578 	0.097144 	 0.014165 
0.244252 	0.126166 	0.085798 	0.081900 	 0.012835 
0.247676 	0.126985 	0.086400 	0.082365 	 0.013086 
0.233074 	0.134348 	0.090943 	0.087655 	 0.013255 
0.228431 	0.132819 	0.089725 	0.086150 	 0.012871 
0.243840 	0.123852 	0.084682 	0.078226 	 0.012535 
0.242751 	0.139283 	0.094539 	0.088669 	 0.012903 
0.235861 	0.132571 	0.090593 	0.083954 	 0.013086 
0.228273 	0.132225 	0.089608 	0.087403 	 0.013452 
0.232723 	0.141734 	0.095831 	0.092703 	 0.013008 
0.238302 	0.134814 	0.091835 	0.085461 	 0.012999 
0.217521 	0.146199 	0.098851 	0.095017 	 0.014317 
0.232143 	0.127540 	0.087292 	0.081516 	 0.012999 
0.213550 	0.146158 	0.099320 	0.092302 	 0.014280 
0.217422 	0.144381 	0.097812 	0.092732 	 0.013800 
0.222100 	0.147334 	0.100054 	0.093588 	 0.013637 
0.228682 	0.138038 	0.093992 	0.086424 	 0.013016 
0.219180 	0.143703 	0.097557 	0.091944 	 0.013350 
0.217013 	0.151064 	0.102386 	0.097916 	 0.014407 
0.217595 	0.153639 	0.104146 	0.100772 	 0.014852 
0.214767 	0.156068 	0.105620 	0.102478 	 0.014572 
0.209460 	0.151709 	0.102677 	0.098091 	 0.014619 
0.210081 	0.145763 	0.099219 	0.092593 	 0.014862 
0.217099 	0.143226 	0.096759 	0.095824 	 0.013839 
0.210043 	0.145782 	0.099197 	0.093136 	 0.014343 
0.208944 	0.148307 	0.100860 	0.094740 	 0.014710 
0.214845 	0.146475 	0.099647 	0.092378 	 0.014301 
0.212677 	0.148117 	0.101131 	0.092355 	 0.013975 
0.216329 	0.144485 	0.098874 	0.089996 	 0.014227 
0.190388 	0.157663 	0.107317 	0.097548 	 0.015340 
0.192890 	0.156204 	0.105983 	0.099289 	 0.015288 
0.196669 	0.161777 	0.109578 	0.104640 	 0.015807 
0.214714 	0.141273 	0.096633 	0.087734 	 0.013767 
0.212167 	0.148369 	0.101254 	0.091438 	 0.013749 
0.189162 	0.165614 	0.111692 	0.108057 	 0.014992 
0.194165 	0.157072 	0.107140 	0.097362 	 0.015539 
0.196052 	0.158313 	0.107597 	0.098969 	 0.014135 
0.193093 	0.163012 	0.110446 	0.103002 	 0.015021 
0.213486 	0.147878 	0.101087 	0.094171 	 0.014813 
0.199010 	0.155609 	0.106332 	0.094934 	 0.014687 
0.202105 	0.146622 	0.100329 	0.089570 	 0.013866 
0.202853 	0.154818 	0.105758 	0.095166 	 0.014766 
0.189618 	0.162916 	0.110469 	0.102064 	 0.014852 
0.191064 	0.164663 	0.112294 	0.101434 	 0.015207 
0.189168 	0.151305 	0.103251 	0.094519 	 0.015208 
0.193789 	0.162637 	0.111153 	0.098801 	 0.015052 
0.209570 	0.150167 	0.103214 	0.089275 	 0.013777 
0.182387 	0.174509 	0.118263 	0.109079 	 0.015938 
0.184536 	0.162772 	0.111282 	0.098100 	 0.015691 
0.182629 	0.163838 	0.111287 	0.104648 	 0.015671 
0.178252 	0.173266 	0.118256 	0.105787 	 0.016508 
0.184905 	0.167674 	0.114053 	0.105689 	 0.015688 
0.182025 	0.159195 	0.108630 	0.098557 	 0.015452 
0.183930 	0.169702 	0.115226 	0.104891 	 0.015508 
0.186180 	0.163081 	0.110685 	0.102023 	 0.014643 
0.179005 	0.168195 	0.114738 	0.103964 	 0.016380 
0.182445 	0.161171 	0.110243 	0.095850 	 0.014708 
0.186379 	0.157656 	0.107725 	0.093389 	 0.014605 
0.188845 	0.166531 	0.113604 	0.102412 	 0.015305 
0.189571 	0.155821 	0.106652 	0.094394 	 0.015077 
0.197781 	0.149546 	0.102813 	0.090052 	 0.013913 
0.169262 	0.168584 	0.114873 	0.103034 	 0.015895 
0.185827 	0.155245 	0.106722 	0.093516 	 0.015363 
0.172956 	0.172468 	0.117154 	0.108330 	 0.016047 
0.179469 	0.173582 	0.118566 	0.106238 	 0.016228 
0.186474 	0.156742 	0.107336 	0.094720 	 0.015078 
0.188769 	0.168894 	0.115607 	0.101423 	 0.015330 
0.178914 	0.168175 	0.115064 	0.101765 	 0.015879 
0.180341 	0.164899 	0.112524 	0.100413 	 0.014829 
0.184827 	0.167070 	0.114363 	0.100811 	 0.015476 
0.168348 	0.175175 	0.119748 	0.104795 	 0.016193 
0.169695 	0.185624 	0.126157 	0.115257 	 0.016602 
0.178737 	0.160974 	0.110118 	0.097906 	 0.015452 
0.187553 	0.159101 	0.109416 	0.093621 	 0.014272 
0.167410 	0.176428 	0.120490 	0.105770 	 0.016401 
0.180330 	0.164242 	0.112624 	0.099634 	 0.015394 
0.175558 	0.171933 	0.118074 	0.103734 	 0.016451 
0.175757 	0.161867 	0.110979 	0.096211 	 0.015663 
0.180487 	0.150332 	0.103305 	0.090027 	 0.014619 
0.156163 	0.184170 	0.125439 	0.113767 	 0.018014 
0.184214 	0.166634 	0.114444 	0.100658 	 0.015285 
0.174588 	0.165344 	0.113687 	0.097491 	 0.015873 
0.160859 	0.187795 	0.127906 	0.115701 	 0.016728 
0.178010 	0.160872 	0.110961 	0.092903 	 0.015154 
0.168759 	0.179333 	0.122689 	0.110033 	 0.016454 
0.182441 	0.170959 	0.116945 	0.103638 	 0.015534 
0.174165 	0.173990 	0.119584 	0.102128 	 0.015745 
0.186577 	0.157251 	0.108812 	0.090756 	 0.014631 
0.176575 	0.169941 	0.116836 	0.102954 	 0.016460 
0.166107 	0.176166 	0.120947 	0.104697 	 0.016308 
0.185225 	0.168030 	0.115676 	0.099665 	 0.015045 
0.171145 	0.176268 	0.120788 	0.105147 	 0.015743 
0.197990 	0.149068 	0.103680 	0.086071 	 0.014228 
0.180589 	0.170953 	0.117838 	0.099806 	 0.015441 
0.183711 	0.166260 	0.115229 	0.096235 	 0.015361 
0.164539 	0.181412 	0.124339 	0.108915 	 0.016458 
0.180305 	0.171961 	0.118454 	0.100404 	 0.015439 
0.173443 	0.159658 	0.110288 	0.092743 	 0.014825 
0.177349 	0.163773 	0.112583 	0.099295 	 0.015581 
0.169654 	0.175382 	0.120580 	0.103419 	 0.015583 
0.181290 	0.159829 	0.110754 	0.092296 	 0.014738 
0.166415 	0.184347 	0.126681 	0.106877 	 0.016063 
0.172927 	0.172112 	0.118989 	0.099295 	 0.016024 
0.165656 	0.176010 	0.121061 	0.103768 	 0.016356 
0.169325 	0.167393 	0.115198 	0.097948 	 0.014830 
0.165747 	0.174069 	0.119505 	0.101690 	 0.015316 
0.176833 	0.170872 	0.118480 	0.096417 	 0.015593 
0.176868 	0.165913 	0.114308 	0.098410 	 0.014802 
0.184124 	0.159934 	0.110803 	0.092909 	 0.014815 
0.164571 	0.166912 	0.115244 	0.097740 	 0.015358 
0.177496 	0.157991 	0.109577 	0.090377 	 0.014482 
0.177350 	0.169716 	0.117856 	0.094052 	 0.015074 
0.174108 	0.168911 	0.117274 	0.094892 	 0.015674 
0.171605 	0.161469 	0.112177 	0.091827 	 0.015284 
0.163163 	0.181946 	0.125515 	0.104370 	 0.015520 
0.161879 	0.178201 	0.122967 	0.103643 	 0.016514 
0.172441 	0.171846 	0.119146 	0.098573 	 0.015762 
0.176073 	0.170173 	0.118058 	0.097778 	 0.015768 
0.173821 	0.171905 	0.119204 	0.098648 	 0.015896 
0.156745 	0.177572 	0.122657 	0.102637 	 0.016488 
0.159925 	0.184649 	0.127330 	0.107666 	 0.016486 
0.169086 	0.173061 	0.120434 	0.096088 	 0.015863 
0.188793 	0.164614 	0.114653 	0.092808 	 0.014887 
0.173569 	0.164983 	0.114835 	0.093498 	 0.015043 
0.172808 	0.175756 	0.122051 	0.098686 	 0.015899 
0.173411 	0.168629 	0.117483 	0.093989 	 0.015679 
0.163955 	0.176039 	0.122115 	0.100676 	 0.015936 
0.176297 	0.172501 	0.119853 	0.098258 	 0.015396 
0.168295 	0.168459 	0.117334 	0.092815 	 0.015151 
0.156484 	0.181426 	0.125646 	0.104076 	 0.016321 
0.184492 	0.162883 	0.113658 	0.090850 	 0.014636 
0.174335 	0.170075 	0.118395 	0.095281 	 0.015146 
0.170518 	0.167660 	0.116583 	0.095074 	 0.015671 
0.165365 	0.165210 	0.114987 	0.094360 	 0.015753 
0.163750 	0.164188 	0.114485 	0.090841 	 0.015391 
0.162791 	0.168192 	0.116996 	0.092833 	 0.015263 
0.158477 	0.176412 	0.123042 	0.095758 	 0.015907 
0.175290 	0.162247 	0.113653 	0.088932 	 0.015371 
0.156810 	0.181205 	0.125625 	0.102902 	 0.016404 
0.158004 	0.182660 	0.127070 	0.102307 	 0.016306 
0.153699 	0.175049 	0.121875 	0.096657 	 0.015794 
0.151270 	0.181401 	0.125675 	0.104577 	 0.016519 
0.153368 	0.180558 	0.125577 	0.102321 	 0.016578 
0.150909 	0.182855 	0.126656 	0.106020 	 0.016626 
0.151983 	0.180016 	0.125452 	0.100802 	 0.016960 
0.141114 	0.177035 	0.123328 	0.098061 	 0.016824 
0.152128 	0.187402 	0.130000 	0.106957 	 0.017191 
0.143526 	0.187716 	0.130702 	0.102423 	 0.016542 
0.154173 	0.183698 	0.127680 	0.103300 	 0.016422 
0.148299 	0.180540 	0.125533 	0.103637 	 0.016291 
0.151133 	0.184394 	0.128350 	0.102392 	 0.016545 
0.146228 	0.186147 	0.129382 	0.105421 	 0.016833 
0.145289 	0.189348 	0.131374 	0.105771 	 0.016647 
0.136971 	0.193309 	0.134104 	0.110518 	 0.017483 
0.145324 	0.193495 	0.134530 	0.107947 	 0.017434 
0.177039 	0.171894 	0.120783 	0.091201 	 0.015002 
0.150740 	0.186299 	0.129690 	0.103085 	 0.016725 
0.152529 	0.187482 	0.130602 	0.103430 	 0.016731 
0.146288 	0.184472 	0.128511 	0.102572 	 0.016624 
0.141237 	0.191833 	0.133770 	0.106517 	 0.017376 
0.157550 	0.171968 	0.120675 	0.092093 	 0.015737 
0.141250 	0.187648 	0.130995 	0.102258 	 0.017217 
0.139149 	0.188415 	0.131735 	0.102191 	 0.017110 
0.140988 	0.190994 	0.133210 	0.103528 	 0.016984 
0.144590 	0.186521 	0.129913 	0.103553 	 0.016494 
0.151173 	0.179526 	0.125828 	0.097936 	 0.016226 
0.135481 	0.196543 	0.136507 	0.110390 	 0.017665 
0.141758 	0.180118 	0.126121 	0.098498 	 0.016812 
0.136208 	0.196630 	0.137230 	0.107560 	 0.017812 
0.145537 	0.184005 	0.128635 	0.100515 	 0.016710 
0.143084 	0.179754 	0.125220 	0.101711 	 0.016371 
0.129574 	0.188156 	0.131413 	0.102015 	 0.017270 
0.137979 	0.180245 	0.126456 	0.098181 	 0.017336 
0.141416 	0.184463 	0.129096 	0.098770 	 0.016854 
0.145710 	0.177889 	0.124348 	0.096831 	 0.015643 
0.148759 	0.176788 	0.124634 	0.092923 	 0.016200 
0.135683 	0.183051 	0.128496 	0.096586 	 0.016550 
0.138538 	0.177007 	0.124185 	0.096753 	 0.016892 
0.122246 	0.199622 	0.139152 	0.109705 	 0.018241 
0.142232 	0.184143 	0.129266 	0.099148 	 0.016615 
0.137545 	0.186262 	0.130579 	0.098826 	 0.017096 
0.131576 	0.199819 	0.139274 	0.110143 	 0.017069 
0.130868 	0.188740 	0.132483 	0.101252 	 0.017166 
0.131662 	0.195356 	0.136693 	0.104806 	 0.017480 
0.136675 	0.188015 	0.131938 	0.100387 	 0.016819 
0.143120 	0.178971 	0.126431 	0.091968 	 0.016474 
0.121774 	0.192876 	0.134788 	0.103518 	 0.017385 
0.129722 	0.190016 	0.133653 	0.099647 	 0.017189 
0.118683 	0.192018 	0.134509 	0.104806 	 0.017910 
0.137680 	0.177322 	0.125481 	0.090508 	 0.016851 
0.143059 	0.167791 	0.119305 	0.084424 	 0.015445 
0.135870 	0.188463 	0.132647 	0.099947 	 0.017384 
0.132391 	0.187327 	0.132182 	0.096041 	 0.017245 
0.128435 	0.190267 	0.133951 	0.101547 	 0.017500 
0.131628 	0.185842 	0.130986 	0.096549 	 0.016594 
0.131115 	0.192506 	0.135614 	0.101112 	 0.017307 
0.121527 	0.187672 	0.132102 	0.099966 	 0.017589 
0.121832 	0.196180 	0.137577 	0.105151 	 0.017975 
0.135703 	0.182305 	0.128826 	0.094746 	 0.016653 
0.132447 	0.193454 	0.136500 	0.099358 	 0.017238 
0.128814 	0.185873 	0.131453 	0.095315 	 0.017364 
0.135777 	0.188009 	0.132410 	0.099444 	 0.016714 
0.121009 	0.194408 	0.137305 	0.096784 	 0.017639 
0.121453 	0.195605 	0.137499 	0.104210 	 0.018147 
0.117649 	0.200745 	0.141351 	0.105678 	 0.018321 
0.129316 	0.176722 	0.125692 	0.087294 	 0.016555 
0.114983 	0.195667 	0.137945 	0.101657 	 0.017986 
0.123369 	0.190414 	0.134277 	0.099785 	 0.017068 
0.115625 	0.192317 	0.135801 	0.097562 	 0.017652 
0.111059 	0.202338 	0.142067 	0.108015 	 0.018703 
0.122681 	0.186719 	0.132439 	0.095020 	 0.017100 
0.126390 	0.187020 	0.132478 	0.096007 	 0.017501 
0.115380 	0.193376 	0.136707 	0.097756 	 0.017390 
0.109839 	0.191949 	0.135499 	0.099426 	 0.018029 
0.119310 	0.189912 	0.134112 	0.096935 	 0.016983 
0.111160 	0.205003 	0.144423 	0.106328 	 0.018543 
0.118170 	0.190942 	0.135028 	0.096393 	 0.016769 
0.109697 	0.196220 	0.138147 	0.102191 	 0.017936 
0.124461 	0.191456 	0.135418 	0.097061 	 0.017097 
0.116467 	0.194194 	0.137057 	0.099373 	 0.017239 
0.112183 	0.189580 	0.134336 	0.095516 	 0.017345 
0.117290 	0.192097 	0.135842 	0.099931 	 0.017768 
0.116580 	0.200092 	0.140555 	0.107549 	 0.017737 
0.121268 	0.184851 	0.131471 	0.092780 	 0.017128 
0.115658 	0.196275 	0.138678 	0.099223 	 0.017513 
0.127015 	0.178154 	0.126683 	0.091617 	 0.017548 
0.121283 	0.204522 	0.144571 	0.105223 	 0.017284 
0.109359 	0.205432 	0.144609 	0.107341 	 0.017744 
0.097975 	0.204888 	0.144061 	0.107435 	 0.018780 
0.108819 	0.193812 	0.137611 	0.099272 	 0.018207 
0.127692 	0.184299 	0.131480 	0.088822 	 0.016452 
0.102802 	0.200013 	0.141413 	0.104363 	 0.018242 
0.115448 	0.193231 	0.137539 	0.096976 	 0.017952 
0.100787 	0.200010 	0.141332 	0.103246 	 0.018273 
0.099179 	0.205806 	0.145275 	0.107801 	 0.018610 
0.118357 	0.195784 	0.139126 	0.097685 	 0.017632 
0.096624 	0.197608 	0.139960 	0.101198 	 0.018441 
0.102291 	0.197609 	0.140187 	0.098914 	 0.017882 
0.100244 	0.200414 	0.141842 	0.101865 	 0.017954 
0.106314 	0.198733 	0.141160 	0.099773 	 0.017927 
0.103347 	0.196732 	0.140031 	0.098028 	 0.018026 
0.098526 	0.198917 	0.141216 	0.099982 	 0.017979 
0.107929 	0.203719 	0.144676 	0.104262 	 0.018802 
0.103849 	0.210957 	0.149031 	0.111646 	 0.019172 
0.101201 	0.209722 	0.148668 	0.104573 	 0.018779 
0.109134 	0.199514 	0.141869 	0.100136 	 0.017665 
0.091848 	0.211930 	0.149817 	0.108869 	 0.018925 
0.109773 	0.195918 	0.139741 	0.096289 	 0.017555 
0.078092 	0.212852 	0.150418 	0.112492 	 0.020823 
0.093702 	0.212773 	0.150388 	0.108991 	 0.019167 
0.094960 	0.200826 	0.142706 	0.100307 	 0.018455 
0.113925 	0.188126 	0.134503 	0.092835 	 0.016903 
0.108225 	0.193097 	0.137937 	0.094638 	 0.017551 
0.084949 	0.203764 	0.144343 	0.103827 	 0.018936 
0.089298 	0.201320 	0.142595 	0.105051 	 0.019171 
0.095674 	0.206680 	0.146204 	0.107885 	 0.018813 
0.102430 	0.196285 	0.139778 	0.098160 	 0.018020 
0.098093 	0.206648 	0.146922 	0.101730 	 0.018490 
0.086767 	0.211833 	0.150358 	0.107292 	 0.019180 
0.089774 	0.205288 	0.145813 	0.105546 	 0.019538 
0.103754 	0.194743 	0.139305 	0.096934 	 0.018714 
0.100719 	0.193639 	0.138754 	0.094101 	 0.018571 
0.095060 	0.191824 	0.137178 	0.094267 	 0.017992 
0.087374 	0.211197 	0.149982 	0.105811 	 0.018868 
0.089060 	0.209803 	0.149070 	0.106073 	 0.019278 
0.083541 	0.201722 	0.143965 	0.100062 	 0.019270 
0.104531 	0.189537 	0.136277 	0.091551 	 0.017956 
0.096439 	0.197909 	0.141899 	0.094831 	 0.018286 
0.089288 	0.205982 	0.146697 	0.104152 	 0.019027 
0.101804 	0.195718 	0.140458 	0.094156 	 0.017774 
0.091297 	0.203249 	0.145468 	0.099545 	 0.019211 
0.076613 	0.224824 	0.158820 	0.117175 	 0.019695 
0.092642 	0.203317 	0.144814 	0.104000 	 0.019347 
0.088129 	0.195855 	0.140064 	0.096648 	 0.018579 
0.093025 	0.201535 	0.144102 	0.099032 	 0.018570 
0.099344 	0.205161 	0.146303 	0.105155 	 0.019327 
0.097410 	0.204738 	0.146168 	0.100210 	 0.018427 
0.091698 	0.207417 	0.148052 	0.104162 	 0.019245 
0.100014 	0.203217 	0.145981 	0.098658 	 0.019130 
0.070912 	0.224637 	0.158975 	0.114553 	 0.020203 
0.088551 	0.199940 	0.143540 	0.094689 	 0.018236 
0.098038 	0.199106 	0.143332 	0.095060 	 0.018591 
0.089445 	0.203339 	0.145741 	0.098484 	 0.018845 
0.100236 	0.191696 	0.138320 	0.092564 	 0.018246 
0.084342 	0.201280 	0.144830 	0.096451 	 0.019322 
0.088516 	0.207984 	0.148733 	0.103855 	 0.020000 
0.097652 	0.191306 	0.137972 	0.090734 	 0.018215 
0.076662 	0.216363 	0.154288 	0.108924 	 0.019807 
0.093656 	0.200590 	0.144547 	0.095844 	 0.018871 
0.089484 	0.202059 	0.145230 	0.097237 	 0.018508 
0.095217 	0.184788 	0.133848 	0.086042 	 0.018359 
0.091132 	0.200377 	0.143884 	0.096539 	 0.018461 
0.075294 	0.212808 	0.152023 	0.106941 	 0.019543 
0.107547 	0.185499 	0.134913 	0.083964 	 0.017066 
0.086303 	0.196610 	0.141846 	0.091817 	 0.017750 
0.091628 	0.196684 	0.142146 	0.092137 	 0.018303 
0.091393 	0.190309 	0.137502 	0.088726 	 0.017662 
0.091032 	0.195991 	0.141584 	0.090370 	 0.018033 
0.077575 	0.205012 	0.147479 	0.096124 	 0.018558 
0.091236 	0.195519 	0.141400 	0.090097 	 0.017891 
0.074452 	0.220877 	0.158130 	0.107109 	 0.019625 
0.075625 	0.218569 	0.156327 	0.106475 	 0.019262 
0.090436 	0.198698 	0.143632 	0.094116 	 0.018259 
0.070978 	0.216123 	0.155111 	0.105896 	 0.020183 
0.096685 	0.195516 	0.141672 	0.090805 	 0.017901 
0.088788 	0.190767 	0.138509 	0.086800 	 0.018109 
0.082779 	0.208156 	0.149836 	0.101386 	 0.019629 
0.071752 	0.220241 	0.158137 	0.107317 	 0.020136 
0.080754 	0.210553 	0.151656 	0.100518 	 0.019376 
0.066426 	0.210213 	0.150535 	0.103759 	 0.019492 
0.086756 	0.194714 	0.140552 	0.093094 	 0.018286 
0.062605 	0.212752 	0.153308 	0.101536 	 0.020761 
0.072039 	0.217465 	0.156569 	0.103729 	 0.020663 
0.080113 	0.207500 	0.149384 	0.100882 	 0.019272 
0.066989 	0.219412 	0.157464 	0.106863 	 0.020465 
0.076818 	0.207404 	0.149856 	0.097356 	 0.019605 
0.081370 	0.208507 	0.150323 	0.099729 	 0.019701 
0.081929 	0.200678 	0.145503 	0.092196 	 0.018712 
0.079058 	0.206522 	0.149283 	0.097470 	 0.019173 
0.080373 	0.206343 	0.149232 	0.097436 	 0.019481 
0.070205 	0.208077 	0.150000 	0.100190 	 0.019687 
0.090780 	0.195874 	0.142402 	0.090613 	 0.018718 
0.068086 	0.213803 	0.154300 	0.102935 	 0.020248 
0.065041 	0.218477 	0.157896 	0.101726 	 0.020778 
0.058924 	0.226095 	0.162262 	0.111095 	 0.020892 
0.072930 	0.211232 	0.152716 	0.099882 	 0.019791 
0.067960 	0.221785 	0.159848 	0.104814 	 0.020656 
0.070004 	0.215264 	0.155542 	0.101262 	 0.020423 
0.079394 	0.199480 	0.144890 	0.093049 	 0.019233 
0.066943 	0.214479 	0.154556 	0.102930 	 0.020400 
0.067791 	0.212732 	0.154046 	0.099388 	 0.019442 
0.083478 	0.199913 	0.145599 	0.091001 	 0.018950 
0.053556 	0.218572 	0.157113 	0.106968 	 0.020802 
0.053426 	0.219295 	0.158033 	0.103672 	 0.020919 
0.067935 	0.211183 	0.153315 	0.097853 	 0.020586 
0.074660 	0.216050 	0.156496 	0.100741 	 0.020101 
0.078443 	0.206355 	0.150216 	0.094135 	 0.019575 
0.067443 	0.206855 	0.150256 	0.093994 	 0.019075 
0.063864 	0.220741 	0.159433 	0.105292 	 0.020650 
0.070796 	0.209511 	0.151990 	0.099264 	 0.020460 
0.078678 	0.199319 	0.145784 	0.087006 	 0.018813 
0.073332 	0.205728 	0.149402 	0.095741 	 0.019253 
0.065870 	0.213910 	0.155304 	0.098777 	 0.020344 
0.068373 	0.214033 	0.155099 	0.100836 	 0.020022 
0.062028 	0.220668 	0.159591 	0.103096 	 0.020681 
0.056460 	0.224439 	0.162158 	0.107619 	 0.021427 
0.078304 	0.209624 	0.152912 	0.094661 	 0.019876 
0.070691 	0.207654 	0.151552 	0.093941 	 0.020274 
0.062833 	0.224488 	0.162169 	0.107680 	 0.020798 
0.050441 	0.223081 	0.161438 	0.105737 	 0.021582 
0.060682 	0.215953 	0.156592 	0.102779 	 0.020531 
0.074438 	0.207252 	0.151084 	0.095783 	 0.019675 
0.072297 	0.214146 	0.156132 	0.096683 	 0.019899 
0.066768 	0.216350 	0.157546 	0.098985 	 0.020450 
0.076056 	0.222267 	0.161482 	0.102302 	 0.020025 
0.053404 	0.236301 	0.170159 	0.114792 	 0.021574 
0.074519 	0.212225 	0.154730 	0.097908 	 0.020124 
0.066020 	0.217943 	0.158479 	0.101526 	 0.020538 
0.066659 	0.203535 	0.148895 	0.092011 	 0.020041 
0.049875 	0.227064 	0.164271 	0.107698 	 0.021425 
0.062084 	0.211664 	0.154087 	0.094648 	 0.019637 
0.072761 	0.200834 	0.147518 	0.088383 	 0.019840 
0.084909 	0.193694 	0.142960 	0.082097 	 0.018586 
0.076477 	0.201437 	0.148044 	0.088577 	 0.019116 
0.086818 	0.204367 	0.150050 	0.090984 	 0.019810 
0.063123 	0.224773 	0.163704 	0.103752 	 0.021354 
0.080214 	0.212721 	0.155427 	0.096127 	 0.019700 
0.063509 	0.225428 	0.163432 	0.107338 	 0.020823 
0.060097 	0.216171 	0.157887 	0.097321 	 0.021388 
0.061350 	0.218418 	0.159015 	0.100384 	 0.020417 
0.071767 	0.215397 	0.157163 	0.099398 	 0.020817 
0.068241 	0.221385 	0.161406 	0.102793 	 0.020767 
0.073001 	0.217054 	0.158293 	0.099539 	 0.020458 
0.062728 	0.219139 	0.160036 	0.101370 	 0.021595 
0.067434 	0.223464 	0.162463 	0.103641 	 0.020871 
0.079529 	0.210546 	0.154325 	0.095111 	 0.019625 
0.067306 	0.222066 	0.162010 	0.105639 	 0.021384 
0.077250 	0.213186 	0.156466 	0.095421 	 0.020006 
0.067362 	0.224266 	0.163403 	0.105956 	 0.020894 
0.062921 	0.218667 	0.159989 	0.100573 	 0.021206 
0.065114 	0.221101 	0.161490 	0.103065 	 0.020525 
0.071960 	0.217290 	0.159139 	0.100142 	 0.020673 
0.058197 	0.230193 	0.167442 	0.109900 	 0.022340 
0.077716 	0.213789 	0.156571 	0.100971 	 0.020875 
0.067570 	0.213607 	0.157138 	0.096790 	 0.021318 
0.073613 	0.208746 	0.153807 	0.093004 	 0.020861 
0.063597 	0.229631 	0.167350 	0.109195 	 0.021594 
0.405709 	0.009173 	0.007310 	-0.000431 	 0.002217 
0.407587 	0.008048 	0.006004 	0.005266 	 0.002648 
0.411621 	0.028489 	0.018654 	0.031395 	 0.004930 
0.405980 	0.032236 	0.020775 	0.036207 	 0.004345 
0.426548 	0.021907 	0.014985 	0.022511 	 0.003016 
0.394490 	0.046255 	0.030528 	0.042229 	 0.005253 
0.408205 	0.035412 	0.023718 	0.033569 	 0.004416 
0.426472 	0.015828 	0.010566 	0.021645 	 0.002827 
0.385421 	0.058466 	0.038512 	0.051032 	 0.006731 
0.396063 	0.043947 	0.029102 	0.038451 	 0.004924 
0.390715 	0.045093 	0.029630 	0.042075 	 0.004969 
0.393058 	0.040152 	0.026617 	0.036804 	 0.004214 
0.369446 	0.066428 	0.043580 	0.055655 	 0.006974 
0.387013 	0.032766 	0.021556 	0.034162 	 0.005766 
0.391671 	0.048888 	0.032290 	0.041387 	 0.004745 
0.387149 	0.048036 	0.031408 	0.043980 	 0.004744 
0.361231 	0.071143 	0.046784 	0.058761 	 0.007657 
0.387690 	0.047080 	0.030711 	0.043510 	 0.005416 
0.381452 	0.039695 	0.026279 	0.037382 	 0.005390 
0.383931 	0.048595 	0.032102 	0.045213 	 0.006093 
0.382145 	0.043379 	0.028601 	0.040726 	 0.005101 
0.368599 	0.048358 	0.031663 	0.042160 	 0.005594 
0.378155 	0.040644 	0.026742 	0.036852 	 0.004839 
0.372046 	0.052113 	0.034564 	0.045385 	 0.005954 
0.389949 	0.030545 	0.020362 	0.029691 	 0.003618 
0.366823 	0.050042 	0.033227 	0.043999 	 0.006839 
0.369234 	0.055267 	0.035975 	0.049711 	 0.006169 
0.379132 	0.049444 	0.032479 	0.043125 	 0.005341 
0.358600 	0.068642 	0.044861 	0.059126 	 0.007882 
0.366223 	0.051365 	0.033583 	0.048291 	 0.006581 
0.368244 	0.050326 	0.033097 	0.045314 	 0.006464 
0.364736 	0.056351 	0.037313 	0.050358 	 0.006987 
0.371034 	0.044404 	0.029449 	0.039991 	 0.005567 
0.357596 	0.055387 	0.036418 	0.048380 	 0.006423 
0.349965 	0.062172 	0.040743 	0.053772 	 0.007240 
0.344643 	0.074575 	0.048683 	0.064687 	 0.008606 
0.343537 	0.063108 	0.041525 	0.053709 	 0.007317 
0.344496 	0.070531 	0.046633 	0.058632 	 0.008101 
0.344434 	0.069954 	0.045811 	0.059218 	 0.007323 
0.349329 	0.065027 	0.043481 	0.051981 	 0.007067 
0.336162 	0.070206 	0.046338 	0.055780 	 0.007597 
0.339457 	0.070199 	0.046412 	0.058993 	 0.007721 
0.340114 	0.064501 	0.042221 	0.055648 	 0.007001 
0.327883 	0.067377 	0.044577 	0.056068 	 0.008357 
0.348399 	0.058971 	0.039324 	0.048017 	 0.006594 
0.333002 	0.072133 	0.047916 	0.057843 	 0.007783 
0.333298 	0.068433 	0.045536 	0.055393 	 0.008417 
0.334136 	0.074313 	0.049109 	0.058695 	 0.007155 
0.332969 	0.069305 	0.045937 	0.057118 	 0.008151 
0.322526 	0.080098 	0.052640 	0.065564 	 0.008704 
0.336475 	0.072625 	0.048724 	0.056966 	 0.008628 
0.320169 	0.080684 	0.053509 	0.062609 	 0.008959 
0.311912 	0.088812 	0.058498 	0.070380 	 0.009128 
0.316664 	0.077778 	0.051470 	0.060090 	 0.008878 
0.311507 	0.090835 	0.060365 	0.068615 	 0.009551 
0.324439 	0.067108 	0.044434 	0.054964 	 0.007749 
0.329203 	0.074341 	0.049494 	0.058542 	 0.007991 
0.331857 	0.068713 	0.045184 	0.058895 	 0.007745 
0.324945 	0.075803 	0.050521 	0.057940 	 0.007595 
0.307962 	0.086236 	0.057056 	0.067198 	 0.009401 
0.313922 	0.081187 	0.053846 	0.063561 	 0.009234 
0.306692 	0.081923 	0.054094 	0.063819 	 0.008764 
0.311170 	0.081562 	0.053798 	0.064993 	 0.009060 
0.303792 	0.080786 	0.052889 	0.065058 	 0.008163 
0.320964 	0.073453 	0.049136 	0.056086 	 0.007950 
0.303358 	0.087292 	0.057603 	0.066707 	 0.008473 
0.308014 	0.081539 	0.054095 	0.063159 	 0.008825 
0.300530 	0.102065 	0.067643 	0.076552 	 0.009897 
0.300578 	0.097707 	0.064561 	0.075122 	 0.010047 
0.303124 	0.085546 	0.056957 	0.066011 	 0.009696 
0.299217 	0.091931 	0.061130 	0.069441 	 0.009331 
0.295774 	0.093514 	0.062231 	0.069537 	 0.010073 
0.298008 	0.086450 	0.057455 	0.066346 	 0.009702 
0.306290 	0.079541 	0.052632 	0.062807 	 0.008639 
0.301930 	0.084653 	0.056559 	0.063331 	 0.009505 
0.298222 	0.090686 	0.060416 	0.068639 	 0.009806 
0.299847 	0.090206 	0.059769 	0.069940 	 0.009122 
0.281537 	0.102084 	0.067882 	0.075532 	 0.011359 
0.289663 	0.098785 	0.065650 	0.071932 	 0.009715 
0.288739 	0.103912 	0.068679 	0.077821 	 0.009902 
0.281670 	0.098160 	0.065150 	0.074078 	 0.010040 
0.288203 	0.091989 	0.061580 	0.065945 	 0.009534 
0.285978 	0.095869 	0.063912 	0.070806 	 0.009724 
0.297823 	0.085674 	0.057405 	0.063166 	 0.009362 
0.297367 	0.087859 	0.058809 	0.065541 	 0.009541 
0.290167 	0.093125 	0.061903 	0.070012 	 0.009010 
0.291476 	0.088850 	0.059733 	0.065137 	 0.009853 
0.288709 	0.096559 	0.064824 	0.067845 	 0.009906 
0.284348 	0.105238 	0.070109 	0.076332 	 0.010504 
0.284193 	0.100417 	0.066916 	0.074000 	 0.010217 
0.284511 	0.093427 	0.062654 	0.069241 	 0.010144 
0.281696 	0.106566 	0.071022 	0.076736 	 0.010240 
0.279248 	0.102607 	0.068351 	0.073374 	 0.010056 
0.285277 	0.096150 	0.064235 	0.068453 	 0.008905 
0.272796 	0.106663 	0.071174 	0.075715 	 0.010608 
0.286659 	0.083720 	0.056251 	0.060563 	 0.009164 
0.275861 	0.108540 	0.072629 	0.078442 	 0.010855 
0.275444 	0.097988 	0.065237 	0.071502 	 0.009703 
0.270679 	0.110622 	0.073779 	0.079112 	 0.010665 
0.285613 	0.093489 	0.062947 	0.066984 	 0.009536 
0.270649 	0.105847 	0.070928 	0.075048 	 0.010443 
0.274629 	0.102867 	0.068609 	0.075154 	 0.010142 
0.271406 	0.105000 	0.069914 	0.077234 	 0.010600 
0.279668 	0.092293 	0.061628 	0.069056 	 0.009651 
0.276344 	0.104074 	0.070118 	0.072398 	 0.010570 
0.269207 	0.101825 	0.068567 	0.070598 	 0.010653 
0.273629 	0.107170 	0.071768 	0.075870 	 0.010179 
0.258735 	0.116334 	0.077767 	0.082495 	 0.011509 
0.266507 	0.111963 	0.074813 	0.079471 	 0.010511 
0.263371 	0.103428 	0.069492 	0.072179 	 0.010536 
0.279119 	0.101060 	0.067821 	0.070354 	 0.009891 
0.269688 	0.102751 	0.068931 	0.074852 	 0.010826 
0.263393 	0.112497 	0.075439 	0.078849 	 0.011394 
0.273907 	0.097464 	0.065498 	0.067525 	 0.009378 
0.259828 	0.107117 	0.072312 	0.072520 	 0.010872 
0.256735 	0.110044 	0.073909 	0.076688 	 0.011061 
0.257781 	0.118793 	0.079960 	0.080239 	 0.011381 
0.238490 	0.128513 	0.085934 	0.088111 	 0.011848 
0.257035 	0.110565 	0.074449 	0.075549 	 0.010777 
0.259219 	0.102084 	0.068837 	0.069543 	 0.010762 
0.252912 	0.120604 	0.080647 	0.082771 	 0.011116 
0.263485 	0.105937 	0.071503 	0.072705 	 0.010204 
0.258357 	0.104497 	0.070520 	0.070656 	 0.009947 
0.247667 	0.120973 	0.081567 	0.078607 	 0.010819 
0.253502 	0.117630 	0.079119 	0.076974 	 0.010412 
0.269711 	0.102898 	0.070008 	0.064811 	 0.009327 
0.262383 	0.110720 	0.075460 	0.070440 	 0.010235 
0.260640 	0.104970 	0.070535 	0.073241 	 0.009997 
0.236926 	0.125951 	0.084533 	0.084325 	 0.011418 
0.262861 	0.118801 	0.080029 	0.079683 	 0.010113 
0.247993 	0.113423 	0.077007 	0.073013 	 0.011053 
0.255978 	0.117927 	0.080109 	0.076082 	 0.010662 
0.245689 	0.119246 	0.080479 	0.076974 	 0.010871 
0.226484 	0.132288 	0.088921 	0.087466 	 0.012084 
0.243686 	0.118159 	0.079489 	0.079713 	 0.010838 
0.237351 	0.127396 	0.085642 	0.083664 	 0.011150 
0.235916 	0.127451 	0.086102 	0.080766 	 0.011369 
0.247274 	0.122726 	0.083062 	0.081469 	 0.011228 
0.239208 	0.123618 	0.083416 	0.082212 	 0.011629 
0.246503 	0.120348 	0.081968 	0.075214 	 0.010771 
0.221494 	0.132576 	0.089334 	0.086080 	 0.012147 
0.230099 	0.132689 	0.089522 	0.085586 	 0.011914 
0.232001 	0.124269 	0.083817 	0.083024 	 0.011649 
0.233232 	0.121235 	0.081672 	0.078638 	 0.010802 
0.240203 	0.115950 	0.078652 	0.074292 	 0.010898 
0.226420 	0.135729 	0.091818 	0.085687 	 0.011986 
0.232487 	0.128291 	0.087287 	0.080583 	 0.012053 
0.226647 	0.137687 	0.092973 	0.088313 	 0.011859 
0.240703 	0.108359 	0.073952 	0.066149 	 0.009561 
0.235413 	0.118923 	0.081044 	0.076438 	 0.011516 
0.227422 	0.135734 	0.091708 	0.089205 	 0.012459 
0.218396 	0.131580 	0.089015 	0.083699 	 0.012244 
0.213914 	0.135890 	0.091566 	0.089403 	 0.012589 
0.233256 	0.132478 	0.089851 	0.082046 	 0.011286 
0.217065 	0.136651 	0.092443 	0.087389 	 0.012235 
0.224417 	0.122198 	0.083081 	0.075538 	 0.011046 
0.208988 	0.150242 	0.101485 	0.095746 	 0.013219 
0.211175 	0.140304 	0.094856 	0.086868 	 0.012141 
0.205933 	0.139537 	0.094732 	0.086596 	 0.012990 
0.211932 	0.146707 	0.099496 	0.092148 	 0.013031 
0.221321 	0.128236 	0.087787 	0.076067 	 0.011981 
0.203140 	0.142246 	0.096269 	0.087983 	 0.012698 
0.204639 	0.154964 	0.104831 	0.096178 	 0.013536 
0.219314 	0.134640 	0.091523 	0.083664 	 0.012297 
0.208910 	0.143692 	0.097890 	0.087791 	 0.013204 
0.203519 	0.139429 	0.094679 	0.086334 	 0.012651 
0.196401 	0.155213 	0.104961 	0.095832 	 0.013317 
0.208790 	0.136056 	0.092622 	0.086800 	 0.013051 
0.207799 	0.145383 	0.099023 	0.087059 	 0.012441 
0.199525 	0.148070 	0.100290 	0.092585 	 0.012723 
0.209983 	0.135203 	0.092098 	0.080370 	 0.011190 
0.199704 	0.146627 	0.099764 	0.089240 	 0.013203 
0.205706 	0.143721 	0.097657 	0.088662 	 0.012836 
0.184924 	0.165845 	0.112024 	0.103445 	 0.014045 
0.191097 	0.156581 	0.106248 	0.096617 	 0.013928 
0.193364 	0.143590 	0.097817 	0.084378 	 0.012241 
0.198670 	0.147002 	0.100056 	0.087509 	 0.012961 
0.191509 	0.151776 	0.103032 	0.094508 	 0.013839 
0.208920 	0.142674 	0.097775 	0.084815 	 0.012290 
0.193512 	0.146893 	0.100097 	0.089750 	 0.013579 
0.191581 	0.144052 	0.098098 	0.086534 	 0.012563 
0.185720 	0.154376 	0.105306 	0.090551 	 0.013627 
0.181144 	0.154767 	0.104861 	0.093467 	 0.013356 
0.199111 	0.139762 	0.095806 	0.082744 	 0.012601 
0.191430 	0.148656 	0.101212 	0.090146 	 0.012537 
0.189124 	0.149519 	0.102363 	0.086356 	 0.013117 
0.188497 	0.152445 	0.103830 	0.091689 	 0.013104 
0.184825 	0.149179 	0.101864 	0.087970 	 0.013410 
0.180595 	0.167452 	0.114017 	0.100464 	 0.014057 
0.185702 	0.154204 	0.104978 	0.091403 	 0.012934 
0.172361 	0.169999 	0.115562 	0.103078 	 0.015267 
0.183148 	0.157222 	0.107245 	0.092711 	 0.013143 
0.176654 	0.167528 	0.114271 	0.098775 	 0.014511 
0.188006 	0.148647 	0.101585 	0.086833 	 0.012159 
0.184651 	0.153474 	0.105002 	0.087741 	 0.012584 
0.173783 	0.170600 	0.116205 	0.103779 	 0.014910 
0.178514 	0.160271 	0.109468 	0.094050 	 0.013478 
0.179147 	0.151654 	0.103619 	0.089188 	 0.012840 
0.162396 	0.161521 	0.110390 	0.095557 	 0.014842 
0.174253 	0.161306 	0.110425 	0.092512 	 0.013589 
0.159367 	0.173290 	0.117445 	0.104964 	 0.014562 
0.168048 	0.166076 	0.113759 	0.095264 	 0.013741 
0.163285 	0.166143 	0.113376 	0.098340 	 0.014499 
0.187683 	0.153518 	0.105659 	0.085541 	 0.012303 
0.178345 	0.153991 	0.105705 	0.087517 	 0.012814 
0.169248 	0.157749 	0.108218 	0.090040 	 0.013593 
0.165509 	0.163488 	0.111636 	0.095425 	 0.013940 
0.169983 	0.165800 	0.113639 	0.096018 	 0.013885 
0.164507 	0.166951 	0.114487 	0.095747 	 0.014050 
0.171433 	0.161759 	0.110775 	0.094366 	 0.013505 
0.170597 	0.171863 	0.117121 	0.100697 	 0.014078 
0.172030 	0.156000 	0.107616 	0.087119 	 0.013729 
0.162074 	0.171940 	0.117825 	0.098937 	 0.014866 
0.161115 	0.156094 	0.107126 	0.087775 	 0.013072 
0.161898 	0.172288 	0.118203 	0.098113 	 0.013883 
0.165192 	0.164406 	0.112366 	0.095898 	 0.013647 
0.155995 	0.166096 	0.113495 	0.094906 	 0.013542 
0.160362 	0.168239 	0.115264 	0.098355 	 0.014537 
0.154972 	0.170296 	0.116568 	0.098841 	 0.014542 
0.150959 	0.172808 	0.118860 	0.097254 	 0.014573 
0.148350 	0.174324 	0.119181 	0.101311 	 0.014731 
0.167748 	0.168734 	0.116142 	0.094294 	 0.014011 
0.170706 	0.159466 	0.109733 	0.091372 	 0.013375 
0.157390 	0.176572 	0.121270 	0.099266 	 0.014102 
0.147123 	0.178707 	0.122399 	0.101643 	 0.014882 
0.141021 	0.186360 	0.127599 	0.109063 	 0.016031 
0.148891 	0.181283 	0.124284 	0.101517 	 0.014985 
0.147502 	0.175472 	0.120566 	0.099136 	 0.014580 
0.148942 	0.175332 	0.119899 	0.099718 	 0.014242 
0.141873 	0.181301 	0.124455 	0.100981 	 0.014573 
0.149101 	0.179226 	0.123040 	0.101725 	 0.014499 
0.143818 	0.176786 	0.121227 	0.100595 	 0.014658 
0.160053 	0.159875 	0.110416 	0.085652 	 0.013640 
0.146896 	0.178963 	0.122904 	0.101718 	 0.014846 
0.159415 	0.163671 	0.113135 	0.086131 	 0.012831 
0.147871 	0.170844 	0.117920 	0.094030 	 0.014201 
0.142543 	0.176228 	0.121120 	0.097410 	 0.014612 
0.149299 	0.170832 	0.117919 	0.091044 	 0.013743 
0.152550 	0.178054 	0.122968 	0.098040 	 0.014406 
0.153645 	0.171443 	0.118201 	0.093782 	 0.013863 
0.147372 	0.179666 	0.123594 	0.098937 	 0.014658 
0.142234 	0.186783 	0.128295 	0.106197 	 0.015279 
0.150119 	0.168915 	0.116683 	0.092601 	 0.013867 
0.149563 	0.172086 	0.119399 	0.091836 	 0.014590 
0.145200 	0.179914 	0.123940 	0.101532 	 0.014605 
0.139612 	0.183018 	0.126100 	0.102474 	 0.015149 
0.127758 	0.195495 	0.134027 	0.108696 	 0.015413 
0.143476 	0.171485 	0.119046 	0.093186 	 0.014528 
0.150956 	0.169242 	0.117499 	0.090113 	 0.013780 
0.133897 	0.188471 	0.129646 	0.103449 	 0.014851 
0.127652 	0.179581 	0.124156 	0.097218 	 0.014929 
0.148153 	0.174385 	0.120945 	0.090469 	 0.013619 
0.133806 	0.176837 	0.122254 	0.093884 	 0.014154 
0.134049 	0.173194 	0.120225 	0.090732 	 0.014316 
0.133796 	0.179953 	0.124517 	0.096304 	 0.014755 
0.147282 	0.177871 	0.122827 	0.097755 	 0.013986 
0.123680 	0.197999 	0.136369 	0.106420 	 0.015551 
0.146784 	0.177246 	0.122685 	0.094013 	 0.013562 
0.138461 	0.179916 	0.124531 	0.095768 	 0.014076 
0.131931 	0.178887 	0.124487 	0.093201 	 0.014956 
0.128437 	0.182350 	0.126338 	0.096782 	 0.014651 
0.147578 	0.159846 	0.111743 	0.081233 	 0.013296 
0.124238 	0.180607 	0.124279 	0.099698 	 0.014635 
0.125298 	0.188852 	0.130801 	0.098238 	 0.014836 
0.127633 	0.188926 	0.130714 	0.102187 	 0.015257 
0.129034 	0.190265 	0.131389 	0.104130 	 0.014961 
0.132015 	0.178364 	0.123906 	0.093694 	 0.014013 
0.125725 	0.190396 	0.131934 	0.100962 	 0.015252 
0.126374 	0.196365 	0.135814 	0.104556 	 0.015355 
0.129682 	0.170976 	0.119387 	0.088714 	 0.014077 
0.122956 	0.190079 	0.131923 	0.098529 	 0.015100 
0.126887 	0.180374 	0.125506 	0.093011 	 0.014494 
0.128501 	0.185545 	0.129139 	0.095598 	 0.014994 
0.138767 	0.180791 	0.125913 	0.094884 	 0.014730 
0.120825 	0.188277 	0.130399 	0.100127 	 0.015527 
0.101958 	0.195931 	0.135576 	0.103075 	 0.016123 
0.116553 	0.198221 	0.137485 	0.103514 	 0.015603 
0.121132 	0.187476 	0.130529 	0.095461 	 0.014947 
0.113745 	0.203732 	0.141248 	0.107010 	 0.015941 
0.109906 	0.194844 	0.134756 	0.103632 	 0.015671 
0.128175 	0.185527 	0.129252 	0.095839 	 0.014445 
0.127424 	0.191935 	0.133400 	0.100434 	 0.015200 
0.132438 	0.173811 	0.121673 	0.087472 	 0.014178 
0.123057 	0.191981 	0.133173 	0.100382 	 0.014587 
0.104972 	0.200270 	0.139273 	0.103428 	 0.015849 
0.110460 	0.195439 	0.135818 	0.099901 	 0.015388 
0.118575 	0.190074 	0.132706 	0.096492 	 0.014995 
0.122145 	0.191719 	0.133959 	0.097602 	 0.014793 
0.121606 	0.191422 	0.133478 	0.100360 	 0.014869 
0.119698 	0.188450 	0.131144 	0.099709 	 0.015147 
0.111033 	0.184986 	0.129104 	0.093314 	 0.014943 
0.120751 	0.183901 	0.128698 	0.090467 	 0.014359 
0.104523 	0.184936 	0.128867 	0.095655 	 0.014878 
0.122052 	0.189335 	0.132429 	0.096906 	 0.014543 
0.117459 	0.191276 	0.133454 	0.095878 	 0.014644 
0.101063 	0.207504 	0.144063 	0.110913 	 0.016511 
0.102451 	0.193918 	0.135350 	0.098299 	 0.015999 
0.099441 	0.202527 	0.141304 	0.104371 	 0.016755 
0.102713 	0.200979 	0.139904 	0.103858 	 0.016000 
0.114159 	0.191907 	0.134213 	0.096448 	 0.015068 
0.107382 	0.198599 	0.138360 	0.103389 	 0.015724 
0.118530 	0.183427 	0.128707 	0.089271 	 0.014344 
0.119703 	0.178374 	0.125067 	0.087264 	 0.013248 
0.103777 	0.203532 	0.142036 	0.103097 	 0.015946 
0.105174 	0.197410 	0.137864 	0.099795 	 0.015628 
0.109577 	0.189689 	0.133180 	0.093376 	 0.014928 
0.106937 	0.193420 	0.135309 	0.096733 	 0.015223 
0.104213 	0.202089 	0.141070 	0.104061 	 0.016046 
0.117458 	0.179081 	0.126252 	0.085764 	 0.014148 
0.113094 	0.192476 	0.134971 	0.094865 	 0.014872 
0.098469 	0.201749 	0.140694 	0.102027 	 0.015564 
0.103181 	0.197732 	0.138530 	0.098120 	 0.015513 
0.116005 	0.183564 	0.128912 	0.090409 	 0.014367 
0.096050 	0.187351 	0.132143 	0.088760 	 0.015277 
0.101316 	0.201277 	0.140533 	0.104237 	 0.015897 
0.093363 	0.204942 	0.142926 	0.104080 	 0.015922 
0.091052 	0.205827 	0.143674 	0.105935 	 0.016242 
0.107369 	0.185145 	0.130412 	0.089567 	 0.014325 
0.111465 	0.179439 	0.126736 	0.085674 	 0.014605 
0.098578 	0.201410 	0.140963 	0.100242 	 0.014933 
0.099925 	0.191234 	0.134686 	0.091903 	 0.015163 
0.100785 	0.190249 	0.134031 	0.091588 	 0.014507 
0.098582 	0.205479 	0.143608 	0.104639 	 0.016170 
0.102126 	0.197799 	0.138984 	0.097844 	 0.015965 
0.096461 	0.193356 	0.136319 	0.091350 	 0.015001 
0.100924 	0.198760 	0.139784 	0.099957 	 0.016082 
0.096488 	0.195932 	0.137868 	0.095225 	 0.015349 
0.084617 	0.209197 	0.146303 	0.105676 	 0.016752 
0.099675 	0.201832 	0.142081 	0.097999 	 0.016348 
0.094933 	0.197617 	0.139105 	0.096083 	 0.016189 
0.099372 	0.203709 	0.143300 	0.097173 	 0.015335 
0.093307 	0.195729 	0.137891 	0.094198 	 0.015418 
0.099149 	0.198456 	0.139647 	0.097743 	 0.015230 
0.108191 	0.185119 	0.131372 	0.086198 	 0.014531 
0.100979 	0.191286 	0.135079 	0.092173 	 0.015164 
0.093126 	0.202842 	0.142820 	0.098278 	 0.015775 
0.100012 	0.189713 	0.133980 	0.090539 	 0.015129 
0.093923 	0.198036 	0.139983 	0.094258 	 0.015413 
0.092184 	0.202922 	0.142628 	0.099957 	 0.015588 
0.101447 	0.184456 	0.131112 	0.087501 	 0.015656 
0.091189 	0.202890 	0.143143 	0.097909 	 0.016026 
0.109864 	0.187083 	0.132658 	0.088245 	 0.014049 
0.089190 	0.195250 	0.138008 	0.092787 	 0.015515 
0.089364 	0.188798 	0.133893 	0.088379 	 0.015271 
0.093546 	0.189922 	0.134592 	0.088761 	 0.015237 
0.099080 	0.193603 	0.137094 	0.090183 	 0.015086 
0.086168 	0.201586 	0.142323 	0.095823 	 0.015514 
0.112192 	0.187698 	0.133355 	0.088003 	 0.014105 
0.085090 	0.205651 	0.145142 	0.097240 	 0.015758 
0.094759 	0.193257 	0.136908 	0.090609 	 0.015282 
0.099505 	0.189814 	0.135382 	0.084226 	 0.015029 
0.088329 	0.199814 	0.141776 	0.091873 	 0.015557 
0.071537 	0.216626 	0.152255 	0.106760 	 0.017045 
0.086880 	0.204634 	0.144473 	0.097686 	 0.015565 
0.097388 	0.197744 	0.140214 	0.090394 	 0.014858 
0.079279 	0.203974 	0.144608 	0.095643 	 0.015833 
0.097753 	0.198482 	0.140929 	0.092488 	 0.015609 
0.081412 	0.202685 	0.143054 	0.096865 	 0.016119 
0.085218 	0.213362 	0.150491 	0.102477 	 0.016142 
0.079730 	0.209334 	0.147771 	0.101167 	 0.016218 
0.084305 	0.206345 	0.145915 	0.098710 	 0.015754 
0.096126 	0.197757 	0.140446 	0.092780 	 0.014759 
0.086335 	0.200260 	0.142226 	0.092364 	 0.015578 
0.093450 	0.196525 	0.140663 	0.087936 	 0.015847 
0.084842 	0.198455 	0.141173 	0.093601 	 0.016241 
0.077180 	0.213067 	0.150396 	0.104845 	 0.016547 
0.077005 	0.207758 	0.147144 	0.098625 	 0.016008 
0.082355 	0.209134 	0.148252 	0.098952 	 0.015970 
0.085076 	0.204903 	0.145928 	0.092216 	 0.015747 
0.083445 	0.208922 	0.148073 	0.097849 	 0.015826 
0.086566 	0.201681 	0.143547 	0.090909 	 0.014872 
0.094100 	0.189651 	0.135590 	0.084876 	 0.014420 
0.087196 	0.205495 	0.146150 	0.093792 	 0.015549 
0.083101 	0.207743 	0.147610 	0.096644 	 0.015626 
0.076385 	0.206552 	0.146562 	0.096609 	 0.015651 
0.091110 	0.199731 	0.142605 	0.090535 	 0.015344 
0.095562 	0.192198 	0.137825 	0.086383 	 0.015210 
0.082256 	0.198436 	0.142014 	0.085212 	 0.015179 
0.070765 	0.210712 	0.150258 	0.096322 	 0.016881 
0.077744 	0.204805 	0.145787 	0.093432 	 0.015611 
0.078642 	0.212752 	0.150718 	0.100546 	 0.015408 
0.084746 	0.198642 	0.142126 	0.088100 	 0.014829 
0.061548 	0.215243 	0.152381 	0.100709 	 0.016345 
0.082672 	0.205230 	0.146544 	0.093716 	 0.015687 
0.080998 	0.196306 	0.140479 	0.090327 	 0.015239 
0.073163 	0.214539 	0.152409 	0.100715 	 0.016903 
0.068657 	0.222235 	0.157457 	0.104040 	 0.017049 
0.088048 	0.202892 	0.145066 	0.092601 	 0.015975 
0.082316 	0.201057 	0.143657 	0.089938 	 0.015163 
0.063789 	0.220548 	0.156427 	0.104357 	 0.017098 
0.087859 	0.199623 	0.143226 	0.086606 	 0.014466 
0.082480 	0.200998 	0.143903 	0.090734 	 0.015598 
0.067657 	0.225422 	0.159578 	0.108445 	 0.016799 
0.078712 	0.210769 	0.150334 	0.096050 	 0.015308 
0.072884 	0.207968 	0.148652 	0.092884 	 0.015800 
0.069607 	0.206650 	0.147725 	0.094697 	 0.016060 
0.064328 	0.222255 	0.158214 	0.104776 	 0.017559 
0.064644 	0.220257 	0.156797 	0.101613 	 0.016561 
0.074314 	0.210816 	0.150942 	0.093341 	 0.015865 
0.080764 	0.204943 	0.146928 	0.091231 	 0.015444 
0.063578 	0.221500 	0.157470 	0.105104 	 0.017706 
0.078090 	0.202675 	0.145886 	0.087378 	 0.016042 
0.061423 	0.225292 	0.160133 	0.104160 	 0.017142 
0.064424 	0.213191 	0.152820 	0.094633 	 0.017273 
0.076161 	0.206741 	0.148173 	0.093326 	 0.015950 
0.066033 	0.212619 	0.151763 	0.097368 	 0.016549 
0.068869 	0.217211 	0.154963 	0.098184 	 0.016038 
0.087347 	0.198523 	0.143234 	0.087020 	 0.015615 
0.072919 	0.212359 	0.152543 	0.092338 	 0.016393 
0.078539 	0.196516 	0.141299 	0.083770 	 0.013963 
0.065458 	0.216542 	0.154713 	0.099188 	 0.017014 
0.061000 	0.213858 	0.153286 	0.096396 	 0.016354 
0.071062 	0.204256 	0.146990 	0.089103 	 0.015406 
0.082085 	0.195223 	0.140914 	0.084165 	 0.014996 
0.058655 	0.221143 	0.158153 	0.100224 	 0.016837 
0.082801 	0.202364 	0.146023 	0.087757 	 0.015182 
0.073180 	0.206075 	0.148539 	0.088170 	 0.016026 
0.074853 	0.209900 	0.151244 	0.091455 	 0.015911 
0.068584 	0.200357 	0.145507 	0.082264 	 0.016662 
0.062922 	0.216683 	0.155441 	0.095619 	 0.016062 
0.084254 	0.200739 	0.145293 	0.084077 	 0.015277 
0.068370 	0.215180 	0.154453 	0.095484 	 0.015539 
0.069811 	0.198297 	0.143629 	0.082768 	 0.014982 
0.069957 	0.216460 	0.155391 	0.094323 	 0.015671 
0.067160 	0.213655 	0.153908 	0.092696 	 0.016418 
0.066678 	0.220199 	0.157875 	0.099712 	 0.016692 
0.082930 	0.195908 	0.142402 	0.079270 	 0.014415 
0.074176 	0.203427 	0.147531 	0.085278 	 0.015605 
0.068365 	0.200681 	0.145448 	0.085050 	 0.015356 
0.054809 	0.214056 	0.154023 	0.093219 	 0.016198 
0.058276 	0.213514 	0.153392 	0.095795 	 0.016234 
0.065182 	0.204318 	0.147928 	0.087193 	 0.015668 
0.064439 	0.204960 	0.148003 	0.089196 	 0.015030 
0.067415 	0.205225 	0.148701 	0.086044 	 0.015845 
0.071543 	0.202326 	0.146732 	0.085421 	 0.015251 
0.078769 	0.202324 	0.147135 	0.083901 	 0.015839 
0.081869 	0.208306 	0.150877 	0.088074 	 0.015534 
0.072440 	0.201963 	0.146336 	0.086697 	 0.015143 
0.074138 	0.200289 	0.146104 	0.079579 	 0.015365 
0.067289 	0.216991 	0.156883 	0.090941 	 0.015836 
0.062578 	0.209563 	0.151846 	0.088070 	 0.015624 
0.080028 	0.197771 	0.144312 	0.082245 	 0.015676 
0.056249 	0.217815 	0.157427 	0.093347 	 0.016447 
0.072661 	0.208028 	0.150754 	0.087978 	 0.015231 
0.075100 	0.207232 	0.150317 	0.087230 	 0.014850 
0.075944 	0.205150 	0.149414 	0.085425 	 0.016027 
0.063054 	0.218757 	0.158056 	0.094931 	 0.016362 
0.075052 	0.200909 	0.146528 	0.082038 	 0.015543 
0.078909 	0.197620 	0.144223 	0.082121 	 0.015697 
0.075685 	0.205218 	0.149468 	0.085725 	 0.016027 
0.062040 	0.217751 	0.157423 	0.094522 	 0.015992 
0.076556 	0.195570 	0.143310 	0.077136 	 0.014983 
0.066590 	0.208853 	0.152340 	0.084279 	 0.016296 
0.054780 	0.207835 	0.151467 	0.084406 	 0.016507 
0.085114 	0.193872 	0.142264 	0.076367 	 0.014318 
0.065847 	0.206496 	0.150086 	0.087450 	 0.015581 
0.061372 	0.225024 	0.162753 	0.096720 	 0.016631 
0.064134 	0.209795 	0.152462 	0.089041 	 0.015701 
0.062627 	0.206941 	0.150810 	0.085054 	 0.015298 
0.072920 	0.203877 	0.149088 	0.083390 	 0.015439 
0.052874 	0.218606 	0.158771 	0.093270 	 0.017394 
0.053946 	0.210799 	0.153662 	0.088394 	 0.016823 
0.071770 	0.207775 	0.152316 	0.082745 	 0.016160 
0.053956 	0.234074 	0.168369 	0.106714 	 0.017723 
0.061588 	0.202279 	0.147960 	0.083416 	 0.015989 
0.082595 	0.200634 	0.147543 	0.078881 	 0.015221 
0.070109 	0.202515 	0.148465 	0.081682 	 0.015967 
0.067611 	0.216561 	0.157587 	0.091120 	 0.015716 
0.084314 	0.198004 	0.145641 	0.076475 	 0.014427 
0.052694 	0.226096 	0.164048 	0.095950 	 0.017077 
0.079097 	0.205793 	0.151226 	0.079533 	 0.014862 
0.060999 	0.216210 	0.157473 	0.092473 	 0.016990 
0.079072 	0.210391 	0.153830 	0.086983 	 0.015559 
0.056784 	0.215142 	0.157527 	0.085722 	 0.016719 
0.057549 	0.214245 	0.156587 	0.087645 	 0.016739 
0.063355 	0.218375 	0.159226 	0.093299 	 0.016590 
0.061033 	0.213162 	0.155588 	0.090146 	 0.016477 
0.059255 	0.208371 	0.152526 	0.086471 	 0.016219 
0.055552 	0.211058 	0.154348 	0.088605 	 0.016758 
0.064979 	0.216299 	0.158055 	0.088576 	 0.016336 
0.079365 	0.197721 	0.146545 	0.072860 	 0.015262 
0.076744 	0.213412 	0.156476 	0.087664 	 0.015700 
0.071243 	0.212510 	0.155675 	0.087352 	 0.015945 
0.079535 	0.200032 	0.147700 	0.078186 	 0.015122 
0.081696 	0.191072 	0.142226 	0.069948 	 0.015023 
0.074909 	0.204474 	0.150779 	0.080006 	 0.015771 
0.079384 	0.193368 	0.143738 	0.072002 	 0.015323 
0.088959 	0.193565 	0.143668 	0.074096 	 0.014382 
0.078739 	0.208504 	0.153454 	0.085306 	 0.016282 
0.084933 	0.188190 	0.140023 	0.072417 	 0.014862 
0.082353 	0.202162 	0.149670 	0.077736 	 0.015349 
0.074541 	0.210119 	0.154754 	0.083777 	 0.015901 
0.071212 	0.205121 	0.151932 	0.080091 	 0.016361 
0.076621 	0.207413 	0.153011 	0.084036 	 0.016647 
0.093091 	0.196375 	0.146221 	0.074028 	 0.014758 
0.071950 	0.205600 	0.151604 	0.081388 	 0.016026 
0.080623 	0.196622 	0.146473 	0.073976 	 0.015749 
0.080953 	0.193648 	0.144235 	0.072361 	 0.015285 
0.089964 	0.199095 	0.148128 	0.073405 	 0.014044 
0.096630 	0.198013 	0.147173 	0.075149 	 0.014377 
0.086348 	0.189030 	0.141138 	0.069308 	 0.013977 
0.079599 	0.199158 	0.147801 	0.077454 	 0.015753 
0.070392 	0.212075 	0.156670 	0.084717 	 0.016568 
0.075759 	0.202738 	0.150932 	0.075551 	 0.015240 
0.082114 	0.207215 	0.153658 	0.081306 	 0.015731 
0.085079 	0.195273 	0.145757 	0.071995 	 0.014664 
0.097836 	0.187896 	0.141415 	0.064631 	 0.013931 
0.094457 	0.194564 	0.145303 	0.071030 	 0.014418 
0.090293 	0.196835 	0.147329 	0.072964 	 0.015266 
0.099200 	0.179931 	0.135993 	0.061521 	 0.013922 
0.087400 	0.201492 	0.150120 	0.077164 	 0.014291 
0.073747 	0.214379 	0.158721 	0.084628 	 0.016448 
0.105168 	0.187335 	0.140965 	0.067001 	 0.013540 
0.085138 	0.198900 	0.148708 	0.075799 	 0.015868 
0.076613 	0.202991 	0.151522 	0.075446 	 0.015710 
0.094352 	0.189322 	0.142479 	0.068177 	 0.014513 
0.088447 	0.199087 	0.149311 	0.073576 	 0.015653 
0.083945 	0.199639 	0.149249 	0.075197 	 0.015324 
0.088841 	0.204389 	0.152203 	0.080808 	 0.015500 
0.086685 	0.192806 	0.144883 	0.071194 	 0.015183 
0.095789 	0.181070 	0.137082 	0.062389 	 0.014162 
0.088256 	0.202846 	0.152023 	0.074647 	 0.015670 
0.077544 	0.204570 	0.152498 	0.076618 	 0.015358 
0.098263 	0.189032 	0.143055 	0.067045 	 0.014370 
0.100591 	0.186451 	0.141051 	0.067973 	 0.014851 
0.089622 	0.205258 	0.153609 	0.077672 	 0.015390 
0.087186 	0.203571 	0.152159 	0.076036 	 0.015098 
0.098570 	0.187309 	0.142100 	0.063347 	 0.014130 
0.086737 	0.198513 	0.149468 	0.071327 	 0.015525 
0.092779 	0.199811 	0.150043 	0.072424 	 0.014987 
0.102160 	0.183978 	0.140018 	0.062894 	 0.014740 
0.099900 	0.182785 	0.139153 	0.062858 	 0.014679 
0.106201 	0.184160 	0.140508 	0.059232 	 0.013922 
0.088662 	0.199718 	0.150044 	0.072892 	 0.015199 
0.111523 	0.171946 	0.132467 	0.053507 	 0.013651 
0.092934 	0.197539 	0.148418 	0.075303 	 0.015411 
0.108469 	0.187468 	0.142481 	0.063531 	 0.013445 
0.086620 	0.208857 	0.155850 	0.082162 	 0.015631 
0.096584 	0.192181 	0.145467 	0.066704 	 0.014184 
0.100240 	0.194496 	0.147220 	0.070240 	 0.014484 
0.096650 	0.192119 	0.145257 	0.068334 	 0.014048 
0.106524 	0.186504 	0.142039 	0.063981 	 0.013589 
0.105528 	0.190655 	0.144734 	0.065223 	 0.013656 
0.102059 	0.185307 	0.141144 	0.064132 	 0.013932 
0.109272 	0.188890 	0.144193 	0.063185 	 0.013950 
0.109801 	0.177123 	0.136657 	0.054459 	 0.013817 
0.089429 	0.204735 	0.153409 	0.078125 	 0.014834 
0.103487 	0.195862 	0.148219 	0.072998 	 0.015686 
0.073575 	0.215490 	0.161347 	0.082235 	 0.016329 
0.100516 	0.183287 	0.140471 	0.060184 	 0.014232 
0.105897 	0.181138 	0.139407 	0.058085 	 0.014225 
0.097987 	0.190414 	0.145366 	0.065736 	 0.015254 
0.098934 	0.193053 	0.147306 	0.065733 	 0.014926 
0.075855 	0.219381 	0.163908 	0.086005 	 0.016975 
0.086043 	0.201102 	0.152444 	0.072999 	 0.016310 
0.087613 	0.193018 	0.147107 	0.064730 	 0.015278 
0.095527 	0.195839 	0.149320 	0.067008 	 0.015493 
0.093594 	0.197901 	0.150485 	0.069170 	 0.015257 
0.090870 	0.195033 	0.148455 	0.067837 	 0.014863 
0.083541 	0.198183 	0.150754 	0.067828 	 0.015231 
0.077379 	0.201877 	0.153230 	0.070494 	 0.015707 
0.104788 	0.181502 	0.139650 	0.059146 	 0.013695 
0.100336 	0.185099 	0.141900 	0.061070 	 0.013355 
0.100069 	0.185684 	0.142533 	0.060300 	 0.013740 
0.084576 	0.191210 	0.146328 	0.063942 	 0.015320 
0.101933 	0.183655 	0.141539 	0.059861 	 0.013695 
0.088148 	0.187795 	0.143815 	0.065006 	 0.015582 
0.093280 	0.196006 	0.148908 	0.070868 	 0.014637 
0.083519 	0.196311 	0.150078 	0.067719 	 0.015710 
0.095874 	0.192346 	0.147448 	0.064851 	 0.015254 
0.092067 	0.182209 	0.140965 	0.059819 	 0.014889 
0.083576 	0.195658 	0.149314 	0.069344 	 0.015669 
0.082791 	0.190453 	0.146257 	0.061923 	 0.015009 
0.083952 	0.196987 	0.150516 	0.069483 	 0.016232 
0.089598 	0.195574 	0.149695 	0.068463 	 0.015595 
0.091915 	0.187832 	0.144727 	0.059064 	 0.014770 
0.114718 	0.175440 	0.136851 	0.054725 	 0.013357 
0.090080 	0.201674 	0.153844 	0.069605 	 0.014991 
0.089297 	0.176336 	0.137057 	0.053438 	 0.014224 
0.107529 	0.180502 	0.140623 	0.055438 	 0.014391 
0.098362 	0.178421 	0.138990 	0.053864 	 0.014056 
0.091424 	0.193828 	0.148930 	0.063722 	 0.014816 
0.092698 	0.193466 	0.149159 	0.063468 	 0.015731 
0.104266 	0.180886 	0.140415 	0.058324 	 0.014121 
0.093584 	0.180876 	0.140342 	0.060092 	 0.014845 
0.090095 	0.197682 	0.151917 	0.065134 	 0.015297 
0.103229 	0.177456 	0.138627 	0.054889 	 0.014400 
0.100217 	0.176179 	0.137655 	0.054121 	 0.014086 
0.095849 	0.190472 	0.147127 	0.062303 	 0.014742 
0.089254 	0.196835 	0.151291 	0.067201 	 0.015761 
0.097725 	0.184474 	0.143657 	0.054930 	 0.014660 
0.089184 	0.176871 	0.137880 	0.054227 	 0.014236 
0.110324 	0.175113 	0.137456 	0.052060 	 0.013550 
0.078277 	0.196535 	0.151296 	0.067430 	 0.016143 
0.098133 	0.183815 	0.142944 	0.058852 	 0.013710 
0.094734 	0.181055 	0.141580 	0.055936 	 0.014986 
0.087326 	0.186933 	0.145461 	0.058623 	 0.015702 
0.093691 	0.190227 	0.147931 	0.059328 	 0.015339 
0.100952 	0.173177 	0.136129 	0.054126 	 0.014328 
0.070856 	0.208456 	0.159354 	0.074006 	 0.016256 
