0.348085 	0.019041 	0.012331 	0.013696 	 0.000758 
0.360602 	0.005870 	0.001739 	0.010397 	 0.000053 
0.336385 	0.059016 	0.039739 	0.039366 	 0.001955 
0.316741 	0.061580 	0.041187 	0.041004 	 0.001819 
0.316523 	0.064288 	0.041914 	0.043890 	 0.002518 
0.291440 	0.074546 	0.050894 	0.045902 	 0.003242 
0.343975 	0.068849 	0.046889 	0.042616 	 0.003045 
0.326924 	0.071842 	0.045845 	0.055480 	 0.003418 
0.306681 	0.074634 	0.051485 	0.041177 	 0.002630 
0.333169 	0.064145 	0.042343 	0.045163 	 0.003336 
0.326822 	0.071087 	0.046359 	0.051987 	 0.003525 
0.341338 	0.082140 	0.055500 	0.051505 	 0.002846 
0.289538 	0.069964 	0.047662 	0.042848 	 0.002129 
0.292062 	0.096148 	0.065156 	0.052831 	 0.002924 
0.285203 	0.083230 	0.058406 	0.043596 	 0.003001 
0.306547 	0.079569 	0.054779 	0.045806 	 0.003125 
0.295881 	0.087946 	0.060578 	0.050517 	 0.003830 
0.314704 	0.100541 	0.069110 	0.055737 	 0.004733 
0.300368 	0.091192 	0.061800 	0.052343 	 0.003720 
0.300394 	0.095697 	0.066153 	0.055876 	 0.004389 
0.267827 	0.099820 	0.068067 	0.060305 	 0.004731 
0.310687 	0.083501 	0.057496 	0.051387 	 0.004187 
0.277283 	0.074393 	0.053301 	0.039512 	 0.001468 
0.307614 	0.092634 	0.062941 	0.057466 	 0.004535 
0.333278 	0.070614 	0.047868 	0.046327 	 0.003387 
0.314620 	0.074104 	0.051680 	0.043876 	 0.003511 
0.269271 	0.096247 	0.066587 	0.055263 	 0.004292 
0.281230 	0.088732 	0.060531 	0.051116 	 0.004305 
0.297100 	0.081933 	0.056897 	0.049298 	 0.004685 
0.275299 	0.111694 	0.075977 	0.064608 	 0.005289 
0.258529 	0.104712 	0.073822 	0.055510 	 0.005159 
0.270908 	0.078555 	0.053470 	0.049448 	 0.004390 
0.244981 	0.093231 	0.065099 	0.049276 	 0.003841 
0.306903 	0.079131 	0.052695 	0.059714 	 0.004727 
0.271486 	0.083070 	0.058345 	0.047701 	 0.003197 
0.305759 	0.101744 	0.067845 	0.068544 	 0.005535 
0.280893 	0.111574 	0.076767 	0.063043 	 0.005970 
0.291462 	0.097275 	0.064842 	0.062468 	 0.005954 
0.279149 	0.097690 	0.067229 	0.056853 	 0.005460 
0.247472 	0.110899 	0.079208 	0.057611 	 0.005446 
0.275875 	0.086088 	0.060411 	0.048452 	 0.004887 
0.279805 	0.107424 	0.073995 	0.064085 	 0.005710 
0.290675 	0.096168 	0.065240 	0.063604 	 0.006394 
0.298419 	0.096871 	0.064619 	0.066705 	 0.006639 
0.247311 	0.090566 	0.063082 	0.050620 	 0.005396 
0.299312 	0.095384 	0.066511 	0.056222 	 0.006043 
0.308797 	0.097433 	0.066043 	0.067280 	 0.007311 
0.279590 	0.107867 	0.074468 	0.064504 	 0.006299 
0.287529 	0.103407 	0.070562 	0.062190 	 0.005904 
0.303409 	0.109893 	0.075424 	0.066590 	 0.006705 
0.258075 	0.114778 	0.078026 	0.068715 	 0.006843 
0.280893 	0.100927 	0.070169 	0.058391 	 0.006205 
0.304081 	0.078404 	0.054793 	0.048217 	 0.005138 
0.312783 	0.113048 	0.077352 	0.064826 	 0.007023 
0.257421 	0.110832 	0.077038 	0.063287 	 0.006823 
0.266151 	0.114448 	0.079890 	0.062819 	 0.006077 
0.289680 	0.108693 	0.074863 	0.065969 	 0.006735 
0.260909 	0.101032 	0.070281 	0.061180 	 0.006348 
0.243609 	0.104509 	0.073310 	0.059649 	 0.005798 
0.264815 	0.116878 	0.078957 	0.072478 	 0.007140 
0.283382 	0.118805 	0.081912 	0.073184 	 0.007501 
0.264383 	0.128827 	0.088361 	0.073123 	 0.007566 
0.276463 	0.115367 	0.079528 	0.068171 	 0.007205 
0.256046 	0.107987 	0.075063 	0.064285 	 0.006804 
0.269099 	0.124902 	0.084663 	0.079981 	 0.008291 
0.215868 	0.121816 	0.084809 	0.072988 	 0.007250 
0.272618 	0.117214 	0.079803 	0.069708 	 0.007339 
0.291090 	0.101919 	0.070106 	0.062661 	 0.007115 
0.262699 	0.116235 	0.081565 	0.062540 	 0.006854 
0.253561 	0.108483 	0.074172 	0.070447 	 0.007449 
0.206533 	0.128543 	0.088118 	0.076863 	 0.008136 
0.187787 	0.134705 	0.093657 	0.072850 	 0.007267 
0.262938 	0.117263 	0.081505 	0.065534 	 0.007436 
0.267033 	0.101381 	0.069904 	0.062582 	 0.006612 
0.256817 	0.118637 	0.082053 	0.072319 	 0.007862 
0.240214 	0.112945 	0.079037 	0.062805 	 0.007119 
0.284243 	0.104494 	0.071839 	0.065996 	 0.007603 
0.267668 	0.105006 	0.071273 	0.068854 	 0.007201 
0.256260 	0.103606 	0.072192 	0.057118 	 0.006378 
0.228067 	0.129848 	0.087711 	0.077524 	 0.008282 
0.218688 	0.114726 	0.078916 	0.066756 	 0.006675 
0.235702 	0.122590 	0.083370 	0.075929 	 0.007977 
0.247432 	0.118705 	0.082721 	0.067569 	 0.007343 
0.248298 	0.115397 	0.079167 	0.072007 	 0.007870 
0.237453 	0.139667 	0.096493 	0.078061 	 0.007902 
0.247561 	0.124578 	0.086137 	0.072709 	 0.007552 
0.231678 	0.113986 	0.080147 	0.066529 	 0.007614 
0.227413 	0.112082 	0.077724 	0.060863 	 0.006666 
0.231263 	0.108716 	0.074503 	0.069275 	 0.007327 
0.241944 	0.117520 	0.080332 	0.067986 	 0.007034 
0.249201 	0.125045 	0.086803 	0.070365 	 0.007575 
0.250477 	0.118720 	0.079968 	0.071457 	 0.007326 
0.264997 	0.130340 	0.088471 	0.080995 	 0.008786 
0.242022 	0.119807 	0.082480 	0.074394 	 0.007748 
0.220422 	0.116406 	0.082557 	0.063375 	 0.007880 
0.224106 	0.114264 	0.081526 	0.060666 	 0.007459 
0.204853 	0.127308 	0.089675 	0.069308 	 0.007708 
0.207876 	0.129044 	0.089722 	0.072414 	 0.007658 
0.239849 	0.118159 	0.082399 	0.064575 	 0.008187 
0.271077 	0.107071 	0.075033 	0.060931 	 0.007785 
0.213049 	0.140677 	0.098381 	0.077225 	 0.008483 
0.222769 	0.133651 	0.092744 	0.076476 	 0.008781 
0.247914 	0.114941 	0.079011 	0.069318 	 0.007416 
0.260370 	0.124132 	0.085254 	0.075642 	 0.008439 
0.241764 	0.141020 	0.096817 	0.079973 	 0.008259 
0.220755 	0.119187 	0.083178 	0.069674 	 0.007319 
0.215191 	0.130873 	0.089741 	0.075948 	 0.007726 
0.244008 	0.115898 	0.081402 	0.067557 	 0.008245 
0.236434 	0.125642 	0.086095 	0.075529 	 0.008341 
0.244520 	0.115320 	0.079746 	0.066740 	 0.007377 
0.228781 	0.129358 	0.089489 	0.076084 	 0.008980 
0.255518 	0.117731 	0.080467 	0.072665 	 0.008613 
0.228287 	0.123144 	0.084982 	0.073239 	 0.007944 
0.246798 	0.137777 	0.094411 	0.080476 	 0.009345 
0.209609 	0.141010 	0.097184 	0.079366 	 0.008951 
0.238424 	0.115146 	0.080343 	0.066776 	 0.008127 
0.222403 	0.123335 	0.086463 	0.064846 	 0.007929 
0.207633 	0.126130 	0.087900 	0.072561 	 0.008638 
0.220991 	0.126211 	0.087646 	0.072780 	 0.008774 
0.252852 	0.130613 	0.089106 	0.081211 	 0.009003 
0.201014 	0.131384 	0.090438 	0.078641 	 0.008559 
0.207867 	0.118118 	0.082986 	0.067497 	 0.008068 
0.228224 	0.141299 	0.097828 	0.078397 	 0.008933 
0.236181 	0.116571 	0.081569 	0.066469 	 0.008858 
0.255058 	0.135199 	0.092336 	0.083400 	 0.009297 
0.206729 	0.147869 	0.100241 	0.089299 	 0.010016 
0.212958 	0.126316 	0.086683 	0.075090 	 0.008439 
0.213484 	0.137963 	0.092821 	0.086205 	 0.009274 
0.244278 	0.143119 	0.098255 	0.084155 	 0.009898 
0.253821 	0.123499 	0.085070 	0.071003 	 0.008494 
0.229838 	0.123144 	0.084657 	0.075122 	 0.008910 
0.219977 	0.109274 	0.075561 	0.066353 	 0.007934 
0.246367 	0.136306 	0.093905 	0.076690 	 0.008925 
0.223244 	0.136035 	0.094458 	0.078179 	 0.009150 
0.193927 	0.137904 	0.096534 	0.076027 	 0.008924 
0.190772 	0.137402 	0.095371 	0.078402 	 0.009073 
0.208077 	0.113927 	0.077985 	0.070788 	 0.007856 
0.181534 	0.122816 	0.086846 	0.069471 	 0.007957 
0.233449 	0.129137 	0.089177 	0.073266 	 0.008050 
0.224894 	0.145410 	0.100902 	0.078683 	 0.009149 
0.242051 	0.122374 	0.084315 	0.074452 	 0.008974 
0.254666 	0.126671 	0.087191 	0.076025 	 0.009034 
0.213634 	0.118832 	0.081630 	0.072911 	 0.008369 
0.185165 	0.134591 	0.093047 	0.077923 	 0.008824 
0.220818 	0.141013 	0.096841 	0.077470 	 0.009170 
0.195303 	0.141094 	0.097486 	0.077067 	 0.008051 
0.225132 	0.133076 	0.091918 	0.076901 	 0.008958 
0.202270 	0.123804 	0.085609 	0.068841 	 0.008213 
0.234888 	0.139419 	0.094482 	0.088330 	 0.009967 
0.202278 	0.139892 	0.096648 	0.079003 	 0.009720 
0.206173 	0.131681 	0.092207 	0.071254 	 0.009196 
0.246574 	0.131728 	0.090931 	0.074792 	 0.009640 
0.192479 	0.147279 	0.102358 	0.079985 	 0.009034 
0.199564 	0.147748 	0.102261 	0.082641 	 0.009974 
0.232469 	0.121592 	0.084987 	0.070795 	 0.009465 
0.212379 	0.153817 	0.105719 	0.089038 	 0.010181 
0.177868 	0.118643 	0.084145 	0.067259 	 0.008338 
0.230273 	0.125405 	0.088827 	0.066138 	 0.008784 
0.247930 	0.134065 	0.092296 	0.081031 	 0.009669 
0.216658 	0.124416 	0.086393 	0.072806 	 0.008735 
0.255316 	0.136987 	0.093154 	0.086506 	 0.010044 
0.208422 	0.128838 	0.090655 	0.073295 	 0.008989 
0.212560 	0.128968 	0.089450 	0.074056 	 0.009193 
0.219676 	0.135026 	0.094098 	0.078688 	 0.010027 
0.204674 	0.125194 	0.085502 	0.077294 	 0.008585 
0.239896 	0.120158 	0.083432 	0.069080 	 0.008386 
0.211706 	0.118363 	0.084010 	0.065008 	 0.007950 
0.211539 	0.121740 	0.085198 	0.070624 	 0.008601 
0.232650 	0.111576 	0.077080 	0.066492 	 0.008418 
0.244174 	0.118547 	0.080084 	0.079112 	 0.008965 
0.207515 	0.123320 	0.085600 	0.070821 	 0.008054 
0.180658 	0.142569 	0.098914 	0.077938 	 0.009249 
0.161357 	0.140803 	0.099008 	0.074477 	 0.009189 
0.232591 	0.133107 	0.091952 	0.074945 	 0.008989 
0.221327 	0.135507 	0.092398 	0.078952 	 0.008488 
0.241023 	0.138285 	0.095646 	0.079362 	 0.009941 
0.162134 	0.160595 	0.110833 	0.086690 	 0.009995 
0.221714 	0.135719 	0.094169 	0.078798 	 0.008767 
0.192518 	0.131990 	0.091183 	0.074090 	 0.008879 
0.216357 	0.125064 	0.086478 	0.074422 	 0.008499 
0.165243 	0.139840 	0.095831 	0.080438 	 0.008896 
0.233166 	0.135146 	0.092026 	0.081897 	 0.009421 
0.226696 	0.144017 	0.098532 	0.084718 	 0.010147 
0.180926 	0.135024 	0.094474 	0.074648 	 0.009829 
0.173190 	0.153722 	0.105821 	0.087103 	 0.010347 
0.227774 	0.153277 	0.103153 	0.090977 	 0.009954 
0.210440 	0.121382 	0.084411 	0.071797 	 0.008801 
0.261203 	0.136261 	0.092270 	0.081976 	 0.009720 
0.194963 	0.126235 	0.087544 	0.074728 	 0.009049 
0.172234 	0.147256 	0.102647 	0.076728 	 0.009010 
0.198882 	0.139058 	0.095473 	0.078773 	 0.009039 
0.172254 	0.158638 	0.108739 	0.088316 	 0.009841 
0.201512 	0.131473 	0.090157 	0.079376 	 0.009465 
0.252413 	0.135033 	0.092221 	0.084851 	 0.010115 
0.242468 	0.137744 	0.094375 	0.080490 	 0.008932 
0.186742 	0.124496 	0.087006 	0.066198 	 0.008227 
0.193587 	0.147055 	0.102232 	0.080244 	 0.008949 
0.205185 	0.138449 	0.093408 	0.079634 	 0.008587 
0.229281 	0.134818 	0.091072 	0.083493 	 0.009580 
0.226793 	0.137374 	0.093560 	0.082357 	 0.009295 
0.216627 	0.126486 	0.087027 	0.078060 	 0.009159 
0.163728 	0.144291 	0.099116 	0.081169 	 0.008467 
0.172895 	0.156367 	0.108184 	0.085733 	 0.009746 
0.223061 	0.133423 	0.090958 	0.079616 	 0.009634 
0.230562 	0.130386 	0.088757 	0.075991 	 0.009084 
0.198789 	0.132550 	0.091934 	0.077495 	 0.009499 
0.220475 	0.148522 	0.101406 	0.087643 	 0.009799 
0.175435 	0.142706 	0.097401 	0.081536 	 0.008735 
0.169801 	0.154589 	0.106539 	0.089840 	 0.010545 
0.170209 	0.162424 	0.109586 	0.094075 	 0.010015 
0.177836 	0.147120 	0.100356 	0.083669 	 0.009385 
0.222788 	0.119980 	0.082170 	0.071042 	 0.009068 
0.148535 	0.155944 	0.107066 	0.086894 	 0.009535 
0.229426 	0.134949 	0.092845 	0.080189 	 0.009870 
0.138760 	0.165605 	0.114407 	0.090525 	 0.010718 
0.218741 	0.145711 	0.098883 	0.087085 	 0.010690 
0.177522 	0.134266 	0.093336 	0.071324 	 0.008522 
0.182401 	0.137000 	0.094324 	0.081359 	 0.009997 
0.187461 	0.119514 	0.084281 	0.066785 	 0.009278 
0.170166 	0.147891 	0.103043 	0.082558 	 0.009389 
0.203610 	0.152500 	0.105251 	0.086840 	 0.010589 
0.197393 	0.136158 	0.093959 	0.080178 	 0.010081 
0.170972 	0.147121 	0.101400 	0.083576 	 0.010364 
0.178799 	0.128119 	0.088243 	0.076106 	 0.009485 
0.180960 	0.157289 	0.108851 	0.085506 	 0.010740 
0.201409 	0.144252 	0.098942 	0.082016 	 0.009577 
0.173049 	0.154734 	0.105526 	0.087204 	 0.010453 
0.178717 	0.141896 	0.097587 	0.077269 	 0.010013 
0.233854 	0.151993 	0.102301 	0.093540 	 0.010725 
0.163125 	0.142787 	0.099247 	0.078225 	 0.009237 
0.178740 	0.137772 	0.096189 	0.079205 	 0.010455 
0.176589 	0.151772 	0.104486 	0.086726 	 0.010002 
0.175058 	0.149267 	0.103589 	0.080534 	 0.009409 
0.192597 	0.143814 	0.097932 	0.083975 	 0.009779 
0.217156 	0.145279 	0.099037 	0.085279 	 0.009800 
0.166913 	0.145881 	0.099736 	0.085288 	 0.010042 
0.191531 	0.131277 	0.092699 	0.071204 	 0.009632 
0.166519 	0.145606 	0.101273 	0.080866 	 0.010131 
0.205684 	0.144801 	0.097893 	0.088529 	 0.010453 
0.205360 	0.155853 	0.107740 	0.083029 	 0.010037 
0.206136 	0.141227 	0.098014 	0.074452 	 0.009570 
0.198206 	0.158102 	0.109458 	0.085410 	 0.010400 
0.183355 	0.138528 	0.097074 	0.077043 	 0.010028 
0.192620 	0.132718 	0.093379 	0.072603 	 0.009115 
0.191206 	0.137684 	0.095774 	0.077246 	 0.009723 
0.177462 	0.139877 	0.097928 	0.076563 	 0.009569 
0.187419 	0.156847 	0.108955 	0.086954 	 0.010518 
0.178150 	0.137386 	0.096844 	0.071352 	 0.008972 
0.196900 	0.139124 	0.095407 	0.079456 	 0.009472 
0.165884 	0.163629 	0.112708 	0.090721 	 0.010940 
0.176509 	0.148198 	0.102249 	0.081564 	 0.009922 
0.162637 	0.161121 	0.111170 	0.086821 	 0.010671 
0.143835 	0.150662 	0.106073 	0.082452 	 0.010120 
0.196778 	0.140146 	0.096941 	0.078518 	 0.010063 
0.186088 	0.153291 	0.105781 	0.088606 	 0.011150 
0.182595 	0.156597 	0.108299 	0.085724 	 0.010110 
0.191247 	0.146077 	0.101127 	0.078199 	 0.008935 
0.205975 	0.129111 	0.089312 	0.075091 	 0.009963 
0.184615 	0.130262 	0.091120 	0.073238 	 0.009285 
0.153270 	0.144849 	0.100914 	0.075319 	 0.009914 
0.189102 	0.151880 	0.105005 	0.082791 	 0.009423 
0.157769 	0.159447 	0.109955 	0.086025 	 0.010695 
0.140465 	0.140630 	0.098127 	0.075099 	 0.009122 
0.206378 	0.142057 	0.099400 	0.078339 	 0.010086 
0.174456 	0.158598 	0.111030 	0.082273 	 0.010101 
0.201303 	0.157499 	0.108645 	0.091438 	 0.010720 
0.176168 	0.148802 	0.103608 	0.083038 	 0.010924 
0.206235 	0.138938 	0.095745 	0.084275 	 0.011152 
0.196392 	0.139851 	0.097213 	0.079789 	 0.010059 
0.163406 	0.130459 	0.091579 	0.073895 	 0.009042 
0.195628 	0.138840 	0.095716 	0.081211 	 0.010282 
0.175827 	0.140806 	0.097415 	0.075646 	 0.009384 
0.160237 	0.155357 	0.109162 	0.078039 	 0.009704 
0.182984 	0.143935 	0.101364 	0.077268 	 0.010459 
0.156728 	0.138541 	0.097721 	0.073396 	 0.010085 
0.158661 	0.158771 	0.110233 	0.090769 	 0.011355 
0.180286 	0.142253 	0.099325 	0.078544 	 0.009872 
0.177365 	0.156953 	0.107806 	0.088522 	 0.011208 
0.171824 	0.147881 	0.103446 	0.077273 	 0.010083 
0.216977 	0.136271 	0.094728 	0.075482 	 0.010761 
0.197401 	0.145999 	0.100672 	0.086599 	 0.010913 
0.135517 	0.137458 	0.096416 	0.074786 	 0.009969 
0.132416 	0.163846 	0.112861 	0.087147 	 0.010319 
0.150816 	0.151430 	0.105819 	0.081742 	 0.010438 
0.186838 	0.132777 	0.092711 	0.073063 	 0.010105 
0.148548 	0.135612 	0.095444 	0.073691 	 0.010340 
0.176462 	0.150308 	0.104209 	0.081743 	 0.010973 
0.138833 	0.169015 	0.116963 	0.090430 	 0.010623 
0.174974 	0.149016 	0.103490 	0.083719 	 0.011024 
0.163965 	0.149363 	0.102635 	0.087238 	 0.011518 
0.133671 	0.168443 	0.115876 	0.093424 	 0.011498 
0.156351 	0.141427 	0.099897 	0.075268 	 0.009922 
0.174931 	0.151751 	0.105746 	0.081814 	 0.010962 
0.156612 	0.155786 	0.108321 	0.085568 	 0.010734 
0.152291 	0.151842 	0.105983 	0.080239 	 0.011092 
0.198396 	0.136366 	0.094846 	0.076090 	 0.009961 
0.139469 	0.157040 	0.110009 	0.080524 	 0.010180 
0.155850 	0.147170 	0.102789 	0.079713 	 0.011011 
0.122962 	0.160137 	0.109950 	0.083483 	 0.010532 
0.149912 	0.158935 	0.110427 	0.085137 	 0.010761 
0.159113 	0.142540 	0.098710 	0.079132 	 0.010492 
0.200419 	0.159993 	0.109814 	0.090732 	 0.011438 
0.131833 	0.170248 	0.117487 	0.094473 	 0.011969 
0.126109 	0.147423 	0.103171 	0.082235 	 0.010907 
0.192125 	0.156522 	0.107803 	0.087483 	 0.011557 
0.134999 	0.169422 	0.116345 	0.096731 	 0.012344 
0.144452 	0.160705 	0.112341 	0.085545 	 0.011401 
0.164701 	0.161603 	0.112707 	0.085814 	 0.011502 
0.127724 	0.148046 	0.102320 	0.085014 	 0.011133 
0.175013 	0.162791 	0.111618 	0.091453 	 0.012492 
0.154928 	0.163530 	0.112489 	0.090152 	 0.011575 
0.104120 	0.165151 	0.116524 	0.083001 	 0.011079 
0.169591 	0.167104 	0.115326 	0.095440 	 0.012127 
0.140347 	0.169156 	0.118358 	0.089338 	 0.012192 
0.187445 	0.154947 	0.105846 	0.089542 	 0.011683 
0.154259 	0.157897 	0.109361 	0.086413 	 0.011316 
0.151459 	0.150932 	0.104115 	0.086004 	 0.012045 
0.178650 	0.148461 	0.103198 	0.084546 	 0.011925 
0.214527 	0.162799 	0.110619 	0.094882 	 0.013127 
0.149089 	0.150632 	0.104806 	0.085511 	 0.011935 
0.168691 	0.159914 	0.110987 	0.085700 	 0.011921 
0.175261 	0.163650 	0.113172 	0.095381 	 0.012473 
0.140017 	0.184436 	0.126874 	0.101605 	 0.012797 
0.128704 	0.169846 	0.119342 	0.086249 	 0.012364 
0.177450 	0.151397 	0.105359 	0.086279 	 0.012298 
0.174998 	0.163118 	0.111279 	0.096683 	 0.012739 
0.117001 	0.161490 	0.113752 	0.083942 	 0.012081 
0.163876 	0.156907 	0.108943 	0.084918 	 0.012514 
0.191897 	0.155412 	0.107707 	0.088288 	 0.012364 
0.147404 	0.155631 	0.108755 	0.085221 	 0.012268 
0.170890 	0.158832 	0.108580 	0.091400 	 0.011793 
0.106569 	0.152876 	0.105779 	0.086525 	 0.011449 
0.135546 	0.171986 	0.117894 	0.095616 	 0.012356 
0.148142 	0.162285 	0.112176 	0.091109 	 0.012916 
0.140089 	0.153094 	0.105200 	0.085910 	 0.011400 
0.177296 	0.169348 	0.116811 	0.095147 	 0.012989 
0.152949 	0.172884 	0.119353 	0.094958 	 0.012666 
0.147612 	0.156791 	0.108952 	0.084557 	 0.012235 
0.131457 	0.177632 	0.122428 	0.094127 	 0.012335 
0.133917 	0.172274 	0.117408 	0.097060 	 0.012767 
0.144144 	0.158529 	0.109224 	0.091570 	 0.011682 
0.155053 	0.160423 	0.111001 	0.094740 	 0.012383 
0.175509 	0.154021 	0.105206 	0.094899 	 0.012347 
0.150385 	0.180921 	0.124333 	0.103128 	 0.013194 
0.140434 	0.155604 	0.108705 	0.086998 	 0.012110 
0.119172 	0.161072 	0.111974 	0.088463 	 0.011311 
0.147031 	0.168640 	0.116893 	0.090914 	 0.012952 
0.130138 	0.168240 	0.116866 	0.085060 	 0.011859 
0.121526 	0.162113 	0.112224 	0.088191 	 0.011565 
0.177352 	0.144496 	0.100162 	0.079954 	 0.011591 
0.141567 	0.153129 	0.106845 	0.081598 	 0.012198 
0.152223 	0.163785 	0.113223 	0.087043 	 0.011834 
0.122393 	0.180863 	0.124889 	0.094071 	 0.011703 
0.179620 	0.157650 	0.107978 	0.087335 	 0.011987 
0.167574 	0.162043 	0.108753 	0.099682 	 0.012054 
0.126696 	0.169964 	0.116473 	0.100435 	 0.012843 
0.130761 	0.169413 	0.118505 	0.088708 	 0.012770 
0.145773 	0.150797 	0.105311 	0.079565 	 0.011734 
0.162347 	0.163881 	0.113145 	0.091713 	 0.012688 
0.135937 	0.176648 	0.122627 	0.094388 	 0.013623 
0.105528 	0.174891 	0.120990 	0.096299 	 0.012671 
0.113438 	0.165614 	0.115011 	0.089018 	 0.012511 
0.141134 	0.178951 	0.124783 	0.097887 	 0.013612 
0.135385 	0.160850 	0.111338 	0.091036 	 0.012930 
0.166242 	0.151835 	0.104048 	0.089330 	 0.012256 
0.145994 	0.170023 	0.118771 	0.088910 	 0.012161 
0.114810 	0.167088 	0.115526 	0.093369 	 0.013148 
0.091554 	0.162410 	0.111725 	0.091121 	 0.012711 
0.160211 	0.161597 	0.112115 	0.091585 	 0.012890 
0.168881 	0.162639 	0.110386 	0.098748 	 0.013148 
0.120577 	0.172514 	0.119984 	0.092207 	 0.012788 
0.118925 	0.203655 	0.139829 	0.112513 	 0.014795 
0.078009 	0.168984 	0.117886 	0.087732 	 0.011747 
0.147998 	0.156205 	0.107227 	0.091502 	 0.013211 
0.157087 	0.171346 	0.116878 	0.100967 	 0.013321 
0.173233 	0.172574 	0.119119 	0.095953 	 0.012996 
0.126394 	0.172218 	0.118126 	0.097203 	 0.012532 
0.180588 	0.167518 	0.116381 	0.095324 	 0.013169 
0.125236 	0.165798 	0.114193 	0.091001 	 0.012017 
0.143970 	0.163721 	0.112002 	0.092386 	 0.012325 
0.178065 	0.175902 	0.120641 	0.097697 	 0.013121 
0.128842 	0.176804 	0.120717 	0.103286 	 0.013455 
0.139878 	0.168461 	0.116225 	0.094626 	 0.013042 
0.091589 	0.175911 	0.121228 	0.097270 	 0.012877 
0.149348 	0.163068 	0.113520 	0.092220 	 0.013510 
0.138222 	0.171878 	0.119173 	0.094640 	 0.013731 
0.104269 	0.175238 	0.120499 	0.099684 	 0.013768 
0.165870 	0.169085 	0.116952 	0.095310 	 0.013265 
0.160602 	0.170705 	0.118763 	0.093679 	 0.013524 
0.142760 	0.168882 	0.117905 	0.091003 	 0.013009 
0.162133 	0.174855 	0.121047 	0.093172 	 0.012927 
0.147323 	0.188983 	0.129431 	0.103297 	 0.014561 
0.174560 	0.174010 	0.120431 	0.095429 	 0.013321 
0.133890 	0.157620 	0.108808 	0.088037 	 0.012633 
0.147808 	0.181650 	0.125686 	0.099313 	 0.014002 
0.191732 	0.173069 	0.121314 	0.092706 	 0.013308 
0.098642 	0.167806 	0.117167 	0.088961 	 0.012357 
0.135730 	0.174292 	0.119048 	0.100114 	 0.013397 
0.141386 	0.172477 	0.121669 	0.086465 	 0.012416 
0.138351 	0.168276 	0.115547 	0.090891 	 0.012525 
0.127562 	0.164965 	0.114794 	0.094220 	 0.013706 
0.112042 	0.176701 	0.121874 	0.095793 	 0.012972 
0.153267 	0.164447 	0.112579 	0.101365 	 0.014639 
0.126563 	0.180348 	0.123972 	0.102294 	 0.013909 
0.140584 	0.162323 	0.114092 	0.083650 	 0.012871 
0.146494 	0.169193 	0.119495 	0.089376 	 0.013310 
0.124638 	0.182479 	0.127518 	0.094984 	 0.014470 
0.117660 	0.163364 	0.113572 	0.088975 	 0.013570 
0.096149 	0.176948 	0.124922 	0.090379 	 0.013620 
0.073626 	0.167805 	0.118239 	0.087672 	 0.012641 
0.115585 	0.162947 	0.113755 	0.083668 	 0.012423 
0.194828 	0.171340 	0.118716 	0.099357 	 0.014776 
0.136671 	0.154563 	0.108312 	0.084918 	 0.012219 
0.120139 	0.175116 	0.122081 	0.089877 	 0.012589 
0.128583 	0.195639 	0.134637 	0.107580 	 0.014855 
0.117097 	0.158427 	0.112247 	0.079854 	 0.012245 
0.142524 	0.184802 	0.128436 	0.098900 	 0.014157 
0.154249 	0.141497 	0.099887 	0.075282 	 0.012449 
0.139086 	0.178251 	0.124241 	0.094317 	 0.013369 
0.137164 	0.165856 	0.114778 	0.094551 	 0.013449 
0.124110 	0.179691 	0.124290 	0.097664 	 0.013769 
0.147841 	0.183958 	0.126485 	0.106658 	 0.014914 
0.143312 	0.167751 	0.117825 	0.089310 	 0.013401 
0.128779 	0.155773 	0.109378 	0.084609 	 0.012729 
0.119197 	0.150718 	0.106095 	0.080390 	 0.012238 
0.100721 	0.175651 	0.122966 	0.092996 	 0.012973 
0.136272 	0.166557 	0.116013 	0.093153 	 0.013305 
0.135759 	0.182528 	0.128105 	0.093152 	 0.013485 
0.124189 	0.194559 	0.135709 	0.104588 	 0.014590 
0.208069 	0.144341 	0.100855 	0.079530 	 0.012531 
0.145079 	0.184738 	0.129522 	0.100090 	 0.014219 
0.116167 	0.165403 	0.115460 	0.089781 	 0.012988 
0.146955 	0.148001 	0.103135 	0.079113 	 0.011997 
0.154659 	0.158073 	0.110070 	0.087314 	 0.013184 
0.092130 	0.183546 	0.129344 	0.092409 	 0.013222 
0.149277 	0.172306 	0.118921 	0.094920 	 0.013546 
0.124715 	0.194453 	0.135822 	0.099275 	 0.013793 
0.119897 	0.178448 	0.124410 	0.092114 	 0.012834 
0.121018 	0.173618 	0.121595 	0.088993 	 0.012935 
0.119382 	0.162865 	0.115080 	0.083149 	 0.012675 
0.165555 	0.188002 	0.131494 	0.099877 	 0.014121 
0.149922 	0.150433 	0.105568 	0.078253 	 0.012134 
0.120545 	0.195803 	0.135213 	0.104390 	 0.014703 
0.134427 	0.165604 	0.116602 	0.084748 	 0.013310 
0.142579 	0.167189 	0.115654 	0.094560 	 0.013404 
0.146059 	0.162871 	0.113115 	0.088852 	 0.013010 
0.148139 	0.151614 	0.107546 	0.077658 	 0.012278 
0.114958 	0.154197 	0.109139 	0.083749 	 0.012551 
0.134002 	0.177603 	0.123788 	0.093110 	 0.013765 
0.179372 	0.158241 	0.109546 	0.092701 	 0.013221 
0.149501 	0.188744 	0.131401 	0.095728 	 0.014134 
0.163676 	0.187442 	0.129633 	0.098963 	 0.014115 
0.163542 	0.158308 	0.111321 	0.082325 	 0.012714 
0.116854 	0.173807 	0.121985 	0.090301 	 0.012637 
0.161499 	0.175535 	0.123944 	0.085150 	 0.013021 
0.137981 	0.165845 	0.115891 	0.090412 	 0.013420 
0.139957 	0.177934 	0.124595 	0.092326 	 0.013804 
0.106950 	0.187998 	0.130805 	0.098402 	 0.014349 
0.138153 	0.152707 	0.108268 	0.076565 	 0.012450 
0.151852 	0.172722 	0.120053 	0.092212 	 0.013673 
0.161619 	0.153929 	0.107813 	0.081273 	 0.013070 
0.163432 	0.177413 	0.124600 	0.090651 	 0.013850 
0.139891 	0.166295 	0.117662 	0.084651 	 0.013156 
0.146239 	0.173746 	0.121910 	0.094726 	 0.013150 
0.113602 	0.168750 	0.119540 	0.084631 	 0.013224 
0.120248 	0.179532 	0.124733 	0.095793 	 0.014293 
0.116360 	0.174907 	0.122741 	0.091138 	 0.013349 
0.158117 	0.166156 	0.115822 	0.091177 	 0.013283 
0.157230 	0.172644 	0.122001 	0.087926 	 0.013245 
0.135449 	0.174319 	0.121513 	0.094861 	 0.012825 
0.094405 	0.174631 	0.123900 	0.084012 	 0.012612 
0.147506 	0.170444 	0.118584 	0.087726 	 0.012941 
0.099611 	0.193397 	0.135022 	0.099029 	 0.013254 
0.117877 	0.182221 	0.126922 	0.094493 	 0.014080 
0.142652 	0.171863 	0.120857 	0.087168 	 0.013003 
0.111060 	0.171465 	0.122290 	0.086749 	 0.013680 
0.131476 	0.171498 	0.120106 	0.091539 	 0.013629 
0.125065 	0.174187 	0.122114 	0.089683 	 0.012940 
0.160786 	0.176215 	0.121822 	0.097126 	 0.013750 
0.109156 	0.194087 	0.135223 	0.102644 	 0.014079 
0.128647 	0.173100 	0.120884 	0.088720 	 0.013325 
0.104456 	0.167227 	0.117465 	0.084622 	 0.012265 
0.107491 	0.181584 	0.127432 	0.094483 	 0.014142 
0.137919 	0.169654 	0.120153 	0.086757 	 0.012631 
0.128829 	0.188080 	0.131217 	0.096868 	 0.013945 
0.114975 	0.182061 	0.128454 	0.090298 	 0.012795 
0.112092 	0.178294 	0.125786 	0.087920 	 0.012835 
0.100404 	0.195940 	0.136155 	0.104294 	 0.014184 
0.171789 	0.175041 	0.121844 	0.094852 	 0.014262 
0.142276 	0.176255 	0.123762 	0.089354 	 0.013017 
0.158818 	0.186592 	0.128482 	0.103159 	 0.014374 
0.137168 	0.170927 	0.118243 	0.094894 	 0.013107 
0.165762 	0.169330 	0.119472 	0.085614 	 0.013620 
0.146278 	0.168130 	0.117459 	0.088985 	 0.012842 
0.112680 	0.184596 	0.128344 	0.095965 	 0.012900 
0.176706 	0.183015 	0.127908 	0.094605 	 0.014063 
0.104376 	0.198688 	0.138263 	0.099799 	 0.014059 
0.132187 	0.186348 	0.130370 	0.098373 	 0.013820 
0.173698 	0.174290 	0.121279 	0.093985 	 0.013606 
0.154245 	0.175181 	0.123385 	0.088964 	 0.013651 
0.139803 	0.177322 	0.126105 	0.086503 	 0.013585 
0.181918 	0.182222 	0.123966 	0.107916 	 0.014915 
0.119848 	0.185896 	0.129601 	0.094172 	 0.013868 
0.101321 	0.185136 	0.129566 	0.094754 	 0.014375 
0.131463 	0.177198 	0.125159 	0.089148 	 0.013529 
0.137126 	0.174568 	0.122962 	0.088676 	 0.013772 
0.141862 	0.179345 	0.125901 	0.096794 	 0.013921 
0.153733 	0.165983 	0.116782 	0.084989 	 0.013206 
0.154667 	0.169656 	0.118645 	0.088942 	 0.013915 
0.180378 	0.176183 	0.122911 	0.092891 	 0.014590 
0.131381 	0.186468 	0.131016 	0.092392 	 0.014004 
0.148760 	0.182724 	0.127637 	0.095607 	 0.014365 
0.111924 	0.180088 	0.126716 	0.092078 	 0.013830 
0.115240 	0.171787 	0.120844 	0.086485 	 0.012741 
0.111781 	0.177317 	0.125393 	0.090366 	 0.013481 
0.170092 	0.173176 	0.121354 	0.094181 	 0.013820 
0.138574 	0.167605 	0.117098 	0.087328 	 0.013330 
0.140196 	0.162121 	0.114020 	0.081665 	 0.012881 
0.182760 	0.161311 	0.112775 	0.089992 	 0.013795 
0.125440 	0.165367 	0.117612 	0.083099 	 0.013180 
0.146166 	0.183821 	0.127838 	0.098249 	 0.014113 
0.142734 	0.180748 	0.126217 	0.095456 	 0.014071 
0.113951 	0.204180 	0.142552 	0.100185 	 0.014571 
0.173156 	0.169909 	0.119192 	0.092843 	 0.013414 
0.167773 	0.154819 	0.108620 	0.087647 	 0.013571 
0.138507 	0.167853 	0.117781 	0.087388 	 0.013802 
0.128624 	0.192992 	0.136772 	0.094551 	 0.014204 
0.133449 	0.183245 	0.128490 	0.097051 	 0.013834 
0.140114 	0.173127 	0.121547 	0.091603 	 0.013821 
0.153846 	0.188732 	0.131580 	0.102540 	 0.015650 
0.129398 	0.183902 	0.129200 	0.096980 	 0.014309 
0.144685 	0.166616 	0.117189 	0.086772 	 0.013828 
0.119086 	0.168016 	0.120250 	0.084147 	 0.013588 
0.143999 	0.170464 	0.120800 	0.086022 	 0.013223 
0.119415 	0.172054 	0.120332 	0.091925 	 0.014037 
0.108077 	0.161079 	0.115132 	0.080482 	 0.013738 
0.147189 	0.176760 	0.124256 	0.095852 	 0.015280 
0.133256 	0.192488 	0.134897 	0.097464 	 0.014567 
0.121140 	0.188154 	0.132914 	0.094646 	 0.013732 
0.114766 	0.185897 	0.130814 	0.096783 	 0.014646 
0.132403 	0.167757 	0.119114 	0.083463 	 0.013258 
0.166475 	0.183288 	0.127686 	0.094348 	 0.014960 
0.117054 	0.189813 	0.131967 	0.098914 	 0.014033 
0.107925 	0.190593 	0.133918 	0.098163 	 0.014872 
0.138859 	0.196369 	0.138608 	0.093979 	 0.014693 
0.138549 	0.165771 	0.116833 	0.091043 	 0.014623 
0.111677 	0.194991 	0.137439 	0.099030 	 0.014552 
0.149527 	0.171820 	0.120256 	0.090830 	 0.013869 
0.117257 	0.185521 	0.130385 	0.093285 	 0.014553 
0.089769 	0.181054 	0.127898 	0.089626 	 0.014011 
0.140571 	0.157302 	0.112594 	0.075678 	 0.013557 
0.154715 	0.166037 	0.117077 	0.090939 	 0.014377 
0.129938 	0.193385 	0.135341 	0.103871 	 0.015383 
0.145441 	0.178527 	0.125068 	0.093567 	 0.013967 
0.117237 	0.167665 	0.117457 	0.089912 	 0.014021 
0.147705 	0.164739 	0.116272 	0.086990 	 0.013447 
0.147542 	0.183279 	0.129155 	0.094262 	 0.014863 
0.145451 	0.192113 	0.135512 	0.093822 	 0.014722 
0.110544 	0.187012 	0.132572 	0.091278 	 0.014522 
0.145315 	0.171222 	0.121148 	0.091147 	 0.015093 
0.117777 	0.189404 	0.134982 	0.093220 	 0.015165 
0.093877 	0.181380 	0.127151 	0.092889 	 0.013389 
0.142266 	0.178141 	0.126916 	0.090742 	 0.015071 
0.154377 	0.178267 	0.124891 	0.095817 	 0.014824 
0.154384 	0.168236 	0.119541 	0.084693 	 0.014131 
0.123220 	0.176199 	0.123822 	0.093675 	 0.014707 
0.149863 	0.171053 	0.121091 	0.085493 	 0.014476 
0.152454 	0.159955 	0.112799 	0.085264 	 0.013627 
0.112097 	0.167211 	0.118306 	0.091013 	 0.014930 
0.107170 	0.186958 	0.131805 	0.093899 	 0.015188 
0.113979 	0.188820 	0.133562 	0.091008 	 0.014722 
0.121584 	0.175337 	0.123063 	0.093487 	 0.014218 
0.142893 	0.187767 	0.133140 	0.091308 	 0.015346 
0.130494 	0.195381 	0.136540 	0.100900 	 0.015190 
0.135789 	0.184765 	0.131440 	0.090738 	 0.015320 
0.121097 	0.178135 	0.126267 	0.096028 	 0.015207 
0.083922 	0.200319 	0.140440 	0.102947 	 0.015789 
0.118389 	0.186523 	0.132059 	0.096587 	 0.016155 
0.098154 	0.204564 	0.144020 	0.103303 	 0.015913 
0.138307 	0.178958 	0.127095 	0.090053 	 0.014982 
0.075925 	0.183690 	0.130466 	0.091033 	 0.014694 
0.117381 	0.189699 	0.132800 	0.105171 	 0.015786 
0.110056 	0.196787 	0.138266 	0.101247 	 0.015994 
0.149654 	0.193604 	0.134556 	0.105982 	 0.016960 
0.124792 	0.174653 	0.124903 	0.084863 	 0.014825 
0.145646 	0.180208 	0.126676 	0.096524 	 0.015364 
0.124750 	0.174470 	0.123030 	0.091741 	 0.014478 
0.132893 	0.186034 	0.131661 	0.095528 	 0.015219 
0.117184 	0.180250 	0.127630 	0.094348 	 0.015540 
0.114323 	0.188898 	0.132957 	0.099357 	 0.015751 
0.111916 	0.189720 	0.133166 	0.104853 	 0.015511 
0.131636 	0.186118 	0.132410 	0.093907 	 0.015360 
0.120354 	0.164711 	0.117471 	0.084523 	 0.014791 
0.136897 	0.175993 	0.125226 	0.089768 	 0.014407 
0.133704 	0.193640 	0.136033 	0.101340 	 0.016479 
0.117577 	0.184816 	0.131851 	0.092287 	 0.015233 
0.078008 	0.175779 	0.125634 	0.086177 	 0.014758 
0.090298 	0.190711 	0.135252 	0.094678 	 0.016172 
0.142678 	0.182863 	0.129461 	0.094478 	 0.015875 
0.121190 	0.176805 	0.125158 	0.092084 	 0.015301 
