di 	gli 	gal 	gos3 	 gos4 
0.426930 	0.019662 	0.011818 	0.013328 	 -0.002085 
0.417040 	0.036830 	0.022756 	0.028757 	 -0.000288 
0.441595 	0.032632 	0.018970 	0.037965 	 -0.001061 
0.418993 	0.053334 	0.032404 	0.052437 	 0.000646 
0.429688 	0.052398 	0.032070 	0.052446 	 0.000146 
0.420495 	0.060670 	0.037577 	0.057230 	 0.000743 
0.412899 	0.058983 	0.036372 	0.057488 	 0.001136 
0.429785 	0.049601 	0.030325 	0.049247 	 -0.000191 
0.423878 	0.059746 	0.036790 	0.056253 	 0.000229 
0.419162 	0.058069 	0.035378 	0.056627 	 0.000302 
0.423216 	0.046966 	0.028310 	0.049341 	 0.000238 
0.408658 	0.059882 	0.036563 	0.058702 	 0.001314 
0.412254 	0.056688 	0.034249 	0.056010 	 0.000425 
0.415613 	0.049136 	0.029533 	0.052584 	 0.000571 
0.399721 	0.075661 	0.047111 	0.067457 	 0.001557 
0.414737 	0.061198 	0.037224 	0.062411 	 0.001392 
0.406607 	0.062147 	0.038286 	0.058555 	 0.001524 
0.412556 	0.067459 	0.041591 	0.063699 	 0.001099 
0.400865 	0.063319 	0.038846 	0.060651 	 0.001281 
0.407912 	0.058616 	0.036304 	0.055934 	 0.001701 
0.396553 	0.077034 	0.047856 	0.070761 	 0.002789 
0.400756 	0.072657 	0.045664 	0.063472 	 0.001931 
0.408869 	0.060176 	0.037020 	0.057030 	 0.000606 
0.388315 	0.076813 	0.047551 	0.071830 	 0.003233 
0.410194 	0.061456 	0.037398 	0.060813 	 0.000922 
0.393828 	0.078446 	0.048722 	0.071331 	 0.002388 
0.395200 	0.074006 	0.046134 	0.067027 	 0.002633 
0.395366 	0.066871 	0.041061 	0.064168 	 0.002013 
0.401898 	0.059379 	0.036753 	0.057428 	 0.002054 
0.388460 	0.078613 	0.049090 	0.070955 	 0.003092 
0.385847 	0.077711 	0.048309 	0.071586 	 0.002861 
0.386046 	0.078758 	0.048707 	0.074615 	 0.003393 
0.389616 	0.075850 	0.047153 	0.070255 	 0.002851 
0.389487 	0.076915 	0.047850 	0.070928 	 0.002933 
0.391925 	0.074064 	0.045922 	0.068261 	 0.002541 
0.393888 	0.066781 	0.041357 	0.062721 	 0.002292 
0.385961 	0.077927 	0.048308 	0.072708 	 0.003026 
0.385004 	0.074396 	0.046059 	0.071343 	 0.003138 
0.382073 	0.077712 	0.048094 	0.074480 	 0.003442 
0.375273 	0.083429 	0.052050 	0.075762 	 0.004038 
0.381499 	0.074040 	0.045845 	0.067069 	 0.002910 
0.367357 	0.084059 	0.052426 	0.074778 	 0.003798 
0.368401 	0.096608 	0.060256 	0.086572 	 0.004361 
0.382628 	0.078295 	0.048712 	0.072510 	 0.003382 
0.384137 	0.078134 	0.048871 	0.073408 	 0.003904 
0.375246 	0.082580 	0.051432 	0.076733 	 0.003767 
0.360153 	0.100274 	0.063031 	0.087382 	 0.005277 
0.369221 	0.087076 	0.054403 	0.077004 	 0.003639 
0.369448 	0.084348 	0.052797 	0.075326 	 0.003586 
0.365536 	0.098697 	0.061940 	0.084346 	 0.004194 
0.375335 	0.083731 	0.051929 	0.075614 	 0.002902 
0.362759 	0.084195 	0.052656 	0.075447 	 0.003954 
0.361343 	0.090866 	0.057055 	0.080306 	 0.004246 
0.371107 	0.089952 	0.057006 	0.076330 	 0.003976 
0.356940 	0.093030 	0.058372 	0.080685 	 0.004513 
0.349661 	0.097627 	0.061589 	0.083688 	 0.004916 
0.355635 	0.098197 	0.061935 	0.083911 	 0.004839 
0.353485 	0.096309 	0.060623 	0.082790 	 0.004810 
0.341579 	0.106667 	0.067067 	0.091892 	 0.005144 
0.361272 	0.093161 	0.058678 	0.083573 	 0.005230 
0.357524 	0.093197 	0.059023 	0.081006 	 0.004620 
0.343804 	0.110855 	0.070012 	0.093829 	 0.005733 
0.354426 	0.091427 	0.057363 	0.081087 	 0.004197 
0.356856 	0.092709 	0.058143 	0.082887 	 0.004751 
0.349302 	0.098546 	0.062102 	0.085596 	 0.005545 
0.328514 	0.118331 	0.075054 	0.098904 	 0.007038 
0.350271 	0.086882 	0.054453 	0.077477 	 0.004476 
0.340185 	0.103549 	0.065090 	0.090168 	 0.005398 
0.339829 	0.108628 	0.068706 	0.092153 	 0.006238 
0.336249 	0.109731 	0.069694 	0.092557 	 0.006552 
0.354771 	0.096761 	0.061028 	0.085193 	 0.004795 
0.345395 	0.096868 	0.060924 	0.082886 	 0.005106 
0.343222 	0.106197 	0.067151 	0.092634 	 0.005752 
0.336844 	0.114133 	0.072516 	0.096342 	 0.006315 
0.338176 	0.111195 	0.070493 	0.094119 	 0.006089 
0.347293 	0.099542 	0.062916 	0.085369 	 0.005509 
0.339311 	0.107961 	0.068186 	0.091653 	 0.005566 
0.345125 	0.104273 	0.065913 	0.089349 	 0.005381 
0.344629 	0.100430 	0.063796 	0.085236 	 0.005510 
0.327909 	0.113550 	0.072144 	0.093594 	 0.006444 
0.348726 	0.092966 	0.058611 	0.079451 	 0.004289 
0.326990 	0.109346 	0.069298 	0.090888 	 0.006281 
0.334343 	0.102995 	0.065315 	0.087792 	 0.006171 
0.335750 	0.103390 	0.066266 	0.084517 	 0.006161 
0.346230 	0.091095 	0.057569 	0.079032 	 0.004613 
0.345289 	0.098980 	0.062791 	0.084537 	 0.005793 
0.327520 	0.113374 	0.072267 	0.091865 	 0.006290 
0.328984 	0.103099 	0.065624 	0.085791 	 0.006062 
0.328018 	0.107694 	0.068237 	0.092012 	 0.005824 
0.334037 	0.104583 	0.066149 	0.088207 	 0.005402 
0.337921 	0.099946 	0.063474 	0.085118 	 0.005590 
0.328613 	0.105209 	0.066851 	0.089196 	 0.006152 
0.328145 	0.113217 	0.071983 	0.094597 	 0.006715 
0.323278 	0.121031 	0.077126 	0.101218 	 0.007211 
0.328630 	0.103955 	0.065852 	0.089906 	 0.006264 
0.335341 	0.100764 	0.063984 	0.084560 	 0.005712 
0.319043 	0.122619 	0.078217 	0.100108 	 0.007535 
0.335778 	0.104888 	0.066712 	0.089335 	 0.006272 
0.328088 	0.110481 	0.070675 	0.089961 	 0.006416 
0.318093 	0.115734 	0.073797 	0.095955 	 0.007479 
0.331698 	0.108319 	0.069315 	0.089326 	 0.006096 
0.317843 	0.121488 	0.078038 	0.095128 	 0.007040 
0.321455 	0.115101 	0.073532 	0.094190 	 0.006801 
0.322128 	0.110627 	0.070429 	0.091143 	 0.006536 
0.327347 	0.112683 	0.071983 	0.092087 	 0.005923 
0.320984 	0.111128 	0.071032 	0.091408 	 0.006798 
0.319364 	0.109777 	0.069992 	0.089696 	 0.006359 
0.326110 	0.117260 	0.075216 	0.095568 	 0.006919 
0.320001 	0.109993 	0.070535 	0.090299 	 0.006651 
0.316336 	0.120419 	0.077525 	0.096246 	 0.007197 
0.310355 	0.131600 	0.084944 	0.101316 	 0.007839 
0.322151 	0.124120 	0.079678 	0.098958 	 0.006831 
0.314514 	0.124610 	0.080189 	0.100986 	 0.007949 
0.330416 	0.109712 	0.070414 	0.088322 	 0.006190 
0.317283 	0.111396 	0.071255 	0.090376 	 0.006765 
0.308654 	0.126566 	0.081461 	0.097374 	 0.006911 
0.314089 	0.123360 	0.079107 	0.099624 	 0.007717 
0.316362 	0.116456 	0.074966 	0.092789 	 0.007437 
0.323033 	0.111077 	0.071507 	0.090344 	 0.006961 
0.316972 	0.113909 	0.072962 	0.091291 	 0.006121 
0.312535 	0.117192 	0.075189 	0.094942 	 0.007273 
0.318862 	0.118631 	0.076147 	0.095654 	 0.006462 
0.302509 	0.138245 	0.089447 	0.106561 	 0.008416 
0.297653 	0.136833 	0.088268 	0.106649 	 0.008046 
0.286712 	0.147666 	0.094931 	0.115635 	 0.008687 
0.298990 	0.139481 	0.090210 	0.109094 	 0.008503 
0.299543 	0.133237 	0.085679 	0.106881 	 0.008013 
0.319070 	0.117038 	0.075889 	0.089289 	 0.006444 
0.303932 	0.136241 	0.088735 	0.103328 	 0.008519 
0.306332 	0.124213 	0.080130 	0.095481 	 0.006544 
0.300041 	0.133710 	0.086498 	0.105664 	 0.008243 
0.285933 	0.141453 	0.091742 	0.108049 	 0.009095 
0.301018 	0.128957 	0.083226 	0.100420 	 0.007402 
0.306077 	0.131248 	0.084714 	0.103686 	 0.007704 
0.305143 	0.131384 	0.084857 	0.102846 	 0.007883 
0.304083 	0.119003 	0.076430 	0.094587 	 0.006922 
0.288869 	0.134135 	0.087163 	0.102712 	 0.008562 
0.297669 	0.137332 	0.089433 	0.102290 	 0.008338 
0.311120 	0.131965 	0.085528 	0.098667 	 0.006468 
0.297076 	0.132457 	0.086018 	0.101646 	 0.008130 
0.288665 	0.135682 	0.087684 	0.105661 	 0.008812 
0.281807 	0.144938 	0.093454 	0.113329 	 0.008638 
0.296008 	0.127620 	0.082761 	0.099020 	 0.008108 
0.308111 	0.122927 	0.079888 	0.093866 	 0.007167 
0.304556 	0.131016 	0.085059 	0.100916 	 0.007645 
0.296283 	0.140130 	0.091498 	0.104091 	 0.008370 
0.287044 	0.142796 	0.092898 	0.105904 	 0.008323 
0.291114 	0.139152 	0.090587 	0.103419 	 0.008070 
0.284777 	0.139043 	0.090190 	0.105587 	 0.008956 
0.291667 	0.125985 	0.082003 	0.093649 	 0.007604 
0.287988 	0.142217 	0.092100 	0.107666 	 0.008564 
0.293353 	0.131280 	0.085170 	0.098064 	 0.007482 
0.281863 	0.140290 	0.091037 	0.103378 	 0.007711 
0.297597 	0.131322 	0.085220 	0.101289 	 0.007826 
0.289975 	0.132346 	0.086356 	0.097339 	 0.008268 
0.293097 	0.135186 	0.087875 	0.102408 	 0.008465 
0.286761 	0.138031 	0.090082 	0.101945 	 0.008407 
0.276442 	0.147079 	0.095843 	0.107528 	 0.008973 
0.291660 	0.136647 	0.089267 	0.100117 	 0.007848 
0.285975 	0.135536 	0.088269 	0.100220 	 0.007847 
0.291346 	0.133048 	0.086766 	0.098468 	 0.007506 
0.283251 	0.137725 	0.089619 	0.101719 	 0.007845 
0.283457 	0.144415 	0.093953 	0.105541 	 0.007806 
0.281406 	0.148816 	0.096737 	0.110934 	 0.008929 
0.299305 	0.136247 	0.089118 	0.100191 	 0.007555 
0.286670 	0.138276 	0.090335 	0.099389 	 0.007955 
0.278268 	0.149554 	0.097562 	0.109770 	 0.008997 
0.284728 	0.146827 	0.095983 	0.107038 	 0.008286 
0.273154 	0.148464 	0.096904 	0.108380 	 0.008627 
0.277245 	0.151380 	0.099042 	0.109340 	 0.008968 
0.291240 	0.135781 	0.088678 	0.101439 	 0.007989 
0.268346 	0.153156 	0.100169 	0.110193 	 0.009317 
0.275390 	0.150693 	0.098657 	0.109630 	 0.009211 
0.273822 	0.147944 	0.096434 	0.109665 	 0.009127 
0.274250 	0.155616 	0.101945 	0.112253 	 0.009269 
0.269295 	0.157973 	0.103285 	0.112864 	 0.008879 
0.271031 	0.157582 	0.103190 	0.114889 	 0.009765 
0.261742 	0.156147 	0.102031 	0.112253 	 0.008976 
0.278621 	0.148089 	0.096785 	0.107076 	 0.008595 
0.275812 	0.154528 	0.101226 	0.111045 	 0.008938 
0.268171 	0.152919 	0.100507 	0.107590 	 0.008788 
0.261953 	0.157824 	0.103892 	0.110695 	 0.010172 
0.278055 	0.144713 	0.095039 	0.103528 	 0.008829 
0.257542 	0.173378 	0.113542 	0.124334 	 0.010391 
0.253140 	0.169493 	0.111236 	0.120530 	 0.010945 
0.265502 	0.155275 	0.102393 	0.108019 	 0.009750 
0.262784 	0.156755 	0.102865 	0.111573 	 0.009596 
0.263512 	0.151000 	0.099387 	0.108327 	 0.010079 
0.267635 	0.153935 	0.100811 	0.111079 	 0.009678 
0.267928 	0.161498 	0.106114 	0.118300 	 0.010413 
0.254400 	0.172008 	0.113237 	0.118775 	 0.010337 
0.253162 	0.172174 	0.113164 	0.121249 	 0.010666 
0.255876 	0.173739 	0.113956 	0.123824 	 0.010706 
0.255073 	0.174120 	0.114766 	0.122126 	 0.011018 
0.259034 	0.168561 	0.111215 	0.115585 	 0.010308 
0.269897 	0.156138 	0.102929 	0.108802 	 0.009058 
0.257541 	0.162004 	0.106768 	0.111530 	 0.009903 
0.258932 	0.167015 	0.110047 	0.114467 	 0.009560 
0.266911 	0.160979 	0.106438 	0.110416 	 0.009619 
0.266911 	0.161368 	0.106790 	0.110279 	 0.009731 
0.254871 	0.161636 	0.106647 	0.110712 	 0.009648 
0.262143 	0.169269 	0.111577 	0.116826 	 0.009252 
0.261580 	0.172582 	0.113882 	0.118474 	 0.009790 
0.257189 	0.164718 	0.108833 	0.114164 	 0.010222 
0.265514 	0.164647 	0.108817 	0.115010 	 0.009769 
0.265569 	0.159983 	0.105895 	0.109504 	 0.009536 
0.246942 	0.173494 	0.114507 	0.119706 	 0.010529 
0.249190 	0.172356 	0.114044 	0.115926 	 0.010297 
0.257513 	0.165089 	0.109058 	0.113381 	 0.009760 
0.245459 	0.176030 	0.116398 	0.119787 	 0.010657 
0.262954 	0.160890 	0.106697 	0.108353 	 0.008869 
0.252492 	0.171603 	0.113681 	0.116342 	 0.009947 
0.256279 	0.170217 	0.112536 	0.114811 	 0.009433 
0.255776 	0.165653 	0.109784 	0.112984 	 0.010209 
0.251296 	0.167265 	0.110688 	0.113966 	 0.010005 
0.258189 	0.157142 	0.104123 	0.106424 	 0.009046 
0.243198 	0.176831 	0.117061 	0.119660 	 0.010903 
0.255237 	0.165765 	0.109870 	0.111521 	 0.009542 
0.246621 	0.172596 	0.114004 	0.117501 	 0.009638 
0.255134 	0.163658 	0.108666 	0.109660 	 0.009682 
0.247489 	0.178639 	0.118513 	0.119967 	 0.010686 
0.253721 	0.162994 	0.108271 	0.109945 	 0.009731 
0.250858 	0.162984 	0.108235 	0.109741 	 0.009911 
0.250636 	0.165675 	0.110245 	0.111346 	 0.010119 
0.253670 	0.170966 	0.113408 	0.115224 	 0.010176 
0.245831 	0.173436 	0.115165 	0.115011 	 0.010023 
0.244349 	0.173042 	0.114619 	0.118369 	 0.010850 
0.248331 	0.167519 	0.111247 	0.111065 	 0.009964 
0.244770 	0.171198 	0.113888 	0.114716 	 0.010674 
0.240014 	0.172226 	0.114390 	0.115308 	 0.010408 
0.241831 	0.176127 	0.116821 	0.119609 	 0.010654 
0.238651 	0.171064 	0.113953 	0.112299 	 0.010601 
0.240507 	0.178526 	0.118706 	0.118137 	 0.010810 
0.234904 	0.179754 	0.119190 	0.122481 	 0.011475 
0.239354 	0.188825 	0.125518 	0.123864 	 0.010875 
0.229070 	0.178283 	0.118742 	0.116315 	 0.011642 
0.235087 	0.181598 	0.120236 	0.120571 	 0.010791 
0.241400 	0.168301 	0.112183 	0.107802 	 0.009981 
0.244652 	0.174455 	0.116111 	0.113814 	 0.010125 
0.234725 	0.180003 	0.119930 	0.115962 	 0.010776 
0.244642 	0.171345 	0.114442 	0.110542 	 0.010109 
0.243960 	0.171476 	0.114688 	0.110115 	 0.010429 
0.229824 	0.179820 	0.119319 	0.119657 	 0.010663 
0.224591 	0.194258 	0.128778 	0.131729 	 0.012216 
0.230030 	0.180015 	0.119902 	0.118923 	 0.011019 
0.237114 	0.170700 	0.114205 	0.107811 	 0.010417 
0.219147 	0.194194 	0.129436 	0.125383 	 0.012066 
0.233613 	0.174065 	0.116160 	0.111936 	 0.010553 
0.235702 	0.186038 	0.124084 	0.118494 	 0.010453 
0.235378 	0.184270 	0.122750 	0.119669 	 0.010444 
0.233060 	0.184900 	0.123575 	0.119589 	 0.011264 
0.226016 	0.187630 	0.125502 	0.120423 	 0.011925 
0.233479 	0.183055 	0.122133 	0.117903 	 0.010618 
0.233203 	0.191606 	0.128374 	0.121722 	 0.011705 
0.217344 	0.195995 	0.131012 	0.124805 	 0.012427 
0.231374 	0.189294 	0.126754 	0.119774 	 0.010739 
0.210042 	0.204820 	0.136802 	0.131315 	 0.012337 
0.221811 	0.198304 	0.132975 	0.124766 	 0.012356 
0.215352 	0.195830 	0.130964 	0.123445 	 0.011921 
0.232346 	0.186624 	0.125482 	0.116782 	 0.011339 
0.225372 	0.201784 	0.134635 	0.130421 	 0.011645 
0.210447 	0.197974 	0.132142 	0.126137 	 0.011919 
0.223313 	0.198991 	0.132739 	0.127288 	 0.011485 
0.241126 	0.183366 	0.123303 	0.114535 	 0.010108 
0.226824 	0.181176 	0.121451 	0.112238 	 0.010585 
0.220065 	0.194622 	0.130478 	0.122013 	 0.011385 
0.227304 	0.185076 	0.124344 	0.116684 	 0.011491 
0.227785 	0.186900 	0.124648 	0.119812 	 0.010364 
0.220415 	0.196290 	0.131805 	0.124061 	 0.012462 
0.216438 	0.195209 	0.131242 	0.123307 	 0.012683 
0.225582 	0.189114 	0.126973 	0.119208 	 0.011344 
0.218517 	0.194137 	0.130420 	0.122479 	 0.012276 
0.207283 	0.202651 	0.135957 	0.126608 	 0.012582 
0.197544 	0.223808 	0.149612 	0.140500 	 0.013697 
0.215905 	0.202056 	0.135163 	0.129610 	 0.012388 
0.218016 	0.187503 	0.126377 	0.113409 	 0.011322 
0.219392 	0.195577 	0.130977 	0.124163 	 0.011341 
0.218406 	0.197351 	0.132984 	0.120299 	 0.012144 
0.211240 	0.198346 	0.133315 	0.123646 	 0.012265 
0.225468 	0.192768 	0.129951 	0.118648 	 0.011107 
0.230429 	0.185933 	0.125567 	0.113826 	 0.011009 
0.206937 	0.203687 	0.136813 	0.128544 	 0.012548 
0.212349 	0.196163 	0.132496 	0.117618 	 0.011894 
0.214652 	0.201357 	0.135407 	0.125879 	 0.012145 
0.214325 	0.204201 	0.137581 	0.126328 	 0.012098 
0.220366 	0.199032 	0.133890 	0.124071 	 0.012055 
0.218855 	0.204709 	0.137684 	0.126994 	 0.011348 
0.201656 	0.209130 	0.140677 	0.129402 	 0.012560 
0.211768 	0.205575 	0.138312 	0.127801 	 0.012205 
0.208753 	0.205361 	0.138558 	0.125451 	 0.012512 
0.206402 	0.207469 	0.140032 	0.125924 	 0.012434 
0.209494 	0.199805 	0.135105 	0.120891 	 0.012624 
0.204987 	0.206039 	0.138832 	0.125481 	 0.012026 
0.205427 	0.204324 	0.137705 	0.124561 	 0.012126 
0.210601 	0.201282 	0.135409 	0.125064 	 0.011658 
0.212790 	0.203688 	0.138101 	0.121427 	 0.012134 
0.209125 	0.210213 	0.141945 	0.126779 	 0.012287 
0.200747 	0.213018 	0.143820 	0.127441 	 0.012441 
0.199302 	0.217968 	0.147224 	0.130031 	 0.012754 
0.209839 	0.204875 	0.138454 	0.121526 	 0.012004 
0.216509 	0.194922 	0.132135 	0.116281 	 0.011547 
0.197584 	0.207569 	0.140199 	0.126211 	 0.012564 
0.202574 	0.205251 	0.138693 	0.125254 	 0.012646 
0.206249 	0.205558 	0.138829 	0.123125 	 0.011667 
0.202689 	0.207172 	0.140229 	0.123960 	 0.012658 
0.198459 	0.211886 	0.143561 	0.128159 	 0.013367 
0.208960 	0.199333 	0.135026 	0.118419 	 0.011481 
0.208087 	0.205936 	0.139616 	0.121943 	 0.011828 
0.204265 	0.208602 	0.141446 	0.123487 	 0.011853 
0.203032 	0.208955 	0.141861 	0.123194 	 0.012342 
0.215310 	0.195172 	0.132783 	0.113359 	 0.011119 
0.218702 	0.198340 	0.134667 	0.115416 	 0.010803 
0.214180 	0.188920 	0.128745 	0.109265 	 0.010899 
0.199141 	0.205509 	0.139091 	0.123554 	 0.012654 
0.201287 	0.207516 	0.140402 	0.126802 	 0.012563 
0.210498 	0.202059 	0.137377 	0.118574 	 0.011632 
0.205751 	0.196311 	0.133453 	0.115091 	 0.011940 
0.198331 	0.203035 	0.137758 	0.119164 	 0.011783 
0.203962 	0.204355 	0.138676 	0.120488 	 0.011736 
0.204449 	0.202916 	0.138168 	0.118887 	 0.012412 
0.201178 	0.204162 	0.138467 	0.122613 	 0.012684 
0.200328 	0.208095 	0.141060 	0.123793 	 0.012302 
0.205775 	0.204289 	0.139203 	0.117140 	 0.011701 
0.196074 	0.213168 	0.144581 	0.126566 	 0.012185 
0.202289 	0.200448 	0.136293 	0.117545 	 0.012057 
0.195238 	0.201098 	0.136672 	0.117819 	 0.011835 
0.186213 	0.213249 	0.144711 	0.123780 	 0.012188 
0.199665 	0.204904 	0.139395 	0.119063 	 0.012186 
0.195901 	0.206606 	0.140406 	0.122079 	 0.012397 
0.204125 	0.205945 	0.140126 	0.119866 	 0.011751 
0.207403 	0.204360 	0.139694 	0.115268 	 0.011669 
0.196759 	0.213581 	0.145593 	0.121213 	 0.012243 
0.198296 	0.208499 	0.142209 	0.120445 	 0.012192 
0.191482 	0.221153 	0.149993 	0.131030 	 0.012706 
0.198159 	0.204503 	0.139798 	0.116252 	 0.011982 
0.196891 	0.208449 	0.142029 	0.121283 	 0.012582 
0.199406 	0.207827 	0.141445 	0.120792 	 0.011451 
0.210145 	0.196076 	0.134135 	0.110608 	 0.010916 
0.188997 	0.221915 	0.151236 	0.128477 	 0.013021 
0.196421 	0.204841 	0.140063 	0.116774 	 0.012105 
0.184852 	0.214612 	0.146421 	0.123109 	 0.012835 
0.188415 	0.223724 	0.152513 	0.129847 	 0.013213 
0.184471 	0.223141 	0.152275 	0.128094 	 0.013529 
0.197137 	0.206507 	0.141459 	0.114221 	 0.011737 
0.178082 	0.214585 	0.146752 	0.122265 	 0.013688 
0.181572 	0.215749 	0.146976 	0.123004 	 0.013222 
0.195979 	0.210473 	0.143824 	0.119032 	 0.012415 
0.185830 	0.218430 	0.148892 	0.124552 	 0.012824 
0.166257 	0.232969 	0.158344 	0.135207 	 0.014724 
0.180823 	0.216786 	0.148180 	0.121437 	 0.012951 
0.180731 	0.222799 	0.152098 	0.127321 	 0.013391 
0.183449 	0.213376 	0.145863 	0.120287 	 0.012666 
0.173820 	0.229873 	0.156514 	0.132920 	 0.013800 
0.185520 	0.215154 	0.147739 	0.120938 	 0.013534 
0.177082 	0.226233 	0.154288 	0.128800 	 0.013633 
0.181770 	0.220028 	0.150494 	0.123481 	 0.013086 
0.177484 	0.216408 	0.148133 	0.122519 	 0.013139 
0.188942 	0.212366 	0.145844 	0.116438 	 0.012466 
0.180783 	0.215759 	0.148125 	0.120149 	 0.013094 
0.179022 	0.224290 	0.153479 	0.124907 	 0.013590 
0.174946 	0.228565 	0.156295 	0.128513 	 0.013481 
0.169727 	0.231573 	0.157911 	0.131801 	 0.014082 
0.169140 	0.226771 	0.155278 	0.125757 	 0.013881 
0.187987 	0.221903 	0.152338 	0.122881 	 0.012815 
0.174276 	0.228426 	0.157018 	0.124867 	 0.013779 
0.174441 	0.223680 	0.153609 	0.122516 	 0.013411 
0.181813 	0.221558 	0.152194 	0.121818 	 0.012940 
0.194511 	0.209208 	0.144221 	0.114718 	 0.012475 
0.185798 	0.220846 	0.151593 	0.121851 	 0.013198 
0.170520 	0.233074 	0.160003 	0.129463 	 0.014319 
0.181686 	0.220442 	0.151507 	0.121400 	 0.013376 
0.168816 	0.222962 	0.153403 	0.121305 	 0.013502 
0.180587 	0.226694 	0.155670 	0.123823 	 0.012820 
0.182322 	0.218839 	0.150284 	0.118753 	 0.012015 
0.171606 	0.231649 	0.158890 	0.128160 	 0.013657 
0.160912 	0.235060 	0.161358 	0.129559 	 0.014540 
0.179153 	0.232038 	0.160071 	0.124982 	 0.013900 
0.178761 	0.229395 	0.157689 	0.125819 	 0.013144 
0.174492 	0.224131 	0.154281 	0.123678 	 0.014189 
0.180136 	0.222085 	0.152414 	0.123189 	 0.012546 
0.168975 	0.231164 	0.158690 	0.129281 	 0.014010 
0.180609 	0.224970 	0.155176 	0.123143 	 0.013520 
0.171043 	0.230215 	0.158389 	0.127409 	 0.013855 
0.176298 	0.232824 	0.160210 	0.128922 	 0.014445 
0.182176 	0.227109 	0.156920 	0.122097 	 0.013564 
0.175162 	0.231243 	0.159310 	0.125388 	 0.013829 
0.165419 	0.237452 	0.163555 	0.132050 	 0.014879 
0.174592 	0.223699 	0.154655 	0.117665 	 0.013250 
0.168481 	0.233220 	0.160581 	0.126988 	 0.013923 
0.172956 	0.229337 	0.158029 	0.124370 	 0.013732 
0.169520 	0.235354 	0.162178 	0.128288 	 0.014457 
0.182328 	0.218987 	0.151576 	0.115825 	 0.012897 
0.167246 	0.232456 	0.160524 	0.127554 	 0.014866 
0.166463 	0.236364 	0.162880 	0.126827 	 0.013668 
0.171352 	0.234473 	0.161883 	0.124684 	 0.013533 
0.159951 	0.238490 	0.164421 	0.127885 	 0.014273 
0.163105 	0.241338 	0.166237 	0.131922 	 0.015140 
0.171730 	0.234831 	0.162093 	0.127731 	 0.014094 
0.175581 	0.233695 	0.161647 	0.125121 	 0.013692 
0.157792 	0.235914 	0.162831 	0.125407 	 0.014292 
0.181650 	0.237191 	0.164171 	0.126258 	 0.013402 
0.167380 	0.238163 	0.164012 	0.130313 	 0.013587 
0.175247 	0.228435 	0.158297 	0.120580 	 0.013046 
0.166599 	0.226544 	0.156739 	0.121343 	 0.013717 
0.157827 	0.242695 	0.167659 	0.130398 	 0.014675 
0.162231 	0.245017 	0.168918 	0.132215 	 0.014007 
0.169897 	0.229074 	0.158693 	0.120649 	 0.013028 
0.188744 	0.217354 	0.151775 	0.110851 	 0.012439 
0.167263 	0.235604 	0.163219 	0.123349 	 0.013583 
0.164004 	0.245342 	0.169456 	0.130753 	 0.014137 
0.152425 	0.243782 	0.168227 	0.131914 	 0.014484 
0.156585 	0.245858 	0.169960 	0.130991 	 0.014511 
0.166054 	0.238795 	0.165389 	0.124365 	 0.014075 
0.149412 	0.248353 	0.171541 	0.132818 	 0.015072 
0.157505 	0.238297 	0.164909 	0.124048 	 0.014040 
0.165151 	0.238454 	0.165295 	0.124357 	 0.013530 
0.171610 	0.232472 	0.161717 	0.119905 	 0.013394 
0.172178 	0.232153 	0.161509 	0.120208 	 0.013575 
0.162348 	0.245392 	0.170043 	0.132352 	 0.015071 
0.174301 	0.233075 	0.162225 	0.118654 	 0.012852 
0.147283 	0.252411 	0.174793 	0.132972 	 0.015365 
0.155203 	0.248470 	0.172278 	0.129166 	 0.014313 
0.165820 	0.227066 	0.158000 	0.115356 	 0.013163 
0.170263 	0.228647 	0.158623 	0.118153 	 0.012328 
0.159265 	0.231729 	0.161272 	0.120683 	 0.013965 
0.163576 	0.242281 	0.168523 	0.125822 	 0.014106 
0.163023 	0.228110 	0.158877 	0.116920 	 0.013175 
0.159970 	0.234056 	0.162460 	0.122999 	 0.013426 
0.154384 	0.242172 	0.167658 	0.129130 	 0.014116 
0.156931 	0.240871 	0.167396 	0.126079 	 0.014306 
0.157850 	0.235814 	0.163988 	0.124173 	 0.014063 
0.158183 	0.233003 	0.162258 	0.119964 	 0.013545 
0.158497 	0.239454 	0.166125 	0.128075 	 0.014186 
0.159302 	0.241679 	0.168226 	0.123063 	 0.013529 
0.155815 	0.242532 	0.168491 	0.126655 	 0.014383 
0.147357 	0.246888 	0.171410 	0.129750 	 0.014790 
0.166626 	0.227352 	0.158993 	0.115587 	 0.013485 
0.138807 	0.258733 	0.178907 	0.137800 	 0.015448 
0.154412 	0.244605 	0.170149 	0.126582 	 0.014581 
0.142938 	0.258007 	0.178927 	0.136301 	 0.014946 
0.150557 	0.244107 	0.169991 	0.124310 	 0.014270 
0.151123 	0.243180 	0.168992 	0.129137 	 0.014694 
0.163901 	0.238825 	0.166844 	0.120928 	 0.013814 
0.151942 	0.248405 	0.173110 	0.127293 	 0.014192 
0.165222 	0.232304 	0.162544 	0.118232 	 0.013575 
0.162088 	0.239567 	0.167239 	0.123451 	 0.014121 
0.161258 	0.231676 	0.162483 	0.115110 	 0.013423 
0.157599 	0.233446 	0.163686 	0.116557 	 0.013594 
0.153251 	0.248623 	0.173286 	0.126544 	 0.013804 
0.154833 	0.246796 	0.171833 	0.129562 	 0.014429 
0.152477 	0.247806 	0.173106 	0.125424 	 0.014072 
0.148211 	0.249683 	0.174154 	0.127886 	 0.014810 
0.139240 	0.260293 	0.181023 	0.131868 	 0.014651 
0.136582 	0.260896 	0.181007 	0.137337 	 0.015353 
0.150636 	0.248972 	0.173725 	0.128093 	 0.015154 
0.156354 	0.236546 	0.165777 	0.118385 	 0.013887 
0.150030 	0.238473 	0.166870 	0.120431 	 0.014428 
0.154994 	0.244673 	0.170965 	0.123798 	 0.013937 
0.142499 	0.258795 	0.180546 	0.132159 	 0.015366 
0.145080 	0.249696 	0.174391 	0.127353 	 0.015081 
0.150760 	0.248160 	0.174008 	0.123454 	 0.015306 
0.138192 	0.254394 	0.177611 	0.127385 	 0.014961 
0.135664 	0.253623 	0.177265 	0.127114 	 0.015367 
0.159572 	0.237553 	0.166833 	0.114237 	 0.012944 
0.135381 	0.265789 	0.184812 	0.137667 	 0.015216 
0.129838 	0.260975 	0.181664 	0.135767 	 0.015836 
0.135723 	0.258265 	0.180447 	0.129635 	 0.015266 
0.149222 	0.246938 	0.173396 	0.120053 	 0.014054 
0.125943 	0.257238 	0.179984 	0.127965 	 0.015936 
0.141261 	0.253193 	0.177350 	0.122861 	 0.014102 
0.138694 	0.255481 	0.179020 	0.127006 	 0.015495 
0.138351 	0.255154 	0.178830 	0.126763 	 0.014951 
0.139872 	0.261793 	0.183199 	0.130118 	 0.015207 
0.133429 	0.251803 	0.176817 	0.124092 	 0.015525 
0.147167 	0.255476 	0.179350 	0.127536 	 0.015100 
0.138230 	0.257927 	0.180733 	0.128634 	 0.015931 
0.148607 	0.243632 	0.171379 	0.119859 	 0.014490 
0.149513 	0.242597 	0.170747 	0.118310 	 0.014296 
0.144997 	0.246152 	0.173485 	0.118570 	 0.014607 
0.132533 	0.263761 	0.184505 	0.133090 	 0.015663 
0.133821 	0.262813 	0.184286 	0.129599 	 0.015319 
0.135435 	0.260973 	0.182869 	0.129885 	 0.015894 
0.136392 	0.266912 	0.186612 	0.135774 	 0.015596 
0.142781 	0.257773 	0.181090 	0.127557 	 0.015344 
0.135911 	0.256330 	0.180369 	0.123846 	 0.015071 
0.126161 	0.261439 	0.183508 	0.129101 	 0.015613 
0.136585 	0.260993 	0.183264 	0.129415 	 0.015512 
0.124205 	0.270220 	0.189554 	0.135601 	 0.016800 
0.140768 	0.259690 	0.182670 	0.128808 	 0.015914 
0.130797 	0.265986 	0.186401 	0.133489 	 0.016362 
0.143578 	0.254185 	0.179060 	0.122952 	 0.014997 
0.137762 	0.263959 	0.185062 	0.133584 	 0.015495 
0.135773 	0.269775 	0.189046 	0.136336 	 0.016152 
0.134919 	0.263638 	0.185356 	0.128475 	 0.015770 
0.120656 	0.273281 	0.191643 	0.136914 	 0.016589 
0.145426 	0.250873 	0.177592 	0.119224 	 0.015079 
0.148192 	0.251243 	0.177737 	0.117534 	 0.014655 
0.142818 	0.256216 	0.180758 	0.124356 	 0.015298 
0.129011 	0.269894 	0.189469 	0.135081 	 0.016039 
0.129631 	0.276502 	0.194017 	0.138011 	 0.016584 
0.132838 	0.262458 	0.185124 	0.127655 	 0.016051 
0.109823 	0.282093 	0.197443 	0.144086 	 0.017536 
0.147416 	0.257717 	0.181724 	0.124369 	 0.014098 
0.143817 	0.253030 	0.179050 	0.119991 	 0.014353 
0.154042 	0.233858 	0.166942 	0.105698 	 0.013842 
0.132144 	0.261191 	0.184397 	0.125862 	 0.015505 
0.121980 	0.273363 	0.192496 	0.131734 	 0.015881 
0.136870 	0.269135 	0.189448 	0.131724 	 0.014940 
0.128769 	0.265614 	0.187531 	0.126425 	 0.015655 
0.139243 	0.265017 	0.187146 	0.128415 	 0.015635 
0.122899 	0.268789 	0.189901 	0.128284 	 0.015830 
0.130429 	0.267008 	0.188877 	0.126633 	 0.016089 
0.126457 	0.268863 	0.189994 	0.130870 	 0.016632 
0.125304 	0.268594 	0.190045 	0.127552 	 0.016013 
0.132298 	0.268428 	0.189771 	0.129086 	 0.016267 
0.128706 	0.271161 	0.191763 	0.128950 	 0.015982 
0.142226 	0.258055 	0.182932 	0.122309 	 0.015080 
0.134723 	0.264512 	0.187324 	0.123747 	 0.015378 
0.128384 	0.262395 	0.186131 	0.120769 	 0.015026 
0.125509 	0.272077 	0.192363 	0.130848 	 0.016270 
0.120061 	0.273232 	0.192872 	0.130910 	 0.016387 
0.129873 	0.262931 	0.186510 	0.123001 	 0.015291 
0.129194 	0.263081 	0.186918 	0.123148 	 0.015888 
0.116954 	0.277889 	0.196557 	0.133878 	 0.017195 
0.131199 	0.272524 	0.193162 	0.127625 	 0.015693 
0.129224 	0.273007 	0.193124 	0.128988 	 0.015568 
0.134671 	0.257555 	0.183143 	0.118509 	 0.014730 
0.128056 	0.273851 	0.193598 	0.131789 	 0.015847 
0.143898 	0.253252 	0.180157 	0.116484 	 0.014542 
0.120364 	0.278488 	0.196762 	0.136349 	 0.017302 
0.125686 	0.273022 	0.193245 	0.128427 	 0.015786 
0.113501 	0.286224 	0.202086 	0.136657 	 0.016782 
0.129644 	0.277073 	0.196321 	0.133266 	 0.016831 
0.130538 	0.264151 	0.187950 	0.122389 	 0.015823 
0.124179 	0.273846 	0.193902 	0.131042 	 0.016307 
0.137860 	0.266330 	0.189443 	0.122745 	 0.015313 
0.121353 	0.275076 	0.195125 	0.128790 	 0.016246 
0.124782 	0.272268 	0.193285 	0.127789 	 0.016015 
0.138601 	0.257855 	0.183960 	0.119193 	 0.015308 
0.121614 	0.272895 	0.193908 	0.129007 	 0.016568 
0.129676 	0.265770 	0.189365 	0.121994 	 0.015710 
0.124049 	0.270408 	0.192142 	0.126991 	 0.016045 
0.131792 	0.264410 	0.188729 	0.120552 	 0.015954 
0.122809 	0.271274 	0.192940 	0.127087 	 0.016213 
0.127714 	0.266563 	0.190340 	0.121186 	 0.016117 
0.133745 	0.255842 	0.182717 	0.116585 	 0.015166 
0.142592 	0.256171 	0.183243 	0.117852 	 0.015099 
0.129034 	0.278999 	0.198519 	0.130305 	 0.016633 
0.128884 	0.263964 	0.188888 	0.118692 	 0.015763 
0.115441 	0.279037 	0.198200 	0.133284 	 0.017117 
0.124565 	0.268606 	0.191513 	0.124450 	 0.016082 
0.120182 	0.274609 	0.195346 	0.130940 	 0.016816 
0.122750 	0.270530 	0.192402 	0.128046 	 0.016303 
0.122751 	0.277016 	0.197581 	0.126318 	 0.016924 
0.116028 	0.285492 	0.203133 	0.133213 	 0.017307 
0.121877 	0.277055 	0.197330 	0.127718 	 0.016298 
0.129887 	0.271915 	0.193810 	0.126075 	 0.015807 
0.113252 	0.283811 	0.202092 	0.132800 	 0.017601 
0.103503 	0.287647 	0.204101 	0.135638 	 0.017495 
0.128012 	0.265906 	0.190135 	0.121169 	 0.015911 
0.113587 	0.283848 	0.202143 	0.131618 	 0.016994 
0.122857 	0.277309 	0.197839 	0.127692 	 0.015789 
0.122530 	0.285368 	0.202999 	0.134080 	 0.016739 
0.120528 	0.281190 	0.200846 	0.128748 	 0.017059 
0.117107 	0.274655 	0.195910 	0.126916 	 0.016269 
0.125831 	0.274944 	0.196543 	0.124949 	 0.016184 
0.114103 	0.280449 	0.199999 	0.131551 	 0.017496 
0.128444 	0.269225 	0.193059 	0.121306 	 0.016393 
0.106870 	0.279105 	0.199545 	0.127343 	 0.017423 
0.121588 	0.277372 	0.198226 	0.127791 	 0.017009 
0.116798 	0.270586 	0.194284 	0.121368 	 0.016784 
0.114364 	0.272962 	0.195011 	0.125872 	 0.016203 
0.114483 	0.263150 	0.189170 	0.115239 	 0.016001 
0.119867 	0.271547 	0.194013 	0.127009 	 0.016282 
0.131611 	0.257886 	0.185889 	0.114365 	 0.015893 
0.110734 	0.264353 	0.189199 	0.119524 	 0.015887 
0.120350 	0.272034 	0.194701 	0.120665 	 0.015820 
0.127205 	0.255501 	0.183785 	0.115087 	 0.015249 
0.115438 	0.272663 	0.195591 	0.123781 	 0.017052 
0.130914 	0.261531 	0.188291 	0.114955 	 0.015324 
0.114935 	0.279469 	0.200209 	0.127501 	 0.017112 
0.122581 	0.266380 	0.191354 	0.120325 	 0.016219 
0.120555 	0.266968 	0.191792 	0.119016 	 0.015826 
0.109604 	0.276914 	0.198691 	0.123346 	 0.016908 
0.114936 	0.270592 	0.194152 	0.123334 	 0.016567 
0.131043 	0.257375 	0.185990 	0.112029 	 0.015873 
0.119848 	0.267294 	0.191996 	0.119613 	 0.015640 
0.127581 	0.269154 	0.193832 	0.120285 	 0.016175 
0.123683 	0.255993 	0.185665 	0.107254 	 0.015893 
0.132557 	0.261546 	0.188643 	0.114118 	 0.015274 
0.113839 	0.280618 	0.201032 	0.130124 	 0.016950 
0.111288 	0.287934 	0.206257 	0.132856 	 0.017461 
0.117423 	0.275273 	0.197802 	0.125717 	 0.016933 
0.131861 	0.270238 	0.194936 	0.121048 	 0.016124 
0.117112 	0.276947 	0.198736 	0.127031 	 0.016852 
0.113799 	0.276319 	0.198737 	0.124794 	 0.017298 
0.107303 	0.278864 	0.200637 	0.125757 	 0.018099 
0.109987 	0.284411 	0.203801 	0.130694 	 0.017893 
0.111053 	0.275779 	0.198651 	0.119852 	 0.016721 
0.118195 	0.268620 	0.194829 	0.114384 	 0.016610 
0.442651 	-0.003205 	-0.000481 	-0.005114 	 -0.000048 
0.444906 	0.001902 	0.002622 	0.000461 	 0.000952 
0.451257 	0.010905 	0.008016 	0.013050 	 0.001149 
0.449681 	0.009501 	0.007218 	0.012567 	 0.001661 
0.443203 	0.027464 	0.018487 	0.027324 	 0.002040 
0.446582 	0.023209 	0.016215 	0.021604 	 0.001942 
0.426957 	0.035550 	0.023912 	0.031574 	 0.002993 
0.438105 	0.024270 	0.016550 	0.026007 	 0.002409 
0.434614 	0.035131 	0.023899 	0.030068 	 0.003018 
0.430023 	0.025401 	0.016896 	0.028507 	 0.002956 
0.421659 	0.032577 	0.022270 	0.028701 	 0.003900 
0.424273 	0.034667 	0.022967 	0.035006 	 0.003484 
0.438563 	0.029796 	0.020375 	0.026385 	 0.002023 
0.450255 	0.013045 	0.009094 	0.018009 	 0.002386 
0.432378 	0.037059 	0.025139 	0.031179 	 0.003037 
0.416230 	0.047504 	0.031185 	0.043208 	 0.004113 
0.408233 	0.049051 	0.032757 	0.041487 	 0.004375 
0.421434 	0.034130 	0.023053 	0.030483 	 0.003433 
0.403491 	0.049632 	0.032649 	0.043836 	 0.004667 
0.410756 	0.045461 	0.030549 	0.039031 	 0.005020 
0.399008 	0.054948 	0.035817 	0.047862 	 0.005062 
0.396674 	0.054529 	0.035783 	0.049127 	 0.005482 
0.408734 	0.051303 	0.034100 	0.042843 	 0.005277 
0.395464 	0.053497 	0.034955 	0.046175 	 0.005460 
0.389505 	0.054492 	0.035732 	0.048231 	 0.005738 
0.393499 	0.060072 	0.039834 	0.048870 	 0.005790 
0.397670 	0.054177 	0.035768 	0.046591 	 0.005439 
0.388057 	0.050343 	0.033291 	0.044752 	 0.005825 
0.400441 	0.049532 	0.033211 	0.041027 	 0.005171 
0.380609 	0.068231 	0.044746 	0.057512 	 0.007346 
0.394129 	0.056136 	0.037008 	0.049554 	 0.005981 
0.385874 	0.061583 	0.040107 	0.054404 	 0.005956 
0.384176 	0.060201 	0.039905 	0.049459 	 0.007004 
0.399036 	0.050814 	0.033784 	0.042816 	 0.005265 
0.378447 	0.066287 	0.043736 	0.054812 	 0.007228 
0.381766 	0.062901 	0.041680 	0.050636 	 0.006044 
0.384803 	0.057858 	0.038234 	0.049514 	 0.006523 
0.386325 	0.055358 	0.036312 	0.050266 	 0.006395 
0.388805 	0.051759 	0.034085 	0.047385 	 0.006031 
0.373476 	0.061747 	0.040653 	0.052103 	 0.007019 
0.364976 	0.076585 	0.050460 	0.061800 	 0.007788 
0.365818 	0.071639 	0.046699 	0.060512 	 0.006967 
0.377638 	0.063274 	0.041504 	0.052318 	 0.006059 
0.372351 	0.072744 	0.048092 	0.058227 	 0.006936 
0.371283 	0.058679 	0.038694 	0.049773 	 0.006688 
0.375475 	0.065048 	0.043315 	0.054504 	 0.007376 
0.363133 	0.072049 	0.047016 	0.060698 	 0.006963 
0.376655 	0.061393 	0.040821 	0.052593 	 0.006989 
0.369478 	0.064408 	0.042597 	0.053792 	 0.007182 
0.359130 	0.070510 	0.046201 	0.059826 	 0.007787 
0.372973 	0.069285 	0.045738 	0.057439 	 0.006758 
0.371830 	0.058987 	0.039087 	0.047198 	 0.006276 
0.375926 	0.064807 	0.042757 	0.054506 	 0.006743 
0.377554 	0.062354 	0.041043 	0.053031 	 0.006368 
0.358416 	0.078989 	0.052108 	0.065068 	 0.008812 
0.362265 	0.072992 	0.047980 	0.061741 	 0.008093 
0.361479 	0.067459 	0.044495 	0.058640 	 0.007320 
0.347907 	0.083888 	0.054940 	0.068602 	 0.007992 
0.355176 	0.076443 	0.050041 	0.064351 	 0.008071 
0.353541 	0.077092 	0.051446 	0.060483 	 0.008421 
0.358515 	0.067896 	0.045043 	0.056552 	 0.007848 
0.360976 	0.063006 	0.042084 	0.050480 	 0.007586 
0.350373 	0.069417 	0.046094 	0.055985 	 0.008024 
0.342936 	0.077136 	0.050973 	0.062505 	 0.008867 
0.365588 	0.063348 	0.041942 	0.053414 	 0.006887 
0.350774 	0.074224 	0.048855 	0.061052 	 0.007874 
0.346576 	0.078204 	0.051680 	0.063133 	 0.008246 
0.359923 	0.071672 	0.047719 	0.059365 	 0.008682 
0.341750 	0.080412 	0.052677 	0.066860 	 0.008824 
0.336252 	0.084326 	0.055163 	0.069812 	 0.009441 
0.335705 	0.078743 	0.051648 	0.064186 	 0.008488 
0.338038 	0.085990 	0.056770 	0.067796 	 0.009053 
0.337502 	0.079572 	0.052645 	0.064209 	 0.008933 
0.342745 	0.082481 	0.054453 	0.068711 	 0.009398 
0.331932 	0.080012 	0.052671 	0.064957 	 0.009018 
0.345361 	0.067522 	0.044759 	0.056722 	 0.007834 
0.336494 	0.089820 	0.059486 	0.070333 	 0.009391 
0.333662 	0.089851 	0.059376 	0.069415 	 0.008441 
0.335380 	0.089590 	0.059166 	0.071448 	 0.009407 
0.347903 	0.074797 	0.049879 	0.060090 	 0.008217 
0.325460 	0.091874 	0.060371 	0.072926 	 0.009150 
0.330045 	0.086014 	0.057073 	0.066808 	 0.009108 
0.326351 	0.087933 	0.057583 	0.071839 	 0.009424 
0.338116 	0.084424 	0.056099 	0.064317 	 0.008280 
0.322636 	0.098351 	0.064827 	0.077661 	 0.009936 
0.322263 	0.092895 	0.061473 	0.071768 	 0.009657 
0.332868 	0.084997 	0.056473 	0.065272 	 0.008906 
0.333872 	0.075807 	0.050127 	0.060219 	 0.008435 
0.319273 	0.091690 	0.060782 	0.068616 	 0.009273 
0.323725 	0.092831 	0.061618 	0.070356 	 0.009575 
0.334076 	0.086222 	0.057076 	0.069771 	 0.009362 
0.317501 	0.096468 	0.063788 	0.072919 	 0.009516 
0.317980 	0.093771 	0.061964 	0.071578 	 0.009743 
0.323317 	0.087436 	0.058084 	0.067747 	 0.009351 
0.325695 	0.085835 	0.056912 	0.067162 	 0.009151 
0.315160 	0.099621 	0.066090 	0.074584 	 0.009893 
0.330950 	0.084108 	0.056234 	0.065295 	 0.009525 
0.313701 	0.090214 	0.059692 	0.070835 	 0.010143 
0.327642 	0.085990 	0.057267 	0.065155 	 0.008919 
0.325978 	0.092695 	0.061749 	0.070150 	 0.009108 
0.315084 	0.095450 	0.063303 	0.073627 	 0.009658 
0.320699 	0.091808 	0.060844 	0.070592 	 0.009173 
0.320066 	0.089501 	0.059731 	0.066969 	 0.009227 
0.317935 	0.084869 	0.056574 	0.064898 	 0.009519 
0.327408 	0.081578 	0.054516 	0.063379 	 0.008917 
0.304405 	0.099481 	0.065895 	0.076521 	 0.010290 
0.308932 	0.103389 	0.069064 	0.075925 	 0.010654 
0.303914 	0.104452 	0.069201 	0.078957 	 0.010434 
0.314039 	0.097353 	0.064320 	0.075799 	 0.009980 
0.309325 	0.092766 	0.061038 	0.071979 	 0.009321 
0.320881 	0.088350 	0.058733 	0.067123 	 0.008937 
0.290975 	0.108097 	0.071683 	0.080769 	 0.010973 
0.307775 	0.097097 	0.065063 	0.070278 	 0.010178 
0.308437 	0.101235 	0.067303 	0.074296 	 0.009945 
0.295945 	0.111467 	0.073869 	0.083201 	 0.011360 
0.313691 	0.100080 	0.066790 	0.075643 	 0.009907 
0.310980 	0.098266 	0.065646 	0.073405 	 0.010528 
0.316720 	0.096301 	0.064421 	0.070890 	 0.009906 
0.312395 	0.092883 	0.062528 	0.067462 	 0.010305 
0.310818 	0.097816 	0.065112 	0.074603 	 0.010677 
0.303285 	0.097895 	0.065333 	0.073329 	 0.010615 
0.302244 	0.098775 	0.065667 	0.073831 	 0.010306 
0.289113 	0.114117 	0.075499 	0.086576 	 0.011779 
0.308769 	0.103246 	0.068657 	0.077191 	 0.010294 
0.305486 	0.105486 	0.070476 	0.077119 	 0.010508 
0.284045 	0.114424 	0.075801 	0.084046 	 0.011652 
0.292634 	0.113539 	0.075321 	0.086752 	 0.011938 
0.293700 	0.106753 	0.070791 	0.080353 	 0.011052 
0.291244 	0.104722 	0.069990 	0.076530 	 0.010614 
0.289322 	0.117201 	0.078129 	0.084307 	 0.011377 
0.299321 	0.100176 	0.066618 	0.076466 	 0.010267 
0.288329 	0.112267 	0.074937 	0.080903 	 0.011267 
0.283414 	0.112053 	0.074643 	0.082318 	 0.011554 
0.298451 	0.100193 	0.067091 	0.074387 	 0.010764 
0.287579 	0.117123 	0.077952 	0.085985 	 0.012278 
0.283957 	0.113244 	0.075271 	0.082616 	 0.011408 
0.283606 	0.112907 	0.075072 	0.084830 	 0.012177 
0.289139 	0.104789 	0.070146 	0.078016 	 0.011633 
0.293774 	0.104531 	0.069904 	0.075283 	 0.010373 
0.282217 	0.110037 	0.073379 	0.078971 	 0.011052 
0.293967 	0.106342 	0.071160 	0.077146 	 0.011084 
0.300042 	0.102014 	0.068616 	0.073619 	 0.010462 
0.271859 	0.119826 	0.079866 	0.087404 	 0.012616 
0.279907 	0.106630 	0.071236 	0.077500 	 0.011313 
0.263425 	0.127824 	0.085273 	0.090840 	 0.013290 
0.274901 	0.118995 	0.079550 	0.083886 	 0.012557 
0.268979 	0.121695 	0.081123 	0.085869 	 0.011752 
0.289854 	0.113845 	0.076342 	0.081066 	 0.011662 
0.291315 	0.106417 	0.071500 	0.074298 	 0.010539 
0.281945 	0.108514 	0.072792 	0.078441 	 0.011926 
0.281681 	0.108119 	0.072278 	0.077944 	 0.011676 
0.279859 	0.112998 	0.075596 	0.081004 	 0.011909 
0.276439 	0.124184 	0.083056 	0.089524 	 0.012751 
0.286356 	0.118071 	0.079338 	0.081653 	 0.011808 
0.271991 	0.115505 	0.077250 	0.082421 	 0.012412 
0.279329 	0.115537 	0.076936 	0.085739 	 0.011666 
0.277618 	0.111792 	0.074662 	0.081062 	 0.011441 
0.278073 	0.112487 	0.075266 	0.080917 	 0.011718 
0.280709 	0.115036 	0.077544 	0.079747 	 0.012217 
0.270702 	0.120656 	0.080639 	0.087894 	 0.012151 
0.282724 	0.114431 	0.077303 	0.078203 	 0.011618 
0.282223 	0.107497 	0.072373 	0.075797 	 0.011139 
0.276562 	0.111483 	0.074723 	0.080199 	 0.011707 
0.278470 	0.112485 	0.075456 	0.081717 	 0.012218 
0.284394 	0.101987 	0.068732 	0.071221 	 0.010836 
0.280962 	0.102788 	0.068791 	0.076571 	 0.011338 
0.264728 	0.120060 	0.080479 	0.084689 	 0.012327 
0.276575 	0.114151 	0.076818 	0.078567 	 0.011965 
0.285263 	0.104851 	0.070828 	0.071580 	 0.010572 
0.276650 	0.114683 	0.077334 	0.077090 	 0.011144 
0.282612 	0.108817 	0.073501 	0.074949 	 0.011287 
0.285852 	0.105045 	0.070695 	0.074681 	 0.011198 
0.278290 	0.113767 	0.076737 	0.078893 	 0.011534 
0.275967 	0.112695 	0.075990 	0.078521 	 0.011807 
0.273570 	0.107618 	0.073000 	0.073448 	 0.011891 
0.265383 	0.116688 	0.078593 	0.079883 	 0.012004 
0.265680 	0.123544 	0.082917 	0.084656 	 0.011967 
0.262765 	0.130454 	0.087408 	0.089813 	 0.012427 
0.279925 	0.111979 	0.075566 	0.077321 	 0.011295 
0.260784 	0.131709 	0.088310 	0.091666 	 0.013008 
0.270397 	0.107728 	0.072906 	0.072799 	 0.011308 
0.266880 	0.124582 	0.083780 	0.086903 	 0.012516 
0.272053 	0.120866 	0.081140 	0.084232 	 0.011610 
0.265815 	0.120662 	0.081142 	0.081779 	 0.011543 
0.268184 	0.114983 	0.077757 	0.077382 	 0.011513 
0.270303 	0.121610 	0.082381 	0.080435 	 0.011853 
0.268025 	0.120505 	0.081549 	0.081083 	 0.012075 
0.269326 	0.116773 	0.079212 	0.077160 	 0.011909 
0.254796 	0.134451 	0.090382 	0.091707 	 0.012890 
0.274248 	0.110774 	0.074639 	0.077589 	 0.011061 
0.250639 	0.134853 	0.090759 	0.090368 	 0.012786 
0.261799 	0.124876 	0.084070 	0.085395 	 0.011989 
0.259458 	0.127874 	0.086359 	0.085445 	 0.012038 
0.252854 	0.131351 	0.088734 	0.090354 	 0.013377 
0.263432 	0.125920 	0.085080 	0.085226 	 0.012149 
0.257954 	0.120818 	0.081464 	0.083381 	 0.012589 
0.255294 	0.119748 	0.081193 	0.080551 	 0.012552 
0.259726 	0.116455 	0.079082 	0.077897 	 0.012051 
0.249971 	0.127546 	0.086123 	0.085435 	 0.012659 
0.256137 	0.124163 	0.084013 	0.082137 	 0.011883 
0.255423 	0.125260 	0.084527 	0.088027 	 0.013138 
0.257498 	0.124948 	0.084757 	0.082008 	 0.011917 
0.250902 	0.127614 	0.086445 	0.085124 	 0.012937 
0.243191 	0.136377 	0.091639 	0.094865 	 0.013308 
0.250474 	0.131454 	0.089425 	0.082930 	 0.012429 
0.249121 	0.130657 	0.088310 	0.085785 	 0.012380 
0.241930 	0.133325 	0.090321 	0.087704 	 0.013630 
0.242384 	0.133084 	0.089749 	0.089282 	 0.012814 
0.225894 	0.145131 	0.097579 	0.097108 	 0.013791 
0.242586 	0.131230 	0.089004 	0.084871 	 0.012537 
0.237423 	0.138371 	0.093771 	0.090898 	 0.013766 
0.240260 	0.139996 	0.094874 	0.091752 	 0.013075 
0.242487 	0.130926 	0.088655 	0.088028 	 0.013139 
0.232990 	0.143341 	0.096855 	0.097230 	 0.014322 
0.240995 	0.129446 	0.087859 	0.084935 	 0.013139 
0.243693 	0.129883 	0.088219 	0.084866 	 0.013342 
0.232086 	0.136763 	0.092657 	0.089489 	 0.013327 
0.228565 	0.134157 	0.090717 	0.087128 	 0.013125 
0.241862 	0.127275 	0.086912 	0.080610 	 0.012724 
0.243334 	0.136133 	0.092515 	0.086891 	 0.012805 
0.236456 	0.132382 	0.090493 	0.084015 	 0.013320 
0.227666 	0.134460 	0.091104 	0.088407 	 0.013488 
0.233688 	0.139627 	0.094505 	0.090715 	 0.012930 
0.239195 	0.133660 	0.091243 	0.084665 	 0.013021 
0.221667 	0.145433 	0.098450 	0.094872 	 0.014204 
0.234534 	0.126980 	0.086633 	0.081080 	 0.012911 
0.214143 	0.146977 	0.099821 	0.092558 	 0.014293 
0.215176 	0.144781 	0.098082 	0.093008 	 0.013795 
0.217663 	0.148295 	0.100610 	0.094949 	 0.013891 
0.223192 	0.142138 	0.096606 	0.090426 	 0.013593 
0.218723 	0.143846 	0.097727 	0.091491 	 0.013458 
0.217041 	0.150621 	0.102258 	0.097356 	 0.014361 
0.216864 	0.152950 	0.103722 	0.100412 	 0.014955 
0.214640 	0.155678 	0.105366 	0.102155 	 0.014641 
0.209200 	0.152897 	0.103430 	0.099317 	 0.014732 
0.209249 	0.146284 	0.099518 	0.092711 	 0.014781 
0.216283 	0.142204 	0.096053 	0.095383 	 0.013830 
0.207039 	0.149621 	0.101716 	0.095547 	 0.014537 
0.207905 	0.149459 	0.101640 	0.095730 	 0.014767 
0.214326 	0.147664 	0.100571 	0.093562 	 0.014435 
0.211066 	0.149834 	0.102090 	0.093793 	 0.014105 
0.212949 	0.146884 	0.100436 	0.091420 	 0.014400 
0.190737 	0.158349 	0.107661 	0.098859 	 0.015628 
0.193270 	0.154196 	0.104783 	0.096445 	 0.015192 
0.198282 	0.162954 	0.110239 	0.105527 	 0.015863 
0.213551 	0.140817 	0.096390 	0.087472 	 0.013866 
0.214111 	0.148020 	0.101002 	0.091013 	 0.013606 
0.188016 	0.166351 	0.112215 	0.108062 	 0.015185 
0.190740 	0.161104 	0.109744 	0.100786 	 0.015751 
0.195941 	0.159326 	0.108320 	0.098850 	 0.014177 
0.190480 	0.162283 	0.109872 	0.102436 	 0.015140 
0.214674 	0.147020 	0.100639 	0.092842 	 0.014629 
0.197142 	0.155096 	0.105859 	0.095031 	 0.014783 
0.201807 	0.146144 	0.100113 	0.089432 	 0.013961 
0.199854 	0.156429 	0.106877 	0.096008 	 0.015050 
0.191951 	0.160249 	0.108799 	0.100057 	 0.014517 
0.187413 	0.166738 	0.113709 	0.102707 	 0.015240 
0.190052 	0.151249 	0.103246 	0.094463 	 0.015038 
0.194257 	0.162192 	0.110880 	0.098624 	 0.015007 
0.206309 	0.151875 	0.104230 	0.090667 	 0.013983 
0.181845 	0.177105 	0.119958 	0.110640 	 0.016152 
0.180958 	0.166699 	0.113777 	0.101028 	 0.015915 
0.182258 	0.165314 	0.112234 	0.105668 	 0.015817 
0.180995 	0.169981 	0.116273 	0.103205 	 0.016198 
0.183638 	0.166818 	0.113376 	0.104826 	 0.015534 
0.182987 	0.159312 	0.108686 	0.098814 	 0.015500 
0.184769 	0.166692 	0.113485 	0.102619 	 0.015510 
0.184958 	0.162764 	0.110687 	0.101111 	 0.014885 
0.177645 	0.168799 	0.114927 	0.104245 	 0.016419 
0.179798 	0.164988 	0.112506 	0.098614 	 0.014959 
0.183086 	0.162371 	0.110635 	0.097271 	 0.014865 
0.187679 	0.167527 	0.114232 	0.102886 	 0.015386 
0.187963 	0.155285 	0.106247 	0.093187 	 0.015180 
0.192987 	0.152335 	0.104376 	0.092092 	 0.014180 
0.169048 	0.168944 	0.115122 	0.103802 	 0.015926 
0.184917 	0.156825 	0.107660 	0.094341 	 0.015323 
0.173236 	0.172024 	0.116913 	0.107947 	 0.016096 
0.176441 	0.175641 	0.119699 	0.108239 	 0.016398 
0.184055 	0.160373 	0.109666 	0.096644 	 0.015072 
0.190305 	0.166653 	0.114143 	0.098844 	 0.015038 
0.178413 	0.169952 	0.116315 	0.103310 	 0.016003 
0.180363 	0.166963 	0.113783 	0.102096 	 0.014748 
0.181868 	0.169889 	0.116064 	0.103484 	 0.015614 
0.170955 	0.174783 	0.119504 	0.104055 	 0.016071 
0.170724 	0.183714 	0.124944 	0.113472 	 0.016435 
0.182563 	0.159127 	0.109233 	0.095017 	 0.015130 
0.189649 	0.158368 	0.108892 	0.092687 	 0.014169 
0.170271 	0.174250 	0.119201 	0.104977 	 0.016544 
0.181414 	0.163143 	0.111814 	0.099155 	 0.015217 
0.179484 	0.169935 	0.116732 	0.101465 	 0.016227 
0.173277 	0.167529 	0.114661 	0.100008 	 0.015879 
0.181648 	0.150224 	0.103235 	0.090768 	 0.014624 
0.155226 	0.185233 	0.126084 	0.114386 	 0.017861 
0.185329 	0.162071 	0.111617 	0.097468 	 0.015155 
0.172172 	0.166890 	0.114604 	0.098521 	 0.016007 
0.160540 	0.187285 	0.127567 	0.115340 	 0.016840 
0.177201 	0.162922 	0.112240 	0.093727 	 0.015096 
0.166101 	0.180984 	0.123779 	0.110247 	 0.016512 
0.181075 	0.169358 	0.115913 	0.102407 	 0.015606 
0.172887 	0.175715 	0.120620 	0.103763 	 0.015852 
0.185320 	0.159944 	0.110335 	0.092683 	 0.014726 
0.177873 	0.166688 	0.114736 	0.099753 	 0.016047 
0.170402 	0.177519 	0.122009 	0.104169 	 0.016164 
0.186905 	0.166621 	0.114675 	0.099548 	 0.015050 
0.170625 	0.177215 	0.121353 	0.105307 	 0.015679 
0.195834 	0.151649 	0.105295 	0.088044 	 0.014213 
0.182986 	0.168756 	0.116375 	0.098863 	 0.015337 
0.182580 	0.167514 	0.115702 	0.096816 	 0.015345 
0.166360 	0.181868 	0.124737 	0.109193 	 0.016389 
0.182901 	0.168109 	0.116058 	0.098061 	 0.015219 
0.170240 	0.164416 	0.113408 	0.095847 	 0.015219 
0.178588 	0.165931 	0.114192 	0.099301 	 0.015594 
0.168180 	0.176764 	0.121283 	0.104300 	 0.015729 
0.182822 	0.160113 	0.110905 	0.092197 	 0.014615 
0.164408 	0.185739 	0.127702 	0.107203 	 0.016209 
0.172485 	0.171173 	0.118245 	0.098618 	 0.015924 
0.164501 	0.177116 	0.121747 	0.104395 	 0.016438 
0.167471 	0.168985 	0.116326 	0.098479 	 0.015064 
0.165167 	0.172443 	0.118348 	0.099939 	 0.015243 
0.174783 	0.172767 	0.119641 	0.098229 	 0.015729 
0.174426 	0.168643 	0.116102 	0.100375 	 0.015126 
0.184096 	0.158328 	0.109704 	0.092108 	 0.014829 
0.169362 	0.163522 	0.113160 	0.094193 	 0.015080 
0.173275 	0.162191 	0.111996 	0.093430 	 0.014751 
0.176131 	0.172950 	0.119838 	0.097499 	 0.015369 
0.178819 	0.168926 	0.117240 	0.094580 	 0.015428 
0.172322 	0.161601 	0.112354 	0.091766 	 0.015422 
0.162750 	0.181899 	0.125527 	0.103902 	 0.015587 
0.163203 	0.177425 	0.122463 	0.102647 	 0.016451 
0.169822 	0.175028 	0.121029 	0.101303 	 0.015903 
0.178766 	0.167747 	0.116519 	0.096057 	 0.015581 
0.175170 	0.169840 	0.117895 	0.096344 	 0.015530 
0.157213 	0.178667 	0.123412 	0.102932 	 0.016490 
0.162474 	0.181075 	0.124910 	0.104419 	 0.016115 
0.169097 	0.172760 	0.120278 	0.095600 	 0.015828 
0.190370 	0.163407 	0.113863 	0.092375 	 0.014841 
0.171678 	0.167185 	0.116119 	0.095108 	 0.015074 
0.170664 	0.176195 	0.122298 	0.099819 	 0.016131 
0.169435 	0.171985 	0.119648 	0.096175 	 0.015771 
0.165368 	0.173964 	0.120528 	0.098905 	 0.015792 
0.174849 	0.175732 	0.122025 	0.100542 	 0.015591 
0.171162 	0.168105 	0.117198 	0.092669 	 0.015123 
0.160039 	0.178599 	0.123747 	0.101815 	 0.016010 
0.180245 	0.168251 	0.117172 	0.094480 	 0.014870 
0.174795 	0.170699 	0.118781 	0.095690 	 0.015046 
0.169982 	0.168166 	0.116990 	0.095522 	 0.015648 
0.167862 	0.166136 	0.115796 	0.094506 	 0.015632 
0.166332 	0.161197 	0.112616 	0.088217 	 0.015142 
0.163422 	0.168955 	0.117459 	0.092966 	 0.015191 
0.157147 	0.179345 	0.124810 	0.098426 	 0.015912 
0.175673 	0.163141 	0.114182 	0.089614 	 0.015437 
0.157222 	0.181828 	0.125974 	0.103856 	 0.016328 
0.159501 	0.180707 	0.125580 	0.101197 	 0.016293 
0.155377 	0.174720 	0.121686 	0.096752 	 0.015906 
0.153388 	0.179025 	0.124283 	0.102908 	 0.016609 
0.152975 	0.182730 	0.126827 	0.103368 	 0.016547 
0.152765 	0.181091 	0.125516 	0.105133 	 0.016509 
0.151042 	0.180022 	0.125530 	0.100612 	 0.016800 
0.140214 	0.178552 	0.124295 	0.098970 	 0.016919 
0.149752 	0.188912 	0.131019 	0.107111 	 0.017264 
0.145772 	0.182833 	0.127488 	0.098581 	 0.016333 
0.151755 	0.185127 	0.128607 	0.104587 	 0.016506 
0.147831 	0.183652 	0.127694 	0.105262 	 0.016567 
0.154318 	0.184258 	0.128272 	0.101761 	 0.016451 
0.146360 	0.185559 	0.129039 	0.104304 	 0.016782 
0.142821 	0.193178 	0.133921 	0.107736 	 0.016678 
0.138660 	0.191390 	0.132904 	0.107939 	 0.017193 
0.148184 	0.190430 	0.132507 	0.105212 	 0.017038 
0.174750 	0.172770 	0.121267 	0.091807 	 0.015122 
0.146627 	0.190154 	0.132116 	0.106385 	 0.016812 
0.151342 	0.186158 	0.129921 	0.103062 	 0.016870 
0.149092 	0.182954 	0.127557 	0.101190 	 0.016418 
0.144066 	0.189213 	0.132009 	0.104747 	 0.017325 
0.158783 	0.172030 	0.120750 	0.091680 	 0.015522 
0.141388 	0.187803 	0.131207 	0.101940 	 0.017299 
0.139783 	0.188436 	0.131478 	0.102258 	 0.017067 
0.139094 	0.192237 	0.134021 	0.104405 	 0.017188 
0.144140 	0.185484 	0.129287 	0.102937 	 0.016579 
0.154091 	0.177681 	0.124560 	0.097282 	 0.016203 
0.139475 	0.194027 	0.134999 	0.108875 	 0.017616 
0.145044 	0.179661 	0.125896 	0.098172 	 0.016928 
0.135978 	0.197926 	0.138266 	0.108297 	 0.017809 
0.145781 	0.182781 	0.127766 	0.100187 	 0.016646 
0.142497 	0.181808 	0.126610 	0.102395 	 0.016530 
0.130303 	0.187668 	0.130979 	0.101459 	 0.017231 
0.139456 	0.181110 	0.127014 	0.097766 	 0.017225 
0.138717 	0.185398 	0.129566 	0.099669 	 0.016880 
0.143980 	0.179947 	0.125749 	0.096914 	 0.015678 
0.146151 	0.177311 	0.124858 	0.093623 	 0.016323 
0.132774 	0.185665 	0.130205 	0.098557 	 0.016762 
0.139167 	0.175762 	0.123578 	0.095393 	 0.016876 
0.123180 	0.200350 	0.139710 	0.109295 	 0.018102 
0.142013 	0.184633 	0.129524 	0.099857 	 0.016648 
0.136260 	0.188899 	0.132497 	0.100824 	 0.017450 
0.134889 	0.195109 	0.136232 	0.106927 	 0.016867 
0.131963 	0.188964 	0.132581 	0.101274 	 0.017195 
0.129009 	0.197731 	0.138204 	0.105738 	 0.017397 
0.135398 	0.187590 	0.131643 	0.099774 	 0.016688 
0.143047 	0.179262 	0.126675 	0.091389 	 0.016428 
0.123017 	0.191710 	0.134142 	0.102740 	 0.017262 
0.131054 	0.189995 	0.133538 	0.099308 	 0.016947 
0.121542 	0.192173 	0.134755 	0.104709 	 0.017927 
0.139815 	0.177984 	0.125894 	0.091178 	 0.016567 
0.140377 	0.171541 	0.121727 	0.087304 	 0.015809 
0.133190 	0.191777 	0.134670 	0.103126 	 0.017668 
0.128657 	0.191740 	0.135070 	0.099201 	 0.017594 
0.129291 	0.190653 	0.134220 	0.101993 	 0.017568 
0.131325 	0.186480 	0.131249 	0.097482 	 0.016689 
0.127019 	0.192356 	0.135265 	0.102223 	 0.017420 
0.120130 	0.187900 	0.132226 	0.100611 	 0.017554 
0.123683 	0.195339 	0.137137 	0.103891 	 0.017769 
0.136811 	0.181489 	0.128345 	0.094143 	 0.016602 
0.125914 	0.198291 	0.139552 	0.103245 	 0.017623 
0.130204 	0.186732 	0.132093 	0.095450 	 0.017399 
0.134128 	0.188491 	0.132840 	0.099098 	 0.016778 
0.117947 	0.197295 	0.139277 	0.098328 	 0.017716 
0.120458 	0.194891 	0.137035 	0.103007 	 0.017808 
0.120582 	0.197731 	0.139331 	0.103143 	 0.018113 
0.129378 	0.176274 	0.125376 	0.087261 	 0.016534 
0.119197 	0.193754 	0.136787 	0.100307 	 0.017755 
0.120055 	0.192700 	0.135820 	0.101105 	 0.017389 
0.115856 	0.191105 	0.135152 	0.096787 	 0.017856 
0.111819 	0.201526 	0.141579 	0.107106 	 0.018706 
0.118105 	0.189973 	0.134155 	0.097363 	 0.017268 
0.126221 	0.186370 	0.132014 	0.095857 	 0.017490 
0.111998 	0.195164 	0.137753 	0.099696 	 0.017495 
0.110418 	0.192847 	0.136082 	0.099926 	 0.017978 
0.118935 	0.190183 	0.134286 	0.097854 	 0.017280 
0.111935 	0.204247 	0.143817 	0.105739 	 0.018431 
0.116891 	0.192100 	0.135706 	0.097919 	 0.017084 
0.109949 	0.196003 	0.138006 	0.101961 	 0.017867 
0.122287 	0.193500 	0.136762 	0.098613 	 0.017183 
0.119120 	0.191070 	0.134848 	0.097125 	 0.017067 
0.114944 	0.189810 	0.134233 	0.094872 	 0.017009 
0.121015 	0.190324 	0.134723 	0.098317 	 0.017494 
0.118275 	0.196407 	0.138206 	0.105426 	 0.017639 
0.123064 	0.183047 	0.130414 	0.091223 	 0.016900 
0.115441 	0.198478 	0.139896 	0.101438 	 0.017517 
0.125176 	0.180467 	0.128227 	0.092989 	 0.017490 
0.122410 	0.201361 	0.142384 	0.103989 	 0.017261 
0.105254 	0.209476 	0.147341 	0.109865 	 0.018023 
0.097671 	0.206098 	0.144922 	0.108021 	 0.018767 
0.107519 	0.194519 	0.138035 	0.099375 	 0.018294 
0.128489 	0.184509 	0.131902 	0.088685 	 0.016451 
0.101764 	0.202217 	0.142764 	0.105620 	 0.018326 
0.110645 	0.195599 	0.139034 	0.099627 	 0.018442 
0.103382 	0.200621 	0.141807 	0.103487 	 0.018351 
0.100068 	0.206174 	0.145439 	0.108523 	 0.018853 
0.119687 	0.194841 	0.138638 	0.096361 	 0.017539 
0.097582 	0.197682 	0.139952 	0.101756 	 0.018476 
0.103442 	0.199755 	0.141563 	0.101147 	 0.018108 
0.101144 	0.201336 	0.142431 	0.103005 	 0.018095 
0.107110 	0.197437 	0.140410 	0.099115 	 0.018105 
0.104756 	0.195153 	0.138971 	0.097685 	 0.017866 
0.098238 	0.201623 	0.142900 	0.102161 	 0.018051 
0.105510 	0.207595 	0.147108 	0.106137 	 0.018938 
0.103422 	0.211849 	0.149483 	0.112276 	 0.019115 
0.100386 	0.210208 	0.148934 	0.104953 	 0.018795 
0.107380 	0.200426 	0.142319 	0.101118 	 0.017885 
0.093717 	0.210438 	0.148925 	0.107316 	 0.018860 
0.115263 	0.193153 	0.138071 	0.094329 	 0.017499 
0.079766 	0.212379 	0.149991 	0.112336 	 0.020403 
0.092903 	0.212721 	0.150450 	0.108680 	 0.019188 
0.094706 	0.201388 	0.143169 	0.100376 	 0.018354 
0.115520 	0.186875 	0.133866 	0.092253 	 0.017081 
0.101945 	0.199671 	0.141981 	0.099537 	 0.017827 
0.090632 	0.201204 	0.142648 	0.101728 	 0.018800 
0.093567 	0.199177 	0.141202 	0.103180 	 0.018818 
0.096313 	0.205758 	0.145532 	0.107407 	 0.018619 
0.099776 	0.199032 	0.141621 	0.099989 	 0.018151 
0.094176 	0.209531 	0.148825 	0.103668 	 0.018942 
0.090935 	0.208960 	0.148494 	0.105124 	 0.019145 
0.088614 	0.206102 	0.146413 	0.105537 	 0.019583 
0.102734 	0.197363 	0.141036 	0.099349 	 0.018825 
0.100573 	0.193420 	0.138439 	0.094131 	 0.018491 
0.097648 	0.191176 	0.136727 	0.094159 	 0.017796 
0.085617 	0.214076 	0.151810 	0.107570 	 0.019013 
0.091965 	0.204745 	0.145890 	0.103766 	 0.019233 
0.084257 	0.202248 	0.144217 	0.100398 	 0.019215 
0.101023 	0.191366 	0.137315 	0.092925 	 0.018078 
0.097180 	0.196928 	0.141295 	0.094178 	 0.018249 
0.091619 	0.203118 	0.144814 	0.101977 	 0.018683 
0.101976 	0.196864 	0.141347 	0.094928 	 0.018075 
0.089687 	0.201934 	0.144472 	0.098779 	 0.019131 
0.081884 	0.218173 	0.154555 	0.112707 	 0.019507 
0.093698 	0.201804 	0.143865 	0.102801 	 0.019240 
0.090149 	0.195174 	0.139679 	0.096350 	 0.018415 
0.094724 	0.198671 	0.142355 	0.096783 	 0.018396 
0.099485 	0.204875 	0.146088 	0.105287 	 0.019409 
0.097474 	0.203822 	0.145678 	0.099966 	 0.018417 
0.092226 	0.207295 	0.148088 	0.104107 	 0.019256 
0.099845 	0.204701 	0.146994 	0.099498 	 0.019250 
0.072846 	0.222040 	0.157563 	0.112828 	 0.020034 
0.089762 	0.198917 	0.142854 	0.094255 	 0.018240 
0.097209 	0.200400 	0.144246 	0.096324 	 0.018741 
0.090384 	0.202475 	0.145350 	0.097613 	 0.018699 
0.098763 	0.194793 	0.140388 	0.093924 	 0.018416 
0.083942 	0.201810 	0.145146 	0.096946 	 0.019522 
0.089766 	0.208619 	0.149240 	0.104110 	 0.019853 
0.098425 	0.191589 	0.138266 	0.090691 	 0.018285 
0.075458 	0.217560 	0.154912 	0.109669 	 0.019827 
0.093092 	0.201692 	0.145118 	0.097614 	 0.019029 
0.088694 	0.203011 	0.145698 	0.097298 	 0.018484 
0.091819 	0.188399 	0.136315 	0.088400 	 0.018365 
0.095224 	0.197338 	0.142282 	0.094620 	 0.018370 
0.076955 	0.208540 	0.149422 	0.103663 	 0.019436 
0.105861 	0.187433 	0.136172 	0.085811 	 0.017256 
0.089317 	0.196052 	0.141370 	0.092050 	 0.017791 
0.090121 	0.197275 	0.142560 	0.091388 	 0.018285 
0.088693 	0.194795 	0.140595 	0.091833 	 0.018096 
0.088998 	0.195990 	0.141497 	0.090378 	 0.018084 
0.078659 	0.205641 	0.147973 	0.097048 	 0.018663 
0.087075 	0.199152 	0.143820 	0.092803 	 0.018177 
0.076073 	0.219499 	0.157097 	0.106818 	 0.019529 
0.074000 	0.219776 	0.157246 	0.107263 	 0.019432 
0.090756 	0.200082 	0.144243 	0.095692 	 0.018396 
0.072373 	0.214754 	0.153984 	0.104623 	 0.019990 
0.095140 	0.197200 	0.143020 	0.091528 	 0.018039 
0.089516 	0.192380 	0.139601 	0.088131 	 0.018163 
0.083190 	0.207979 	0.149774 	0.100250 	 0.019426 
0.071911 	0.218132 	0.156476 	0.106368 	 0.020129 
0.076455 	0.213979 	0.153932 	0.102123 	 0.019518 
0.065684 	0.211642 	0.151482 	0.104365 	 0.019755 
0.084703 	0.197758 	0.142642 	0.095111 	 0.018517 
0.066563 	0.211356 	0.152476 	0.100586 	 0.020507 
0.074011 	0.214886 	0.154879 	0.101402 	 0.020315 
0.079275 	0.208146 	0.149788 	0.101779 	 0.019482 
0.067338 	0.219387 	0.157491 	0.106843 	 0.020607 
0.073411 	0.209345 	0.150981 	0.099540 	 0.019750 
0.082743 	0.206705 	0.149318 	0.098162 	 0.019788 
0.081451 	0.201945 	0.146195 	0.093730 	 0.019012 
0.080565 	0.206469 	0.149325 	0.098123 	 0.019220 
0.078840 	0.204479 	0.147923 	0.096730 	 0.019454 
0.072675 	0.208225 	0.150194 	0.099816 	 0.019683 
0.088776 	0.196956 	0.143124 	0.091484 	 0.018877 
0.073179 	0.210097 	0.151900 	0.099964 	 0.019816 
0.065166 	0.217666 	0.157252 	0.101534 	 0.020741 
0.057750 	0.227381 	0.163031 	0.111389 	 0.020752 
0.073398 	0.212008 	0.153136 	0.100354 	 0.019729 
0.066996 	0.222454 	0.160456 	0.105462 	 0.020743 
0.068334 	0.216294 	0.156315 	0.101433 	 0.020306 
0.081763 	0.196661 	0.143410 	0.090431 	 0.019131 
0.069938 	0.211935 	0.153094 	0.100977 	 0.020178 
0.065372 	0.212551 	0.153708 	0.098649 	 0.019430 
0.079952 	0.202584 	0.147383 	0.092656 	 0.019148 
0.052913 	0.219110 	0.157624 	0.106976 	 0.020883 
0.057036 	0.218014 	0.157275 	0.102823 	 0.020749 
0.068753 	0.211602 	0.153617 	0.098423 	 0.020692 
0.078969 	0.213304 	0.154752 	0.098992 	 0.019978 
0.078444 	0.207892 	0.151150 	0.095307 	 0.019579 
0.068286 	0.207183 	0.150456 	0.094837 	 0.019444 
0.062766 	0.219526 	0.158716 	0.104900 	 0.020666 
0.071257 	0.210407 	0.152458 	0.100377 	 0.020282 
0.079256 	0.201596 	0.147264 	0.089073 	 0.018831 
0.074069 	0.204335 	0.148556 	0.094712 	 0.019148 
0.066384 	0.212801 	0.154611 	0.097658 	 0.020308 
0.069408 	0.212524 	0.154070 	0.099426 	 0.020053 
0.060020 	0.222027 	0.160424 	0.104948 	 0.020858 
0.053259 	0.227262 	0.163801 	0.110186 	 0.021584 
0.076369 	0.210767 	0.153569 	0.095321 	 0.019752 
0.071138 	0.209606 	0.152936 	0.095101 	 0.020346 
0.065390 	0.221956 	0.160652 	0.105665 	 0.020693 
0.051867 	0.222309 	0.160795 	0.106121 	 0.021231 
0.066088 	0.214241 	0.155562 	0.101027 	 0.020119 
0.072380 	0.207919 	0.151571 	0.096554 	 0.019731 
0.072380 	0.213080 	0.155328 	0.095459 	 0.019750 
0.068335 	0.213792 	0.155835 	0.097470 	 0.020331 
0.073420 	0.222850 	0.161849 	0.103123 	 0.020160 
0.055752 	0.232376 	0.167650 	0.112355 	 0.021453 
0.077778 	0.207412 	0.151788 	0.094520 	 0.019874 
0.064336 	0.216904 	0.157719 	0.102202 	 0.020611 
0.069950 	0.199376 	0.146267 	0.089741 	 0.019787 
0.048668 	0.225696 	0.163339 	0.107442 	 0.021591 
0.060712 	0.213382 	0.155443 	0.095302 	 0.019618 
0.069164 	0.206407 	0.151063 	0.093204 	 0.020282 
0.082723 	0.199028 	0.146470 	0.085867 	 0.018829 
0.078207 	0.199258 	0.146647 	0.087106 	 0.019134 
0.086991 	0.202879 	0.149459 	0.090071 	 0.019770 
0.062102 	0.225839 	0.164357 	0.104799 	 0.021632 
0.078797 	0.214401 	0.156633 	0.097276 	 0.019723 
0.062119 	0.225333 	0.163365 	0.107582 	 0.020885 
0.059233 	0.218151 	0.159078 	0.099196 	 0.021385 
0.062279 	0.219249 	0.159712 	0.099773 	 0.020286 
0.069551 	0.215716 	0.157382 	0.099834 	 0.020992 
0.068507 	0.217492 	0.158781 	0.100702 	 0.020781 
0.074921 	0.217658 	0.158953 	0.099171 	 0.020457 
0.061867 	0.220656 	0.160965 	0.102318 	 0.021555 
0.063009 	0.226394 	0.164409 	0.106678 	 0.020997 
0.081771 	0.209957 	0.154208 	0.094619 	 0.019619 
0.067960 	0.219679 	0.160413 	0.104120 	 0.021315 
0.076043 	0.214081 	0.157023 	0.096181 	 0.020183 
0.067038 	0.224426 	0.163314 	0.106510 	 0.020822 
0.063616 	0.217294 	0.159075 	0.100293 	 0.021154 
0.065195 	0.218335 	0.159583 	0.101226 	 0.020426 
0.075443 	0.212514 	0.156078 	0.096685 	 0.020352 
0.056809 	0.229342 	0.166798 	0.110209 	 0.022375 
0.078703 	0.211692 	0.155168 	0.099073 	 0.020713 
0.065840 	0.215619 	0.158488 	0.097866 	 0.021399 
0.075722 	0.209644 	0.154461 	0.093577 	 0.020863 
0.064655 	0.230158 	0.167745 	0.109081 	 0.021495 
0.408625 	0.004289 	0.004307 	-0.003352 	 0.002331 
0.409697 	0.006397 	0.004878 	0.004395 	 0.002702 
0.410899 	0.030071 	0.019869 	0.032881 	 0.004991 
0.407504 	0.031910 	0.020534 	0.035609 	 0.004140 
0.427691 	0.021602 	0.015141 	0.022455 	 0.002963 
0.395988 	0.048298 	0.031835 	0.043963 	 0.005253 
0.408295 	0.036385 	0.024287 	0.034482 	 0.004334 
0.421862 	0.018631 	0.012516 	0.023637 	 0.002885 
0.386877 	0.059234 	0.038872 	0.051920 	 0.006650 
0.390333 	0.047499 	0.031199 	0.041595 	 0.005287 
0.388997 	0.043882 	0.028584 	0.042718 	 0.005081 
0.395613 	0.037399 	0.024701 	0.034840 	 0.003980 
0.367497 	0.066596 	0.043696 	0.055661 	 0.007074 
0.382348 	0.038736 	0.025213 	0.038351 	 0.005798 
0.387275 	0.051607 	0.034102 	0.043257 	 0.004820 
0.385532 	0.050232 	0.032774 	0.046236 	 0.004877 
0.361234 	0.071871 	0.047150 	0.059270 	 0.007485 
0.386435 	0.046233 	0.030092 	0.043578 	 0.005353 
0.379023 	0.044490 	0.029351 	0.041049 	 0.005649 
0.381605 	0.048904 	0.032135 	0.045526 	 0.006020 
0.379192 	0.047699 	0.031319 	0.044363 	 0.005227 
0.371458 	0.048439 	0.031972 	0.041794 	 0.005477 
0.377846 	0.041509 	0.027205 	0.038779 	 0.004936 
0.370693 	0.051675 	0.034168 	0.045731 	 0.006032 
0.383742 	0.034663 	0.022856 	0.032965 	 0.003899 
0.365296 	0.049648 	0.033175 	0.044423 	 0.006993 
0.363807 	0.057449 	0.037472 	0.050647 	 0.006362 
0.377727 	0.051910 	0.034234 	0.045006 	 0.005504 
0.360690 	0.066503 	0.043506 	0.057226 	 0.007730 
0.365563 	0.053601 	0.035007 	0.049622 	 0.006722 
0.365476 	0.053759 	0.035613 	0.047499 	 0.006525 
0.362313 	0.060465 	0.039906 	0.053774 	 0.007234 
0.368814 	0.045102 	0.029925 	0.039983 	 0.005538 
0.358591 	0.055725 	0.036529 	0.049350 	 0.006270 
0.349075 	0.063156 	0.041158 	0.054991 	 0.006977 
0.343861 	0.074525 	0.048549 	0.064330 	 0.008412 
0.344159 	0.061978 	0.040878 	0.053324 	 0.007209 
0.342354 	0.070966 	0.046823 	0.058944 	 0.008192 
0.346997 	0.067843 	0.044511 	0.057888 	 0.007155 
0.346253 	0.065028 	0.043438 	0.052295 	 0.007232 
0.335646 	0.068792 	0.045486 	0.055198 	 0.007583 
0.337447 	0.073433 	0.048631 	0.060949 	 0.007886 
0.338934 	0.064756 	0.042346 	0.055512 	 0.007074 
0.328428 	0.067383 	0.044724 	0.055177 	 0.008104 
0.348649 	0.058796 	0.039107 	0.048383 	 0.006648 
0.333554 	0.070739 	0.046930 	0.057157 	 0.007629 
0.334296 	0.068518 	0.045729 	0.055897 	 0.008386 
0.335418 	0.073849 	0.048780 	0.058235 	 0.007041 
0.331602 	0.071478 	0.047377 	0.058839 	 0.008344 
0.323503 	0.076798 	0.050427 	0.063457 	 0.008546 
0.334197 	0.073059 	0.048937 	0.058009 	 0.008673 
0.318369 	0.081852 	0.054155 	0.063680 	 0.009090 
0.309957 	0.089714 	0.059090 	0.071885 	 0.009266 
0.314539 	0.079882 	0.052814 	0.061603 	 0.008737 
0.310428 	0.091257 	0.060611 	0.069844 	 0.009703 
0.323830 	0.067147 	0.044514 	0.055146 	 0.007767 
0.326757 	0.077794 	0.051740 	0.060601 	 0.008053 
0.329647 	0.073212 	0.048414 	0.061279 	 0.007936 
0.321137 	0.079602 	0.052879 	0.061294 	 0.008074 
0.306333 	0.087210 	0.057838 	0.067642 	 0.009350 
0.317954 	0.081063 	0.053968 	0.063378 	 0.009198 
0.307269 	0.082697 	0.054503 	0.064317 	 0.008593 
0.312502 	0.080254 	0.053128 	0.063930 	 0.009053 
0.301826 	0.082347 	0.053955 	0.065591 	 0.008283 
0.318046 	0.076623 	0.051404 	0.057975 	 0.008172 
0.303296 	0.085847 	0.056616 	0.066562 	 0.008634 
0.308211 	0.080938 	0.053765 	0.062828 	 0.008784 
0.301676 	0.101274 	0.067216 	0.076317 	 0.009948 
0.298221 	0.098345 	0.065185 	0.075747 	 0.010273 
0.303373 	0.084052 	0.055913 	0.066179 	 0.009546 
0.297962 	0.090222 	0.060073 	0.068065 	 0.009244 
0.296980 	0.094195 	0.062855 	0.069927 	 0.010032 
0.300928 	0.084402 	0.056501 	0.064901 	 0.009587 
0.304784 	0.081768 	0.054150 	0.063221 	 0.008593 
0.302057 	0.086077 	0.057639 	0.064789 	 0.009519 
0.296105 	0.090625 	0.060383 	0.068350 	 0.009809 
0.298979 	0.090990 	0.060232 	0.070513 	 0.009069 
0.279814 	0.102331 	0.067913 	0.076129 	 0.011089 
0.293856 	0.096187 	0.063923 	0.070181 	 0.009498 
0.284203 	0.106129 	0.070130 	0.078697 	 0.010067 
0.281680 	0.098350 	0.065285 	0.074235 	 0.010025 
0.287791 	0.091703 	0.061275 	0.065708 	 0.009495 
0.289171 	0.090556 	0.060539 	0.066504 	 0.009494 
0.295301 	0.088337 	0.059018 	0.065770 	 0.009483 
0.296672 	0.090131 	0.060452 	0.066659 	 0.009410 
0.287192 	0.094830 	0.062933 	0.070888 	 0.009212 
0.290878 	0.088799 	0.059645 	0.064813 	 0.009734 
0.289331 	0.097918 	0.065757 	0.068582 	 0.009929 
0.285608 	0.104826 	0.070003 	0.076366 	 0.010471 
0.281411 	0.101804 	0.067874 	0.075166 	 0.010344 
0.282026 	0.095619 	0.063993 	0.070526 	 0.010186 
0.279855 	0.109239 	0.072872 	0.079060 	 0.010458 
0.281094 	0.101152 	0.067735 	0.072384 	 0.010135 
0.285799 	0.095080 	0.063444 	0.068642 	 0.009035 
0.275345 	0.103293 	0.068952 	0.073938 	 0.010416 
0.286489 	0.085741 	0.057526 	0.062183 	 0.009107 
0.277720 	0.103367 	0.069311 	0.074952 	 0.010666 
0.275047 	0.099564 	0.066275 	0.073061 	 0.009784 
0.269979 	0.109958 	0.073296 	0.078864 	 0.010642 
0.282370 	0.094642 	0.063695 	0.067463 	 0.009887 
0.273104 	0.103431 	0.069284 	0.072997 	 0.010178 
0.274806 	0.102539 	0.068345 	0.075101 	 0.009998 
0.271740 	0.105176 	0.070009 	0.076339 	 0.010418 
0.277979 	0.094225 	0.062873 	0.070860 	 0.009832 
0.277736 	0.101147 	0.068444 	0.070723 	 0.010299 
0.271272 	0.103028 	0.069274 	0.071045 	 0.010287 
0.277898 	0.101446 	0.068362 	0.071791 	 0.010001 
0.262127 	0.112819 	0.075572 	0.080096 	 0.011319 
0.266784 	0.112205 	0.074956 	0.080088 	 0.010610 
0.264282 	0.102228 	0.068810 	0.071571 	 0.010605 
0.277549 	0.100837 	0.067645 	0.071403 	 0.010165 
0.267391 	0.101727 	0.068147 	0.074583 	 0.010928 
0.262794 	0.115410 	0.077586 	0.080661 	 0.011337 
0.273527 	0.097829 	0.065751 	0.068194 	 0.009638 
0.259067 	0.107075 	0.072333 	0.072721 	 0.010824 
0.257992 	0.111107 	0.074661 	0.077578 	 0.011075 
0.258807 	0.119010 	0.080088 	0.080279 	 0.011399 
0.243995 	0.123350 	0.082609 	0.084231 	 0.011536 
0.259752 	0.105659 	0.071267 	0.072682 	 0.010595 
0.255676 	0.108591 	0.073082 	0.074023 	 0.011034 
0.255034 	0.121715 	0.081671 	0.083211 	 0.011069 
0.261566 	0.107819 	0.072767 	0.074434 	 0.010404 
0.257543 	0.105786 	0.071429 	0.070684 	 0.010094 
0.248052 	0.120904 	0.081447 	0.079118 	 0.010902 
0.256255 	0.113202 	0.076287 	0.073927 	 0.010193 
0.270774 	0.100964 	0.068884 	0.063884 	 0.009144 
0.258523 	0.111602 	0.075830 	0.071352 	 0.010394 
0.257467 	0.107054 	0.071939 	0.074153 	 0.010212 
0.240684 	0.122755 	0.082505 	0.082068 	 0.011147 
0.263479 	0.116933 	0.078815 	0.077912 	 0.010165 
0.252941 	0.111615 	0.075829 	0.071227 	 0.010602 
0.253271 	0.121932 	0.082513 	0.078818 	 0.010729 
0.244568 	0.118925 	0.080336 	0.076296 	 0.010795 
0.228126 	0.132485 	0.089004 	0.087632 	 0.011988 
0.245993 	0.117991 	0.079416 	0.079921 	 0.010635 
0.240585 	0.123020 	0.082913 	0.080253 	 0.010781 
0.238953 	0.125113 	0.084637 	0.080170 	 0.011270 
0.247447 	0.124114 	0.083906 	0.081370 	 0.011127 
0.238388 	0.124018 	0.083785 	0.082293 	 0.011618 
0.246210 	0.117992 	0.080141 	0.074569 	 0.010786 
0.221270 	0.132249 	0.089037 	0.086262 	 0.012330 
0.232251 	0.132693 	0.089723 	0.085873 	 0.012163 
0.230904 	0.126650 	0.085455 	0.084209 	 0.011712 
0.235386 	0.122136 	0.082259 	0.079315 	 0.010726 
0.240265 	0.116135 	0.078877 	0.074598 	 0.011033 
0.225854 	0.136176 	0.091945 	0.086608 	 0.011955 
0.230421 	0.130098 	0.088413 	0.082383 	 0.012289 
0.230693 	0.133522 	0.090296 	0.085869 	 0.011602 
0.242496 	0.104696 	0.071539 	0.063895 	 0.009530 
0.232906 	0.118390 	0.080712 	0.075773 	 0.011514 
0.227614 	0.135965 	0.091830 	0.089735 	 0.012592 
0.217041 	0.132671 	0.089780 	0.084783 	 0.012370 
0.217656 	0.132493 	0.089264 	0.086980 	 0.012279 
0.233877 	0.132123 	0.089921 	0.082214 	 0.011448 
0.217783 	0.136194 	0.092219 	0.086079 	 0.012298 
0.222128 	0.125128 	0.084815 	0.078220 	 0.011340 
0.210489 	0.147758 	0.099866 	0.093637 	 0.013141 
0.217085 	0.137075 	0.092933 	0.084022 	 0.011722 
0.207070 	0.140666 	0.095478 	0.086943 	 0.012956 
0.211506 	0.145870 	0.098937 	0.092216 	 0.012961 
0.220342 	0.129977 	0.088963 	0.077192 	 0.011974 
0.203628 	0.140729 	0.095363 	0.087593 	 0.012667 
0.205103 	0.151862 	0.102939 	0.093924 	 0.013382 
0.220097 	0.133702 	0.090916 	0.083440 	 0.012266 
0.206263 	0.144354 	0.098243 	0.088721 	 0.013228 
0.201024 	0.142017 	0.096414 	0.088089 	 0.013011 
0.192834 	0.156805 	0.105970 	0.097889 	 0.013453 
0.209300 	0.135768 	0.092185 	0.086676 	 0.012933 
0.207305 	0.146467 	0.099536 	0.087620 	 0.012482 
0.196275 	0.151055 	0.102175 	0.094514 	 0.012907 
0.210094 	0.136032 	0.092666 	0.081107 	 0.011436 
0.196975 	0.149484 	0.101595 	0.091483 	 0.013348 
0.204093 	0.143723 	0.097752 	0.088379 	 0.012795 
0.187225 	0.163394 	0.110527 	0.102019 	 0.013943 
0.187275 	0.159636 	0.108184 	0.098492 	 0.014076 
0.188959 	0.146808 	0.099938 	0.085689 	 0.012402 
0.194714 	0.147767 	0.100476 	0.088294 	 0.012992 
0.192345 	0.152880 	0.103948 	0.095359 	 0.013823 
0.210113 	0.144027 	0.098529 	0.085760 	 0.012317 
0.194295 	0.145978 	0.099503 	0.088379 	 0.013352 
0.191366 	0.145152 	0.098835 	0.086732 	 0.012574 
0.188346 	0.150687 	0.103098 	0.087984 	 0.013463 
0.181275 	0.154473 	0.104642 	0.093685 	 0.013203 
0.198289 	0.140255 	0.096073 	0.082863 	 0.012567 
0.191002 	0.147296 	0.100368 	0.088885 	 0.012494 
0.189945 	0.149122 	0.102178 	0.085812 	 0.013100 
0.189428 	0.150208 	0.102329 	0.090329 	 0.012952 
0.188161 	0.149551 	0.102143 	0.088305 	 0.013112 
0.182654 	0.164344 	0.111930 	0.098774 	 0.014012 
0.187535 	0.154166 	0.105274 	0.091620 	 0.012960 
0.175317 	0.167742 	0.114173 	0.102187 	 0.015189 
0.183749 	0.156135 	0.106533 	0.091704 	 0.012935 
0.177702 	0.165636 	0.112952 	0.097580 	 0.014433 
0.187052 	0.150654 	0.102757 	0.088580 	 0.012141 
0.185480 	0.152718 	0.104580 	0.087369 	 0.012536 
0.176112 	0.169100 	0.115152 	0.102465 	 0.014521 
0.175746 	0.160881 	0.109903 	0.094533 	 0.013614 
0.178016 	0.153149 	0.104501 	0.090784 	 0.013122 
0.163881 	0.161330 	0.110182 	0.095862 	 0.014820 
0.171795 	0.161523 	0.110589 	0.092848 	 0.013637 
0.158140 	0.173759 	0.117756 	0.105263 	 0.014691 
0.169089 	0.165923 	0.113557 	0.094878 	 0.013729 
0.162881 	0.167662 	0.114357 	0.099023 	 0.014464 
0.185670 	0.153659 	0.105819 	0.085374 	 0.012470 
0.177737 	0.156730 	0.107660 	0.088708 	 0.012716 
0.171535 	0.157151 	0.107941 	0.089587 	 0.013717 
0.168179 	0.164816 	0.112636 	0.096091 	 0.013961 
0.170890 	0.166873 	0.114202 	0.096473 	 0.013841 
0.164145 	0.167444 	0.114628 	0.096094 	 0.014040 
0.168674 	0.163212 	0.111630 	0.094931 	 0.013633 
0.171367 	0.168410 	0.115046 	0.098631 	 0.013867 
0.173763 	0.156607 	0.107869 	0.087374 	 0.013790 
0.164616 	0.170442 	0.116897 	0.097155 	 0.014640 
0.161106 	0.157787 	0.108168 	0.089351 	 0.013204 
0.161184 	0.171489 	0.117550 	0.097637 	 0.013785 
0.168510 	0.160523 	0.109841 	0.092225 	 0.013151 
0.154124 	0.167604 	0.114574 	0.096086 	 0.013890 
0.164650 	0.162276 	0.111471 	0.094066 	 0.014074 
0.156253 	0.167768 	0.114900 	0.097506 	 0.014465 
0.153181 	0.172185 	0.118335 	0.096438 	 0.014454 
0.149556 	0.173899 	0.118821 	0.101709 	 0.014692 
0.168172 	0.166845 	0.115091 	0.093258 	 0.013961 
0.169034 	0.161751 	0.111228 	0.092880 	 0.013385 
0.157412 	0.174720 	0.119948 	0.097861 	 0.014049 
0.148666 	0.178735 	0.122347 	0.101277 	 0.014632 
0.143560 	0.184578 	0.126537 	0.107406 	 0.016023 
0.152052 	0.179437 	0.123042 	0.100611 	 0.014914 
0.148000 	0.172243 	0.118571 	0.097144 	 0.014632 
0.151898 	0.172309 	0.118018 	0.096948 	 0.013885 
0.142624 	0.181309 	0.124480 	0.101030 	 0.014508 
0.143243 	0.182818 	0.125086 	0.104833 	 0.014842 
0.144715 	0.176664 	0.121165 	0.100270 	 0.014591 
0.157121 	0.160723 	0.111266 	0.086684 	 0.013872 
0.146362 	0.178955 	0.122790 	0.101293 	 0.014784 
0.162075 	0.160733 	0.111207 	0.084434 	 0.012855 
0.149959 	0.169181 	0.116937 	0.092493 	 0.014081 
0.141829 	0.177029 	0.121677 	0.097594 	 0.014751 
0.148600 	0.171785 	0.118537 	0.091874 	 0.013851 
0.152951 	0.178432 	0.123220 	0.097877 	 0.014428 
0.150165 	0.172834 	0.118923 	0.094230 	 0.013852 
0.149321 	0.177854 	0.122532 	0.097024 	 0.014565 
0.140475 	0.187866 	0.128913 	0.106935 	 0.015410 
0.151480 	0.170513 	0.117897 	0.093340 	 0.013899 
0.150118 	0.169247 	0.117605 	0.090518 	 0.014513 
0.143619 	0.177843 	0.122612 	0.100048 	 0.014574 
0.142379 	0.180632 	0.124711 	0.100274 	 0.014823 
0.128129 	0.195580 	0.134222 	0.108401 	 0.015467 
0.140427 	0.174604 	0.121069 	0.095127 	 0.014802 
0.151533 	0.169065 	0.117323 	0.090324 	 0.013830 
0.136953 	0.183497 	0.126473 	0.099904 	 0.014665 
0.128647 	0.177446 	0.122676 	0.095397 	 0.014707 
0.150084 	0.172724 	0.119822 	0.089311 	 0.013380 
0.133643 	0.180454 	0.124765 	0.096122 	 0.014513 
0.135975 	0.173416 	0.120575 	0.090047 	 0.014553 
0.135366 	0.178222 	0.123478 	0.094402 	 0.014546 
0.146088 	0.178479 	0.123146 	0.098545 	 0.014089 
0.125892 	0.196445 	0.135413 	0.105621 	 0.015565 
0.143859 	0.178998 	0.123729 	0.095667 	 0.013717 
0.138409 	0.178359 	0.123513 	0.094400 	 0.013993 
0.136574 	0.175469 	0.122178 	0.090861 	 0.014839 
0.128647 	0.183979 	0.127324 	0.097967 	 0.014793 
0.147494 	0.158956 	0.111303 	0.080145 	 0.013257 
0.122197 	0.183620 	0.126417 	0.101302 	 0.014913 
0.126844 	0.190342 	0.131658 	0.099447 	 0.014813 
0.123764 	0.190743 	0.131794 	0.103277 	 0.015344 
0.130933 	0.189404 	0.131014 	0.102725 	 0.014961 
0.129506 	0.180769 	0.125443 	0.094453 	 0.014089 
0.125103 	0.190478 	0.131986 	0.101705 	 0.015400 
0.125285 	0.197056 	0.136371 	0.105164 	 0.015425 
0.128305 	0.172243 	0.119933 	0.090122 	 0.014114 
0.123811 	0.189024 	0.131447 	0.097840 	 0.015115 
0.124227 	0.180682 	0.125517 	0.093726 	 0.014608 
0.126300 	0.184483 	0.128331 	0.094760 	 0.014782 
0.135678 	0.184031 	0.128001 	0.096550 	 0.014935 
0.121626 	0.187830 	0.130003 	0.100613 	 0.015560 
0.106071 	0.194901 	0.134962 	0.101904 	 0.015660 
0.117120 	0.196979 	0.136782 	0.102622 	 0.015547 
0.124270 	0.186288 	0.129752 	0.094599 	 0.014877 
0.111821 	0.204772 	0.141839 	0.107908 	 0.016002 
0.110172 	0.194806 	0.134676 	0.103277 	 0.015419 
0.128642 	0.184734 	0.128646 	0.095423 	 0.014512 
0.129640 	0.191196 	0.133136 	0.099404 	 0.014930 
0.132877 	0.174386 	0.122222 	0.087796 	 0.014240 
0.119089 	0.194704 	0.135061 	0.101803 	 0.014927 
0.104280 	0.200092 	0.139091 	0.103510 	 0.015915 
0.114008 	0.195309 	0.136086 	0.099469 	 0.015414 
0.118772 	0.189403 	0.132187 	0.095614 	 0.014813 
0.121029 	0.189144 	0.132298 	0.095575 	 0.014823 
0.122642 	0.191065 	0.133357 	0.099884 	 0.015009 
0.117533 	0.191754 	0.133306 	0.101638 	 0.015362 
0.112417 	0.184287 	0.128883 	0.092522 	 0.014859 
0.120269 	0.185164 	0.129483 	0.090518 	 0.014207 
0.109013 	0.182611 	0.127653 	0.092674 	 0.014791 
0.119944 	0.188012 	0.131381 	0.096217 	 0.014614 
0.115163 	0.192885 	0.134417 	0.097498 	 0.014672 
0.099255 	0.207123 	0.143527 	0.111032 	 0.016551 
0.103569 	0.194327 	0.135521 	0.098007 	 0.015996 
0.104043 	0.199352 	0.139362 	0.102496 	 0.016772 
0.104465 	0.201498 	0.140377 	0.103949 	 0.016191 
0.112059 	0.192272 	0.134326 	0.096989 	 0.015112 
0.107031 	0.198128 	0.137976 	0.102987 	 0.015735 
0.118118 	0.184092 	0.129466 	0.088504 	 0.014494 
0.117530 	0.181896 	0.127434 	0.088053 	 0.013337 
0.106944 	0.200749 	0.140486 	0.099731 	 0.015623 
0.101739 	0.197745 	0.137939 	0.099827 	 0.015695 
0.111662 	0.188545 	0.132421 	0.092150 	 0.014769 
0.110117 	0.191341 	0.134089 	0.095288 	 0.015144 
0.103008 	0.201898 	0.140857 	0.103738 	 0.016255 
0.117545 	0.180021 	0.126841 	0.085954 	 0.014083 
0.112190 	0.192213 	0.134687 	0.094874 	 0.014775 
0.099108 	0.200433 	0.139827 	0.100928 	 0.015627 
0.105729 	0.197069 	0.137987 	0.098195 	 0.015436 
0.117815 	0.182750 	0.128424 	0.089421 	 0.014199 
0.098596 	0.186239 	0.131320 	0.088319 	 0.015203 
0.102507 	0.197727 	0.138209 	0.101864 	 0.015632 
0.094532 	0.199412 	0.139417 	0.099934 	 0.015737 
0.091872 	0.204920 	0.143054 	0.105365 	 0.016155 
0.105205 	0.188926 	0.132748 	0.091941 	 0.014579 
0.113453 	0.179038 	0.126681 	0.084141 	 0.014317 
0.099506 	0.199375 	0.139487 	0.099458 	 0.014851 
0.099109 	0.193382 	0.136118 	0.093173 	 0.015256 
0.101699 	0.193184 	0.135779 	0.092950 	 0.014485 
0.100395 	0.203154 	0.142190 	0.101588 	 0.015673 
0.100953 	0.199986 	0.140236 	0.099031 	 0.015978 
0.094120 	0.197005 	0.138595 	0.093669 	 0.015105 
0.097890 	0.199884 	0.140474 	0.100715 	 0.016245 
0.095542 	0.198302 	0.139313 	0.096616 	 0.015423 
0.084281 	0.209103 	0.146173 	0.105419 	 0.016674 
0.101756 	0.201318 	0.141991 	0.097942 	 0.016269 
0.097329 	0.194730 	0.137321 	0.092970 	 0.015990 
0.098700 	0.203080 	0.142749 	0.097910 	 0.015398 
0.091737 	0.196994 	0.138739 	0.095403 	 0.015669 
0.101692 	0.195361 	0.137494 	0.095672 	 0.015020 
0.110787 	0.184671 	0.131043 	0.085959 	 0.014526 
0.101215 	0.193417 	0.136477 	0.093507 	 0.015134 
0.092707 	0.203239 	0.143045 	0.097925 	 0.015668 
0.102104 	0.188959 	0.133764 	0.089888 	 0.015165 
0.095937 	0.196845 	0.139125 	0.093220 	 0.015278 
0.089923 	0.204163 	0.143234 	0.101820 	 0.015782 
0.101883 	0.186098 	0.132165 	0.088148 	 0.015412 
0.086110 	0.207822 	0.146100 	0.101455 	 0.016139 
0.107155 	0.187817 	0.133164 	0.088525 	 0.014375 
0.091863 	0.193363 	0.136776 	0.091433 	 0.015293 
0.088855 	0.190076 	0.134635 	0.088596 	 0.015241 
0.094093 	0.190926 	0.135247 	0.090129 	 0.015293 
0.099849 	0.192719 	0.136570 	0.088946 	 0.015078 
0.086439 	0.202368 	0.142813 	0.096209 	 0.015634 
0.108863 	0.191014 	0.135330 	0.089901 	 0.014164 
0.083593 	0.204924 	0.144525 	0.097393 	 0.015648 
0.095201 	0.194409 	0.137785 	0.091211 	 0.015414 
0.094287 	0.194265 	0.138015 	0.088261 	 0.015355 
0.087290 	0.200124 	0.141966 	0.092074 	 0.015737 
0.072274 	0.217149 	0.152742 	0.106469 	 0.017124 
0.084182 	0.207849 	0.146537 	0.099617 	 0.015661 
0.098360 	0.196669 	0.139562 	0.090172 	 0.014894 
0.076965 	0.206493 	0.145929 	0.097241 	 0.016050 
0.098375 	0.196926 	0.139885 	0.091483 	 0.015431 
0.079347 	0.204616 	0.144453 	0.098361 	 0.016085 
0.084415 	0.213002 	0.150152 	0.102490 	 0.016190 
0.082457 	0.207810 	0.146757 	0.099328 	 0.016039 
0.085572 	0.204587 	0.144814 	0.097432 	 0.015865 
0.090685 	0.202817 	0.143707 	0.096599 	 0.015334 
0.087067 	0.200247 	0.142116 	0.092896 	 0.015478 
0.091598 	0.198876 	0.142272 	0.089298 	 0.015904 
0.086275 	0.199582 	0.141923 	0.092804 	 0.016114 
0.080388 	0.210072 	0.148430 	0.102797 	 0.016579 
0.074351 	0.208397 	0.147611 	0.099012 	 0.016142 
0.082366 	0.208890 	0.147922 	0.099221 	 0.015887 
0.085083 	0.205197 	0.145994 	0.092924 	 0.015653 
0.078051 	0.211148 	0.149351 	0.099389 	 0.015823 
0.085767 	0.202945 	0.144361 	0.091852 	 0.014943 
0.097468 	0.187651 	0.134293 	0.082019 	 0.014025 
0.086006 	0.207815 	0.147513 	0.096328 	 0.015707 
0.085718 	0.204240 	0.145416 	0.093376 	 0.015523 
0.078491 	0.205546 	0.145927 	0.095716 	 0.015428 
0.089959 	0.201641 	0.143877 	0.092117 	 0.015421 
0.094606 	0.194753 	0.139569 	0.087593 	 0.015320 
0.082186 	0.200457 	0.143325 	0.086872 	 0.015403 
0.072294 	0.207988 	0.148409 	0.094418 	 0.016765 
0.077240 	0.206342 	0.146784 	0.093774 	 0.015674 
0.080050 	0.211748 	0.150145 	0.099885 	 0.015355 
0.084658 	0.199284 	0.142490 	0.088280 	 0.014922 
0.062370 	0.213777 	0.151293 	0.100165 	 0.016267 
0.083045 	0.204619 	0.146197 	0.092960 	 0.015645 
0.080643 	0.200263 	0.143014 	0.092429 	 0.015387 
0.071301 	0.215802 	0.153315 	0.101381 	 0.017155 
0.076602 	0.218279 	0.155256 	0.100642 	 0.016649 
0.085137 	0.203755 	0.145673 	0.092842 	 0.015855 
0.081788 	0.200339 	0.142965 	0.090342 	 0.015168 
0.065947 	0.218446 	0.155093 	0.102819 	 0.016932 
0.087012 	0.202389 	0.144875 	0.089337 	 0.014622 
0.082566 	0.200816 	0.143836 	0.090592 	 0.015704 
0.069103 	0.221978 	0.157304 	0.104841 	 0.016431 
0.079062 	0.209769 	0.149526 	0.095451 	 0.015408 
0.070318 	0.211069 	0.150521 	0.094553 	 0.015686 
0.071007 	0.205670 	0.147086 	0.093360 	 0.015858 
0.064370 	0.220861 	0.157268 	0.103936 	 0.017459 
0.068309 	0.218324 	0.155383 	0.100388 	 0.016427 
0.072240 	0.212221 	0.151758 	0.094791 	 0.016077 
0.079932 	0.205581 	0.147265 	0.091320 	 0.015558 
0.064807 	0.220431 	0.156904 	0.103777 	 0.017287 
0.075909 	0.204970 	0.147373 	0.088936 	 0.016227 
0.063269 	0.225391 	0.160341 	0.104415 	 0.017143 
0.064778 	0.212831 	0.152455 	0.094806 	 0.017260 
0.073758 	0.210521 	0.150543 	0.096256 	 0.016037 
0.064056 	0.214001 	0.152457 	0.099035 	 0.016586 
0.069436 	0.217575 	0.155222 	0.097833 	 0.015953 
0.087134 	0.199737 	0.144083 	0.087384 	 0.015868 
0.071516 	0.213132 	0.153148 	0.093144 	 0.016555 
0.079198 	0.199200 	0.143115 	0.085209 	 0.013980 
0.068241 	0.216183 	0.154593 	0.098823 	 0.016889 
0.064372 	0.211064 	0.151439 	0.094382 	 0.016009 
0.073176 	0.206086 	0.148236 	0.090330 	 0.015393 
0.080661 	0.198552 	0.143021 	0.086891 	 0.015193 
0.060413 	0.217143 	0.155632 	0.097782 	 0.016582 
0.085040 	0.201779 	0.145569 	0.086910 	 0.014931 
0.071273 	0.207532 	0.149434 	0.089152 	 0.015811 
0.075262 	0.209445 	0.150958 	0.091244 	 0.015878 
0.066836 	0.200992 	0.145812 	0.083273 	 0.016597 
0.066448 	0.212974 	0.153104 	0.092776 	 0.015981 
0.083977 	0.202081 	0.146080 	0.085287 	 0.015437 
0.069610 	0.212064 	0.152462 	0.092950 	 0.015454 
0.071123 	0.200075 	0.145034 	0.083279 	 0.014941 
0.068674 	0.215754 	0.154828 	0.094433 	 0.015800 
0.069491 	0.210038 	0.151633 	0.089901 	 0.016204 
0.066921 	0.219062 	0.157262 	0.098250 	 0.016539 
0.080999 	0.195663 	0.142188 	0.079351 	 0.014692 
0.072451 	0.205566 	0.148938 	0.086502 	 0.015889 
0.072473 	0.197514 	0.143344 	0.082234 	 0.015135 
0.055481 	0.214808 	0.154430 	0.094269 	 0.016148 
0.058673 	0.213566 	0.153335 	0.094810 	 0.016156 
0.064436 	0.206814 	0.149447 	0.088328 	 0.015703 
0.061064 	0.207207 	0.149491 	0.090243 	 0.015305 
0.069489 	0.203791 	0.147745 	0.085959 	 0.015879 
0.068676 	0.205645 	0.148813 	0.086890 	 0.015524 
0.076978 	0.203368 	0.147578 	0.085615 	 0.015938 
0.080077 	0.208917 	0.151237 	0.088455 	 0.015404 
0.074145 	0.202735 	0.146673 	0.088024 	 0.015221 
0.072458 	0.200166 	0.145959 	0.080540 	 0.015411 
0.069987 	0.212513 	0.153818 	0.088039 	 0.015410 
0.065645 	0.209702 	0.151860 	0.087102 	 0.015592 
0.081050 	0.196173 	0.143073 	0.081893 	 0.015587 
0.057937 	0.214633 	0.155075 	0.091469 	 0.016315 
0.074500 	0.206474 	0.149684 	0.086261 	 0.014924 
0.072948 	0.207285 	0.150293 	0.087249 	 0.014877 
0.072272 	0.208489 	0.151667 	0.087948 	 0.016524 
0.063843 	0.218021 	0.157473 	0.094504 	 0.016290 
0.071677 	0.203690 	0.148384 	0.083468 	 0.015630 
0.078232 	0.200866 	0.146331 	0.084424 	 0.016003 
0.075373 	0.204843 	0.149151 	0.085435 	 0.015929 
0.063171 	0.214461 	0.155399 	0.091567 	 0.015967 
0.074764 	0.196954 	0.144163 	0.078192 	 0.015257 
0.065715 	0.210321 	0.153135 	0.086158 	 0.016241 
0.052336 	0.211635 	0.153827 	0.087155 	 0.016787 
0.085455 	0.193134 	0.141709 	0.075753 	 0.014154 
0.064903 	0.206543 	0.150219 	0.087291 	 0.015543 
0.064720 	0.222738 	0.161229 	0.095213 	 0.016393 
0.062676 	0.210078 	0.152601 	0.088823 	 0.015752 
0.066722 	0.202188 	0.147748 	0.081976 	 0.015140 
0.073344 	0.206134 	0.150320 	0.084621 	 0.015356 
0.054118 	0.219269 	0.159213 	0.093554 	 0.017267 
0.055721 	0.213664 	0.155309 	0.090744 	 0.016776 
0.068067 	0.211052 	0.154270 	0.085387 	 0.016538 
0.054331 	0.233551 	0.168140 	0.105659 	 0.017749 
0.063350 	0.201574 	0.147565 	0.082790 	 0.015829 
0.082103 	0.201617 	0.148081 	0.079556 	 0.015218 
0.067703 	0.204648 	0.149887 	0.082688 	 0.015936 
0.065201 	0.219626 	0.159546 	0.093220 	 0.016023 
0.079668 	0.201273 	0.147818 	0.078761 	 0.014616 
0.054820 	0.224393 	0.163013 	0.094617 	 0.016970 
0.076318 	0.207442 	0.152292 	0.081217 	 0.015193 
0.063185 	0.215159 	0.156650 	0.091041 	 0.016698 
0.072283 	0.213545 	0.155726 	0.089673 	 0.015805 
0.053788 	0.216769 	0.158381 	0.088298 	 0.016908 
0.057871 	0.212560 	0.155424 	0.087637 	 0.016738 
0.063395 	0.218348 	0.159206 	0.092966 	 0.016688 
0.067628 	0.209101 	0.153175 	0.086029 	 0.016026 
0.059850 	0.209460 	0.153165 	0.086879 	 0.016038 
0.059119 	0.210650 	0.154147 	0.088099 	 0.016588 
0.057756 	0.222592 	0.162026 	0.093597 	 0.016737 
0.078982 	0.200311 	0.148309 	0.074778 	 0.015361 
0.074385 	0.214060 	0.156730 	0.089101 	 0.015739 
0.073401 	0.212789 	0.155963 	0.087282 	 0.015835 
0.081645 	0.199808 	0.147609 	0.077553 	 0.015201 
0.083458 	0.192729 	0.143438 	0.070948 	 0.014988 
0.077332 	0.201830 	0.149143 	0.078128 	 0.015794 
0.083164 	0.191898 	0.142632 	0.071452 	 0.014923 
0.087157 	0.194175 	0.144035 	0.073958 	 0.014341 
0.081120 	0.209256 	0.153943 	0.085154 	 0.016200 
0.085423 	0.187261 	0.139536 	0.070780 	 0.014858 
0.080506 	0.201476 	0.149293 	0.077855 	 0.015612 
0.074133 	0.210089 	0.154844 	0.083087 	 0.015824 
0.073409 	0.203435 	0.150934 	0.078671 	 0.016263 
0.075504 	0.208135 	0.153408 	0.084433 	 0.016444 
0.091749 	0.198792 	0.147978 	0.075268 	 0.014834 
0.075548 	0.203375 	0.150182 	0.080212 	 0.015822 
0.078671 	0.198584 	0.147592 	0.074987 	 0.015797 
0.079727 	0.194363 	0.144721 	0.073220 	 0.015268 
0.089462 	0.196677 	0.146463 	0.072281 	 0.014304 
0.093656 	0.199245 	0.147807 	0.076763 	 0.014748 
0.087716 	0.189195 	0.141307 	0.069466 	 0.013917 
0.078704 	0.200046 	0.148479 	0.078244 	 0.015845 
0.069609 	0.210631 	0.155459 	0.084696 	 0.016319 
0.073925 	0.203474 	0.151296 	0.075998 	 0.015235 
0.081967 	0.203947 	0.151443 	0.079684 	 0.015759 
0.086194 	0.195044 	0.145682 	0.072403 	 0.014841 
0.098453 	0.185835 	0.140191 	0.062421 	 0.013885 
0.096653 	0.192362 	0.143953 	0.070352 	 0.014547 
0.092672 	0.194316 	0.145798 	0.070929 	 0.015297 
0.094114 	0.183295 	0.138260 	0.063282 	 0.014282 
0.085758 	0.203779 	0.151556 	0.078489 	 0.014628 
0.078587 	0.210696 	0.156283 	0.082087 	 0.016241 
0.106067 	0.185757 	0.139984 	0.066211 	 0.013577 
0.089322 	0.196246 	0.147136 	0.072972 	 0.015582 
0.077729 	0.203791 	0.152279 	0.076155 	 0.015697 
0.091826 	0.194712 	0.145844 	0.071803 	 0.014745 
0.088907 	0.198686 	0.149068 	0.072941 	 0.015602 
0.083755 	0.199305 	0.149088 	0.074508 	 0.015256 
0.087094 	0.205340 	0.152831 	0.081542 	 0.015682 
0.090379 	0.192148 	0.144680 	0.070234 	 0.015222 
0.093874 	0.185910 	0.140302 	0.066258 	 0.014267 
0.094739 	0.199446 	0.149862 	0.071797 	 0.015187 
0.079446 	0.202218 	0.151071 	0.075141 	 0.015224 
0.098130 	0.187258 	0.141801 	0.065909 	 0.014405 
0.100268 	0.186119 	0.140942 	0.067819 	 0.014964 
0.092195 	0.204005 	0.152799 	0.075978 	 0.015241 
0.086070 	0.202411 	0.151481 	0.075449 	 0.015222 
0.096079 	0.189962 	0.143856 	0.064953 	 0.014524 
0.091624 	0.195997 	0.147793 	0.070117 	 0.015183 
0.094474 	0.200028 	0.150367 	0.072235 	 0.015148 
0.101010 	0.183734 	0.139739 	0.063004 	 0.014810 
0.101067 	0.183926 	0.139850 	0.063185 	 0.014604 
0.104774 	0.185023 	0.140930 	0.060241 	 0.014187 
0.092734 	0.198048 	0.149319 	0.071179 	 0.015085 
0.111408 	0.172024 	0.132618 	0.052480 	 0.013562 
0.091337 	0.201262 	0.150879 	0.077289 	 0.015369 
0.105962 	0.187469 	0.142484 	0.063568 	 0.013636 
0.086564 	0.207637 	0.155041 	0.081997 	 0.015809 
0.096925 	0.191985 	0.145358 	0.066909 	 0.014220 
0.097721 	0.194282 	0.147101 	0.069679 	 0.014633 
0.099509 	0.190589 	0.144346 	0.067048 	 0.014100 
0.106427 	0.185610 	0.141450 	0.063268 	 0.013675 
0.100048 	0.195007 	0.147271 	0.068845 	 0.014163 
0.100169 	0.186158 	0.141596 	0.065022 	 0.014025 
0.107701 	0.187864 	0.143372 	0.063079 	 0.014126 
0.108086 	0.175857 	0.135702 	0.054001 	 0.013847 
0.090020 	0.203511 	0.152723 	0.077545 	 0.014989 
0.098269 	0.200298 	0.151105 	0.076902 	 0.016125 
0.078999 	0.211904 	0.159233 	0.079273 	 0.016087 
0.100375 	0.181130 	0.139134 	0.059113 	 0.014290 
0.104913 	0.180084 	0.138695 	0.058022 	 0.014291 
0.094775 	0.191743 	0.146168 	0.066957 	 0.015603 
0.096857 	0.194613 	0.148491 	0.066539 	 0.015166 
0.076760 	0.215903 	0.161622 	0.083867 	 0.016684 
0.089416 	0.201435 	0.152844 	0.072699 	 0.016214 
0.088821 	0.191854 	0.146433 	0.064120 	 0.015140 
0.093878 	0.193866 	0.148031 	0.065112 	 0.015321 
0.094163 	0.195337 	0.148767 	0.067851 	 0.015134 
0.089964 	0.198478 	0.150878 	0.070485 	 0.015040 
0.085132 	0.193905 	0.147896 	0.065716 	 0.014921 
0.075260 	0.203079 	0.153987 	0.072287 	 0.015842 
0.103183 	0.184000 	0.141311 	0.060802 	 0.013796 
0.099266 	0.186789 	0.143168 	0.062542 	 0.013672 
0.099696 	0.185338 	0.142461 	0.059839 	 0.013770 
0.086053 	0.192164 	0.147079 	0.064653 	 0.015418 
0.098475 	0.186701 	0.143500 	0.062444 	 0.014079 
0.090403 	0.184251 	0.141428 	0.063728 	 0.015407 
0.091720 	0.194444 	0.147973 	0.069873 	 0.014714 
0.087142 	0.191757 	0.147270 	0.065147 	 0.015545 
0.095278 	0.194314 	0.148770 	0.066740 	 0.015090 
0.094366 	0.181960 	0.140735 	0.058477 	 0.014871 
0.083020 	0.196126 	0.149678 	0.068554 	 0.015566 
0.084150 	0.191212 	0.146807 	0.063735 	 0.015263 
0.083701 	0.198104 	0.151208 	0.069925 	 0.016153 
0.091992 	0.195066 	0.149603 	0.067687 	 0.015507 
0.087536 	0.190185 	0.146184 	0.061147 	 0.015098 
0.116419 	0.171608 	0.134351 	0.052054 	 0.013139 
0.093756 	0.197603 	0.151177 	0.066838 	 0.014820 
0.090304 	0.176308 	0.137084 	0.052933 	 0.014142 
0.101897 	0.182203 	0.141844 	0.056684 	 0.014835 
0.100771 	0.180446 	0.140228 	0.055490 	 0.013983 
0.093451 	0.191602 	0.147514 	0.062267 	 0.014629 
0.092194 	0.193087 	0.148894 	0.062960 	 0.015662 
0.101102 	0.182583 	0.141436 	0.060061 	 0.014195 
0.093319 	0.183114 	0.141787 	0.061887 	 0.015125 
0.087263 	0.200394 	0.153586 	0.067308 	 0.015562 
0.100883 	0.180597 	0.140843 	0.057090 	 0.014589 
0.099608 	0.172961 	0.135298 	0.052323 	 0.013704 
0.093052 	0.192924 	0.148727 	0.064082 	 0.015062 
0.087230 	0.198965 	0.152553 	0.069172 	 0.015968 
0.095338 	0.187057 	0.145359 	0.056695 	 0.014791 
0.087857 	0.179696 	0.139865 	0.055675 	 0.014310 
0.107207 	0.177952 	0.139357 	0.055347 	 0.013892 
0.081790 	0.194410 	0.149936 	0.065406 	 0.015809 
0.097681 	0.182598 	0.142107 	0.058873 	 0.013879 
0.093344 	0.183062 	0.142688 	0.057349 	 0.015129 
0.087200 	0.189005 	0.146789 	0.059820 	 0.015746 
0.089900 	0.190580 	0.148105 	0.059688 	 0.015520 
0.098542 	0.176861 	0.138396 	0.056688 	 0.014356 
0.069943 	0.209061 	0.159836 	0.074030 	 0.016404 
