di 	gli 	gal 	gos3 	 gos4 
0.421252 	0.025254 	0.015246 	0.016617 	 -0.002003 
0.415016 	0.039260 	0.024285 	0.030963 	 -0.000212 
0.442645 	0.028659 	0.016315 	0.036036 	 -0.001269 
0.419477 	0.051109 	0.030942 	0.051345 	 0.000771 
0.428063 	0.052321 	0.031987 	0.052443 	 0.000234 
0.421049 	0.059710 	0.036955 	0.057103 	 0.000645 
0.409119 	0.061518 	0.037869 	0.059511 	 0.001254 
0.428633 	0.048566 	0.029650 	0.048748 	 -0.000031 
0.424208 	0.058939 	0.036406 	0.055591 	 0.000273 
0.417764 	0.058717 	0.035722 	0.057108 	 0.000149 
0.421587 	0.047303 	0.028515 	0.049559 	 0.000333 
0.409291 	0.056991 	0.034717 	0.057237 	 0.001272 
0.411219 	0.057186 	0.034638 	0.056342 	 0.000578 
0.414774 	0.049490 	0.029638 	0.053944 	 0.000660 
0.397638 	0.078366 	0.048796 	0.069662 	 0.001718 
0.416977 	0.059573 	0.036100 	0.062207 	 0.001261 
0.407131 	0.062859 	0.038795 	0.059204 	 0.001540 
0.413146 	0.068020 	0.041939 	0.064187 	 0.001046 
0.403095 	0.062156 	0.038161 	0.059653 	 0.001156 
0.404059 	0.061002 	0.037790 	0.058479 	 0.001975 
0.395940 	0.075558 	0.046874 	0.069092 	 0.002615 
0.402185 	0.070921 	0.044511 	0.061885 	 0.001724 
0.409587 	0.059459 	0.036456 	0.056660 	 0.000496 
0.385347 	0.078383 	0.048586 	0.072664 	 0.003431 
0.407214 	0.063640 	0.038748 	0.063638 	 0.001247 
0.394799 	0.077384 	0.048037 	0.070169 	 0.002170 
0.396783 	0.069999 	0.043541 	0.064740 	 0.002470 
0.393054 	0.068417 	0.042064 	0.065096 	 0.002258 
0.401609 	0.060249 	0.037278 	0.058140 	 0.002083 
0.388892 	0.080486 	0.050294 	0.072251 	 0.003134 
0.387186 	0.077145 	0.048073 	0.071363 	 0.002980 
0.385723 	0.078318 	0.048343 	0.074768 	 0.003415 
0.387628 	0.077802 	0.048200 	0.072718 	 0.002981 
0.391571 	0.073527 	0.045637 	0.068923 	 0.002797 
0.394033 	0.071409 	0.044156 	0.066300 	 0.002362 
0.394114 	0.067584 	0.041913 	0.063434 	 0.002438 
0.386723 	0.074721 	0.046107 	0.071638 	 0.002976 
0.384833 	0.075583 	0.046902 	0.071524 	 0.003153 
0.382568 	0.078014 	0.048340 	0.073868 	 0.003333 
0.372828 	0.086273 	0.053741 	0.078372 	 0.004207 
0.378900 	0.077374 	0.047938 	0.069565 	 0.003061 
0.367545 	0.082466 	0.051291 	0.073615 	 0.003732 
0.367800 	0.098620 	0.061498 	0.088282 	 0.004521 
0.384157 	0.077651 	0.048305 	0.072055 	 0.003292 
0.383272 	0.076880 	0.048071 	0.072263 	 0.003967 
0.377494 	0.081551 	0.050795 	0.076481 	 0.003681 
0.359714 	0.100278 	0.063049 	0.087458 	 0.005247 
0.369720 	0.086588 	0.054145 	0.076809 	 0.003716 
0.372611 	0.083500 	0.052281 	0.074624 	 0.003548 
0.362812 	0.099348 	0.062404 	0.084578 	 0.004354 
0.374601 	0.083518 	0.051815 	0.074935 	 0.002946 
0.361917 	0.084602 	0.052937 	0.075680 	 0.003893 
0.360615 	0.091155 	0.057276 	0.080238 	 0.004265 
0.374202 	0.086735 	0.055050 	0.073100 	 0.003814 
0.361725 	0.088880 	0.055763 	0.077569 	 0.004128 
0.347236 	0.101048 	0.063696 	0.086742 	 0.005245 
0.355989 	0.098688 	0.062338 	0.084691 	 0.005017 
0.354146 	0.097317 	0.061391 	0.083254 	 0.004740 
0.344115 	0.105773 	0.066592 	0.090451 	 0.004957 
0.365447 	0.088869 	0.055949 	0.080408 	 0.004973 
0.358487 	0.092576 	0.058592 	0.080757 	 0.004663 
0.344018 	0.109933 	0.069333 	0.093712 	 0.005721 
0.353136 	0.092564 	0.058087 	0.082173 	 0.004422 
0.357473 	0.090808 	0.056947 	0.081272 	 0.004573 
0.348351 	0.097990 	0.061731 	0.085759 	 0.005573 
0.330718 	0.115272 	0.073105 	0.096344 	 0.006810 
0.347444 	0.090249 	0.056601 	0.079664 	 0.004608 
0.340333 	0.102145 	0.064241 	0.089548 	 0.005273 
0.339511 	0.105699 	0.066873 	0.089881 	 0.006046 
0.336870 	0.109806 	0.069704 	0.093015 	 0.006516 
0.356853 	0.097498 	0.061531 	0.085765 	 0.004612 
0.344930 	0.097156 	0.061169 	0.083666 	 0.005164 
0.342339 	0.108167 	0.068471 	0.093655 	 0.005956 
0.335840 	0.115334 	0.073262 	0.097092 	 0.006320 
0.338315 	0.110191 	0.069712 	0.094366 	 0.006078 
0.345839 	0.100784 	0.063698 	0.086076 	 0.005644 
0.334781 	0.110153 	0.069621 	0.092840 	 0.005715 
0.348726 	0.103210 	0.065321 	0.088018 	 0.005207 
0.347536 	0.099228 	0.063062 	0.083854 	 0.005344 
0.326505 	0.114485 	0.072692 	0.094576 	 0.006468 
0.347626 	0.093873 	0.059211 	0.080247 	 0.004323 
0.327930 	0.107023 	0.067800 	0.089162 	 0.006152 
0.334169 	0.102521 	0.065066 	0.086892 	 0.005958 
0.337450 	0.102349 	0.065545 	0.083830 	 0.006068 
0.343514 	0.093041 	0.058660 	0.081340 	 0.004824 
0.343829 	0.099169 	0.062925 	0.084978 	 0.006077 
0.327730 	0.112037 	0.071401 	0.091281 	 0.006261 
0.329766 	0.101799 	0.064825 	0.085432 	 0.006080 
0.325996 	0.110527 	0.070031 	0.093670 	 0.005898 
0.333812 	0.103884 	0.065793 	0.087994 	 0.005482 
0.342329 	0.097301 	0.061862 	0.082886 	 0.005330 
0.329898 	0.106185 	0.067513 	0.089414 	 0.006081 
0.330783 	0.110748 	0.070266 	0.092999 	 0.006546 
0.324571 	0.120544 	0.076771 	0.101073 	 0.007117 
0.328954 	0.104269 	0.065963 	0.090363 	 0.006225 
0.333815 	0.100300 	0.063718 	0.084328 	 0.005836 
0.319926 	0.121981 	0.077759 	0.099995 	 0.007524 
0.337294 	0.103912 	0.066053 	0.089371 	 0.006186 
0.329448 	0.109284 	0.070021 	0.088869 	 0.006197 
0.319719 	0.114367 	0.072949 	0.095251 	 0.007379 
0.329436 	0.109564 	0.069975 	0.090213 	 0.006181 
0.318618 	0.121089 	0.077773 	0.094496 	 0.007012 
0.322120 	0.114306 	0.073054 	0.093595 	 0.006609 
0.322190 	0.109963 	0.070021 	0.090380 	 0.006471 
0.326541 	0.113052 	0.072176 	0.092708 	 0.005844 
0.322893 	0.109381 	0.070022 	0.089318 	 0.006652 
0.322629 	0.107592 	0.068639 	0.088213 	 0.006223 
0.324163 	0.118536 	0.076024 	0.096227 	 0.006942 
0.317299 	0.114076 	0.073183 	0.092800 	 0.006890 
0.317462 	0.118352 	0.076249 	0.094536 	 0.007072 
0.311286 	0.132225 	0.085520 	0.101565 	 0.007804 
0.323790 	0.121864 	0.078104 	0.098415 	 0.006780 
0.314959 	0.126514 	0.081406 	0.102949 	 0.008096 
0.327534 	0.109703 	0.070391 	0.087932 	 0.006043 
0.318507 	0.110371 	0.070673 	0.089383 	 0.006651 
0.306870 	0.127682 	0.082175 	0.097909 	 0.006863 
0.315913 	0.120286 	0.077061 	0.097982 	 0.007483 
0.315558 	0.116827 	0.075191 	0.093436 	 0.007435 
0.320099 	0.115141 	0.074175 	0.093418 	 0.007399 
0.317130 	0.112870 	0.072397 	0.090117 	 0.006080 
0.314964 	0.114624 	0.073741 	0.092243 	 0.007086 
0.319993 	0.119731 	0.076811 	0.096820 	 0.006495 
0.301459 	0.139401 	0.090225 	0.107142 	 0.008550 
0.297351 	0.137660 	0.088746 	0.106856 	 0.008082 
0.284472 	0.149090 	0.095753 	0.116666 	 0.008746 
0.299344 	0.140194 	0.090628 	0.109511 	 0.008553 
0.297636 	0.133444 	0.085814 	0.106989 	 0.007980 
0.316800 	0.119213 	0.077296 	0.090868 	 0.006673 
0.304392 	0.136768 	0.089028 	0.103304 	 0.008466 
0.308062 	0.124046 	0.080057 	0.095763 	 0.006641 
0.297078 	0.137789 	0.088991 	0.108328 	 0.008412 
0.287807 	0.140620 	0.091125 	0.107445 	 0.009007 
0.302730 	0.128975 	0.083252 	0.100326 	 0.007311 
0.304132 	0.133540 	0.086207 	0.105673 	 0.008109 
0.304326 	0.132090 	0.085321 	0.103207 	 0.007900 
0.304898 	0.118415 	0.076007 	0.093956 	 0.006762 
0.284495 	0.137398 	0.089224 	0.104999 	 0.008838 
0.296583 	0.139451 	0.090696 	0.104506 	 0.008387 
0.311110 	0.132425 	0.085841 	0.098900 	 0.006481 
0.296590 	0.133497 	0.086707 	0.102329 	 0.008048 
0.286779 	0.137980 	0.089147 	0.107080 	 0.008938 
0.280092 	0.147567 	0.095107 	0.115250 	 0.008915 
0.289900 	0.130907 	0.084752 	0.101495 	 0.008274 
0.308131 	0.122261 	0.079481 	0.092636 	 0.006960 
0.305169 	0.130502 	0.084855 	0.100050 	 0.007526 
0.295620 	0.142544 	0.093040 	0.106036 	 0.008343 
0.286828 	0.142464 	0.092712 	0.105583 	 0.008227 
0.291038 	0.140197 	0.091216 	0.103652 	 0.008012 
0.283806 	0.138676 	0.089894 	0.105793 	 0.009003 
0.289831 	0.126324 	0.082258 	0.094217 	 0.007704 
0.290640 	0.140047 	0.090786 	0.105606 	 0.008467 
0.292100 	0.131059 	0.085048 	0.098162 	 0.007496 
0.281529 	0.141485 	0.091935 	0.103682 	 0.007731 
0.296953 	0.132502 	0.085978 	0.102471 	 0.007871 
0.288295 	0.132150 	0.086128 	0.097916 	 0.008342 
0.292720 	0.136336 	0.088543 	0.103255 	 0.008327 
0.285657 	0.138381 	0.090336 	0.102126 	 0.008489 
0.272402 	0.150201 	0.097958 	0.109907 	 0.009330 
0.291485 	0.135865 	0.088660 	0.098940 	 0.007734 
0.285585 	0.136522 	0.088997 	0.101517 	 0.007903 
0.292381 	0.134342 	0.087572 	0.099475 	 0.007367 
0.282715 	0.137410 	0.089315 	0.101420 	 0.007702 
0.283985 	0.145488 	0.094771 	0.105994 	 0.007778 
0.280480 	0.148032 	0.096148 	0.110994 	 0.008995 
0.298802 	0.136018 	0.089013 	0.099739 	 0.007689 
0.285713 	0.138003 	0.090140 	0.099424 	 0.007839 
0.276839 	0.149869 	0.097687 	0.110024 	 0.009058 
0.284758 	0.148521 	0.097044 	0.108040 	 0.008221 
0.274536 	0.146979 	0.095901 	0.107512 	 0.008566 
0.276140 	0.151902 	0.099484 	0.109970 	 0.009156 
0.295358 	0.133423 	0.087029 	0.099974 	 0.007672 
0.263544 	0.156081 	0.101897 	0.112694 	 0.009619 
0.276367 	0.151608 	0.099268 	0.110322 	 0.009224 
0.274692 	0.145692 	0.094989 	0.107474 	 0.008873 
0.277092 	0.155581 	0.102014 	0.111674 	 0.009195 
0.268754 	0.159515 	0.104423 	0.113631 	 0.009156 
0.271074 	0.159408 	0.104173 	0.117333 	 0.009856 
0.260218 	0.157866 	0.103174 	0.113344 	 0.009170 
0.280732 	0.144657 	0.094667 	0.104666 	 0.008627 
0.273927 	0.154903 	0.101447 	0.111303 	 0.008953 
0.270235 	0.153252 	0.100628 	0.108063 	 0.008636 
0.262727 	0.156741 	0.103140 	0.110257 	 0.010103 
0.279351 	0.143000 	0.093964 	0.102050 	 0.008729 
0.257548 	0.174223 	0.114165 	0.124651 	 0.010485 
0.252467 	0.170289 	0.111776 	0.121018 	 0.011024 
0.266720 	0.153375 	0.101119 	0.106441 	 0.009711 
0.261018 	0.157700 	0.103462 	0.111982 	 0.009657 
0.263404 	0.151450 	0.099597 	0.108719 	 0.010008 
0.266378 	0.155400 	0.101666 	0.112248 	 0.009697 
0.264843 	0.166230 	0.109161 	0.121317 	 0.010658 
0.252466 	0.173091 	0.113889 	0.118845 	 0.010246 
0.250103 	0.175505 	0.115314 	0.122982 	 0.010836 
0.259565 	0.170823 	0.112105 	0.121848 	 0.010611 
0.257147 	0.174201 	0.114774 	0.121127 	 0.010806 
0.262482 	0.165741 	0.109378 	0.113736 	 0.010078 
0.269700 	0.155425 	0.102574 	0.107530 	 0.008934 
0.259154 	0.158396 	0.104414 	0.109693 	 0.009867 
0.261237 	0.167699 	0.110348 	0.114991 	 0.009245 
0.267362 	0.160884 	0.106510 	0.109925 	 0.009618 
0.267798 	0.162176 	0.107315 	0.110977 	 0.009787 
0.253766 	0.161449 	0.106539 	0.110031 	 0.009578 
0.259896 	0.170707 	0.112481 	0.117858 	 0.009423 
0.263139 	0.170568 	0.112588 	0.117000 	 0.009677 
0.255273 	0.165400 	0.109145 	0.114783 	 0.010281 
0.264761 	0.162617 	0.107522 	0.113806 	 0.009825 
0.268035 	0.158926 	0.105332 	0.108673 	 0.009507 
0.244250 	0.173694 	0.114530 	0.119945 	 0.010661 
0.251391 	0.171224 	0.113275 	0.114780 	 0.010175 
0.256842 	0.165058 	0.109034 	0.113092 	 0.009711 
0.245522 	0.175895 	0.116258 	0.120141 	 0.010678 
0.261676 	0.161165 	0.106800 	0.109337 	 0.008940 
0.253652 	0.172211 	0.114064 	0.116811 	 0.009896 
0.253674 	0.172577 	0.114006 	0.116543 	 0.009501 
0.258331 	0.161707 	0.107231 	0.110187 	 0.009947 
0.252146 	0.167294 	0.110710 	0.114656 	 0.010200 
0.257250 	0.157936 	0.104576 	0.107050 	 0.008959 
0.245749 	0.175550 	0.116360 	0.118500 	 0.010691 
0.257258 	0.163834 	0.108689 	0.110231 	 0.009414 
0.247683 	0.171101 	0.113048 	0.116564 	 0.009684 
0.255936 	0.160735 	0.106807 	0.107960 	 0.009629 
0.247784 	0.177307 	0.117657 	0.119242 	 0.010560 
0.255841 	0.161352 	0.107164 	0.109422 	 0.009839 
0.250595 	0.164460 	0.109141 	0.111046 	 0.010037 
0.252621 	0.163970 	0.109171 	0.109551 	 0.009973 
0.251931 	0.171824 	0.113914 	0.115637 	 0.010174 
0.245565 	0.173986 	0.115523 	0.115624 	 0.010157 
0.247113 	0.170847 	0.113274 	0.115805 	 0.010572 
0.248818 	0.165730 	0.110228 	0.109805 	 0.010011 
0.242469 	0.173493 	0.115336 	0.116346 	 0.010815 
0.237119 	0.175242 	0.116271 	0.117741 	 0.010527 
0.241697 	0.179841 	0.119253 	0.121671 	 0.010722 
0.237300 	0.171910 	0.114446 	0.112881 	 0.010697 
0.239051 	0.181422 	0.120529 	0.119811 	 0.010959 
0.237839 	0.176174 	0.116973 	0.119748 	 0.011243 
0.238533 	0.187625 	0.124712 	0.123143 	 0.010816 
0.229513 	0.176021 	0.117272 	0.114471 	 0.011390 
0.234390 	0.180744 	0.119727 	0.119999 	 0.010808 
0.241006 	0.167353 	0.111504 	0.107588 	 0.010023 
0.244952 	0.173766 	0.115637 	0.113964 	 0.010265 
0.234315 	0.179426 	0.119544 	0.115048 	 0.010747 
0.242775 	0.172832 	0.115379 	0.111669 	 0.010262 
0.243840 	0.171286 	0.114579 	0.109597 	 0.010417 
0.229958 	0.179020 	0.118626 	0.119960 	 0.010626 
0.222629 	0.194586 	0.128913 	0.131700 	 0.012233 
0.229151 	0.181545 	0.120733 	0.120369 	 0.011064 
0.238923 	0.168793 	0.113098 	0.105773 	 0.010309 
0.221413 	0.192781 	0.128597 	0.124163 	 0.011969 
0.233385 	0.174013 	0.116107 	0.112005 	 0.010447 
0.237294 	0.183899 	0.122828 	0.116631 	 0.010458 
0.235078 	0.185449 	0.123439 	0.120774 	 0.010512 
0.233707 	0.184341 	0.123167 	0.119335 	 0.011366 
0.223795 	0.188359 	0.125915 	0.120475 	 0.011848 
0.236111 	0.180464 	0.120487 	0.115818 	 0.010298 
0.232191 	0.195059 	0.130583 	0.124432 	 0.011977 
0.219817 	0.192736 	0.128874 	0.122747 	 0.012209 
0.232908 	0.189838 	0.127158 	0.119686 	 0.010717 
0.211759 	0.204978 	0.136788 	0.131897 	 0.012408 
0.221989 	0.197469 	0.132402 	0.124470 	 0.012475 
0.214733 	0.196693 	0.131540 	0.123550 	 0.011883 
0.230678 	0.188051 	0.126349 	0.118281 	 0.011475 
0.224212 	0.203660 	0.135846 	0.131360 	 0.011809 
0.209586 	0.197341 	0.131676 	0.126102 	 0.011986 
0.222669 	0.196877 	0.131458 	0.125364 	 0.011516 
0.244524 	0.182898 	0.123107 	0.113194 	 0.009897 
0.228695 	0.178087 	0.119477 	0.109930 	 0.010313 
0.219055 	0.195961 	0.131367 	0.123160 	 0.011614 
0.225201 	0.186692 	0.125404 	0.117809 	 0.011575 
0.227971 	0.187001 	0.124752 	0.119682 	 0.010593 
0.220450 	0.195660 	0.131342 	0.124657 	 0.012514 
0.215613 	0.195348 	0.131203 	0.123176 	 0.012476 
0.228231 	0.188342 	0.126421 	0.118919 	 0.011280 
0.220404 	0.191441 	0.128700 	0.120582 	 0.012138 
0.209302 	0.201170 	0.134938 	0.125464 	 0.012294 
0.199088 	0.222942 	0.149098 	0.139934 	 0.013668 
0.215148 	0.203585 	0.136195 	0.130086 	 0.012532 
0.219388 	0.184886 	0.124589 	0.111843 	 0.011090 
0.218090 	0.196552 	0.131534 	0.125732 	 0.011591 
0.219936 	0.197548 	0.133170 	0.120236 	 0.012161 
0.212747 	0.197805 	0.133001 	0.122990 	 0.012208 
0.224887 	0.193867 	0.130751 	0.119351 	 0.011185 
0.232309 	0.182321 	0.123155 	0.111344 	 0.010717 
0.206271 	0.203537 	0.136710 	0.128475 	 0.012578 
0.212119 	0.191734 	0.129633 	0.115161 	 0.011741 
0.213850 	0.203240 	0.136583 	0.127368 	 0.012206 
0.214523 	0.205737 	0.138582 	0.127211 	 0.012166 
0.217988 	0.201512 	0.135506 	0.126510 	 0.012373 
0.220159 	0.205114 	0.137980 	0.127138 	 0.011352 
0.200153 	0.210024 	0.141184 	0.130272 	 0.012503 
0.211813 	0.206425 	0.138880 	0.128682 	 0.012270 
0.209511 	0.207218 	0.139686 	0.126750 	 0.012504 
0.205580 	0.210719 	0.142278 	0.127684 	 0.012588 
0.210804 	0.197432 	0.133701 	0.118594 	 0.012541 
0.205129 	0.207172 	0.139556 	0.126638 	 0.012109 
0.208119 	0.202749 	0.136762 	0.122647 	 0.011791 
0.210377 	0.200298 	0.134633 	0.125387 	 0.011692 
0.214237 	0.204250 	0.138490 	0.121523 	 0.012052 
0.206647 	0.211747 	0.142974 	0.127887 	 0.012382 
0.203700 	0.211315 	0.142897 	0.125735 	 0.012348 
0.196866 	0.219331 	0.148123 	0.130924 	 0.012856 
0.212191 	0.203053 	0.137354 	0.119849 	 0.011814 
0.215624 	0.195882 	0.132669 	0.117844 	 0.011684 
0.198537 	0.208802 	0.140990 	0.127446 	 0.012672 
0.204116 	0.204068 	0.137861 	0.125004 	 0.012594 
0.208821 	0.203801 	0.137815 	0.121240 	 0.011502 
0.203605 	0.205825 	0.139307 	0.123294 	 0.012548 
0.199072 	0.211398 	0.143206 	0.127983 	 0.013368 
0.208134 	0.200496 	0.135724 	0.119655 	 0.011559 
0.207729 	0.208262 	0.141111 	0.123771 	 0.012016 
0.203268 	0.209924 	0.142272 	0.124378 	 0.011876 
0.203606 	0.209109 	0.141849 	0.123263 	 0.012303 
0.216104 	0.191658 	0.130542 	0.110785 	 0.011032 
0.219202 	0.195473 	0.132846 	0.113675 	 0.010796 
0.211645 	0.190041 	0.129425 	0.109901 	 0.011057 
0.201769 	0.203365 	0.137682 	0.122367 	 0.012500 
0.201412 	0.207825 	0.140544 	0.127419 	 0.012551 
0.207293 	0.204411 	0.138840 	0.119797 	 0.011694 
0.206252 	0.195916 	0.133062 	0.115719 	 0.011875 
0.202097 	0.201169 	0.136568 	0.117715 	 0.011666 
0.203662 	0.205558 	0.139477 	0.120678 	 0.011626 
0.203179 	0.203253 	0.138459 	0.118573 	 0.012566 
0.200318 	0.202849 	0.137632 	0.121540 	 0.012585 
0.198837 	0.208300 	0.141084 	0.123998 	 0.012264 
0.205814 	0.204824 	0.139599 	0.117098 	 0.011622 
0.194380 	0.213720 	0.144768 	0.127145 	 0.012276 
0.202724 	0.198462 	0.134960 	0.116444 	 0.012157 
0.193540 	0.201922 	0.137050 	0.118399 	 0.011899 
0.185956 	0.214261 	0.145356 	0.124586 	 0.012182 
0.201757 	0.203900 	0.138657 	0.118034 	 0.012034 
0.198074 	0.204819 	0.139285 	0.120553 	 0.012346 
0.205598 	0.205475 	0.139876 	0.118918 	 0.011768 
0.205459 	0.204590 	0.139829 	0.115317 	 0.011620 
0.198580 	0.212815 	0.145173 	0.120029 	 0.012093 
0.202965 	0.203731 	0.139188 	0.117749 	 0.011962 
0.188782 	0.223738 	0.151710 	0.132261 	 0.012782 
0.197530 	0.204052 	0.139489 	0.116076 	 0.012030 
0.195462 	0.210617 	0.143352 	0.123556 	 0.012772 
0.200060 	0.207320 	0.141181 	0.120294 	 0.011369 
0.208273 	0.198249 	0.135532 	0.112047 	 0.011180 
0.188012 	0.222645 	0.151677 	0.128681 	 0.013101 
0.200055 	0.202547 	0.138700 	0.114892 	 0.011918 
0.183276 	0.216804 	0.147787 	0.125003 	 0.013022 
0.189331 	0.223819 	0.152522 	0.129717 	 0.013185 
0.188390 	0.220125 	0.150355 	0.125792 	 0.013193 
0.198567 	0.204248 	0.139955 	0.112625 	 0.011433 
0.176179 	0.216372 	0.147934 	0.123321 	 0.013888 
0.178454 	0.217610 	0.148410 	0.123652 	 0.013268 
0.196653 	0.210270 	0.143782 	0.118164 	 0.012409 
0.186182 	0.219545 	0.149723 	0.124708 	 0.012946 
0.166363 	0.233050 	0.158379 	0.135598 	 0.014712 
0.181464 	0.215104 	0.147028 	0.120840 	 0.013044 
0.179712 	0.223621 	0.152582 	0.128055 	 0.013492 
0.186431 	0.209748 	0.143490 	0.118047 	 0.012528 
0.171948 	0.229301 	0.156026 	0.132696 	 0.013900 
0.182851 	0.217306 	0.149031 	0.122214 	 0.013682 
0.178841 	0.223923 	0.152911 	0.126608 	 0.013560 
0.181968 	0.220023 	0.150514 	0.123512 	 0.013008 
0.178820 	0.214399 	0.146770 	0.120874 	 0.012985 
0.191260 	0.209892 	0.144271 	0.115207 	 0.012304 
0.178783 	0.218273 	0.149839 	0.121238 	 0.013209 
0.178047 	0.224525 	0.153629 	0.125219 	 0.013496 
0.173825 	0.230028 	0.157129 	0.130177 	 0.013618 
0.171283 	0.230846 	0.157380 	0.131496 	 0.013767 
0.170496 	0.225586 	0.154560 	0.125377 	 0.013890 
0.188209 	0.221201 	0.151811 	0.122246 	 0.012817 
0.174653 	0.229040 	0.157384 	0.124924 	 0.013809 
0.174314 	0.225051 	0.154465 	0.124418 	 0.013547 
0.179967 	0.221776 	0.152308 	0.121903 	 0.012867 
0.194096 	0.208962 	0.143972 	0.114443 	 0.012380 
0.186472 	0.218724 	0.150140 	0.121450 	 0.013105 
0.166999 	0.234151 	0.160677 	0.130521 	 0.014415 
0.184883 	0.218788 	0.150433 	0.119699 	 0.013111 
0.168726 	0.221935 	0.152642 	0.121207 	 0.013645 
0.180086 	0.227525 	0.156361 	0.123774 	 0.012771 
0.185334 	0.216013 	0.148645 	0.116649 	 0.011846 
0.171135 	0.231893 	0.158889 	0.128723 	 0.013434 
0.160659 	0.236738 	0.162542 	0.130721 	 0.014737 
0.178010 	0.235518 	0.162261 	0.127203 	 0.014065 
0.176604 	0.233301 	0.160188 	0.128786 	 0.013348 
0.174139 	0.224470 	0.154548 	0.123243 	 0.014132 
0.179056 	0.221282 	0.151911 	0.122575 	 0.012554 
0.167510 	0.231577 	0.158984 	0.129579 	 0.014253 
0.176828 	0.228476 	0.157273 	0.125900 	 0.013660 
0.170382 	0.230330 	0.158418 	0.127538 	 0.014002 
0.179376 	0.232177 	0.159741 	0.129122 	 0.014176 
0.183032 	0.227570 	0.157182 	0.123320 	 0.013662 
0.174975 	0.231076 	0.159259 	0.124997 	 0.013819 
0.166694 	0.238273 	0.163995 	0.132852 	 0.014924 
0.176924 	0.221273 	0.153152 	0.115744 	 0.013159 
0.168698 	0.234457 	0.161399 	0.127364 	 0.013939 
0.169446 	0.231821 	0.159677 	0.126641 	 0.014065 
0.169229 	0.237359 	0.163546 	0.129072 	 0.014506 
0.184621 	0.218609 	0.151407 	0.116135 	 0.012945 
0.166771 	0.234096 	0.161592 	0.128090 	 0.014904 
0.165523 	0.237350 	0.163626 	0.127194 	 0.013726 
0.171152 	0.234353 	0.161736 	0.124688 	 0.013431 
0.156047 	0.242622 	0.167110 	0.130546 	 0.014487 
0.165606 	0.239781 	0.165165 	0.131004 	 0.014999 
0.174268 	0.233515 	0.161294 	0.125937 	 0.013868 
0.177417 	0.230861 	0.159857 	0.122604 	 0.013422 
0.158440 	0.233473 	0.161202 	0.123930 	 0.014111 
0.177809 	0.239525 	0.165620 	0.127259 	 0.013401 
0.166858 	0.237412 	0.163459 	0.130138 	 0.013525 
0.173115 	0.230307 	0.159500 	0.121884 	 0.013146 
0.164923 	0.227938 	0.157686 	0.122443 	 0.013855 
0.157574 	0.243012 	0.167888 	0.130117 	 0.014689 
0.160021 	0.248264 	0.170988 	0.134318 	 0.014249 
0.172600 	0.227301 	0.157618 	0.119492 	 0.012959 
0.188822 	0.218861 	0.152837 	0.111525 	 0.012538 
0.167648 	0.234180 	0.162329 	0.122628 	 0.013557 
0.165061 	0.243681 	0.168463 	0.129553 	 0.014101 
0.155359 	0.241188 	0.166513 	0.129898 	 0.014227 
0.157143 	0.246275 	0.170269 	0.130829 	 0.014430 
0.169196 	0.236049 	0.163695 	0.123025 	 0.013985 
0.147377 	0.249990 	0.172472 	0.134311 	 0.015222 
0.156728 	0.240508 	0.166436 	0.125664 	 0.014212 
0.166990 	0.236394 	0.163919 	0.123301 	 0.013449 
0.170903 	0.234105 	0.162775 	0.121065 	 0.013548 
0.171870 	0.232782 	0.161898 	0.120728 	 0.013588 
0.162343 	0.246122 	0.170406 	0.132439 	 0.014981 
0.171817 	0.234128 	0.162865 	0.119074 	 0.012902 
0.149017 	0.250870 	0.173710 	0.131847 	 0.015193 
0.154945 	0.249244 	0.172794 	0.129848 	 0.014312 
0.164156 	0.228171 	0.158792 	0.116785 	 0.013354 
0.170109 	0.228748 	0.158752 	0.117883 	 0.012398 
0.157889 	0.235216 	0.163625 	0.122699 	 0.014156 
0.164435 	0.242016 	0.168438 	0.125143 	 0.014095 
0.163847 	0.226551 	0.157927 	0.115043 	 0.012981 
0.156851 	0.236856 	0.164345 	0.124683 	 0.013751 
0.151334 	0.244523 	0.169167 	0.130999 	 0.014352 
0.152843 	0.245290 	0.170223 	0.129427 	 0.014677 
0.154756 	0.239627 	0.166454 	0.126855 	 0.014407 
0.154666 	0.234728 	0.163387 	0.121223 	 0.013727 
0.157704 	0.241195 	0.167324 	0.128600 	 0.014259 
0.161699 	0.239889 	0.167109 	0.121627 	 0.013335 
0.155610 	0.242258 	0.168372 	0.126133 	 0.014366 
0.147430 	0.246044 	0.170820 	0.128900 	 0.014721 
0.164994 	0.227299 	0.158902 	0.116008 	 0.013593 
0.138651 	0.258746 	0.178897 	0.137461 	 0.015444 
0.155901 	0.243262 	0.169342 	0.125002 	 0.014394 
0.139150 	0.261206 	0.180958 	0.138765 	 0.015236 
0.150879 	0.242220 	0.168771 	0.122907 	 0.014125 
0.152344 	0.241745 	0.168229 	0.127106 	 0.014582 
0.158605 	0.240251 	0.167719 	0.121181 	 0.014172 
0.149215 	0.247446 	0.172495 	0.126703 	 0.014318 
0.166748 	0.229274 	0.160553 	0.116127 	 0.013467 
0.160643 	0.240402 	0.167792 	0.123972 	 0.014186 
0.159138 	0.233239 	0.163427 	0.116803 	 0.013547 
0.158840 	0.231751 	0.162600 	0.115091 	 0.013519 
0.154066 	0.249250 	0.173776 	0.126428 	 0.013804 
0.152013 	0.248212 	0.172646 	0.130957 	 0.014588 
0.152435 	0.249090 	0.174045 	0.125375 	 0.014051 
0.150238 	0.248228 	0.173265 	0.126464 	 0.014809 
0.137210 	0.259510 	0.180579 	0.131379 	 0.014841 
0.137637 	0.260624 	0.180749 	0.137215 	 0.015380 
0.150574 	0.250043 	0.174430 	0.128351 	 0.015045 
0.157147 	0.233630 	0.163976 	0.115884 	 0.013739 
0.149628 	0.238003 	0.166552 	0.120049 	 0.014384 
0.153742 	0.244826 	0.171094 	0.123686 	 0.013991 
0.143347 	0.257524 	0.179819 	0.130935 	 0.015353 
0.144542 	0.250045 	0.174605 	0.127494 	 0.015006 
0.151660 	0.249478 	0.174981 	0.123646 	 0.015327 
0.136239 	0.254128 	0.177344 	0.128078 	 0.015022 
0.136530 	0.253348 	0.177141 	0.127110 	 0.015563 
0.162417 	0.233345 	0.164196 	0.111726 	 0.012677 
0.136812 	0.263423 	0.183284 	0.135693 	 0.015071 
0.132503 	0.260045 	0.181098 	0.135108 	 0.015692 
0.137963 	0.256402 	0.179194 	0.128057 	 0.015047 
0.150955 	0.246152 	0.172975 	0.119964 	 0.014055 
0.124310 	0.257252 	0.179966 	0.128127 	 0.016022 
0.141512 	0.253068 	0.177272 	0.122869 	 0.014107 
0.143178 	0.253285 	0.177667 	0.124938 	 0.015247 
0.133808 	0.256338 	0.179504 	0.127865 	 0.015194 
0.141813 	0.258732 	0.181227 	0.127776 	 0.014943 
0.133834 	0.249952 	0.175669 	0.122772 	 0.015518 
0.150527 	0.255073 	0.179078 	0.126624 	 0.014957 
0.137848 	0.257021 	0.180119 	0.128317 	 0.016000 
0.147712 	0.245299 	0.172573 	0.120523 	 0.014547 
0.150799 	0.241647 	0.170181 	0.117747 	 0.014215 
0.146211 	0.245508 	0.173002 	0.117752 	 0.014439 
0.131367 	0.266659 	0.186321 	0.134761 	 0.015610 
0.131631 	0.265981 	0.186260 	0.131419 	 0.015227 
0.134604 	0.262968 	0.184153 	0.130859 	 0.015934 
0.135622 	0.269235 	0.188216 	0.136820 	 0.015774 
0.146139 	0.254135 	0.178826 	0.124547 	 0.015055 
0.136309 	0.258006 	0.181476 	0.124380 	 0.014784 
0.128850 	0.261578 	0.183620 	0.129111 	 0.015688 
0.137946 	0.261271 	0.183525 	0.129737 	 0.015610 
0.125119 	0.268194 	0.188295 	0.134284 	 0.016756 
0.139297 	0.260287 	0.182931 	0.129617 	 0.015852 
0.126150 	0.269033 	0.188308 	0.135777 	 0.016571 
0.144020 	0.252401 	0.177935 	0.121394 	 0.015017 
0.141974 	0.262324 	0.184020 	0.132691 	 0.015466 
0.135237 	0.270458 	0.189574 	0.137098 	 0.016334 
0.135670 	0.262556 	0.184717 	0.127367 	 0.015606 
0.121356 	0.273418 	0.191674 	0.137322 	 0.016650 
0.143780 	0.251336 	0.177920 	0.119595 	 0.015088 
0.148400 	0.251397 	0.177917 	0.117172 	 0.014617 
0.139305 	0.257595 	0.181554 	0.125745 	 0.015419 
0.128851 	0.270630 	0.189978 	0.135831 	 0.016162 
0.128547 	0.277950 	0.194954 	0.139153 	 0.016737 
0.132711 	0.261002 	0.184265 	0.126429 	 0.016059 
0.107349 	0.285952 	0.199985 	0.146172 	 0.017681 
0.143904 	0.260346 	0.183438 	0.126546 	 0.014316 
0.142049 	0.254059 	0.179742 	0.120237 	 0.014390 
0.154118 	0.233936 	0.167049 	0.105390 	 0.013977 
0.131707 	0.262086 	0.185117 	0.126466 	 0.015543 
0.124155 	0.272523 	0.192094 	0.130441 	 0.015824 
0.135710 	0.268991 	0.189442 	0.131291 	 0.014856 
0.130308 	0.263608 	0.186317 	0.124612 	 0.015471 
0.141100 	0.265837 	0.187797 	0.128436 	 0.015649 
0.121333 	0.269813 	0.190550 	0.128881 	 0.015843 
0.131183 	0.265132 	0.187554 	0.126470 	 0.015968 
0.126090 	0.268886 	0.189913 	0.131092 	 0.016662 
0.127791 	0.267813 	0.189654 	0.126561 	 0.015838 
0.134825 	0.267859 	0.189468 	0.128484 	 0.016062 
0.127986 	0.272509 	0.192538 	0.130314 	 0.015979 
0.142033 	0.257847 	0.182761 	0.122493 	 0.015076 
0.132998 	0.267546 	0.189333 	0.125831 	 0.015498 
0.131108 	0.260779 	0.185079 	0.120047 	 0.014897 
0.127065 	0.272212 	0.192510 	0.130872 	 0.016284 
0.118771 	0.273528 	0.193082 	0.130775 	 0.016423 
0.130932 	0.261257 	0.185446 	0.121237 	 0.015057 
0.127935 	0.263316 	0.186969 	0.123742 	 0.015868 
0.115443 	0.278625 	0.197035 	0.134138 	 0.017282 
0.129349 	0.273707 	0.194076 	0.127634 	 0.016010 
0.129130 	0.271449 	0.192093 	0.127866 	 0.015655 
0.131720 	0.256866 	0.182550 	0.118822 	 0.014837 
0.129022 	0.275653 	0.194828 	0.133724 	 0.016221 
0.145552 	0.253795 	0.180671 	0.115917 	 0.014471 
0.123513 	0.275465 	0.194853 	0.134712 	 0.017171 
0.124754 	0.272405 	0.192758 	0.128454 	 0.015911 
0.113477 	0.288075 	0.203363 	0.137384 	 0.016861 
0.131733 	0.278334 	0.197208 	0.133763 	 0.016955 
0.133453 	0.261147 	0.185924 	0.120748 	 0.015799 
0.121529 	0.275363 	0.194928 	0.132421 	 0.016425 
0.138520 	0.267631 	0.190404 	0.123786 	 0.015493 
0.121561 	0.275210 	0.195199 	0.129009 	 0.016303 
0.123561 	0.273958 	0.194390 	0.129531 	 0.016163 
0.140935 	0.255381 	0.182387 	0.116961 	 0.014983 
0.121660 	0.274363 	0.194761 	0.130666 	 0.016682 
0.130933 	0.264496 	0.188424 	0.121644 	 0.015604 
0.119619 	0.273162 	0.193908 	0.129223 	 0.016354 
0.128373 	0.268502 	0.191425 	0.123133 	 0.016154 
0.121467 	0.272568 	0.193747 	0.127902 	 0.016245 
0.127833 	0.266998 	0.190619 	0.121650 	 0.016144 
0.136136 	0.254214 	0.181688 	0.114732 	 0.014989 
0.139696 	0.258880 	0.184992 	0.119606 	 0.015337 
0.129902 	0.280263 	0.199354 	0.131458 	 0.016668 
0.130421 	0.261702 	0.187391 	0.117045 	 0.015705 
0.113310 	0.281163 	0.199447 	0.134848 	 0.017228 
0.125431 	0.266966 	0.190575 	0.122754 	 0.016023 
0.118274 	0.277473 	0.197093 	0.133257 	 0.017066 
0.121862 	0.271202 	0.192807 	0.129416 	 0.016483 
0.121640 	0.277853 	0.198287 	0.127051 	 0.017046 
0.118388 	0.285121 	0.202919 	0.132258 	 0.017118 
0.122257 	0.276510 	0.196954 	0.127220 	 0.016354 
0.131442 	0.271072 	0.193256 	0.125597 	 0.015727 
0.112268 	0.286679 	0.203978 	0.134968 	 0.017785 
0.103918 	0.287542 	0.203974 	0.136700 	 0.017572 
0.126873 	0.268386 	0.191733 	0.123273 	 0.016029 
0.113908 	0.283628 	0.201899 	0.131737 	 0.016780 
0.123958 	0.276950 	0.197656 	0.127343 	 0.015785 
0.118618 	0.288101 	0.204844 	0.135654 	 0.016956 
0.119602 	0.281292 	0.200816 	0.129180 	 0.016965 
0.117699 	0.273777 	0.195302 	0.126385 	 0.016128 
0.124845 	0.276896 	0.197816 	0.126830 	 0.016300 
0.114032 	0.283389 	0.201862 	0.133942 	 0.017463 
0.128379 	0.270123 	0.193562 	0.122398 	 0.016328 
0.105706 	0.277949 	0.198807 	0.126821 	 0.017488 
0.118393 	0.279927 	0.199928 	0.129663 	 0.017313 
0.114011 	0.269472 	0.193293 	0.121367 	 0.016907 
0.109605 	0.276199 	0.197045 	0.127963 	 0.016576 
0.114711 	0.263597 	0.189559 	0.114930 	 0.016020 
0.121218 	0.270944 	0.193676 	0.125780 	 0.016186 
0.128660 	0.259636 	0.186965 	0.116175 	 0.016159 
0.112253 	0.261365 	0.187304 	0.117784 	 0.015850 
0.123366 	0.269601 	0.193260 	0.119409 	 0.015690 
0.127457 	0.257627 	0.185079 	0.116522 	 0.015295 
0.114903 	0.274857 	0.197282 	0.125099 	 0.017459 
0.130408 	0.263147 	0.189283 	0.116636 	 0.015370 
0.114709 	0.277601 	0.199128 	0.125623 	 0.017026 
0.124687 	0.264191 	0.190058 	0.118088 	 0.016067 
0.125543 	0.265087 	0.190822 	0.116709 	 0.015678 
0.109871 	0.276909 	0.198928 	0.122373 	 0.016928 
0.115715 	0.269202 	0.193198 	0.122463 	 0.016503 
0.132874 	0.257170 	0.185980 	0.110672 	 0.015854 
0.122692 	0.265488 	0.191074 	0.117785 	 0.015677 
0.127881 	0.269900 	0.194328 	0.120072 	 0.016135 
0.124589 	0.252900 	0.183664 	0.105126 	 0.015800 
0.135445 	0.259473 	0.187347 	0.112957 	 0.015158 
0.114484 	0.280656 	0.200986 	0.131058 	 0.017108 
0.110217 	0.292012 	0.208905 	0.136094 	 0.017696 
0.117997 	0.275467 	0.197964 	0.125433 	 0.016960 
0.130966 	0.269914 	0.194662 	0.120857 	 0.016217 
0.120587 	0.277068 	0.198857 	0.126756 	 0.016870 
0.115457 	0.274199 	0.197386 	0.123075 	 0.017070 
0.108329 	0.275584 	0.198655 	0.122636 	 0.017796 
0.110894 	0.285113 	0.204227 	0.131211 	 0.018075 
0.112122 	0.274552 	0.197894 	0.119236 	 0.016709 
0.118245 	0.269577 	0.195314 	0.114803 	 0.016501 
0.439042 	0.000047 	0.001394 	-0.002588 	 -0.000044 
0.441092 	0.007493 	0.006079 	0.005664 	 0.001399 
0.452220 	0.010857 	0.008004 	0.013213 	 0.001148 
0.449719 	0.009373 	0.007034 	0.013195 	 0.001670 
0.441840 	0.027950 	0.018692 	0.028133 	 0.002080 
0.446430 	0.023092 	0.016078 	0.022344 	 0.002054 
0.425867 	0.037824 	0.025420 	0.033336 	 0.003128 
0.438371 	0.025194 	0.017193 	0.026785 	 0.002568 
0.432767 	0.034679 	0.023561 	0.029547 	 0.003046 
0.428595 	0.026445 	0.017576 	0.029259 	 0.003076 
0.420405 	0.034093 	0.023324 	0.030552 	 0.004149 
0.424680 	0.034834 	0.023070 	0.035444 	 0.003527 
0.438838 	0.029161 	0.019968 	0.025865 	 0.001976 
0.449544 	0.009491 	0.006752 	0.016314 	 0.002362 
0.432557 	0.038364 	0.025848 	0.031691 	 0.002840 
0.416006 	0.048296 	0.031551 	0.043820 	 0.004083 
0.407077 	0.050444 	0.033632 	0.042176 	 0.004391 
0.423076 	0.033380 	0.022495 	0.030411 	 0.003409 
0.401258 	0.050681 	0.033284 	0.044352 	 0.004662 
0.411272 	0.043071 	0.028981 	0.037436 	 0.004893 
0.398512 	0.054839 	0.035737 	0.048068 	 0.004990 
0.393879 	0.056659 	0.037111 	0.050976 	 0.005600 
0.408922 	0.050783 	0.033818 	0.042635 	 0.005292 
0.393632 	0.053664 	0.035060 	0.045951 	 0.005426 
0.386902 	0.058551 	0.038381 	0.051821 	 0.006166 
0.396101 	0.057237 	0.038023 	0.047348 	 0.005642 
0.398351 	0.054475 	0.035940 	0.046798 	 0.005432 
0.389510 	0.047202 	0.031311 	0.042719 	 0.005566 
0.399151 	0.050746 	0.033923 	0.042310 	 0.005392 
0.377641 	0.071675 	0.046951 	0.059927 	 0.007470 
0.393057 	0.056004 	0.036911 	0.049777 	 0.006117 
0.386757 	0.060308 	0.039118 	0.054835 	 0.006040 
0.385409 	0.059893 	0.039878 	0.048927 	 0.006964 
0.397726 	0.054156 	0.035852 	0.045734 	 0.005345 
0.380542 	0.062525 	0.041323 	0.052345 	 0.007070 
0.380647 	0.062658 	0.041478 	0.050907 	 0.006165 
0.385429 	0.058012 	0.038213 	0.049988 	 0.006405 
0.385512 	0.056166 	0.036738 	0.051426 	 0.006366 
0.388923 	0.051296 	0.033810 	0.047385 	 0.006313 
0.369868 	0.066721 	0.043957 	0.056034 	 0.007315 
0.365062 	0.076790 	0.050682 	0.062164 	 0.007742 
0.366394 	0.072094 	0.047033 	0.061389 	 0.007041 
0.379205 	0.060624 	0.039721 	0.050461 	 0.005823 
0.373237 	0.071945 	0.047624 	0.057312 	 0.006826 
0.371200 	0.061581 	0.040622 	0.051098 	 0.006744 
0.376383 	0.062810 	0.041832 	0.052827 	 0.007367 
0.362476 	0.070967 	0.046114 	0.060857 	 0.007010 
0.375062 	0.062232 	0.041277 	0.053325 	 0.007141 
0.369630 	0.065060 	0.043029 	0.053744 	 0.007194 
0.357599 	0.072975 	0.047878 	0.061246 	 0.008107 
0.373295 	0.068024 	0.044909 	0.056745 	 0.006714 
0.369188 	0.060692 	0.040314 	0.048092 	 0.006489 
0.374659 	0.067583 	0.044510 	0.056296 	 0.006968 
0.376251 	0.062900 	0.041456 	0.053836 	 0.006504 
0.356605 	0.080264 	0.052883 	0.066133 	 0.008919 
0.363179 	0.072957 	0.048118 	0.061497 	 0.008018 
0.360668 	0.067571 	0.044387 	0.059173 	 0.007122 
0.347585 	0.084937 	0.055562 	0.069827 	 0.007998 
0.356604 	0.075484 	0.049420 	0.063873 	 0.007961 
0.352792 	0.079086 	0.052770 	0.061644 	 0.008578 
0.360382 	0.067233 	0.044519 	0.056983 	 0.007821 
0.363722 	0.061041 	0.040876 	0.049211 	 0.007437 
0.351328 	0.068358 	0.045493 	0.055583 	 0.008100 
0.345637 	0.072845 	0.048182 	0.059634 	 0.008692 
0.364490 	0.064850 	0.042825 	0.054696 	 0.007023 
0.349857 	0.075657 	0.049739 	0.062595 	 0.008039 
0.350065 	0.074919 	0.049614 	0.060340 	 0.007944 
0.358200 	0.074083 	0.049263 	0.061005 	 0.008775 
0.342749 	0.081098 	0.053194 	0.067135 	 0.008754 
0.335348 	0.083017 	0.054364 	0.069208 	 0.009566 
0.335671 	0.077937 	0.051103 	0.064355 	 0.008494 
0.337908 	0.087412 	0.057831 	0.068366 	 0.009266 
0.339755 	0.080388 	0.053136 	0.064928 	 0.008908 
0.341600 	0.084188 	0.055611 	0.068962 	 0.009543 
0.333243 	0.078200 	0.051602 	0.063400 	 0.008873 
0.346828 	0.067500 	0.044774 	0.056869 	 0.007874 
0.333084 	0.093736 	0.062077 	0.072506 	 0.009589 
0.333664 	0.090713 	0.059904 	0.069459 	 0.008449 
0.334087 	0.089275 	0.058824 	0.072125 	 0.009476 
0.345978 	0.076845 	0.051158 	0.060884 	 0.008228 
0.325322 	0.092711 	0.060852 	0.073715 	 0.009274 
0.330767 	0.086517 	0.057484 	0.066863 	 0.009230 
0.325822 	0.087400 	0.057269 	0.071584 	 0.009432 
0.340011 	0.082811 	0.055111 	0.063683 	 0.008207 
0.323447 	0.098132 	0.064683 	0.076840 	 0.009822 
0.325220 	0.089490 	0.059184 	0.069564 	 0.009305 
0.331592 	0.086780 	0.057646 	0.066617 	 0.009138 
0.336667 	0.074398 	0.049182 	0.059111 	 0.008186 
0.319796 	0.090857 	0.060227 	0.067848 	 0.009141 
0.325715 	0.092017 	0.061105 	0.069983 	 0.009460 
0.335277 	0.084976 	0.056150 	0.069385 	 0.009181 
0.320147 	0.095875 	0.063413 	0.073060 	 0.009513 
0.316025 	0.096638 	0.063727 	0.073987 	 0.009924 
0.326401 	0.086134 	0.057301 	0.066848 	 0.009152 
0.325001 	0.087392 	0.057896 	0.068496 	 0.009293 
0.315683 	0.098883 	0.065573 	0.074712 	 0.009712 
0.329088 	0.087618 	0.058399 	0.067760 	 0.009600 
0.315595 	0.090479 	0.059880 	0.070512 	 0.009915 
0.328313 	0.085997 	0.057280 	0.065676 	 0.008997 
0.326392 	0.092248 	0.061403 	0.069398 	 0.009112 
0.315319 	0.095382 	0.063227 	0.073854 	 0.009802 
0.320666 	0.094057 	0.062292 	0.071920 	 0.009152 
0.320832 	0.089446 	0.059726 	0.066195 	 0.009240 
0.319090 	0.083096 	0.055436 	0.063884 	 0.009212 
0.326430 	0.084166 	0.056115 	0.065282 	 0.008836 
0.304887 	0.097153 	0.064425 	0.074793 	 0.010330 
0.308175 	0.106154 	0.070851 	0.078055 	 0.010788 
0.303721 	0.106029 	0.070182 	0.079854 	 0.010631 
0.315455 	0.098045 	0.064796 	0.075690 	 0.009922 
0.310454 	0.090320 	0.059477 	0.070530 	 0.009307 
0.322574 	0.088957 	0.059202 	0.067350 	 0.008877 
0.289029 	0.107003 	0.070936 	0.080202 	 0.010907 
0.309501 	0.092813 	0.062253 	0.067762 	 0.010014 
0.307980 	0.103462 	0.068831 	0.075965 	 0.010254 
0.297487 	0.111410 	0.073906 	0.083379 	 0.011442 
0.313407 	0.100411 	0.066981 	0.075964 	 0.009923 
0.309663 	0.100690 	0.067219 	0.074686 	 0.010728 
0.318581 	0.094118 	0.063031 	0.069280 	 0.009857 
0.309579 	0.095604 	0.064271 	0.069351 	 0.010275 
0.310168 	0.097854 	0.064978 	0.074415 	 0.010592 
0.301877 	0.099121 	0.066093 	0.073835 	 0.010676 
0.300123 	0.098472 	0.065445 	0.074247 	 0.010554 
0.287695 	0.115831 	0.076681 	0.087314 	 0.011868 
0.307639 	0.104231 	0.069365 	0.076957 	 0.010149 
0.306055 	0.104869 	0.070166 	0.075890 	 0.010316 
0.281342 	0.117276 	0.077590 	0.087002 	 0.011838 
0.290423 	0.116235 	0.077127 	0.088407 	 0.012090 
0.292181 	0.107763 	0.071451 	0.081299 	 0.011270 
0.290892 	0.104289 	0.069680 	0.075978 	 0.010649 
0.288994 	0.118462 	0.078824 	0.085121 	 0.011403 
0.298434 	0.101216 	0.067288 	0.077135 	 0.010317 
0.287456 	0.113450 	0.075670 	0.081848 	 0.011255 
0.281775 	0.112628 	0.074993 	0.082555 	 0.011541 
0.300440 	0.097451 	0.065387 	0.073221 	 0.010899 
0.286797 	0.117488 	0.078107 	0.086544 	 0.012226 
0.284828 	0.111394 	0.074187 	0.081178 	 0.011310 
0.281823 	0.115534 	0.076640 	0.087211 	 0.012469 
0.289033 	0.104985 	0.070220 	0.077583 	 0.011607 
0.290575 	0.108433 	0.072412 	0.078193 	 0.010540 
0.283778 	0.109406 	0.073082 	0.078145 	 0.010969 
0.294192 	0.107556 	0.071995 	0.077612 	 0.011025 
0.302608 	0.099763 	0.067117 	0.072030 	 0.010304 
0.268751 	0.122762 	0.081750 	0.089744 	 0.012899 
0.281839 	0.105524 	0.070557 	0.076283 	 0.011127 
0.263256 	0.126489 	0.084348 	0.090235 	 0.013328 
0.270783 	0.121665 	0.081290 	0.085454 	 0.012688 
0.267492 	0.122258 	0.081565 	0.085993 	 0.011967 
0.288685 	0.114038 	0.076422 	0.081238 	 0.011570 
0.293126 	0.105204 	0.070730 	0.073474 	 0.010394 
0.283321 	0.108341 	0.072805 	0.077997 	 0.012017 
0.282172 	0.107488 	0.071890 	0.077870 	 0.011782 
0.284696 	0.109084 	0.073080 	0.077755 	 0.011596 
0.275703 	0.124516 	0.083294 	0.089759 	 0.012788 
0.287080 	0.117374 	0.078894 	0.080797 	 0.011795 
0.269446 	0.118033 	0.078844 	0.084253 	 0.012524 
0.279976 	0.116287 	0.077536 	0.085983 	 0.011681 
0.277876 	0.112105 	0.074864 	0.081210 	 0.011447 
0.280017 	0.112549 	0.075338 	0.081312 	 0.011759 
0.283563 	0.112799 	0.076193 	0.078214 	 0.011966 
0.271595 	0.120521 	0.080495 	0.087944 	 0.012070 
0.282763 	0.113786 	0.076941 	0.077708 	 0.011609 
0.284697 	0.104898 	0.070752 	0.073733 	 0.010994 
0.277362 	0.109152 	0.073238 	0.078833 	 0.011652 
0.280451 	0.111182 	0.074677 	0.080318 	 0.011992 
0.284008 	0.102353 	0.068977 	0.070993 	 0.010834 
0.277786 	0.105513 	0.070479 	0.078484 	 0.011519 
0.265179 	0.120484 	0.080839 	0.085022 	 0.012345 
0.280585 	0.108635 	0.073361 	0.074623 	 0.011557 
0.287787 	0.102050 	0.069148 	0.069583 	 0.010540 
0.280178 	0.111574 	0.075486 	0.074391 	 0.010994 
0.284303 	0.108635 	0.073401 	0.074308 	 0.011082 
0.287166 	0.104985 	0.070711 	0.073808 	 0.011094 
0.279346 	0.113885 	0.076819 	0.078945 	 0.011561 
0.278371 	0.111233 	0.074988 	0.077772 	 0.011631 
0.272667 	0.108232 	0.073350 	0.073505 	 0.011943 
0.265838 	0.117000 	0.078771 	0.079658 	 0.012069 
0.267851 	0.121403 	0.081587 	0.082955 	 0.011756 
0.263900 	0.129278 	0.086649 	0.088856 	 0.012344 
0.282519 	0.111583 	0.075362 	0.077135 	 0.011393 
0.259339 	0.132171 	0.088565 	0.091944 	 0.013075 
0.271370 	0.107603 	0.072810 	0.072612 	 0.011294 
0.266448 	0.127630 	0.085740 	0.089231 	 0.012671 
0.273208 	0.120236 	0.080722 	0.083915 	 0.011498 
0.265404 	0.121118 	0.081451 	0.082765 	 0.011747 
0.267263 	0.116188 	0.078457 	0.078687 	 0.011514 
0.271578 	0.120542 	0.081799 	0.079778 	 0.011709 
0.267546 	0.120266 	0.081455 	0.080561 	 0.012047 
0.269362 	0.115915 	0.078662 	0.076511 	 0.011866 
0.252640 	0.136523 	0.091715 	0.093743 	 0.013177 
0.272767 	0.111384 	0.074965 	0.077963 	 0.010954 
0.248680 	0.137554 	0.092471 	0.092288 	 0.012759 
0.264269 	0.123199 	0.083088 	0.083966 	 0.011857 
0.259267 	0.128457 	0.086779 	0.085571 	 0.012090 
0.251262 	0.133597 	0.090067 	0.091935 	 0.013343 
0.262937 	0.126020 	0.085186 	0.084626 	 0.012071 
0.257566 	0.120816 	0.081423 	0.083273 	 0.012540 
0.254225 	0.120206 	0.081439 	0.080979 	 0.012609 
0.257030 	0.118754 	0.080520 	0.079526 	 0.012128 
0.251688 	0.126138 	0.085139 	0.084409 	 0.012487 
0.255652 	0.122319 	0.082776 	0.081241 	 0.012013 
0.254814 	0.126625 	0.085513 	0.089378 	 0.013319 
0.257462 	0.124423 	0.084438 	0.081441 	 0.011754 
0.249655 	0.129319 	0.087633 	0.086228 	 0.012920 
0.244467 	0.136081 	0.091257 	0.095714 	 0.013269 
0.249606 	0.135606 	0.092145 	0.085607 	 0.012474 
0.249587 	0.128881 	0.087125 	0.084196 	 0.012174 
0.240202 	0.134099 	0.090798 	0.088042 	 0.013790 
0.243525 	0.133178 	0.089813 	0.089745 	 0.012974 
0.228194 	0.145026 	0.097610 	0.097157 	 0.013867 
0.240912 	0.131125 	0.088769 	0.085007 	 0.012707 
0.238111 	0.139551 	0.094747 	0.090675 	 0.013781 
0.238993 	0.140026 	0.094812 	0.092223 	 0.013204 
0.242578 	0.132325 	0.089613 	0.088319 	 0.013135 
0.234941 	0.143915 	0.097132 	0.097698 	 0.014244 
0.244411 	0.126246 	0.085864 	0.081755 	 0.012849 
0.246221 	0.127662 	0.086827 	0.082749 	 0.013185 
0.233813 	0.134307 	0.091052 	0.087443 	 0.013207 
0.228107 	0.133197 	0.090018 	0.086305 	 0.012937 
0.243279 	0.124181 	0.084969 	0.078341 	 0.012564 
0.242888 	0.138255 	0.093925 	0.087788 	 0.012814 
0.236142 	0.133184 	0.090969 	0.084517 	 0.013175 
0.229411 	0.131581 	0.089190 	0.087038 	 0.013375 
0.232615 	0.141294 	0.095515 	0.092651 	 0.013020 
0.237797 	0.135427 	0.092332 	0.085850 	 0.013074 
0.218691 	0.145962 	0.098828 	0.094855 	 0.014304 
0.232640 	0.127999 	0.087281 	0.081522 	 0.012995 
0.212317 	0.147664 	0.100302 	0.093274 	 0.014397 
0.216550 	0.144916 	0.098130 	0.093422 	 0.013862 
0.221472 	0.147625 	0.100305 	0.093896 	 0.013739 
0.228411 	0.137965 	0.093985 	0.086692 	 0.013139 
0.218755 	0.144252 	0.097903 	0.092330 	 0.013396 
0.216589 	0.151462 	0.102734 	0.098162 	 0.014434 
0.216715 	0.153683 	0.104284 	0.100737 	 0.014922 
0.214672 	0.156593 	0.105954 	0.102881 	 0.014646 
0.209894 	0.151847 	0.102812 	0.098383 	 0.014655 
0.210354 	0.145351 	0.098981 	0.092340 	 0.014812 
0.217292 	0.142438 	0.096228 	0.095235 	 0.013802 
0.209253 	0.147358 	0.100127 	0.094231 	 0.014433 
0.208650 	0.148840 	0.101179 	0.095161 	 0.014751 
0.215185 	0.146834 	0.099965 	0.092960 	 0.014341 
0.211099 	0.148555 	0.101294 	0.092596 	 0.014079 
0.216317 	0.144105 	0.098611 	0.089889 	 0.014201 
0.190900 	0.157180 	0.106977 	0.097330 	 0.015339 
0.193709 	0.154480 	0.104879 	0.098065 	 0.015210 
0.197960 	0.161130 	0.109042 	0.103980 	 0.015768 
0.214716 	0.141096 	0.096470 	0.087654 	 0.013738 
0.211719 	0.149123 	0.101731 	0.091926 	 0.013746 
0.189020 	0.165917 	0.111877 	0.108188 	 0.015090 
0.193754 	0.157753 	0.107611 	0.097899 	 0.015582 
0.196548 	0.158704 	0.107808 	0.099124 	 0.014176 
0.193861 	0.161482 	0.109410 	0.101794 	 0.014958 
0.214681 	0.146717 	0.100437 	0.093126 	 0.014681 
0.198418 	0.155970 	0.106493 	0.095253 	 0.014667 
0.202888 	0.146471 	0.100272 	0.089520 	 0.013884 
0.202206 	0.154985 	0.105878 	0.095316 	 0.014815 
0.188490 	0.163236 	0.110646 	0.102322 	 0.014851 
0.191487 	0.164444 	0.112164 	0.101228 	 0.015144 
0.188297 	0.152774 	0.104254 	0.095630 	 0.015285 
0.193817 	0.162120 	0.110911 	0.098336 	 0.015017 
0.209799 	0.149834 	0.102972 	0.089417 	 0.013740 
0.182393 	0.174498 	0.118280 	0.109081 	 0.015993 
0.184086 	0.163221 	0.111529 	0.098228 	 0.015694 
0.182277 	0.164648 	0.111728 	0.105103 	 0.015735 
0.177707 	0.174018 	0.118850 	0.106184 	 0.016539 
0.184641 	0.167662 	0.114041 	0.105544 	 0.015683 
0.182326 	0.159281 	0.108658 	0.098735 	 0.015425 
0.183899 	0.168446 	0.114579 	0.104048 	 0.015459 
0.186817 	0.162368 	0.110263 	0.101220 	 0.014587 
0.176746 	0.170415 	0.115976 	0.105555 	 0.016532 
0.181353 	0.163370 	0.111437 	0.097381 	 0.014903 
0.185910 	0.158811 	0.108444 	0.094408 	 0.014726 
0.188375 	0.166494 	0.113555 	0.102224 	 0.015285 
0.190258 	0.154623 	0.105743 	0.093173 	 0.014983 
0.198441 	0.149633 	0.102738 	0.089882 	 0.013945 
0.168796 	0.168819 	0.115015 	0.103413 	 0.015928 
0.184540 	0.156581 	0.107586 	0.094465 	 0.015435 
0.173369 	0.171552 	0.116491 	0.107389 	 0.016045 
0.178586 	0.173906 	0.118682 	0.106606 	 0.016265 
0.185981 	0.157305 	0.107680 	0.094980 	 0.015068 
0.189173 	0.168373 	0.115281 	0.100868 	 0.015299 
0.179403 	0.168179 	0.115143 	0.102054 	 0.015882 
0.179766 	0.164929 	0.112402 	0.100538 	 0.014756 
0.185116 	0.166821 	0.114081 	0.100665 	 0.015427 
0.168144 	0.175288 	0.119842 	0.104713 	 0.016174 
0.170009 	0.185118 	0.125813 	0.114810 	 0.016558 
0.179051 	0.161481 	0.110506 	0.098070 	 0.015424 
0.187778 	0.159321 	0.109474 	0.093806 	 0.014321 
0.167358 	0.176212 	0.120395 	0.105839 	 0.016451 
0.179070 	0.165022 	0.113076 	0.100000 	 0.015419 
0.176436 	0.172064 	0.118008 	0.103677 	 0.016388 
0.176260 	0.162036 	0.111099 	0.095987 	 0.015626 
0.180305 	0.150129 	0.103198 	0.090082 	 0.014567 
0.155742 	0.184645 	0.125759 	0.114150 	 0.017992 
0.184106 	0.165925 	0.114109 	0.100006 	 0.015244 
0.173630 	0.166701 	0.114452 	0.098481 	 0.015948 
0.161002 	0.187393 	0.127639 	0.115310 	 0.016729 
0.178041 	0.160930 	0.110926 	0.092811 	 0.015096 
0.168419 	0.179149 	0.122424 	0.109895 	 0.016469 
0.183000 	0.169901 	0.116278 	0.102850 	 0.015522 
0.173516 	0.174627 	0.119924 	0.102792 	 0.015789 
0.187112 	0.156764 	0.108327 	0.090513 	 0.014651 
0.177090 	0.169072 	0.116306 	0.101940 	 0.016362 
0.167354 	0.177100 	0.121510 	0.105036 	 0.016280 
0.184921 	0.168133 	0.115731 	0.099705 	 0.015123 
0.170704 	0.177005 	0.121191 	0.105609 	 0.015730 
0.197583 	0.149480 	0.103939 	0.086418 	 0.014236 
0.181645 	0.169813 	0.117044 	0.099310 	 0.015396 
0.183606 	0.166584 	0.115245 	0.096337 	 0.015346 
0.165000 	0.181523 	0.124412 	0.109113 	 0.016484 
0.180104 	0.171376 	0.118138 	0.100334 	 0.015507 
0.173299 	0.160019 	0.110512 	0.092996 	 0.014851 
0.178229 	0.163849 	0.112684 	0.099064 	 0.015590 
0.168947 	0.175873 	0.120703 	0.103695 	 0.015674 
0.180628 	0.160690 	0.111294 	0.092361 	 0.014792 
0.166532 	0.184848 	0.127030 	0.106959 	 0.016112 
0.173403 	0.171892 	0.118675 	0.099030 	 0.015938 
0.165270 	0.176811 	0.121583 	0.104258 	 0.016410 
0.170770 	0.165868 	0.114204 	0.096885 	 0.014743 
0.165565 	0.173640 	0.119059 	0.101314 	 0.015375 
0.176457 	0.171960 	0.119170 	0.097180 	 0.015661 
0.177371 	0.165534 	0.114044 	0.098288 	 0.014747 
0.183566 	0.160037 	0.110835 	0.092914 	 0.014938 
0.163856 	0.168238 	0.116036 	0.098637 	 0.015474 
0.176453 	0.158369 	0.109656 	0.090562 	 0.014605 
0.177269 	0.171200 	0.118793 	0.095269 	 0.015211 
0.176054 	0.168296 	0.116890 	0.094290 	 0.015536 
0.171133 	0.161644 	0.112316 	0.092095 	 0.015337 
0.163998 	0.181657 	0.125327 	0.104140 	 0.015513 
0.163380 	0.176765 	0.122017 	0.102559 	 0.016436 
0.170861 	0.173285 	0.120002 	0.099553 	 0.015877 
0.176130 	0.170008 	0.117980 	0.097619 	 0.015723 
0.173620 	0.172052 	0.119298 	0.098534 	 0.015849 
0.156874 	0.177252 	0.122497 	0.102145 	 0.016455 
0.161312 	0.183359 	0.126426 	0.106608 	 0.016384 
0.168739 	0.173496 	0.120699 	0.096107 	 0.015907 
0.188227 	0.164862 	0.114880 	0.093176 	 0.014923 
0.172881 	0.165702 	0.115148 	0.093917 	 0.015079 
0.171989 	0.175537 	0.121903 	0.098502 	 0.015936 
0.173387 	0.168775 	0.117535 	0.094083 	 0.015678 
0.163761 	0.175266 	0.121305 	0.099879 	 0.015892 
0.176273 	0.173012 	0.120139 	0.098626 	 0.015465 
0.167712 	0.169289 	0.117914 	0.093314 	 0.015276 
0.156538 	0.181590 	0.125642 	0.104220 	 0.016277 
0.182060 	0.165329 	0.115255 	0.092231 	 0.014813 
0.175040 	0.169441 	0.118092 	0.095195 	 0.015172 
0.170157 	0.168180 	0.117040 	0.095487 	 0.015698 
0.165805 	0.165049 	0.114923 	0.094034 	 0.015751 
0.164161 	0.163632 	0.114144 	0.090169 	 0.015294 
0.163456 	0.167617 	0.116618 	0.092618 	 0.015161 
0.156593 	0.178731 	0.124477 	0.097668 	 0.016031 
0.176908 	0.161385 	0.113066 	0.088135 	 0.015332 
0.157313 	0.180952 	0.125457 	0.102999 	 0.016329 
0.156962 	0.182713 	0.126890 	0.102448 	 0.016348 
0.154203 	0.174743 	0.121722 	0.096567 	 0.015808 
0.152355 	0.180088 	0.124810 	0.103989 	 0.016558 
0.154303 	0.180037 	0.125018 	0.101791 	 0.016466 
0.150660 	0.183117 	0.126838 	0.106090 	 0.016599 
0.151672 	0.181017 	0.126170 	0.101602 	 0.016898 
0.140830 	0.177422 	0.123563 	0.098049 	 0.016893 
0.152382 	0.186908 	0.129703 	0.106331 	 0.017105 
0.144578 	0.185647 	0.129311 	0.100919 	 0.016454 
0.152793 	0.184318 	0.128026 	0.103528 	 0.016432 
0.148841 	0.180898 	0.125764 	0.103764 	 0.016333 
0.152194 	0.183740 	0.127941 	0.101786 	 0.016495 
0.146244 	0.185637 	0.129062 	0.104856 	 0.016779 
0.146112 	0.189346 	0.131396 	0.105589 	 0.016614 
0.138116 	0.192971 	0.133806 	0.110575 	 0.017356 
0.146199 	0.192600 	0.133925 	0.107450 	 0.017363 
0.177289 	0.171505 	0.120506 	0.090929 	 0.014945 
0.150364 	0.186745 	0.130042 	0.103993 	 0.016777 
0.151692 	0.187204 	0.130641 	0.103541 	 0.016794 
0.146523 	0.184573 	0.128566 	0.102554 	 0.016588 
0.141913 	0.191072 	0.133249 	0.105761 	 0.017317 
0.157742 	0.172197 	0.120848 	0.092191 	 0.015680 
0.140991 	0.187894 	0.131149 	0.102526 	 0.017335 
0.139203 	0.188202 	0.131465 	0.102006 	 0.017088 
0.139978 	0.191304 	0.133438 	0.103440 	 0.016990 
0.144893 	0.186395 	0.129825 	0.103628 	 0.016500 
0.151718 	0.179677 	0.125843 	0.098025 	 0.016249 
0.136792 	0.194903 	0.135531 	0.109472 	 0.017559 
0.141689 	0.180445 	0.126360 	0.098615 	 0.016823 
0.135645 	0.198565 	0.138535 	0.108741 	 0.017833 
0.145311 	0.183313 	0.128178 	0.100195 	 0.016713 
0.142947 	0.180129 	0.125474 	0.101627 	 0.016424 
0.129222 	0.188928 	0.131722 	0.102534 	 0.017338 
0.139375 	0.179898 	0.126171 	0.097727 	 0.017236 
0.141382 	0.184012 	0.128748 	0.098361 	 0.016796 
0.145453 	0.177983 	0.124397 	0.096565 	 0.015580 
0.148052 	0.177799 	0.125256 	0.093669 	 0.016319 
0.134472 	0.183703 	0.128901 	0.097069 	 0.016611 
0.138528 	0.176888 	0.124162 	0.096638 	 0.016937 
0.122286 	0.200233 	0.139556 	0.109934 	 0.018195 
0.142223 	0.184515 	0.129499 	0.099407 	 0.016650 
0.137519 	0.185959 	0.130592 	0.098638 	 0.017086 
0.132022 	0.198820 	0.138660 	0.109440 	 0.017082 
0.130566 	0.188792 	0.132381 	0.100932 	 0.017182 
0.130421 	0.196660 	0.137542 	0.105867 	 0.017544 
0.135624 	0.187988 	0.131923 	0.100449 	 0.016858 
0.143368 	0.179254 	0.126559 	0.092078 	 0.016438 
0.122295 	0.192187 	0.134420 	0.103278 	 0.017323 
0.130372 	0.189587 	0.133363 	0.099244 	 0.017119 
0.119035 	0.192685 	0.134986 	0.104961 	 0.017942 
0.139167 	0.176842 	0.125204 	0.090358 	 0.016703 
0.142798 	0.168199 	0.119578 	0.084736 	 0.015535 
0.135246 	0.189198 	0.133078 	0.100403 	 0.017453 
0.132519 	0.187185 	0.132132 	0.095908 	 0.017261 
0.128205 	0.190186 	0.133888 	0.101460 	 0.017565 
0.131394 	0.184952 	0.130387 	0.095858 	 0.016585 
0.129813 	0.192702 	0.135675 	0.101307 	 0.017354 
0.121129 	0.187369 	0.131999 	0.100023 	 0.017561 
0.122272 	0.195551 	0.137234 	0.104497 	 0.017938 
0.135439 	0.182747 	0.129051 	0.094922 	 0.016620 
0.131664 	0.194710 	0.137458 	0.100484 	 0.017354 
0.128523 	0.186373 	0.131819 	0.095664 	 0.017409 
0.135401 	0.188641 	0.132891 	0.100083 	 0.016757 
0.120515 	0.194879 	0.137757 	0.097321 	 0.017684 
0.121200 	0.195597 	0.137484 	0.104609 	 0.018110 
0.116949 	0.201342 	0.141707 	0.105893 	 0.018313 
0.128934 	0.176999 	0.125900 	0.087549 	 0.016552 
0.115442 	0.195523 	0.137924 	0.101506 	 0.018054 
0.122186 	0.191443 	0.135019 	0.100354 	 0.017139 
0.114584 	0.193302 	0.136492 	0.098319 	 0.017856 
0.110700 	0.202873 	0.142330 	0.108161 	 0.018707 
0.121664 	0.187388 	0.132634 	0.095383 	 0.017167 
0.126479 	0.186560 	0.132187 	0.095968 	 0.017515 
0.114060 	0.194590 	0.137506 	0.098618 	 0.017465 
0.109810 	0.192146 	0.135630 	0.099641 	 0.018037 
0.118502 	0.190481 	0.134522 	0.097588 	 0.017150 
0.110770 	0.205176 	0.144474 	0.106303 	 0.018532 
0.118268 	0.190987 	0.135012 	0.096608 	 0.016814 
0.109988 	0.195532 	0.137705 	0.101994 	 0.017923 
0.124436 	0.191577 	0.135541 	0.097432 	 0.017097 
0.115278 	0.193755 	0.136579 	0.098880 	 0.017184 
0.111368 	0.190226 	0.134636 	0.095659 	 0.017307 
0.116788 	0.192342 	0.135999 	0.100263 	 0.017710 
0.116421 	0.199641 	0.140302 	0.107310 	 0.017723 
0.121541 	0.184386 	0.131233 	0.092849 	 0.017058 
0.115763 	0.196632 	0.138811 	0.099618 	 0.017494 
0.127384 	0.178227 	0.126785 	0.091689 	 0.017519 
0.122218 	0.203537 	0.143859 	0.104326 	 0.017192 
0.109267 	0.206036 	0.145001 	0.107771 	 0.017747 
0.098270 	0.204975 	0.144157 	0.107299 	 0.018699 
0.108702 	0.193307 	0.137295 	0.098625 	 0.018170 
0.128076 	0.183141 	0.130973 	0.088067 	 0.016423 
0.103116 	0.200113 	0.141503 	0.103981 	 0.018200 
0.113969 	0.193761 	0.137831 	0.097622 	 0.018083 
0.101294 	0.200349 	0.141571 	0.103610 	 0.018355 
0.099353 	0.206765 	0.145830 	0.108310 	 0.018602 
0.118981 	0.195548 	0.139115 	0.097025 	 0.017579 
0.097795 	0.196608 	0.139313 	0.100624 	 0.018386 
0.103163 	0.197885 	0.140387 	0.099408 	 0.017942 
0.100700 	0.200269 	0.141667 	0.101978 	 0.017982 
0.105464 	0.199016 	0.141316 	0.100031 	 0.018068 
0.102835 	0.196562 	0.139897 	0.098310 	 0.018023 
0.099327 	0.198630 	0.140905 	0.100181 	 0.017945 
0.107019 	0.205171 	0.145454 	0.105024 	 0.018868 
0.103198 	0.211963 	0.149568 	0.112374 	 0.019258 
0.101118 	0.210177 	0.148954 	0.104788 	 0.018759 
0.109364 	0.198746 	0.141386 	0.099485 	 0.017638 
0.092589 	0.211461 	0.149519 	0.108498 	 0.018869 
0.111181 	0.194837 	0.139052 	0.095723 	 0.017494 
0.078583 	0.212410 	0.150048 	0.112101 	 0.020731 
0.094465 	0.211589 	0.149699 	0.107766 	 0.019060 
0.095124 	0.200980 	0.142792 	0.100720 	 0.018441 
0.114192 	0.188260 	0.134628 	0.093159 	 0.016960 
0.106745 	0.195104 	0.139120 	0.096191 	 0.017670 
0.085623 	0.203325 	0.144004 	0.103376 	 0.018894 
0.089228 	0.201993 	0.142955 	0.105664 	 0.019220 
0.094332 	0.207796 	0.146947 	0.108773 	 0.018910 
0.102396 	0.196348 	0.139872 	0.098221 	 0.018067 
0.098253 	0.206309 	0.146697 	0.101402 	 0.018481 
0.086707 	0.211641 	0.150247 	0.106845 	 0.019232 
0.090179 	0.204703 	0.145417 	0.104780 	 0.019449 
0.104046 	0.194533 	0.139218 	0.096829 	 0.018730 
0.100036 	0.193794 	0.138762 	0.094305 	 0.018635 
0.096477 	0.190861 	0.136542 	0.093500 	 0.017847 
0.087443 	0.212412 	0.150784 	0.106652 	 0.018957 
0.088726 	0.209559 	0.149134 	0.105969 	 0.019328 
0.083757 	0.201314 	0.143752 	0.099537 	 0.019213 
0.104189 	0.189402 	0.136148 	0.091566 	 0.017945 
0.096532 	0.198045 	0.142016 	0.094777 	 0.018272 
0.088592 	0.206073 	0.146758 	0.104374 	 0.019039 
0.100822 	0.197417 	0.141588 	0.095220 	 0.017948 
0.090829 	0.202975 	0.145205 	0.099459 	 0.019200 
0.077545 	0.223980 	0.158219 	0.116452 	 0.019640 
0.092686 	0.202940 	0.144660 	0.103314 	 0.019370 
0.089164 	0.196381 	0.140427 	0.097151 	 0.018558 
0.093017 	0.201471 	0.144012 	0.098874 	 0.018536 
0.100031 	0.203966 	0.145514 	0.104107 	 0.019254 
0.097236 	0.205010 	0.146470 	0.100662 	 0.018502 
0.091641 	0.207005 	0.147912 	0.103785 	 0.019269 
0.100926 	0.203599 	0.146254 	0.098903 	 0.019065 
0.072163 	0.223019 	0.158234 	0.113595 	 0.020069 
0.088941 	0.199378 	0.143156 	0.094204 	 0.018194 
0.098684 	0.198595 	0.142986 	0.094838 	 0.018563 
0.089340 	0.202867 	0.145589 	0.098537 	 0.018779 
0.100018 	0.192023 	0.138559 	0.092640 	 0.018297 
0.083951 	0.201909 	0.145237 	0.096740 	 0.019396 
0.087198 	0.209425 	0.149792 	0.104738 	 0.020031 
0.098034 	0.191441 	0.138093 	0.091075 	 0.018260 
0.076411 	0.216231 	0.154172 	0.108555 	 0.019761 
0.093291 	0.200780 	0.144656 	0.096203 	 0.018904 
0.089532 	0.202000 	0.145008 	0.096949 	 0.018541 
0.095068 	0.184450 	0.133851 	0.085722 	 0.018264 
0.091784 	0.199669 	0.143703 	0.096367 	 0.018460 
0.076231 	0.211211 	0.151032 	0.105769 	 0.019489 
0.107976 	0.185419 	0.134898 	0.083991 	 0.017016 
0.087901 	0.195324 	0.140936 	0.090537 	 0.017697 
0.091198 	0.197330 	0.142539 	0.092678 	 0.018274 
0.090812 	0.190578 	0.137688 	0.088897 	 0.017702 
0.090174 	0.196413 	0.141860 	0.090480 	 0.018060 
0.078185 	0.204905 	0.147528 	0.096136 	 0.018558 
0.089614 	0.196937 	0.142467 	0.091386 	 0.018045 
0.074709 	0.221064 	0.158363 	0.107201 	 0.019588 
0.075437 	0.218970 	0.156606 	0.106950 	 0.019324 
0.091908 	0.197999 	0.142905 	0.093940 	 0.018244 
0.071457 	0.215865 	0.154702 	0.105636 	 0.020139 
0.095708 	0.195874 	0.141989 	0.091076 	 0.017976 
0.088540 	0.191976 	0.139317 	0.087825 	 0.018159 
0.082816 	0.208670 	0.150188 	0.101640 	 0.019542 
0.070990 	0.220909 	0.158411 	0.107856 	 0.020161 
0.080352 	0.211323 	0.152150 	0.100780 	 0.019383 
0.065571 	0.210499 	0.150770 	0.103945 	 0.019558 
0.086225 	0.195659 	0.141187 	0.093815 	 0.018303 
0.062002 	0.213616 	0.153861 	0.102186 	 0.020807 
0.072274 	0.217015 	0.156275 	0.103268 	 0.020581 
0.080200 	0.207039 	0.149084 	0.100484 	 0.019233 
0.066211 	0.220420 	0.158145 	0.107373 	 0.020561 
0.073990 	0.209734 	0.151317 	0.099258 	 0.019749 
0.081983 	0.208365 	0.150319 	0.099713 	 0.019739 
0.082256 	0.200267 	0.145260 	0.092227 	 0.018708 
0.081498 	0.205251 	0.148507 	0.096328 	 0.019042 
0.078696 	0.206602 	0.149356 	0.097898 	 0.019536 
0.069833 	0.208523 	0.150292 	0.099999 	 0.019692 
0.090996 	0.195667 	0.142228 	0.090475 	 0.018716 
0.068409 	0.213047 	0.153778 	0.102247 	 0.020167 
0.064535 	0.218261 	0.157699 	0.101619 	 0.020765 
0.059606 	0.226219 	0.162235 	0.111126 	 0.020808 
0.072012 	0.212524 	0.153605 	0.100612 	 0.019852 
0.068883 	0.221481 	0.159826 	0.104944 	 0.020634 
0.069572 	0.215921 	0.156009 	0.101734 	 0.020441 
0.080853 	0.198443 	0.144522 	0.092270 	 0.019159 
0.067937 	0.213705 	0.154264 	0.102473 	 0.020401 
0.067806 	0.212431 	0.153723 	0.099127 	 0.019397 
0.083114 	0.200192 	0.145785 	0.091501 	 0.018985 
0.053051 	0.219725 	0.158006 	0.107888 	 0.020820 
0.054371 	0.218558 	0.157589 	0.103598 	 0.020838 
0.068404 	0.211067 	0.153282 	0.097700 	 0.020538 
0.074802 	0.216143 	0.156546 	0.100878 	 0.020017 
0.078541 	0.206454 	0.150274 	0.094375 	 0.019531 
0.067506 	0.207333 	0.150619 	0.094059 	 0.019205 
0.063597 	0.220070 	0.159083 	0.104820 	 0.020651 
0.070933 	0.209201 	0.151821 	0.098909 	 0.020396 
0.079092 	0.199379 	0.145810 	0.087118 	 0.018769 
0.073027 	0.205327 	0.149141 	0.095373 	 0.019218 
0.065526 	0.214280 	0.155574 	0.098907 	 0.020350 
0.068816 	0.213372 	0.154662 	0.100047 	 0.020017 
0.062011 	0.220753 	0.159660 	0.103373 	 0.020684 
0.055890 	0.225478 	0.162765 	0.108657 	 0.021440 
0.077528 	0.210345 	0.153337 	0.095175 	 0.019879 
0.070893 	0.207803 	0.151659 	0.093862 	 0.020204 
0.063684 	0.223913 	0.161980 	0.107051 	 0.020743 
0.050901 	0.222836 	0.161225 	0.106209 	 0.021494 
0.061500 	0.216238 	0.156787 	0.102620 	 0.020489 
0.073751 	0.208053 	0.151615 	0.096354 	 0.019734 
0.072320 	0.213951 	0.156014 	0.096580 	 0.019863 
0.066853 	0.216172 	0.157407 	0.098777 	 0.020474 
0.076116 	0.222891 	0.161945 	0.102783 	 0.020008 
0.052247 	0.237149 	0.170687 	0.115444 	 0.021711 
0.074363 	0.212021 	0.154753 	0.097695 	 0.020121 
0.065682 	0.216933 	0.157925 	0.101219 	 0.020581 
0.067852 	0.201218 	0.147548 	0.090446 	 0.019948 
0.050023 	0.226300 	0.163789 	0.107319 	 0.021449 
0.062033 	0.211951 	0.154426 	0.094885 	 0.019592 
0.072625 	0.202117 	0.148428 	0.089369 	 0.019959 
0.085082 	0.194293 	0.143386 	0.082638 	 0.018630 
0.077177 	0.200651 	0.147509 	0.088056 	 0.019018 
0.086032 	0.204341 	0.150420 	0.091065 	 0.019845 
0.063189 	0.224978 	0.163829 	0.103860 	 0.021395 
0.079897 	0.212617 	0.155422 	0.096272 	 0.019649 
0.064597 	0.224500 	0.162863 	0.106537 	 0.020660 
0.060638 	0.215654 	0.157598 	0.096889 	 0.021255 
0.062376 	0.218241 	0.158908 	0.099975 	 0.020262 
0.071937 	0.214618 	0.156663 	0.098739 	 0.020753 
0.067958 	0.220667 	0.160940 	0.102261 	 0.020776 
0.073874 	0.217122 	0.158476 	0.099664 	 0.020409 
0.062410 	0.219470 	0.160209 	0.101881 	 0.021572 
0.066572 	0.223596 	0.162803 	0.103960 	 0.020870 
0.079747 	0.210813 	0.154681 	0.095607 	 0.019688 
0.067687 	0.221737 	0.161743 	0.105729 	 0.021382 
0.077555 	0.213218 	0.156548 	0.095494 	 0.020054 
0.066154 	0.225282 	0.164005 	0.106746 	 0.020944 
0.062851 	0.218779 	0.160071 	0.100904 	 0.021215 
0.065361 	0.221397 	0.161532 	0.103472 	 0.020560 
0.071410 	0.217221 	0.159077 	0.100240 	 0.020708 
0.058451 	0.229342 	0.166895 	0.109431 	 0.022306 
0.077336 	0.213109 	0.156129 	0.100369 	 0.020861 
0.067094 	0.214519 	0.157738 	0.097414 	 0.021389 
0.074343 	0.208498 	0.153699 	0.092589 	 0.020841 
0.062659 	0.230282 	0.167748 	0.109529 	 0.021590 
0.403775 	0.009893 	0.007818 	-0.000083 	 0.002436 
0.407948 	0.008020 	0.005971 	0.005411 	 0.002691 
0.412682 	0.027314 	0.018097 	0.030683 	 0.004859 
0.405607 	0.032413 	0.020945 	0.035835 	 0.004341 
0.426546 	0.021672 	0.015160 	0.022271 	 0.003000 
0.395851 	0.046097 	0.030386 	0.042247 	 0.005191 
0.408927 	0.034825 	0.023364 	0.033018 	 0.004339 
0.425162 	0.016796 	0.011328 	0.022283 	 0.002857 
0.386257 	0.057286 	0.037771 	0.050053 	 0.006587 
0.394528 	0.044561 	0.029504 	0.039225 	 0.005013 
0.389450 	0.045596 	0.029793 	0.042570 	 0.005044 
0.393763 	0.038569 	0.025483 	0.035891 	 0.004131 
0.370185 	0.065773 	0.043168 	0.055389 	 0.006958 
0.385856 	0.033593 	0.022182 	0.034390 	 0.005761 
0.391718 	0.048110 	0.031935 	0.041008 	 0.004713 
0.387301 	0.046907 	0.030686 	0.043285 	 0.004724 
0.361083 	0.071740 	0.047146 	0.059277 	 0.007620 
0.387183 	0.046939 	0.030668 	0.043512 	 0.005370 
0.380188 	0.041424 	0.027434 	0.038226 	 0.005521 
0.381566 	0.049185 	0.032455 	0.045379 	 0.006117 
0.381216 	0.044261 	0.029167 	0.041080 	 0.005136 
0.369817 	0.046869 	0.030945 	0.041139 	 0.005462 
0.379520 	0.039455 	0.025995 	0.036320 	 0.004733 
0.371473 	0.051886 	0.034393 	0.045117 	 0.005901 
0.390254 	0.029716 	0.019765 	0.029126 	 0.003610 
0.366765 	0.050282 	0.033572 	0.044543 	 0.006893 
0.368754 	0.054488 	0.035544 	0.048950 	 0.006176 
0.378942 	0.049773 	0.032861 	0.043808 	 0.005259 
0.358623 	0.069089 	0.045222 	0.059177 	 0.007883 
0.367533 	0.050807 	0.033228 	0.047713 	 0.006490 
0.368437 	0.049489 	0.032950 	0.044782 	 0.006419 
0.364203 	0.056680 	0.037575 	0.050825 	 0.007113 
0.370722 	0.043460 	0.028911 	0.038978 	 0.005480 
0.357440 	0.055381 	0.036460 	0.048587 	 0.006438 
0.350672 	0.061850 	0.040489 	0.053766 	 0.007102 
0.343906 	0.074636 	0.048675 	0.064642 	 0.008639 
0.344401 	0.062552 	0.041263 	0.053706 	 0.007228 
0.343874 	0.071058 	0.046962 	0.059230 	 0.008133 
0.344481 	0.070086 	0.045947 	0.059443 	 0.007374 
0.350423 	0.064216 	0.042945 	0.051555 	 0.007026 
0.335532 	0.070686 	0.046717 	0.056531 	 0.007658 
0.339767 	0.069171 	0.045859 	0.058477 	 0.007660 
0.339789 	0.064237 	0.042094 	0.055423 	 0.007045 
0.327807 	0.067193 	0.044586 	0.055472 	 0.008302 
0.348301 	0.059048 	0.039403 	0.048446 	 0.006640 
0.334064 	0.070690 	0.046979 	0.056763 	 0.007663 
0.333580 	0.069227 	0.046164 	0.056217 	 0.008430 
0.333232 	0.075648 	0.050032 	0.059592 	 0.007169 
0.333038 	0.069601 	0.046196 	0.057132 	 0.008180 
0.323482 	0.078729 	0.051800 	0.064664 	 0.008572 
0.335039 	0.073958 	0.049624 	0.057982 	 0.008706 
0.319854 	0.080675 	0.053511 	0.062674 	 0.008997 
0.311572 	0.088872 	0.058616 	0.070357 	 0.009092 
0.315188 	0.079557 	0.052651 	0.061767 	 0.009027 
0.311291 	0.090884 	0.060383 	0.068853 	 0.009562 
0.324473 	0.067155 	0.044522 	0.055128 	 0.007764 
0.329029 	0.075329 	0.050114 	0.059157 	 0.008032 
0.332066 	0.068476 	0.045325 	0.058584 	 0.007717 
0.324464 	0.076817 	0.051191 	0.058749 	 0.007746 
0.307022 	0.086885 	0.057697 	0.067547 	 0.009411 
0.314425 	0.081451 	0.054173 	0.063567 	 0.009258 
0.306473 	0.082492 	0.054480 	0.064331 	 0.008802 
0.310973 	0.081794 	0.054060 	0.065409 	 0.009114 
0.304936 	0.080068 	0.052471 	0.064280 	 0.008039 
0.320952 	0.073268 	0.049170 	0.055948 	 0.007944 
0.303864 	0.086313 	0.057017 	0.066201 	 0.008499 
0.308843 	0.081249 	0.053961 	0.062733 	 0.008716 
0.300615 	0.101287 	0.067240 	0.075936 	 0.009842 
0.300296 	0.097705 	0.064714 	0.075093 	 0.010047 
0.301797 	0.085538 	0.056973 	0.066029 	 0.009679 
0.298785 	0.092423 	0.061551 	0.069930 	 0.009360 
0.296693 	0.093152 	0.062144 	0.069618 	 0.010047 
0.297487 	0.086443 	0.057699 	0.066675 	 0.009734 
0.306122 	0.079331 	0.052557 	0.061992 	 0.008534 
0.301102 	0.085298 	0.057223 	0.063911 	 0.009557 
0.296868 	0.091297 	0.060802 	0.068991 	 0.009856 
0.299178 	0.091121 	0.060417 	0.070453 	 0.009105 
0.281696 	0.101856 	0.067761 	0.075452 	 0.011345 
0.290455 	0.098596 	0.065554 	0.071659 	 0.009683 
0.287872 	0.104813 	0.069236 	0.078224 	 0.009949 
0.282790 	0.097143 	0.064537 	0.073214 	 0.010002 
0.288788 	0.091159 	0.061104 	0.065414 	 0.009469 
0.286014 	0.095708 	0.063852 	0.070489 	 0.009754 
0.297273 	0.085851 	0.057540 	0.063349 	 0.009411 
0.295699 	0.089429 	0.059990 	0.066513 	 0.009636 
0.289592 	0.093571 	0.062220 	0.070465 	 0.009068 
0.292388 	0.088531 	0.059507 	0.064854 	 0.009813 
0.289090 	0.097478 	0.065468 	0.068614 	 0.009925 
0.284611 	0.105330 	0.070304 	0.076174 	 0.010495 
0.283647 	0.101106 	0.067371 	0.074476 	 0.010285 
0.283705 	0.094587 	0.063344 	0.069858 	 0.010193 
0.281119 	0.107079 	0.071492 	0.077385 	 0.010304 
0.279658 	0.102372 	0.068415 	0.073758 	 0.010097 
0.285255 	0.095661 	0.063927 	0.067985 	 0.008861 
0.271745 	0.106931 	0.071402 	0.075961 	 0.010605 
0.286441 	0.084503 	0.056779 	0.061064 	 0.009198 
0.277477 	0.107562 	0.072013 	0.077743 	 0.010752 
0.274955 	0.098599 	0.065683 	0.071838 	 0.009701 
0.270191 	0.110819 	0.073934 	0.079065 	 0.010723 
0.286066 	0.093197 	0.062747 	0.066904 	 0.009518 
0.270770 	0.106396 	0.071247 	0.075249 	 0.010477 
0.273935 	0.103426 	0.068973 	0.075384 	 0.010203 
0.272145 	0.104875 	0.069857 	0.077203 	 0.010516 
0.279418 	0.092671 	0.061943 	0.069283 	 0.009607 
0.275696 	0.104131 	0.070301 	0.072656 	 0.010590 
0.269188 	0.102530 	0.068972 	0.070977 	 0.010575 
0.275515 	0.105228 	0.070762 	0.074645 	 0.010072 
0.258184 	0.116491 	0.077979 	0.082708 	 0.011538 
0.265743 	0.112825 	0.075384 	0.080391 	 0.010582 
0.262310 	0.103964 	0.069936 	0.072724 	 0.010643 
0.277885 	0.102053 	0.068522 	0.071432 	 0.010009 
0.267990 	0.103312 	0.069332 	0.075089 	 0.010852 
0.263225 	0.113131 	0.076069 	0.079502 	 0.011387 
0.274188 	0.097655 	0.065681 	0.067849 	 0.009392 
0.259801 	0.106732 	0.072156 	0.072540 	 0.010851 
0.257237 	0.110151 	0.074030 	0.076787 	 0.011064 
0.258651 	0.118077 	0.079527 	0.079755 	 0.011340 
0.240137 	0.127186 	0.085115 	0.087260 	 0.011774 
0.257670 	0.109895 	0.074019 	0.075147 	 0.010780 
0.259017 	0.103426 	0.069718 	0.070474 	 0.010775 
0.253325 	0.120733 	0.080945 	0.083076 	 0.011057 
0.262225 	0.106605 	0.071985 	0.073450 	 0.010286 
0.258533 	0.104654 	0.070639 	0.070452 	 0.009982 
0.246425 	0.122168 	0.082317 	0.079517 	 0.010922 
0.253566 	0.117320 	0.078899 	0.076854 	 0.010414 
0.269402 	0.102975 	0.070303 	0.065023 	 0.009356 
0.261580 	0.111647 	0.076038 	0.071192 	 0.010265 
0.260167 	0.104891 	0.070528 	0.073199 	 0.010013 
0.237502 	0.125644 	0.084311 	0.083974 	 0.011326 
0.262466 	0.119070 	0.080196 	0.079824 	 0.010191 
0.248329 	0.113879 	0.077351 	0.073044 	 0.011032 
0.255610 	0.118635 	0.080533 	0.076370 	 0.010647 
0.244367 	0.119637 	0.080879 	0.077462 	 0.010965 
0.227565 	0.131868 	0.088624 	0.086942 	 0.011977 
0.245142 	0.118218 	0.079592 	0.079613 	 0.010749 
0.237684 	0.127146 	0.085461 	0.083309 	 0.011062 
0.236684 	0.126721 	0.085737 	0.080483 	 0.011313 
0.247075 	0.124149 	0.083863 	0.082341 	 0.011248 
0.239367 	0.123587 	0.083427 	0.082231 	 0.011649 
0.246766 	0.120313 	0.081809 	0.075419 	 0.010806 
0.221826 	0.132083 	0.089037 	0.086070 	 0.012155 
0.231660 	0.132255 	0.089409 	0.085507 	 0.011921 
0.231249 	0.126136 	0.085052 	0.084341 	 0.011741 
0.233383 	0.120925 	0.081492 	0.078381 	 0.010843 
0.239630 	0.116540 	0.079041 	0.074516 	 0.010943 
0.225466 	0.136613 	0.092368 	0.086602 	 0.012069 
0.232576 	0.127973 	0.087132 	0.080337 	 0.011981 
0.226240 	0.137976 	0.093142 	0.088524 	 0.011901 
0.240904 	0.107685 	0.073513 	0.065906 	 0.009571 
0.235262 	0.118788 	0.080946 	0.076207 	 0.011434 
0.227521 	0.136540 	0.092213 	0.090023 	 0.012529 
0.218159 	0.132273 	0.089505 	0.084161 	 0.012192 
0.213727 	0.136441 	0.091797 	0.089605 	 0.012589 
0.233790 	0.132208 	0.089849 	0.081956 	 0.011280 
0.217550 	0.136720 	0.092551 	0.087293 	 0.012315 
0.224064 	0.122396 	0.083143 	0.075989 	 0.011117 
0.209839 	0.150546 	0.101709 	0.095847 	 0.013194 
0.211957 	0.139812 	0.094561 	0.086498 	 0.012025 
0.205395 	0.139894 	0.094983 	0.086764 	 0.013008 
0.210889 	0.147386 	0.100061 	0.092273 	 0.013079 
0.221402 	0.128326 	0.087880 	0.075961 	 0.011891 
0.202616 	0.142893 	0.096703 	0.088721 	 0.012789 
0.204192 	0.154372 	0.104590 	0.095882 	 0.013497 
0.219037 	0.134884 	0.091724 	0.083680 	 0.012319 
0.208444 	0.144014 	0.098107 	0.087974 	 0.013212 
0.203207 	0.140369 	0.095307 	0.087044 	 0.012736 
0.196110 	0.155294 	0.105161 	0.095902 	 0.013353 
0.207471 	0.137541 	0.093293 	0.087654 	 0.013212 
0.207290 	0.146068 	0.099304 	0.087329 	 0.012552 
0.199496 	0.148206 	0.100373 	0.092566 	 0.012728 
0.210080 	0.134425 	0.091571 	0.079913 	 0.011196 
0.199126 	0.146988 	0.099969 	0.089610 	 0.013206 
0.204681 	0.143941 	0.097795 	0.088894 	 0.012798 
0.186132 	0.164869 	0.111403 	0.102858 	 0.013958 
0.190240 	0.157506 	0.106706 	0.097745 	 0.014006 
0.193366 	0.143083 	0.097456 	0.083910 	 0.012138 
0.197498 	0.148206 	0.100795 	0.088550 	 0.013049 
0.191312 	0.152098 	0.103319 	0.094645 	 0.013839 
0.209303 	0.142686 	0.097673 	0.084480 	 0.012269 
0.194446 	0.146037 	0.099568 	0.088883 	 0.013442 
0.191063 	0.144373 	0.098367 	0.086487 	 0.012570 
0.184647 	0.154488 	0.105525 	0.090742 	 0.013683 
0.180986 	0.154348 	0.104583 	0.093184 	 0.013274 
0.198855 	0.139878 	0.095880 	0.082730 	 0.012577 
0.192672 	0.147547 	0.100524 	0.089318 	 0.012434 
0.189433 	0.149057 	0.102040 	0.086159 	 0.013005 
0.189263 	0.151031 	0.102922 	0.090676 	 0.012965 
0.185880 	0.148895 	0.101686 	0.087799 	 0.013267 
0.181205 	0.166768 	0.113495 	0.100086 	 0.014000 
0.186827 	0.153453 	0.104682 	0.090891 	 0.012854 
0.172482 	0.169826 	0.115417 	0.103177 	 0.015209 
0.183875 	0.156692 	0.106934 	0.092159 	 0.013054 
0.176712 	0.167087 	0.113905 	0.098286 	 0.014404 
0.186409 	0.150303 	0.102662 	0.087923 	 0.012226 
0.185233 	0.152684 	0.104554 	0.087319 	 0.012531 
0.173717 	0.170843 	0.116299 	0.103849 	 0.014837 
0.178009 	0.160191 	0.109382 	0.094131 	 0.013534 
0.179066 	0.151880 	0.103707 	0.089269 	 0.012901 
0.162623 	0.160862 	0.109985 	0.095396 	 0.014780 
0.173901 	0.161208 	0.110450 	0.092484 	 0.013567 
0.159791 	0.172775 	0.117164 	0.104842 	 0.014586 
0.167931 	0.166767 	0.114141 	0.095631 	 0.013795 
0.164121 	0.165980 	0.113308 	0.098322 	 0.014520 
0.187396 	0.153658 	0.105772 	0.085476 	 0.012325 
0.176984 	0.155892 	0.107046 	0.088777 	 0.012868 
0.170038 	0.157116 	0.107881 	0.089620 	 0.013547 
0.164651 	0.164601 	0.112429 	0.096061 	 0.014048 
0.170128 	0.166228 	0.113779 	0.096394 	 0.013886 
0.163784 	0.167654 	0.114815 	0.096536 	 0.014072 
0.172148 	0.160778 	0.110099 	0.093877 	 0.013426 
0.169508 	0.171516 	0.117064 	0.100540 	 0.014097 
0.170917 	0.157000 	0.108126 	0.087680 	 0.013835 
0.161725 	0.172655 	0.118288 	0.099302 	 0.014895 
0.160992 	0.156157 	0.107100 	0.087938 	 0.013077 
0.161287 	0.172378 	0.118186 	0.098245 	 0.013919 
0.165217 	0.164258 	0.112196 	0.095515 	 0.013519 
0.156041 	0.166286 	0.113687 	0.095000 	 0.013616 
0.160536 	0.167466 	0.114755 	0.097900 	 0.014468 
0.154938 	0.169793 	0.116254 	0.098507 	 0.014563 
0.150262 	0.173421 	0.119044 	0.097598 	 0.014590 
0.147876 	0.174071 	0.119068 	0.101075 	 0.014797 
0.166963 	0.168281 	0.115934 	0.094204 	 0.014052 
0.169268 	0.161718 	0.111235 	0.093012 	 0.013396 
0.156856 	0.176740 	0.121287 	0.099442 	 0.014149 
0.146724 	0.179176 	0.122658 	0.101976 	 0.014844 
0.141963 	0.185779 	0.127262 	0.108610 	 0.015998 
0.149564 	0.180439 	0.123737 	0.100820 	 0.014946 
0.148197 	0.175125 	0.120299 	0.098906 	 0.014578 
0.149804 	0.173310 	0.118688 	0.097883 	 0.014121 
0.141103 	0.182147 	0.124998 	0.101506 	 0.014588 
0.148294 	0.179861 	0.123337 	0.102376 	 0.014542 
0.143456 	0.176920 	0.121343 	0.100636 	 0.014675 
0.159283 	0.159950 	0.110726 	0.085989 	 0.013660 
0.146797 	0.178939 	0.122839 	0.101475 	 0.014825 
0.159464 	0.163190 	0.112800 	0.086087 	 0.012901 
0.147223 	0.171425 	0.118284 	0.094429 	 0.014379 
0.142206 	0.175935 	0.120975 	0.096913 	 0.014668 
0.148629 	0.170659 	0.117802 	0.090999 	 0.013809 
0.152209 	0.178296 	0.123058 	0.098073 	 0.014397 
0.152537 	0.171732 	0.118220 	0.093983 	 0.013926 
0.147401 	0.179733 	0.123649 	0.099036 	 0.014711 
0.142325 	0.186891 	0.128321 	0.106322 	 0.015281 
0.150433 	0.169182 	0.116987 	0.092915 	 0.013938 
0.148454 	0.171470 	0.118983 	0.091556 	 0.014613 
0.145051 	0.179795 	0.123869 	0.101640 	 0.014594 
0.139783 	0.183050 	0.126170 	0.102425 	 0.015114 
0.128385 	0.195276 	0.133905 	0.108551 	 0.015417 
0.143094 	0.171860 	0.119198 	0.093613 	 0.014545 
0.152635 	0.168445 	0.116933 	0.089489 	 0.013677 
0.134319 	0.187382 	0.128882 	0.102784 	 0.014826 
0.128355 	0.178886 	0.123637 	0.096667 	 0.014868 
0.147570 	0.174322 	0.120882 	0.090253 	 0.013578 
0.132881 	0.178707 	0.123466 	0.095327 	 0.014371 
0.134085 	0.173038 	0.120151 	0.090198 	 0.014366 
0.134215 	0.179408 	0.124177 	0.095716 	 0.014712 
0.147337 	0.177544 	0.122503 	0.097340 	 0.013951 
0.124269 	0.197161 	0.135813 	0.105823 	 0.015496 
0.146461 	0.177722 	0.122975 	0.094379 	 0.013639 
0.138386 	0.179343 	0.124118 	0.095368 	 0.014025 
0.131618 	0.179203 	0.124654 	0.093460 	 0.014933 
0.127924 	0.182477 	0.126313 	0.096721 	 0.014676 
0.147011 	0.160081 	0.111862 	0.081468 	 0.013344 
0.123717 	0.181031 	0.124633 	0.100052 	 0.014719 
0.126185 	0.189259 	0.131052 	0.098635 	 0.014850 
0.127514 	0.188894 	0.130688 	0.101722 	 0.015233 
0.129056 	0.189754 	0.131106 	0.103806 	 0.014969 
0.131998 	0.178774 	0.124068 	0.094032 	 0.014022 
0.124800 	0.191124 	0.132426 	0.101689 	 0.015365 
0.126182 	0.196863 	0.136250 	0.105099 	 0.015361 
0.128238 	0.173243 	0.120686 	0.090582 	 0.014213 
0.123301 	0.190402 	0.132235 	0.098655 	 0.015104 
0.126467 	0.180332 	0.125481 	0.092845 	 0.014457 
0.128280 	0.185275 	0.128933 	0.095310 	 0.014894 
0.138494 	0.180842 	0.125851 	0.094842 	 0.014753 
0.120286 	0.188671 	0.130619 	0.100252 	 0.015501 
0.102488 	0.196088 	0.135680 	0.103199 	 0.016068 
0.115424 	0.198927 	0.137973 	0.104000 	 0.015661 
0.121272 	0.186809 	0.130020 	0.095268 	 0.014945 
0.112451 	0.204797 	0.141942 	0.107808 	 0.015988 
0.110521 	0.194433 	0.134495 	0.103182 	 0.015514 
0.127928 	0.185532 	0.129153 	0.096001 	 0.014522 
0.127392 	0.191674 	0.133354 	0.100261 	 0.015106 
0.133198 	0.173749 	0.121685 	0.087404 	 0.014153 
0.121553 	0.193291 	0.134049 	0.101172 	 0.014691 
0.104426 	0.199707 	0.138879 	0.103101 	 0.015849 
0.111069 	0.195159 	0.135861 	0.099838 	 0.015407 
0.118220 	0.190094 	0.132664 	0.096581 	 0.015000 
0.121761 	0.192148 	0.134237 	0.097596 	 0.014865 
0.121657 	0.191696 	0.133753 	0.100532 	 0.014926 
0.119291 	0.188685 	0.131327 	0.099580 	 0.015205 
0.111749 	0.184762 	0.129144 	0.093329 	 0.014861 
0.119603 	0.185094 	0.129400 	0.090968 	 0.014361 
0.106529 	0.182937 	0.127614 	0.094103 	 0.014764 
0.122543 	0.188036 	0.131594 	0.095960 	 0.014437 
0.116903 	0.191199 	0.133372 	0.096060 	 0.014613 
0.100868 	0.207058 	0.143554 	0.110934 	 0.016514 
0.101183 	0.194694 	0.135686 	0.098617 	 0.016059 
0.100307 	0.201235 	0.140467 	0.103423 	 0.016749 
0.102798 	0.201181 	0.140055 	0.104102 	 0.016078 
0.113325 	0.192079 	0.134286 	0.096415 	 0.015099 
0.108794 	0.197034 	0.137269 	0.102300 	 0.015636 
0.118831 	0.182851 	0.128573 	0.088892 	 0.014340 
0.120067 	0.178205 	0.125009 	0.087127 	 0.013207 
0.103331 	0.202951 	0.141754 	0.102740 	 0.015886 
0.105002 	0.195916 	0.136850 	0.098663 	 0.015496 
0.111137 	0.190007 	0.133264 	0.093762 	 0.014970 
0.107798 	0.193208 	0.135231 	0.096486 	 0.015236 
0.103997 	0.201714 	0.140802 	0.103646 	 0.016014 
0.118529 	0.178440 	0.125771 	0.085010 	 0.014046 
0.114963 	0.191502 	0.134314 	0.093976 	 0.014759 
0.099129 	0.200999 	0.140103 	0.101393 	 0.015550 
0.103307 	0.197913 	0.138619 	0.098572 	 0.015533 
0.116179 	0.183696 	0.129002 	0.090681 	 0.014332 
0.095447 	0.187286 	0.131964 	0.088905 	 0.015274 
0.101937 	0.199999 	0.139686 	0.103618 	 0.015835 
0.094006 	0.202865 	0.141692 	0.102458 	 0.015806 
0.091081 	0.205844 	0.143694 	0.106250 	 0.016227 
0.107980 	0.185017 	0.130287 	0.089903 	 0.014392 
0.113137 	0.177863 	0.125882 	0.084263 	 0.014422 
0.099460 	0.200945 	0.140577 	0.100133 	 0.014899 
0.100535 	0.190968 	0.134529 	0.091913 	 0.015137 
0.100831 	0.191068 	0.134396 	0.092189 	 0.014518 
0.098524 	0.204356 	0.142942 	0.103573 	 0.016035 
0.101424 	0.198472 	0.139265 	0.098388 	 0.016034 
0.097035 	0.193743 	0.136524 	0.091380 	 0.015004 
0.101027 	0.198232 	0.139434 	0.099484 	 0.016046 
0.096524 	0.196393 	0.137984 	0.095943 	 0.015408 
0.084542 	0.209349 	0.146377 	0.105526 	 0.016770 
0.099671 	0.202489 	0.142649 	0.098613 	 0.016397 
0.095939 	0.196510 	0.138444 	0.095171 	 0.016147 
0.098948 	0.204030 	0.143506 	0.097820 	 0.015371 
0.093107 	0.195568 	0.137758 	0.094554 	 0.015442 
0.099095 	0.198181 	0.139290 	0.097242 	 0.015212 
0.110660 	0.183181 	0.129916 	0.085098 	 0.014421 
0.101266 	0.192028 	0.135617 	0.092254 	 0.015225 
0.093781 	0.202896 	0.142827 	0.098399 	 0.015761 
0.101055 	0.189714 	0.134101 	0.090730 	 0.015121 
0.092622 	0.199521 	0.140856 	0.095237 	 0.015470 
0.091369 	0.203358 	0.142771 	0.100250 	 0.015646 
0.100188 	0.185444 	0.131718 	0.087981 	 0.015693 
0.090421 	0.204125 	0.143809 	0.098956 	 0.016121 
0.108939 	0.187771 	0.133107 	0.088698 	 0.014207 
0.089812 	0.194888 	0.137794 	0.092356 	 0.015498 
0.089043 	0.189548 	0.134368 	0.088755 	 0.015335 
0.093551 	0.189755 	0.134463 	0.088749 	 0.015208 
0.099197 	0.193366 	0.136978 	0.089675 	 0.015016 
0.086820 	0.201094 	0.142023 	0.095293 	 0.015475 
0.111446 	0.189062 	0.134131 	0.088497 	 0.014145 
0.084147 	0.205046 	0.144659 	0.097061 	 0.015764 
0.095213 	0.193146 	0.136900 	0.090618 	 0.015357 
0.098800 	0.189356 	0.135038 	0.083871 	 0.014969 
0.088229 	0.199479 	0.141560 	0.091439 	 0.015573 
0.071342 	0.216933 	0.152459 	0.106777 	 0.017062 
0.088213 	0.204446 	0.144320 	0.097350 	 0.015485 
0.095877 	0.198989 	0.141036 	0.091491 	 0.015021 
0.078386 	0.204798 	0.144761 	0.096282 	 0.015879 
0.097054 	0.198490 	0.140970 	0.092310 	 0.015688 
0.081427 	0.203187 	0.143519 	0.097190 	 0.016127 
0.083346 	0.214611 	0.151216 	0.103558 	 0.016254 
0.081910 	0.207754 	0.146638 	0.099697 	 0.016128 
0.084445 	0.206099 	0.145816 	0.098435 	 0.015896 
0.096828 	0.197486 	0.140182 	0.092790 	 0.014777 
0.086018 	0.200540 	0.142389 	0.092575 	 0.015621 
0.093765 	0.195520 	0.139991 	0.087418 	 0.015837 
0.085657 	0.198119 	0.140760 	0.093138 	 0.016249 
0.077941 	0.212398 	0.149880 	0.103998 	 0.016622 
0.076991 	0.207253 	0.146801 	0.098420 	 0.016020 
0.082308 	0.209598 	0.148523 	0.099319 	 0.015994 
0.085935 	0.204438 	0.145641 	0.092084 	 0.015688 
0.083188 	0.209190 	0.148203 	0.097861 	 0.015747 
0.086528 	0.202015 	0.143761 	0.091103 	 0.014815 
0.094514 	0.189291 	0.135333 	0.084510 	 0.014345 
0.086710 	0.205782 	0.146264 	0.094112 	 0.015516 
0.084000 	0.206765 	0.146985 	0.095916 	 0.015624 
0.076385 	0.206606 	0.146579 	0.096721 	 0.015684 
0.090969 	0.199805 	0.142629 	0.091128 	 0.015377 
0.094396 	0.192982 	0.138316 	0.086767 	 0.015296 
0.081568 	0.199518 	0.142649 	0.085945 	 0.015263 
0.072053 	0.209485 	0.149433 	0.095375 	 0.016831 
0.077675 	0.204685 	0.145686 	0.093540 	 0.015642 
0.078805 	0.212756 	0.150721 	0.100805 	 0.015422 
0.084073 	0.198904 	0.142180 	0.087915 	 0.014888 
0.060944 	0.214763 	0.152047 	0.100481 	 0.016423 
0.082171 	0.206169 	0.147107 	0.094096 	 0.015671 
0.081211 	0.196584 	0.140649 	0.090504 	 0.015275 
0.072014 	0.215830 	0.153235 	0.101705 	 0.017085 
0.070161 	0.220926 	0.156888 	0.103154 	 0.017010 
0.088281 	0.202062 	0.144521 	0.092085 	 0.015888 
0.083531 	0.199252 	0.142412 	0.088853 	 0.015080 
0.064751 	0.219829 	0.156017 	0.104046 	 0.017003 
0.088189 	0.199755 	0.143300 	0.086997 	 0.014511 
0.083758 	0.199953 	0.143187 	0.090160 	 0.015542 
0.067976 	0.224671 	0.158883 	0.107429 	 0.016621 
0.078715 	0.210639 	0.150113 	0.095974 	 0.015344 
0.073217 	0.207357 	0.148267 	0.091982 	 0.015668 
0.070013 	0.206829 	0.147825 	0.094543 	 0.016007 
0.064454 	0.222051 	0.158058 	0.104924 	 0.017532 
0.064554 	0.220039 	0.156531 	0.101611 	 0.016594 
0.075381 	0.209483 	0.150031 	0.092531 	 0.015849 
0.079205 	0.206003 	0.147592 	0.091832 	 0.015534 
0.064401 	0.221824 	0.157718 	0.105218 	 0.017600 
0.077264 	0.203503 	0.146422 	0.087944 	 0.016118 
0.061860 	0.225423 	0.160382 	0.104410 	 0.017158 
0.063592 	0.213670 	0.153168 	0.094837 	 0.017325 
0.075407 	0.208173 	0.149136 	0.094397 	 0.016036 
0.065765 	0.213007 	0.151873 	0.097438 	 0.016593 
0.069092 	0.217035 	0.154826 	0.097970 	 0.015977 
0.087817 	0.198637 	0.143300 	0.087086 	 0.015673 
0.072951 	0.211854 	0.152394 	0.092070 	 0.016348 
0.079043 	0.197118 	0.141721 	0.084285 	 0.014016 
0.066820 	0.215995 	0.154371 	0.098947 	 0.016918 
0.061955 	0.212781 	0.152525 	0.095772 	 0.016316 
0.071914 	0.204101 	0.146886 	0.088866 	 0.015360 
0.083044 	0.194829 	0.140647 	0.083893 	 0.014922 
0.058041 	0.221519 	0.158475 	0.100400 	 0.016846 
0.082732 	0.203181 	0.146451 	0.088384 	 0.015205 
0.074273 	0.205410 	0.148152 	0.087781 	 0.015848 
0.074763 	0.210504 	0.151639 	0.091941 	 0.015954 
0.067794 	0.200345 	0.145484 	0.082463 	 0.016644 
0.063257 	0.216645 	0.155504 	0.095585 	 0.016150 
0.083208 	0.201515 	0.145813 	0.084281 	 0.015406 
0.067366 	0.215462 	0.154626 	0.095347 	 0.015576 
0.071550 	0.197923 	0.143521 	0.082485 	 0.014942 
0.070829 	0.215352 	0.154667 	0.093625 	 0.015595 
0.067855 	0.212900 	0.153436 	0.092355 	 0.016334 
0.066677 	0.220142 	0.157924 	0.099666 	 0.016677 
0.082289 	0.196302 	0.142640 	0.079501 	 0.014480 
0.074204 	0.203911 	0.147833 	0.085557 	 0.015611 
0.068768 	0.200813 	0.145391 	0.085090 	 0.015365 
0.054221 	0.215060 	0.154696 	0.094028 	 0.016201 
0.059467 	0.212560 	0.152648 	0.094813 	 0.016081 
0.065713 	0.204376 	0.147811 	0.087133 	 0.015708 
0.065104 	0.203636 	0.147098 	0.088434 	 0.014999 
0.067917 	0.204802 	0.148404 	0.085793 	 0.015773 
0.069754 	0.203972 	0.147773 	0.086130 	 0.015415 
0.077602 	0.203315 	0.147708 	0.084519 	 0.015880 
0.081413 	0.208862 	0.151181 	0.088310 	 0.015503 
0.072098 	0.202686 	0.146720 	0.087421 	 0.015240 
0.072574 	0.201144 	0.146626 	0.080403 	 0.015443 
0.067730 	0.216034 	0.156207 	0.090339 	 0.015708 
0.063247 	0.209454 	0.151624 	0.087438 	 0.015661 
0.080757 	0.197099 	0.143862 	0.081897 	 0.015684 
0.057028 	0.216822 	0.156617 	0.092922 	 0.016445 
0.072164 	0.208763 	0.151148 	0.088346 	 0.015244 
0.074861 	0.206808 	0.149986 	0.086904 	 0.014786 
0.076455 	0.203780 	0.148554 	0.084496 	 0.016007 
0.062752 	0.219549 	0.158532 	0.095329 	 0.016390 
0.073837 	0.201498 	0.146818 	0.082480 	 0.015615 
0.078865 	0.198067 	0.144505 	0.082189 	 0.015693 
0.075483 	0.205340 	0.149494 	0.085730 	 0.015992 
0.062358 	0.217301 	0.157114 	0.094084 	 0.016015 
0.076067 	0.195114 	0.142979 	0.076841 	 0.015018 
0.066313 	0.209665 	0.152837 	0.085163 	 0.016287 
0.053739 	0.208709 	0.152047 	0.084954 	 0.016677 
0.084651 	0.194825 	0.142861 	0.076804 	 0.014290 
0.065876 	0.205908 	0.149741 	0.087453 	 0.015568 
0.061993 	0.224988 	0.162739 	0.096623 	 0.016584 
0.063327 	0.210319 	0.152803 	0.089330 	 0.015771 
0.063845 	0.206392 	0.150352 	0.084492 	 0.015319 
0.073397 	0.204173 	0.149065 	0.083501 	 0.015450 
0.053564 	0.218061 	0.158372 	0.093235 	 0.017357 
0.053140 	0.212309 	0.154483 	0.089486 	 0.016794 
0.071817 	0.208121 	0.152529 	0.082992 	 0.016243 
0.054320 	0.234788 	0.168895 	0.107196 	 0.017719 
0.061849 	0.202245 	0.147946 	0.083393 	 0.015907 
0.081846 	0.201106 	0.147812 	0.079132 	 0.015265 
0.069521 	0.202866 	0.148684 	0.081948 	 0.015995 
0.067591 	0.216907 	0.157721 	0.091462 	 0.015782 
0.084055 	0.198407 	0.145993 	0.076913 	 0.014467 
0.052711 	0.225869 	0.163874 	0.095932 	 0.017066 
0.079911 	0.204957 	0.150681 	0.079179 	 0.014783 
0.061053 	0.216047 	0.157217 	0.092313 	 0.016902 
0.076231 	0.210827 	0.154070 	0.087617 	 0.015601 
0.054799 	0.216709 	0.158499 	0.087189 	 0.016847 
0.057434 	0.213491 	0.156064 	0.087362 	 0.016715 
0.063780 	0.218967 	0.159489 	0.093798 	 0.016690 
0.061771 	0.213215 	0.155704 	0.090030 	 0.016453 
0.058814 	0.208948 	0.152853 	0.086908 	 0.016204 
0.056059 	0.210744 	0.154179 	0.088179 	 0.016627 
0.062242 	0.218403 	0.159428 	0.090286 	 0.016501 
0.078659 	0.198649 	0.147232 	0.073643 	 0.015370 
0.075520 	0.213820 	0.156627 	0.088010 	 0.015711 
0.070404 	0.213256 	0.156190 	0.087887 	 0.015949 
0.080529 	0.198901 	0.146938 	0.077109 	 0.015006 
0.081579 	0.191432 	0.142491 	0.070339 	 0.015051 
0.074187 	0.204738 	0.150902 	0.080321 	 0.015845 
0.080028 	0.193214 	0.143638 	0.072014 	 0.015252 
0.088771 	0.193795 	0.143812 	0.073963 	 0.014360 
0.078900 	0.209231 	0.153838 	0.085459 	 0.016236 
0.084452 	0.189098 	0.140660 	0.072501 	 0.014936 
0.082608 	0.201228 	0.149203 	0.077277 	 0.015387 
0.074822 	0.209777 	0.154522 	0.083370 	 0.015836 
0.071323 	0.205521 	0.152160 	0.080121 	 0.016360 
0.076386 	0.207806 	0.153306 	0.084055 	 0.016568 
0.092406 	0.196694 	0.146531 	0.073877 	 0.014785 
0.073093 	0.204666 	0.150992 	0.080942 	 0.015990 
0.080375 	0.196431 	0.146269 	0.074080 	 0.015773 
0.081276 	0.193281 	0.144036 	0.072196 	 0.015308 
0.090813 	0.197970 	0.147284 	0.072693 	 0.014069 
0.096225 	0.198036 	0.147132 	0.075410 	 0.014442 
0.087362 	0.189027 	0.141189 	0.069347 	 0.013939 
0.079727 	0.198460 	0.147338 	0.076682 	 0.015673 
0.070416 	0.211782 	0.156440 	0.084730 	 0.016499 
0.074855 	0.202714 	0.150937 	0.075258 	 0.015235 
0.082553 	0.206674 	0.153135 	0.081039 	 0.015721 
0.085602 	0.194443 	0.145271 	0.071451 	 0.014680 
0.098234 	0.187265 	0.141019 	0.064026 	 0.013904 
0.094728 	0.194407 	0.145267 	0.071002 	 0.014426 
0.089952 	0.196909 	0.147386 	0.072877 	 0.015223 
0.097774 	0.180803 	0.136570 	0.062302 	 0.014037 
0.087495 	0.201806 	0.150337 	0.077471 	 0.014354 
0.074280 	0.213911 	0.158394 	0.083997 	 0.016490 
0.105489 	0.186499 	0.140365 	0.066516 	 0.013504 
0.084445 	0.200229 	0.149602 	0.076716 	 0.016018 
0.076700 	0.203353 	0.151969 	0.075637 	 0.015737 
0.094125 	0.189761 	0.142683 	0.068307 	 0.014560 
0.088834 	0.198714 	0.149074 	0.073435 	 0.015532 
0.084468 	0.199471 	0.149124 	0.075052 	 0.015287 
0.088591 	0.204400 	0.152118 	0.080923 	 0.015526 
0.087266 	0.192237 	0.144527 	0.070800 	 0.015156 
0.095322 	0.181660 	0.137629 	0.063254 	 0.014089 
0.088222 	0.203733 	0.152626 	0.075384 	 0.015618 
0.077398 	0.203647 	0.152061 	0.076125 	 0.015293 
0.097863 	0.189258 	0.143161 	0.067295 	 0.014415 
0.101078 	0.185429 	0.140524 	0.067433 	 0.014815 
0.090688 	0.205345 	0.153595 	0.077200 	 0.015318 
0.085095 	0.204596 	0.152863 	0.076843 	 0.015250 
0.098527 	0.188054 	0.142613 	0.063995 	 0.014258 
0.087876 	0.197604 	0.148844 	0.071121 	 0.015469 
0.093119 	0.198815 	0.149535 	0.072068 	 0.015006 
0.101529 	0.183488 	0.139690 	0.062254 	 0.014712 
0.099731 	0.183104 	0.139287 	0.062960 	 0.014679 
0.105369 	0.184510 	0.140738 	0.059497 	 0.014051 
0.089450 	0.199484 	0.150052 	0.072752 	 0.015150 
0.112318 	0.171107 	0.131909 	0.052708 	 0.013580 
0.092267 	0.198466 	0.148993 	0.075938 	 0.015370 
0.107280 	0.187692 	0.142575 	0.063385 	 0.013519 
0.086316 	0.208416 	0.155522 	0.082052 	 0.015640 
0.097230 	0.191503 	0.144928 	0.065965 	 0.014155 
0.099188 	0.195030 	0.147545 	0.070794 	 0.014592 
0.096310 	0.191824 	0.145073 	0.068076 	 0.014078 
0.107103 	0.185699 	0.141430 	0.063583 	 0.013546 
0.104689 	0.191585 	0.145132 	0.065728 	 0.013894 
0.101181 	0.185554 	0.141243 	0.064412 	 0.014017 
0.107670 	0.190019 	0.144946 	0.063833 	 0.014147 
0.109357 	0.177168 	0.136579 	0.054387 	 0.013812 
0.090033 	0.204183 	0.153079 	0.077882 	 0.014922 
0.102477 	0.196533 	0.148647 	0.073668 	 0.015764 
0.074606 	0.215141 	0.161245 	0.081810 	 0.016304 
0.099524 	0.184399 	0.141239 	0.061034 	 0.014352 
0.106573 	0.180444 	0.139078 	0.057301 	 0.014185 
0.097583 	0.190928 	0.145663 	0.066028 	 0.015277 
0.098789 	0.192935 	0.147229 	0.065349 	 0.014897 
0.075440 	0.218767 	0.163495 	0.085328 	 0.016909 
0.087429 	0.200827 	0.152271 	0.072679 	 0.016245 
0.087906 	0.192680 	0.146975 	0.064539 	 0.015192 
0.095758 	0.195694 	0.149230 	0.066544 	 0.015443 
0.092449 	0.198105 	0.150664 	0.069331 	 0.015285 
0.090658 	0.195512 	0.149012 	0.068184 	 0.014905 
0.083132 	0.197729 	0.150454 	0.067796 	 0.015185 
0.076136 	0.202775 	0.153800 	0.071051 	 0.015796 
0.106035 	0.180488 	0.139085 	0.058602 	 0.013490 
0.100268 	0.186040 	0.142519 	0.062182 	 0.013425 
0.099764 	0.186063 	0.142897 	0.060534 	 0.013768 
0.085649 	0.191140 	0.146282 	0.063925 	 0.015264 
0.100950 	0.184567 	0.142101 	0.060780 	 0.013842 
0.088338 	0.186825 	0.143197 	0.064517 	 0.015594 
0.092421 	0.196284 	0.149127 	0.071109 	 0.014726 
0.082657 	0.197047 	0.150716 	0.068527 	 0.015859 
0.095538 	0.193009 	0.148029 	0.065206 	 0.015232 
0.093147 	0.181626 	0.140407 	0.058958 	 0.014901 
0.084137 	0.195189 	0.148927 	0.068824 	 0.015550 
0.082484 	0.190987 	0.146573 	0.062891 	 0.015099 
0.083720 	0.196826 	0.150401 	0.069350 	 0.016138 
0.089108 	0.196125 	0.150177 	0.068773 	 0.015617 
0.091256 	0.187623 	0.144573 	0.059065 	 0.014762 
0.114465 	0.175463 	0.136830 	0.054927 	 0.013348 
0.091381 	0.201010 	0.153343 	0.068768 	 0.014941 
0.090471 	0.176471 	0.137114 	0.053413 	 0.014194 
0.106569 	0.180984 	0.140934 	0.055851 	 0.014473 
0.099165 	0.179022 	0.139352 	0.054078 	 0.013921 
0.092914 	0.192960 	0.148460 	0.062996 	 0.014673 
0.093342 	0.192508 	0.148500 	0.062557 	 0.015594 
0.103206 	0.182073 	0.141185 	0.059577 	 0.014204 
0.093597 	0.180925 	0.140344 	0.060197 	 0.014966 
0.089931 	0.197314 	0.151670 	0.064785 	 0.015266 
0.101711 	0.179773 	0.140159 	0.056768 	 0.014464 
0.100472 	0.173850 	0.136024 	0.052448 	 0.013841 
0.095813 	0.190745 	0.147358 	0.062328 	 0.014774 
0.089230 	0.196726 	0.151195 	0.067213 	 0.015765 
0.096927 	0.185102 	0.144101 	0.055192 	 0.014670 
0.089386 	0.176670 	0.137870 	0.053977 	 0.014151 
0.110658 	0.174900 	0.137513 	0.052521 	 0.013655 
0.078427 	0.196825 	0.151485 	0.067464 	 0.016116 
0.096904 	0.184455 	0.143396 	0.059264 	 0.013846 
0.095022 	0.181686 	0.141750 	0.056568 	 0.015043 
0.087635 	0.187043 	0.145526 	0.058590 	 0.015680 
0.093388 	0.189933 	0.147735 	0.059672 	 0.015356 
0.100027 	0.174545 	0.137040 	0.055320 	 0.014367 
0.070838 	0.208691 	0.159480 	0.074146 	 0.016246 
