di 	gli 	gal 	gos3 	 gos4 
0.421712 	0.025315 	0.015287 	0.016668 	 -0.002039 
0.415271 	0.039098 	0.024037 	0.029935 	 -0.000253 
0.442387 	0.028453 	0.016125 	0.036072 	 -0.001286 
0.418352 	0.052181 	0.031391 	0.052141 	 0.000851 
0.428453 	0.051602 	0.031510 	0.051880 	 0.000151 
0.420784 	0.059182 	0.036641 	0.056565 	 0.000632 
0.408261 	0.061498 	0.037759 	0.059496 	 0.001244 
0.428314 	0.048564 	0.029627 	0.048802 	 -0.000005 
0.423611 	0.059578 	0.036708 	0.055970 	 0.000308 
0.417735 	0.058343 	0.035453 	0.056770 	 0.000115 
0.421588 	0.047158 	0.028395 	0.049234 	 0.000313 
0.409132 	0.057354 	0.034953 	0.057136 	 0.001312 
0.411785 	0.056892 	0.034439 	0.056048 	 0.000573 
0.414282 	0.048969 	0.029308 	0.053777 	 0.000709 
0.397318 	0.078473 	0.048887 	0.069610 	 0.001758 
0.416587 	0.059994 	0.036403 	0.062783 	 0.001306 
0.406579 	0.062776 	0.038720 	0.059227 	 0.001539 
0.413034 	0.068405 	0.042233 	0.064072 	 0.000998 
0.402050 	0.063152 	0.038746 	0.059955 	 0.001153 
0.404041 	0.061063 	0.037827 	0.058531 	 0.002023 
0.395272 	0.076475 	0.047504 	0.070079 	 0.002678 
0.402712 	0.069228 	0.043400 	0.060689 	 0.001610 
0.409279 	0.059661 	0.036672 	0.056815 	 0.000580 
0.386222 	0.077522 	0.047887 	0.071994 	 0.003373 
0.407797 	0.064103 	0.038925 	0.063716 	 0.001247 
0.394030 	0.077668 	0.048241 	0.070441 	 0.002248 
0.396409 	0.070340 	0.043753 	0.065034 	 0.002507 
0.392542 	0.069536 	0.042597 	0.066062 	 0.002265 
0.400509 	0.060954 	0.037700 	0.059224 	 0.002203 
0.389130 	0.080811 	0.050499 	0.072460 	 0.003152 
0.388008 	0.076610 	0.047739 	0.071022 	 0.002934 
0.385505 	0.079121 	0.048797 	0.075304 	 0.003490 
0.388408 	0.076975 	0.047607 	0.072198 	 0.002928 
0.391680 	0.073088 	0.045333 	0.068673 	 0.002757 
0.393574 	0.071963 	0.044477 	0.066865 	 0.002338 
0.392815 	0.068081 	0.042000 	0.063720 	 0.002453 
0.385753 	0.074577 	0.045968 	0.071970 	 0.003023 
0.384717 	0.075210 	0.046586 	0.071467 	 0.003131 
0.382655 	0.077997 	0.048200 	0.074200 	 0.003349 
0.371633 	0.087752 	0.054654 	0.079628 	 0.004318 
0.379639 	0.076511 	0.047258 	0.068992 	 0.002950 
0.366633 	0.083102 	0.051769 	0.073954 	 0.003865 
0.367994 	0.098854 	0.061688 	0.088034 	 0.004533 
0.383292 	0.077918 	0.048463 	0.072141 	 0.003338 
0.383249 	0.076310 	0.047713 	0.071809 	 0.003929 
0.377718 	0.081593 	0.050843 	0.076276 	 0.003658 
0.359432 	0.100311 	0.063082 	0.087336 	 0.005254 
0.369440 	0.086631 	0.054135 	0.076977 	 0.003743 
0.372937 	0.084062 	0.052675 	0.074754 	 0.003510 
0.362098 	0.100579 	0.063125 	0.085474 	 0.004429 
0.374249 	0.083267 	0.051501 	0.074894 	 0.002979 
0.362160 	0.084341 	0.052867 	0.075503 	 0.003874 
0.360058 	0.091331 	0.057383 	0.080379 	 0.004328 
0.374854 	0.086613 	0.055048 	0.072744 	 0.003880 
0.361952 	0.089067 	0.055848 	0.077770 	 0.004209 
0.347145 	0.101154 	0.063770 	0.087025 	 0.005369 
0.355491 	0.098799 	0.062396 	0.084791 	 0.005053 
0.354765 	0.097257 	0.061299 	0.083502 	 0.004768 
0.343904 	0.106312 	0.066892 	0.090945 	 0.004917 
0.364761 	0.088853 	0.055973 	0.080417 	 0.004979 
0.358003 	0.093389 	0.059077 	0.081523 	 0.004686 
0.343799 	0.110012 	0.069254 	0.093682 	 0.005754 
0.353314 	0.092871 	0.058252 	0.082449 	 0.004464 
0.357667 	0.090808 	0.056951 	0.081135 	 0.004486 
0.347838 	0.098641 	0.062141 	0.086178 	 0.005666 
0.330931 	0.115219 	0.073039 	0.096177 	 0.006748 
0.346603 	0.090479 	0.056668 	0.079807 	 0.004525 
0.339861 	0.102315 	0.064344 	0.089593 	 0.005281 
0.340089 	0.104969 	0.066333 	0.089449 	 0.006005 
0.337072 	0.109264 	0.069307 	0.092686 	 0.006484 
0.357158 	0.097397 	0.061479 	0.085731 	 0.004591 
0.344371 	0.097743 	0.061560 	0.084189 	 0.005223 
0.342891 	0.108052 	0.068407 	0.093424 	 0.005935 
0.336027 	0.114919 	0.073035 	0.096815 	 0.006269 
0.337760 	0.110677 	0.070080 	0.094535 	 0.006126 
0.345868 	0.100475 	0.063493 	0.085991 	 0.005650 
0.333824 	0.111124 	0.070251 	0.093650 	 0.005816 
0.349489 	0.102839 	0.065106 	0.087533 	 0.005177 
0.347947 	0.098273 	0.062503 	0.083302 	 0.005245 
0.326545 	0.114645 	0.072882 	0.094960 	 0.006445 
0.347704 	0.093674 	0.059054 	0.080083 	 0.004284 
0.328312 	0.106541 	0.067395 	0.088711 	 0.006103 
0.333991 	0.102584 	0.065077 	0.086873 	 0.005939 
0.337590 	0.102487 	0.065567 	0.083830 	 0.006051 
0.342271 	0.093368 	0.058857 	0.081568 	 0.004908 
0.344421 	0.098663 	0.062460 	0.084722 	 0.006129 
0.327156 	0.112314 	0.071463 	0.091444 	 0.006308 
0.329581 	0.101634 	0.064671 	0.085192 	 0.006061 
0.325880 	0.110644 	0.070119 	0.093789 	 0.005894 
0.333501 	0.103695 	0.065711 	0.087736 	 0.005475 
0.342254 	0.097531 	0.061997 	0.083211 	 0.005367 
0.330176 	0.105623 	0.067093 	0.088910 	 0.006007 
0.329832 	0.111300 	0.070619 	0.093261 	 0.006579 
0.324363 	0.121060 	0.077097 	0.101116 	 0.007122 
0.328695 	0.104049 	0.065744 	0.090313 	 0.006269 
0.333323 	0.100273 	0.063686 	0.084446 	 0.005909 
0.320539 	0.121404 	0.077457 	0.099606 	 0.007534 
0.337111 	0.103855 	0.065991 	0.089387 	 0.006209 
0.329141 	0.109678 	0.070235 	0.089476 	 0.006244 
0.319405 	0.114863 	0.073227 	0.095476 	 0.007411 
0.330250 	0.108793 	0.069477 	0.089763 	 0.006116 
0.319070 	0.120157 	0.077148 	0.093561 	 0.006947 
0.320733 	0.115880 	0.073995 	0.094568 	 0.006634 
0.322041 	0.110165 	0.070103 	0.090683 	 0.006482 
0.326563 	0.112787 	0.071969 	0.092808 	 0.005799 
0.321861 	0.110655 	0.070830 	0.089970 	 0.006720 
0.322639 	0.106903 	0.068157 	0.087627 	 0.006231 
0.323457 	0.119150 	0.076412 	0.096801 	 0.006979 
0.317643 	0.113893 	0.073083 	0.092872 	 0.006883 
0.317937 	0.118188 	0.076231 	0.094623 	 0.007070 
0.310745 	0.133159 	0.086092 	0.102245 	 0.007839 
0.323661 	0.121745 	0.078034 	0.098329 	 0.006840 
0.315923 	0.125899 	0.081018 	0.102563 	 0.008001 
0.326910 	0.110195 	0.070747 	0.088225 	 0.006082 
0.318986 	0.110708 	0.070881 	0.089866 	 0.006607 
0.306062 	0.127978 	0.082375 	0.098219 	 0.006868 
0.316115 	0.119921 	0.076758 	0.097987 	 0.007438 
0.315364 	0.116760 	0.075130 	0.093363 	 0.007494 
0.319809 	0.115343 	0.074302 	0.093522 	 0.007445 
0.317137 	0.113131 	0.072506 	0.090032 	 0.006101 
0.315050 	0.114432 	0.073617 	0.092047 	 0.007122 
0.320173 	0.119222 	0.076473 	0.096370 	 0.006440 
0.301653 	0.139226 	0.090179 	0.107108 	 0.008597 
0.296833 	0.138417 	0.089360 	0.107476 	 0.008138 
0.284205 	0.149170 	0.095785 	0.116836 	 0.008755 
0.299149 	0.140825 	0.091195 	0.110184 	 0.008648 
0.297849 	0.133447 	0.085912 	0.106903 	 0.007974 
0.316528 	0.119315 	0.077376 	0.090622 	 0.006720 
0.303928 	0.136905 	0.089098 	0.103625 	 0.008559 
0.307874 	0.124350 	0.080250 	0.095713 	 0.006669 
0.296831 	0.138013 	0.089130 	0.108334 	 0.008430 
0.288179 	0.140424 	0.091007 	0.107312 	 0.008942 
0.302363 	0.129181 	0.083380 	0.100514 	 0.007337 
0.304072 	0.133738 	0.086326 	0.105773 	 0.008112 
0.304949 	0.131498 	0.084944 	0.102688 	 0.007857 
0.304753 	0.119458 	0.076661 	0.094642 	 0.006852 
0.284308 	0.137076 	0.088945 	0.104990 	 0.008875 
0.296576 	0.139014 	0.090376 	0.103924 	 0.008410 
0.311913 	0.131630 	0.085384 	0.098215 	 0.006427 
0.296981 	0.134002 	0.087254 	0.102635 	 0.008094 
0.287136 	0.137788 	0.089012 	0.107093 	 0.008893 
0.281085 	0.146900 	0.094681 	0.114573 	 0.008856 
0.289070 	0.130809 	0.084649 	0.101330 	 0.008342 
0.308021 	0.122255 	0.079467 	0.092689 	 0.006929 
0.304058 	0.131069 	0.085201 	0.100571 	 0.007570 
0.295273 	0.144293 	0.094197 	0.107367 	 0.008407 
0.285745 	0.143127 	0.093146 	0.105836 	 0.008291 
0.291239 	0.140219 	0.091320 	0.104023 	 0.007972 
0.284146 	0.138328 	0.089652 	0.105682 	 0.008997 
0.290001 	0.125863 	0.081903 	0.093485 	 0.007671 
0.290596 	0.139984 	0.090760 	0.105595 	 0.008456 
0.292626 	0.131080 	0.085041 	0.097686 	 0.007525 
0.281426 	0.142281 	0.092488 	0.104363 	 0.007769 
0.297073 	0.132699 	0.086045 	0.102467 	 0.007812 
0.288197 	0.132096 	0.086082 	0.097742 	 0.008336 
0.293189 	0.136024 	0.088459 	0.103122 	 0.008285 
0.285801 	0.138158 	0.090193 	0.102195 	 0.008546 
0.271462 	0.150755 	0.098290 	0.110250 	 0.009397 
0.291388 	0.135810 	0.088603 	0.098934 	 0.007719 
0.285975 	0.136293 	0.088811 	0.100967 	 0.007894 
0.293282 	0.134183 	0.087468 	0.099276 	 0.007318 
0.282477 	0.137308 	0.089288 	0.101456 	 0.007713 
0.283929 	0.145898 	0.094979 	0.106149 	 0.007734 
0.280972 	0.147469 	0.095807 	0.110742 	 0.008986 
0.299549 	0.135652 	0.088812 	0.099637 	 0.007677 
0.284782 	0.138315 	0.090332 	0.099699 	 0.007880 
0.276909 	0.149603 	0.097459 	0.110038 	 0.009068 
0.284842 	0.148789 	0.097285 	0.108044 	 0.008233 
0.274402 	0.146999 	0.095799 	0.107320 	 0.008570 
0.276735 	0.151358 	0.099022 	0.109346 	 0.009117 
0.296198 	0.133221 	0.086914 	0.100077 	 0.007605 
0.263727 	0.156240 	0.101982 	0.113015 	 0.009611 
0.275719 	0.152555 	0.100065 	0.111009 	 0.009342 
0.274144 	0.146403 	0.095402 	0.107923 	 0.008944 
0.278039 	0.154362 	0.101276 	0.111112 	 0.009129 
0.269850 	0.159771 	0.104498 	0.113601 	 0.009160 
0.270655 	0.159313 	0.104042 	0.117354 	 0.009922 
0.259668 	0.158289 	0.103524 	0.113467 	 0.009179 
0.281643 	0.143350 	0.093805 	0.103236 	 0.008501 
0.274078 	0.155092 	0.101509 	0.111528 	 0.008957 
0.270973 	0.153533 	0.100850 	0.108121 	 0.008583 
0.262403 	0.155942 	0.102728 	0.109214 	 0.010106 
0.278264 	0.143327 	0.094127 	0.102407 	 0.008769 
0.256853 	0.174648 	0.114457 	0.124717 	 0.010510 
0.251876 	0.171101 	0.112310 	0.121598 	 0.011102 
0.266643 	0.153330 	0.101123 	0.106413 	 0.009732 
0.260477 	0.158473 	0.103899 	0.112343 	 0.009656 
0.263764 	0.151255 	0.099405 	0.108634 	 0.009962 
0.265744 	0.156012 	0.102091 	0.112796 	 0.009709 
0.264287 	0.166834 	0.109634 	0.122353 	 0.010758 
0.251371 	0.174156 	0.114569 	0.119496 	 0.010275 
0.250426 	0.175194 	0.115196 	0.122895 	 0.010851 
0.259559 	0.170321 	0.111789 	0.121376 	 0.010614 
0.256769 	0.175168 	0.115396 	0.121452 	 0.010837 
0.262421 	0.165825 	0.109411 	0.114080 	 0.010122 
0.269585 	0.155595 	0.102728 	0.107585 	 0.008956 
0.258936 	0.158243 	0.104199 	0.109625 	 0.009856 
0.260853 	0.168390 	0.110769 	0.115608 	 0.009298 
0.267760 	0.160783 	0.106484 	0.109921 	 0.009607 
0.267917 	0.162226 	0.107414 	0.111104 	 0.009810 
0.254217 	0.160924 	0.106256 	0.109422 	 0.009476 
0.260568 	0.170366 	0.112301 	0.117911 	 0.009420 
0.262422 	0.170714 	0.112640 	0.117468 	 0.009723 
0.254580 	0.165694 	0.109333 	0.114939 	 0.010301 
0.265210 	0.162696 	0.107426 	0.114036 	 0.009812 
0.268777 	0.158623 	0.105152 	0.108261 	 0.009469 
0.243468 	0.174678 	0.115227 	0.120463 	 0.010714 
0.251566 	0.170839 	0.113021 	0.114083 	 0.010136 
0.257057 	0.164582 	0.108716 	0.112757 	 0.009751 
0.245497 	0.176108 	0.116426 	0.120389 	 0.010725 
0.262040 	0.160847 	0.106637 	0.109212 	 0.008939 
0.253405 	0.171963 	0.113880 	0.116874 	 0.009899 
0.252279 	0.174569 	0.115320 	0.118207 	 0.009667 
0.258799 	0.161297 	0.106973 	0.109978 	 0.009920 
0.251877 	0.167504 	0.110896 	0.114862 	 0.010246 
0.256846 	0.157758 	0.104508 	0.107048 	 0.008965 
0.245853 	0.176350 	0.116890 	0.118525 	 0.010649 
0.257084 	0.163409 	0.108414 	0.109974 	 0.009363 
0.247249 	0.170869 	0.112974 	0.116616 	 0.009673 
0.255445 	0.160828 	0.106662 	0.107785 	 0.009543 
0.247955 	0.176389 	0.117099 	0.118727 	 0.010509 
0.255315 	0.161324 	0.107099 	0.109552 	 0.009857 
0.250968 	0.163638 	0.108622 	0.110500 	 0.009959 
0.253585 	0.163037 	0.108507 	0.109197 	 0.009897 
0.251951 	0.171564 	0.113759 	0.115487 	 0.010172 
0.245036 	0.175213 	0.116240 	0.116186 	 0.010227 
0.247093 	0.170680 	0.113152 	0.115525 	 0.010489 
0.248183 	0.165481 	0.110052 	0.109619 	 0.009989 
0.242719 	0.173492 	0.115326 	0.116356 	 0.010778 
0.237295 	0.174585 	0.115849 	0.117326 	 0.010500 
0.241705 	0.180780 	0.119790 	0.122505 	 0.010742 
0.236784 	0.171524 	0.114173 	0.112373 	 0.010695 
0.239350 	0.181662 	0.120686 	0.120248 	 0.010995 
0.238444 	0.175564 	0.116578 	0.119264 	 0.011185 
0.237957 	0.186964 	0.124394 	0.122929 	 0.010825 
0.228652 	0.175949 	0.117282 	0.114448 	 0.011361 
0.234778 	0.181180 	0.120012 	0.120382 	 0.010810 
0.241379 	0.166913 	0.111159 	0.107302 	 0.009996 
0.244832 	0.173714 	0.115527 	0.113961 	 0.010257 
0.234719 	0.178772 	0.119071 	0.114869 	 0.010693 
0.242488 	0.173268 	0.115627 	0.111978 	 0.010293 
0.243755 	0.171544 	0.114739 	0.109715 	 0.010455 
0.230014 	0.178052 	0.118005 	0.119577 	 0.010613 
0.222395 	0.194847 	0.129102 	0.131913 	 0.012222 
0.228998 	0.181156 	0.120486 	0.120426 	 0.011014 
0.239612 	0.168606 	0.112843 	0.105480 	 0.010295 
0.220496 	0.193134 	0.128821 	0.124217 	 0.012016 
0.232649 	0.174270 	0.116271 	0.112138 	 0.010463 
0.237826 	0.183596 	0.122679 	0.116341 	 0.010389 
0.234937 	0.185750 	0.123638 	0.121089 	 0.010567 
0.234744 	0.182754 	0.122144 	0.118557 	 0.011325 
0.222515 	0.190051 	0.127001 	0.121889 	 0.011929 
0.235855 	0.180587 	0.120464 	0.115602 	 0.010237 
0.232006 	0.195102 	0.130604 	0.124623 	 0.011964 
0.219524 	0.192868 	0.128916 	0.122653 	 0.012220 
0.233043 	0.190191 	0.127388 	0.119655 	 0.010751 
0.211128 	0.205473 	0.137163 	0.132183 	 0.012437 
0.222386 	0.197636 	0.132470 	0.124720 	 0.012457 
0.214188 	0.198086 	0.132471 	0.124881 	 0.011990 
0.231504 	0.187273 	0.125907 	0.118034 	 0.011493 
0.224639 	0.204076 	0.136209 	0.131968 	 0.011859 
0.209736 	0.197124 	0.131547 	0.125775 	 0.011987 
0.222603 	0.197074 	0.131518 	0.125423 	 0.011462 
0.244569 	0.182288 	0.122598 	0.112786 	 0.009847 
0.229098 	0.177740 	0.119208 	0.109583 	 0.010271 
0.218928 	0.195841 	0.131402 	0.122933 	 0.011693 
0.224590 	0.186437 	0.125166 	0.117614 	 0.011567 
0.227372 	0.188058 	0.125334 	0.120746 	 0.010548 
0.219506 	0.196378 	0.131759 	0.125427 	 0.012581 
0.215810 	0.194968 	0.130979 	0.123040 	 0.012432 
0.227936 	0.188481 	0.126494 	0.119005 	 0.011266 
0.220988 	0.190905 	0.128303 	0.120163 	 0.012104 
0.209769 	0.201142 	0.134918 	0.125272 	 0.012257 
0.198877 	0.223792 	0.149717 	0.140711 	 0.013733 
0.216310 	0.203187 	0.135777 	0.129830 	 0.012382 
0.218633 	0.185011 	0.124722 	0.111736 	 0.011104 
0.218275 	0.196480 	0.131480 	0.125740 	 0.011589 
0.219848 	0.197481 	0.133173 	0.120169 	 0.012213 
0.211560 	0.200041 	0.134517 	0.125323 	 0.012398 
0.224467 	0.194213 	0.131021 	0.119128 	 0.011245 
0.231576 	0.182982 	0.123607 	0.111807 	 0.010817 
0.206361 	0.203462 	0.136644 	0.128507 	 0.012545 
0.212218 	0.191302 	0.129336 	0.114873 	 0.011727 
0.213632 	0.204203 	0.137112 	0.128023 	 0.012243 
0.214344 	0.205260 	0.138356 	0.127049 	 0.012220 
0.217819 	0.202158 	0.135924 	0.127166 	 0.012462 
0.219971 	0.205866 	0.138438 	0.127518 	 0.011339 
0.200943 	0.209826 	0.141074 	0.129931 	 0.012459 
0.211626 	0.206501 	0.138963 	0.128623 	 0.012348 
0.208934 	0.207696 	0.140056 	0.126641 	 0.012625 
0.205285 	0.210602 	0.142190 	0.127565 	 0.012626 
0.210823 	0.197701 	0.133857 	0.118412 	 0.012510 
0.205473 	0.206355 	0.139091 	0.125888 	 0.012022 
0.208342 	0.203333 	0.137160 	0.123138 	 0.011776 
0.210557 	0.199590 	0.134219 	0.124850 	 0.011687 
0.213171 	0.205705 	0.139305 	0.122481 	 0.012150 
0.206803 	0.211439 	0.142710 	0.127514 	 0.012386 
0.203967 	0.211018 	0.142743 	0.125724 	 0.012352 
0.196908 	0.219393 	0.148282 	0.131197 	 0.012906 
0.212305 	0.202519 	0.136964 	0.119388 	 0.011817 
0.215464 	0.196204 	0.132883 	0.118232 	 0.011659 
0.198944 	0.208186 	0.140650 	0.126843 	 0.012692 
0.204199 	0.204293 	0.138037 	0.125221 	 0.012643 
0.209721 	0.203461 	0.137603 	0.121147 	 0.011423 
0.203464 	0.205676 	0.139207 	0.123339 	 0.012577 
0.199899 	0.210320 	0.142700 	0.127508 	 0.013353 
0.207537 	0.201229 	0.136217 	0.120311 	 0.011587 
0.207964 	0.208069 	0.141017 	0.123536 	 0.012035 
0.203471 	0.210152 	0.142539 	0.124858 	 0.011882 
0.203526 	0.208798 	0.141649 	0.122869 	 0.012258 
0.215667 	0.192118 	0.130855 	0.110889 	 0.011055 
0.220503 	0.194908 	0.132395 	0.113243 	 0.010740 
0.211601 	0.189760 	0.129280 	0.110075 	 0.011059 
0.201306 	0.204063 	0.138191 	0.122892 	 0.012618 
0.200615 	0.208431 	0.140967 	0.127744 	 0.012641 
0.206904 	0.205167 	0.139362 	0.120414 	 0.011694 
0.205829 	0.196551 	0.133431 	0.116343 	 0.011873 
0.201844 	0.201277 	0.136608 	0.117768 	 0.011654 
0.203535 	0.205365 	0.139307 	0.120615 	 0.011625 
0.203945 	0.202086 	0.137661 	0.117809 	 0.012437 
0.200496 	0.202657 	0.137563 	0.121827 	 0.012632 
0.198538 	0.208990 	0.141519 	0.124354 	 0.012263 
0.204601 	0.205995 	0.140308 	0.118151 	 0.011735 
0.193849 	0.213509 	0.144627 	0.127130 	 0.012319 
0.202876 	0.197812 	0.134380 	0.116044 	 0.012153 
0.193220 	0.202242 	0.137278 	0.118467 	 0.011909 
0.185865 	0.214436 	0.145423 	0.124681 	 0.012107 
0.201336 	0.204266 	0.138935 	0.117959 	 0.012018 
0.197975 	0.205457 	0.139680 	0.121113 	 0.012395 
0.205223 	0.205429 	0.139759 	0.118998 	 0.011817 
0.205131 	0.204294 	0.139600 	0.115421 	 0.011656 
0.198381 	0.213651 	0.145676 	0.120610 	 0.012094 
0.202862 	0.204056 	0.139319 	0.117788 	 0.011914 
0.188988 	0.223544 	0.151464 	0.132159 	 0.012693 
0.197189 	0.204549 	0.139843 	0.116641 	 0.012075 
0.194900 	0.211684 	0.144089 	0.124254 	 0.012869 
0.200952 	0.207344 	0.141252 	0.120383 	 0.011360 
0.207800 	0.198778 	0.135873 	0.112212 	 0.011214 
0.188971 	0.221793 	0.151215 	0.128381 	 0.013022 
0.200055 	0.202581 	0.138707 	0.114911 	 0.011876 
0.183664 	0.216768 	0.147774 	0.124920 	 0.013011 
0.189116 	0.224153 	0.152746 	0.130365 	 0.013246 
0.189115 	0.219450 	0.149973 	0.125629 	 0.013172 
0.198981 	0.203806 	0.139649 	0.112516 	 0.011400 
0.176487 	0.217175 	0.148460 	0.123788 	 0.013877 
0.178493 	0.217750 	0.148490 	0.123654 	 0.013244 
0.196861 	0.209312 	0.143214 	0.117648 	 0.012410 
0.186898 	0.219474 	0.149699 	0.124599 	 0.012984 
0.166863 	0.232239 	0.157923 	0.134544 	 0.014742 
0.182089 	0.214165 	0.146346 	0.120118 	 0.013018 
0.180469 	0.222950 	0.152202 	0.127517 	 0.013507 
0.187039 	0.209119 	0.142960 	0.117420 	 0.012473 
0.171117 	0.229587 	0.156036 	0.132739 	 0.013914 
0.183487 	0.216590 	0.148557 	0.121999 	 0.013595 
0.179015 	0.223866 	0.152920 	0.126875 	 0.013563 
0.181277 	0.220256 	0.150556 	0.123290 	 0.013033 
0.178490 	0.214390 	0.146771 	0.120401 	 0.012947 
0.191943 	0.209432 	0.144032 	0.114939 	 0.012270 
0.180179 	0.217067 	0.149074 	0.120163 	 0.013133 
0.177510 	0.225330 	0.154228 	0.125876 	 0.013517 
0.174268 	0.229450 	0.156620 	0.129653 	 0.013565 
0.170600 	0.231165 	0.157616 	0.131709 	 0.013801 
0.170404 	0.225302 	0.154308 	0.125291 	 0.013909 
0.188423 	0.221680 	0.152234 	0.122740 	 0.012852 
0.174451 	0.229052 	0.157441 	0.124783 	 0.013861 
0.174523 	0.225855 	0.155075 	0.124822 	 0.013654 
0.179649 	0.221607 	0.152167 	0.121537 	 0.012852 
0.193906 	0.208899 	0.143882 	0.114430 	 0.012382 
0.185882 	0.219483 	0.150661 	0.122231 	 0.013069 
0.166554 	0.234097 	0.160677 	0.130237 	 0.014438 
0.184577 	0.219164 	0.150622 	0.119518 	 0.012971 
0.168595 	0.222326 	0.152861 	0.121172 	 0.013669 
0.180972 	0.226843 	0.155993 	0.123568 	 0.012727 
0.185754 	0.216150 	0.148750 	0.116524 	 0.011802 
0.169287 	0.234092 	0.160239 	0.130054 	 0.013478 
0.160283 	0.236797 	0.162568 	0.130349 	 0.014747 
0.178386 	0.235460 	0.162232 	0.127309 	 0.014053 
0.176407 	0.233597 	0.160474 	0.128998 	 0.013391 
0.173858 	0.224306 	0.154348 	0.123082 	 0.014037 
0.178873 	0.221520 	0.152060 	0.122315 	 0.012595 
0.167643 	0.231316 	0.158824 	0.129544 	 0.014248 
0.176866 	0.228754 	0.157448 	0.126196 	 0.013649 
0.170217 	0.229794 	0.158033 	0.126841 	 0.013947 
0.178250 	0.233761 	0.160750 	0.130191 	 0.014222 
0.183926 	0.226687 	0.156541 	0.122787 	 0.013580 
0.174986 	0.231486 	0.159501 	0.125059 	 0.013831 
0.166647 	0.238873 	0.164346 	0.133246 	 0.014863 
0.176323 	0.221403 	0.153241 	0.115630 	 0.013212 
0.168110 	0.234731 	0.161548 	0.127512 	 0.013898 
0.169506 	0.232172 	0.159943 	0.126766 	 0.014184 
0.168646 	0.238234 	0.164151 	0.129731 	 0.014559 
0.183925 	0.219997 	0.152345 	0.117254 	 0.013002 
0.166829 	0.233793 	0.161420 	0.127808 	 0.014853 
0.165293 	0.237583 	0.163777 	0.127566 	 0.013753 
0.170270 	0.234613 	0.161884 	0.124941 	 0.013424 
0.155897 	0.242756 	0.167196 	0.130781 	 0.014449 
0.164191 	0.240574 	0.165636 	0.131495 	 0.015099 
0.173809 	0.234010 	0.161691 	0.126114 	 0.013861 
0.177115 	0.231039 	0.160020 	0.122948 	 0.013401 
0.157275 	0.234683 	0.161936 	0.124687 	 0.014181 
0.177070 	0.239720 	0.165735 	0.127917 	 0.013437 
0.166771 	0.237506 	0.163583 	0.129865 	 0.013482 
0.173940 	0.230063 	0.159291 	0.121783 	 0.013036 
0.165731 	0.227175 	0.157216 	0.121881 	 0.013829 
0.157415 	0.243374 	0.168102 	0.130603 	 0.014725 
0.160021 	0.248052 	0.170819 	0.134006 	 0.014266 
0.172249 	0.227499 	0.157771 	0.119546 	 0.012971 
0.189397 	0.218112 	0.152423 	0.111186 	 0.012505 
0.166892 	0.234937 	0.162688 	0.122832 	 0.013602 
0.165148 	0.243404 	0.168341 	0.129445 	 0.014018 
0.155105 	0.241606 	0.166822 	0.130451 	 0.014235 
0.156509 	0.246781 	0.170607 	0.131417 	 0.014462 
0.167540 	0.238400 	0.165124 	0.124781 	 0.014119 
0.146171 	0.250273 	0.172688 	0.134476 	 0.015306 
0.157821 	0.239939 	0.166042 	0.125312 	 0.014183 
0.166663 	0.236863 	0.164266 	0.123557 	 0.013477 
0.171264 	0.233701 	0.162552 	0.120855 	 0.013503 
0.170720 	0.233282 	0.162199 	0.121106 	 0.013639 
0.162475 	0.246087 	0.170416 	0.132268 	 0.014896 
0.172388 	0.234078 	0.162815 	0.119019 	 0.012901 
0.148729 	0.251107 	0.173921 	0.132000 	 0.015253 
0.155961 	0.249132 	0.172820 	0.129745 	 0.014327 
0.164492 	0.227587 	0.158395 	0.116705 	 0.013292 
0.169815 	0.229501 	0.159322 	0.118440 	 0.012493 
0.157207 	0.235360 	0.163640 	0.122672 	 0.014128 
0.165067 	0.240994 	0.167842 	0.124538 	 0.014046 
0.164686 	0.226741 	0.158018 	0.115087 	 0.012820 
0.157921 	0.236271 	0.164010 	0.124107 	 0.013669 
0.151597 	0.244577 	0.169119 	0.130958 	 0.014339 
0.152415 	0.246403 	0.170855 	0.130381 	 0.014763 
0.155177 	0.238392 	0.165626 	0.126087 	 0.014366 
0.155373 	0.234068 	0.162974 	0.120763 	 0.013653 
0.158091 	0.241126 	0.167259 	0.128770 	 0.014182 
0.162377 	0.239332 	0.166749 	0.121315 	 0.013215 
0.154768 	0.243415 	0.169060 	0.126886 	 0.014396 
0.147015 	0.245900 	0.170694 	0.128578 	 0.014656 
0.165194 	0.226336 	0.158179 	0.115160 	 0.013522 
0.138075 	0.259288 	0.179178 	0.137889 	 0.015468 
0.156137 	0.243610 	0.169527 	0.125151 	 0.014427 
0.139437 	0.261007 	0.180855 	0.138801 	 0.015208 
0.151812 	0.240992 	0.167912 	0.122204 	 0.014150 
0.153450 	0.240760 	0.167548 	0.126593 	 0.014530 
0.159526 	0.239757 	0.167416 	0.121301 	 0.014134 
0.149562 	0.246871 	0.172059 	0.126715 	 0.014293 
0.166761 	0.229828 	0.160863 	0.116752 	 0.013496 
0.160591 	0.239838 	0.167447 	0.123309 	 0.014194 
0.158790 	0.234459 	0.164201 	0.117278 	 0.013558 
0.158874 	0.231018 	0.161991 	0.114670 	 0.013500 
0.154190 	0.248412 	0.173249 	0.125768 	 0.013765 
0.151579 	0.248729 	0.172842 	0.131656 	 0.014594 
0.152027 	0.250686 	0.175176 	0.126339 	 0.014102 
0.149743 	0.248061 	0.173134 	0.126576 	 0.014817 
0.137741 	0.258472 	0.179853 	0.130761 	 0.014775 
0.137972 	0.260986 	0.180980 	0.137215 	 0.015423 
0.150523 	0.249655 	0.174352 	0.127724 	 0.015071 
0.156965 	0.234181 	0.164309 	0.116005 	 0.013807 
0.149106 	0.238757 	0.166876 	0.120592 	 0.014434 
0.153685 	0.245440 	0.171448 	0.124394 	 0.014060 
0.143377 	0.257552 	0.179801 	0.130933 	 0.015388 
0.144544 	0.250373 	0.174737 	0.127601 	 0.015017 
0.153406 	0.248352 	0.174271 	0.122957 	 0.015271 
0.135221 	0.254302 	0.177382 	0.128183 	 0.015096 
0.138085 	0.252065 	0.176378 	0.126119 	 0.015524 
0.162003 	0.232825 	0.163792 	0.111327 	 0.012653 
0.137423 	0.263270 	0.183165 	0.135725 	 0.015004 
0.132156 	0.261136 	0.181796 	0.136022 	 0.015700 
0.138638 	0.256496 	0.179319 	0.127965 	 0.014979 
0.151340 	0.245527 	0.172637 	0.119912 	 0.014057 
0.123375 	0.257666 	0.180312 	0.128365 	 0.016095 
0.141696 	0.252408 	0.176858 	0.122319 	 0.014124 
0.143155 	0.253775 	0.178061 	0.125185 	 0.015293 
0.133802 	0.256996 	0.179956 	0.128822 	 0.015249 
0.140425 	0.259384 	0.181729 	0.128154 	 0.015037 
0.134634 	0.249130 	0.175137 	0.121829 	 0.015440 
0.150116 	0.255651 	0.179460 	0.126793 	 0.014997 
0.136756 	0.257703 	0.180562 	0.128864 	 0.016107 
0.148353 	0.244898 	0.172324 	0.120030 	 0.014463 
0.149637 	0.242711 	0.170706 	0.118711 	 0.014249 
0.145516 	0.245878 	0.173224 	0.117684 	 0.014449 
0.131089 	0.266954 	0.186606 	0.135128 	 0.015645 
0.132195 	0.265182 	0.185691 	0.130809 	 0.015115 
0.133444 	0.264933 	0.185406 	0.132575 	 0.016067 
0.137249 	0.267590 	0.187110 	0.135365 	 0.015644 
0.146931 	0.253891 	0.178658 	0.124499 	 0.014982 
0.136707 	0.257472 	0.181275 	0.123313 	 0.014686 
0.129042 	0.261804 	0.183839 	0.129390 	 0.015803 
0.137512 	0.262255 	0.184156 	0.130521 	 0.015673 
0.126395 	0.267068 	0.187633 	0.133486 	 0.016716 
0.138615 	0.260436 	0.183106 	0.130065 	 0.015924 
0.126262 	0.269073 	0.188424 	0.135893 	 0.016573 
0.144719 	0.251125 	0.177096 	0.120481 	 0.014948 
0.142045 	0.261833 	0.183667 	0.132431 	 0.015391 
0.134901 	0.270298 	0.189400 	0.137061 	 0.016352 
0.135644 	0.262697 	0.184889 	0.127206 	 0.015604 
0.120101 	0.273592 	0.191878 	0.137910 	 0.016793 
0.143073 	0.251185 	0.177919 	0.119582 	 0.015195 
0.148505 	0.251046 	0.177693 	0.116932 	 0.014556 
0.138780 	0.257768 	0.181713 	0.126017 	 0.015509 
0.128698 	0.270814 	0.190132 	0.135785 	 0.016100 
0.128039 	0.277799 	0.194816 	0.139425 	 0.016726 
0.133437 	0.260636 	0.184053 	0.126215 	 0.016012 
0.108098 	0.284852 	0.199409 	0.145082 	 0.017595 
0.143292 	0.261016 	0.183825 	0.127337 	 0.014396 
0.142503 	0.253402 	0.179355 	0.119694 	 0.014375 
0.154358 	0.233449 	0.166753 	0.104741 	 0.013912 
0.132258 	0.261786 	0.184900 	0.126058 	 0.015525 
0.123851 	0.272749 	0.192223 	0.130812 	 0.015924 
0.136089 	0.268610 	0.189266 	0.130624 	 0.014778 
0.130923 	0.263482 	0.186257 	0.124322 	 0.015389 
0.140780 	0.266534 	0.188278 	0.129075 	 0.015670 
0.121386 	0.269908 	0.190700 	0.128960 	 0.015850 
0.131468 	0.264455 	0.187161 	0.126078 	 0.015981 
0.126189 	0.268418 	0.189675 	0.130664 	 0.016637 
0.126626 	0.267839 	0.189741 	0.126708 	 0.015871 
0.134139 	0.268174 	0.189611 	0.128746 	 0.016059 
0.127953 	0.272752 	0.192704 	0.130632 	 0.015984 
0.142808 	0.257318 	0.182517 	0.122266 	 0.015134 
0.133149 	0.267414 	0.189273 	0.125839 	 0.015475 
0.130224 	0.261063 	0.185252 	0.120241 	 0.014987 
0.126920 	0.272785 	0.192842 	0.130903 	 0.016326 
0.117802 	0.273962 	0.193394 	0.131132 	 0.016435 
0.130710 	0.261377 	0.185497 	0.121185 	 0.014973 
0.127428 	0.263345 	0.187018 	0.123975 	 0.015896 
0.114965 	0.278553 	0.197026 	0.133574 	 0.017287 
0.128551 	0.274914 	0.194861 	0.128313 	 0.016115 
0.129911 	0.270566 	0.191496 	0.127491 	 0.015628 
0.130527 	0.257766 	0.183050 	0.119313 	 0.014912 
0.129269 	0.275504 	0.194776 	0.133160 	 0.016218 
0.145925 	0.253988 	0.180882 	0.116085 	 0.014508 
0.123263 	0.276067 	0.195238 	0.134883 	 0.017166 
0.124297 	0.272223 	0.192691 	0.128351 	 0.015918 
0.113618 	0.287376 	0.202923 	0.136792 	 0.016859 
0.131826 	0.278204 	0.197072 	0.133464 	 0.016893 
0.133621 	0.260825 	0.185672 	0.120620 	 0.015816 
0.121067 	0.276043 	0.195327 	0.133138 	 0.016458 
0.138689 	0.267822 	0.190510 	0.124087 	 0.015540 
0.121524 	0.274265 	0.194590 	0.128778 	 0.016267 
0.123856 	0.273432 	0.194055 	0.129365 	 0.016205 
0.141535 	0.255101 	0.182155 	0.116807 	 0.014873 
0.122968 	0.273800 	0.194536 	0.130015 	 0.016563 
0.130135 	0.265164 	0.188793 	0.122091 	 0.015673 
0.120123 	0.273154 	0.193964 	0.129592 	 0.016393 
0.128794 	0.267856 	0.191011 	0.122636 	 0.016182 
0.121618 	0.272245 	0.193585 	0.127738 	 0.016269 
0.127946 	0.266729 	0.190461 	0.121384 	 0.016111 
0.135939 	0.254308 	0.181771 	0.115066 	 0.015012 
0.138551 	0.259857 	0.185640 	0.120353 	 0.015440 
0.129424 	0.280526 	0.199505 	0.131534 	 0.016648 
0.129756 	0.261752 	0.187410 	0.117135 	 0.015736 
0.112920 	0.280753 	0.199221 	0.134163 	 0.017224 
0.125129 	0.267657 	0.191019 	0.123278 	 0.016055 
0.118275 	0.276436 	0.196470 	0.132927 	 0.016975 
0.121890 	0.270912 	0.192576 	0.129484 	 0.016487 
0.121385 	0.277709 	0.198134 	0.126898 	 0.016988 
0.118259 	0.285637 	0.203308 	0.132346 	 0.017107 
0.122630 	0.275539 	0.196373 	0.126628 	 0.016333 
0.132400 	0.270115 	0.192715 	0.124412 	 0.015713 
0.112228 	0.286768 	0.204048 	0.134914 	 0.017815 
0.103521 	0.287109 	0.203642 	0.136376 	 0.017647 
0.127693 	0.267554 	0.191168 	0.122941 	 0.015942 
0.113704 	0.284144 	0.202237 	0.131512 	 0.016793 
0.124203 	0.276745 	0.197571 	0.126776 	 0.015770 
0.118929 	0.287125 	0.204234 	0.135353 	 0.016897 
0.119339 	0.281303 	0.200958 	0.129399 	 0.016974 
0.118322 	0.272942 	0.194799 	0.125829 	 0.016067 
0.124247 	0.277512 	0.198185 	0.127297 	 0.016350 
0.113806 	0.283146 	0.201926 	0.133711 	 0.017594 
0.128010 	0.270245 	0.193717 	0.122388 	 0.016364 
0.105331 	0.277914 	0.198778 	0.126718 	 0.017501 
0.118716 	0.280484 	0.200285 	0.129938 	 0.017272 
0.114354 	0.268836 	0.192958 	0.121333 	 0.016947 
0.109450 	0.276173 	0.197042 	0.128106 	 0.016605 
0.114749 	0.263552 	0.189488 	0.114916 	 0.015952 
0.120080 	0.271782 	0.194200 	0.126343 	 0.016153 
0.128081 	0.260060 	0.187217 	0.116927 	 0.016214 
0.112181 	0.261772 	0.187606 	0.117998 	 0.015857 
0.123661 	0.270748 	0.193998 	0.120214 	 0.015745 
0.127916 	0.256929 	0.184612 	0.116171 	 0.015188 
0.114818 	0.275531 	0.197726 	0.125570 	 0.017563 
0.130084 	0.262950 	0.189185 	0.116512 	 0.015340 
0.114786 	0.277444 	0.199032 	0.125871 	 0.017048 
0.124727 	0.264177 	0.190033 	0.118316 	 0.016095 
0.126568 	0.264294 	0.190283 	0.116226 	 0.015648 
0.109211 	0.277263 	0.199169 	0.122452 	 0.016966 
0.114841 	0.270262 	0.193884 	0.123371 	 0.016555 
0.134454 	0.255402 	0.184719 	0.109511 	 0.015754 
0.122729 	0.265358 	0.190970 	0.117946 	 0.015563 
0.128515 	0.269531 	0.194208 	0.119874 	 0.016122 
0.123696 	0.253049 	0.183691 	0.104980 	 0.015843 
0.135292 	0.259594 	0.187404 	0.113213 	 0.015140 
0.114193 	0.280552 	0.200862 	0.131418 	 0.017120 
0.109783 	0.292719 	0.209521 	0.136630 	 0.017778 
0.116899 	0.276137 	0.198398 	0.125776 	 0.017019 
0.132090 	0.269464 	0.194407 	0.120892 	 0.016235 
0.121923 	0.276854 	0.198678 	0.126659 	 0.016740 
0.114553 	0.275250 	0.198060 	0.123616 	 0.017087 
0.108239 	0.275097 	0.198309 	0.122395 	 0.017779 
0.110844 	0.284627 	0.203775 	0.130992 	 0.018073 
0.112189 	0.274419 	0.197788 	0.118986 	 0.016713 
0.118738 	0.269691 	0.195509 	0.115251 	 0.016479 
0.440065 	-0.000515 	0.000992 	-0.002826 	 -0.000193 
0.439709 	0.008905 	0.006844 	0.006236 	 0.001455 
0.451148 	0.011456 	0.008345 	0.013528 	 0.001194 
0.448623 	0.011703 	0.008425 	0.014362 	 0.001743 
0.441961 	0.027502 	0.018440 	0.027464 	 0.001996 
0.445991 	0.023079 	0.016093 	0.022409 	 0.002096 
0.425120 	0.038582 	0.025884 	0.033445 	 0.003112 
0.438606 	0.024784 	0.016871 	0.026280 	 0.002571 
0.434087 	0.034283 	0.023457 	0.029159 	 0.003002 
0.427743 	0.027658 	0.018225 	0.029911 	 0.003187 
0.420258 	0.034662 	0.023558 	0.030821 	 0.004235 
0.424115 	0.035834 	0.023487 	0.035736 	 0.003582 
0.439362 	0.029253 	0.020076 	0.026024 	 0.002001 
0.449320 	0.009459 	0.006620 	0.015985 	 0.002427 
0.431578 	0.038973 	0.026372 	0.032538 	 0.002882 
0.416470 	0.047645 	0.031173 	0.042901 	 0.004002 
0.406413 	0.051391 	0.034218 	0.042932 	 0.004456 
0.423560 	0.033489 	0.022581 	0.030201 	 0.003347 
0.401494 	0.050387 	0.033063 	0.044223 	 0.004651 
0.411904 	0.042367 	0.028569 	0.037072 	 0.004861 
0.399341 	0.054727 	0.035744 	0.048058 	 0.004964 
0.394630 	0.056845 	0.037289 	0.051009 	 0.005557 
0.409397 	0.050679 	0.033727 	0.042533 	 0.005324 
0.393949 	0.053574 	0.034905 	0.046065 	 0.005431 
0.386816 	0.058751 	0.038537 	0.052018 	 0.006200 
0.396006 	0.056953 	0.037882 	0.046944 	 0.005631 
0.399160 	0.053807 	0.035489 	0.046307 	 0.005357 
0.388987 	0.047368 	0.031457 	0.042663 	 0.005581 
0.398839 	0.051519 	0.034405 	0.042796 	 0.005441 
0.377582 	0.072105 	0.047198 	0.060241 	 0.007476 
0.392000 	0.056591 	0.037249 	0.050233 	 0.006265 
0.387610 	0.059531 	0.038650 	0.054459 	 0.006047 
0.386195 	0.059605 	0.039712 	0.048846 	 0.006914 
0.397938 	0.054368 	0.035980 	0.045770 	 0.005259 
0.380803 	0.062097 	0.040949 	0.051974 	 0.006971 
0.380083 	0.062811 	0.041598 	0.050927 	 0.006202 
0.385261 	0.058160 	0.038291 	0.050143 	 0.006312 
0.384553 	0.056980 	0.037265 	0.052007 	 0.006403 
0.388658 	0.050920 	0.033609 	0.047204 	 0.006296 
0.370133 	0.066057 	0.043604 	0.055565 	 0.007369 
0.364671 	0.076928 	0.050771 	0.062317 	 0.007770 
0.366867 	0.072305 	0.047222 	0.061406 	 0.006989 
0.379615 	0.060698 	0.039793 	0.050420 	 0.005826 
0.372942 	0.072333 	0.047912 	0.057498 	 0.006961 
0.370760 	0.062435 	0.041215 	0.051674 	 0.006761 
0.376790 	0.062743 	0.041745 	0.053032 	 0.007350 
0.362367 	0.070124 	0.045510 	0.060542 	 0.006966 
0.374856 	0.062497 	0.041516 	0.053678 	 0.007156 
0.370038 	0.064179 	0.042450 	0.053288 	 0.007181 
0.357900 	0.072756 	0.047712 	0.061420 	 0.008084 
0.373659 	0.067488 	0.044620 	0.056769 	 0.006710 
0.369384 	0.060718 	0.040297 	0.048034 	 0.006480 
0.375407 	0.066719 	0.043955 	0.055784 	 0.006924 
0.376270 	0.062454 	0.041122 	0.053435 	 0.006557 
0.355933 	0.080003 	0.052703 	0.066451 	 0.008974 
0.361203 	0.074829 	0.049323 	0.062735 	 0.008132 
0.360162 	0.067756 	0.044550 	0.059186 	 0.007130 
0.347580 	0.085559 	0.055947 	0.070529 	 0.008036 
0.356660 	0.075261 	0.049285 	0.063496 	 0.007954 
0.352807 	0.078635 	0.052437 	0.061932 	 0.008589 
0.359846 	0.067625 	0.044770 	0.057306 	 0.007863 
0.364298 	0.061253 	0.040986 	0.049338 	 0.007461 
0.351536 	0.068081 	0.045244 	0.055463 	 0.008077 
0.345662 	0.072491 	0.048031 	0.059487 	 0.008704 
0.364845 	0.064890 	0.042797 	0.054782 	 0.006997 
0.350279 	0.075451 	0.049684 	0.062311 	 0.008003 
0.350066 	0.074537 	0.049339 	0.059699 	 0.007944 
0.358555 	0.073882 	0.049229 	0.060632 	 0.008731 
0.342552 	0.081642 	0.053572 	0.067479 	 0.008829 
0.335600 	0.083254 	0.054493 	0.069512 	 0.009607 
0.335340 	0.078189 	0.051274 	0.064473 	 0.008482 
0.338692 	0.085917 	0.056850 	0.067326 	 0.009127 
0.340094 	0.079931 	0.052925 	0.064790 	 0.008883 
0.341795 	0.083497 	0.055131 	0.068305 	 0.009476 
0.333373 	0.077958 	0.051462 	0.063420 	 0.008931 
0.346387 	0.068154 	0.045265 	0.057175 	 0.007916 
0.333012 	0.093951 	0.062289 	0.072850 	 0.009622 
0.334033 	0.090470 	0.059799 	0.069482 	 0.008412 
0.334332 	0.088977 	0.058602 	0.072107 	 0.009451 
0.346155 	0.076421 	0.050919 	0.061184 	 0.008228 
0.325875 	0.092744 	0.060908 	0.073661 	 0.009215 
0.332008 	0.085022 	0.056417 	0.065572 	 0.009167 
0.325430 	0.087487 	0.057344 	0.071530 	 0.009430 
0.340431 	0.082461 	0.054811 	0.063484 	 0.008174 
0.323747 	0.097842 	0.064471 	0.076776 	 0.009830 
0.325324 	0.089780 	0.059395 	0.069923 	 0.009259 
0.332815 	0.085808 	0.057002 	0.065865 	 0.009084 
0.336744 	0.074525 	0.049308 	0.058954 	 0.008169 
0.319695 	0.090774 	0.060160 	0.067856 	 0.009151 
0.324854 	0.093030 	0.061736 	0.070634 	 0.009478 
0.335724 	0.083848 	0.055377 	0.068504 	 0.009035 
0.318828 	0.097408 	0.064288 	0.074066 	 0.009627 
0.314856 	0.097741 	0.064426 	0.075050 	 0.010045 
0.327379 	0.085255 	0.056824 	0.065859 	 0.009021 
0.325350 	0.087993 	0.058237 	0.069125 	 0.009243 
0.314447 	0.099507 	0.065952 	0.075318 	 0.009758 
0.329226 	0.087361 	0.058344 	0.068017 	 0.009606 
0.314713 	0.091626 	0.060598 	0.071588 	 0.010002 
0.328718 	0.085189 	0.056755 	0.065291 	 0.008953 
0.326460 	0.091957 	0.061179 	0.069340 	 0.009097 
0.315054 	0.095110 	0.062955 	0.073437 	 0.009818 
0.321455 	0.094313 	0.062499 	0.071656 	 0.009121 
0.321027 	0.088505 	0.059006 	0.065477 	 0.009235 
0.318551 	0.082914 	0.055295 	0.063590 	 0.009220 
0.325568 	0.085393 	0.056983 	0.065889 	 0.008874 
0.305004 	0.096331 	0.063962 	0.073994 	 0.010261 
0.307668 	0.106409 	0.071055 	0.078110 	 0.010846 
0.304197 	0.105612 	0.069949 	0.079790 	 0.010633 
0.315239 	0.099264 	0.065580 	0.076433 	 0.009956 
0.310955 	0.089572 	0.058902 	0.069823 	 0.009268 
0.322962 	0.089199 	0.059439 	0.067097 	 0.008909 
0.287190 	0.108773 	0.072105 	0.081623 	 0.010999 
0.309904 	0.092605 	0.062221 	0.067879 	 0.010011 
0.308613 	0.104123 	0.069127 	0.076004 	 0.010232 
0.297592 	0.111376 	0.073908 	0.083265 	 0.011473 
0.314538 	0.099945 	0.066855 	0.076020 	 0.009879 
0.310313 	0.099994 	0.066743 	0.074374 	 0.010683 
0.318805 	0.093296 	0.062611 	0.068877 	 0.009808 
0.309749 	0.095344 	0.064173 	0.068912 	 0.010253 
0.309560 	0.097828 	0.064928 	0.074436 	 0.010550 
0.301466 	0.098598 	0.065769 	0.073650 	 0.010715 
0.300227 	0.098568 	0.065455 	0.074507 	 0.010650 
0.287595 	0.116279 	0.076916 	0.087521 	 0.011825 
0.307535 	0.104419 	0.069473 	0.077131 	 0.010065 
0.307674 	0.103605 	0.069401 	0.074792 	 0.010230 
0.281778 	0.117753 	0.077915 	0.087154 	 0.011839 
0.290845 	0.115548 	0.076718 	0.087917 	 0.012105 
0.292792 	0.107344 	0.071154 	0.080839 	 0.011276 
0.292091 	0.102851 	0.068674 	0.075119 	 0.010546 
0.288794 	0.118469 	0.078896 	0.085097 	 0.011393 
0.297294 	0.101268 	0.067277 	0.077242 	 0.010355 
0.288158 	0.113133 	0.075449 	0.081481 	 0.011192 
0.281637 	0.112128 	0.074650 	0.082299 	 0.011547 
0.301836 	0.095680 	0.064121 	0.071979 	 0.010776 
0.287174 	0.117716 	0.078205 	0.086818 	 0.012272 
0.285143 	0.111128 	0.074028 	0.080819 	 0.011291 
0.281908 	0.115832 	0.076862 	0.087517 	 0.012496 
0.289781 	0.104262 	0.069843 	0.076775 	 0.011554 
0.289986 	0.108598 	0.072681 	0.078617 	 0.010702 
0.284268 	0.108283 	0.072292 	0.077415 	 0.010888 
0.294011 	0.108594 	0.072660 	0.078420 	 0.011020 
0.302723 	0.100155 	0.067430 	0.072853 	 0.010393 
0.268423 	0.122800 	0.081755 	0.089897 	 0.013018 
0.282187 	0.105095 	0.070311 	0.075899 	 0.011087 
0.261778 	0.127096 	0.084735 	0.090636 	 0.013400 
0.270365 	0.121653 	0.081252 	0.085171 	 0.012666 
0.267558 	0.122506 	0.081745 	0.086224 	 0.011952 
0.288329 	0.114165 	0.076537 	0.081685 	 0.011587 
0.293363 	0.104911 	0.070586 	0.073673 	 0.010371 
0.282788 	0.109061 	0.073250 	0.078732 	 0.012113 
0.282589 	0.106776 	0.071466 	0.077257 	 0.011753 
0.284407 	0.108824 	0.072791 	0.077553 	 0.011582 
0.275244 	0.125061 	0.083600 	0.090361 	 0.012805 
0.287056 	0.117303 	0.078910 	0.081026 	 0.011789 
0.270063 	0.117739 	0.078548 	0.084138 	 0.012473 
0.279963 	0.116701 	0.077739 	0.086356 	 0.011721 
0.277292 	0.111965 	0.074749 	0.081065 	 0.011526 
0.279139 	0.113425 	0.075790 	0.081814 	 0.011804 
0.283263 	0.112516 	0.075985 	0.077849 	 0.011918 
0.271364 	0.120615 	0.080565 	0.088021 	 0.012132 
0.284540 	0.112110 	0.075982 	0.076844 	 0.011546 
0.284922 	0.104999 	0.070751 	0.073761 	 0.010968 
0.277313 	0.109329 	0.073323 	0.078887 	 0.011695 
0.280309 	0.111909 	0.075131 	0.080734 	 0.011969 
0.284726 	0.101619 	0.068419 	0.070468 	 0.010735 
0.277016 	0.106272 	0.071001 	0.079260 	 0.011611 
0.264063 	0.121250 	0.081276 	0.085442 	 0.012352 
0.281893 	0.108028 	0.072983 	0.073765 	 0.011469 
0.288161 	0.100932 	0.068364 	0.068921 	 0.010499 
0.281440 	0.110656 	0.074883 	0.073418 	 0.010928 
0.284246 	0.108488 	0.073377 	0.074110 	 0.011077 
0.287616 	0.105335 	0.070777 	0.073843 	 0.011055 
0.278661 	0.114131 	0.076917 	0.078821 	 0.011558 
0.277240 	0.112418 	0.075788 	0.078520 	 0.011748 
0.273702 	0.108091 	0.073189 	0.073682 	 0.011822 
0.266156 	0.116097 	0.078255 	0.078990 	 0.012022 
0.267618 	0.121163 	0.081446 	0.082751 	 0.011782 
0.264355 	0.128972 	0.086391 	0.088242 	 0.012297 
0.283348 	0.110972 	0.075068 	0.076893 	 0.011390 
0.258922 	0.132154 	0.088517 	0.091878 	 0.013113 
0.270141 	0.108945 	0.073750 	0.073637 	 0.011407 
0.265528 	0.127946 	0.085884 	0.089201 	 0.012718 
0.273804 	0.119717 	0.080360 	0.083418 	 0.011431 
0.265109 	0.121006 	0.081382 	0.082627 	 0.011758 
0.266912 	0.116497 	0.078681 	0.078765 	 0.011558 
0.271478 	0.120893 	0.082040 	0.079715 	 0.011692 
0.267383 	0.120494 	0.081557 	0.080804 	 0.012058 
0.270035 	0.115343 	0.078353 	0.076065 	 0.011827 
0.252803 	0.136272 	0.091623 	0.093629 	 0.013195 
0.272936 	0.112046 	0.075440 	0.078345 	 0.010988 
0.249628 	0.137044 	0.092251 	0.092018 	 0.012710 
0.264257 	0.123179 	0.083014 	0.083862 	 0.011846 
0.259385 	0.128702 	0.086923 	0.085695 	 0.012087 
0.251339 	0.133548 	0.090025 	0.091915 	 0.013309 
0.262427 	0.126542 	0.085573 	0.084802 	 0.012110 
0.256694 	0.121773 	0.082036 	0.083972 	 0.012617 
0.254604 	0.119795 	0.081143 	0.080801 	 0.012474 
0.256936 	0.118630 	0.080384 	0.079360 	 0.012147 
0.251516 	0.125997 	0.085072 	0.084694 	 0.012463 
0.255454 	0.122436 	0.082847 	0.081488 	 0.012026 
0.255424 	0.126552 	0.085461 	0.089483 	 0.013299 
0.257469 	0.124666 	0.084737 	0.082004 	 0.011810 
0.250070 	0.128305 	0.086947 	0.085613 	 0.012837 
0.243421 	0.136804 	0.091674 	0.096528 	 0.013334 
0.250053 	0.135514 	0.092102 	0.085543 	 0.012468 
0.248619 	0.128871 	0.087115 	0.084268 	 0.012185 
0.240001 	0.134679 	0.091180 	0.088394 	 0.013820 
0.243364 	0.133397 	0.089875 	0.089780 	 0.012917 
0.227844 	0.145417 	0.097846 	0.097227 	 0.013832 
0.240152 	0.131585 	0.089228 	0.085245 	 0.012791 
0.237976 	0.139731 	0.094837 	0.090724 	 0.013779 
0.239159 	0.139670 	0.094531 	0.092066 	 0.013180 
0.243552 	0.131289 	0.088904 	0.087192 	 0.013049 
0.235280 	0.143174 	0.096678 	0.097028 	 0.014179 
0.244286 	0.126092 	0.085735 	0.081719 	 0.012816 
0.247220 	0.127176 	0.086529 	0.082483 	 0.013117 
0.233424 	0.134367 	0.091099 	0.087788 	 0.013231 
0.228419 	0.132758 	0.089767 	0.086100 	 0.012879 
0.243916 	0.123637 	0.084628 	0.078172 	 0.012531 
0.242656 	0.139090 	0.094537 	0.088490 	 0.012855 
0.235460 	0.133087 	0.090910 	0.084328 	 0.013105 
0.228497 	0.131970 	0.089498 	0.087160 	 0.013425 
0.233302 	0.141628 	0.095780 	0.092962 	 0.013001 
0.238090 	0.134860 	0.092064 	0.085840 	 0.013037 
0.218176 	0.146017 	0.098927 	0.095233 	 0.014296 
0.232191 	0.127568 	0.086818 	0.081233 	 0.012986 
0.213114 	0.146732 	0.099717 	0.092501 	 0.014311 
0.217180 	0.144463 	0.097844 	0.092833 	 0.013796 
0.221861 	0.147338 	0.100179 	0.093637 	 0.013666 
0.229194 	0.137922 	0.094039 	0.086277 	 0.013049 
0.219342 	0.143283 	0.097337 	0.091593 	 0.013355 
0.216734 	0.151302 	0.102712 	0.098010 	 0.014427 
0.217995 	0.153416 	0.104182 	0.100643 	 0.014838 
0.214526 	0.156320 	0.105744 	0.102954 	 0.014585 
0.209607 	0.151614 	0.102612 	0.098329 	 0.014601 
0.209782 	0.145860 	0.099328 	0.092311 	 0.014865 
0.217363 	0.142874 	0.096558 	0.095456 	 0.013861 
0.209304 	0.146404 	0.099408 	0.093436 	 0.014367 
0.208914 	0.148569 	0.101026 	0.094878 	 0.014711 
0.214952 	0.146179 	0.099597 	0.092639 	 0.014342 
0.212362 	0.148120 	0.100932 	0.092231 	 0.013965 
0.216783 	0.144078 	0.098613 	0.090026 	 0.014187 
0.190814 	0.157554 	0.107190 	0.097561 	 0.015307 
0.193400 	0.156064 	0.105918 	0.098786 	 0.015264 
0.196568 	0.162090 	0.109564 	0.104566 	 0.015774 
0.214972 	0.141181 	0.096575 	0.087744 	 0.013764 
0.212016 	0.148410 	0.101249 	0.091450 	 0.013747 
0.189299 	0.166031 	0.111996 	0.107751 	 0.015017 
0.194614 	0.156892 	0.106993 	0.097515 	 0.015539 
0.196127 	0.158348 	0.107601 	0.098766 	 0.014129 
0.193274 	0.162513 	0.110113 	0.102471 	 0.014998 
0.214216 	0.147767 	0.101138 	0.093985 	 0.014802 
0.198848 	0.156031 	0.106465 	0.095223 	 0.014710 
0.202395 	0.146046 	0.099989 	0.089505 	 0.013829 
0.202612 	0.154943 	0.105895 	0.095158 	 0.014778 
0.189248 	0.163002 	0.110524 	0.102140 	 0.014870 
0.191344 	0.164721 	0.112415 	0.101322 	 0.015202 
0.188406 	0.151858 	0.103538 	0.094901 	 0.015228 
0.194027 	0.162548 	0.111177 	0.098919 	 0.015025 
0.209471 	0.149712 	0.102893 	0.089489 	 0.013726 
0.182019 	0.174895 	0.118511 	0.109097 	 0.016003 
0.184290 	0.163020 	0.111440 	0.098012 	 0.015714 
0.182231 	0.164012 	0.111204 	0.104904 	 0.015685 
0.178012 	0.173562 	0.118556 	0.106114 	 0.016534 
0.184703 	0.168055 	0.114141 	0.105913 	 0.015692 
0.181995 	0.159309 	0.108638 	0.098800 	 0.015452 
0.183745 	0.169594 	0.115404 	0.105068 	 0.015521 
0.186499 	0.162986 	0.110594 	0.102051 	 0.014655 
0.178459 	0.168867 	0.114885 	0.104178 	 0.016363 
0.181744 	0.161629 	0.110185 	0.095932 	 0.014764 
0.186062 	0.158136 	0.107953 	0.094030 	 0.014662 
0.188990 	0.166329 	0.113489 	0.102347 	 0.015282 
0.190307 	0.155443 	0.106184 	0.093733 	 0.015031 
0.198001 	0.149480 	0.102501 	0.089836 	 0.013875 
0.169231 	0.168557 	0.114859 	0.103017 	 0.015890 
0.185169 	0.155591 	0.106915 	0.093628 	 0.015409 
0.172987 	0.172349 	0.116961 	0.108411 	 0.016037 
0.179570 	0.173325 	0.118373 	0.105914 	 0.016256 
0.186663 	0.156661 	0.107271 	0.094654 	 0.015067 
0.189140 	0.168349 	0.115261 	0.101078 	 0.015314 
0.178895 	0.168277 	0.115280 	0.101936 	 0.015888 
0.180857 	0.164161 	0.112016 	0.099959 	 0.014757 
0.185006 	0.166870 	0.114136 	0.100713 	 0.015449 
0.168287 	0.174926 	0.119578 	0.104717 	 0.016185 
0.169840 	0.185406 	0.126061 	0.115058 	 0.016597 
0.178890 	0.160729 	0.110070 	0.097843 	 0.015453 
0.188332 	0.159237 	0.109339 	0.093635 	 0.014226 
0.167561 	0.176153 	0.120368 	0.105690 	 0.016378 
0.180243 	0.164305 	0.112603 	0.099889 	 0.015384 
0.176031 	0.171977 	0.117876 	0.103538 	 0.016421 
0.175736 	0.161663 	0.110872 	0.095881 	 0.015644 
0.180652 	0.150189 	0.103223 	0.090272 	 0.014615 
0.156165 	0.184240 	0.125448 	0.113992 	 0.017992 
0.183892 	0.166474 	0.114532 	0.100693 	 0.015293 
0.174369 	0.165535 	0.113712 	0.097264 	 0.015856 
0.160952 	0.187654 	0.127783 	0.115470 	 0.016714 
0.178521 	0.160659 	0.110715 	0.092656 	 0.015074 
0.168586 	0.179526 	0.122581 	0.110102 	 0.016472 
0.182388 	0.170841 	0.116903 	0.103490 	 0.015574 
0.174007 	0.174013 	0.119533 	0.102059 	 0.015737 
0.186660 	0.157469 	0.108593 	0.090908 	 0.014598 
0.176330 	0.170225 	0.117004 	0.102937 	 0.016457 
0.166438 	0.176318 	0.120925 	0.104715 	 0.016309 
0.184730 	0.168135 	0.115692 	0.099692 	 0.015049 
0.171296 	0.176037 	0.120568 	0.104879 	 0.015750 
0.198184 	0.148850 	0.103588 	0.085977 	 0.014241 
0.180974 	0.170542 	0.117602 	0.099545 	 0.015428 
0.183344 	0.166799 	0.115123 	0.096162 	 0.015355 
0.164804 	0.181338 	0.124272 	0.109040 	 0.016455 
0.180677 	0.171358 	0.118245 	0.100323 	 0.015416 
0.173359 	0.159905 	0.110447 	0.092647 	 0.014817 
0.177477 	0.163562 	0.112443 	0.098915 	 0.015589 
0.169770 	0.175538 	0.120303 	0.103257 	 0.015592 
0.180691 	0.160359 	0.111053 	0.092224 	 0.014743 
0.166740 	0.184475 	0.126750 	0.106824 	 0.016077 
0.172346 	0.172304 	0.118858 	0.099158 	 0.016004 
0.165176 	0.176400 	0.121271 	0.103700 	 0.016417 
0.169694 	0.166880 	0.114918 	0.097607 	 0.014802 
0.164944 	0.174488 	0.119480 	0.101803 	 0.015339 
0.176499 	0.171127 	0.118599 	0.096645 	 0.015613 
0.176931 	0.165806 	0.114271 	0.098294 	 0.014810 
0.184229 	0.159855 	0.110610 	0.093116 	 0.014851 
0.163832 	0.167560 	0.115547 	0.098034 	 0.015405 
0.177909 	0.157659 	0.109038 	0.089991 	 0.014504 
0.177358 	0.169332 	0.117571 	0.094050 	 0.015117 
0.174344 	0.168599 	0.117091 	0.094784 	 0.015628 
0.171316 	0.161659 	0.112327 	0.092101 	 0.015311 
0.163743 	0.181752 	0.125375 	0.104290 	 0.015543 
0.162294 	0.177637 	0.122619 	0.103149 	 0.016538 
0.171812 	0.171918 	0.119085 	0.098864 	 0.015802 
0.175867 	0.170356 	0.118173 	0.097899 	 0.015738 
0.173588 	0.172330 	0.119485 	0.098613 	 0.015898 
0.156471 	0.177740 	0.122787 	0.102554 	 0.016496 
0.160312 	0.184258 	0.127022 	0.107263 	 0.016441 
0.169107 	0.173175 	0.120548 	0.095814 	 0.015878 
0.188560 	0.164597 	0.114690 	0.092728 	 0.014849 
0.173207 	0.165256 	0.114803 	0.093621 	 0.015080 
0.172466 	0.175548 	0.121914 	0.098560 	 0.015907 
0.173259 	0.168845 	0.117530 	0.094178 	 0.015696 
0.164034 	0.176128 	0.121668 	0.100355 	 0.015921 
0.176160 	0.172643 	0.119910 	0.098588 	 0.015412 
0.168495 	0.168365 	0.117278 	0.093042 	 0.015131 
0.156520 	0.181741 	0.125622 	0.103997 	 0.016303 
0.183667 	0.163326 	0.113923 	0.091402 	 0.014721 
0.174902 	0.169962 	0.118373 	0.095652 	 0.015205 
0.170364 	0.167717 	0.116833 	0.095142 	 0.015687 
0.165999 	0.164862 	0.114813 	0.094086 	 0.015742 
0.164214 	0.163967 	0.114403 	0.090574 	 0.015320 
0.162922 	0.168118 	0.116922 	0.093001 	 0.015262 
0.157810 	0.176768 	0.123140 	0.096283 	 0.015961 
0.175369 	0.162408 	0.113611 	0.088896 	 0.015382 
0.156640 	0.181572 	0.125862 	0.103232 	 0.016402 
0.157681 	0.183009 	0.126970 	0.102275 	 0.016351 
0.153879 	0.175052 	0.121929 	0.096741 	 0.015827 
0.151548 	0.181244 	0.125571 	0.104663 	 0.016506 
0.153792 	0.180887 	0.125444 	0.102560 	 0.016570 
0.150728 	0.182995 	0.126729 	0.106137 	 0.016615 
0.151763 	0.180148 	0.125676 	0.101204 	 0.016973 
0.141204 	0.176886 	0.123223 	0.097669 	 0.016856 
0.152163 	0.187319 	0.129939 	0.107049 	 0.017176 
0.143908 	0.187030 	0.130246 	0.101963 	 0.016521 
0.153866 	0.183637 	0.127589 	0.103148 	 0.016421 
0.148537 	0.180598 	0.125580 	0.103505 	 0.016319 
0.151375 	0.184282 	0.128267 	0.102343 	 0.016504 
0.145982 	0.186397 	0.129538 	0.105178 	 0.016840 
0.145536 	0.189210 	0.131318 	0.105505 	 0.016631 
0.137268 	0.193622 	0.134147 	0.110256 	 0.017449 
0.145189 	0.193567 	0.134542 	0.107917 	 0.017431 
0.176766 	0.171792 	0.120665 	0.091230 	 0.014980 
0.149957 	0.186889 	0.130151 	0.103700 	 0.016798 
0.152528 	0.187286 	0.130828 	0.103801 	 0.016820 
0.146010 	0.184759 	0.128616 	0.102761 	 0.016622 
0.141456 	0.191552 	0.133456 	0.106388 	 0.017355 
0.157756 	0.171964 	0.120696 	0.092045 	 0.015739 
0.141253 	0.187393 	0.130797 	0.102094 	 0.017216 
0.138993 	0.188478 	0.131520 	0.101920 	 0.017092 
0.140833 	0.191064 	0.133304 	0.103317 	 0.017015 
0.144343 	0.186310 	0.129747 	0.103429 	 0.016499 
0.151184 	0.179755 	0.125763 	0.097958 	 0.016210 
0.135854 	0.196551 	0.136601 	0.110530 	 0.017647 
0.141974 	0.180011 	0.126023 	0.098440 	 0.016823 
0.135531 	0.197217 	0.137688 	0.108295 	 0.017865 
0.145839 	0.183711 	0.128496 	0.100438 	 0.016707 
0.142968 	0.179787 	0.125276 	0.101546 	 0.016392 
0.129038 	0.188753 	0.131467 	0.102275 	 0.017288 
0.138018 	0.180532 	0.126401 	0.097896 	 0.017298 
0.141493 	0.184289 	0.128964 	0.098571 	 0.016869 
0.145944 	0.178044 	0.124435 	0.096430 	 0.015658 
0.148593 	0.177005 	0.124646 	0.093075 	 0.016237 
0.135687 	0.183016 	0.128477 	0.096596 	 0.016564 
0.138736 	0.176688 	0.124043 	0.096551 	 0.016871 
0.122512 	0.199570 	0.139139 	0.109744 	 0.018206 
0.142336 	0.184253 	0.129222 	0.099165 	 0.016626 
0.138497 	0.185407 	0.130385 	0.098452 	 0.017088 
0.131592 	0.199561 	0.139145 	0.110140 	 0.017056 
0.130378 	0.189111 	0.132455 	0.101536 	 0.017206 
0.131176 	0.195744 	0.136868 	0.104924 	 0.017474 
0.136589 	0.187927 	0.131922 	0.100315 	 0.016847 
0.143026 	0.179334 	0.126534 	0.092048 	 0.016488 
0.121871 	0.192877 	0.134941 	0.103506 	 0.017352 
0.129980 	0.189998 	0.133614 	0.099577 	 0.017134 
0.118596 	0.192180 	0.134646 	0.104839 	 0.017933 
0.138102 	0.177142 	0.125328 	0.090920 	 0.016788 
0.143032 	0.167665 	0.119269 	0.084307 	 0.015446 
0.136215 	0.188388 	0.132531 	0.100024 	 0.017375 
0.132096 	0.187402 	0.132220 	0.096133 	 0.017269 
0.128322 	0.190476 	0.134073 	0.101748 	 0.017477 
0.131603 	0.185729 	0.130848 	0.096452 	 0.016546 
0.130692 	0.192645 	0.135630 	0.101118 	 0.017326 
0.120178 	0.187965 	0.132380 	0.100484 	 0.017639 
0.121459 	0.196404 	0.137698 	0.105449 	 0.017976 
0.135124 	0.182609 	0.128997 	0.095029 	 0.016661 
0.132526 	0.193403 	0.136629 	0.099517 	 0.017251 
0.128541 	0.185930 	0.131517 	0.095428 	 0.017392 
0.135374 	0.188212 	0.132628 	0.099414 	 0.016750 
0.120620 	0.194442 	0.137551 	0.096834 	 0.017640 
0.120896 	0.195785 	0.137606 	0.104371 	 0.018123 
0.117088 	0.200507 	0.141173 	0.105447 	 0.018324 
0.129099 	0.176732 	0.125722 	0.087325 	 0.016547 
0.114866 	0.195797 	0.138079 	0.101799 	 0.018010 
0.122770 	0.190137 	0.134152 	0.099616 	 0.017055 
0.115574 	0.191719 	0.135493 	0.097399 	 0.017619 
0.111428 	0.202330 	0.141998 	0.107910 	 0.018683 
0.122449 	0.186962 	0.132174 	0.094947 	 0.017091 
0.126564 	0.186790 	0.132348 	0.095961 	 0.017498 
0.114596 	0.193837 	0.136932 	0.097928 	 0.017437 
0.109666 	0.191777 	0.135399 	0.099640 	 0.017983 
0.119174 	0.190099 	0.134257 	0.097154 	 0.017004 
0.111349 	0.205140 	0.144428 	0.106458 	 0.018541 
0.118328 	0.190705 	0.134816 	0.096417 	 0.016771 
0.109877 	0.195817 	0.137959 	0.102139 	 0.017927 
0.124872 	0.191389 	0.135413 	0.097118 	 0.017123 
0.116506 	0.194549 	0.136942 	0.099793 	 0.017253 
0.112297 	0.189721 	0.134181 	0.095363 	 0.017311 
0.117334 	0.192412 	0.136055 	0.100127 	 0.017750 
0.117098 	0.199896 	0.140472 	0.107596 	 0.017745 
0.121677 	0.184637 	0.131528 	0.092782 	 0.017117 
0.115584 	0.196623 	0.138710 	0.099559 	 0.017548 
0.126658 	0.178596 	0.126991 	0.091930 	 0.017548 
0.121184 	0.204378 	0.144396 	0.104974 	 0.017285 
0.109396 	0.205590 	0.144698 	0.107406 	 0.017774 
0.098063 	0.205185 	0.144267 	0.107665 	 0.018770 
0.108496 	0.193854 	0.137618 	0.098936 	 0.018226 
0.127972 	0.183886 	0.131671 	0.088958 	 0.016451 
0.102610 	0.199925 	0.141359 	0.104029 	 0.018227 
0.115184 	0.193158 	0.137448 	0.096984 	 0.017937 
0.100943 	0.200424 	0.141548 	0.103455 	 0.018298 
0.099588 	0.206077 	0.145371 	0.107475 	 0.018559 
0.118638 	0.195627 	0.139185 	0.097717 	 0.017634 
0.097219 	0.197081 	0.139610 	0.101035 	 0.018422 
0.103027 	0.197330 	0.139951 	0.099098 	 0.017822 
0.100219 	0.200186 	0.141628 	0.101999 	 0.018021 
0.106360 	0.199027 	0.141292 	0.100050 	 0.017955 
0.103331 	0.196461 	0.139821 	0.098156 	 0.017991 
0.098433 	0.199352 	0.141227 	0.100697 	 0.017992 
0.107457 	0.204103 	0.144657 	0.104522 	 0.018837 
0.104165 	0.210889 	0.148858 	0.111440 	 0.019151 
0.101034 	0.209527 	0.148556 	0.104277 	 0.018752 
0.109022 	0.199139 	0.141625 	0.099741 	 0.017658 
0.091893 	0.211656 	0.149637 	0.108636 	 0.018901 
0.110008 	0.195724 	0.139641 	0.096251 	 0.017532 
0.078413 	0.212300 	0.150075 	0.111955 	 0.020823 
0.093387 	0.213080 	0.150584 	0.109154 	 0.019188 
0.094799 	0.200819 	0.142701 	0.100358 	 0.018426 
0.113894 	0.188182 	0.134556 	0.092906 	 0.016899 
0.107838 	0.193442 	0.137921 	0.094600 	 0.017582 
0.084826 	0.203913 	0.144252 	0.103926 	 0.018903 
0.088913 	0.201545 	0.142623 	0.105103 	 0.019198 
0.095235 	0.207054 	0.146481 	0.108077 	 0.018835 
0.102533 	0.196457 	0.139891 	0.097993 	 0.018032 
0.098066 	0.206728 	0.146981 	0.101698 	 0.018491 
0.086781 	0.211988 	0.150442 	0.107258 	 0.019208 
0.090019 	0.205124 	0.145695 	0.105246 	 0.019487 
0.104433 	0.194574 	0.139302 	0.096894 	 0.018709 
0.100404 	0.193863 	0.138717 	0.094169 	 0.018595 
0.096105 	0.190943 	0.136682 	0.093868 	 0.017961 
0.086976 	0.211725 	0.150285 	0.106004 	 0.018873 
0.089315 	0.209534 	0.149322 	0.106230 	 0.019277 
0.083405 	0.201575 	0.143865 	0.099953 	 0.019257 
0.104274 	0.189409 	0.136216 	0.091327 	 0.017951 
0.096254 	0.198060 	0.142013 	0.094865 	 0.018287 
0.089181 	0.205868 	0.146587 	0.104324 	 0.019004 
0.101086 	0.196398 	0.140842 	0.094471 	 0.017809 
0.091020 	0.203480 	0.145506 	0.099678 	 0.019197 
0.077254 	0.224288 	0.158445 	0.116671 	 0.019628 
0.092548 	0.203513 	0.144971 	0.104080 	 0.019336 
0.088437 	0.195800 	0.140031 	0.096621 	 0.018554 
0.093785 	0.201016 	0.143801 	0.098614 	 0.018523 
0.099647 	0.204818 	0.146114 	0.104877 	 0.019305 
0.097041 	0.204497 	0.146241 	0.100448 	 0.018422 
0.091740 	0.207284 	0.148152 	0.104411 	 0.019294 
0.100188 	0.203451 	0.146046 	0.098518 	 0.019130 
0.070558 	0.224417 	0.159227 	0.114897 	 0.020223 
0.088810 	0.199629 	0.143367 	0.094460 	 0.018220 
0.098386 	0.198832 	0.143190 	0.094951 	 0.018600 
0.089767 	0.202906 	0.145735 	0.098739 	 0.018832 
0.100292 	0.191356 	0.138101 	0.092357 	 0.018234 
0.084348 	0.201425 	0.144927 	0.096617 	 0.019342 
0.087979 	0.208158 	0.149039 	0.104080 	 0.020004 
0.097480 	0.191164 	0.137854 	0.090791 	 0.018258 
0.076735 	0.216472 	0.154308 	0.108783 	 0.019800 
0.093679 	0.200597 	0.144485 	0.096141 	 0.018838 
0.089726 	0.202127 	0.144933 	0.097157 	 0.018522 
0.094633 	0.184966 	0.134311 	0.086083 	 0.018349 
0.091264 	0.199872 	0.144032 	0.096756 	 0.018516 
0.076177 	0.211903 	0.151518 	0.106542 	 0.019511 
0.107426 	0.185148 	0.134738 	0.084120 	 0.017042 
0.086686 	0.196745 	0.141794 	0.091939 	 0.017764 
0.091398 	0.196742 	0.142103 	0.091948 	 0.018256 
0.091446 	0.190145 	0.137393 	0.088643 	 0.017657 
0.090447 	0.196523 	0.141930 	0.090390 	 0.018065 
0.077613 	0.205124 	0.147600 	0.096286 	 0.018571 
0.091084 	0.195475 	0.141577 	0.090326 	 0.017950 
0.074791 	0.220740 	0.158188 	0.107021 	 0.019605 
0.075297 	0.218924 	0.156517 	0.106729 	 0.019288 
0.090417 	0.199227 	0.143571 	0.094391 	 0.018299 
0.070863 	0.216471 	0.154946 	0.105985 	 0.020207 
0.097066 	0.195109 	0.141670 	0.090788 	 0.017929 
0.088829 	0.190647 	0.138418 	0.086991 	 0.018146 
0.082845 	0.208277 	0.149957 	0.101800 	 0.019676 
0.071898 	0.220192 	0.157988 	0.107448 	 0.020158 
0.080624 	0.210564 	0.151665 	0.100378 	 0.019385 
0.065900 	0.210343 	0.150642 	0.103671 	 0.019515 
0.086255 	0.195273 	0.140904 	0.093354 	 0.018303 
0.062497 	0.212716 	0.153284 	0.101568 	 0.020767 
0.071722 	0.217781 	0.156739 	0.103822 	 0.020683 
0.079935 	0.207710 	0.149529 	0.100996 	 0.019262 
0.066683 	0.219519 	0.157538 	0.106923 	 0.020505 
0.075440 	0.208191 	0.150252 	0.098168 	 0.019709 
0.081768 	0.208414 	0.150397 	0.099429 	 0.019707 
0.081411 	0.200801 	0.145565 	0.092377 	 0.018750 
0.079207 	0.206222 	0.149239 	0.097393 	 0.019133 
0.080003 	0.206680 	0.149469 	0.097725 	 0.019486 
0.070052 	0.208155 	0.150047 	0.099915 	 0.019714 
0.090763 	0.195755 	0.142286 	0.090515 	 0.018701 
0.068300 	0.213870 	0.154323 	0.102678 	 0.020234 
0.064970 	0.218378 	0.157865 	0.101485 	 0.020741 
0.058704 	0.226559 	0.162320 	0.110925 	 0.020891 
0.072586 	0.211522 	0.152865 	0.099891 	 0.019805 
0.068132 	0.221626 	0.160113 	0.104942 	 0.020670 
0.069731 	0.215508 	0.155758 	0.101548 	 0.020419 
0.079705 	0.199067 	0.145064 	0.092773 	 0.019209 
0.067630 	0.213913 	0.154537 	0.102550 	 0.020366 
0.067360 	0.213020 	0.153940 	0.099092 	 0.019449 
0.083513 	0.199849 	0.145607 	0.091084 	 0.018968 
0.053803 	0.218667 	0.157447 	0.106741 	 0.020764 
0.053515 	0.219004 	0.157845 	0.104088 	 0.020850 
0.068098 	0.210694 	0.153030 	0.097651 	 0.020545 
0.074219 	0.216160 	0.156540 	0.100889 	 0.020099 
0.078473 	0.206308 	0.150188 	0.094139 	 0.019550 
0.067641 	0.207203 	0.150487 	0.093972 	 0.019082 
0.064100 	0.220424 	0.159387 	0.105547 	 0.020668 
0.070542 	0.209547 	0.152039 	0.099391 	 0.020403 
0.078710 	0.199175 	0.145721 	0.086824 	 0.018775 
0.073395 	0.205666 	0.149369 	0.095818 	 0.019229 
0.065803 	0.213738 	0.155228 	0.098672 	 0.020334 
0.068312 	0.213838 	0.154951 	0.100330 	 0.020016 
0.062090 	0.220776 	0.159681 	0.103325 	 0.020665 
0.056129 	0.224591 	0.162232 	0.107719 	 0.021419 
0.078047 	0.209868 	0.153005 	0.094903 	 0.019841 
0.071087 	0.207338 	0.151308 	0.094018 	 0.020225 
0.063023 	0.224462 	0.162442 	0.107859 	 0.020799 
0.050386 	0.223351 	0.161596 	0.106132 	 0.021553 
0.060774 	0.216105 	0.156693 	0.102601 	 0.020555 
0.074097 	0.207681 	0.151299 	0.096012 	 0.019695 
0.072669 	0.214175 	0.156105 	0.096561 	 0.019877 
0.066914 	0.216344 	0.157538 	0.098819 	 0.020468 
0.076416 	0.222384 	0.161693 	0.102473 	 0.020010 
0.053167 	0.236387 	0.170211 	0.114793 	 0.021610 
0.074462 	0.212180 	0.154931 	0.097839 	 0.020147 
0.066250 	0.217415 	0.158349 	0.101310 	 0.020528 
0.067257 	0.203081 	0.148888 	0.091694 	 0.019976 
0.050145 	0.226569 	0.163969 	0.107607 	 0.021410 
0.062311 	0.211459 	0.154200 	0.094699 	 0.019588 
0.072317 	0.201404 	0.147870 	0.088745 	 0.019881 
0.084846 	0.193849 	0.143085 	0.082292 	 0.018550 
0.076752 	0.201272 	0.147956 	0.088405 	 0.019058 
0.086596 	0.204064 	0.150461 	0.091306 	 0.019843 
0.063361 	0.224803 	0.163696 	0.103798 	 0.021348 
0.080066 	0.212517 	0.155471 	0.096229 	 0.019731 
0.063988 	0.225290 	0.163392 	0.107203 	 0.020820 
0.060072 	0.216142 	0.157846 	0.097327 	 0.021366 
0.061308 	0.218567 	0.159149 	0.100243 	 0.020420 
0.071968 	0.215101 	0.157027 	0.099174 	 0.020799 
0.068069 	0.221359 	0.161384 	0.102691 	 0.020766 
0.073011 	0.217126 	0.158528 	0.099783 	 0.020495 
0.062507 	0.219333 	0.160225 	0.101547 	 0.021605 
0.067117 	0.223432 	0.162783 	0.103707 	 0.020882 
0.080427 	0.209775 	0.154093 	0.094924 	 0.019582 
0.067024 	0.222004 	0.161955 	0.105809 	 0.021437 
0.077073 	0.213202 	0.156494 	0.095549 	 0.020025 
0.067027 	0.224349 	0.163387 	0.105979 	 0.020896 
0.062422 	0.218960 	0.160175 	0.100866 	 0.021201 
0.064556 	0.221680 	0.161704 	0.103351 	 0.020546 
0.072356 	0.217031 	0.158948 	0.099953 	 0.020662 
0.058062 	0.230552 	0.167605 	0.110488 	 0.022341 
0.077898 	0.213365 	0.156285 	0.100826 	 0.020832 
0.067332 	0.213776 	0.157259 	0.096673 	 0.021318 
0.073369 	0.208776 	0.153847 	0.093024 	 0.020842 
0.063293 	0.229900 	0.167498 	0.109230 	 0.021613 
0.405147 	0.009072 	0.007236 	-0.000521 	 0.002291 
0.407255 	0.007992 	0.005984 	0.005107 	 0.002664 
0.411805 	0.028045 	0.018740 	0.031204 	 0.004877 
0.405793 	0.032306 	0.020832 	0.036161 	 0.004348 
0.427152 	0.021665 	0.015289 	0.022480 	 0.003009 
0.394987 	0.046460 	0.030654 	0.042343 	 0.005227 
0.408375 	0.035443 	0.023722 	0.033590 	 0.004394 
0.426164 	0.015882 	0.010834 	0.021638 	 0.002833 
0.385967 	0.057970 	0.038238 	0.050939 	 0.006683 
0.395397 	0.044293 	0.029272 	0.039099 	 0.004926 
0.390237 	0.045436 	0.029738 	0.042551 	 0.004997 
0.393677 	0.039924 	0.026337 	0.036643 	 0.004194 
0.369427 	0.066282 	0.043521 	0.055599 	 0.006955 
0.386310 	0.033309 	0.021949 	0.034411 	 0.005756 
0.391651 	0.048848 	0.032481 	0.041662 	 0.004802 
0.387645 	0.047706 	0.031194 	0.043692 	 0.004736 
0.361463 	0.071474 	0.046980 	0.059221 	 0.007629 
0.387324 	0.046958 	0.030657 	0.043861 	 0.005405 
0.380860 	0.040185 	0.026622 	0.037118 	 0.005463 
0.383140 	0.049101 	0.032435 	0.045380 	 0.006133 
0.381951 	0.043371 	0.028644 	0.040856 	 0.005130 
0.368971 	0.047948 	0.031777 	0.041762 	 0.005559 
0.378776 	0.040147 	0.026392 	0.037358 	 0.004764 
0.371297 	0.052526 	0.034779 	0.045417 	 0.005932 
0.389839 	0.030354 	0.020116 	0.029349 	 0.003622 
0.366363 	0.049614 	0.033230 	0.044027 	 0.006813 
0.369223 	0.055216 	0.036053 	0.049750 	 0.006134 
0.379267 	0.049462 	0.032720 	0.043297 	 0.005303 
0.358407 	0.069004 	0.045128 	0.059345 	 0.007903 
0.366275 	0.051666 	0.033742 	0.048368 	 0.006569 
0.368619 	0.050154 	0.033488 	0.045447 	 0.006428 
0.364199 	0.056541 	0.037429 	0.050756 	 0.006985 
0.370404 	0.044556 	0.029594 	0.040213 	 0.005578 
0.357531 	0.055446 	0.036455 	0.048751 	 0.006395 
0.350127 	0.062397 	0.040921 	0.053861 	 0.007197 
0.344791 	0.075068 	0.049025 	0.064646 	 0.008642 
0.344372 	0.062466 	0.041284 	0.053684 	 0.007265 
0.344189 	0.070871 	0.046831 	0.058878 	 0.008112 
0.344207 	0.070420 	0.046147 	0.059592 	 0.007345 
0.349803 	0.064802 	0.043349 	0.052086 	 0.007074 
0.336202 	0.069864 	0.046276 	0.055787 	 0.007609 
0.340256 	0.069592 	0.046201 	0.058300 	 0.007666 
0.339979 	0.064577 	0.042291 	0.055783 	 0.006967 
0.328528 	0.066831 	0.044420 	0.055506 	 0.008298 
0.348785 	0.058640 	0.039131 	0.048152 	 0.006584 
0.333285 	0.071844 	0.047773 	0.057535 	 0.007785 
0.333360 	0.068313 	0.045560 	0.055832 	 0.008455 
0.334268 	0.074498 	0.049245 	0.059061 	 0.007137 
0.333093 	0.068991 	0.045832 	0.056911 	 0.008154 
0.322133 	0.080408 	0.052864 	0.065897 	 0.008665 
0.336135 	0.072716 	0.048869 	0.057151 	 0.008673 
0.319782 	0.081064 	0.053791 	0.062822 	 0.008958 
0.312108 	0.088746 	0.058674 	0.070399 	 0.009149 
0.316428 	0.078044 	0.051745 	0.060633 	 0.008952 
0.311566 	0.091084 	0.060480 	0.068891 	 0.009568 
0.323994 	0.067517 	0.044734 	0.055477 	 0.007709 
0.329357 	0.074456 	0.049593 	0.058566 	 0.007994 
0.332069 	0.068369 	0.045467 	0.059005 	 0.007761 
0.325109 	0.076363 	0.050893 	0.058296 	 0.007638 
0.308076 	0.085731 	0.057143 	0.067098 	 0.009391 
0.313308 	0.082221 	0.054534 	0.064129 	 0.009259 
0.306444 	0.082294 	0.054343 	0.064042 	 0.008758 
0.311582 	0.081432 	0.053836 	0.065142 	 0.009057 
0.304459 	0.080448 	0.052748 	0.064899 	 0.008132 
0.321079 	0.073278 	0.049393 	0.056080 	 0.007959 
0.303437 	0.087386 	0.057719 	0.066776 	 0.008490 
0.308456 	0.081284 	0.054037 	0.063060 	 0.008799 
0.300616 	0.101721 	0.067690 	0.076287 	 0.009900 
0.300737 	0.097198 	0.064535 	0.075004 	 0.010031 
0.303012 	0.085071 	0.056861 	0.066020 	 0.009707 
0.298526 	0.092050 	0.061327 	0.069722 	 0.009368 
0.295502 	0.093533 	0.062456 	0.069843 	 0.010105 
0.298011 	0.086373 	0.057871 	0.066444 	 0.009725 
0.305738 	0.079871 	0.052826 	0.062761 	 0.008639 
0.301909 	0.084491 	0.056852 	0.063353 	 0.009513 
0.297802 	0.091028 	0.060646 	0.068707 	 0.009829 
0.299320 	0.091022 	0.060326 	0.070513 	 0.009151 
0.281595 	0.102128 	0.067984 	0.075640 	 0.011358 
0.289832 	0.098695 	0.065599 	0.071632 	 0.009696 
0.288819 	0.104345 	0.068974 	0.077783 	 0.009919 
0.282118 	0.097980 	0.065047 	0.073793 	 0.010050 
0.288183 	0.092235 	0.061815 	0.066222 	 0.009507 
0.286176 	0.095643 	0.063812 	0.070720 	 0.009739 
0.297502 	0.085714 	0.057433 	0.063391 	 0.009375 
0.297391 	0.087669 	0.058869 	0.065583 	 0.009549 
0.289673 	0.093458 	0.062118 	0.070305 	 0.009048 
0.291332 	0.088738 	0.059621 	0.064691 	 0.009827 
0.288811 	0.096596 	0.064945 	0.067837 	 0.009916 
0.284203 	0.105244 	0.070340 	0.076482 	 0.010502 
0.284025 	0.100332 	0.066850 	0.074245 	 0.010248 
0.283846 	0.093719 	0.062741 	0.069332 	 0.010184 
0.281432 	0.106023 	0.070965 	0.076642 	 0.010271 
0.279549 	0.102210 	0.068417 	0.073521 	 0.010071 
0.285492 	0.096028 	0.064129 	0.068399 	 0.008888 
0.272584 	0.106868 	0.071378 	0.076057 	 0.010576 
0.286852 	0.084002 	0.056403 	0.060772 	 0.009153 
0.276395 	0.108438 	0.072585 	0.078218 	 0.010852 
0.274934 	0.098563 	0.065628 	0.071800 	 0.009717 
0.270490 	0.110512 	0.073758 	0.078952 	 0.010671 
0.285788 	0.093543 	0.062967 	0.067133 	 0.009571 
0.270545 	0.106192 	0.071143 	0.074743 	 0.010443 
0.274373 	0.103331 	0.068895 	0.075057 	 0.010171 
0.271804 	0.104987 	0.069919 	0.077502 	 0.010538 
0.279556 	0.092596 	0.061879 	0.069375 	 0.009658 
0.276370 	0.104120 	0.070444 	0.072498 	 0.010566 
0.269094 	0.102100 	0.068690 	0.070602 	 0.010661 
0.274154 	0.106196 	0.071518 	0.075362 	 0.010116 
0.258506 	0.116241 	0.077792 	0.082586 	 0.011492 
0.266290 	0.112308 	0.075050 	0.079869 	 0.010569 
0.262675 	0.103755 	0.069759 	0.072696 	 0.010592 
0.278731 	0.101425 	0.068214 	0.070737 	 0.009921 
0.269148 	0.103438 	0.069376 	0.075456 	 0.010817 
0.263910 	0.112312 	0.075638 	0.078902 	 0.011396 
0.273740 	0.097921 	0.065805 	0.068039 	 0.009363 
0.259608 	0.107018 	0.072427 	0.072489 	 0.010872 
0.256833 	0.109843 	0.073811 	0.076656 	 0.011043 
0.257588 	0.119336 	0.080315 	0.080563 	 0.011394 
0.238642 	0.128594 	0.085990 	0.087950 	 0.011835 
0.257153 	0.110567 	0.074459 	0.075568 	 0.010755 
0.259400 	0.102333 	0.069016 	0.069630 	 0.010755 
0.253365 	0.120419 	0.080869 	0.082830 	 0.011126 
0.263516 	0.105699 	0.071531 	0.072907 	 0.010226 
0.258315 	0.104690 	0.070644 	0.070715 	 0.009938 
0.247255 	0.121419 	0.081862 	0.078844 	 0.010853 
0.253702 	0.117416 	0.078997 	0.076590 	 0.010415 
0.269615 	0.102862 	0.070306 	0.064977 	 0.009351 
0.261649 	0.111157 	0.075753 	0.070549 	 0.010257 
0.260528 	0.104977 	0.070572 	0.073109 	 0.009993 
0.237060 	0.125816 	0.084453 	0.084238 	 0.011388 
0.262954 	0.118929 	0.080095 	0.079752 	 0.010150 
0.247607 	0.114196 	0.077440 	0.073379 	 0.011039 
0.255714 	0.118114 	0.080151 	0.076127 	 0.010658 
0.245709 	0.119152 	0.080541 	0.077214 	 0.010905 
0.226875 	0.132068 	0.088812 	0.087120 	 0.012050 
0.243977 	0.118200 	0.079555 	0.079707 	 0.010811 
0.237399 	0.127345 	0.085596 	0.083698 	 0.011105 
0.236241 	0.126878 	0.085927 	0.080719 	 0.011326 
0.247241 	0.123055 	0.083083 	0.081482 	 0.011267 
0.239633 	0.123288 	0.083210 	0.082021 	 0.011595 
0.246381 	0.120371 	0.081792 	0.075040 	 0.010802 
0.221676 	0.132412 	0.089244 	0.086239 	 0.012144 
0.230618 	0.132594 	0.089631 	0.085607 	 0.011905 
0.231952 	0.124387 	0.083908 	0.082952 	 0.011678 
0.233452 	0.121000 	0.081557 	0.078439 	 0.010781 
0.239548 	0.116192 	0.078852 	0.074235 	 0.010892 
0.226543 	0.135993 	0.091933 	0.085934 	 0.012016 
0.232507 	0.128077 	0.087128 	0.080694 	 0.012055 
0.226328 	0.138179 	0.093279 	0.088411 	 0.011883 
0.240780 	0.108330 	0.073967 	0.066243 	 0.009559 
0.234897 	0.119186 	0.081178 	0.076602 	 0.011549 
0.227371 	0.135840 	0.091763 	0.089283 	 0.012489 
0.217924 	0.131991 	0.089374 	0.084058 	 0.012282 
0.213580 	0.136618 	0.091837 	0.089620 	 0.012636 
0.233489 	0.132061 	0.089896 	0.081941 	 0.011276 
0.217469 	0.136236 	0.092221 	0.087230 	 0.012217 
0.224357 	0.122282 	0.083029 	0.075585 	 0.011053 
0.209184 	0.150090 	0.101442 	0.095718 	 0.013217 
0.211396 	0.140201 	0.094781 	0.086992 	 0.012107 
0.206625 	0.139336 	0.094635 	0.086581 	 0.012961 
0.212002 	0.146457 	0.099583 	0.092423 	 0.013036 
0.221651 	0.128080 	0.087712 	0.076255 	 0.011960 
0.202570 	0.142808 	0.096623 	0.088485 	 0.012689 
0.204890 	0.154661 	0.104962 	0.096127 	 0.013545 
0.218884 	0.134734 	0.091509 	0.083759 	 0.012275 
0.209015 	0.143563 	0.097807 	0.087597 	 0.013213 
0.203393 	0.139668 	0.094790 	0.086537 	 0.012647 
0.196516 	0.154838 	0.104991 	0.095702 	 0.013347 
0.208404 	0.136449 	0.092402 	0.086917 	 0.013030 
0.208214 	0.145495 	0.098838 	0.087050 	 0.012461 
0.199775 	0.147903 	0.100209 	0.092401 	 0.012733 
0.210085 	0.135150 	0.092087 	0.080369 	 0.011188 
0.199312 	0.146683 	0.099801 	0.089271 	 0.013230 
0.205383 	0.143530 	0.097536 	0.088678 	 0.012876 
0.185237 	0.165436 	0.111744 	0.103348 	 0.014000 
0.191200 	0.156906 	0.106396 	0.097016 	 0.013944 
0.193991 	0.143181 	0.097547 	0.084269 	 0.012235 
0.198388 	0.147272 	0.100173 	0.087773 	 0.012942 
0.191554 	0.151545 	0.103101 	0.094648 	 0.013848 
0.208968 	0.142778 	0.097663 	0.084744 	 0.012290 
0.193630 	0.146634 	0.099961 	0.089585 	 0.013506 
0.191237 	0.144058 	0.098127 	0.086467 	 0.012556 
0.186124 	0.154272 	0.105417 	0.090473 	 0.013608 
0.181232 	0.154334 	0.104542 	0.093542 	 0.013306 
0.199377 	0.139574 	0.095665 	0.082643 	 0.012581 
0.191619 	0.148194 	0.100937 	0.089956 	 0.012544 
0.189530 	0.149198 	0.102175 	0.085993 	 0.013047 
0.188977 	0.151996 	0.103557 	0.091419 	 0.013063 
0.185025 	0.149553 	0.102140 	0.088251 	 0.013362 
0.180857 	0.167330 	0.113906 	0.100343 	 0.014048 
0.186639 	0.153598 	0.105010 	0.091346 	 0.012893 
0.172848 	0.169753 	0.115345 	0.103032 	 0.015259 
0.183675 	0.156927 	0.107106 	0.092552 	 0.013086 
0.176783 	0.167803 	0.114381 	0.098740 	 0.014526 
0.187406 	0.148975 	0.101714 	0.087159 	 0.012214 
0.185431 	0.153278 	0.105011 	0.087470 	 0.012555 
0.173858 	0.170690 	0.116175 	0.103724 	 0.014886 
0.178400 	0.160416 	0.109593 	0.094095 	 0.013478 
0.178924 	0.151652 	0.103596 	0.088880 	 0.012863 
0.162225 	0.161322 	0.110279 	0.095681 	 0.014852 
0.173558 	0.161397 	0.110697 	0.092811 	 0.013623 
0.159750 	0.173013 	0.117295 	0.104971 	 0.014555 
0.167816 	0.166257 	0.113716 	0.095169 	 0.013765 
0.163688 	0.166309 	0.113517 	0.098391 	 0.014516 
0.187564 	0.153471 	0.105636 	0.085571 	 0.012309 
0.177959 	0.154087 	0.105971 	0.087680 	 0.012850 
0.169447 	0.157208 	0.107950 	0.090078 	 0.013566 
0.165337 	0.163728 	0.111815 	0.095569 	 0.013998 
0.169636 	0.166003 	0.113572 	0.095981 	 0.013875 
0.164237 	0.167052 	0.114414 	0.095884 	 0.014042 
0.171704 	0.161562 	0.110648 	0.094125 	 0.013505 
0.170094 	0.171783 	0.117277 	0.101156 	 0.014067 
0.171683 	0.156535 	0.107823 	0.087053 	 0.013785 
0.161982 	0.171871 	0.117783 	0.098772 	 0.014872 
0.161048 	0.156057 	0.107109 	0.087771 	 0.013066 
0.162054 	0.172123 	0.118122 	0.097950 	 0.013872 
0.164840 	0.164567 	0.112324 	0.096042 	 0.013662 
0.156134 	0.166097 	0.113554 	0.094909 	 0.013550 
0.160069 	0.168205 	0.115266 	0.098242 	 0.014550 
0.155478 	0.169902 	0.116360 	0.098725 	 0.014533 
0.150625 	0.173408 	0.118846 	0.097305 	 0.014588 
0.147666 	0.174568 	0.119366 	0.100991 	 0.014770 
0.167589 	0.168610 	0.116267 	0.094467 	 0.014023 
0.169807 	0.160606 	0.110620 	0.091811 	 0.013417 
0.157006 	0.176793 	0.121277 	0.099211 	 0.014090 
0.147275 	0.178759 	0.122460 	0.101215 	 0.014861 
0.141878 	0.186214 	0.127549 	0.108813 	 0.016012 
0.149142 	0.181033 	0.124140 	0.101203 	 0.014975 
0.147834 	0.175405 	0.120499 	0.098905 	 0.014591 
0.149071 	0.174999 	0.119703 	0.099653 	 0.014229 
0.141492 	0.181392 	0.124536 	0.101058 	 0.014573 
0.149100 	0.178952 	0.122741 	0.101536 	 0.014472 
0.144413 	0.176425 	0.121074 	0.100123 	 0.014608 
0.159636 	0.159611 	0.110720 	0.085906 	 0.013673 
0.146698 	0.179122 	0.122849 	0.101853 	 0.014868 
0.159214 	0.163689 	0.113110 	0.085955 	 0.012860 
0.147914 	0.170935 	0.118009 	0.093767 	 0.014200 
0.142543 	0.176124 	0.121090 	0.097305 	 0.014643 
0.149369 	0.170755 	0.117878 	0.091019 	 0.013771 
0.152204 	0.178455 	0.123120 	0.098277 	 0.014448 
0.153289 	0.171536 	0.117990 	0.093702 	 0.013864 
0.147248 	0.179744 	0.123602 	0.099000 	 0.014652 
0.142249 	0.186636 	0.128166 	0.106136 	 0.015281 
0.150474 	0.168978 	0.116838 	0.092713 	 0.013883 
0.149244 	0.172020 	0.119555 	0.092121 	 0.014612 
0.145322 	0.179669 	0.123792 	0.101773 	 0.014618 
0.139703 	0.183092 	0.126272 	0.102470 	 0.015137 
0.127902 	0.195744 	0.134223 	0.108861 	 0.015424 
0.143299 	0.171679 	0.119094 	0.093056 	 0.014510 
0.151317 	0.169268 	0.117376 	0.089985 	 0.013775 
0.133859 	0.188137 	0.129353 	0.103377 	 0.014845 
0.128026 	0.179216 	0.123831 	0.096882 	 0.014893 
0.148310 	0.173983 	0.120716 	0.089995 	 0.013625 
0.133447 	0.177023 	0.122362 	0.093760 	 0.014195 
0.134195 	0.173221 	0.120277 	0.090519 	 0.014337 
0.134278 	0.179656 	0.124348 	0.096135 	 0.014734 
0.147598 	0.177778 	0.122665 	0.097777 	 0.013952 
0.123550 	0.197947 	0.136332 	0.106207 	 0.015585 
0.146619 	0.177202 	0.122622 	0.093930 	 0.013527 
0.138279 	0.179918 	0.124554 	0.095683 	 0.014066 
0.131675 	0.179316 	0.124698 	0.093041 	 0.014982 
0.128526 	0.182281 	0.126154 	0.096666 	 0.014638 
0.147798 	0.159578 	0.111574 	0.081020 	 0.013286 
0.123616 	0.180974 	0.124562 	0.099887 	 0.014666 
0.125522 	0.188741 	0.130676 	0.098159 	 0.014828 
0.127082 	0.189304 	0.130984 	0.102143 	 0.015273 
0.128735 	0.190288 	0.131537 	0.104234 	 0.014949 
0.131885 	0.178641 	0.123912 	0.093589 	 0.014005 
0.125816 	0.190628 	0.132065 	0.101399 	 0.015266 
0.126144 	0.196470 	0.136170 	0.104791 	 0.015339 
0.129267 	0.171358 	0.119286 	0.088710 	 0.014098 
0.122706 	0.190320 	0.132243 	0.098972 	 0.015137 
0.126962 	0.180433 	0.125501 	0.093123 	 0.014489 
0.128638 	0.185135 	0.128893 	0.095270 	 0.015007 
0.138048 	0.181042 	0.125934 	0.094983 	 0.014735 
0.120193 	0.188505 	0.130505 	0.100119 	 0.015534 
0.102381 	0.195817 	0.135498 	0.103133 	 0.016073 
0.116226 	0.198062 	0.137495 	0.103567 	 0.015610 
0.121477 	0.187602 	0.130488 	0.095657 	 0.014968 
0.113031 	0.203896 	0.141270 	0.107232 	 0.015954 
0.109730 	0.194819 	0.134747 	0.103340 	 0.015689 
0.128149 	0.185529 	0.129129 	0.095739 	 0.014418 
0.127458 	0.192126 	0.133734 	0.100635 	 0.015187 
0.132717 	0.174019 	0.121907 	0.087932 	 0.014186 
0.122667 	0.192071 	0.133262 	0.100275 	 0.014605 
0.105000 	0.200158 	0.139187 	0.103458 	 0.015863 
0.110976 	0.194891 	0.135785 	0.099960 	 0.015386 
0.118413 	0.190181 	0.132781 	0.096500 	 0.015026 
0.121762 	0.191861 	0.134041 	0.097420 	 0.014823 
0.121922 	0.191086 	0.133404 	0.100358 	 0.014881 
0.119617 	0.188425 	0.131141 	0.099591 	 0.015167 
0.110611 	0.185282 	0.129569 	0.093620 	 0.014946 
0.120550 	0.183756 	0.128532 	0.090083 	 0.014364 
0.105256 	0.184760 	0.128776 	0.095404 	 0.014844 
0.122198 	0.188818 	0.132184 	0.096706 	 0.014466 
0.117250 	0.191305 	0.133492 	0.095809 	 0.014642 
0.100710 	0.207773 	0.143981 	0.110585 	 0.016527 
0.102319 	0.194337 	0.135312 	0.098258 	 0.015980 
0.099714 	0.202325 	0.141233 	0.104227 	 0.016758 
0.102326 	0.201300 	0.140133 	0.104144 	 0.016051 
0.114440 	0.191933 	0.134202 	0.096214 	 0.015056 
0.107995 	0.198357 	0.138068 	0.103077 	 0.015662 
0.118103 	0.183273 	0.128890 	0.089019 	 0.014338 
0.119708 	0.178409 	0.125120 	0.086973 	 0.013225 
0.103353 	0.203523 	0.142129 	0.103238 	 0.015984 
0.105270 	0.196972 	0.137615 	0.099606 	 0.015595 
0.110681 	0.189248 	0.132773 	0.093234 	 0.014924 
0.106532 	0.193599 	0.135565 	0.096898 	 0.015242 
0.103530 	0.202291 	0.141224 	0.103767 	 0.016060 
0.117553 	0.179091 	0.126117 	0.085577 	 0.014044 
0.112771 	0.193013 	0.135277 	0.095075 	 0.014891 
0.098883 	0.201293 	0.140165 	0.101827 	 0.015558 
0.103084 	0.198237 	0.138814 	0.098513 	 0.015533 
0.115546 	0.184053 	0.129348 	0.090654 	 0.014403 
0.095961 	0.187411 	0.132052 	0.088825 	 0.015282 
0.101379 	0.200960 	0.140329 	0.104010 	 0.015876 
0.093423 	0.204804 	0.142965 	0.104023 	 0.015865 
0.091052 	0.205404 	0.143407 	0.106046 	 0.016209 
0.107284 	0.185248 	0.130328 	0.089448 	 0.014351 
0.112377 	0.178897 	0.126521 	0.085697 	 0.014582 
0.099342 	0.200721 	0.140487 	0.099928 	 0.014893 
0.100230 	0.191019 	0.134541 	0.091756 	 0.015130 
0.100340 	0.190871 	0.134114 	0.091955 	 0.014511 
0.099066 	0.205179 	0.143445 	0.104519 	 0.016096 
0.101203 	0.198498 	0.139189 	0.098093 	 0.016003 
0.096595 	0.194097 	0.136757 	0.091368 	 0.015018 
0.100937 	0.198818 	0.139803 	0.099773 	 0.016064 
0.096263 	0.196189 	0.137747 	0.095127 	 0.015347 
0.084321 	0.209734 	0.146573 	0.105992 	 0.016807 
0.099709 	0.202151 	0.142565 	0.098444 	 0.016361 
0.095355 	0.197025 	0.138817 	0.095831 	 0.016169 
0.099193 	0.203897 	0.143416 	0.097434 	 0.015333 
0.093081 	0.195647 	0.137838 	0.094273 	 0.015425 
0.098855 	0.198393 	0.139395 	0.097734 	 0.015191 
0.108890 	0.185086 	0.131186 	0.086025 	 0.014495 
0.100993 	0.191149 	0.134952 	0.092046 	 0.015140 
0.093512 	0.202825 	0.142774 	0.098213 	 0.015763 
0.100120 	0.189816 	0.134205 	0.090883 	 0.015148 
0.093785 	0.197861 	0.139729 	0.094209 	 0.015369 
0.092392 	0.202841 	0.142373 	0.099964 	 0.015588 
0.101008 	0.184770 	0.131192 	0.087769 	 0.015641 
0.090932 	0.203430 	0.143255 	0.098258 	 0.016058 
0.109306 	0.187084 	0.132693 	0.088081 	 0.014100 
0.089067 	0.195266 	0.138073 	0.092668 	 0.015527 
0.089308 	0.188791 	0.133827 	0.088280 	 0.015305 
0.093670 	0.189770 	0.134492 	0.088708 	 0.015221 
0.098881 	0.193415 	0.136993 	0.090220 	 0.015052 
0.086901 	0.201182 	0.142091 	0.095647 	 0.015508 
0.111861 	0.187827 	0.133226 	0.087745 	 0.014033 
0.084820 	0.205404 	0.144941 	0.097131 	 0.015737 
0.094806 	0.193249 	0.136968 	0.090581 	 0.015292 
0.099824 	0.189234 	0.134995 	0.083959 	 0.014933 
0.088469 	0.200038 	0.141885 	0.091803 	 0.015546 
0.070979 	0.216879 	0.152408 	0.106796 	 0.017052 
0.087051 	0.204825 	0.144557 	0.097277 	 0.015541 
0.096697 	0.198127 	0.140445 	0.090702 	 0.014912 
0.078686 	0.204466 	0.144397 	0.095749 	 0.015893 
0.097570 	0.198355 	0.140880 	0.092235 	 0.015568 
0.081477 	0.202663 	0.143308 	0.097066 	 0.016140 
0.085488 	0.213159 	0.150317 	0.102208 	 0.016124 
0.080563 	0.209017 	0.147339 	0.100719 	 0.016132 
0.084588 	0.206052 	0.145726 	0.098526 	 0.015806 
0.096636 	0.197757 	0.140463 	0.092819 	 0.014779 
0.086139 	0.200503 	0.142333 	0.092637 	 0.015612 
0.093453 	0.196428 	0.140658 	0.087772 	 0.015848 
0.085049 	0.198784 	0.141066 	0.093589 	 0.016256 
0.077121 	0.213330 	0.150422 	0.104823 	 0.016535 
0.076987 	0.207656 	0.147066 	0.098702 	 0.015987 
0.082261 	0.209164 	0.148232 	0.098712 	 0.016026 
0.084906 	0.204669 	0.145791 	0.092208 	 0.015730 
0.083457 	0.209033 	0.148163 	0.097667 	 0.015848 
0.086450 	0.201767 	0.143593 	0.091001 	 0.014890 
0.094385 	0.189463 	0.135474 	0.084725 	 0.014404 
0.086831 	0.205534 	0.146117 	0.093669 	 0.015568 
0.083073 	0.207949 	0.147684 	0.096440 	 0.015610 
0.076544 	0.206546 	0.146509 	0.096778 	 0.015640 
0.091096 	0.199901 	0.142675 	0.091104 	 0.015383 
0.095190 	0.192068 	0.137751 	0.086507 	 0.015214 
0.082043 	0.198491 	0.141958 	0.084916 	 0.015248 
0.071238 	0.210381 	0.150069 	0.095968 	 0.016909 
0.077634 	0.204829 	0.145702 	0.093417 	 0.015593 
0.078697 	0.212553 	0.150573 	0.100671 	 0.015412 
0.084348 	0.198598 	0.141924 	0.087817 	 0.014810 
0.061500 	0.215361 	0.152332 	0.100864 	 0.016337 
0.082463 	0.205348 	0.146528 	0.093713 	 0.015712 
0.081126 	0.196077 	0.140256 	0.090080 	 0.015216 
0.073156 	0.214361 	0.152249 	0.100613 	 0.016938 
0.068893 	0.221733 	0.157530 	0.104141 	 0.017047 
0.087968 	0.202856 	0.145087 	0.092609 	 0.015972 
0.083432 	0.200073 	0.143023 	0.089403 	 0.015096 
0.064221 	0.220401 	0.156463 	0.104284 	 0.017069 
0.087629 	0.199729 	0.143317 	0.086618 	 0.014477 
0.082730 	0.200746 	0.143720 	0.090585 	 0.015611 
0.067266 	0.226018 	0.159693 	0.108364 	 0.016749 
0.078642 	0.211070 	0.150296 	0.096050 	 0.015316 
0.073035 	0.207863 	0.148614 	0.092605 	 0.015763 
0.069377 	0.206888 	0.147884 	0.094598 	 0.016060 
0.063838 	0.222414 	0.158310 	0.104629 	 0.017552 
0.064147 	0.220833 	0.156967 	0.101768 	 0.016603 
0.074455 	0.211002 	0.150949 	0.093198 	 0.015887 
0.080167 	0.205507 	0.147283 	0.091257 	 0.015487 
0.063414 	0.221574 	0.157492 	0.105202 	 0.017689 
0.077566 	0.203111 	0.146149 	0.087452 	 0.016096 
0.061832 	0.225003 	0.160200 	0.104274 	 0.017157 
0.064336 	0.213244 	0.152833 	0.094844 	 0.017267 
0.076131 	0.207124 	0.148424 	0.093638 	 0.016031 
0.065319 	0.213167 	0.151903 	0.097473 	 0.016573 
0.068668 	0.217170 	0.154909 	0.097978 	 0.016044 
0.087760 	0.198059 	0.142928 	0.086669 	 0.015629 
0.073024 	0.212232 	0.152763 	0.092353 	 0.016388 
0.078268 	0.196669 	0.141403 	0.083955 	 0.013977 
0.065853 	0.216543 	0.154681 	0.099265 	 0.016971 
0.061195 	0.213884 	0.153209 	0.096376 	 0.016354 
0.071099 	0.204197 	0.146962 	0.088951 	 0.015326 
0.082878 	0.194927 	0.140732 	0.084255 	 0.014977 
0.058598 	0.221287 	0.158365 	0.100741 	 0.016813 
0.083171 	0.201951 	0.145636 	0.087320 	 0.015175 
0.073302 	0.206014 	0.148555 	0.088053 	 0.015967 
0.074431 	0.210007 	0.151337 	0.091571 	 0.015934 
0.068135 	0.200784 	0.145763 	0.082649 	 0.016706 
0.063054 	0.216534 	0.155410 	0.095386 	 0.016108 
0.084120 	0.201085 	0.145484 	0.083944 	 0.015301 
0.067952 	0.215617 	0.154675 	0.095716 	 0.015608 
0.070409 	0.198187 	0.143636 	0.082647 	 0.014972 
0.069919 	0.216350 	0.155275 	0.094308 	 0.015686 
0.066931 	0.213588 	0.153972 	0.092643 	 0.016401 
0.066793 	0.219928 	0.157882 	0.099543 	 0.016686 
0.082822 	0.195802 	0.142313 	0.079068 	 0.014454 
0.074296 	0.203712 	0.147728 	0.085239 	 0.015634 
0.067948 	0.201148 	0.145416 	0.085116 	 0.015346 
0.054368 	0.214363 	0.154207 	0.093674 	 0.016207 
0.058496 	0.213752 	0.153326 	0.095393 	 0.016205 
0.064890 	0.204387 	0.147696 	0.086963 	 0.015662 
0.064626 	0.205062 	0.147966 	0.089017 	 0.015003 
0.066818 	0.205637 	0.148916 	0.086095 	 0.015870 
0.071473 	0.202424 	0.146828 	0.084914 	 0.015239 
0.078496 	0.202481 	0.147158 	0.083788 	 0.015882 
0.081318 	0.208644 	0.151035 	0.088360 	 0.015542 
0.071698 	0.202697 	0.146604 	0.087314 	 0.015224 
0.073257 	0.200589 	0.146285 	0.079676 	 0.015385 
0.067552 	0.216517 	0.156538 	0.090545 	 0.015808 
0.062555 	0.209816 	0.151649 	0.088037 	 0.015682 
0.080370 	0.197768 	0.144305 	0.082304 	 0.015722 
0.056158 	0.217945 	0.157239 	0.093197 	 0.016433 
0.072733 	0.207789 	0.150475 	0.087700 	 0.015212 
0.075817 	0.206640 	0.149926 	0.086972 	 0.014842 
0.075911 	0.204442 	0.149055 	0.085116 	 0.016039 
0.062728 	0.218808 	0.158085 	0.095016 	 0.016396 
0.074929 	0.201063 	0.146552 	0.082223 	 0.015535 
0.078918 	0.197492 	0.144132 	0.081880 	 0.015702 
0.075629 	0.205013 	0.149311 	0.085355 	 0.016049 
0.062242 	0.217975 	0.157528 	0.094410 	 0.015988 
0.076776 	0.195161 	0.143029 	0.076901 	 0.014976 
0.066454 	0.208916 	0.152352 	0.084516 	 0.016311 
0.054091 	0.208572 	0.151901 	0.084580 	 0.016569 
0.084656 	0.194363 	0.142557 	0.076488 	 0.014344 
0.066025 	0.206256 	0.150099 	0.087117 	 0.015561 
0.061310 	0.225110 	0.162749 	0.096765 	 0.016686 
0.063770 	0.209742 	0.152267 	0.089097 	 0.015707 
0.062779 	0.206900 	0.150609 	0.084947 	 0.015284 
0.073787 	0.203543 	0.148563 	0.082864 	 0.015388 
0.053055 	0.218558 	0.158739 	0.093305 	 0.017379 
0.053735 	0.211338 	0.153790 	0.088463 	 0.016853 
0.071454 	0.208349 	0.152678 	0.082675 	 0.016200 
0.053759 	0.234089 	0.168462 	0.106770 	 0.017739 
0.061242 	0.202652 	0.148141 	0.083693 	 0.015978 
0.082110 	0.201071 	0.147774 	0.078740 	 0.015282 
0.069990 	0.202577 	0.148489 	0.081713 	 0.015961 
0.067653 	0.216831 	0.157632 	0.091268 	 0.015747 
0.084655 	0.197555 	0.145480 	0.076264 	 0.014413 
0.052184 	0.226200 	0.164152 	0.095823 	 0.017102 
0.079292 	0.205621 	0.151109 	0.079513 	 0.014828 
0.060634 	0.216260 	0.157297 	0.092480 	 0.016976 
0.078307 	0.210663 	0.154014 	0.087089 	 0.015539 
0.056081 	0.215441 	0.157713 	0.086267 	 0.016802 
0.057653 	0.214020 	0.156394 	0.087793 	 0.016720 
0.063323 	0.218831 	0.159259 	0.093215 	 0.016631 
0.061242 	0.213426 	0.155848 	0.090226 	 0.016510 
0.059446 	0.208099 	0.152330 	0.086233 	 0.016166 
0.055531 	0.210855 	0.154405 	0.088128 	 0.016718 
0.064907 	0.216641 	0.158218 	0.088936 	 0.016350 
0.078500 	0.198141 	0.146857 	0.073403 	 0.015366 
0.076470 	0.213704 	0.156500 	0.087772 	 0.015685 
0.071039 	0.212188 	0.155629 	0.087285 	 0.015927 
0.079454 	0.200213 	0.147679 	0.078236 	 0.015111 
0.081774 	0.191097 	0.142293 	0.070086 	 0.015022 
0.074707 	0.204291 	0.150668 	0.080072 	 0.015781 
0.079474 	0.193554 	0.143858 	0.072110 	 0.015339 
0.088788 	0.193868 	0.143852 	0.074109 	 0.014396 
0.078744 	0.208730 	0.153466 	0.085137 	 0.016302 
0.084821 	0.188208 	0.140000 	0.072073 	 0.014929 
0.082498 	0.201684 	0.149536 	0.077663 	 0.015367 
0.074854 	0.209957 	0.154636 	0.083675 	 0.015872 
0.070774 	0.205211 	0.151954 	0.080149 	 0.016379 
0.076232 	0.207732 	0.153157 	0.084465 	 0.016604 
0.092737 	0.196203 	0.146240 	0.074098 	 0.014770 
0.072306 	0.205471 	0.151556 	0.081219 	 0.016074 
0.080621 	0.196619 	0.146280 	0.073944 	 0.015687 
0.081250 	0.193595 	0.144194 	0.072425 	 0.015252 
0.089658 	0.199230 	0.147980 	0.073289 	 0.014063 
0.096594 	0.197865 	0.147052 	0.075055 	 0.014372 
0.086183 	0.189402 	0.141340 	0.069562 	 0.013949 
0.080076 	0.198882 	0.147720 	0.077115 	 0.015747 
0.070086 	0.212092 	0.156662 	0.084851 	 0.016546 
0.075264 	0.202824 	0.150988 	0.075442 	 0.015231 
0.082406 	0.207119 	0.153434 	0.081107 	 0.015677 
0.085605 	0.195064 	0.145698 	0.072099 	 0.014677 
0.098169 	0.187237 	0.141022 	0.064151 	 0.013874 
0.094642 	0.193968 	0.145063 	0.070568 	 0.014372 
0.090051 	0.197049 	0.147462 	0.073105 	 0.015242 
0.098847 	0.180124 	0.136173 	0.061645 	 0.013969 
0.087296 	0.201471 	0.150146 	0.077077 	 0.014295 
0.073835 	0.214539 	0.158647 	0.084484 	 0.016435 
0.104754 	0.187436 	0.141029 	0.067259 	 0.013569 
0.085206 	0.199017 	0.148786 	0.075857 	 0.015915 
0.076233 	0.203228 	0.152002 	0.076033 	 0.015772 
0.094451 	0.189632 	0.142524 	0.068353 	 0.014566 
0.088071 	0.199427 	0.149548 	0.073754 	 0.015699 
0.084411 	0.199267 	0.149009 	0.075026 	 0.015275 
0.088701 	0.204230 	0.152163 	0.080868 	 0.015523 
0.086849 	0.192722 	0.144830 	0.071231 	 0.015167 
0.095689 	0.181500 	0.137640 	0.062959 	 0.014227 
0.088339 	0.203201 	0.152318 	0.074761 	 0.015670 
0.077760 	0.204318 	0.152600 	0.076515 	 0.015339 
0.098244 	0.189411 	0.143266 	0.067060 	 0.014406 
0.100508 	0.186178 	0.141058 	0.067911 	 0.014831 
0.089756 	0.205331 	0.153503 	0.077646 	 0.015414 
0.086629 	0.203501 	0.152240 	0.075928 	 0.015124 
0.098078 	0.187683 	0.142336 	0.063490 	 0.014185 
0.087067 	0.198472 	0.149375 	0.071531 	 0.015486 
0.092548 	0.199858 	0.150218 	0.072506 	 0.014973 
0.102173 	0.183593 	0.139764 	0.062637 	 0.014761 
0.099137 	0.183095 	0.139195 	0.062967 	 0.014688 
0.105792 	0.184215 	0.140548 	0.059153 	 0.013967 
0.088849 	0.199595 	0.150283 	0.073045 	 0.015184 
0.111503 	0.171813 	0.132379 	0.053310 	 0.013636 
0.093270 	0.197857 	0.148608 	0.075491 	 0.015374 
0.108227 	0.187010 	0.142141 	0.062953 	 0.013472 
0.086842 	0.208665 	0.155718 	0.081755 	 0.015643 
0.096413 	0.192180 	0.145344 	0.066869 	 0.014249 
0.100352 	0.194633 	0.147319 	0.070318 	 0.014481 
0.096533 	0.192407 	0.145448 	0.068217 	 0.014125 
0.106684 	0.186488 	0.141867 	0.063718 	 0.013576 
0.105438 	0.190730 	0.144342 	0.065191 	 0.013695 
0.101540 	0.185429 	0.141142 	0.064237 	 0.013960 
0.109233 	0.189162 	0.144338 	0.063517 	 0.013975 
0.109575 	0.177368 	0.136751 	0.054569 	 0.013836 
0.089060 	0.204728 	0.153447 	0.078221 	 0.014866 
0.103216 	0.196343 	0.148629 	0.073238 	 0.015665 
0.073927 	0.215320 	0.161366 	0.082426 	 0.016337 
0.099581 	0.183770 	0.140720 	0.060396 	 0.014263 
0.106591 	0.180778 	0.139323 	0.058095 	 0.014191 
0.098094 	0.190523 	0.145378 	0.065653 	 0.015275 
0.099055 	0.193199 	0.147473 	0.065629 	 0.014927 
0.075784 	0.219682 	0.164118 	0.086033 	 0.017013 
0.086483 	0.201313 	0.152553 	0.073289 	 0.016273 
0.087877 	0.192529 	0.147048 	0.064509 	 0.015233 
0.094815 	0.196346 	0.149680 	0.066774 	 0.015545 
0.093572 	0.197540 	0.150365 	0.068849 	 0.015308 
0.091085 	0.194585 	0.148503 	0.067920 	 0.014876 
0.083179 	0.198429 	0.150908 	0.067976 	 0.015284 
0.077037 	0.202142 	0.153398 	0.070986 	 0.015757 
0.105509 	0.181259 	0.139672 	0.059059 	 0.013646 
0.100425 	0.185142 	0.141893 	0.061424 	 0.013349 
0.099886 	0.185475 	0.142636 	0.060639 	 0.013782 
0.084557 	0.191466 	0.146498 	0.064079 	 0.015309 
0.101224 	0.184147 	0.141815 	0.060045 	 0.013732 
0.088098 	0.187924 	0.143915 	0.065157 	 0.015589 
0.093325 	0.196001 	0.148915 	0.071016 	 0.014636 
0.082977 	0.196170 	0.150229 	0.067840 	 0.015712 
0.095900 	0.192364 	0.147645 	0.065061 	 0.015259 
0.092997 	0.182397 	0.140692 	0.059785 	 0.014907 
0.083761 	0.195140 	0.148913 	0.068888 	 0.015651 
0.083313 	0.190511 	0.146318 	0.062211 	 0.014983 
0.083829 	0.196953 	0.150427 	0.069643 	 0.016204 
0.090037 	0.195538 	0.149924 	0.068772 	 0.015613 
0.091636 	0.188136 	0.144890 	0.059459 	 0.014770 
0.114795 	0.175642 	0.136877 	0.054958 	 0.013348 
0.090727 	0.201429 	0.153612 	0.069654 	 0.014965 
0.089909 	0.176321 	0.137096 	0.053239 	 0.014231 
0.106709 	0.180744 	0.140782 	0.055637 	 0.014420 
0.098433 	0.177971 	0.138688 	0.053242 	 0.013988 
0.091876 	0.193698 	0.148956 	0.063822 	 0.014802 
0.092680 	0.193347 	0.149070 	0.063260 	 0.015694 
0.104345 	0.180783 	0.140369 	0.058537 	 0.014127 
0.093080 	0.181188 	0.140426 	0.060064 	 0.014904 
0.090136 	0.197592 	0.151879 	0.064846 	 0.015306 
0.103089 	0.177820 	0.138870 	0.055441 	 0.014403 
0.100578 	0.175694 	0.137386 	0.053839 	 0.014022 
0.095421 	0.190714 	0.147258 	0.062384 	 0.014739 
0.089750 	0.196545 	0.151085 	0.067126 	 0.015734 
0.097205 	0.185007 	0.143979 	0.055212 	 0.014651 
0.089074 	0.177183 	0.138256 	0.054241 	 0.014207 
0.110157 	0.175343 	0.137972 	0.052547 	 0.013588 
0.078216 	0.196729 	0.151438 	0.067459 	 0.016136 
0.097601 	0.183918 	0.143048 	0.059043 	 0.013750 
0.094654 	0.181184 	0.141351 	0.056057 	 0.015016 
0.087230 	0.187248 	0.145638 	0.058758 	 0.015719 
0.093710 	0.190090 	0.147804 	0.059678 	 0.015336 
0.100633 	0.173593 	0.136396 	0.054452 	 0.014301 
0.071323 	0.208280 	0.159240 	0.074137 	 0.016219 
