di 	gli 	gal 	gos3 	 gos4 
0.428093 	0.018035 	0.010730 	0.012511 	 -0.002113 
0.419768 	0.037751 	0.023528 	0.030260 	 -0.000319 
0.442517 	0.032188 	0.018721 	0.038039 	 -0.001087 
0.417489 	0.054920 	0.033580 	0.053608 	 0.000772 
0.428990 	0.053584 	0.032845 	0.053514 	 0.000194 
0.419434 	0.060490 	0.037476 	0.057502 	 0.000885 
0.414724 	0.058588 	0.036249 	0.056769 	 0.001107 
0.428298 	0.050553 	0.030988 	0.049746 	 -0.000041 
0.425325 	0.058929 	0.036429 	0.055291 	 0.000178 
0.419593 	0.058469 	0.035748 	0.056865 	 0.000269 
0.423618 	0.047283 	0.028566 	0.049365 	 0.000263 
0.409677 	0.059070 	0.036087 	0.058573 	 0.001430 
0.413301 	0.055855 	0.033817 	0.055569 	 0.000436 
0.416013 	0.049859 	0.030006 	0.053913 	 0.000629 
0.399328 	0.076067 	0.047361 	0.067771 	 0.001537 
0.416511 	0.059988 	0.036387 	0.062553 	 0.001471 
0.409031 	0.060758 	0.037507 	0.058085 	 0.001468 
0.411823 	0.068284 	0.042025 	0.064638 	 0.001189 
0.399697 	0.064529 	0.039647 	0.061708 	 0.001383 
0.408017 	0.058445 	0.036226 	0.055912 	 0.001734 
0.396102 	0.078106 	0.048523 	0.071313 	 0.002820 
0.401467 	0.072878 	0.045786 	0.064195 	 0.001895 
0.410544 	0.059487 	0.036518 	0.057451 	 0.000595 
0.389903 	0.075363 	0.046789 	0.070764 	 0.003163 
0.411110 	0.060687 	0.036993 	0.060690 	 0.000809 
0.391422 	0.079842 	0.049667 	0.072078 	 0.002524 
0.393412 	0.075192 	0.046926 	0.068305 	 0.002802 
0.394696 	0.067009 	0.041287 	0.064076 	 0.001981 
0.399567 	0.062296 	0.038580 	0.059529 	 0.002180 
0.388190 	0.078199 	0.048859 	0.070652 	 0.003139 
0.383307 	0.079068 	0.049295 	0.072574 	 0.002987 
0.385816 	0.078729 	0.048813 	0.074680 	 0.003450 
0.391232 	0.074612 	0.046420 	0.069192 	 0.002779 
0.388839 	0.077421 	0.048118 	0.072021 	 0.002971 
0.391436 	0.074314 	0.046033 	0.068250 	 0.002575 
0.393620 	0.067644 	0.042022 	0.063561 	 0.002444 
0.385453 	0.079329 	0.049230 	0.073830 	 0.003122 
0.382918 	0.076894 	0.047757 	0.072733 	 0.003357 
0.380835 	0.078700 	0.048776 	0.074733 	 0.003412 
0.373415 	0.085678 	0.053415 	0.076843 	 0.003978 
0.380277 	0.074470 	0.046089 	0.067783 	 0.002984 
0.366999 	0.083538 	0.051959 	0.074828 	 0.003772 
0.369850 	0.095468 	0.059575 	0.086773 	 0.004332 
0.383046 	0.078038 	0.048490 	0.072242 	 0.003342 
0.383640 	0.078476 	0.049007 	0.073671 	 0.003902 
0.375595 	0.082572 	0.051477 	0.077510 	 0.003878 
0.360965 	0.099514 	0.062621 	0.086503 	 0.005258 
0.370272 	0.086456 	0.054045 	0.076683 	 0.003546 
0.369786 	0.085621 	0.053713 	0.076825 	 0.003724 
0.364190 	0.099832 	0.062723 	0.084990 	 0.004251 
0.374883 	0.084508 	0.052485 	0.076097 	 0.002956 
0.362093 	0.085700 	0.053592 	0.076379 	 0.004018 
0.362593 	0.090273 	0.056690 	0.080049 	 0.004229 
0.372736 	0.088535 	0.056053 	0.076045 	 0.003901 
0.355509 	0.094312 	0.059162 	0.081887 	 0.004605 
0.351022 	0.096803 	0.061047 	0.083404 	 0.004785 
0.353951 	0.099738 	0.063098 	0.085124 	 0.004995 
0.352586 	0.096917 	0.061068 	0.082822 	 0.004776 
0.341205 	0.107234 	0.067473 	0.091739 	 0.005090 
0.360760 	0.093590 	0.059015 	0.083543 	 0.005308 
0.358455 	0.092276 	0.058383 	0.080494 	 0.004530 
0.344014 	0.111414 	0.070562 	0.094028 	 0.005829 
0.353879 	0.092213 	0.057652 	0.081655 	 0.004302 
0.356894 	0.092017 	0.057636 	0.082825 	 0.004635 
0.349721 	0.098680 	0.062221 	0.085952 	 0.005459 
0.329161 	0.117696 	0.074718 	0.098245 	 0.007013 
0.350034 	0.086168 	0.053991 	0.076775 	 0.004552 
0.340551 	0.104043 	0.065483 	0.091222 	 0.005515 
0.337626 	0.110642 	0.070045 	0.093481 	 0.006353 
0.334923 	0.112208 	0.071379 	0.093928 	 0.006689 
0.354438 	0.097720 	0.061633 	0.085948 	 0.004852 
0.345801 	0.096610 	0.060746 	0.083021 	 0.005132 
0.342701 	0.106032 	0.067008 	0.092310 	 0.005810 
0.336013 	0.114969 	0.072951 	0.097349 	 0.006269 
0.339893 	0.110818 	0.070093 	0.094039 	 0.006200 
0.346153 	0.100578 	0.063489 	0.086380 	 0.005504 
0.338955 	0.109204 	0.069179 	0.091898 	 0.005620 
0.345068 	0.103370 	0.065278 	0.089165 	 0.005385 
0.344472 	0.100811 	0.064002 	0.085408 	 0.005578 
0.327539 	0.111693 	0.070785 	0.093046 	 0.006421 
0.348999 	0.092795 	0.058610 	0.079197 	 0.004256 
0.326848 	0.110271 	0.069989 	0.091595 	 0.006249 
0.334669 	0.102104 	0.064829 	0.086721 	 0.006111 
0.335377 	0.104143 	0.066729 	0.084612 	 0.006212 
0.346564 	0.091167 	0.057548 	0.079261 	 0.004552 
0.345660 	0.099404 	0.063229 	0.084600 	 0.005873 
0.327715 	0.112064 	0.071364 	0.091773 	 0.006313 
0.328780 	0.102972 	0.065550 	0.085729 	 0.006133 
0.324252 	0.110603 	0.070060 	0.093088 	 0.005955 
0.333688 	0.104878 	0.066230 	0.088622 	 0.005480 
0.336987 	0.100782 	0.064001 	0.086053 	 0.005716 
0.327064 	0.106341 	0.067407 	0.090238 	 0.006332 
0.329454 	0.112191 	0.071176 	0.093946 	 0.006666 
0.322587 	0.122209 	0.077796 	0.101481 	 0.007233 
0.328290 	0.105831 	0.067153 	0.090975 	 0.006292 
0.334969 	0.101259 	0.064341 	0.084796 	 0.005661 
0.318038 	0.123893 	0.078911 	0.100735 	 0.007572 
0.336204 	0.104771 	0.066627 	0.089758 	 0.006271 
0.327493 	0.111971 	0.071578 	0.090706 	 0.006373 
0.317169 	0.116981 	0.074409 	0.097823 	 0.007525 
0.330216 	0.109293 	0.069800 	0.089874 	 0.006125 
0.317823 	0.122798 	0.078849 	0.095539 	 0.006925 
0.322770 	0.114097 	0.072893 	0.093428 	 0.006802 
0.320964 	0.112243 	0.071538 	0.091961 	 0.006620 
0.325214 	0.115498 	0.073738 	0.093971 	 0.005985 
0.319919 	0.112309 	0.071838 	0.092204 	 0.006901 
0.320074 	0.110022 	0.070247 	0.090068 	 0.006382 
0.325833 	0.117598 	0.075441 	0.095717 	 0.006969 
0.318854 	0.111052 	0.071166 	0.091003 	 0.006748 
0.315233 	0.121588 	0.078127 	0.097049 	 0.007138 
0.309192 	0.132192 	0.085103 	0.102086 	 0.007884 
0.322758 	0.123388 	0.079116 	0.098501 	 0.006737 
0.314650 	0.123994 	0.079798 	0.100833 	 0.007989 
0.328767 	0.111449 	0.071392 	0.089934 	 0.006167 
0.316459 	0.112508 	0.071960 	0.091202 	 0.006979 
0.306901 	0.128367 	0.082651 	0.098836 	 0.007086 
0.313970 	0.123192 	0.079016 	0.099495 	 0.007760 
0.315960 	0.116565 	0.075059 	0.092936 	 0.007455 
0.325113 	0.108019 	0.069586 	0.088111 	 0.006847 
0.317223 	0.113547 	0.072803 	0.091272 	 0.006238 
0.312553 	0.118112 	0.075849 	0.095186 	 0.007216 
0.317235 	0.120651 	0.077424 	0.097524 	 0.006630 
0.300696 	0.138694 	0.089736 	0.106710 	 0.008534 
0.297223 	0.137708 	0.088716 	0.106900 	 0.007962 
0.286758 	0.147531 	0.094758 	0.115240 	 0.008595 
0.297046 	0.141757 	0.091457 	0.110432 	 0.008509 
0.298892 	0.133983 	0.086146 	0.107288 	 0.008094 
0.317056 	0.118887 	0.077080 	0.090509 	 0.006541 
0.303538 	0.136278 	0.088567 	0.103472 	 0.008337 
0.304986 	0.126610 	0.081699 	0.097036 	 0.006683 
0.300308 	0.132568 	0.085636 	0.104091 	 0.008119 
0.285128 	0.141790 	0.091817 	0.108047 	 0.009046 
0.300493 	0.128834 	0.083126 	0.100452 	 0.007331 
0.306857 	0.130745 	0.084494 	0.103283 	 0.007713 
0.305934 	0.130605 	0.084356 	0.102450 	 0.007808 
0.303964 	0.119543 	0.076731 	0.095114 	 0.006917 
0.287149 	0.135507 	0.088029 	0.103179 	 0.008482 
0.297343 	0.138194 	0.089861 	0.102600 	 0.008301 
0.310516 	0.131803 	0.085336 	0.098650 	 0.006477 
0.296786 	0.133839 	0.086825 	0.102931 	 0.008286 
0.288270 	0.135525 	0.087693 	0.105105 	 0.008654 
0.281710 	0.144437 	0.093088 	0.112952 	 0.008528 
0.296036 	0.128750 	0.083528 	0.099047 	 0.008015 
0.306861 	0.124382 	0.080836 	0.094498 	 0.007269 
0.304902 	0.130306 	0.084678 	0.100582 	 0.007649 
0.295769 	0.140692 	0.091730 	0.104722 	 0.008441 
0.286838 	0.143806 	0.093583 	0.106610 	 0.008253 
0.291048 	0.138927 	0.090562 	0.102983 	 0.007940 
0.285415 	0.137602 	0.089261 	0.104950 	 0.008932 
0.292802 	0.125655 	0.081858 	0.093753 	 0.007490 
0.286752 	0.142240 	0.092116 	0.107933 	 0.008695 
0.293661 	0.131541 	0.085380 	0.098629 	 0.007539 
0.283103 	0.138882 	0.090347 	0.101939 	 0.007508 
0.298499 	0.130508 	0.084686 	0.101135 	 0.007894 
0.289777 	0.132597 	0.086573 	0.097687 	 0.008292 
0.292939 	0.136290 	0.088459 	0.103283 	 0.008489 
0.287109 	0.138980 	0.090772 	0.102436 	 0.008394 
0.276605 	0.147588 	0.096331 	0.108079 	 0.008994 
0.291444 	0.137072 	0.089513 	0.100223 	 0.007804 
0.286283 	0.135686 	0.088460 	0.101293 	 0.007789 
0.290977 	0.133076 	0.086747 	0.098757 	 0.007604 
0.284522 	0.137433 	0.089489 	0.101660 	 0.007773 
0.281563 	0.145066 	0.094479 	0.106607 	 0.007915 
0.282889 	0.147195 	0.095668 	0.110180 	 0.008841 
0.300124 	0.134800 	0.088134 	0.099456 	 0.007514 
0.286383 	0.138922 	0.090832 	0.099730 	 0.008026 
0.279305 	0.148507 	0.096993 	0.108604 	 0.009015 
0.284697 	0.147236 	0.096175 	0.107751 	 0.008284 
0.273844 	0.148905 	0.097306 	0.108282 	 0.008630 
0.278069 	0.150616 	0.098575 	0.108312 	 0.008820 
0.292273 	0.135171 	0.088259 	0.101524 	 0.007961 
0.267805 	0.152531 	0.099661 	0.110508 	 0.009400 
0.275889 	0.150975 	0.098666 	0.109648 	 0.009152 
0.273433 	0.147446 	0.096114 	0.109323 	 0.009073 
0.273827 	0.154483 	0.101041 	0.111586 	 0.009099 
0.268599 	0.157272 	0.102967 	0.112868 	 0.008870 
0.270849 	0.158299 	0.103527 	0.116497 	 0.009750 
0.263256 	0.154963 	0.101153 	0.111792 	 0.008947 
0.279167 	0.147319 	0.096312 	0.106994 	 0.008500 
0.276356 	0.153822 	0.100840 	0.110629 	 0.008777 
0.267771 	0.153060 	0.100558 	0.108064 	 0.008786 
0.262863 	0.156501 	0.103087 	0.109901 	 0.010017 
0.277701 	0.145241 	0.095424 	0.103790 	 0.008915 
0.257230 	0.171849 	0.112492 	0.122947 	 0.010389 
0.253273 	0.168970 	0.110942 	0.120309 	 0.010896 
0.265900 	0.154215 	0.101597 	0.107492 	 0.009672 
0.262634 	0.157169 	0.103181 	0.111372 	 0.009584 
0.263305 	0.151294 	0.099533 	0.108723 	 0.010088 
0.267844 	0.154241 	0.100971 	0.111118 	 0.009700 
0.268183 	0.159042 	0.104533 	0.116549 	 0.010301 
0.256219 	0.169695 	0.111717 	0.117142 	 0.010157 
0.253437 	0.171397 	0.112699 	0.120564 	 0.010620 
0.255952 	0.174787 	0.114591 	0.125070 	 0.010715 
0.254750 	0.174477 	0.114832 	0.122424 	 0.010952 
0.258418 	0.168147 	0.110954 	0.115263 	 0.010334 
0.269342 	0.156107 	0.102804 	0.109151 	 0.009069 
0.257972 	0.161995 	0.106814 	0.111623 	 0.009947 
0.257195 	0.167671 	0.110307 	0.114568 	 0.009493 
0.267091 	0.160566 	0.106160 	0.110119 	 0.009491 
0.265965 	0.160184 	0.105884 	0.109375 	 0.009691 
0.256932 	0.160144 	0.105630 	0.109699 	 0.009463 
0.261557 	0.168785 	0.111255 	0.116880 	 0.009233 
0.260164 	0.172889 	0.114037 	0.118430 	 0.009806 
0.256190 	0.165696 	0.109400 	0.114603 	 0.010088 
0.263927 	0.165016 	0.108700 	0.115736 	 0.009716 
0.264339 	0.161409 	0.106929 	0.110445 	 0.009699 
0.246127 	0.174027 	0.114830 	0.119741 	 0.010598 
0.250279 	0.172057 	0.113737 	0.116049 	 0.010235 
0.256872 	0.166344 	0.109914 	0.113709 	 0.009745 
0.246014 	0.175784 	0.116199 	0.120079 	 0.010502 
0.265278 	0.159676 	0.105851 	0.108057 	 0.008706 
0.254974 	0.169512 	0.112610 	0.114586 	 0.009907 
0.257985 	0.168633 	0.111413 	0.114014 	 0.009220 
0.257224 	0.164094 	0.108784 	0.112152 	 0.010297 
0.251197 	0.167625 	0.110923 	0.114417 	 0.010025 
0.258524 	0.157924 	0.104595 	0.107304 	 0.009106 
0.244095 	0.175711 	0.116465 	0.118392 	 0.010788 
0.255510 	0.166334 	0.110320 	0.112203 	 0.009645 
0.247455 	0.170981 	0.112806 	0.116846 	 0.009571 
0.257606 	0.162532 	0.108014 	0.108923 	 0.009609 
0.246736 	0.178401 	0.118023 	0.120875 	 0.010630 
0.255257 	0.160599 	0.106780 	0.107922 	 0.009694 
0.251452 	0.162855 	0.108223 	0.109389 	 0.009896 
0.250638 	0.166961 	0.110999 	0.112040 	 0.010129 
0.253799 	0.171396 	0.113816 	0.115303 	 0.010192 
0.245569 	0.174397 	0.115687 	0.115530 	 0.009980 
0.244168 	0.173793 	0.115081 	0.118605 	 0.010840 
0.248766 	0.167933 	0.111742 	0.111097 	 0.010069 
0.243857 	0.171333 	0.113896 	0.115107 	 0.010614 
0.239923 	0.172614 	0.114628 	0.115726 	 0.010292 
0.241526 	0.176348 	0.117044 	0.119465 	 0.010681 
0.238586 	0.170760 	0.113682 	0.112032 	 0.010592 
0.239275 	0.179735 	0.119401 	0.118560 	 0.010873 
0.236047 	0.178546 	0.118424 	0.121380 	 0.011292 
0.238959 	0.188439 	0.125188 	0.122832 	 0.010836 
0.227674 	0.179367 	0.119364 	0.117301 	 0.011807 
0.236492 	0.180659 	0.119569 	0.120241 	 0.010758 
0.240428 	0.169667 	0.113174 	0.108454 	 0.010143 
0.243762 	0.175788 	0.117034 	0.115054 	 0.010292 
0.235171 	0.180190 	0.119932 	0.115935 	 0.010709 
0.246236 	0.170555 	0.113988 	0.110287 	 0.010013 
0.242474 	0.171995 	0.114900 	0.110461 	 0.010487 
0.229155 	0.180564 	0.119684 	0.120367 	 0.010681 
0.225736 	0.193415 	0.128220 	0.131092 	 0.012193 
0.230410 	0.180524 	0.120117 	0.119141 	 0.011023 
0.237175 	0.171140 	0.114613 	0.108208 	 0.010410 
0.221307 	0.194293 	0.129524 	0.125329 	 0.011924 
0.233907 	0.173572 	0.115926 	0.112064 	 0.010720 
0.235322 	0.185746 	0.123829 	0.118571 	 0.010474 
0.234227 	0.185431 	0.123441 	0.120372 	 0.010360 
0.234718 	0.183729 	0.122681 	0.119116 	 0.011159 
0.224634 	0.188636 	0.126183 	0.120587 	 0.011834 
0.232720 	0.184595 	0.123136 	0.119334 	 0.010639 
0.232432 	0.192018 	0.128659 	0.121850 	 0.011809 
0.219233 	0.194308 	0.129890 	0.123861 	 0.012194 
0.231618 	0.190183 	0.127268 	0.120965 	 0.010715 
0.212553 	0.202867 	0.135342 	0.130469 	 0.012222 
0.223573 	0.196532 	0.131721 	0.123410 	 0.012201 
0.214589 	0.196932 	0.131661 	0.123728 	 0.012009 
0.231768 	0.187263 	0.125734 	0.117201 	 0.011164 
0.227813 	0.200822 	0.133961 	0.129580 	 0.011329 
0.210387 	0.197437 	0.131776 	0.125777 	 0.011852 
0.224932 	0.197715 	0.131953 	0.126373 	 0.011367 
0.241557 	0.184088 	0.123931 	0.114084 	 0.010022 
0.228875 	0.179229 	0.120223 	0.111223 	 0.010451 
0.220220 	0.194496 	0.130347 	0.122248 	 0.011356 
0.228640 	0.184819 	0.124198 	0.116366 	 0.011357 
0.227873 	0.185946 	0.124073 	0.118564 	 0.010325 
0.219798 	0.198022 	0.132930 	0.125347 	 0.012544 
0.218092 	0.194343 	0.130704 	0.122902 	 0.012667 
0.224740 	0.190148 	0.127585 	0.119937 	 0.011328 
0.219876 	0.193470 	0.129992 	0.122225 	 0.012225 
0.206806 	0.201881 	0.135468 	0.126459 	 0.012681 
0.196532 	0.226003 	0.151071 	0.141610 	 0.013669 
0.213576 	0.203351 	0.136059 	0.130400 	 0.012471 
0.217399 	0.188157 	0.126721 	0.114205 	 0.011307 
0.220123 	0.194071 	0.130057 	0.123472 	 0.011265 
0.216580 	0.200119 	0.134651 	0.122259 	 0.012274 
0.210503 	0.198171 	0.133069 	0.123477 	 0.012221 
0.226676 	0.191681 	0.129183 	0.118397 	 0.010992 
0.231061 	0.186190 	0.125752 	0.114262 	 0.010987 
0.206981 	0.203589 	0.136926 	0.127904 	 0.012659 
0.212902 	0.197287 	0.133117 	0.118677 	 0.011764 
0.215626 	0.200608 	0.135013 	0.125001 	 0.012011 
0.212629 	0.205879 	0.138562 	0.127468 	 0.012121 
0.222387 	0.197579 	0.132984 	0.123541 	 0.011930 
0.219380 	0.203492 	0.136776 	0.126278 	 0.011220 
0.203972 	0.207401 	0.139493 	0.128734 	 0.012314 
0.211197 	0.206369 	0.138767 	0.128484 	 0.012268 
0.209785 	0.204612 	0.138050 	0.124696 	 0.012521 
0.208354 	0.205455 	0.138817 	0.124938 	 0.012242 
0.209087 	0.200209 	0.135450 	0.120884 	 0.012655 
0.205810 	0.204848 	0.137962 	0.124221 	 0.011859 
0.205001 	0.205327 	0.138428 	0.125404 	 0.012081 
0.211197 	0.200564 	0.134920 	0.124897 	 0.011571 
0.211867 	0.205076 	0.138993 	0.122841 	 0.012297 
0.209353 	0.210547 	0.142231 	0.127218 	 0.012198 
0.199984 	0.214718 	0.144830 	0.128536 	 0.012542 
0.197750 	0.218032 	0.147141 	0.130377 	 0.012829 
0.211833 	0.203128 	0.137336 	0.120742 	 0.011823 
0.216490 	0.195186 	0.132299 	0.116269 	 0.011472 
0.197036 	0.208213 	0.140611 	0.126858 	 0.012709 
0.203153 	0.203820 	0.137826 	0.123963 	 0.012651 
0.205901 	0.204855 	0.138490 	0.122857 	 0.011687 
0.201903 	0.208000 	0.140750 	0.124983 	 0.012766 
0.197665 	0.212884 	0.144104 	0.128555 	 0.013325 
0.208060 	0.200450 	0.135756 	0.119148 	 0.011628 
0.207381 	0.205869 	0.139611 	0.121887 	 0.011841 
0.204370 	0.207600 	0.140546 	0.123125 	 0.011703 
0.203899 	0.209013 	0.141889 	0.122515 	 0.012238 
0.215008 	0.194792 	0.132487 	0.113375 	 0.011049 
0.218321 	0.197711 	0.134262 	0.114938 	 0.010828 
0.214053 	0.189760 	0.129226 	0.109170 	 0.010855 
0.201461 	0.204208 	0.138259 	0.122872 	 0.012495 
0.202148 	0.207015 	0.140058 	0.126232 	 0.012488 
0.210388 	0.200022 	0.135979 	0.118092 	 0.011547 
0.206205 	0.195899 	0.133140 	0.114604 	 0.011836 
0.198009 	0.203140 	0.137836 	0.119564 	 0.011938 
0.204840 	0.203629 	0.138271 	0.120073 	 0.011689 
0.202916 	0.203274 	0.138346 	0.118972 	 0.012368 
0.201508 	0.203517 	0.138027 	0.121649 	 0.012705 
0.200898 	0.207324 	0.140567 	0.123242 	 0.012255 
0.204735 	0.205564 	0.140071 	0.117356 	 0.011746 
0.195371 	0.213086 	0.144387 	0.126283 	 0.012192 
0.202962 	0.199309 	0.135549 	0.117112 	 0.011984 
0.195012 	0.201053 	0.136542 	0.117547 	 0.011708 
0.185795 	0.212299 	0.144105 	0.123228 	 0.012129 
0.198321 	0.205560 	0.139716 	0.119150 	 0.012208 
0.194550 	0.206534 	0.140204 	0.121943 	 0.012363 
0.205648 	0.204394 	0.139217 	0.118708 	 0.011539 
0.206367 	0.204937 	0.140153 	0.115489 	 0.011749 
0.196284 	0.214509 	0.146039 	0.121728 	 0.012212 
0.198389 	0.210093 	0.143075 	0.121829 	 0.012268 
0.190844 	0.222081 	0.150743 	0.131432 	 0.012682 
0.197359 	0.203900 	0.139478 	0.115631 	 0.011993 
0.196245 	0.208539 	0.142015 	0.121576 	 0.012719 
0.200277 	0.206582 	0.140751 	0.119668 	 0.011458 
0.210201 	0.195821 	0.133933 	0.110418 	 0.010840 
0.189318 	0.220657 	0.150377 	0.127753 	 0.012961 
0.195921 	0.204290 	0.139731 	0.116105 	 0.012135 
0.186470 	0.212818 	0.145338 	0.121686 	 0.012842 
0.186803 	0.225075 	0.153385 	0.130381 	 0.013286 
0.183846 	0.224246 	0.153130 	0.128616 	 0.013478 
0.195954 	0.206896 	0.141573 	0.114734 	 0.011625 
0.177160 	0.214699 	0.146810 	0.122170 	 0.013686 
0.180955 	0.217181 	0.148118 	0.123321 	 0.013285 
0.195531 	0.210620 	0.143867 	0.118870 	 0.012382 
0.185670 	0.218135 	0.148796 	0.124312 	 0.012919 
0.167967 	0.230490 	0.156750 	0.133697 	 0.014669 
0.181219 	0.217125 	0.148500 	0.121445 	 0.012877 
0.180159 	0.223814 	0.152726 	0.128074 	 0.013363 
0.183523 	0.214607 	0.146762 	0.121091 	 0.012787 
0.175764 	0.228082 	0.155637 	0.131448 	 0.013896 
0.185970 	0.215039 	0.147529 	0.120484 	 0.013446 
0.175089 	0.228198 	0.155531 	0.130047 	 0.013730 
0.181567 	0.220439 	0.150849 	0.124696 	 0.013340 
0.178161 	0.216471 	0.148411 	0.122405 	 0.013187 
0.187854 	0.213201 	0.146329 	0.117826 	 0.012660 
0.180928 	0.215555 	0.148010 	0.119525 	 0.013059 
0.177786 	0.225235 	0.154111 	0.125565 	 0.013744 
0.176042 	0.228455 	0.156349 	0.128613 	 0.013601 
0.166957 	0.234917 	0.160135 	0.133380 	 0.014333 
0.169649 	0.228329 	0.156342 	0.127177 	 0.013793 
0.187634 	0.221479 	0.151770 	0.122577 	 0.012805 
0.174760 	0.228368 	0.156963 	0.125093 	 0.013737 
0.174385 	0.224961 	0.154353 	0.123630 	 0.013416 
0.182822 	0.221050 	0.151929 	0.120950 	 0.012953 
0.194671 	0.209178 	0.144285 	0.114422 	 0.012457 
0.185388 	0.221272 	0.151980 	0.121877 	 0.013185 
0.171542 	0.232472 	0.159644 	0.128975 	 0.014337 
0.185203 	0.217469 	0.149661 	0.119730 	 0.013385 
0.169019 	0.221747 	0.152668 	0.120374 	 0.013575 
0.181360 	0.226666 	0.155794 	0.123710 	 0.012858 
0.181780 	0.219099 	0.150626 	0.119623 	 0.012148 
0.171909 	0.231853 	0.159045 	0.128303 	 0.013593 
0.162719 	0.233670 	0.160606 	0.128090 	 0.014456 
0.178753 	0.232434 	0.160187 	0.125823 	 0.013855 
0.177314 	0.229614 	0.157792 	0.126002 	 0.013142 
0.174238 	0.225696 	0.155410 	0.124480 	 0.014352 
0.179153 	0.223173 	0.153251 	0.124005 	 0.012741 
0.167337 	0.231845 	0.159078 	0.129237 	 0.013984 
0.181896 	0.224880 	0.155040 	0.122647 	 0.013391 
0.173336 	0.228025 	0.156943 	0.125639 	 0.013771 
0.175670 	0.234107 	0.161007 	0.130598 	 0.014648 
0.182160 	0.227059 	0.156838 	0.122529 	 0.013545 
0.172925 	0.231693 	0.159661 	0.125537 	 0.013906 
0.166593 	0.235108 	0.161902 	0.130204 	 0.014641 
0.176053 	0.222377 	0.153728 	0.117140 	 0.013195 
0.170200 	0.232235 	0.159950 	0.126181 	 0.013752 
0.173824 	0.228159 	0.157384 	0.123304 	 0.013743 
0.171920 	0.233955 	0.161308 	0.127237 	 0.014316 
0.181977 	0.218674 	0.151440 	0.115676 	 0.013114 
0.168081 	0.230705 	0.159332 	0.125769 	 0.014815 
0.164409 	0.238528 	0.164448 	0.127766 	 0.013892 
0.171675 	0.234443 	0.161807 	0.124914 	 0.013541 
0.160119 	0.238205 	0.164268 	0.128209 	 0.014306 
0.162149 	0.243427 	0.167560 	0.133258 	 0.015190 
0.171581 	0.233655 	0.161280 	0.127282 	 0.014136 
0.174483 	0.235402 	0.162786 	0.126492 	 0.013739 
0.156278 	0.237062 	0.163595 	0.126156 	 0.014460 
0.181559 	0.237367 	0.164192 	0.126154 	 0.013230 
0.167882 	0.237947 	0.163926 	0.129747 	 0.013675 
0.176753 	0.226857 	0.157301 	0.119503 	 0.012947 
0.165081 	0.227980 	0.157741 	0.121852 	 0.013727 
0.157627 	0.242020 	0.167366 	0.129771 	 0.014711 
0.161461 	0.245289 	0.168997 	0.132371 	 0.013884 
0.167738 	0.231184 	0.160114 	0.122540 	 0.013267 
0.187776 	0.218096 	0.152108 	0.111728 	 0.012492 
0.167079 	0.236534 	0.163919 	0.123657 	 0.013654 
0.163108 	0.245424 	0.169532 	0.130845 	 0.014351 
0.151263 	0.244324 	0.168522 	0.132474 	 0.014612 
0.155446 	0.246431 	0.170283 	0.131866 	 0.014549 
0.165830 	0.239196 	0.165765 	0.124654 	 0.014178 
0.150487 	0.246455 	0.170340 	0.132583 	 0.015059 
0.155447 	0.239236 	0.165642 	0.124300 	 0.014141 
0.164752 	0.238970 	0.165647 	0.124800 	 0.013470 
0.172197 	0.231795 	0.161271 	0.120148 	 0.013464 
0.171228 	0.233246 	0.162163 	0.121199 	 0.013728 
0.161344 	0.244690 	0.169440 	0.131434 	 0.015004 
0.171539 	0.235189 	0.163495 	0.119647 	 0.012933 
0.149019 	0.250788 	0.173683 	0.131712 	 0.015161 
0.153618 	0.248347 	0.172217 	0.129165 	 0.014374 
0.165884 	0.227557 	0.158474 	0.115844 	 0.013327 
0.170352 	0.228376 	0.158465 	0.118126 	 0.012390 
0.158631 	0.230765 	0.160684 	0.119778 	 0.013974 
0.162542 	0.241578 	0.167951 	0.125454 	 0.014169 
0.164011 	0.226832 	0.158102 	0.115385 	 0.013267 
0.161244 	0.233134 	0.161953 	0.122447 	 0.013460 
0.154153 	0.242158 	0.167744 	0.129009 	 0.014198 
0.156113 	0.241349 	0.167723 	0.126337 	 0.014139 
0.156583 	0.237942 	0.165345 	0.125605 	 0.014154 
0.159101 	0.231640 	0.161356 	0.119288 	 0.013429 
0.158818 	0.238728 	0.165736 	0.126864 	 0.014187 
0.159364 	0.241468 	0.168148 	0.123033 	 0.013658 
0.155603 	0.241307 	0.167718 	0.125492 	 0.014391 
0.147069 	0.246789 	0.171362 	0.129821 	 0.014822 
0.166406 	0.227734 	0.159133 	0.115890 	 0.013465 
0.140451 	0.257702 	0.178396 	0.137131 	 0.015468 
0.153407 	0.243735 	0.169651 	0.126029 	 0.014612 
0.143201 	0.257077 	0.178262 	0.135957 	 0.014942 
0.148798 	0.245207 	0.170713 	0.125037 	 0.014340 
0.149669 	0.244107 	0.169765 	0.129480 	 0.014749 
0.163871 	0.237429 	0.165895 	0.119424 	 0.013770 
0.152438 	0.248973 	0.173672 	0.127192 	 0.014224 
0.164233 	0.233751 	0.163390 	0.119583 	 0.013752 
0.162512 	0.239794 	0.167469 	0.123514 	 0.014137 
0.160871 	0.231035 	0.161916 	0.115358 	 0.013531 
0.158360 	0.234809 	0.164731 	0.116321 	 0.013611 
0.155362 	0.246278 	0.171778 	0.124679 	 0.013681 
0.154272 	0.246390 	0.171583 	0.129151 	 0.014347 
0.152677 	0.247950 	0.173106 	0.125450 	 0.014078 
0.147463 	0.250260 	0.174577 	0.127574 	 0.014867 
0.138814 	0.259378 	0.180550 	0.130713 	 0.014753 
0.138461 	0.258494 	0.179463 	0.135394 	 0.015182 
0.148609 	0.250190 	0.174405 	0.128868 	 0.015120 
0.157093 	0.235824 	0.165451 	0.118266 	 0.014000 
0.150029 	0.237620 	0.166664 	0.119780 	 0.014615 
0.153261 	0.245556 	0.171574 	0.123797 	 0.014002 
0.141353 	0.259684 	0.181137 	0.133057 	 0.015474 
0.145480 	0.249100 	0.173961 	0.127195 	 0.014992 
0.150742 	0.248123 	0.174035 	0.123550 	 0.015340 
0.137702 	0.255335 	0.178338 	0.128284 	 0.015033 
0.135480 	0.253958 	0.177393 	0.127847 	 0.015355 
0.159207 	0.238609 	0.167370 	0.114966 	 0.012884 
0.136566 	0.265326 	0.184491 	0.137194 	 0.015241 
0.129220 	0.262402 	0.182610 	0.136412 	 0.015858 
0.136266 	0.257543 	0.179953 	0.129378 	 0.015316 
0.149241 	0.247489 	0.173611 	0.120699 	 0.014230 
0.122823 	0.259504 	0.181195 	0.129946 	 0.015986 
0.142394 	0.252897 	0.177102 	0.122688 	 0.014064 
0.139965 	0.254891 	0.178695 	0.126350 	 0.015502 
0.138984 	0.253651 	0.177789 	0.125815 	 0.014899 
0.138871 	0.262062 	0.183220 	0.130623 	 0.015133 
0.133514 	0.250568 	0.176056 	0.123538 	 0.015612 
0.147337 	0.254734 	0.178658 	0.126736 	 0.014962 
0.139000 	0.257178 	0.180295 	0.128051 	 0.015867 
0.148645 	0.243599 	0.171407 	0.120026 	 0.014521 
0.149643 	0.242723 	0.170942 	0.118472 	 0.014379 
0.146445 	0.245894 	0.173248 	0.118562 	 0.014468 
0.133482 	0.263946 	0.184568 	0.133153 	 0.015595 
0.133212 	0.264467 	0.185318 	0.130591 	 0.015292 
0.134896 	0.261061 	0.182950 	0.129775 	 0.015904 
0.138098 	0.265639 	0.185844 	0.135066 	 0.015534 
0.142924 	0.257373 	0.180796 	0.127013 	 0.015310 
0.134123 	0.257814 	0.181321 	0.124919 	 0.015094 
0.124650 	0.263364 	0.184835 	0.129999 	 0.015820 
0.136670 	0.261592 	0.183596 	0.129696 	 0.015515 
0.125806 	0.268499 	0.188485 	0.134705 	 0.016670 
0.141149 	0.258686 	0.181846 	0.128059 	 0.015687 
0.130265 	0.266045 	0.186386 	0.133499 	 0.016391 
0.144235 	0.253590 	0.178738 	0.122312 	 0.014989 
0.137604 	0.264503 	0.185369 	0.134034 	 0.015490 
0.135796 	0.270264 	0.189512 	0.136594 	 0.016287 
0.133232 	0.264751 	0.186157 	0.128946 	 0.015837 
0.120215 	0.273307 	0.191446 	0.137070 	 0.016547 
0.144324 	0.251436 	0.177837 	0.119526 	 0.015193 
0.148205 	0.251826 	0.178122 	0.118151 	 0.014645 
0.142454 	0.254221 	0.179385 	0.123213 	 0.015159 
0.129939 	0.269420 	0.189165 	0.135254 	 0.015982 
0.129836 	0.276516 	0.193893 	0.138230 	 0.016565 
0.133646 	0.261507 	0.184525 	0.126899 	 0.015892 
0.110799 	0.280224 	0.196172 	0.142830 	 0.017465 
0.147034 	0.258254 	0.182203 	0.124371 	 0.014108 
0.142622 	0.255518 	0.180684 	0.121315 	 0.014455 
0.152093 	0.235437 	0.167839 	0.106755 	 0.013969 
0.133607 	0.259607 	0.183431 	0.124402 	 0.015340 
0.120812 	0.274930 	0.193552 	0.132834 	 0.015952 
0.137026 	0.268720 	0.189215 	0.131414 	 0.014925 
0.129969 	0.264188 	0.186704 	0.125757 	 0.015630 
0.139399 	0.264872 	0.187102 	0.127964 	 0.015565 
0.124748 	0.267929 	0.189396 	0.126694 	 0.015739 
0.132030 	0.266232 	0.188374 	0.126201 	 0.015956 
0.127831 	0.268145 	0.189460 	0.130349 	 0.016436 
0.126375 	0.268579 	0.190173 	0.126669 	 0.015828 
0.133180 	0.267451 	0.189322 	0.127665 	 0.016319 
0.127972 	0.272294 	0.192424 	0.129446 	 0.016129 
0.141917 	0.257385 	0.182444 	0.121391 	 0.015042 
0.134454 	0.264890 	0.187629 	0.123685 	 0.015367 
0.127741 	0.263045 	0.186506 	0.121624 	 0.015066 
0.124632 	0.274424 	0.193820 	0.132277 	 0.016380 
0.121078 	0.272489 	0.192367 	0.130527 	 0.016295 
0.129622 	0.263239 	0.186732 	0.122535 	 0.015352 
0.131422 	0.260926 	0.185566 	0.121188 	 0.015853 
0.118600 	0.277536 	0.196316 	0.133527 	 0.017176 
0.132122 	0.271710 	0.192687 	0.126453 	 0.015581 
0.130594 	0.271623 	0.192300 	0.127876 	 0.015518 
0.135286 	0.256954 	0.182648 	0.118335 	 0.014652 
0.129930 	0.272218 	0.192633 	0.131254 	 0.015728 
0.142330 	0.254950 	0.181366 	0.117392 	 0.014644 
0.120397 	0.279015 	0.197078 	0.136928 	 0.017256 
0.125021 	0.273890 	0.193844 	0.128797 	 0.015799 
0.112637 	0.287988 	0.203187 	0.138115 	 0.016868 
0.130342 	0.276476 	0.195885 	0.132638 	 0.016767 
0.130658 	0.264216 	0.187923 	0.122397 	 0.015769 
0.123140 	0.275512 	0.195091 	0.131779 	 0.016423 
0.135959 	0.268088 	0.190634 	0.124133 	 0.015535 
0.117795 	0.278188 	0.197108 	0.130402 	 0.016442 
0.127512 	0.270181 	0.191815 	0.126282 	 0.015809 
0.138926 	0.256972 	0.183415 	0.118384 	 0.015256 
0.124072 	0.270129 	0.192011 	0.127156 	 0.016401 
0.130839 	0.264862 	0.188764 	0.121516 	 0.015570 
0.124814 	0.270352 	0.192045 	0.127189 	 0.016048 
0.131389 	0.264385 	0.188819 	0.119776 	 0.015912 
0.122938 	0.270721 	0.192598 	0.126440 	 0.016136 
0.128998 	0.266914 	0.190640 	0.121543 	 0.016128 
0.130186 	0.259830 	0.185215 	0.119242 	 0.015436 
0.141523 	0.257615 	0.184129 	0.118640 	 0.015148 
0.129458 	0.278421 	0.198105 	0.129855 	 0.016516 
0.129084 	0.263613 	0.188532 	0.118137 	 0.015755 
0.115800 	0.278963 	0.198254 	0.131922 	 0.017100 
0.125450 	0.267865 	0.191091 	0.123653 	 0.015998 
0.121070 	0.275018 	0.195551 	0.130955 	 0.016875 
0.121538 	0.271544 	0.193069 	0.128449 	 0.016337 
0.123394 	0.277241 	0.197879 	0.126396 	 0.016891 
0.116863 	0.285036 	0.202766 	0.132750 	 0.017176 
0.122614 	0.275661 	0.196315 	0.126870 	 0.016190 
0.130031 	0.272789 	0.194372 	0.126027 	 0.015683 
0.115267 	0.282188 	0.201062 	0.131843 	 0.017477 
0.104561 	0.288991 	0.205111 	0.136795 	 0.017587 
0.129208 	0.265490 	0.189818 	0.121026 	 0.015826 
0.114148 	0.284510 	0.202791 	0.131647 	 0.016962 
0.122140 	0.278332 	0.198519 	0.128711 	 0.015812 
0.122644 	0.284766 	0.202419 	0.133960 	 0.016720 
0.122059 	0.280484 	0.200257 	0.128303 	 0.016952 
0.116886 	0.274766 	0.195982 	0.126775 	 0.016207 
0.126479 	0.275149 	0.196654 	0.125016 	 0.016093 
0.113487 	0.280541 	0.199982 	0.131288 	 0.017553 
0.130290 	0.268060 	0.192252 	0.121021 	 0.016305 
0.109614 	0.276951 	0.198150 	0.126679 	 0.017285 
0.122821 	0.275647 	0.197212 	0.126515 	 0.017040 
0.115920 	0.270680 	0.194090 	0.121431 	 0.016765 
0.114005 	0.273219 	0.195112 	0.125776 	 0.016166 
0.114858 	0.262456 	0.188785 	0.114591 	 0.016015 
0.118776 	0.272749 	0.194821 	0.128149 	 0.016394 
0.133162 	0.256370 	0.185014 	0.112727 	 0.015823 
0.110336 	0.264443 	0.189297 	0.119788 	 0.015988 
0.118983 	0.272675 	0.195129 	0.121741 	 0.016001 
0.124522 	0.257454 	0.185027 	0.116245 	 0.015342 
0.115468 	0.273947 	0.196590 	0.124494 	 0.017190 
0.130964 	0.261856 	0.188522 	0.115012 	 0.015250 
0.115221 	0.277269 	0.198820 	0.125948 	 0.016841 
0.122020 	0.266498 	0.191441 	0.119965 	 0.016288 
0.119264 	0.268316 	0.192799 	0.119682 	 0.016025 
0.109221 	0.277931 	0.199470 	0.123943 	 0.016857 
0.115196 	0.269877 	0.193700 	0.122920 	 0.016657 
0.131055 	0.255633 	0.184921 	0.110772 	 0.015866 
0.121728 	0.266090 	0.191304 	0.119310 	 0.015780 
0.127359 	0.268996 	0.193593 	0.120071 	 0.016132 
0.124734 	0.255560 	0.185426 	0.107192 	 0.015949 
0.132312 	0.261278 	0.188547 	0.114157 	 0.015436 
0.113770 	0.280367 	0.200895 	0.129846 	 0.016998 
0.111923 	0.286297 	0.205160 	0.131735 	 0.017326 
0.116650 	0.276003 	0.198339 	0.125585 	 0.016992 
0.132342 	0.271577 	0.195807 	0.121162 	 0.016186 
0.117540 	0.275689 	0.198025 	0.126493 	 0.017001 
0.113384 	0.275766 	0.198377 	0.124248 	 0.017241 
0.106698 	0.279153 	0.200976 	0.125748 	 0.018254 
0.112009 	0.282784 	0.202841 	0.129281 	 0.017763 
0.109332 	0.276911 	0.199302 	0.120793 	 0.016812 
0.118736 	0.268908 	0.195037 	0.113869 	 0.016706 
0.444767 	-0.005407 	-0.001763 	-0.006486 	 -0.000095 
0.446988 	0.002931 	0.003253 	0.001509 	 0.000793 
0.450190 	0.012980 	0.009329 	0.014262 	 0.001175 
0.450493 	0.009528 	0.007337 	0.012699 	 0.001719 
0.443809 	0.028412 	0.019101 	0.028008 	 0.001926 
0.447737 	0.022235 	0.015550 	0.021625 	 0.001910 
0.428118 	0.034677 	0.023594 	0.031390 	 0.003132 
0.436673 	0.025092 	0.017163 	0.026587 	 0.002438 
0.435926 	0.034446 	0.023465 	0.029628 	 0.002869 
0.430435 	0.026465 	0.017634 	0.029344 	 0.002892 
0.423203 	0.032702 	0.022583 	0.028829 	 0.003925 
0.425191 	0.034774 	0.023392 	0.034932 	 0.003520 
0.438786 	0.029508 	0.020089 	0.026669 	 0.002010 
0.449329 	0.014505 	0.010243 	0.019310 	 0.002464 
0.431547 	0.039199 	0.026457 	0.032242 	 0.003005 
0.416076 	0.047986 	0.031450 	0.043417 	 0.004054 
0.408283 	0.049239 	0.033051 	0.041190 	 0.004362 
0.423507 	0.032240 	0.021787 	0.029873 	 0.003271 
0.402004 	0.050433 	0.033139 	0.044126 	 0.004623 
0.413354 	0.042266 	0.028462 	0.037008 	 0.004852 
0.399691 	0.053170 	0.034576 	0.046572 	 0.004871 
0.396062 	0.053566 	0.035160 	0.048629 	 0.005590 
0.407238 	0.052208 	0.034741 	0.043551 	 0.005233 
0.396257 	0.052438 	0.034351 	0.045257 	 0.005447 
0.388687 	0.056140 	0.036832 	0.049652 	 0.005828 
0.393684 	0.060860 	0.040405 	0.049837 	 0.005807 
0.396882 	0.054357 	0.035934 	0.046631 	 0.005462 
0.388698 	0.050164 	0.033260 	0.045203 	 0.005858 
0.397649 	0.050561 	0.033850 	0.041887 	 0.005356 
0.379705 	0.067974 	0.044653 	0.057413 	 0.007443 
0.395312 	0.056533 	0.037313 	0.049689 	 0.005907 
0.386048 	0.061470 	0.039853 	0.055249 	 0.006047 
0.382675 	0.061214 	0.040613 	0.049812 	 0.006939 
0.397246 	0.052258 	0.034633 	0.044120 	 0.005261 
0.379905 	0.065339 	0.043219 	0.054202 	 0.007206 
0.379476 	0.064984 	0.042890 	0.052460 	 0.006139 
0.383375 	0.058509 	0.038550 	0.049769 	 0.006478 
0.385868 	0.054919 	0.036034 	0.049793 	 0.006408 
0.389320 	0.051392 	0.033817 	0.047063 	 0.006068 
0.370163 	0.063469 	0.041784 	0.053535 	 0.007253 
0.365082 	0.077310 	0.051079 	0.062586 	 0.007836 
0.367566 	0.071079 	0.046397 	0.060822 	 0.006950 
0.375811 	0.064029 	0.042034 	0.052661 	 0.006057 
0.373347 	0.071740 	0.047514 	0.057974 	 0.006952 
0.371942 	0.058995 	0.038861 	0.049924 	 0.006590 
0.374035 	0.065920 	0.043672 	0.055259 	 0.007231 
0.363824 	0.072093 	0.046985 	0.060739 	 0.006933 
0.376586 	0.061112 	0.040514 	0.052315 	 0.006990 
0.369529 	0.063938 	0.042322 	0.053186 	 0.007060 
0.360171 	0.069386 	0.045577 	0.058676 	 0.007791 
0.374482 	0.067342 	0.044477 	0.056210 	 0.006704 
0.371328 	0.059360 	0.039404 	0.047602 	 0.006317 
0.374855 	0.065261 	0.042980 	0.054282 	 0.006689 
0.378388 	0.061924 	0.040896 	0.053115 	 0.006490 
0.358446 	0.079131 	0.052144 	0.065407 	 0.008830 
0.361690 	0.074279 	0.048902 	0.062354 	 0.008211 
0.362618 	0.066365 	0.043649 	0.058258 	 0.007139 
0.346739 	0.085018 	0.055738 	0.068839 	 0.007869 
0.353084 	0.078424 	0.051330 	0.065863 	 0.008224 
0.353140 	0.075883 	0.050795 	0.058991 	 0.008348 
0.356987 	0.069757 	0.046086 	0.057908 	 0.007939 
0.359114 	0.064598 	0.043170 	0.051942 	 0.007703 
0.350252 	0.068822 	0.045755 	0.055998 	 0.007995 
0.343337 	0.076990 	0.050955 	0.061793 	 0.008889 
0.364436 	0.063049 	0.041683 	0.053075 	 0.006908 
0.351878 	0.073765 	0.048584 	0.061433 	 0.007857 
0.345710 	0.079814 	0.052681 	0.064245 	 0.008315 
0.358728 	0.071179 	0.047370 	0.059253 	 0.008680 
0.342109 	0.079875 	0.052287 	0.066607 	 0.008751 
0.335183 	0.085720 	0.056116 	0.070724 	 0.009492 
0.335975 	0.078607 	0.051611 	0.064244 	 0.008582 
0.337801 	0.084472 	0.055966 	0.066521 	 0.009175 
0.335801 	0.080148 	0.052770 	0.064841 	 0.008955 
0.343131 	0.081456 	0.053719 	0.067417 	 0.009274 
0.331398 	0.081461 	0.053798 	0.065822 	 0.009113 
0.343827 	0.069345 	0.045798 	0.058179 	 0.007901 
0.334479 	0.091430 	0.060458 	0.071031 	 0.009390 
0.333506 	0.090363 	0.059738 	0.069626 	 0.008333 
0.335285 	0.089283 	0.058887 	0.070850 	 0.009310 
0.346159 	0.076178 	0.050710 	0.060709 	 0.008196 
0.327001 	0.089190 	0.058579 	0.071706 	 0.009174 
0.332385 	0.084219 	0.056115 	0.065748 	 0.009026 
0.325815 	0.089379 	0.058633 	0.072515 	 0.009430 
0.340497 	0.080925 	0.053814 	0.062611 	 0.008011 
0.322126 	0.097795 	0.064511 	0.077131 	 0.009924 
0.322322 	0.092279 	0.060980 	0.072162 	 0.009729 
0.333383 	0.085089 	0.056647 	0.065263 	 0.008919 
0.333719 	0.075370 	0.049813 	0.060044 	 0.008393 
0.319277 	0.092062 	0.061047 	0.068876 	 0.009280 
0.324412 	0.092312 	0.061328 	0.070017 	 0.009574 
0.333675 	0.085784 	0.056615 	0.069231 	 0.009179 
0.319825 	0.093930 	0.062217 	0.071981 	 0.009563 
0.318152 	0.093602 	0.061854 	0.071376 	 0.009694 
0.323216 	0.087581 	0.058135 	0.068351 	 0.009445 
0.325382 	0.086459 	0.057307 	0.067516 	 0.009133 
0.314970 	0.100453 	0.066592 	0.076226 	 0.009989 
0.330049 	0.085178 	0.056769 	0.065818 	 0.009457 
0.313133 	0.090979 	0.060127 	0.070914 	 0.010086 
0.325854 	0.087422 	0.058153 	0.066525 	 0.009058 
0.327087 	0.091872 	0.061186 	0.069672 	 0.009110 
0.317635 	0.093846 	0.062418 	0.072382 	 0.009592 
0.318553 	0.093441 	0.061904 	0.072096 	 0.009286 
0.319405 	0.090999 	0.060774 	0.067560 	 0.009335 
0.318067 	0.085935 	0.057301 	0.065638 	 0.009530 
0.326352 	0.082079 	0.054863 	0.063971 	 0.009035 
0.305757 	0.098119 	0.064960 	0.075671 	 0.010143 
0.310051 	0.102349 	0.068614 	0.074616 	 0.010555 
0.303316 	0.104116 	0.068843 	0.078510 	 0.010444 
0.314265 	0.097566 	0.064454 	0.075901 	 0.009971 
0.309527 	0.092688 	0.061169 	0.071995 	 0.009546 
0.319162 	0.089636 	0.059506 	0.067977 	 0.008918 
0.289085 	0.107931 	0.071538 	0.080603 	 0.011099 
0.306095 	0.097218 	0.065143 	0.070353 	 0.010277 
0.309932 	0.099542 	0.066297 	0.073758 	 0.009929 
0.295523 	0.111256 	0.073723 	0.083009 	 0.011459 
0.314513 	0.098621 	0.065771 	0.074639 	 0.009864 
0.309388 	0.100244 	0.066774 	0.074176 	 0.010595 
0.318131 	0.094321 	0.063145 	0.069648 	 0.009899 
0.312346 	0.092032 	0.061932 	0.067054 	 0.010279 
0.310505 	0.099420 	0.066248 	0.075172 	 0.010768 
0.302655 	0.099428 	0.066369 	0.074141 	 0.010664 
0.300796 	0.099034 	0.065727 	0.074517 	 0.010386 
0.288909 	0.113442 	0.075134 	0.085701 	 0.011763 
0.305807 	0.104677 	0.069456 	0.078734 	 0.010401 
0.305686 	0.105304 	0.070384 	0.076975 	 0.010474 
0.284485 	0.113580 	0.075297 	0.083759 	 0.011620 
0.292024 	0.115344 	0.076560 	0.087430 	 0.011884 
0.295180 	0.105066 	0.069853 	0.078980 	 0.010909 
0.292658 	0.103968 	0.069611 	0.075415 	 0.010570 
0.289253 	0.117963 	0.078499 	0.084807 	 0.011419 
0.298920 	0.101360 	0.067314 	0.077254 	 0.010190 
0.287111 	0.113316 	0.075539 	0.081714 	 0.011285 
0.283105 	0.113007 	0.075237 	0.083329 	 0.011646 
0.298621 	0.101248 	0.067674 	0.075515 	 0.010880 
0.286952 	0.116161 	0.077346 	0.085494 	 0.012254 
0.283683 	0.113053 	0.075177 	0.082671 	 0.011330 
0.285859 	0.110729 	0.073603 	0.083398 	 0.012084 
0.289585 	0.103595 	0.069287 	0.076908 	 0.011559 
0.292300 	0.105516 	0.070380 	0.075876 	 0.010364 
0.281648 	0.110629 	0.073804 	0.079743 	 0.011082 
0.294032 	0.106984 	0.071630 	0.077162 	 0.011071 
0.298329 	0.102738 	0.069027 	0.073527 	 0.010488 
0.270206 	0.120929 	0.080576 	0.087673 	 0.012624 
0.277833 	0.108060 	0.072100 	0.078647 	 0.011474 
0.263043 	0.127883 	0.085198 	0.091082 	 0.013301 
0.274313 	0.117923 	0.078969 	0.082261 	 0.012495 
0.269786 	0.120353 	0.080273 	0.085040 	 0.011704 
0.290344 	0.112590 	0.075647 	0.080114 	 0.011575 
0.289708 	0.106621 	0.071591 	0.074632 	 0.010628 
0.281947 	0.109596 	0.073555 	0.078834 	 0.011945 
0.281381 	0.108297 	0.072387 	0.078301 	 0.011785 
0.279646 	0.114773 	0.076773 	0.082064 	 0.012009 
0.276373 	0.124077 	0.083067 	0.089136 	 0.012748 
0.285244 	0.119481 	0.080163 	0.083050 	 0.011934 
0.272342 	0.114708 	0.076834 	0.081724 	 0.012313 
0.278982 	0.115842 	0.077263 	0.085807 	 0.011766 
0.277643 	0.111671 	0.074658 	0.080164 	 0.011356 
0.279117 	0.112122 	0.075268 	0.080263 	 0.011744 
0.280399 	0.116643 	0.078449 	0.080689 	 0.012202 
0.270831 	0.120763 	0.080608 	0.087789 	 0.012075 
0.281801 	0.116054 	0.078450 	0.078513 	 0.011685 
0.283407 	0.106770 	0.071971 	0.075382 	 0.011037 
0.276614 	0.112373 	0.075279 	0.080978 	 0.011716 
0.277080 	0.113456 	0.076086 	0.081650 	 0.012181 
0.283362 	0.102038 	0.068912 	0.070937 	 0.010929 
0.281576 	0.102032 	0.068270 	0.075613 	 0.011342 
0.264701 	0.120808 	0.081095 	0.085084 	 0.012477 
0.275804 	0.113570 	0.076503 	0.078654 	 0.012068 
0.284394 	0.106286 	0.071759 	0.072678 	 0.010660 
0.277091 	0.114326 	0.077226 	0.076963 	 0.011159 
0.280808 	0.110282 	0.074370 	0.075868 	 0.011403 
0.286762 	0.103925 	0.070135 	0.074264 	 0.011135 
0.278853 	0.112916 	0.076097 	0.078698 	 0.011565 
0.274610 	0.114454 	0.077106 	0.079473 	 0.011929 
0.274209 	0.105783 	0.071729 	0.072176 	 0.011870 
0.263981 	0.118037 	0.079385 	0.080810 	 0.012192 
0.265741 	0.123299 	0.082757 	0.084629 	 0.011937 
0.265709 	0.129721 	0.087074 	0.089133 	 0.012342 
0.278686 	0.112676 	0.075744 	0.078194 	 0.011208 
0.259486 	0.131777 	0.088288 	0.091810 	 0.013040 
0.271832 	0.107480 	0.072726 	0.072224 	 0.011187 
0.268147 	0.124149 	0.083544 	0.086451 	 0.012473 
0.272924 	0.119801 	0.080459 	0.083975 	 0.011652 
0.265745 	0.120784 	0.081170 	0.081859 	 0.011564 
0.266745 	0.117003 	0.079071 	0.078545 	 0.011756 
0.270907 	0.121067 	0.082044 	0.079923 	 0.011781 
0.268945 	0.119245 	0.080694 	0.080490 	 0.011874 
0.267920 	0.117740 	0.079800 	0.077502 	 0.011952 
0.254946 	0.132624 	0.089225 	0.090336 	 0.012859 
0.276095 	0.109082 	0.073537 	0.076626 	 0.010882 
0.250489 	0.135140 	0.090905 	0.090015 	 0.012676 
0.261688 	0.124654 	0.083936 	0.084993 	 0.011976 
0.257684 	0.128903 	0.087070 	0.086505 	 0.012088 
0.252716 	0.131656 	0.088787 	0.090793 	 0.013302 
0.263834 	0.125903 	0.084982 	0.085686 	 0.012081 
0.259000 	0.119892 	0.080848 	0.083274 	 0.012613 
0.255285 	0.120268 	0.081453 	0.080986 	 0.012517 
0.261097 	0.115109 	0.078334 	0.076812 	 0.011972 
0.248702 	0.128898 	0.086908 	0.086309 	 0.012699 
0.256295 	0.122310 	0.082747 	0.081678 	 0.011979 
0.252419 	0.126867 	0.085643 	0.088539 	 0.013195 
0.257156 	0.125329 	0.084885 	0.082336 	 0.011899 
0.249631 	0.128656 	0.087135 	0.086088 	 0.013021 
0.243833 	0.136214 	0.091473 	0.094622 	 0.013372 
0.248983 	0.132492 	0.090023 	0.083710 	 0.012500 
0.249960 	0.129884 	0.087770 	0.085148 	 0.012369 
0.244575 	0.130703 	0.088803 	0.085495 	 0.013595 
0.244510 	0.130589 	0.088234 	0.087236 	 0.012735 
0.226678 	0.143037 	0.096184 	0.095621 	 0.013741 
0.242294 	0.131444 	0.089104 	0.084314 	 0.012500 
0.236654 	0.139710 	0.094784 	0.091876 	 0.013928 
0.242218 	0.137630 	0.093692 	0.089688 	 0.013044 
0.240881 	0.132355 	0.089631 	0.088923 	 0.013219 
0.233572 	0.143034 	0.096566 	0.097010 	 0.014241 
0.242251 	0.129547 	0.087964 	0.084545 	 0.013175 
0.243665 	0.129098 	0.087766 	0.084219 	 0.013379 
0.231004 	0.138098 	0.093533 	0.090272 	 0.013482 
0.228309 	0.133955 	0.090491 	0.087176 	 0.013096 
0.242310 	0.128370 	0.087778 	0.081138 	 0.012772 
0.243713 	0.135269 	0.091897 	0.086376 	 0.012705 
0.237049 	0.132199 	0.090341 	0.083913 	 0.013244 
0.228818 	0.133470 	0.090433 	0.087579 	 0.013326 
0.232823 	0.139335 	0.094156 	0.091061 	 0.012957 
0.237597 	0.135069 	0.091976 	0.085701 	 0.012988 
0.220020 	0.146161 	0.098968 	0.095855 	 0.014378 
0.235285 	0.126604 	0.086512 	0.080940 	 0.012908 
0.213576 	0.147094 	0.099881 	0.093063 	 0.014397 
0.216153 	0.144767 	0.097963 	0.093421 	 0.013658 
0.216150 	0.148356 	0.100571 	0.095080 	 0.014034 
0.223842 	0.142371 	0.096822 	0.090414 	 0.013559 
0.219778 	0.143277 	0.097268 	0.091433 	 0.013318 
0.216226 	0.151320 	0.102588 	0.098053 	 0.014287 
0.216287 	0.151696 	0.102795 	0.099965 	 0.014883 
0.214303 	0.155974 	0.105542 	0.102042 	 0.014581 
0.207627 	0.153293 	0.103707 	0.099297 	 0.014900 
0.210308 	0.145518 	0.099094 	0.092471 	 0.014771 
0.214395 	0.144382 	0.097471 	0.096181 	 0.013883 
0.206722 	0.151350 	0.102719 	0.097163 	 0.014741 
0.208985 	0.148636 	0.101094 	0.095129 	 0.014710 
0.213282 	0.147935 	0.100647 	0.093742 	 0.014578 
0.211180 	0.148570 	0.101139 	0.093047 	 0.014029 
0.214193 	0.146480 	0.100052 	0.091574 	 0.014284 
0.189283 	0.159367 	0.108352 	0.099140 	 0.015584 
0.195039 	0.152327 	0.103617 	0.095521 	 0.015000 
0.199438 	0.160680 	0.108927 	0.104298 	 0.015883 
0.214151 	0.139922 	0.095691 	0.086876 	 0.013639 
0.213361 	0.149202 	0.101825 	0.091907 	 0.013650 
0.187674 	0.166578 	0.112331 	0.108183 	 0.015223 
0.191250 	0.160318 	0.109266 	0.099641 	 0.015715 
0.194872 	0.160759 	0.109241 	0.100453 	 0.014203 
0.191290 	0.161940 	0.109720 	0.102449 	 0.015181 
0.214273 	0.148342 	0.101544 	0.093565 	 0.014688 
0.197157 	0.155711 	0.106283 	0.095597 	 0.014736 
0.201688 	0.147165 	0.100730 	0.090221 	 0.014011 
0.199379 	0.156946 	0.107172 	0.096748 	 0.015037 
0.191296 	0.160117 	0.108682 	0.099780 	 0.014485 
0.187877 	0.167441 	0.114255 	0.102951 	 0.015260 
0.190578 	0.150692 	0.102952 	0.093478 	 0.014907 
0.193323 	0.162859 	0.111308 	0.098422 	 0.015001 
0.205351 	0.153269 	0.105183 	0.091723 	 0.014106 
0.182640 	0.176764 	0.119722 	0.111193 	 0.016180 
0.181416 	0.166599 	0.113710 	0.100826 	 0.015912 
0.179912 	0.167221 	0.113447 	0.106414 	 0.015970 
0.181997 	0.167805 	0.114753 	0.102220 	 0.016179 
0.183841 	0.165039 	0.112439 	0.103478 	 0.015628 
0.182674 	0.161389 	0.110016 	0.100287 	 0.015533 
0.182459 	0.168828 	0.114817 	0.104196 	 0.015721 
0.184994 	0.162480 	0.110447 	0.101165 	 0.014884 
0.178256 	0.166082 	0.113370 	0.102603 	 0.016537 
0.179762 	0.165834 	0.113166 	0.099169 	 0.014947 
0.182620 	0.162600 	0.110853 	0.097424 	 0.014981 
0.187109 	0.168088 	0.114599 	0.102972 	 0.015392 
0.188231 	0.155200 	0.106298 	0.093057 	 0.015176 
0.191214 	0.153161 	0.104954 	0.092466 	 0.014388 
0.169802 	0.168129 	0.114792 	0.103130 	 0.015832 
0.186803 	0.155214 	0.106723 	0.093146 	 0.015284 
0.171069 	0.174095 	0.118250 	0.108956 	 0.016159 
0.177732 	0.174591 	0.119119 	0.107666 	 0.016429 
0.184308 	0.159638 	0.109320 	0.096152 	 0.015127 
0.191339 	0.166568 	0.114117 	0.099370 	 0.014932 
0.176142 	0.171652 	0.117394 	0.104390 	 0.016106 
0.180147 	0.165710 	0.112983 	0.101146 	 0.014809 
0.182801 	0.169190 	0.115653 	0.102774 	 0.015566 
0.173610 	0.171641 	0.117910 	0.101980 	 0.016060 
0.170971 	0.182492 	0.124172 	0.112313 	 0.016349 
0.183094 	0.157609 	0.108269 	0.093803 	 0.015025 
0.190079 	0.158379 	0.108926 	0.092872 	 0.014143 
0.169964 	0.174183 	0.119137 	0.104818 	 0.016511 
0.180935 	0.163327 	0.112037 	0.099118 	 0.015196 
0.179081 	0.172035 	0.117970 	0.103213 	 0.016135 
0.172940 	0.167605 	0.114687 	0.100008 	 0.015914 
0.181837 	0.150844 	0.103610 	0.091235 	 0.014592 
0.155740 	0.185456 	0.126258 	0.114374 	 0.017827 
0.184358 	0.163740 	0.112644 	0.098419 	 0.015188 
0.171178 	0.167193 	0.114877 	0.098354 	 0.016144 
0.158876 	0.187376 	0.127688 	0.115600 	 0.016980 
0.177073 	0.163451 	0.112587 	0.094364 	 0.015134 
0.166578 	0.179939 	0.122961 	0.110061 	 0.016471 
0.181603 	0.169162 	0.115806 	0.102318 	 0.015609 
0.171673 	0.176631 	0.121275 	0.104456 	 0.016033 
0.186405 	0.159094 	0.109863 	0.092100 	 0.014675 
0.177241 	0.167357 	0.115269 	0.100023 	 0.016156 
0.171051 	0.178110 	0.122332 	0.104761 	 0.016175 
0.187707 	0.165445 	0.113937 	0.098202 	 0.015036 
0.170303 	0.178526 	0.122339 	0.105506 	 0.015710 
0.196752 	0.150883 	0.104827 	0.087444 	 0.014278 
0.183116 	0.167747 	0.115783 	0.098234 	 0.015360 
0.182119 	0.167752 	0.115998 	0.097262 	 0.015459 
0.166909 	0.180166 	0.123620 	0.107946 	 0.016330 
0.184424 	0.165933 	0.114645 	0.096305 	 0.014985 
0.168689 	0.165477 	0.114013 	0.097147 	 0.015355 
0.180471 	0.163695 	0.112757 	0.097575 	 0.015513 
0.169337 	0.175972 	0.121015 	0.103575 	 0.015739 
0.181983 	0.160859 	0.111343 	0.092887 	 0.014583 
0.163817 	0.186763 	0.128292 	0.107654 	 0.016163 
0.173110 	0.170948 	0.118231 	0.098080 	 0.015929 
0.166095 	0.175925 	0.121131 	0.103921 	 0.016522 
0.168405 	0.167906 	0.115645 	0.097782 	 0.015154 
0.164101 	0.173030 	0.118679 	0.101561 	 0.015402 
0.173775 	0.174181 	0.120472 	0.099195 	 0.015779 
0.176174 	0.167325 	0.115282 	0.100378 	 0.015151 
0.183024 	0.159033 	0.110237 	0.092195 	 0.014962 
0.171068 	0.161071 	0.111686 	0.092227 	 0.014952 
0.174499 	0.161057 	0.111300 	0.092682 	 0.014574 
0.174301 	0.174764 	0.120969 	0.098611 	 0.015422 
0.177970 	0.170441 	0.118386 	0.095867 	 0.015551 
0.172676 	0.161630 	0.112277 	0.091433 	 0.015357 
0.162918 	0.182137 	0.125626 	0.104080 	 0.015500 
0.164224 	0.176671 	0.122016 	0.102477 	 0.016457 
0.171049 	0.173928 	0.120421 	0.099815 	 0.015810 
0.178125 	0.167797 	0.116607 	0.095609 	 0.015502 
0.175554 	0.169323 	0.117544 	0.095982 	 0.015487 
0.157997 	0.178288 	0.123258 	0.102977 	 0.016548 
0.163464 	0.180985 	0.124959 	0.104473 	 0.016228 
0.169351 	0.172720 	0.120195 	0.096047 	 0.015831 
0.191544 	0.162214 	0.113034 	0.090882 	 0.014638 
0.170659 	0.167542 	0.116276 	0.095648 	 0.015170 
0.170555 	0.176635 	0.122614 	0.099954 	 0.016145 
0.168505 	0.173222 	0.120408 	0.096892 	 0.015846 
0.167348 	0.172439 	0.119716 	0.097816 	 0.015828 
0.174457 	0.176496 	0.122405 	0.101122 	 0.015638 
0.172580 	0.166358 	0.115980 	0.091767 	 0.015067 
0.161879 	0.177575 	0.123300 	0.101275 	 0.015976 
0.178954 	0.167976 	0.117099 	0.093889 	 0.014813 
0.174320 	0.170379 	0.118579 	0.095390 	 0.015066 
0.169741 	0.168218 	0.116937 	0.095693 	 0.015610 
0.168633 	0.165686 	0.115344 	0.094417 	 0.015489 
0.164029 	0.163892 	0.114239 	0.090397 	 0.015259 
0.162894 	0.169249 	0.117694 	0.093713 	 0.015205 
0.155802 	0.180862 	0.125791 	0.099552 	 0.015959 
0.175586 	0.162490 	0.113827 	0.088589 	 0.015413 
0.155140 	0.182884 	0.126603 	0.104620 	 0.016416 
0.161160 	0.178583 	0.124388 	0.099642 	 0.016228 
0.153191 	0.176494 	0.122904 	0.097903 	 0.016088 
0.152968 	0.177964 	0.123500 	0.102439 	 0.016643 
0.153298 	0.182788 	0.126950 	0.103232 	 0.016535 
0.153713 	0.182231 	0.126490 	0.105231 	 0.016602 
0.150897 	0.180509 	0.125744 	0.100892 	 0.016796 
0.141016 	0.178398 	0.124314 	0.099000 	 0.016939 
0.147793 	0.190816 	0.132216 	0.108345 	 0.017329 
0.145800 	0.182363 	0.127267 	0.098157 	 0.016412 
0.152230 	0.183776 	0.127701 	0.103649 	 0.016380 
0.147992 	0.184171 	0.127951 	0.105541 	 0.016448 
0.154253 	0.183655 	0.127945 	0.101456 	 0.016519 
0.146010 	0.186187 	0.129485 	0.104812 	 0.016760 
0.142314 	0.192401 	0.133315 	0.107418 	 0.016693 
0.141292 	0.190236 	0.132166 	0.107378 	 0.017124 
0.151578 	0.187525 	0.130719 	0.103592 	 0.016852 
0.175519 	0.172699 	0.121259 	0.091904 	 0.015165 
0.146027 	0.190027 	0.132004 	0.106457 	 0.016734 
0.148867 	0.186884 	0.130203 	0.103878 	 0.016966 
0.148152 	0.184302 	0.128383 	0.102125 	 0.016397 
0.143861 	0.188918 	0.131903 	0.104358 	 0.017346 
0.158172 	0.172170 	0.120840 	0.092028 	 0.015638 
0.142592 	0.186301 	0.130111 	0.101424 	 0.017235 
0.139518 	0.188895 	0.131842 	0.102646 	 0.017147 
0.138787 	0.191883 	0.133961 	0.103651 	 0.017128 
0.145048 	0.185139 	0.129096 	0.102256 	 0.016598 
0.154408 	0.178250 	0.125101 	0.097214 	 0.016261 
0.139140 	0.194499 	0.135343 	0.108883 	 0.017525 
0.144450 	0.180465 	0.126575 	0.098310 	 0.016979 
0.135514 	0.199186 	0.138991 	0.108353 	 0.017808 
0.144290 	0.183723 	0.128359 	0.100487 	 0.016662 
0.141900 	0.181963 	0.126727 	0.102622 	 0.016548 
0.129883 	0.188270 	0.131444 	0.101960 	 0.017249 
0.141046 	0.180318 	0.126730 	0.097119 	 0.017294 
0.140633 	0.183897 	0.128663 	0.098655 	 0.016886 
0.145294 	0.179941 	0.125735 	0.097302 	 0.015600 
0.145089 	0.178191 	0.125371 	0.094175 	 0.016431 
0.133726 	0.184769 	0.129630 	0.098191 	 0.016820 
0.139416 	0.175331 	0.123260 	0.094762 	 0.016810 
0.121883 	0.201388 	0.140357 	0.109967 	 0.018117 
0.142867 	0.183403 	0.128677 	0.098707 	 0.016532 
0.136419 	0.188902 	0.132354 	0.100651 	 0.017473 
0.135263 	0.194857 	0.136115 	0.106655 	 0.016824 
0.130774 	0.189947 	0.133144 	0.102053 	 0.017248 
0.128479 	0.198631 	0.138528 	0.107386 	 0.017542 
0.135967 	0.186229 	0.130779 	0.098388 	 0.016561 
0.142457 	0.179613 	0.126837 	0.091942 	 0.016440 
0.122440 	0.191662 	0.134176 	0.102466 	 0.017326 
0.134258 	0.187550 	0.132112 	0.098066 	 0.016822 
0.120658 	0.193235 	0.135350 	0.105073 	 0.017960 
0.139606 	0.177917 	0.125832 	0.090631 	 0.016443 
0.139296 	0.172588 	0.122370 	0.088175 	 0.015858 
0.132130 	0.192626 	0.135202 	0.103272 	 0.017566 
0.129361 	0.190783 	0.134487 	0.098713 	 0.017569 
0.130053 	0.189840 	0.133675 	0.101296 	 0.017395 
0.130390 	0.187155 	0.131890 	0.098084 	 0.016842 
0.126231 	0.192490 	0.135457 	0.101874 	 0.017446 
0.118203 	0.188149 	0.132318 	0.100862 	 0.017619 
0.123495 	0.196018 	0.137514 	0.104207 	 0.017777 
0.135698 	0.181910 	0.128616 	0.094278 	 0.016584 
0.125251 	0.200638 	0.140819 	0.105314 	 0.017626 
0.130778 	0.186632 	0.132076 	0.095548 	 0.017392 
0.133341 	0.189209 	0.133152 	0.100399 	 0.016777 
0.115817 	0.198727 	0.140083 	0.099089 	 0.017817 
0.120981 	0.193372 	0.136042 	0.102347 	 0.017812 
0.120666 	0.197737 	0.139344 	0.102660 	 0.017952 
0.128406 	0.176967 	0.125827 	0.087973 	 0.016570 
0.119757 	0.193057 	0.136361 	0.099820 	 0.017844 
0.119756 	0.193483 	0.136350 	0.101835 	 0.017453 
0.116840 	0.189655 	0.134194 	0.095447 	 0.017833 
0.112893 	0.200651 	0.140954 	0.106636 	 0.018480 
0.120016 	0.189016 	0.133964 	0.097172 	 0.017286 
0.129617 	0.183122 	0.130016 	0.093801 	 0.017401 
0.109295 	0.197928 	0.139455 	0.101299 	 0.017656 
0.110013 	0.194316 	0.137014 	0.101032 	 0.018082 
0.118743 	0.189563 	0.133948 	0.097690 	 0.017346 
0.111469 	0.204878 	0.144308 	0.106324 	 0.018357 
0.116522 	0.192693 	0.136054 	0.098653 	 0.017118 
0.109907 	0.196165 	0.138074 	0.102455 	 0.017879 
0.121121 	0.194710 	0.137496 	0.099645 	 0.017250 
0.119551 	0.189898 	0.134177 	0.096234 	 0.016960 
0.116081 	0.188938 	0.133842 	0.094284 	 0.017063 
0.120852 	0.190734 	0.134880 	0.098887 	 0.017411 
0.117562 	0.196708 	0.138381 	0.105501 	 0.017576 
0.121115 	0.183867 	0.130995 	0.091634 	 0.017087 
0.116879 	0.197220 	0.139150 	0.100577 	 0.017426 
0.126734 	0.180947 	0.128486 	0.094011 	 0.017451 
0.122826 	0.200041 	0.141522 	0.102772 	 0.017257 
0.104790 	0.210144 	0.147629 	0.110338 	 0.018045 
0.098094 	0.206351 	0.145092 	0.108345 	 0.018634 
0.106801 	0.194299 	0.137859 	0.099365 	 0.018262 
0.128451 	0.184159 	0.131575 	0.088216 	 0.016283 
0.099943 	0.204110 	0.144052 	0.106559 	 0.018396 
0.109593 	0.196779 	0.139718 	0.100068 	 0.018489 
0.103575 	0.200437 	0.141700 	0.102895 	 0.018186 
0.099008 	0.208735 	0.147208 	0.110049 	 0.018957 
0.118580 	0.194889 	0.138491 	0.097110 	 0.017715 
0.098347 	0.196856 	0.139528 	0.101274 	 0.018568 
0.103357 	0.199895 	0.141736 	0.101246 	 0.018143 
0.100724 	0.202334 	0.143116 	0.103333 	 0.018133 
0.107752 	0.196570 	0.139738 	0.098506 	 0.018037 
0.103957 	0.195860 	0.139439 	0.098133 	 0.017920 
0.099134 	0.199049 	0.141189 	0.100638 	 0.017804 
0.104243 	0.209114 	0.147769 	0.107483 	 0.018925 
0.106420 	0.210806 	0.148803 	0.111397 	 0.018918 
0.099950 	0.211304 	0.149667 	0.106264 	 0.018791 
0.107223 	0.200679 	0.142580 	0.101344 	 0.017821 
0.093831 	0.210594 	0.149108 	0.107351 	 0.018857 
0.114695 	0.193463 	0.138264 	0.094728 	 0.017523 
0.080501 	0.211693 	0.149490 	0.112062 	 0.020384 
0.092261 	0.211946 	0.149886 	0.108185 	 0.019112 
0.094220 	0.202142 	0.143642 	0.101337 	 0.018417 
0.114742 	0.186992 	0.133888 	0.092114 	 0.017047 
0.103678 	0.198065 	0.141141 	0.098233 	 0.017883 
0.091567 	0.199796 	0.141905 	0.100781 	 0.018884 
0.097349 	0.195447 	0.138894 	0.100570 	 0.018634 
0.096711 	0.204756 	0.144993 	0.106766 	 0.018754 
0.101648 	0.197092 	0.140435 	0.098816 	 0.018096 
0.093807 	0.209401 	0.148606 	0.104098 	 0.018871 
0.091636 	0.207721 	0.147765 	0.104195 	 0.019094 
0.089710 	0.205422 	0.145960 	0.104765 	 0.019577 
0.104006 	0.195768 	0.140154 	0.098574 	 0.018837 
0.101630 	0.192521 	0.137936 	0.093633 	 0.018491 
0.098832 	0.191005 	0.136694 	0.093949 	 0.017824 
0.084600 	0.215502 	0.152720 	0.108886 	 0.019009 
0.092040 	0.203453 	0.144962 	0.102882 	 0.019017 
0.084320 	0.202402 	0.144538 	0.100513 	 0.019391 
0.100156 	0.193154 	0.138484 	0.094388 	 0.018152 
0.097422 	0.198139 	0.141937 	0.095175 	 0.018236 
0.091045 	0.202798 	0.144629 	0.101382 	 0.018649 
0.100935 	0.198287 	0.142187 	0.096350 	 0.018135 
0.090978 	0.200185 	0.143646 	0.097380 	 0.019007 
0.082344 	0.219074 	0.155153 	0.112988 	 0.019501 
0.093377 	0.200935 	0.143347 	0.102539 	 0.019202 
0.088722 	0.196896 	0.140641 	0.097538 	 0.018372 
0.094686 	0.198795 	0.142393 	0.096632 	 0.018281 
0.099321 	0.206283 	0.147000 	0.105962 	 0.019319 
0.096200 	0.205096 	0.146424 	0.100584 	 0.018485 
0.092786 	0.205725 	0.146854 	0.103243 	 0.019221 
0.100140 	0.204419 	0.146735 	0.099400 	 0.019173 
0.072341 	0.222660 	0.157775 	0.113598 	 0.019960 
0.089695 	0.198743 	0.142768 	0.094284 	 0.018298 
0.098591 	0.200138 	0.143931 	0.095874 	 0.018547 
0.091684 	0.201452 	0.144660 	0.096994 	 0.018715 
0.100205 	0.194332 	0.139972 	0.093808 	 0.018348 
0.082798 	0.202825 	0.145934 	0.097810 	 0.019662 
0.089461 	0.208752 	0.149315 	0.104061 	 0.019911 
0.098209 	0.191658 	0.138295 	0.090588 	 0.018200 
0.075009 	0.217569 	0.155156 	0.109962 	 0.019890 
0.093837 	0.200094 	0.144267 	0.096386 	 0.018997 
0.090431 	0.202322 	0.145375 	0.096614 	 0.018390 
0.092660 	0.186586 	0.134993 	0.087723 	 0.018401 
0.094985 	0.197311 	0.141993 	0.094865 	 0.018343 
0.077540 	0.208077 	0.149024 	0.102845 	 0.019283 
0.104287 	0.190388 	0.138043 	0.087960 	 0.017356 
0.089438 	0.195797 	0.141223 	0.091813 	 0.017718 
0.091118 	0.197297 	0.142613 	0.091784 	 0.018398 
0.087878 	0.195210 	0.140779 	0.091660 	 0.018081 
0.086771 	0.198030 	0.142847 	0.091966 	 0.018224 
0.079187 	0.204502 	0.147302 	0.096020 	 0.018687 
0.087018 	0.198024 	0.143018 	0.092319 	 0.018248 
0.077448 	0.217398 	0.155879 	0.105514 	 0.019437 
0.072953 	0.219931 	0.157170 	0.107326 	 0.019377 
0.091303 	0.198868 	0.143445 	0.094958 	 0.018446 
0.072968 	0.214954 	0.154215 	0.104999 	 0.019950 
0.093750 	0.198657 	0.143617 	0.093323 	 0.018162 
0.088061 	0.193477 	0.140241 	0.088859 	 0.018225 
0.082088 	0.208552 	0.150294 	0.100007 	 0.019562 
0.070537 	0.219678 	0.157242 	0.108442 	 0.020085 
0.076948 	0.214025 	0.153952 	0.102199 	 0.019503 
0.066463 	0.211161 	0.151303 	0.104319 	 0.019820 
0.084853 	0.197816 	0.142626 	0.095148 	 0.018628 
0.066444 	0.210714 	0.152070 	0.099444 	 0.020457 
0.075634 	0.214173 	0.154488 	0.101366 	 0.020274 
0.078037 	0.209122 	0.150434 	0.102371 	 0.019601 
0.069237 	0.218285 	0.156865 	0.106444 	 0.020628 
0.072133 	0.209741 	0.151279 	0.099695 	 0.019789 
0.081667 	0.207677 	0.149605 	0.099922 	 0.019945 
0.081709 	0.202928 	0.147177 	0.094027 	 0.019208 
0.079792 	0.206831 	0.149394 	0.098311 	 0.019376 
0.075549 	0.206550 	0.149213 	0.098112 	 0.019602 
0.073234 	0.207463 	0.149655 	0.099570 	 0.019606 
0.089126 	0.197241 	0.143223 	0.092146 	 0.018906 
0.073803 	0.207471 	0.150179 	0.098325 	 0.019789 
0.064490 	0.219152 	0.158158 	0.103304 	 0.020829 
0.058690 	0.228296 	0.163707 	0.112050 	 0.020803 
0.073142 	0.212039 	0.153383 	0.100555 	 0.019773 
0.066157 	0.224406 	0.161427 	0.107108 	 0.020780 
0.067556 	0.216607 	0.156316 	0.102096 	 0.020288 
0.079345 	0.198945 	0.144780 	0.092265 	 0.019300 
0.070987 	0.210948 	0.152390 	0.100516 	 0.020209 
0.063904 	0.215219 	0.155457 	0.100949 	 0.019545 
0.079352 	0.203218 	0.147645 	0.093159 	 0.019221 
0.051773 	0.220948 	0.158732 	0.108839 	 0.021011 
0.055937 	0.217764 	0.157151 	0.102140 	 0.020728 
0.071095 	0.209812 	0.152478 	0.097127 	 0.020622 
0.076123 	0.215251 	0.156005 	0.100166 	 0.019942 
0.078060 	0.208275 	0.151462 	0.095777 	 0.019709 
0.065266 	0.210772 	0.152790 	0.097144 	 0.019636 
0.063848 	0.219302 	0.158626 	0.104618 	 0.020782 
0.070631 	0.209761 	0.152049 	0.099725 	 0.020249 
0.081599 	0.199051 	0.145634 	0.087651 	 0.018784 
0.072329 	0.204541 	0.148677 	0.094425 	 0.019183 
0.067335 	0.212981 	0.154765 	0.097780 	 0.020159 
0.068598 	0.213542 	0.154795 	0.100032 	 0.020016 
0.059371 	0.223105 	0.160976 	0.105882 	 0.020819 
0.053893 	0.227889 	0.164207 	0.110804 	 0.021490 
0.076274 	0.210371 	0.153216 	0.095313 	 0.019766 
0.070799 	0.210090 	0.153104 	0.095268 	 0.020286 
0.064421 	0.221714 	0.160286 	0.105865 	 0.020665 
0.052663 	0.221958 	0.160515 	0.106203 	 0.021244 
0.067359 	0.213213 	0.155005 	0.099826 	 0.020063 
0.071646 	0.208305 	0.151810 	0.096560 	 0.019827 
0.072761 	0.212479 	0.154720 	0.095351 	 0.019669 
0.067634 	0.213783 	0.155885 	0.096859 	 0.020507 
0.074442 	0.221989 	0.161183 	0.102573 	 0.020059 
0.054664 	0.233166 	0.168039 	0.113240 	 0.021488 
0.076721 	0.207999 	0.151986 	0.095701 	 0.019935 
0.064379 	0.216417 	0.157433 	0.101515 	 0.020599 
0.070809 	0.197960 	0.145333 	0.088766 	 0.019751 
0.049565 	0.225547 	0.163182 	0.107972 	 0.021668 
0.058727 	0.214984 	0.156386 	0.096137 	 0.019812 
0.068021 	0.207692 	0.151904 	0.094400 	 0.020498 
0.082521 	0.199561 	0.146811 	0.086471 	 0.018901 
0.077407 	0.199103 	0.146521 	0.087567 	 0.019151 
0.085199 	0.203519 	0.149592 	0.090842 	 0.019953 
0.063767 	0.224423 	0.163442 	0.104087 	 0.021716 
0.078675 	0.212736 	0.155592 	0.096070 	 0.019864 
0.061884 	0.226246 	0.163979 	0.107780 	 0.020941 
0.059025 	0.217710 	0.158827 	0.098575 	 0.021375 
0.063445 	0.219868 	0.160046 	0.100581 	 0.020308 
0.070728 	0.215598 	0.157322 	0.099530 	 0.020898 
0.067380 	0.218135 	0.159335 	0.101188 	 0.020904 
0.076428 	0.217411 	0.158736 	0.099175 	 0.020424 
0.062790 	0.220658 	0.160975 	0.102322 	 0.021467 
0.062890 	0.228153 	0.165813 	0.106753 	 0.021120 
0.081227 	0.211525 	0.155133 	0.095596 	 0.019686 
0.067753 	0.219128 	0.160030 	0.103312 	 0.021275 
0.076438 	0.212729 	0.156128 	0.095209 	 0.020250 
0.067336 	0.222677 	0.162416 	0.105245 	 0.020742 
0.063224 	0.217288 	0.159035 	0.099427 	 0.021118 
0.065871 	0.217441 	0.159113 	0.100567 	 0.020485 
0.076456 	0.211597 	0.155422 	0.095559 	 0.020208 
0.056392 	0.230080 	0.167243 	0.110277 	 0.022361 
0.079554 	0.211034 	0.154766 	0.098654 	 0.020754 
0.067306 	0.214833 	0.157913 	0.097809 	 0.021429 
0.076415 	0.209093 	0.154127 	0.092784 	 0.020890 
0.066166 	0.228067 	0.166400 	0.107851 	 0.021475 
0.411929 	0.000604 	0.001834 	-0.005723 	 0.002124 
0.409735 	0.008782 	0.006503 	0.006139 	 0.002798 
0.410984 	0.029218 	0.019195 	0.032098 	 0.004892 
0.405722 	0.032795 	0.021164 	0.035928 	 0.004282 
0.428268 	0.019655 	0.013757 	0.020963 	 0.002923 
0.396719 	0.048365 	0.031659 	0.044033 	 0.005096 
0.408383 	0.036218 	0.024059 	0.033925 	 0.004420 
0.420999 	0.020472 	0.013611 	0.025299 	 0.003172 
0.386660 	0.059719 	0.039337 	0.051743 	 0.006659 
0.390789 	0.047334 	0.031213 	0.041712 	 0.005338 
0.388971 	0.043756 	0.028659 	0.042826 	 0.005276 
0.396070 	0.036670 	0.024146 	0.034773 	 0.003963 
0.370356 	0.064130 	0.041961 	0.054606 	 0.006873 
0.381769 	0.039425 	0.025870 	0.038285 	 0.005787 
0.386974 	0.051600 	0.033984 	0.043438 	 0.004936 
0.384945 	0.051396 	0.033542 	0.046746 	 0.004943 
0.361450 	0.071516 	0.046968 	0.058980 	 0.007531 
0.384826 	0.045751 	0.029847 	0.042645 	 0.005503 
0.380895 	0.042506 	0.028119 	0.038900 	 0.005576 
0.381899 	0.047452 	0.031299 	0.044256 	 0.006000 
0.377999 	0.047346 	0.030849 	0.043776 	 0.005200 
0.373962 	0.045031 	0.029965 	0.038478 	 0.005298 
0.375892 	0.042477 	0.027815 	0.038125 	 0.004979 
0.371564 	0.050337 	0.033397 	0.044466 	 0.005967 
0.384958 	0.034660 	0.022842 	0.032890 	 0.004023 
0.364977 	0.048864 	0.032596 	0.043535 	 0.007087 
0.362508 	0.057651 	0.037575 	0.050712 	 0.006264 
0.378009 	0.052149 	0.034265 	0.045874 	 0.005619 
0.362471 	0.064733 	0.042380 	0.056257 	 0.007678 
0.364606 	0.054289 	0.035505 	0.050252 	 0.006842 
0.365988 	0.052300 	0.034754 	0.046314 	 0.006651 
0.360723 	0.061022 	0.040298 	0.054043 	 0.007321 
0.367590 	0.044976 	0.029726 	0.039998 	 0.005792 
0.358894 	0.054860 	0.035970 	0.048737 	 0.006213 
0.349243 	0.062056 	0.040504 	0.054175 	 0.007027 
0.344875 	0.072010 	0.047056 	0.062462 	 0.008491 
0.347209 	0.058586 	0.038562 	0.050697 	 0.006975 
0.344461 	0.069544 	0.045967 	0.058484 	 0.008208 
0.347998 	0.067036 	0.043952 	0.057115 	 0.006971 
0.346037 	0.065364 	0.043523 	0.052618 	 0.007202 
0.336299 	0.067382 	0.044458 	0.054031 	 0.007570 
0.340923 	0.071631 	0.047568 	0.059584 	 0.007732 
0.339565 	0.062816 	0.041266 	0.054365 	 0.007137 
0.330164 	0.065869 	0.043798 	0.053226 	 0.008004 
0.349441 	0.059133 	0.039386 	0.048657 	 0.006522 
0.336159 	0.068474 	0.045500 	0.055902 	 0.007690 
0.336741 	0.067640 	0.045027 	0.055150 	 0.008195 
0.335162 	0.074401 	0.049163 	0.058753 	 0.007030 
0.332697 	0.070873 	0.047006 	0.058348 	 0.008418 
0.324155 	0.076714 	0.050387 	0.063214 	 0.008473 
0.334463 	0.071837 	0.048234 	0.057413 	 0.008677 
0.318329 	0.082038 	0.054382 	0.063407 	 0.009121 
0.311842 	0.089998 	0.059197 	0.072211 	 0.009198 
0.316247 	0.078517 	0.051936 	0.060605 	 0.008694 
0.310990 	0.091576 	0.060838 	0.069684 	 0.009683 
0.322411 	0.067373 	0.044575 	0.055507 	 0.007840 
0.328270 	0.076648 	0.050937 	0.060238 	 0.007957 
0.328338 	0.074036 	0.048575 	0.062004 	 0.007900 
0.321797 	0.079168 	0.052663 	0.061110 	 0.008092 
0.306573 	0.086855 	0.057618 	0.066727 	 0.009308 
0.318854 	0.080675 	0.053573 	0.063273 	 0.009039 
0.306000 	0.084214 	0.055494 	0.064979 	 0.008594 
0.314017 	0.077867 	0.051530 	0.061876 	 0.008793 
0.301451 	0.083879 	0.055030 	0.066558 	 0.008396 
0.316567 	0.076354 	0.050884 	0.058252 	 0.008186 
0.304707 	0.084104 	0.055498 	0.065279 	 0.008517 
0.306606 	0.083868 	0.055605 	0.064341 	 0.008875 
0.302605 	0.100794 	0.067000 	0.075175 	 0.009801 
0.297807 	0.098250 	0.065041 	0.075637 	 0.010366 
0.303209 	0.082600 	0.055120 	0.064549 	 0.009527 
0.297111 	0.091193 	0.060596 	0.068796 	 0.009299 
0.297049 	0.093991 	0.062733 	0.069514 	 0.009986 
0.300039 	0.083732 	0.056047 	0.064085 	 0.009499 
0.307731 	0.078816 	0.052260 	0.061544 	 0.008444 
0.303111 	0.084060 	0.056273 	0.063086 	 0.009434 
0.297443 	0.089013 	0.059371 	0.067150 	 0.009766 
0.297782 	0.092324 	0.061151 	0.071446 	 0.009151 
0.278857 	0.102539 	0.067979 	0.076086 	 0.011089 
0.295980 	0.094641 	0.063061 	0.068883 	 0.009397 
0.283730 	0.107445 	0.070922 	0.080243 	 0.010104 
0.282316 	0.098216 	0.065185 	0.073401 	 0.010053 
0.289393 	0.091130 	0.060849 	0.066279 	 0.009410 
0.290812 	0.089681 	0.059921 	0.066543 	 0.009463 
0.296103 	0.087147 	0.058334 	0.064488 	 0.009616 
0.297298 	0.088255 	0.059322 	0.064949 	 0.009432 
0.287422 	0.095114 	0.063197 	0.071403 	 0.009259 
0.292758 	0.086884 	0.058411 	0.063641 	 0.009716 
0.290378 	0.097086 	0.065189 	0.068342 	 0.009926 
0.286202 	0.103358 	0.069273 	0.075104 	 0.010612 
0.280963 	0.103039 	0.068465 	0.075332 	 0.010266 
0.280451 	0.096925 	0.064691 	0.071782 	 0.010324 
0.282329 	0.106634 	0.071236 	0.076858 	 0.010274 
0.283478 	0.098649 	0.065939 	0.071226 	 0.010071 
0.286854 	0.094271 	0.062927 	0.067849 	 0.008904 
0.273633 	0.104134 	0.069559 	0.073680 	 0.010461 
0.286410 	0.085583 	0.057476 	0.061928 	 0.009186 
0.277327 	0.102847 	0.069073 	0.074323 	 0.010689 
0.275230 	0.100264 	0.066775 	0.073316 	 0.009848 
0.269043 	0.111566 	0.074345 	0.079375 	 0.010508 
0.281036 	0.095955 	0.064529 	0.068805 	 0.009952 
0.275539 	0.102080 	0.068513 	0.071946 	 0.010130 
0.274069 	0.103287 	0.068834 	0.075198 	 0.009937 
0.271399 	0.106756 	0.071086 	0.077593 	 0.010557 
0.277385 	0.095673 	0.063770 	0.071169 	 0.009701 
0.278840 	0.098658 	0.066494 	0.069233 	 0.010365 
0.271720 	0.102541 	0.069072 	0.070387 	 0.010395 
0.278602 	0.102161 	0.068650 	0.072474 	 0.009899 
0.261885 	0.112412 	0.075306 	0.079958 	 0.011335 
0.267243 	0.111870 	0.074835 	0.079892 	 0.010632 
0.265111 	0.101610 	0.068381 	0.071431 	 0.010697 
0.274477 	0.102309 	0.068578 	0.072049 	 0.010270 
0.266188 	0.102011 	0.068390 	0.074875 	 0.011010 
0.262149 	0.115921 	0.077645 	0.081072 	 0.011449 
0.271725 	0.098511 	0.066263 	0.068344 	 0.009707 
0.260304 	0.105546 	0.071343 	0.071527 	 0.010797 
0.259116 	0.110185 	0.074006 	0.076651 	 0.011035 
0.255974 	0.120457 	0.081035 	0.080925 	 0.011597 
0.244173 	0.123755 	0.082904 	0.084513 	 0.011546 
0.259524 	0.105848 	0.071261 	0.073094 	 0.010514 
0.254730 	0.109923 	0.073975 	0.075001 	 0.011093 
0.256989 	0.121724 	0.081632 	0.083207 	 0.010989 
0.261791 	0.107045 	0.072083 	0.073825 	 0.010321 
0.257351 	0.105755 	0.071366 	0.071418 	 0.010289 
0.245928 	0.121558 	0.081972 	0.079166 	 0.011021 
0.257377 	0.112282 	0.075687 	0.072999 	 0.010184 
0.269992 	0.100386 	0.068568 	0.063174 	 0.009269 
0.258461 	0.112504 	0.076558 	0.072935 	 0.010521 
0.259630 	0.106452 	0.071513 	0.073909 	 0.010164 
0.239782 	0.123241 	0.082825 	0.081910 	 0.011218 
0.264817 	0.115654 	0.078094 	0.077502 	 0.010271 
0.254268 	0.111308 	0.075841 	0.070572 	 0.010549 
0.253235 	0.121930 	0.082617 	0.078953 	 0.010924 
0.243289 	0.118604 	0.080183 	0.076154 	 0.010948 
0.228721 	0.132371 	0.088999 	0.087311 	 0.011907 
0.245788 	0.119330 	0.080266 	0.080678 	 0.010599 
0.240747 	0.121021 	0.081542 	0.078631 	 0.010713 
0.239600 	0.125262 	0.084737 	0.079375 	 0.011214 
0.247818 	0.124431 	0.083914 	0.082430 	 0.011160 
0.238994 	0.123610 	0.083498 	0.081606 	 0.011562 
0.247331 	0.116929 	0.079694 	0.074144 	 0.010839 
0.221710 	0.132183 	0.089092 	0.086573 	 0.012396 
0.232124 	0.133966 	0.090533 	0.086536 	 0.012132 
0.230228 	0.128192 	0.086558 	0.085344 	 0.011782 
0.235856 	0.121265 	0.081654 	0.078830 	 0.010661 
0.241941 	0.113757 	0.077276 	0.073143 	 0.010939 
0.226764 	0.135283 	0.091392 	0.086210 	 0.011930 
0.229841 	0.130989 	0.088997 	0.082925 	 0.012350 
0.232451 	0.131368 	0.088900 	0.084077 	 0.011411 
0.240629 	0.106186 	0.072511 	0.064525 	 0.009570 
0.231406 	0.119224 	0.081290 	0.076185 	 0.011659 
0.227239 	0.136679 	0.092250 	0.090522 	 0.012671 
0.214354 	0.135925 	0.091810 	0.087250 	 0.012547 
0.218147 	0.131971 	0.089044 	0.086264 	 0.012203 
0.233299 	0.133412 	0.090482 	0.082854 	 0.011420 
0.218903 	0.136221 	0.092414 	0.085666 	 0.012312 
0.220142 	0.126697 	0.085731 	0.079719 	 0.011488 
0.210303 	0.147947 	0.100078 	0.094033 	 0.013155 
0.216820 	0.137204 	0.092998 	0.083942 	 0.011670 
0.207516 	0.139658 	0.094848 	0.086342 	 0.012887 
0.210070 	0.146755 	0.099610 	0.092500 	 0.013042 
0.219957 	0.130720 	0.089460 	0.077928 	 0.011983 
0.203434 	0.139631 	0.094530 	0.086667 	 0.012587 
0.206026 	0.151859 	0.102993 	0.094059 	 0.013347 
0.221070 	0.133528 	0.090842 	0.082680 	 0.012191 
0.208328 	0.141673 	0.096530 	0.086606 	 0.013094 
0.201700 	0.141493 	0.096061 	0.087915 	 0.013033 
0.191770 	0.156867 	0.105988 	0.097670 	 0.013447 
0.212858 	0.132855 	0.090390 	0.084577 	 0.012699 
0.208368 	0.146291 	0.099541 	0.087562 	 0.012568 
0.196914 	0.150714 	0.101891 	0.094426 	 0.012890 
0.209644 	0.136001 	0.092694 	0.080914 	 0.011455 
0.197396 	0.148949 	0.101213 	0.090718 	 0.013242 
0.203302 	0.143514 	0.097459 	0.088213 	 0.012683 
0.188004 	0.163586 	0.110577 	0.102074 	 0.013876 
0.186810 	0.159465 	0.107916 	0.099030 	 0.014047 
0.189842 	0.146206 	0.099527 	0.085764 	 0.012353 
0.194314 	0.148107 	0.100778 	0.087999 	 0.013061 
0.193502 	0.152359 	0.103678 	0.094550 	 0.013689 
0.209805 	0.143065 	0.097619 	0.085847 	 0.012312 
0.192520 	0.147328 	0.100358 	0.089633 	 0.013576 
0.190471 	0.145283 	0.098978 	0.086941 	 0.012688 
0.189041 	0.148995 	0.102011 	0.087008 	 0.013408 
0.181401 	0.153537 	0.104032 	0.092600 	 0.013093 
0.197956 	0.140795 	0.096418 	0.083405 	 0.012606 
0.191249 	0.146815 	0.100094 	0.088212 	 0.012459 
0.192046 	0.147970 	0.101264 	0.085536 	 0.012927 
0.191218 	0.149044 	0.101601 	0.088911 	 0.012830 
0.187186 	0.150036 	0.102440 	0.087878 	 0.013082 
0.183361 	0.163331 	0.111202 	0.098488 	 0.013789 
0.187411 	0.153957 	0.105058 	0.091403 	 0.012885 
0.174212 	0.166932 	0.113646 	0.100555 	 0.014994 
0.184292 	0.155783 	0.106311 	0.091325 	 0.012925 
0.178014 	0.165445 	0.112875 	0.097614 	 0.014333 
0.187479 	0.148762 	0.101689 	0.087388 	 0.012115 
0.184238 	0.153298 	0.104890 	0.087755 	 0.012683 
0.176754 	0.169143 	0.115374 	0.102482 	 0.014398 
0.177321 	0.159759 	0.108996 	0.094020 	 0.013438 
0.177469 	0.153988 	0.105032 	0.091614 	 0.013230 
0.163741 	0.160975 	0.110051 	0.095680 	 0.014857 
0.170246 	0.162336 	0.111167 	0.092847 	 0.013706 
0.159135 	0.173183 	0.117424 	0.104545 	 0.014696 
0.168862 	0.166203 	0.113799 	0.095770 	 0.013902 
0.163584 	0.166683 	0.113728 	0.098656 	 0.014437 
0.185420 	0.154867 	0.106538 	0.086077 	 0.012451 
0.176097 	0.158860 	0.108854 	0.090053 	 0.012849 
0.172002 	0.157382 	0.108119 	0.089863 	 0.013737 
0.169623 	0.163064 	0.111517 	0.095083 	 0.013910 
0.170384 	0.166938 	0.114193 	0.096873 	 0.013922 
0.164254 	0.167351 	0.114645 	0.095950 	 0.014141 
0.169056 	0.161969 	0.110948 	0.094140 	 0.013575 
0.171179 	0.166900 	0.114007 	0.097500 	 0.013824 
0.172954 	0.158017 	0.109030 	0.088179 	 0.013939 
0.167593 	0.168126 	0.115540 	0.096033 	 0.014497 
0.160884 	0.157752 	0.108174 	0.089926 	 0.013350 
0.162847 	0.169947 	0.116717 	0.097321 	 0.013772 
0.168132 	0.160393 	0.109723 	0.092291 	 0.013118 
0.153422 	0.167612 	0.114547 	0.095720 	 0.013922 
0.165069 	0.161092 	0.110633 	0.092917 	 0.013873 
0.156948 	0.168222 	0.115275 	0.097121 	 0.014410 
0.154870 	0.171225 	0.117804 	0.095959 	 0.014417 
0.151047 	0.172594 	0.118165 	0.100142 	 0.014639 
0.168709 	0.165872 	0.114387 	0.092629 	 0.013833 
0.168806 	0.163905 	0.112639 	0.094450 	 0.013450 
0.156786 	0.174656 	0.119935 	0.098243 	 0.014124 
0.151560 	0.176963 	0.121192 	0.100868 	 0.014539 
0.143849 	0.185157 	0.126830 	0.108451 	 0.015995 
0.151861 	0.178988 	0.122792 	0.100220 	 0.014885 
0.147282 	0.173190 	0.119113 	0.097310 	 0.014697 
0.152555 	0.172403 	0.118085 	0.096791 	 0.013838 
0.142092 	0.182380 	0.125151 	0.101422 	 0.014481 
0.143371 	0.183044 	0.125373 	0.105018 	 0.014841 
0.145061 	0.176171 	0.121014 	0.099528 	 0.014694 
0.154715 	0.162838 	0.112516 	0.088027 	 0.014024 
0.147630 	0.178513 	0.122528 	0.101146 	 0.014634 
0.161512 	0.160169 	0.110857 	0.084136 	 0.012878 
0.151388 	0.168065 	0.116137 	0.091958 	 0.014111 
0.141834 	0.176523 	0.121383 	0.097362 	 0.014773 
0.148447 	0.171854 	0.118556 	0.092291 	 0.013869 
0.152066 	0.178797 	0.123326 	0.098198 	 0.014390 
0.150611 	0.171698 	0.118307 	0.093414 	 0.013842 
0.148908 	0.177786 	0.122522 	0.096888 	 0.014646 
0.142611 	0.187042 	0.128408 	0.106694 	 0.015356 
0.153818 	0.168614 	0.116735 	0.092031 	 0.013784 
0.149996 	0.167311 	0.116416 	0.089479 	 0.014553 
0.141463 	0.181099 	0.124686 	0.102135 	 0.014783 
0.143059 	0.180536 	0.124575 	0.101099 	 0.014988 
0.128764 	0.194402 	0.133360 	0.108269 	 0.015504 
0.142513 	0.174455 	0.121228 	0.095010 	 0.014785 
0.152852 	0.168707 	0.117333 	0.089823 	 0.013958 
0.137622 	0.182690 	0.125901 	0.099284 	 0.014458 
0.127824 	0.178487 	0.123408 	0.096014 	 0.014736 
0.152645 	0.170373 	0.118337 	0.088487 	 0.013274 
0.134296 	0.179877 	0.124450 	0.095721 	 0.014587 
0.135950 	0.172894 	0.120134 	0.089972 	 0.014535 
0.138039 	0.176241 	0.122107 	0.093638 	 0.014444 
0.146833 	0.178354 	0.123136 	0.098117 	 0.014063 
0.126940 	0.194402 	0.134044 	0.104522 	 0.015570 
0.144128 	0.178611 	0.123603 	0.095016 	 0.013793 
0.137536 	0.179286 	0.124021 	0.095612 	 0.014085 
0.136218 	0.176452 	0.122944 	0.091888 	 0.014996 
0.128873 	0.185066 	0.128102 	0.098893 	 0.014772 
0.148299 	0.157113 	0.109939 	0.079463 	 0.013195 
0.121306 	0.182824 	0.125823 	0.100654 	 0.014869 
0.127290 	0.189826 	0.131431 	0.098660 	 0.014779 
0.123006 	0.191878 	0.132621 	0.104065 	 0.015430 
0.130244 	0.189934 	0.131225 	0.103539 	 0.014977 
0.128520 	0.182699 	0.126774 	0.096002 	 0.014218 
0.123183 	0.190537 	0.131926 	0.101680 	 0.015337 
0.125594 	0.196441 	0.135899 	0.105346 	 0.015361 
0.128301 	0.174137 	0.121268 	0.091498 	 0.014259 
0.120996 	0.192510 	0.133339 	0.100273 	 0.015197 
0.122996 	0.181864 	0.126370 	0.094179 	 0.014663 
0.127554 	0.183698 	0.127946 	0.094230 	 0.014770 
0.137218 	0.183536 	0.127694 	0.095919 	 0.014909 
0.122813 	0.186728 	0.129445 	0.099532 	 0.015705 
0.105362 	0.195352 	0.135282 	0.101703 	 0.015740 
0.118984 	0.194757 	0.135323 	0.100904 	 0.015407 
0.123407 	0.185668 	0.129314 	0.094173 	 0.014805 
0.111592 	0.205482 	0.142131 	0.107738 	 0.016033 
0.112133 	0.193517 	0.133957 	0.102170 	 0.015470 
0.129602 	0.183594 	0.127862 	0.094850 	 0.014355 
0.131076 	0.189515 	0.132180 	0.098335 	 0.014774 
0.131538 	0.175210 	0.122481 	0.088197 	 0.014145 
0.120031 	0.193045 	0.133917 	0.100991 	 0.014805 
0.105241 	0.198109 	0.138080 	0.101941 	 0.015939 
0.113486 	0.196080 	0.136584 	0.098871 	 0.015389 
0.119155 	0.188453 	0.131601 	0.095602 	 0.014845 
0.119356 	0.190588 	0.133231 	0.096110 	 0.014898 
0.123812 	0.189562 	0.132316 	0.099522 	 0.014994 
0.117626 	0.191651 	0.133321 	0.101732 	 0.015464 
0.110024 	0.186252 	0.130000 	0.094286 	 0.014901 
0.124150 	0.182532 	0.127848 	0.089344 	 0.014042 
0.108460 	0.183381 	0.128080 	0.092701 	 0.014721 
0.118217 	0.189905 	0.132617 	0.097869 	 0.014603 
0.114485 	0.192356 	0.134189 	0.096799 	 0.014786 
0.100645 	0.206228 	0.143099 	0.110940 	 0.016413 
0.105967 	0.192224 	0.134296 	0.096642 	 0.015903 
0.106017 	0.196688 	0.137582 	0.100799 	 0.016805 
0.104269 	0.200693 	0.139809 	0.103194 	 0.016110 
0.112355 	0.191971 	0.134310 	0.095978 	 0.015134 
0.108140 	0.197377 	0.137449 	0.102635 	 0.015748 
0.115447 	0.186294 	0.130759 	0.090397 	 0.014654 
0.116914 	0.182964 	0.128035 	0.089605 	 0.013473 
0.107384 	0.199795 	0.139809 	0.099658 	 0.015547 
0.102042 	0.197871 	0.138038 	0.100046 	 0.015657 
0.110813 	0.189455 	0.133164 	0.092110 	 0.015013 
0.111228 	0.191087 	0.133844 	0.095421 	 0.015173 
0.103845 	0.201876 	0.140999 	0.104149 	 0.016241 
0.118619 	0.179136 	0.126187 	0.085594 	 0.014053 
0.112090 	0.192571 	0.135062 	0.094572 	 0.014837 
0.099878 	0.199171 	0.139072 	0.100047 	 0.015581 
0.105613 	0.197815 	0.138562 	0.098873 	 0.015540 
0.118258 	0.181729 	0.127859 	0.088712 	 0.014224 
0.098176 	0.186842 	0.131927 	0.088520 	 0.015262 
0.103291 	0.196290 	0.137219 	0.100751 	 0.015583 
0.093787 	0.200356 	0.139991 	0.100851 	 0.015672 
0.089944 	0.206106 	0.143916 	0.105934 	 0.016276 
0.105298 	0.189647 	0.133304 	0.092002 	 0.014552 
0.111764 	0.179455 	0.126871 	0.084200 	 0.014366 
0.099348 	0.199777 	0.139679 	0.099974 	 0.014928 
0.100200 	0.193229 	0.136069 	0.093357 	 0.015242 
0.101542 	0.193729 	0.136097 	0.093646 	 0.014506 
0.100108 	0.204331 	0.142929 	0.102390 	 0.015675 
0.100156 	0.200906 	0.140983 	0.099929 	 0.016061 
0.094350 	0.199138 	0.140084 	0.095499 	 0.015294 
0.097600 	0.200045 	0.140613 	0.100801 	 0.016311 
0.099091 	0.194312 	0.137076 	0.094404 	 0.015202 
0.081297 	0.210322 	0.147044 	0.106349 	 0.016876 
0.100682 	0.200941 	0.141610 	0.098105 	 0.016307 
0.098661 	0.193913 	0.136780 	0.092517 	 0.015884 
0.098646 	0.202806 	0.142688 	0.097185 	 0.015353 
0.092407 	0.196032 	0.138009 	0.094772 	 0.015516 
0.099958 	0.197495 	0.138806 	0.097020 	 0.015111 
0.109385 	0.186426 	0.131839 	0.087014 	 0.014487 
0.100704 	0.193301 	0.136401 	0.093161 	 0.015077 
0.093093 	0.205067 	0.144365 	0.099233 	 0.015770 
0.100468 	0.189909 	0.134333 	0.090464 	 0.015217 
0.096226 	0.196626 	0.139043 	0.092666 	 0.015275 
0.088476 	0.205841 	0.144326 	0.103124 	 0.015800 
0.101140 	0.186215 	0.132186 	0.088332 	 0.015501 
0.085944 	0.207301 	0.145899 	0.101211 	 0.016216 
0.106154 	0.188620 	0.133749 	0.089173 	 0.014487 
0.092525 	0.193281 	0.136858 	0.091111 	 0.015362 
0.091193 	0.188005 	0.133413 	0.088091 	 0.015341 
0.093727 	0.190489 	0.134919 	0.090151 	 0.015325 
0.099666 	0.194638 	0.137863 	0.090666 	 0.015124 
0.084739 	0.204688 	0.144322 	0.097981 	 0.015788 
0.107477 	0.191781 	0.135930 	0.090204 	 0.014201 
0.082745 	0.204859 	0.144384 	0.097582 	 0.015717 
0.094346 	0.195145 	0.138249 	0.091944 	 0.015471 
0.094679 	0.194183 	0.138191 	0.087623 	 0.015445 
0.084089 	0.203551 	0.144158 	0.094238 	 0.015902 
0.071061 	0.217873 	0.153078 	0.107479 	 0.017199 
0.085688 	0.207151 	0.146075 	0.099402 	 0.015484 
0.098558 	0.195691 	0.138806 	0.089534 	 0.014774 
0.076393 	0.208071 	0.146930 	0.098459 	 0.016107 
0.098243 	0.196950 	0.139940 	0.091590 	 0.015451 
0.075514 	0.207713 	0.146305 	0.100018 	 0.016246 
0.085410 	0.211537 	0.149376 	0.101112 	 0.016058 
0.082461 	0.207815 	0.146777 	0.099177 	 0.015961 
0.085150 	0.204433 	0.144744 	0.097098 	 0.015848 
0.087880 	0.207074 	0.146279 	0.100000 	 0.015408 
0.086750 	0.200486 	0.142384 	0.092600 	 0.015499 
0.091126 	0.199148 	0.142328 	0.089077 	 0.015855 
0.085844 	0.198477 	0.141051 	0.093144 	 0.016178 
0.081285 	0.211103 	0.149216 	0.103413 	 0.016772 
0.073561 	0.209526 	0.148158 	0.100289 	 0.016207 
0.082945 	0.208835 	0.147931 	0.099088 	 0.015816 
0.084825 	0.204578 	0.145667 	0.092319 	 0.015774 
0.078553 	0.211246 	0.149456 	0.099454 	 0.015850 
0.083439 	0.205691 	0.146244 	0.093671 	 0.015117 
0.095391 	0.189082 	0.135229 	0.083415 	 0.014180 
0.086692 	0.206232 	0.146553 	0.095209 	 0.015595 
0.086015 	0.202830 	0.144312 	0.093354 	 0.015465 
0.079909 	0.205053 	0.145607 	0.095471 	 0.015355 
0.090624 	0.200770 	0.143217 	0.091753 	 0.015322 
0.096006 	0.192610 	0.138238 	0.086269 	 0.015242 
0.081969 	0.201972 	0.144258 	0.088426 	 0.015497 
0.073197 	0.207825 	0.148314 	0.094806 	 0.016595 
0.076814 	0.206726 	0.147049 	0.094060 	 0.015657 
0.079441 	0.211825 	0.150214 	0.099227 	 0.015311 
0.085701 	0.197347 	0.141391 	0.086366 	 0.014907 
0.060518 	0.214099 	0.151577 	0.100025 	 0.016287 
0.082879 	0.207398 	0.148068 	0.094567 	 0.015575 
0.082996 	0.199832 	0.142870 	0.092307 	 0.015294 
0.071992 	0.214098 	0.152156 	0.100787 	 0.017203 
0.076701 	0.217027 	0.154331 	0.099779 	 0.016582 
0.085589 	0.202918 	0.145168 	0.092318 	 0.015838 
0.081333 	0.200929 	0.143427 	0.090458 	 0.015260 
0.065238 	0.219156 	0.155545 	0.103008 	 0.016924 
0.085103 	0.203924 	0.145860 	0.090823 	 0.014776 
0.081904 	0.201035 	0.143937 	0.090931 	 0.015791 
0.069879 	0.221494 	0.157119 	0.104279 	 0.016414 
0.078247 	0.210863 	0.150295 	0.096529 	 0.015537 
0.069635 	0.212531 	0.151612 	0.095245 	 0.015839 
0.069819 	0.206462 	0.147653 	0.094172 	 0.015853 
0.063869 	0.222511 	0.158358 	0.104408 	 0.017451 
0.068046 	0.218256 	0.155442 	0.100516 	 0.016396 
0.070067 	0.213667 	0.152673 	0.096142 	 0.016209 
0.079225 	0.206991 	0.148226 	0.092462 	 0.015545 
0.062675 	0.222090 	0.157896 	0.104339 	 0.017295 
0.074652 	0.205006 	0.147399 	0.089011 	 0.016348 
0.061294 	0.226617 	0.161050 	0.104781 	 0.017136 
0.064636 	0.213894 	0.153246 	0.095660 	 0.017215 
0.073553 	0.210618 	0.150612 	0.096252 	 0.016061 
0.064351 	0.213864 	0.152480 	0.098741 	 0.016699 
0.069279 	0.218268 	0.155606 	0.098807 	 0.015922 
0.084774 	0.202047 	0.145574 	0.089018 	 0.016051 
0.069988 	0.214655 	0.154089 	0.094280 	 0.016788 
0.079526 	0.200136 	0.143638 	0.086692 	 0.013974 
0.068218 	0.216151 	0.154510 	0.098650 	 0.016941 
0.066121 	0.210461 	0.150919 	0.094469 	 0.015996 
0.072793 	0.207121 	0.148910 	0.090847 	 0.015388 
0.079907 	0.199755 	0.143844 	0.087719 	 0.015337 
0.059963 	0.217995 	0.156310 	0.098386 	 0.016536 
0.085079 	0.202983 	0.146223 	0.088086 	 0.014812 
0.070338 	0.208429 	0.149987 	0.089971 	 0.015896 
0.075006 	0.211000 	0.151815 	0.093182 	 0.016005 
0.065156 	0.201347 	0.146054 	0.083065 	 0.016702 
0.065785 	0.214142 	0.153867 	0.093937 	 0.016092 
0.084988 	0.201369 	0.145818 	0.084445 	 0.015395 
0.068180 	0.212249 	0.152636 	0.093182 	 0.015505 
0.072130 	0.199024 	0.144435 	0.082260 	 0.014919 
0.069632 	0.216091 	0.155130 	0.094694 	 0.015819 
0.067811 	0.213236 	0.153221 	0.092790 	 0.016288 
0.066386 	0.219250 	0.157209 	0.098784 	 0.016514 
0.080263 	0.196739 	0.142952 	0.080158 	 0.014810 
0.071839 	0.205852 	0.149059 	0.087259 	 0.015820 
0.073208 	0.197100 	0.143237 	0.081828 	 0.015252 
0.055590 	0.213687 	0.153771 	0.093460 	 0.016215 
0.060221 	0.212361 	0.152695 	0.094177 	 0.016205 
0.064361 	0.207239 	0.149839 	0.088116 	 0.015751 
0.059910 	0.209415 	0.150914 	0.091552 	 0.015411 
0.069472 	0.204877 	0.148484 	0.086627 	 0.015878 
0.069825 	0.205947 	0.149186 	0.087840 	 0.015649 
0.076311 	0.204248 	0.148299 	0.086102 	 0.016021 
0.080296 	0.209369 	0.151546 	0.088946 	 0.015278 
0.074671 	0.203378 	0.147151 	0.088932 	 0.015355 
0.072804 	0.198954 	0.145136 	0.079584 	 0.015375 
0.070394 	0.213664 	0.154518 	0.089428 	 0.015427 
0.066757 	0.209722 	0.152075 	0.087298 	 0.015556 
0.080363 	0.198862 	0.144928 	0.083429 	 0.015619 
0.058021 	0.213233 	0.154247 	0.090817 	 0.016282 
0.075361 	0.206053 	0.149414 	0.086412 	 0.014878 
0.071355 	0.208664 	0.151201 	0.087820 	 0.014987 
0.072009 	0.210940 	0.153252 	0.089478 	 0.016510 
0.065001 	0.218297 	0.157887 	0.094301 	 0.016197 
0.068703 	0.206764 	0.149914 	0.085897 	 0.015706 
0.078365 	0.201657 	0.146904 	0.084765 	 0.015990 
0.076382 	0.204334 	0.148799 	0.085216 	 0.015823 
0.061634 	0.214927 	0.155627 	0.092235 	 0.015918 
0.074840 	0.196446 	0.143839 	0.077595 	 0.015296 
0.066013 	0.210643 	0.153254 	0.086714 	 0.016227 
0.053910 	0.209788 	0.152748 	0.086312 	 0.016784 
0.085258 	0.194483 	0.142686 	0.076544 	 0.014181 
0.064872 	0.205977 	0.149697 	0.087329 	 0.015586 
0.063409 	0.223269 	0.161590 	0.095570 	 0.016508 
0.063826 	0.210152 	0.152967 	0.088332 	 0.015813 
0.064199 	0.204067 	0.148797 	0.083286 	 0.015093 
0.075743 	0.203682 	0.148896 	0.082742 	 0.015241 
0.053518 	0.219324 	0.159071 	0.094076 	 0.017353 
0.058815 	0.211403 	0.153966 	0.089142 	 0.016492 
0.069940 	0.209859 	0.153568 	0.085034 	 0.016565 
0.056175 	0.232980 	0.168048 	0.104961 	 0.017628 
0.063065 	0.201038 	0.147137 	0.082988 	 0.015902 
0.082712 	0.202002 	0.148316 	0.080637 	 0.015265 
0.068658 	0.203282 	0.148839 	0.082589 	 0.015956 
0.065808 	0.219787 	0.159459 	0.093309 	 0.015951 
0.079622 	0.199930 	0.146824 	0.078256 	 0.014559 
0.056025 	0.223382 	0.162411 	0.094332 	 0.017010 
0.074662 	0.208292 	0.152765 	0.081603 	 0.015196 
0.064158 	0.214634 	0.156287 	0.091101 	 0.016640 
0.073273 	0.211864 	0.154719 	0.088954 	 0.015686 
0.052652 	0.216000 	0.157962 	0.087740 	 0.016983 
0.057678 	0.211460 	0.154867 	0.085851 	 0.016887 
0.063554 	0.218664 	0.159573 	0.093646 	 0.016778 
0.068112 	0.209134 	0.153161 	0.086255 	 0.016066 
0.060824 	0.209125 	0.153127 	0.086704 	 0.016062 
0.061125 	0.209894 	0.153756 	0.087390 	 0.016600 
0.058115 	0.222247 	0.161793 	0.093362 	 0.016721 
0.078550 	0.200586 	0.148455 	0.075107 	 0.015369 
0.074897 	0.214102 	0.156700 	0.089087 	 0.015681 
0.072662 	0.214107 	0.156714 	0.088461 	 0.015762 
0.080914 	0.200355 	0.147961 	0.078372 	 0.015221 
0.082854 	0.192703 	0.143378 	0.070025 	 0.014939 
0.079244 	0.200531 	0.148151 	0.077143 	 0.015489 
0.083783 	0.191316 	0.142306 	0.070728 	 0.014904 
0.086713 	0.195910 	0.145214 	0.075082 	 0.014299 
0.081061 	0.209325 	0.154032 	0.085099 	 0.016123 
0.087293 	0.186081 	0.138731 	0.070710 	 0.014838 
0.079851 	0.200032 	0.148217 	0.077015 	 0.015574 
0.074256 	0.210422 	0.154935 	0.083295 	 0.015744 
0.072713 	0.205745 	0.152516 	0.080184 	 0.016420 
0.073770 	0.208856 	0.154015 	0.084946 	 0.016615 
0.091321 	0.198855 	0.147833 	0.074708 	 0.014699 
0.074503 	0.204181 	0.150689 	0.080579 	 0.015826 
0.078923 	0.199078 	0.147830 	0.075179 	 0.015732 
0.077501 	0.195336 	0.145223 	0.073947 	 0.015390 
0.089608 	0.194791 	0.145293 	0.071444 	 0.014403 
0.094175 	0.198370 	0.147406 	0.075857 	 0.014705 
0.087883 	0.189428 	0.141444 	0.069620 	 0.013981 
0.078546 	0.199641 	0.148028 	0.078226 	 0.015711 
0.070565 	0.210208 	0.155283 	0.084456 	 0.016237 
0.075615 	0.202142 	0.150577 	0.075321 	 0.015226 
0.080410 	0.205228 	0.152200 	0.079908 	 0.015797 
0.084351 	0.195469 	0.145900 	0.072179 	 0.014845 
0.100219 	0.185263 	0.139823 	0.062667 	 0.013851 
0.097196 	0.190994 	0.142946 	0.069542 	 0.014413 
0.092593 	0.193135 	0.144989 	0.070374 	 0.015245 
0.093095 	0.184392 	0.138924 	0.064186 	 0.014275 
0.085546 	0.204604 	0.152043 	0.079980 	 0.014622 
0.077843 	0.211630 	0.156762 	0.082882 	 0.016293 
0.106560 	0.185252 	0.139702 	0.065499 	 0.013600 
0.090015 	0.195853 	0.146885 	0.073063 	 0.015584 
0.077927 	0.203375 	0.151945 	0.075838 	 0.015725 
0.090954 	0.194796 	0.146060 	0.071544 	 0.014791 
0.089345 	0.198287 	0.148791 	0.073220 	 0.015624 
0.083568 	0.199853 	0.149423 	0.074755 	 0.015404 
0.086486 	0.206216 	0.153058 	0.082695 	 0.015641 
0.089884 	0.192328 	0.144744 	0.070471 	 0.015297 
0.093786 	0.185856 	0.140282 	0.065919 	 0.014193 
0.092945 	0.201359 	0.151051 	0.072971 	 0.015168 
0.076505 	0.203944 	0.151764 	0.076460 	 0.015213 
0.097960 	0.187539 	0.142061 	0.066279 	 0.014445 
0.099888 	0.185566 	0.140513 	0.066984 	 0.014892 
0.092561 	0.203267 	0.152454 	0.075441 	 0.015145 
0.083398 	0.203779 	0.152240 	0.076925 	 0.015408 
0.096343 	0.190385 	0.144286 	0.065228 	 0.014576 
0.093435 	0.193140 	0.146036 	0.068139 	 0.015082 
0.096694 	0.197317 	0.148590 	0.070866 	 0.015119 
0.103768 	0.183084 	0.139283 	0.063106 	 0.014651 
0.103203 	0.180706 	0.137839 	0.060980 	 0.014344 
0.106340 	0.183803 	0.140231 	0.060326 	 0.014232 
0.091811 	0.197379 	0.148716 	0.070873 	 0.015004 
0.111107 	0.172311 	0.132746 	0.052896 	 0.013596 
0.095448 	0.197443 	0.148472 	0.074472 	 0.015055 
0.108069 	0.185879 	0.141399 	0.062674 	 0.013465 
0.087596 	0.206402 	0.154255 	0.080849 	 0.015477 
0.097945 	0.191309 	0.144926 	0.065908 	 0.014194 
0.098062 	0.192812 	0.146047 	0.069281 	 0.014566 
0.099464 	0.190728 	0.144494 	0.067069 	 0.014170 
0.106640 	0.187320 	0.142587 	0.064000 	 0.013634 
0.100152 	0.193814 	0.146570 	0.068105 	 0.014098 
0.099398 	0.186842 	0.142086 	0.065171 	 0.013984 
0.107243 	0.189571 	0.144571 	0.063880 	 0.014139 
0.104865 	0.177931 	0.136942 	0.055485 	 0.014137 
0.090668 	0.202403 	0.152019 	0.076442 	 0.014940 
0.098303 	0.199668 	0.150611 	0.076570 	 0.016000 
0.080677 	0.211251 	0.158732 	0.078488 	 0.016063 
0.100638 	0.181094 	0.138984 	0.059020 	 0.014319 
0.102589 	0.181881 	0.139809 	0.059055 	 0.014446 
0.093605 	0.193839 	0.147592 	0.067707 	 0.015600 
0.097146 	0.193991 	0.147870 	0.066292 	 0.015036 
0.077620 	0.214081 	0.160535 	0.081858 	 0.016496 
0.088669 	0.201517 	0.152752 	0.072487 	 0.016154 
0.089809 	0.191716 	0.146456 	0.063307 	 0.014987 
0.093060 	0.194711 	0.148516 	0.065749 	 0.015473 
0.095291 	0.193734 	0.147761 	0.066397 	 0.014957 
0.089063 	0.199527 	0.151576 	0.070434 	 0.014961 
0.082911 	0.194877 	0.148547 	0.065333 	 0.014912 
0.076118 	0.203078 	0.154124 	0.072391 	 0.015953 
0.102979 	0.185555 	0.142231 	0.062180 	 0.013662 
0.096979 	0.189444 	0.144776 	0.064072 	 0.013745 
0.098632 	0.184274 	0.141563 	0.059367 	 0.013682 
0.085584 	0.193924 	0.148118 	0.065616 	 0.015342 
0.096247 	0.187750 	0.144150 	0.063037 	 0.014197 
0.089217 	0.184054 	0.141222 	0.063557 	 0.015346 
0.090305 	0.194684 	0.148033 	0.069946 	 0.014644 
0.090192 	0.188238 	0.144917 	0.062960 	 0.015278 
0.096080 	0.191996 	0.147234 	0.065152 	 0.015061 
0.093993 	0.183069 	0.141528 	0.059261 	 0.014870 
0.083630 	0.195804 	0.149447 	0.069086 	 0.015692 
0.084522 	0.190655 	0.146347 	0.063978 	 0.015236 
0.082680 	0.198849 	0.151822 	0.069952 	 0.016289 
0.091360 	0.194600 	0.149175 	0.068156 	 0.015617 
0.088961 	0.188989 	0.145420 	0.060339 	 0.015028 
0.116053 	0.171636 	0.134224 	0.052145 	 0.013086 
0.094893 	0.196692 	0.150609 	0.066563 	 0.014813 
0.090266 	0.177013 	0.137615 	0.052679 	 0.014268 
0.101708 	0.182410 	0.141793 	0.057519 	 0.014886 
0.099997 	0.182070 	0.141347 	0.056446 	 0.014051 
0.093375 	0.190274 	0.146883 	0.060800 	 0.014441 
0.091006 	0.194341 	0.149683 	0.063820 	 0.015700 
0.101499 	0.182370 	0.141345 	0.059706 	 0.014133 
0.096182 	0.180910 	0.140349 	0.060488 	 0.014842 
0.086238 	0.201498 	0.154354 	0.068117 	 0.015696 
0.099611 	0.181995 	0.141611 	0.058001 	 0.014583 
0.096483 	0.173997 	0.135953 	0.052419 	 0.013755 
0.092874 	0.192779 	0.148589 	0.064445 	 0.015120 
0.086356 	0.199507 	0.152986 	0.068919 	 0.015942 
0.095049 	0.187358 	0.145530 	0.056608 	 0.014665 
0.087331 	0.179882 	0.139996 	0.056218 	 0.014358 
0.109128 	0.175910 	0.137905 	0.053958 	 0.013718 
0.081669 	0.195511 	0.150736 	0.066047 	 0.015914 
0.095975 	0.184052 	0.143051 	0.059523 	 0.013989 
0.093560 	0.182636 	0.142323 	0.057773 	 0.015180 
0.087650 	0.187964 	0.146178 	0.058923 	 0.015700 
0.090526 	0.189631 	0.147481 	0.059582 	 0.015360 
0.098308 	0.175778 	0.137846 	0.055949 	 0.014456 
0.070043 	0.209476 	0.159938 	0.074473 	 0.016300 
