di 	gli 	gal 	gos3 	 gos4 
0.423809 	0.022691 	0.013590 	0.015151 	 -0.002072 
0.416248 	0.036377 	0.022172 	0.029055 	 -0.000528 
0.442056 	0.030217 	0.017436 	0.036596 	 -0.001170 
0.417690 	0.053613 	0.032558 	0.053017 	 0.000775 
0.428246 	0.052744 	0.032098 	0.052625 	 0.000067 
0.420197 	0.060554 	0.037473 	0.057477 	 0.000807 
0.411566 	0.060607 	0.037357 	0.058634 	 0.001256 
0.429189 	0.049516 	0.030311 	0.048960 	 -0.000023 
0.423254 	0.059055 	0.036408 	0.055739 	 0.000339 
0.418808 	0.058533 	0.035667 	0.056913 	 0.000216 
0.422356 	0.048147 	0.029007 	0.049655 	 0.000244 
0.408545 	0.058811 	0.035776 	0.058480 	 0.001355 
0.411299 	0.055833 	0.033666 	0.055647 	 0.000420 
0.416416 	0.049502 	0.029851 	0.052968 	 0.000561 
0.399855 	0.076458 	0.047583 	0.068531 	 0.001607 
0.415599 	0.061109 	0.037199 	0.062770 	 0.001349 
0.407529 	0.061505 	0.037924 	0.058149 	 0.001544 
0.412832 	0.067109 	0.041294 	0.063864 	 0.000997 
0.400981 	0.063583 	0.038980 	0.060746 	 0.001259 
0.407141 	0.059083 	0.036563 	0.056862 	 0.001767 
0.396104 	0.076083 	0.047294 	0.069539 	 0.002754 
0.399906 	0.072864 	0.045661 	0.063689 	 0.001838 
0.411002 	0.058376 	0.035762 	0.055725 	 0.000425 
0.388300 	0.076949 	0.047633 	0.071508 	 0.003250 
0.409413 	0.061160 	0.037167 	0.060775 	 0.000950 
0.393401 	0.077506 	0.048123 	0.070629 	 0.002336 
0.396379 	0.071431 	0.044500 	0.065290 	 0.002536 
0.393749 	0.068421 	0.042051 	0.065281 	 0.002135 
0.402072 	0.060182 	0.037267 	0.057725 	 0.002032 
0.389721 	0.078817 	0.049276 	0.071232 	 0.003073 
0.386590 	0.077238 	0.048060 	0.071293 	 0.002878 
0.386599 	0.077808 	0.048067 	0.073888 	 0.003310 
0.389551 	0.076154 	0.047222 	0.071233 	 0.002847 
0.390530 	0.075719 	0.047018 	0.070603 	 0.002873 
0.392299 	0.073263 	0.045358 	0.067621 	 0.002448 
0.394862 	0.066657 	0.041313 	0.062336 	 0.002355 
0.387776 	0.074078 	0.045755 	0.070987 	 0.002848 
0.384441 	0.075779 	0.046963 	0.072172 	 0.003173 
0.382614 	0.077803 	0.048191 	0.073803 	 0.003416 
0.375346 	0.084272 	0.052441 	0.076492 	 0.003975 
0.379549 	0.077061 	0.047768 	0.069823 	 0.003077 
0.367173 	0.083289 	0.051897 	0.073731 	 0.003815 
0.367489 	0.097789 	0.060958 	0.087752 	 0.004452 
0.383027 	0.078347 	0.048733 	0.072716 	 0.003405 
0.383238 	0.077305 	0.048256 	0.072982 	 0.003919 
0.378499 	0.080169 	0.049914 	0.075503 	 0.003579 
0.360539 	0.099137 	0.062313 	0.086636 	 0.005194 
0.370078 	0.086673 	0.054148 	0.076899 	 0.003634 
0.371097 	0.083957 	0.052511 	0.075058 	 0.003581 
0.364140 	0.098601 	0.061911 	0.083918 	 0.004231 
0.374455 	0.083651 	0.051906 	0.075245 	 0.002932 
0.363260 	0.084501 	0.053006 	0.075312 	 0.003970 
0.361152 	0.091879 	0.057787 	0.080448 	 0.004288 
0.372664 	0.088832 	0.056396 	0.075156 	 0.003951 
0.358966 	0.090993 	0.057001 	0.079135 	 0.004255 
0.349335 	0.098423 	0.062000 	0.084643 	 0.004945 
0.355507 	0.098118 	0.061982 	0.084001 	 0.004896 
0.353540 	0.096428 	0.060677 	0.083333 	 0.004749 
0.341939 	0.106388 	0.066931 	0.091204 	 0.005095 
0.362532 	0.090664 	0.057090 	0.081924 	 0.005138 
0.359023 	0.091372 	0.057759 	0.079896 	 0.004504 
0.343020 	0.110242 	0.069508 	0.093616 	 0.005691 
0.354488 	0.092013 	0.057821 	0.081634 	 0.004287 
0.357032 	0.091601 	0.057389 	0.081708 	 0.004639 
0.349037 	0.097920 	0.061638 	0.085056 	 0.005494 
0.329145 	0.116831 	0.074154 	0.097530 	 0.006965 
0.349179 	0.087587 	0.054907 	0.078123 	 0.004479 
0.342051 	0.101302 	0.063705 	0.088539 	 0.005201 
0.339663 	0.107436 	0.067975 	0.091252 	 0.006243 
0.337197 	0.109640 	0.069643 	0.092980 	 0.006465 
0.357265 	0.096831 	0.061082 	0.085721 	 0.004703 
0.345221 	0.096766 	0.060895 	0.083372 	 0.005147 
0.343097 	0.106233 	0.067103 	0.092333 	 0.005713 
0.336520 	0.114008 	0.072361 	0.096523 	 0.006236 
0.338692 	0.109698 	0.069500 	0.093867 	 0.006119 
0.347139 	0.099676 	0.063008 	0.085274 	 0.005479 
0.338188 	0.108839 	0.068891 	0.091921 	 0.005560 
0.346472 	0.103757 	0.065595 	0.088673 	 0.005324 
0.345149 	0.099519 	0.063289 	0.084832 	 0.005480 
0.327928 	0.112725 	0.071493 	0.093838 	 0.006416 
0.348181 	0.092856 	0.058516 	0.079304 	 0.004210 
0.326316 	0.108288 	0.068634 	0.089953 	 0.006276 
0.334437 	0.102020 	0.064727 	0.086683 	 0.006050 
0.336792 	0.102613 	0.065692 	0.084153 	 0.006076 
0.345290 	0.092743 	0.058576 	0.080218 	 0.004703 
0.343804 	0.099366 	0.063013 	0.084981 	 0.005866 
0.327394 	0.112230 	0.071512 	0.091415 	 0.006275 
0.328744 	0.102812 	0.065463 	0.085725 	 0.006086 
0.326615 	0.109147 	0.069179 	0.092488 	 0.005920 
0.333364 	0.104881 	0.066564 	0.088537 	 0.005535 
0.340880 	0.097448 	0.061902 	0.082966 	 0.005353 
0.331026 	0.104002 	0.066034 	0.088037 	 0.005997 
0.330364 	0.111782 	0.070926 	0.093099 	 0.006514 
0.324144 	0.121002 	0.077131 	0.100820 	 0.007163 
0.329236 	0.104505 	0.066109 	0.090652 	 0.006197 
0.334890 	0.100004 	0.063524 	0.084057 	 0.005730 
0.319563 	0.122757 	0.078279 	0.100500 	 0.007518 
0.336456 	0.105266 	0.066976 	0.089773 	 0.006230 
0.328983 	0.108146 	0.069259 	0.088215 	 0.006285 
0.319430 	0.115124 	0.073352 	0.095851 	 0.007370 
0.331041 	0.109637 	0.070011 	0.090463 	 0.006049 
0.317496 	0.122209 	0.078500 	0.095760 	 0.007014 
0.322540 	0.114269 	0.073014 	0.093792 	 0.006742 
0.322763 	0.109752 	0.069865 	0.090802 	 0.006474 
0.327196 	0.113330 	0.072374 	0.092724 	 0.005873 
0.322163 	0.110104 	0.070444 	0.090314 	 0.006772 
0.321600 	0.108187 	0.069080 	0.088807 	 0.006275 
0.325841 	0.116917 	0.074979 	0.095279 	 0.006866 
0.319468 	0.112009 	0.071923 	0.091723 	 0.006783 
0.316348 	0.119815 	0.077164 	0.095327 	 0.007125 
0.311870 	0.130609 	0.084359 	0.100871 	 0.007800 
0.322973 	0.122602 	0.078567 	0.098740 	 0.006841 
0.314633 	0.126077 	0.081120 	0.102815 	 0.008056 
0.328947 	0.110509 	0.070879 	0.088339 	 0.006152 
0.318190 	0.110845 	0.071025 	0.089556 	 0.006751 
0.308076 	0.127307 	0.082035 	0.097751 	 0.006910 
0.315223 	0.122226 	0.078416 	0.098877 	 0.007679 
0.316434 	0.116221 	0.074829 	0.092847 	 0.007386 
0.321958 	0.112314 	0.072310 	0.091485 	 0.007144 
0.318005 	0.112634 	0.072205 	0.089835 	 0.006079 
0.313887 	0.115253 	0.074026 	0.093114 	 0.007131 
0.321280 	0.118751 	0.076276 	0.096419 	 0.006426 
0.302408 	0.138103 	0.089388 	0.105990 	 0.008372 
0.297806 	0.137411 	0.088598 	0.106758 	 0.008002 
0.286099 	0.149131 	0.095810 	0.116898 	 0.008695 
0.299908 	0.139205 	0.089981 	0.109185 	 0.008465 
0.299632 	0.132481 	0.085218 	0.106843 	 0.008043 
0.317382 	0.119261 	0.077329 	0.090969 	 0.006607 
0.303585 	0.136329 	0.088660 	0.103272 	 0.008431 
0.308380 	0.122514 	0.079036 	0.095156 	 0.006528 
0.298301 	0.136266 	0.088001 	0.107387 	 0.008302 
0.287782 	0.140479 	0.091001 	0.107727 	 0.008914 
0.301049 	0.129884 	0.083836 	0.100914 	 0.007412 
0.304067 	0.134039 	0.086533 	0.105825 	 0.007910 
0.304680 	0.132115 	0.085260 	0.103333 	 0.007834 
0.306023 	0.117997 	0.075727 	0.093727 	 0.006770 
0.287919 	0.135407 	0.087933 	0.103484 	 0.008512 
0.295690 	0.139571 	0.090925 	0.103840 	 0.008409 
0.310462 	0.132829 	0.086044 	0.099488 	 0.006526 
0.296650 	0.133440 	0.086657 	0.102252 	 0.008127 
0.287762 	0.136623 	0.088267 	0.106030 	 0.008784 
0.281404 	0.146667 	0.094485 	0.115183 	 0.008778 
0.293781 	0.129904 	0.083983 	0.100697 	 0.008062 
0.308293 	0.122595 	0.079765 	0.093339 	 0.007116 
0.305710 	0.129595 	0.084245 	0.099789 	 0.007498 
0.295675 	0.140744 	0.091828 	0.104386 	 0.008337 
0.286646 	0.142582 	0.092777 	0.105994 	 0.008242 
0.290142 	0.140665 	0.091335 	0.104713 	 0.007983 
0.283133 	0.140126 	0.090807 	0.106631 	 0.009010 
0.289854 	0.128114 	0.083481 	0.095191 	 0.007798 
0.288540 	0.141222 	0.091553 	0.106301 	 0.008519 
0.293312 	0.130411 	0.084639 	0.096822 	 0.007436 
0.280165 	0.140895 	0.091439 	0.103817 	 0.007723 
0.297800 	0.131263 	0.085143 	0.101626 	 0.007841 
0.290546 	0.131435 	0.085763 	0.097436 	 0.008339 
0.293889 	0.135083 	0.087780 	0.102649 	 0.008356 
0.286043 	0.138536 	0.090448 	0.102199 	 0.008469 
0.275248 	0.148094 	0.096625 	0.108160 	 0.009096 
0.291717 	0.135583 	0.088502 	0.099631 	 0.007806 
0.287009 	0.135606 	0.088404 	0.101121 	 0.007878 
0.291614 	0.134806 	0.087943 	0.099487 	 0.007495 
0.283026 	0.138152 	0.089826 	0.102437 	 0.007861 
0.284153 	0.144064 	0.093799 	0.105302 	 0.007743 
0.280634 	0.149564 	0.097169 	0.111765 	 0.009002 
0.298934 	0.136427 	0.089259 	0.100324 	 0.007656 
0.285683 	0.138998 	0.090898 	0.099934 	 0.007997 
0.277420 	0.150318 	0.098069 	0.109924 	 0.009106 
0.286052 	0.147497 	0.096322 	0.107670 	 0.008163 
0.273902 	0.147063 	0.095923 	0.107559 	 0.008613 
0.275547 	0.151485 	0.099141 	0.109344 	 0.009123 
0.293134 	0.134830 	0.088000 	0.100979 	 0.007877 
0.266992 	0.154390 	0.100844 	0.111245 	 0.009409 
0.276285 	0.150576 	0.098642 	0.109624 	 0.009232 
0.272341 	0.149044 	0.097102 	0.109452 	 0.009169 
0.274650 	0.155246 	0.101756 	0.111497 	 0.009207 
0.268221 	0.160027 	0.104675 	0.114073 	 0.009177 
0.271755 	0.158726 	0.103797 	0.116530 	 0.009783 
0.261425 	0.156262 	0.102152 	0.111945 	 0.008974 
0.278954 	0.147027 	0.096142 	0.106502 	 0.008641 
0.274010 	0.155143 	0.101610 	0.111249 	 0.009026 
0.268410 	0.152530 	0.100162 	0.107506 	 0.008708 
0.259955 	0.158704 	0.104374 	0.111738 	 0.010188 
0.278624 	0.144544 	0.094934 	0.103339 	 0.008804 
0.256025 	0.175004 	0.114738 	0.124770 	 0.010554 
0.251162 	0.170661 	0.112016 	0.121355 	 0.011029 
0.265810 	0.153783 	0.101324 	0.106800 	 0.009678 
0.263317 	0.156656 	0.102881 	0.111339 	 0.009629 
0.265205 	0.150298 	0.098987 	0.107431 	 0.010042 
0.267697 	0.153810 	0.100643 	0.111259 	 0.009589 
0.265173 	0.164885 	0.108212 	0.120489 	 0.010640 
0.253411 	0.171050 	0.112546 	0.117658 	 0.010295 
0.250934 	0.173691 	0.114068 	0.122058 	 0.010706 
0.258829 	0.171138 	0.112250 	0.122618 	 0.010557 
0.255703 	0.175142 	0.115351 	0.121847 	 0.010975 
0.258795 	0.168517 	0.111227 	0.115450 	 0.010288 
0.269993 	0.155383 	0.102431 	0.108264 	 0.009014 
0.257603 	0.160765 	0.105953 	0.111123 	 0.009923 
0.259749 	0.167339 	0.110062 	0.114992 	 0.009440 
0.266349 	0.160444 	0.106041 	0.110215 	 0.009536 
0.267709 	0.161614 	0.106937 	0.110814 	 0.009768 
0.253420 	0.163195 	0.107711 	0.111683 	 0.009812 
0.260289 	0.171698 	0.113139 	0.118387 	 0.009349 
0.260881 	0.170376 	0.112487 	0.116720 	 0.009752 
0.256550 	0.164869 	0.108791 	0.114311 	 0.010160 
0.264453 	0.165966 	0.109660 	0.115321 	 0.009814 
0.266534 	0.158835 	0.105290 	0.107953 	 0.009443 
0.245569 	0.174612 	0.115236 	0.120014 	 0.010624 
0.249506 	0.173068 	0.114344 	0.116388 	 0.010301 
0.256786 	0.165384 	0.109287 	0.113200 	 0.009753 
0.245919 	0.175328 	0.115900 	0.119506 	 0.010538 
0.261063 	0.162070 	0.107341 	0.110247 	 0.009011 
0.254732 	0.171541 	0.113615 	0.116335 	 0.009899 
0.253173 	0.172909 	0.114203 	0.116693 	 0.009582 
0.255614 	0.164951 	0.109347 	0.112540 	 0.010282 
0.253467 	0.166614 	0.110286 	0.113968 	 0.010016 
0.259034 	0.156966 	0.104082 	0.106199 	 0.008928 
0.242682 	0.176378 	0.116826 	0.119236 	 0.010911 
0.256461 	0.164673 	0.109169 	0.111048 	 0.009431 
0.246264 	0.172388 	0.113930 	0.117850 	 0.009716 
0.255001 	0.162145 	0.107530 	0.108914 	 0.009621 
0.247788 	0.177760 	0.117942 	0.119606 	 0.010647 
0.253858 	0.162879 	0.108193 	0.110560 	 0.009901 
0.250312 	0.163577 	0.108669 	0.110106 	 0.010036 
0.252101 	0.164560 	0.109543 	0.110168 	 0.010048 
0.252565 	0.171707 	0.113915 	0.115566 	 0.010164 
0.246542 	0.172785 	0.114787 	0.114264 	 0.010125 
0.244910 	0.171655 	0.113752 	0.117428 	 0.010804 
0.248926 	0.166256 	0.110597 	0.110166 	 0.010038 
0.242875 	0.173256 	0.115178 	0.116146 	 0.010768 
0.237447 	0.174890 	0.116012 	0.117274 	 0.010458 
0.240393 	0.178969 	0.118670 	0.121130 	 0.010739 
0.237365 	0.172604 	0.114936 	0.112793 	 0.010667 
0.240385 	0.179706 	0.119388 	0.118625 	 0.010772 
0.235858 	0.178294 	0.118275 	0.121509 	 0.011460 
0.237663 	0.188334 	0.125316 	0.123704 	 0.010936 
0.229327 	0.177364 	0.118187 	0.115730 	 0.011566 
0.233445 	0.182577 	0.120869 	0.120853 	 0.010868 
0.242043 	0.167426 	0.111599 	0.107612 	 0.009996 
0.245980 	0.172517 	0.114827 	0.113083 	 0.010083 
0.234441 	0.178990 	0.119292 	0.115175 	 0.010772 
0.244493 	0.170560 	0.113977 	0.110336 	 0.010134 
0.243931 	0.170577 	0.114040 	0.109199 	 0.010406 
0.229768 	0.179473 	0.118992 	0.119718 	 0.010611 
0.224344 	0.193046 	0.127888 	0.130404 	 0.012077 
0.229550 	0.181332 	0.120639 	0.119730 	 0.010971 
0.235910 	0.170680 	0.114203 	0.107084 	 0.010389 
0.219458 	0.194406 	0.129667 	0.125074 	 0.012117 
0.234668 	0.173759 	0.116070 	0.111647 	 0.010544 
0.236893 	0.184366 	0.123081 	0.117292 	 0.010448 
0.235383 	0.184225 	0.122654 	0.120015 	 0.010422 
0.233433 	0.184413 	0.123125 	0.119438 	 0.011238 
0.223637 	0.189453 	0.126582 	0.121564 	 0.011958 
0.233595 	0.182567 	0.121805 	0.117316 	 0.010509 
0.232072 	0.193184 	0.129392 	0.123045 	 0.011816 
0.217826 	0.195262 	0.130496 	0.124218 	 0.012292 
0.232238 	0.189405 	0.126835 	0.119814 	 0.010728 
0.211043 	0.204952 	0.136663 	0.132522 	 0.012344 
0.221361 	0.198195 	0.132835 	0.125083 	 0.012489 
0.214456 	0.196527 	0.131432 	0.123457 	 0.011891 
0.230516 	0.187574 	0.126026 	0.118201 	 0.011438 
0.223423 	0.205081 	0.136702 	0.132686 	 0.011824 
0.210616 	0.197231 	0.131626 	0.125976 	 0.011947 
0.222914 	0.198966 	0.132776 	0.126437 	 0.011517 
0.242983 	0.182566 	0.122697 	0.113825 	 0.009947 
0.228524 	0.179404 	0.120333 	0.111321 	 0.010518 
0.218808 	0.195508 	0.131093 	0.122895 	 0.011535 
0.227040 	0.185999 	0.124926 	0.117088 	 0.011448 
0.226515 	0.187550 	0.125085 	0.120473 	 0.010511 
0.219666 	0.195569 	0.131308 	0.124239 	 0.012523 
0.216175 	0.195567 	0.131334 	0.123795 	 0.012619 
0.227246 	0.188954 	0.126795 	0.119472 	 0.011223 
0.218729 	0.193281 	0.129885 	0.121630 	 0.012231 
0.208011 	0.202846 	0.136090 	0.126710 	 0.012587 
0.197185 	0.224572 	0.150099 	0.141264 	 0.013715 
0.215671 	0.202950 	0.135798 	0.129596 	 0.012450 
0.220093 	0.186048 	0.125296 	0.113009 	 0.011231 
0.217502 	0.197044 	0.131872 	0.125799 	 0.011569 
0.219374 	0.197281 	0.133091 	0.120286 	 0.012151 
0.210268 	0.199501 	0.134046 	0.124518 	 0.012348 
0.225170 	0.192910 	0.130074 	0.118454 	 0.011116 
0.231256 	0.184820 	0.124767 	0.113326 	 0.010917 
0.206114 	0.204750 	0.137628 	0.128742 	 0.012687 
0.210568 	0.196052 	0.132357 	0.117720 	 0.011852 
0.214803 	0.202210 	0.135858 	0.126229 	 0.012101 
0.213095 	0.205999 	0.138850 	0.127387 	 0.012155 
0.219796 	0.199807 	0.134371 	0.124894 	 0.012126 
0.219420 	0.204312 	0.137329 	0.126627 	 0.011265 
0.200897 	0.209104 	0.140478 	0.129603 	 0.012451 
0.212510 	0.205452 	0.138193 	0.127834 	 0.012165 
0.208687 	0.206156 	0.138981 	0.126178 	 0.012495 
0.205954 	0.208995 	0.141022 	0.126848 	 0.012510 
0.209973 	0.200190 	0.135375 	0.121100 	 0.012589 
0.205207 	0.206123 	0.138865 	0.126593 	 0.012185 
0.206613 	0.203325 	0.137074 	0.123604 	 0.011961 
0.208935 	0.202573 	0.136198 	0.126655 	 0.011805 
0.214466 	0.203733 	0.138047 	0.121371 	 0.012043 
0.208052 	0.209711 	0.141613 	0.126459 	 0.012278 
0.202733 	0.210575 	0.142298 	0.125514 	 0.012250 
0.198381 	0.219250 	0.148144 	0.130968 	 0.012846 
0.209167 	0.204676 	0.138263 	0.121365 	 0.011952 
0.215635 	0.196275 	0.132975 	0.117136 	 0.011584 
0.199053 	0.208273 	0.140664 	0.127006 	 0.012572 
0.203759 	0.204599 	0.138244 	0.125218 	 0.012662 
0.206964 	0.205023 	0.138621 	0.122056 	 0.011654 
0.203693 	0.206235 	0.139636 	0.123473 	 0.012551 
0.198982 	0.210996 	0.142903 	0.127860 	 0.013276 
0.208790 	0.200335 	0.135698 	0.119705 	 0.011637 
0.208826 	0.206432 	0.140073 	0.122783 	 0.012027 
0.203146 	0.209411 	0.141965 	0.124259 	 0.011905 
0.204013 	0.208962 	0.141772 	0.123256 	 0.012374 
0.214616 	0.194038 	0.131994 	0.112190 	 0.011074 
0.218014 	0.197923 	0.134327 	0.115403 	 0.010865 
0.212233 	0.190658 	0.129840 	0.110385 	 0.010999 
0.199434 	0.205904 	0.139351 	0.123912 	 0.012695 
0.200552 	0.207602 	0.140263 	0.127370 	 0.012467 
0.208766 	0.204960 	0.139151 	0.120398 	 0.011594 
0.204887 	0.197296 	0.133986 	0.116303 	 0.012004 
0.199689 	0.201725 	0.136923 	0.118170 	 0.011782 
0.203967 	0.204098 	0.138509 	0.120084 	 0.011695 
0.202645 	0.203518 	0.138535 	0.118954 	 0.012507 
0.200861 	0.204293 	0.138619 	0.122719 	 0.012748 
0.199143 	0.207862 	0.140868 	0.123910 	 0.012271 
0.205402 	0.203787 	0.138942 	0.116902 	 0.011718 
0.194590 	0.213210 	0.144468 	0.126550 	 0.012265 
0.202235 	0.200278 	0.135987 	0.117598 	 0.012048 
0.192668 	0.202850 	0.137687 	0.118951 	 0.011977 
0.185795 	0.213211 	0.144645 	0.124530 	 0.012244 
0.199212 	0.205000 	0.139407 	0.118839 	 0.012203 
0.194853 	0.207204 	0.140682 	0.122256 	 0.012437 
0.203431 	0.206726 	0.140646 	0.120252 	 0.011834 
0.206285 	0.204706 	0.139940 	0.115551 	 0.011668 
0.196586 	0.213313 	0.145434 	0.120938 	 0.012237 
0.199140 	0.206866 	0.141168 	0.119694 	 0.012120 
0.190388 	0.223170 	0.151350 	0.132287 	 0.012859 
0.197415 	0.205144 	0.140192 	0.116655 	 0.012010 
0.196576 	0.209198 	0.142469 	0.122062 	 0.012681 
0.199971 	0.207724 	0.141502 	0.120285 	 0.011493 
0.208162 	0.198318 	0.135471 	0.112360 	 0.011092 
0.186924 	0.223033 	0.151932 	0.129123 	 0.013158 
0.197724 	0.203938 	0.139588 	0.115668 	 0.012006 
0.185130 	0.215449 	0.146914 	0.123844 	 0.012886 
0.189179 	0.223995 	0.152671 	0.130049 	 0.013215 
0.186422 	0.221230 	0.151027 	0.126956 	 0.013320 
0.198379 	0.204979 	0.140439 	0.112886 	 0.011501 
0.177803 	0.214067 	0.146435 	0.121569 	 0.013692 
0.179100 	0.217138 	0.148101 	0.123906 	 0.013361 
0.194552 	0.211743 	0.144711 	0.119628 	 0.012540 
0.186220 	0.218238 	0.148870 	0.123812 	 0.012815 
0.166840 	0.232669 	0.158137 	0.135430 	 0.014768 
0.181046 	0.217262 	0.148385 	0.122466 	 0.012997 
0.179773 	0.224089 	0.152964 	0.128193 	 0.013510 
0.184032 	0.213210 	0.145824 	0.120218 	 0.012760 
0.172101 	0.229781 	0.156373 	0.132746 	 0.013916 
0.184554 	0.215953 	0.148210 	0.121483 	 0.013512 
0.176784 	0.225441 	0.153763 	0.128334 	 0.013572 
0.183373 	0.219368 	0.150146 	0.122685 	 0.013024 
0.178650 	0.215726 	0.147665 	0.121552 	 0.013034 
0.190711 	0.210981 	0.144937 	0.116171 	 0.012379 
0.179006 	0.217826 	0.149476 	0.121356 	 0.013208 
0.178501 	0.225617 	0.154351 	0.126056 	 0.013634 
0.174578 	0.230011 	0.157241 	0.129544 	 0.013644 
0.170504 	0.231674 	0.157992 	0.132220 	 0.013956 
0.170227 	0.226276 	0.155074 	0.125872 	 0.013909 
0.185848 	0.222846 	0.152983 	0.123088 	 0.012898 
0.174547 	0.228350 	0.156881 	0.124728 	 0.013714 
0.173632 	0.224413 	0.154081 	0.123663 	 0.013518 
0.179958 	0.222621 	0.152941 	0.122317 	 0.013068 
0.194434 	0.209151 	0.144183 	0.114822 	 0.012475 
0.185598 	0.219430 	0.150657 	0.121630 	 0.013142 
0.169790 	0.233187 	0.160094 	0.129603 	 0.014356 
0.183577 	0.218766 	0.150380 	0.119888 	 0.013231 
0.167907 	0.223601 	0.153807 	0.121539 	 0.013637 
0.180377 	0.226269 	0.155524 	0.123282 	 0.012815 
0.183620 	0.217223 	0.149372 	0.117506 	 0.011985 
0.172085 	0.230719 	0.158137 	0.127852 	 0.013498 
0.161995 	0.234309 	0.161028 	0.128776 	 0.014604 
0.178006 	0.233548 	0.160975 	0.126439 	 0.014001 
0.177586 	0.230428 	0.158398 	0.126548 	 0.013249 
0.174122 	0.225083 	0.154956 	0.124064 	 0.014242 
0.179245 	0.223191 	0.153119 	0.124130 	 0.012662 
0.168376 	0.231712 	0.159031 	0.129675 	 0.014071 
0.180952 	0.226209 	0.155824 	0.124710 	 0.013444 
0.170871 	0.229038 	0.157507 	0.126526 	 0.013857 
0.178417 	0.230257 	0.158526 	0.127635 	 0.014205 
0.181612 	0.226937 	0.156783 	0.122733 	 0.013653 
0.175546 	0.230789 	0.159085 	0.124720 	 0.013821 
0.164662 	0.238643 	0.164113 	0.132857 	 0.014897 
0.175281 	0.222254 	0.153678 	0.116655 	 0.013274 
0.168448 	0.233010 	0.160297 	0.126807 	 0.013822 
0.170477 	0.230707 	0.158954 	0.125603 	 0.013929 
0.169418 	0.235884 	0.162504 	0.128207 	 0.014425 
0.183144 	0.219142 	0.151726 	0.116209 	 0.012980 
0.165767 	0.234374 	0.161734 	0.128325 	 0.015009 
0.165981 	0.236141 	0.162857 	0.126491 	 0.013627 
0.171522 	0.233949 	0.161515 	0.124372 	 0.013442 
0.158558 	0.240417 	0.165685 	0.129144 	 0.014355 
0.163484 	0.240513 	0.165682 	0.131502 	 0.015031 
0.171034 	0.235275 	0.162365 	0.127693 	 0.014052 
0.175605 	0.232406 	0.160764 	0.124145 	 0.013542 
0.158586 	0.235112 	0.162304 	0.124809 	 0.014223 
0.180327 	0.238346 	0.164887 	0.127036 	 0.013348 
0.167609 	0.237998 	0.163946 	0.130119 	 0.013641 
0.174581 	0.230206 	0.159427 	0.121905 	 0.013166 
0.165860 	0.227541 	0.157429 	0.122131 	 0.013759 
0.158144 	0.242033 	0.167360 	0.129468 	 0.014755 
0.161545 	0.246604 	0.169834 	0.132853 	 0.014039 
0.172901 	0.227334 	0.157675 	0.119574 	 0.012907 
0.188697 	0.216504 	0.151316 	0.110136 	 0.012449 
0.167715 	0.235085 	0.162950 	0.122871 	 0.013499 
0.165601 	0.243828 	0.168640 	0.129275 	 0.014102 
0.154123 	0.242210 	0.167222 	0.130887 	 0.014424 
0.156391 	0.246151 	0.170260 	0.130834 	 0.014551 
0.166722 	0.237609 	0.164640 	0.123760 	 0.014070 
0.148453 	0.248710 	0.171646 	0.133204 	 0.015100 
0.155848 	0.240370 	0.166398 	0.125872 	 0.014267 
0.166360 	0.237606 	0.164724 	0.124069 	 0.013485 
0.170898 	0.233443 	0.162321 	0.121094 	 0.013530 
0.172805 	0.232301 	0.161518 	0.120347 	 0.013530 
0.162626 	0.245780 	0.170167 	0.132179 	 0.014950 
0.172792 	0.233939 	0.162847 	0.118407 	 0.012955 
0.148123 	0.251239 	0.173942 	0.132036 	 0.015281 
0.154373 	0.249879 	0.173222 	0.130022 	 0.014393 
0.165256 	0.227226 	0.158250 	0.116122 	 0.013274 
0.170611 	0.228787 	0.158807 	0.118013 	 0.012376 
0.159883 	0.232099 	0.161605 	0.120329 	 0.014008 
0.161879 	0.241982 	0.168352 	0.125584 	 0.014102 
0.163809 	0.226479 	0.157777 	0.115398 	 0.013083 
0.160286 	0.233949 	0.162406 	0.122673 	 0.013501 
0.152766 	0.243646 	0.168575 	0.130186 	 0.014241 
0.156378 	0.242190 	0.168182 	0.127186 	 0.014290 
0.158089 	0.237027 	0.164819 	0.124760 	 0.014025 
0.156221 	0.234189 	0.163000 	0.120754 	 0.013659 
0.158908 	0.239575 	0.166281 	0.127821 	 0.014209 
0.160707 	0.240143 	0.167253 	0.122010 	 0.013410 
0.154278 	0.241776 	0.168035 	0.126195 	 0.014448 
0.148480 	0.245156 	0.170287 	0.128258 	 0.014757 
0.164750 	0.229835 	0.160555 	0.117186 	 0.013552 
0.138941 	0.258780 	0.178901 	0.137479 	 0.015401 
0.155390 	0.243260 	0.169300 	0.125029 	 0.014470 
0.140842 	0.260857 	0.180831 	0.138081 	 0.015124 
0.149401 	0.244211 	0.170039 	0.123876 	 0.014254 
0.151200 	0.242277 	0.168404 	0.126950 	 0.014446 
0.160141 	0.240343 	0.167786 	0.121475 	 0.014062 
0.149480 	0.248259 	0.172986 	0.127317 	 0.014305 
0.166351 	0.230557 	0.161388 	0.116874 	 0.013469 
0.160188 	0.241321 	0.168294 	0.124936 	 0.014170 
0.159909 	0.231998 	0.162546 	0.115725 	 0.013509 
0.158564 	0.231587 	0.162573 	0.114920 	 0.013575 
0.152232 	0.250750 	0.174711 	0.128082 	 0.013996 
0.154445 	0.246929 	0.171860 	0.130081 	 0.014460 
0.152766 	0.246882 	0.172580 	0.124476 	 0.014085 
0.149257 	0.248419 	0.173433 	0.126324 	 0.014794 
0.136546 	0.260828 	0.181446 	0.132215 	 0.014843 
0.136670 	0.261985 	0.181612 	0.137959 	 0.015393 
0.151619 	0.248874 	0.173683 	0.127932 	 0.015081 
0.156729 	0.235546 	0.165196 	0.117835 	 0.013931 
0.150349 	0.239151 	0.167321 	0.121078 	 0.014493 
0.153225 	0.244395 	0.170705 	0.123344 	 0.013983 
0.142752 	0.257980 	0.180023 	0.131816 	 0.015335 
0.145678 	0.248999 	0.173927 	0.127270 	 0.015009 
0.149926 	0.248986 	0.174692 	0.123803 	 0.015424 
0.137577 	0.253894 	0.177245 	0.127285 	 0.014950 
0.136547 	0.252438 	0.176473 	0.126649 	 0.015361 
0.160910 	0.235783 	0.165822 	0.113068 	 0.012805 
0.135453 	0.263898 	0.183551 	0.136185 	 0.015143 
0.131296 	0.260097 	0.181077 	0.135508 	 0.015722 
0.137011 	0.256180 	0.179040 	0.128255 	 0.015143 
0.150726 	0.244890 	0.172195 	0.118938 	 0.014000 
0.125740 	0.256445 	0.179462 	0.127153 	 0.015851 
0.140944 	0.254335 	0.177964 	0.123695 	 0.014140 
0.140861 	0.254749 	0.178615 	0.126215 	 0.015415 
0.136832 	0.255812 	0.179229 	0.127471 	 0.015113 
0.139990 	0.261145 	0.182706 	0.129373 	 0.015035 
0.133869 	0.250597 	0.176068 	0.123302 	 0.015520 
0.147571 	0.255772 	0.179395 	0.126978 	 0.014996 
0.137608 	0.258015 	0.180865 	0.128761 	 0.016093 
0.149194 	0.243311 	0.171241 	0.119254 	 0.014412 
0.150659 	0.241891 	0.170326 	0.117375 	 0.014202 
0.145456 	0.246030 	0.173261 	0.118131 	 0.014457 
0.133111 	0.264196 	0.184705 	0.133009 	 0.015483 
0.132250 	0.265193 	0.185764 	0.131134 	 0.015313 
0.135092 	0.262007 	0.183543 	0.130177 	 0.015854 
0.135407 	0.268057 	0.187450 	0.135393 	 0.015652 
0.144534 	0.255000 	0.179315 	0.125174 	 0.015137 
0.137477 	0.256590 	0.180544 	0.123707 	 0.014918 
0.127996 	0.261049 	0.183371 	0.128571 	 0.015622 
0.136748 	0.261351 	0.183442 	0.130568 	 0.015578 
0.123843 	0.269065 	0.188831 	0.134764 	 0.016801 
0.141826 	0.258571 	0.181817 	0.128331 	 0.015765 
0.129345 	0.267319 	0.187276 	0.134369 	 0.016476 
0.143387 	0.253666 	0.178737 	0.122406 	 0.015014 
0.140482 	0.263027 	0.184428 	0.133050 	 0.015362 
0.135289 	0.269546 	0.189011 	0.136423 	 0.016236 
0.135827 	0.263028 	0.185065 	0.127798 	 0.015640 
0.120791 	0.274268 	0.192272 	0.138154 	 0.016703 
0.144532 	0.251091 	0.177751 	0.119201 	 0.015085 
0.148465 	0.251077 	0.177684 	0.117115 	 0.014611 
0.141723 	0.258210 	0.182004 	0.125607 	 0.015277 
0.129521 	0.270299 	0.189722 	0.135407 	 0.016014 
0.128134 	0.276823 	0.194119 	0.138319 	 0.016607 
0.133033 	0.260506 	0.183894 	0.126079 	 0.015941 
0.109196 	0.283423 	0.198299 	0.144527 	 0.017541 
0.144863 	0.259251 	0.182721 	0.125820 	 0.014216 
0.141981 	0.254664 	0.180143 	0.120834 	 0.014416 
0.154583 	0.233467 	0.166659 	0.105260 	 0.013830 
0.132077 	0.262143 	0.185003 	0.126859 	 0.015524 
0.121305 	0.274649 	0.193436 	0.132225 	 0.015944 
0.134277 	0.270125 	0.190110 	0.132059 	 0.015067 
0.128012 	0.265478 	0.187536 	0.125820 	 0.015720 
0.139446 	0.265689 	0.187645 	0.128934 	 0.015658 
0.122859 	0.269523 	0.190433 	0.128440 	 0.015827 
0.130240 	0.267856 	0.189359 	0.127611 	 0.016139 
0.126161 	0.269824 	0.190561 	0.131606 	 0.016690 
0.126299 	0.266999 	0.189015 	0.127043 	 0.015888 
0.132841 	0.267956 	0.189508 	0.128651 	 0.016210 
0.129633 	0.270913 	0.191490 	0.129341 	 0.015924 
0.142042 	0.258553 	0.183232 	0.122375 	 0.015046 
0.133450 	0.266924 	0.188960 	0.125333 	 0.015465 
0.130083 	0.261122 	0.185358 	0.120204 	 0.015064 
0.127700 	0.270001 	0.191030 	0.129503 	 0.016150 
0.120339 	0.272600 	0.192416 	0.130754 	 0.016353 
0.130202 	0.262286 	0.186148 	0.122122 	 0.015284 
0.129786 	0.262647 	0.186622 	0.122971 	 0.015837 
0.116253 	0.278912 	0.197149 	0.134667 	 0.017207 
0.128712 	0.274781 	0.194796 	0.128217 	 0.015944 
0.129861 	0.272500 	0.192837 	0.128708 	 0.015588 
0.132507 	0.259422 	0.184331 	0.120073 	 0.014863 
0.127530 	0.274669 	0.194239 	0.132852 	 0.016039 
0.145551 	0.252966 	0.180171 	0.115929 	 0.014480 
0.122386 	0.276020 	0.195150 	0.135088 	 0.017124 
0.124976 	0.273202 	0.193400 	0.128379 	 0.015873 
0.113922 	0.286324 	0.202171 	0.137274 	 0.016859 
0.130162 	0.277177 	0.196306 	0.133219 	 0.016785 
0.132117 	0.262531 	0.186827 	0.121323 	 0.015774 
0.123618 	0.273941 	0.194049 	0.131617 	 0.016364 
0.138673 	0.265175 	0.188768 	0.122256 	 0.015303 
0.121773 	0.275778 	0.195619 	0.129378 	 0.016266 
0.123706 	0.272923 	0.193757 	0.128504 	 0.016098 
0.139668 	0.258292 	0.184338 	0.118883 	 0.015271 
0.121573 	0.273494 	0.194169 	0.129814 	 0.016532 
0.129877 	0.264320 	0.188280 	0.121500 	 0.015627 
0.122752 	0.271385 	0.192874 	0.127869 	 0.016222 
0.130608 	0.265994 	0.189844 	0.121407 	 0.016015 
0.122868 	0.271057 	0.192784 	0.127064 	 0.016184 
0.129416 	0.265295 	0.189653 	0.120279 	 0.016040 
0.134907 	0.256352 	0.182938 	0.116746 	 0.015071 
0.141409 	0.257931 	0.184381 	0.118954 	 0.015221 
0.129289 	0.279976 	0.199138 	0.131174 	 0.016617 
0.129187 	0.263756 	0.188805 	0.118383 	 0.015847 
0.115454 	0.279503 	0.198486 	0.133417 	 0.017120 
0.124361 	0.268151 	0.191430 	0.123464 	 0.016181 
0.118660 	0.276944 	0.196848 	0.132839 	 0.016976 
0.122376 	0.270370 	0.192323 	0.128777 	 0.016456 
0.122745 	0.276660 	0.197506 	0.126968 	 0.017000 
0.117588 	0.285217 	0.202988 	0.132532 	 0.017223 
0.120778 	0.277893 	0.197806 	0.128029 	 0.016335 
0.129022 	0.272656 	0.194249 	0.126800 	 0.015746 
0.112610 	0.285843 	0.203415 	0.134346 	 0.017699 
0.103925 	0.287563 	0.204081 	0.136183 	 0.017539 
0.128228 	0.266262 	0.190401 	0.121336 	 0.015949 
0.114115 	0.283377 	0.201862 	0.131483 	 0.016879 
0.124814 	0.275375 	0.196682 	0.126226 	 0.015678 
0.119408 	0.287175 	0.204277 	0.134986 	 0.016903 
0.119688 	0.281680 	0.201087 	0.129393 	 0.017005 
0.117747 	0.273811 	0.195351 	0.126438 	 0.016197 
0.126131 	0.275731 	0.197048 	0.125844 	 0.016216 
0.113984 	0.282493 	0.201364 	0.133276 	 0.017595 
0.128406 	0.270860 	0.194062 	0.122947 	 0.016328 
0.107013 	0.278116 	0.198959 	0.127043 	 0.017427 
0.120140 	0.278460 	0.199046 	0.128601 	 0.017188 
0.115474 	0.270667 	0.194236 	0.121615 	 0.016784 
0.113169 	0.273650 	0.195378 	0.126292 	 0.016241 
0.113940 	0.264013 	0.189826 	0.115488 	 0.016126 
0.121056 	0.271284 	0.193918 	0.126448 	 0.016244 
0.131616 	0.256780 	0.185210 	0.113749 	 0.015911 
0.111674 	0.263023 	0.188397 	0.118892 	 0.015855 
0.120576 	0.272094 	0.194891 	0.121328 	 0.015943 
0.127279 	0.257788 	0.185169 	0.116426 	 0.015187 
0.115573 	0.274001 	0.196652 	0.124936 	 0.017255 
0.130347 	0.262013 	0.188583 	0.116011 	 0.015391 
0.113913 	0.279371 	0.200200 	0.126951 	 0.017073 
0.124193 	0.265098 	0.190555 	0.118906 	 0.016088 
0.123531 	0.265502 	0.191076 	0.117597 	 0.015793 
0.110878 	0.275595 	0.197978 	0.122062 	 0.016826 
0.115504 	0.269063 	0.193090 	0.122347 	 0.016470 
0.131547 	0.257412 	0.186043 	0.111339 	 0.015814 
0.121535 	0.264695 	0.190456 	0.117751 	 0.015646 
0.129437 	0.267362 	0.192634 	0.119030 	 0.016053 
0.124549 	0.254211 	0.184621 	0.105896 	 0.015903 
0.134033 	0.259812 	0.187575 	0.112976 	 0.015140 
0.115542 	0.279779 	0.200458 	0.130435 	 0.017002 
0.112116 	0.288672 	0.206753 	0.133606 	 0.017508 
0.119277 	0.273819 	0.196960 	0.124381 	 0.016849 
0.131972 	0.268753 	0.193957 	0.120001 	 0.016186 
0.119110 	0.275535 	0.197857 	0.126379 	 0.016812 
0.114199 	0.274535 	0.197491 	0.123427 	 0.017179 
0.106868 	0.277115 	0.199673 	0.124005 	 0.018063 
0.110178 	0.285068 	0.204196 	0.130495 	 0.017857 
0.110998 	0.275476 	0.198468 	0.119740 	 0.016764 
0.120753 	0.266345 	0.193286 	0.112983 	 0.016463 
0.439578 	-0.000146 	0.001426 	-0.002981 	 0.000069 
0.441980 	0.005273 	0.004557 	0.003674 	 0.000950 
0.450202 	0.012433 	0.009010 	0.014654 	 0.001275 
0.447461 	0.010392 	0.007604 	0.013906 	 0.001700 
0.440999 	0.028381 	0.019073 	0.028429 	 0.002160 
0.444996 	0.023606 	0.016446 	0.022323 	 0.002173 
0.426728 	0.035687 	0.024070 	0.031769 	 0.003161 
0.437005 	0.026169 	0.017754 	0.027469 	 0.002570 
0.431857 	0.035439 	0.024152 	0.030525 	 0.003245 
0.429656 	0.025610 	0.016984 	0.029305 	 0.003059 
0.421891 	0.032056 	0.021957 	0.028941 	 0.004029 
0.423344 	0.035809 	0.023770 	0.035378 	 0.003646 
0.438262 	0.030036 	0.020511 	0.026438 	 0.002135 
0.449877 	0.011699 	0.008141 	0.017666 	 0.002360 
0.430996 	0.037195 	0.025106 	0.031081 	 0.002877 
0.416044 	0.048711 	0.031862 	0.043812 	 0.004081 
0.408116 	0.048314 	0.032299 	0.041257 	 0.004422 
0.420035 	0.035208 	0.023551 	0.031926 	 0.003448 
0.402133 	0.049806 	0.032745 	0.043636 	 0.004659 
0.410196 	0.044436 	0.029817 	0.038508 	 0.004995 
0.397654 	0.056062 	0.036498 	0.048453 	 0.005114 
0.396222 	0.054688 	0.035887 	0.049654 	 0.005601 
0.408821 	0.050720 	0.033762 	0.042510 	 0.005298 
0.395303 	0.053309 	0.034888 	0.046064 	 0.005492 
0.389384 	0.055483 	0.036285 	0.049563 	 0.005864 
0.394568 	0.058515 	0.038854 	0.048095 	 0.005751 
0.398065 	0.053659 	0.035458 	0.046265 	 0.005453 
0.388245 	0.049065 	0.032445 	0.044004 	 0.005751 
0.400301 	0.049558 	0.033125 	0.041075 	 0.005157 
0.380031 	0.069028 	0.045250 	0.058002 	 0.007349 
0.392256 	0.056762 	0.037393 	0.049987 	 0.006073 
0.386097 	0.061101 	0.039737 	0.054888 	 0.006038 
0.383210 	0.060259 	0.039999 	0.049968 	 0.007027 
0.397127 	0.053468 	0.035527 	0.044964 	 0.005428 
0.379582 	0.064331 	0.042544 	0.053548 	 0.007162 
0.380997 	0.063428 	0.041998 	0.050780 	 0.006139 
0.383694 	0.058456 	0.038485 	0.050271 	 0.006493 
0.385822 	0.055777 	0.036528 	0.050558 	 0.006343 
0.388468 	0.051778 	0.034144 	0.047730 	 0.006204 
0.371595 	0.064080 	0.042296 	0.053691 	 0.007229 
0.364884 	0.076346 	0.050443 	0.061614 	 0.007880 
0.367186 	0.070222 	0.045816 	0.060195 	 0.006957 
0.376824 	0.062791 	0.041201 	0.051918 	 0.006089 
0.371969 	0.072986 	0.048274 	0.058093 	 0.006950 
0.372624 	0.058647 	0.038693 	0.049457 	 0.006642 
0.375874 	0.064494 	0.042818 	0.053991 	 0.007308 
0.362949 	0.070754 	0.046024 	0.060259 	 0.006919 
0.375828 	0.061810 	0.041015 	0.052650 	 0.007088 
0.369337 	0.065444 	0.043188 	0.054497 	 0.007119 
0.358653 	0.071664 	0.047045 	0.060582 	 0.008026 
0.373839 	0.068171 	0.045048 	0.057102 	 0.006837 
0.370988 	0.059528 	0.039608 	0.047727 	 0.006428 
0.373435 	0.068123 	0.044870 	0.057013 	 0.006983 
0.376702 	0.062949 	0.041481 	0.054094 	 0.006461 
0.357628 	0.080797 	0.053180 	0.066747 	 0.008835 
0.364458 	0.071379 	0.047092 	0.060761 	 0.007973 
0.362580 	0.067159 	0.044050 	0.059296 	 0.007095 
0.348069 	0.084878 	0.055485 	0.069528 	 0.007954 
0.356087 	0.075996 	0.049810 	0.064133 	 0.008003 
0.351052 	0.079074 	0.052762 	0.061508 	 0.008513 
0.360718 	0.067078 	0.044410 	0.056635 	 0.007753 
0.362524 	0.061553 	0.041170 	0.049665 	 0.007499 
0.350483 	0.068804 	0.045702 	0.055730 	 0.008049 
0.343673 	0.075570 	0.050052 	0.061440 	 0.008837 
0.365729 	0.062886 	0.041559 	0.053027 	 0.006903 
0.351182 	0.074006 	0.048664 	0.061678 	 0.007906 
0.347203 	0.076769 	0.050757 	0.062274 	 0.008200 
0.359863 	0.073046 	0.048580 	0.059903 	 0.008669 
0.342176 	0.080406 	0.052654 	0.066739 	 0.008746 
0.335317 	0.083956 	0.054927 	0.069950 	 0.009481 
0.336600 	0.077774 	0.050992 	0.063830 	 0.008507 
0.336704 	0.087365 	0.057809 	0.068102 	 0.009223 
0.337481 	0.079660 	0.052714 	0.064546 	 0.008938 
0.341713 	0.084742 	0.055934 	0.069658 	 0.009537 
0.334260 	0.077795 	0.051376 	0.063419 	 0.008872 
0.346803 	0.066384 	0.044000 	0.055875 	 0.007693 
0.334642 	0.091701 	0.060785 	0.071120 	 0.009525 
0.334039 	0.090347 	0.059643 	0.069482 	 0.008381 
0.333921 	0.090343 	0.059594 	0.072211 	 0.009534 
0.346971 	0.075852 	0.050518 	0.060217 	 0.008076 
0.325564 	0.092396 	0.060609 	0.073695 	 0.009213 
0.330471 	0.085495 	0.056750 	0.066473 	 0.009195 
0.326087 	0.087097 	0.057064 	0.072085 	 0.009424 
0.338713 	0.084579 	0.056180 	0.065316 	 0.008385 
0.322678 	0.098902 	0.065101 	0.077652 	 0.009872 
0.322820 	0.091794 	0.060716 	0.071422 	 0.009606 
0.333220 	0.085073 	0.056567 	0.065610 	 0.008989 
0.334691 	0.075556 	0.049973 	0.060606 	 0.008436 
0.321103 	0.089367 	0.059340 	0.066901 	 0.009123 
0.325038 	0.092038 	0.061068 	0.070242 	 0.009473 
0.333677 	0.086809 	0.057310 	0.070240 	 0.009301 
0.318751 	0.094897 	0.062727 	0.072308 	 0.009651 
0.317289 	0.095120 	0.062773 	0.073012 	 0.009785 
0.325826 	0.085787 	0.057066 	0.066630 	 0.009258 
0.325557 	0.087291 	0.057799 	0.068054 	 0.009154 
0.317105 	0.097772 	0.064848 	0.074146 	 0.009719 
0.330922 	0.086206 	0.057532 	0.066931 	 0.009485 
0.314308 	0.091034 	0.060233 	0.071167 	 0.010084 
0.327423 	0.086781 	0.057787 	0.066100 	 0.009023 
0.326171 	0.092723 	0.061711 	0.070049 	 0.009111 
0.315154 	0.095806 	0.063572 	0.073887 	 0.009819 
0.320973 	0.092339 	0.061181 	0.070381 	 0.009102 
0.319584 	0.089734 	0.059831 	0.066579 	 0.009195 
0.318894 	0.084522 	0.056324 	0.064799 	 0.009397 
0.327023 	0.083060 	0.055392 	0.064283 	 0.008859 
0.304451 	0.098056 	0.065016 	0.075291 	 0.010296 
0.309589 	0.104444 	0.069776 	0.076747 	 0.010706 
0.302352 	0.106568 	0.070473 	0.080387 	 0.010604 
0.313884 	0.098015 	0.064744 	0.076206 	 0.010008 
0.309608 	0.091440 	0.060252 	0.071393 	 0.009411 
0.321223 	0.089069 	0.059256 	0.067657 	 0.008969 
0.290747 	0.107978 	0.071589 	0.080812 	 0.011014 
0.308866 	0.094826 	0.063689 	0.068782 	 0.010171 
0.307851 	0.101609 	0.067533 	0.074847 	 0.010019 
0.296779 	0.110925 	0.073544 	0.083257 	 0.011390 
0.312182 	0.101279 	0.067520 	0.076914 	 0.010046 
0.310458 	0.098592 	0.065774 	0.073828 	 0.010640 
0.316437 	0.096179 	0.064329 	0.071124 	 0.009996 
0.311006 	0.093918 	0.063219 	0.068011 	 0.010371 
0.309840 	0.099692 	0.066252 	0.075889 	 0.010685 
0.302619 	0.097838 	0.065265 	0.073201 	 0.010567 
0.301062 	0.097958 	0.065095 	0.073976 	 0.010435 
0.288839 	0.114425 	0.075743 	0.086969 	 0.011839 
0.307479 	0.103973 	0.069148 	0.077016 	 0.010246 
0.306294 	0.105273 	0.070415 	0.076800 	 0.010507 
0.283594 	0.114361 	0.075778 	0.084004 	 0.011696 
0.292484 	0.115066 	0.076426 	0.087137 	 0.011904 
0.294301 	0.106011 	0.070341 	0.079556 	 0.011075 
0.291825 	0.105288 	0.070361 	0.076631 	 0.010693 
0.289101 	0.118356 	0.078800 	0.085271 	 0.011375 
0.299943 	0.100983 	0.067094 	0.077039 	 0.010232 
0.288269 	0.112883 	0.075327 	0.081527 	 0.011284 
0.283832 	0.111675 	0.074371 	0.082100 	 0.011408 
0.300182 	0.100121 	0.067104 	0.074605 	 0.010839 
0.287029 	0.117149 	0.077807 	0.085943 	 0.012173 
0.284215 	0.112266 	0.074667 	0.081732 	 0.011379 
0.284213 	0.112777 	0.074899 	0.085141 	 0.012205 
0.289721 	0.104730 	0.070076 	0.077679 	 0.011553 
0.294025 	0.104454 	0.069894 	0.075302 	 0.010370 
0.282948 	0.109184 	0.072897 	0.078320 	 0.011016 
0.293724 	0.106468 	0.071275 	0.077016 	 0.011016 
0.300913 	0.102168 	0.068690 	0.073413 	 0.010412 
0.270676 	0.121686 	0.081065 	0.088528 	 0.012703 
0.282018 	0.104932 	0.070111 	0.076362 	 0.011164 
0.263743 	0.126642 	0.084371 	0.090023 	 0.013126 
0.271965 	0.121559 	0.081283 	0.085447 	 0.012701 
0.268692 	0.121837 	0.081274 	0.085842 	 0.011847 
0.289277 	0.114107 	0.076485 	0.081504 	 0.011629 
0.293041 	0.104621 	0.070309 	0.073531 	 0.010444 
0.283570 	0.108272 	0.072757 	0.077719 	 0.011895 
0.282269 	0.108065 	0.072229 	0.078004 	 0.011673 
0.282437 	0.109991 	0.073664 	0.078770 	 0.011709 
0.277092 	0.123125 	0.082375 	0.089019 	 0.012655 
0.287292 	0.116670 	0.078489 	0.080246 	 0.011731 
0.271395 	0.115525 	0.077295 	0.082150 	 0.012400 
0.280555 	0.114167 	0.076107 	0.084576 	 0.011562 
0.278287 	0.112328 	0.075048 	0.080801 	 0.011366 
0.278835 	0.113120 	0.075663 	0.081638 	 0.011805 
0.282215 	0.113172 	0.076379 	0.078644 	 0.012101 
0.271889 	0.119643 	0.079913 	0.087317 	 0.012048 
0.283793 	0.113721 	0.076840 	0.078267 	 0.011557 
0.283509 	0.105899 	0.071385 	0.074279 	 0.011001 
0.279319 	0.109171 	0.073175 	0.078638 	 0.011567 
0.279071 	0.111986 	0.075148 	0.080838 	 0.012082 
0.283598 	0.102543 	0.069059 	0.071746 	 0.010839 
0.280388 	0.103261 	0.069062 	0.076375 	 0.011316 
0.265993 	0.119503 	0.080210 	0.084319 	 0.012304 
0.278738 	0.111146 	0.074931 	0.076050 	 0.011814 
0.285698 	0.104527 	0.070729 	0.071177 	 0.010664 
0.276803 	0.115187 	0.077764 	0.076896 	 0.011140 
0.283348 	0.108288 	0.073132 	0.074960 	 0.011185 
0.285820 	0.105052 	0.070710 	0.073910 	 0.011151 
0.279664 	0.113125 	0.076312 	0.078380 	 0.011540 
0.276939 	0.111069 	0.074840 	0.077892 	 0.011658 
0.273829 	0.107586 	0.072901 	0.072950 	 0.011906 
0.266222 	0.116467 	0.078528 	0.079493 	 0.012100 
0.266144 	0.123169 	0.082679 	0.084678 	 0.011953 
0.264607 	0.128276 	0.086062 	0.088462 	 0.012371 
0.280172 	0.113279 	0.076415 	0.078058 	 0.011329 
0.260547 	0.131216 	0.087968 	0.091096 	 0.012993 
0.269835 	0.109396 	0.073994 	0.074299 	 0.011430 
0.266951 	0.125921 	0.084713 	0.087846 	 0.012603 
0.272994 	0.119838 	0.080474 	0.083696 	 0.011592 
0.265202 	0.121785 	0.081988 	0.082798 	 0.011741 
0.268073 	0.115357 	0.077919 	0.077861 	 0.011438 
0.269400 	0.121590 	0.082362 	0.080888 	 0.011842 
0.267894 	0.120145 	0.081190 	0.081046 	 0.012026 
0.270229 	0.116077 	0.078830 	0.076325 	 0.011842 
0.254817 	0.134526 	0.090481 	0.091942 	 0.013060 
0.273259 	0.112209 	0.075572 	0.078653 	 0.011097 
0.249242 	0.136357 	0.091694 	0.091770 	 0.012799 
0.262264 	0.124462 	0.083803 	0.085157 	 0.011985 
0.258932 	0.128860 	0.087040 	0.085676 	 0.012100 
0.252651 	0.133189 	0.089816 	0.092056 	 0.013326 
0.262985 	0.126129 	0.085166 	0.085118 	 0.012069 
0.257604 	0.120756 	0.081360 	0.083488 	 0.012503 
0.255755 	0.119644 	0.081032 	0.080798 	 0.012535 
0.259710 	0.116664 	0.079203 	0.078118 	 0.012074 
0.250196 	0.127179 	0.085804 	0.084857 	 0.012525 
0.257055 	0.121320 	0.082120 	0.080451 	 0.011906 
0.255246 	0.126316 	0.085310 	0.088786 	 0.013181 
0.258190 	0.124008 	0.084155 	0.081228 	 0.011734 
0.250269 	0.128238 	0.086896 	0.085524 	 0.012893 
0.243945 	0.135579 	0.090998 	0.094751 	 0.013301 
0.250004 	0.134056 	0.091101 	0.084874 	 0.012456 
0.249823 	0.129134 	0.087324 	0.084667 	 0.012321 
0.240285 	0.134420 	0.091022 	0.088274 	 0.013768 
0.243974 	0.132137 	0.089137 	0.088743 	 0.012788 
0.226593 	0.145325 	0.097764 	0.097575 	 0.013810 
0.239866 	0.132575 	0.089807 	0.086080 	 0.012695 
0.237418 	0.138825 	0.094302 	0.090364 	 0.013855 
0.239569 	0.139479 	0.094366 	0.091909 	 0.013142 
0.242074 	0.132040 	0.089351 	0.088282 	 0.013107 
0.233017 	0.143799 	0.096940 	0.098107 	 0.014251 
0.243236 	0.127142 	0.086387 	0.082692 	 0.012956 
0.244789 	0.129318 	0.087853 	0.084600 	 0.013297 
0.233713 	0.134997 	0.091517 	0.087534 	 0.013208 
0.227915 	0.134316 	0.090756 	0.086905 	 0.013064 
0.244062 	0.125311 	0.085654 	0.079591 	 0.012653 
0.242982 	0.137335 	0.093326 	0.087472 	 0.012864 
0.236038 	0.133833 	0.091393 	0.085032 	 0.013308 
0.228878 	0.132809 	0.089960 	0.087349 	 0.013351 
0.233032 	0.141821 	0.096002 	0.092174 	 0.013061 
0.238680 	0.134973 	0.092033 	0.085820 	 0.013025 
0.221061 	0.146162 	0.098967 	0.095278 	 0.014238 
0.233759 	0.127801 	0.087101 	0.081579 	 0.012932 
0.213365 	0.146815 	0.099710 	0.092847 	 0.014368 
0.215816 	0.144693 	0.097958 	0.092837 	 0.013772 
0.219821 	0.148000 	0.100427 	0.095452 	 0.013871 
0.225031 	0.140824 	0.095773 	0.089138 	 0.013411 
0.219667 	0.143614 	0.097494 	0.091766 	 0.013384 
0.217395 	0.151678 	0.103036 	0.098240 	 0.014424 
0.217280 	0.152231 	0.103253 	0.099839 	 0.014908 
0.216847 	0.154416 	0.104617 	0.101600 	 0.014534 
0.209601 	0.152925 	0.103529 	0.098995 	 0.014818 
0.210155 	0.146940 	0.099938 	0.092951 	 0.014750 
0.218220 	0.143136 	0.096704 	0.095402 	 0.013729 
0.209708 	0.148551 	0.100953 	0.094857 	 0.014436 
0.208332 	0.149424 	0.101543 	0.095478 	 0.014715 
0.214925 	0.147492 	0.100329 	0.093484 	 0.014286 
0.210983 	0.150294 	0.102387 	0.093675 	 0.014151 
0.215010 	0.144659 	0.098883 	0.090181 	 0.014193 
0.191509 	0.157236 	0.107023 	0.097826 	 0.015433 
0.195433 	0.152943 	0.103911 	0.095778 	 0.015081 
0.198169 	0.162109 	0.109683 	0.104249 	 0.015786 
0.214100 	0.141781 	0.096820 	0.087892 	 0.013680 
0.212846 	0.149465 	0.101990 	0.091911 	 0.013741 
0.188743 	0.165184 	0.111317 	0.107283 	 0.015092 
0.190848 	0.160080 	0.109107 	0.099890 	 0.015734 
0.196542 	0.159381 	0.108268 	0.099108 	 0.014108 
0.191616 	0.161717 	0.109565 	0.102696 	 0.015163 
0.215058 	0.145397 	0.099637 	0.092127 	 0.014609 
0.197642 	0.154828 	0.105762 	0.094598 	 0.014746 
0.202008 	0.146353 	0.100095 	0.089847 	 0.013947 
0.201082 	0.156069 	0.106555 	0.095937 	 0.014897 
0.190905 	0.161570 	0.109587 	0.100818 	 0.014651 
0.189203 	0.164644 	0.112378 	0.101361 	 0.015236 
0.188219 	0.154304 	0.105196 	0.096317 	 0.015205 
0.195628 	0.160890 	0.110114 	0.097789 	 0.014997 
0.207903 	0.151240 	0.103789 	0.090260 	 0.013842 
0.182230 	0.175849 	0.119129 	0.110392 	 0.016080 
0.180960 	0.166388 	0.113553 	0.100582 	 0.015900 
0.183078 	0.164283 	0.111530 	0.104344 	 0.015727 
0.179773 	0.171763 	0.117505 	0.104679 	 0.016475 
0.184593 	0.167764 	0.114064 	0.105725 	 0.015729 
0.183258 	0.159176 	0.108600 	0.098683 	 0.015464 
0.185100 	0.166682 	0.113567 	0.102517 	 0.015539 
0.185617 	0.163005 	0.110778 	0.101057 	 0.014813 
0.176409 	0.170718 	0.116245 	0.105359 	 0.016610 
0.181067 	0.163388 	0.111475 	0.097929 	 0.014941 
0.183477 	0.161916 	0.110419 	0.097062 	 0.014926 
0.187399 	0.166544 	0.113552 	0.102462 	 0.015374 
0.188632 	0.155003 	0.106035 	0.093286 	 0.015137 
0.196455 	0.150301 	0.103124 	0.090731 	 0.014093 
0.167813 	0.168923 	0.114907 	0.103776 	 0.015890 
0.184724 	0.156980 	0.107841 	0.094244 	 0.015421 
0.172691 	0.172134 	0.116899 	0.108413 	 0.016086 
0.177946 	0.174375 	0.118977 	0.107366 	 0.016313 
0.184739 	0.159094 	0.108911 	0.096117 	 0.015119 
0.190441 	0.167202 	0.114503 	0.100204 	 0.015151 
0.179901 	0.168135 	0.115060 	0.102132 	 0.015858 
0.179111 	0.166080 	0.113228 	0.101591 	 0.014882 
0.182092 	0.169986 	0.116093 	0.103172 	 0.015573 
0.169905 	0.175069 	0.119750 	0.104257 	 0.016220 
0.170378 	0.183779 	0.124976 	0.113360 	 0.016467 
0.181880 	0.160473 	0.109962 	0.096837 	 0.015211 
0.189248 	0.158252 	0.108849 	0.092689 	 0.014236 
0.168267 	0.176273 	0.120476 	0.105733 	 0.016598 
0.181657 	0.163803 	0.112318 	0.098954 	 0.015293 
0.176190 	0.173305 	0.118755 	0.104108 	 0.016254 
0.174484 	0.164368 	0.112553 	0.097717 	 0.015672 
0.180686 	0.150039 	0.103103 	0.089866 	 0.014571 
0.154700 	0.186002 	0.126623 	0.114826 	 0.017959 
0.185663 	0.163796 	0.112739 	0.098691 	 0.015120 
0.173739 	0.166590 	0.114438 	0.098542 	 0.016003 
0.160179 	0.186906 	0.127358 	0.115042 	 0.016850 
0.177962 	0.161552 	0.111371 	0.092823 	 0.015087 
0.166930 	0.181311 	0.123772 	0.111170 	 0.016518 
0.181273 	0.169673 	0.116123 	0.102984 	 0.015584 
0.173704 	0.174647 	0.120017 	0.103071 	 0.015857 
0.184882 	0.159721 	0.110149 	0.092467 	 0.014716 
0.178403 	0.166290 	0.114530 	0.099810 	 0.016115 
0.170674 	0.176427 	0.121234 	0.104055 	 0.016103 
0.185704 	0.167916 	0.115576 	0.099801 	 0.015172 
0.170293 	0.177356 	0.121551 	0.105502 	 0.015752 
0.196580 	0.150909 	0.104868 	0.087816 	 0.014343 
0.182042 	0.168956 	0.116539 	0.098958 	 0.015392 
0.182219 	0.167964 	0.116019 	0.097157 	 0.015431 
0.164531 	0.182842 	0.125252 	0.110071 	 0.016572 
0.180740 	0.169950 	0.117257 	0.099292 	 0.015447 
0.170459 	0.163203 	0.112431 	0.095303 	 0.015143 
0.178194 	0.165136 	0.113558 	0.099207 	 0.015582 
0.168749 	0.176605 	0.121267 	0.103823 	 0.015772 
0.181528 	0.160678 	0.111227 	0.092523 	 0.014648 
0.166245 	0.184528 	0.126862 	0.106439 	 0.016067 
0.171566 	0.173339 	0.119599 	0.099759 	 0.015971 
0.164155 	0.176954 	0.121717 	0.104404 	 0.016463 
0.168589 	0.167668 	0.115390 	0.097999 	 0.014927 
0.166164 	0.172676 	0.118406 	0.100482 	 0.015192 
0.174626 	0.172710 	0.119601 	0.097509 	 0.015712 
0.175798 	0.165802 	0.114279 	0.098765 	 0.014990 
0.181597 	0.160449 	0.111110 	0.093077 	 0.014928 
0.166744 	0.166943 	0.115250 	0.097267 	 0.015316 
0.174991 	0.159573 	0.110464 	0.091672 	 0.014826 
0.177008 	0.172234 	0.119445 	0.096540 	 0.015338 
0.177159 	0.168657 	0.117300 	0.094530 	 0.015559 
0.172732 	0.161113 	0.111936 	0.091601 	 0.015354 
0.163746 	0.181906 	0.125553 	0.103930 	 0.015582 
0.163078 	0.177157 	0.122379 	0.102381 	 0.016448 
0.168944 	0.174344 	0.120618 	0.100113 	 0.015831 
0.177201 	0.168755 	0.117253 	0.096530 	 0.015700 
0.175090 	0.170571 	0.118344 	0.097081 	 0.015635 
0.156859 	0.177618 	0.122729 	0.102507 	 0.016495 
0.162954 	0.181388 	0.125156 	0.105248 	 0.016233 
0.169451 	0.172478 	0.120072 	0.095495 	 0.015835 
0.188923 	0.165219 	0.115136 	0.093285 	 0.014871 
0.171949 	0.165556 	0.115160 	0.093613 	 0.015113 
0.171099 	0.176374 	0.122372 	0.099411 	 0.016050 
0.170088 	0.171924 	0.119600 	0.096129 	 0.015799 
0.164981 	0.172912 	0.119793 	0.098928 	 0.015849 
0.175114 	0.174939 	0.121354 	0.099868 	 0.015524 
0.169307 	0.170049 	0.118402 	0.094360 	 0.015318 
0.159146 	0.179363 	0.124250 	0.102639 	 0.016215 
0.179256 	0.167987 	0.116974 	0.093977 	 0.014898 
0.174967 	0.169627 	0.118152 	0.094744 	 0.015080 
0.169688 	0.169162 	0.117682 	0.096380 	 0.015737 
0.165786 	0.166764 	0.116120 	0.094798 	 0.015754 
0.166197 	0.162253 	0.113278 	0.089205 	 0.015158 
0.163671 	0.168141 	0.116917 	0.092936 	 0.015160 
0.156180 	0.180396 	0.125475 	0.099161 	 0.015998 
0.174319 	0.164291 	0.114841 	0.090293 	 0.015503 
0.157929 	0.180675 	0.125267 	0.102627 	 0.016284 
0.158585 	0.181031 	0.125831 	0.101149 	 0.016353 
0.154446 	0.174790 	0.121846 	0.095997 	 0.015948 
0.153224 	0.178524 	0.123870 	0.102409 	 0.016575 
0.153442 	0.181641 	0.126104 	0.102723 	 0.016539 
0.153032 	0.179801 	0.124768 	0.103587 	 0.016410 
0.151689 	0.180766 	0.125862 	0.101548 	 0.016747 
0.140737 	0.178083 	0.124027 	0.098343 	 0.016868 
0.150874 	0.186504 	0.129442 	0.106089 	 0.017111 
0.144187 	0.183996 	0.128212 	0.100039 	 0.016479 
0.151009 	0.185872 	0.129022 	0.104896 	 0.016599 
0.148152 	0.182822 	0.127040 	0.104801 	 0.016471 
0.152500 	0.183484 	0.127838 	0.101738 	 0.016576 
0.146103 	0.185943 	0.129231 	0.104844 	 0.016782 
0.143123 	0.192173 	0.133208 	0.107107 	 0.016808 
0.138584 	0.192907 	0.133697 	0.110067 	 0.017241 
0.147257 	0.190908 	0.132863 	0.106020 	 0.017262 
0.175324 	0.171291 	0.120337 	0.091629 	 0.015116 
0.147496 	0.189817 	0.131913 	0.106132 	 0.016850 
0.149395 	0.188990 	0.131755 	0.105399 	 0.017028 
0.149292 	0.182462 	0.127240 	0.101378 	 0.016455 
0.142422 	0.190745 	0.132986 	0.105795 	 0.017404 
0.157820 	0.172169 	0.120837 	0.092024 	 0.015682 
0.139984 	0.188849 	0.131733 	0.103431 	 0.017400 
0.137468 	0.189506 	0.132314 	0.102609 	 0.017236 
0.139416 	0.191474 	0.133588 	0.103364 	 0.017070 
0.144122 	0.185843 	0.129453 	0.103203 	 0.016534 
0.152700 	0.179337 	0.125726 	0.097431 	 0.016207 
0.137579 	0.194985 	0.135610 	0.108835 	 0.017603 
0.142689 	0.182131 	0.127583 	0.099569 	 0.017004 
0.136711 	0.196411 	0.137251 	0.107728 	 0.017756 
0.144806 	0.184370 	0.128799 	0.101069 	 0.016625 
0.142660 	0.180511 	0.125766 	0.101865 	 0.016439 
0.131150 	0.187447 	0.130803 	0.101226 	 0.017183 
0.139062 	0.182129 	0.127821 	0.098069 	 0.017248 
0.139812 	0.184387 	0.128967 	0.098993 	 0.016840 
0.145335 	0.178421 	0.124732 	0.097099 	 0.015725 
0.148040 	0.175570 	0.123736 	0.092235 	 0.016251 
0.133747 	0.184359 	0.129344 	0.097208 	 0.016667 
0.138566 	0.177133 	0.124361 	0.096599 	 0.016961 
0.122426 	0.200373 	0.139676 	0.110042 	 0.018163 
0.142388 	0.184776 	0.129687 	0.099267 	 0.016681 
0.135537 	0.188899 	0.132523 	0.101192 	 0.017474 
0.133441 	0.196949 	0.137469 	0.107943 	 0.016939 
0.132026 	0.189168 	0.132610 	0.101238 	 0.017203 
0.129643 	0.196718 	0.137660 	0.105419 	 0.017559 
0.134771 	0.188286 	0.132074 	0.099788 	 0.016801 
0.144329 	0.179223 	0.126568 	0.091987 	 0.016374 
0.121828 	0.192588 	0.134797 	0.103258 	 0.017375 
0.130096 	0.188944 	0.132934 	0.099125 	 0.017048 
0.119441 	0.194676 	0.136202 	0.106678 	 0.018069 
0.137602 	0.178261 	0.126138 	0.090971 	 0.016728 
0.142762 	0.169611 	0.120463 	0.085784 	 0.015568 
0.134064 	0.190916 	0.134150 	0.101724 	 0.017602 
0.129235 	0.190057 	0.134038 	0.098026 	 0.017534 
0.128434 	0.191282 	0.134586 	0.102287 	 0.017523 
0.131870 	0.185205 	0.130594 	0.096264 	 0.016621 
0.128083 	0.192054 	0.135205 	0.101160 	 0.017376 
0.120733 	0.187321 	0.131912 	0.100097 	 0.017523 
0.123101 	0.194702 	0.136674 	0.103683 	 0.017823 
0.136989 	0.180933 	0.127894 	0.094190 	 0.016604 
0.128282 	0.196655 	0.138538 	0.102488 	 0.017513 
0.128785 	0.186309 	0.131839 	0.095380 	 0.017407 
0.134901 	0.188136 	0.132534 	0.100338 	 0.016899 
0.117636 	0.197522 	0.139443 	0.099007 	 0.017824 
0.119656 	0.195357 	0.137288 	0.103765 	 0.017967 
0.118970 	0.200846 	0.141321 	0.105758 	 0.018161 
0.128934 	0.176488 	0.125543 	0.087220 	 0.016513 
0.117536 	0.195202 	0.137726 	0.101517 	 0.017930 
0.120996 	0.191278 	0.134863 	0.100036 	 0.017234 
0.115192 	0.191238 	0.135275 	0.097270 	 0.017903 
0.111805 	0.201287 	0.141266 	0.106992 	 0.018627 
0.119011 	0.189567 	0.133753 	0.097197 	 0.017251 
0.126124 	0.187115 	0.132569 	0.096450 	 0.017566 
0.113359 	0.195178 	0.137880 	0.098956 	 0.017443 
0.111003 	0.191851 	0.135379 	0.099663 	 0.017915 
0.117914 	0.190743 	0.134650 	0.098293 	 0.017253 
0.111284 	0.204925 	0.144229 	0.106322 	 0.018448 
0.117159 	0.191965 	0.135566 	0.097565 	 0.016977 
0.109045 	0.194796 	0.137222 	0.101637 	 0.017872 
0.123256 	0.193036 	0.136438 	0.098329 	 0.017128 
0.115626 	0.193046 	0.136088 	0.098277 	 0.017229 
0.115231 	0.188394 	0.133506 	0.093762 	 0.017132 
0.118579 	0.193319 	0.136709 	0.100859 	 0.017703 
0.118491 	0.197785 	0.139062 	0.106349 	 0.017615 
0.123816 	0.182193 	0.129841 	0.090731 	 0.016833 
0.114034 	0.198172 	0.139766 	0.101133 	 0.017603 
0.125497 	0.180252 	0.128048 	0.093291 	 0.017461 
0.121982 	0.202255 	0.142965 	0.103642 	 0.017191 
0.105961 	0.209242 	0.147034 	0.109830 	 0.017933 
0.098591 	0.205707 	0.144690 	0.107671 	 0.018714 
0.108766 	0.192996 	0.137028 	0.097954 	 0.018162 
0.127787 	0.184223 	0.131706 	0.088838 	 0.016406 
0.102184 	0.201815 	0.142516 	0.105451 	 0.018225 
0.112625 	0.194725 	0.138432 	0.098412 	 0.018214 
0.101445 	0.201399 	0.142223 	0.104281 	 0.018356 
0.101009 	0.205106 	0.144893 	0.106901 	 0.018777 
0.120499 	0.193318 	0.137775 	0.095188 	 0.017570 
0.098830 	0.195807 	0.138799 	0.100234 	 0.018363 
0.102663 	0.199994 	0.141766 	0.101505 	 0.018173 
0.101252 	0.200691 	0.141932 	0.102500 	 0.017945 
0.108319 	0.196625 	0.139764 	0.098804 	 0.017960 
0.105441 	0.194824 	0.138734 	0.097449 	 0.017765 
0.098116 	0.200259 	0.141917 	0.101412 	 0.017994 
0.105706 	0.206642 	0.146387 	0.105658 	 0.018893 
0.102517 	0.212390 	0.149854 	0.112532 	 0.019192 
0.099657 	0.210305 	0.149052 	0.105557 	 0.018814 
0.107826 	0.199221 	0.141563 	0.099679 	 0.017761 
0.092917 	0.210248 	0.148762 	0.107442 	 0.018779 
0.112560 	0.194359 	0.138821 	0.095214 	 0.017606 
0.079792 	0.211691 	0.149559 	0.111798 	 0.020466 
0.093175 	0.212685 	0.150331 	0.108709 	 0.019096 
0.095556 	0.200843 	0.142717 	0.100278 	 0.018380 
0.115419 	0.186996 	0.133751 	0.092188 	 0.016941 
0.103683 	0.197658 	0.140640 	0.097965 	 0.017827 
0.088630 	0.202010 	0.143290 	0.102181 	 0.018969 
0.093455 	0.199011 	0.141113 	0.103741 	 0.018949 
0.096866 	0.205283 	0.145370 	0.106781 	 0.018688 
0.101264 	0.197624 	0.140722 	0.099123 	 0.018128 
0.094914 	0.207199 	0.147240 	0.102353 	 0.018742 
0.090168 	0.208933 	0.148517 	0.105057 	 0.019132 
0.088737 	0.204355 	0.145203 	0.104731 	 0.019494 
0.104030 	0.196657 	0.140617 	0.098428 	 0.018847 
0.099673 	0.194381 	0.139088 	0.094688 	 0.018568 
0.097741 	0.189843 	0.135965 	0.092569 	 0.017766 
0.087509 	0.213440 	0.151381 	0.107796 	 0.018957 
0.091136 	0.206626 	0.147121 	0.104639 	 0.019186 
0.083948 	0.201045 	0.143601 	0.099323 	 0.019183 
0.103056 	0.189411 	0.136056 	0.091759 	 0.017958 
0.098196 	0.197283 	0.141562 	0.094378 	 0.018219 
0.089593 	0.204660 	0.145749 	0.103036 	 0.018836 
0.100804 	0.197303 	0.141519 	0.095184 	 0.018025 
0.089867 	0.202472 	0.144792 	0.099430 	 0.019155 
0.081750 	0.219180 	0.155292 	0.113129 	 0.019535 
0.092900 	0.203572 	0.145068 	0.103602 	 0.019331 
0.089583 	0.196268 	0.140351 	0.096868 	 0.018474 
0.092748 	0.201412 	0.144025 	0.098777 	 0.018419 
0.099333 	0.204416 	0.145731 	0.104840 	 0.019234 
0.097326 	0.204961 	0.146428 	0.101131 	 0.018490 
0.091968 	0.207782 	0.148416 	0.104501 	 0.019377 
0.100914 	0.203972 	0.146402 	0.099544 	 0.019136 
0.072761 	0.222994 	0.158235 	0.113380 	 0.020092 
0.088843 	0.199920 	0.143557 	0.094619 	 0.018210 
0.098270 	0.199911 	0.143780 	0.095685 	 0.018614 
0.089534 	0.202575 	0.145404 	0.098070 	 0.018751 
0.099207 	0.193776 	0.139645 	0.093813 	 0.018405 
0.084745 	0.201187 	0.144915 	0.095929 	 0.019339 
0.089621 	0.208844 	0.149432 	0.104613 	 0.019949 
0.098574 	0.191276 	0.138027 	0.090387 	 0.018216 
0.076712 	0.215682 	0.153978 	0.107893 	 0.019719 
0.093201 	0.201385 	0.145081 	0.096979 	 0.018964 
0.090482 	0.201841 	0.144928 	0.096656 	 0.018384 
0.092714 	0.187082 	0.135532 	0.087878 	 0.018375 
0.093483 	0.198166 	0.142742 	0.095595 	 0.018329 
0.076633 	0.210447 	0.150594 	0.104393 	 0.019410 
0.107166 	0.186349 	0.135610 	0.084542 	 0.017132 
0.088439 	0.195833 	0.141275 	0.091019 	 0.017769 
0.091669 	0.196338 	0.141894 	0.091346 	 0.018167 
0.089532 	0.194379 	0.140246 	0.091228 	 0.017957 
0.089519 	0.196147 	0.141678 	0.090577 	 0.018084 
0.078457 	0.205593 	0.148027 	0.096765 	 0.018640 
0.087821 	0.198599 	0.143505 	0.092840 	 0.018203 
0.075274 	0.220322 	0.157746 	0.107281 	 0.019556 
0.073494 	0.220883 	0.157802 	0.108087 	 0.019449 
0.091580 	0.198203 	0.142882 	0.094372 	 0.018211 
0.070998 	0.215790 	0.154724 	0.105523 	 0.020136 
0.096803 	0.196153 	0.142326 	0.091161 	 0.018007 
0.089222 	0.192813 	0.139935 	0.088695 	 0.018287 
0.083999 	0.208226 	0.150097 	0.101033 	 0.019598 
0.071056 	0.219547 	0.157343 	0.107478 	 0.020067 
0.077927 	0.213514 	0.153540 	0.102343 	 0.019439 
0.065818 	0.210554 	0.150818 	0.103862 	 0.019737 
0.085580 	0.197686 	0.142507 	0.094893 	 0.018398 
0.065234 	0.211469 	0.152495 	0.100539 	 0.020510 
0.074316 	0.213970 	0.154286 	0.101166 	 0.020279 
0.081775 	0.205788 	0.148241 	0.099769 	 0.019174 
0.066059 	0.220235 	0.157994 	0.107762 	 0.020551 
0.073722 	0.209865 	0.151348 	0.099562 	 0.019747 
0.084587 	0.206502 	0.149215 	0.097845 	 0.019613 
0.082320 	0.200539 	0.145563 	0.092463 	 0.018917 
0.079564 	0.206963 	0.149589 	0.097983 	 0.019090 
0.078427 	0.204868 	0.148205 	0.096465 	 0.019415 
0.071412 	0.208283 	0.150154 	0.100165 	 0.019698 
0.090737 	0.195468 	0.142119 	0.090648 	 0.018704 
0.071066 	0.211073 	0.152489 	0.100714 	 0.019970 
0.064729 	0.217613 	0.157267 	0.100962 	 0.020694 
0.058333 	0.226697 	0.162570 	0.111236 	 0.020866 
0.072181 	0.213133 	0.154047 	0.100467 	 0.019809 
0.069001 	0.220893 	0.159540 	0.104759 	 0.020697 
0.069424 	0.216349 	0.156151 	0.101717 	 0.020237 
0.082656 	0.197648 	0.144195 	0.090905 	 0.019087 
0.069975 	0.212542 	0.153565 	0.101181 	 0.020204 
0.066330 	0.212707 	0.153866 	0.098585 	 0.019455 
0.081534 	0.201871 	0.146918 	0.092482 	 0.019015 
0.052992 	0.220629 	0.158635 	0.107998 	 0.020871 
0.056482 	0.217742 	0.157006 	0.103342 	 0.020689 
0.068609 	0.210667 	0.153030 	0.097937 	 0.020631 
0.076210 	0.215203 	0.155964 	0.100441 	 0.020008 
0.079616 	0.206077 	0.149982 	0.094194 	 0.019441 
0.067706 	0.207070 	0.150563 	0.094230 	 0.019396 
0.062782 	0.220210 	0.159163 	0.105954 	 0.020787 
0.072170 	0.208664 	0.151305 	0.099095 	 0.020218 
0.078895 	0.201112 	0.146963 	0.088540 	 0.018858 
0.073449 	0.204136 	0.148444 	0.094295 	 0.019175 
0.066910 	0.213044 	0.154777 	0.097623 	 0.020262 
0.070685 	0.211502 	0.153399 	0.098905 	 0.019953 
0.061039 	0.222065 	0.160425 	0.104635 	 0.020766 
0.054430 	0.226459 	0.163332 	0.109897 	 0.021461 
0.076190 	0.210495 	0.153334 	0.095461 	 0.019877 
0.071468 	0.207982 	0.151784 	0.094397 	 0.020192 
0.064000 	0.223088 	0.161418 	0.106656 	 0.020677 
0.050619 	0.223019 	0.161301 	0.106288 	 0.021378 
0.064986 	0.214785 	0.155972 	0.101343 	 0.020256 
0.072756 	0.208470 	0.151868 	0.096678 	 0.019768 
0.070338 	0.214634 	0.156464 	0.096674 	 0.019891 
0.068376 	0.214398 	0.156352 	0.097621 	 0.020360 
0.073266 	0.223388 	0.162258 	0.103494 	 0.020143 
0.053879 	0.233641 	0.168448 	0.113138 	 0.021529 
0.075617 	0.210059 	0.153523 	0.096275 	 0.019953 
0.063111 	0.217492 	0.158150 	0.101826 	 0.020601 
0.068367 	0.201039 	0.147388 	0.090132 	 0.019831 
0.050030 	0.225830 	0.163433 	0.107286 	 0.021506 
0.061373 	0.212600 	0.154879 	0.094729 	 0.019558 
0.070657 	0.203250 	0.149054 	0.090695 	 0.020051 
0.085165 	0.194930 	0.143742 	0.083271 	 0.018615 
0.077634 	0.199180 	0.146609 	0.087379 	 0.019019 
0.088722 	0.201227 	0.148582 	0.089148 	 0.019770 
0.062427 	0.223884 	0.163138 	0.103425 	 0.021518 
0.080342 	0.212432 	0.155405 	0.095734 	 0.019661 
0.063584 	0.225633 	0.163562 	0.107615 	 0.020780 
0.058864 	0.216173 	0.157857 	0.097777 	 0.021283 
0.062438 	0.218339 	0.159088 	0.100133 	 0.020250 
0.071128 	0.216458 	0.157876 	0.099750 	 0.020837 
0.067467 	0.219599 	0.160419 	0.101642 	 0.020834 
0.075307 	0.216879 	0.158417 	0.098877 	 0.020414 
0.062109 	0.220643 	0.160965 	0.102859 	 0.021634 
0.064397 	0.223027 	0.162554 	0.103856 	 0.021007 
0.081981 	0.209452 	0.153875 	0.094063 	 0.019570 
0.067234 	0.220773 	0.161125 	0.104995 	 0.021331 
0.077608 	0.211596 	0.155436 	0.094616 	 0.020032 
0.066820 	0.225602 	0.164051 	0.107189 	 0.020851 
0.063604 	0.217958 	0.159433 	0.099979 	 0.021066 
0.065489 	0.219057 	0.160055 	0.101172 	 0.020430 
0.073505 	0.214598 	0.157448 	0.098605 	 0.020456 
0.056196 	0.229486 	0.166949 	0.109980 	 0.022321 
0.078159 	0.212090 	0.155430 	0.099925 	 0.020720 
0.068373 	0.214439 	0.157570 	0.097814 	 0.021275 
0.074428 	0.208648 	0.153863 	0.092697 	 0.020839 
0.063249 	0.230763 	0.168080 	0.109482 	 0.021572 
0.406087 	0.006581 	0.005607 	-0.002317 	 0.002297 
0.407723 	0.007560 	0.005701 	0.004491 	 0.002631 
0.409924 	0.030637 	0.020201 	0.032776 	 0.004914 
0.407071 	0.031014 	0.020116 	0.034698 	 0.004277 
0.426132 	0.022839 	0.016082 	0.023097 	 0.003065 
0.394790 	0.048640 	0.031966 	0.044187 	 0.005271 
0.408858 	0.035437 	0.023798 	0.033428 	 0.004421 
0.423696 	0.016746 	0.011423 	0.021957 	 0.002845 
0.385745 	0.060036 	0.039480 	0.051863 	 0.006618 
0.392151 	0.045613 	0.030182 	0.039591 	 0.005177 
0.390607 	0.042277 	0.027530 	0.041466 	 0.004991 
0.395061 	0.037758 	0.024844 	0.035277 	 0.003993 
0.368521 	0.065997 	0.043267 	0.055156 	 0.006979 
0.384772 	0.034951 	0.022934 	0.035576 	 0.005654 
0.389448 	0.049557 	0.032943 	0.041915 	 0.004761 
0.387437 	0.047852 	0.031215 	0.043877 	 0.004668 
0.360396 	0.071934 	0.047253 	0.059463 	 0.007644 
0.386826 	0.046896 	0.030666 	0.043442 	 0.005378 
0.379696 	0.043386 	0.028654 	0.040138 	 0.005699 
0.381065 	0.049536 	0.032699 	0.045769 	 0.006144 
0.379485 	0.046604 	0.030637 	0.042891 	 0.005227 
0.370049 	0.048621 	0.032155 	0.042228 	 0.005598 
0.376310 	0.041815 	0.027499 	0.037840 	 0.004956 
0.371676 	0.051491 	0.034065 	0.044856 	 0.005886 
0.387454 	0.031322 	0.020843 	0.030080 	 0.003826 
0.366311 	0.050525 	0.033670 	0.044714 	 0.006858 
0.365202 	0.057496 	0.037458 	0.051339 	 0.006321 
0.380708 	0.048028 	0.031784 	0.042119 	 0.005262 
0.360995 	0.065518 	0.042848 	0.057282 	 0.007742 
0.366528 	0.052395 	0.034231 	0.049286 	 0.006662 
0.368468 	0.050703 	0.033858 	0.045680 	 0.006452 
0.363940 	0.058662 	0.038833 	0.052182 	 0.007182 
0.372926 	0.042553 	0.028441 	0.038265 	 0.005548 
0.358538 	0.053211 	0.034915 	0.047454 	 0.006238 
0.351024 	0.061488 	0.040238 	0.053309 	 0.006959 
0.345858 	0.071874 	0.047054 	0.063039 	 0.008495 
0.345834 	0.061535 	0.040636 	0.053057 	 0.007163 
0.342278 	0.071016 	0.047000 	0.059107 	 0.008288 
0.345817 	0.069940 	0.045826 	0.058992 	 0.007232 
0.347642 	0.065446 	0.043655 	0.052644 	 0.007115 
0.335934 	0.069351 	0.045817 	0.056213 	 0.007614 
0.336803 	0.073523 	0.048705 	0.061409 	 0.007947 
0.339654 	0.062797 	0.041181 	0.054674 	 0.007093 
0.328376 	0.066687 	0.044344 	0.054569 	 0.008181 
0.348709 	0.059556 	0.039642 	0.049217 	 0.006673 
0.334798 	0.069592 	0.046367 	0.055672 	 0.007614 
0.334338 	0.068572 	0.045719 	0.055394 	 0.008261 
0.335364 	0.073457 	0.048524 	0.058390 	 0.007009 
0.334239 	0.069363 	0.046152 	0.057005 	 0.008253 
0.323718 	0.077605 	0.050900 	0.063877 	 0.008458 
0.333962 	0.073389 	0.049298 	0.057773 	 0.008673 
0.318574 	0.081061 	0.053711 	0.063373 	 0.009011 
0.311662 	0.087653 	0.057871 	0.069615 	 0.009039 
0.314445 	0.079792 	0.052792 	0.061974 	 0.008837 
0.311128 	0.090304 	0.060046 	0.068890 	 0.009578 
0.325518 	0.066043 	0.043683 	0.054712 	 0.007579 
0.327923 	0.076594 	0.050913 	0.059807 	 0.007942 
0.331108 	0.071583 	0.047406 	0.060443 	 0.007830 
0.323447 	0.077118 	0.051455 	0.058808 	 0.007850 
0.307176 	0.086993 	0.057835 	0.067576 	 0.009409 
0.317219 	0.081246 	0.053979 	0.063319 	 0.009132 
0.307106 	0.082713 	0.054510 	0.064117 	 0.008594 
0.311697 	0.081716 	0.054037 	0.065000 	 0.009116 
0.305051 	0.080406 	0.052730 	0.064009 	 0.008063 
0.319273 	0.074656 	0.050113 	0.056560 	 0.008002 
0.302874 	0.087689 	0.057868 	0.067126 	 0.008681 
0.308815 	0.081828 	0.054367 	0.062953 	 0.008772 
0.299804 	0.103284 	0.068625 	0.077217 	 0.009980 
0.300146 	0.097978 	0.064965 	0.075799 	 0.010234 
0.302100 	0.084266 	0.056032 	0.065403 	 0.009562 
0.299412 	0.090160 	0.060058 	0.068163 	 0.009155 
0.297105 	0.094532 	0.063042 	0.069447 	 0.009972 
0.300310 	0.086675 	0.057908 	0.067067 	 0.009591 
0.305032 	0.080664 	0.053325 	0.062517 	 0.008522 
0.301059 	0.086351 	0.057954 	0.064542 	 0.009638 
0.296347 	0.090506 	0.060274 	0.068274 	 0.009735 
0.300349 	0.089590 	0.059397 	0.069284 	 0.008962 
0.281722 	0.101898 	0.067711 	0.075599 	 0.011084 
0.291078 	0.098447 	0.065515 	0.071565 	 0.009642 
0.286384 	0.105094 	0.069396 	0.078632 	 0.009907 
0.283017 	0.096573 	0.064203 	0.072852 	 0.010061 
0.288192 	0.091911 	0.061435 	0.066453 	 0.009518 
0.289576 	0.090661 	0.060581 	0.066544 	 0.009510 
0.295528 	0.086804 	0.058138 	0.064028 	 0.009544 
0.295807 	0.089668 	0.060285 	0.066210 	 0.009569 
0.289798 	0.093075 	0.061876 	0.069923 	 0.009120 
0.292031 	0.088808 	0.059623 	0.064562 	 0.009646 
0.290000 	0.096525 	0.064744 	0.068350 	 0.009889 
0.285883 	0.105195 	0.070256 	0.075970 	 0.010525 
0.282167 	0.101705 	0.067850 	0.074953 	 0.010334 
0.283908 	0.095395 	0.063903 	0.070318 	 0.010156 
0.279432 	0.109025 	0.072665 	0.079285 	 0.010473 
0.281549 	0.101554 	0.067895 	0.072961 	 0.010067 
0.285417 	0.095379 	0.063679 	0.068137 	 0.008940 
0.272429 	0.105688 	0.070537 	0.075030 	 0.010516 
0.287149 	0.084234 	0.056597 	0.060922 	 0.009169 
0.278120 	0.103731 	0.069485 	0.075391 	 0.010642 
0.274441 	0.099641 	0.066246 	0.073251 	 0.009719 
0.269272 	0.110852 	0.073844 	0.079404 	 0.010654 
0.285252 	0.093456 	0.063006 	0.067090 	 0.009738 
0.273542 	0.103576 	0.069407 	0.073351 	 0.010231 
0.274592 	0.102742 	0.068561 	0.074686 	 0.010017 
0.273015 	0.104526 	0.069649 	0.076452 	 0.010362 
0.279266 	0.093544 	0.062401 	0.069777 	 0.009623 
0.277617 	0.101704 	0.068890 	0.071046 	 0.010523 
0.270492 	0.102797 	0.069216 	0.071007 	 0.010469 
0.277572 	0.103009 	0.069429 	0.073162 	 0.010034 
0.261243 	0.113554 	0.076145 	0.080325 	 0.011400 
0.265826 	0.112626 	0.075262 	0.079651 	 0.010569 
0.263782 	0.103154 	0.069387 	0.072252 	 0.010591 
0.277558 	0.101716 	0.068229 	0.071681 	 0.010150 
0.267756 	0.101532 	0.068094 	0.074323 	 0.010865 
0.263878 	0.114157 	0.076756 	0.080158 	 0.011385 
0.273829 	0.096701 	0.065100 	0.066991 	 0.009486 
0.259714 	0.106407 	0.071961 	0.072137 	 0.010808 
0.259222 	0.108722 	0.073091 	0.076124 	 0.011021 
0.258332 	0.118269 	0.079609 	0.080246 	 0.011390 
0.241423 	0.125117 	0.083798 	0.085366 	 0.011579 
0.259023 	0.107728 	0.072622 	0.074257 	 0.010685 
0.257523 	0.105705 	0.071262 	0.071782 	 0.010870 
0.255733 	0.120317 	0.080685 	0.082896 	 0.011041 
0.262102 	0.106276 	0.071709 	0.073547 	 0.010268 
0.259447 	0.103779 	0.070115 	0.069964 	 0.010005 
0.246872 	0.122221 	0.082405 	0.079466 	 0.011038 
0.256107 	0.113728 	0.076557 	0.074438 	 0.010167 
0.270749 	0.101584 	0.069509 	0.063821 	 0.009306 
0.260712 	0.111076 	0.075617 	0.070886 	 0.010246 
0.259459 	0.104334 	0.070197 	0.072951 	 0.010173 
0.239403 	0.124294 	0.083445 	0.082658 	 0.011174 
0.263181 	0.118666 	0.080077 	0.079205 	 0.010270 
0.252326 	0.112405 	0.076419 	0.071690 	 0.010771 
0.253209 	0.120446 	0.081724 	0.077228 	 0.010764 
0.244935 	0.118446 	0.080153 	0.075875 	 0.010875 
0.227650 	0.131807 	0.088631 	0.086738 	 0.011929 
0.246793 	0.117927 	0.079330 	0.079168 	 0.010551 
0.238535 	0.125669 	0.084575 	0.081602 	 0.011010 
0.239423 	0.125022 	0.084580 	0.079950 	 0.011185 
0.247632 	0.124495 	0.084092 	0.081876 	 0.011090 
0.238716 	0.123497 	0.083361 	0.081913 	 0.011606 
0.246770 	0.118237 	0.080395 	0.074308 	 0.010779 
0.221689 	0.131976 	0.088973 	0.085962 	 0.012272 
0.232996 	0.131179 	0.088682 	0.085022 	 0.011900 
0.232093 	0.126028 	0.085011 	0.083998 	 0.011639 
0.233858 	0.121689 	0.081941 	0.079231 	 0.010811 
0.240828 	0.115153 	0.078134 	0.073610 	 0.010894 
0.225979 	0.136707 	0.092393 	0.087202 	 0.012073 
0.229888 	0.129653 	0.088215 	0.081577 	 0.012257 
0.227455 	0.136185 	0.092021 	0.087129 	 0.011748 
0.242026 	0.105452 	0.072028 	0.064619 	 0.009529 
0.234039 	0.117988 	0.080456 	0.075575 	 0.011490 
0.228125 	0.136488 	0.092091 	0.090436 	 0.012475 
0.217058 	0.132821 	0.089895 	0.084924 	 0.012311 
0.216221 	0.134104 	0.090285 	0.087969 	 0.012381 
0.234660 	0.131529 	0.089481 	0.081605 	 0.011347 
0.217836 	0.135981 	0.092118 	0.086322 	 0.012268 
0.223190 	0.122751 	0.083318 	0.076487 	 0.011233 
0.209940 	0.148405 	0.100348 	0.094165 	 0.013217 
0.214589 	0.139002 	0.094133 	0.085800 	 0.011890 
0.206947 	0.140277 	0.095098 	0.086932 	 0.012848 
0.211558 	0.146538 	0.099653 	0.091672 	 0.013069 
0.220008 	0.130293 	0.089151 	0.077169 	 0.011925 
0.202660 	0.142844 	0.096691 	0.088396 	 0.012757 
0.204499 	0.153980 	0.104369 	0.096031 	 0.013499 
0.220684 	0.133098 	0.090474 	0.082473 	 0.012159 
0.207393 	0.143624 	0.097848 	0.087922 	 0.013270 
0.199339 	0.141923 	0.096305 	0.088364 	 0.013096 
0.191018 	0.158762 	0.107339 	0.098301 	 0.013525 
0.209055 	0.135664 	0.092050 	0.086727 	 0.012949 
0.206429 	0.146880 	0.099820 	0.088297 	 0.012635 
0.198043 	0.149816 	0.101346 	0.093725 	 0.012861 
0.211397 	0.133635 	0.091083 	0.079448 	 0.011254 
0.196151 	0.150482 	0.102185 	0.091926 	 0.013338 
0.204315 	0.144177 	0.097906 	0.088819 	 0.012808 
0.185909 	0.164715 	0.111302 	0.102944 	 0.013928 
0.188225 	0.159373 	0.107786 	0.099278 	 0.014088 
0.190816 	0.144995 	0.098695 	0.084625 	 0.012216 
0.195426 	0.147930 	0.100611 	0.088383 	 0.012995 
0.191819 	0.152597 	0.103754 	0.095036 	 0.013792 
0.208727 	0.145256 	0.099376 	0.085936 	 0.012392 
0.195198 	0.144394 	0.098556 	0.087968 	 0.013403 
0.190710 	0.145236 	0.098882 	0.086733 	 0.012633 
0.185504 	0.153921 	0.105150 	0.090331 	 0.013614 
0.180330 	0.154781 	0.104817 	0.093843 	 0.013257 
0.199320 	0.140249 	0.096103 	0.082658 	 0.012543 
0.191632 	0.147509 	0.100506 	0.089435 	 0.012500 
0.188589 	0.151276 	0.103399 	0.087601 	 0.013140 
0.188508 	0.150573 	0.102620 	0.089873 	 0.013039 
0.187283 	0.148844 	0.101641 	0.087738 	 0.013154 
0.181838 	0.165488 	0.112570 	0.099909 	 0.013921 
0.186377 	0.154320 	0.105304 	0.091621 	 0.012904 
0.171908 	0.169876 	0.115482 	0.103306 	 0.015263 
0.183848 	0.156277 	0.106705 	0.091603 	 0.013010 
0.177516 	0.166451 	0.113475 	0.098203 	 0.014434 
0.187100 	0.150152 	0.102580 	0.087948 	 0.012265 
0.185399 	0.151931 	0.104152 	0.086681 	 0.012598 
0.174738 	0.171524 	0.116575 	0.104595 	 0.014700 
0.177287 	0.159979 	0.109107 	0.094254 	 0.013454 
0.179309 	0.152665 	0.104269 	0.090015 	 0.013039 
0.162941 	0.161574 	0.110467 	0.095937 	 0.014839 
0.173734 	0.159312 	0.109301 	0.091462 	 0.013577 
0.157571 	0.174104 	0.117986 	0.105980 	 0.014772 
0.168156 	0.166614 	0.114086 	0.095509 	 0.013834 
0.162643 	0.167265 	0.114149 	0.099431 	 0.014691 
0.186147 	0.153886 	0.105871 	0.086022 	 0.012431 
0.178116 	0.157081 	0.107966 	0.089002 	 0.012733 
0.169635 	0.158593 	0.108894 	0.090361 	 0.013759 
0.166458 	0.165240 	0.112907 	0.096052 	 0.014019 
0.170196 	0.167205 	0.114403 	0.096581 	 0.013829 
0.165833 	0.166225 	0.113997 	0.095444 	 0.014057 
0.170120 	0.161090 	0.110298 	0.093892 	 0.013541 
0.170542 	0.169702 	0.115903 	0.098968 	 0.013970 
0.172035 	0.157169 	0.108289 	0.087856 	 0.013921 
0.163355 	0.171084 	0.117352 	0.098310 	 0.014774 
0.162376 	0.154848 	0.106328 	0.087212 	 0.013079 
0.159741 	0.172343 	0.118077 	0.098094 	 0.013891 
0.167705 	0.161573 	0.110469 	0.093903 	 0.013288 
0.154277 	0.167133 	0.114198 	0.096041 	 0.013795 
0.162161 	0.165163 	0.113142 	0.096180 	 0.014237 
0.157172 	0.167838 	0.114955 	0.096977 	 0.014353 
0.153390 	0.172791 	0.118625 	0.097098 	 0.014424 
0.148651 	0.174133 	0.119053 	0.101096 	 0.014774 
0.167134 	0.167459 	0.115422 	0.093936 	 0.014094 
0.169247 	0.161942 	0.111358 	0.093513 	 0.013449 
0.156502 	0.176292 	0.120977 	0.099262 	 0.014142 
0.147866 	0.178987 	0.122485 	0.101765 	 0.014660 
0.142064 	0.185951 	0.127344 	0.108684 	 0.016019 
0.150857 	0.179185 	0.122909 	0.100430 	 0.014993 
0.148699 	0.174473 	0.119951 	0.098725 	 0.014591 
0.150983 	0.172411 	0.118097 	0.096954 	 0.013930 
0.140350 	0.182922 	0.125521 	0.102109 	 0.014624 
0.144565 	0.181918 	0.124635 	0.104146 	 0.014736 
0.146796 	0.175301 	0.120400 	0.098867 	 0.014527 
0.155980 	0.161821 	0.111981 	0.087208 	 0.013872 
0.147005 	0.177833 	0.121987 	0.100981 	 0.014729 
0.159143 	0.162970 	0.112589 	0.086148 	 0.013011 
0.150376 	0.168937 	0.116726 	0.091999 	 0.014093 
0.142733 	0.175219 	0.120467 	0.096662 	 0.014623 
0.149999 	0.170329 	0.117656 	0.090886 	 0.013781 
0.153003 	0.178548 	0.123222 	0.098039 	 0.014361 
0.150224 	0.172562 	0.118712 	0.094523 	 0.013892 
0.147559 	0.179077 	0.123284 	0.098090 	 0.014651 
0.141672 	0.187627 	0.128907 	0.106372 	 0.015397 
0.150624 	0.169415 	0.117048 	0.093162 	 0.013965 
0.149439 	0.169981 	0.118133 	0.091151 	 0.014584 
0.144954 	0.178316 	0.122911 	0.100540 	 0.014520 
0.143299 	0.180443 	0.124669 	0.100245 	 0.014861 
0.128640 	0.194566 	0.133467 	0.108038 	 0.015451 
0.141708 	0.174239 	0.120709 	0.095247 	 0.014684 
0.151565 	0.168983 	0.117280 	0.089825 	 0.013826 
0.136157 	0.184405 	0.126953 	0.100307 	 0.014650 
0.128774 	0.177858 	0.122919 	0.095442 	 0.014745 
0.148022 	0.174511 	0.121052 	0.090377 	 0.013574 
0.133667 	0.178601 	0.123487 	0.094958 	 0.014386 
0.134209 	0.174713 	0.121280 	0.090683 	 0.014567 
0.134180 	0.179398 	0.124216 	0.096215 	 0.014767 
0.145898 	0.177729 	0.122629 	0.098217 	 0.014116 
0.124485 	0.196387 	0.135298 	0.105449 	 0.015565 
0.144459 	0.178236 	0.123313 	0.094820 	 0.013762 
0.137951 	0.177851 	0.123162 	0.094438 	 0.014035 
0.136280 	0.175639 	0.122439 	0.090870 	 0.014895 
0.127788 	0.184151 	0.127424 	0.097733 	 0.014759 
0.146656 	0.158940 	0.111237 	0.080570 	 0.013367 
0.121661 	0.182836 	0.125710 	0.101104 	 0.014788 
0.125365 	0.189713 	0.131291 	0.099299 	 0.014915 
0.126053 	0.189946 	0.131292 	0.102541 	 0.015187 
0.129903 	0.189680 	0.131150 	0.103150 	 0.014941 
0.130415 	0.181119 	0.125642 	0.095119 	 0.014074 
0.123465 	0.192653 	0.133303 	0.103080 	 0.015483 
0.124020 	0.198168 	0.137178 	0.106539 	 0.015546 
0.129018 	0.172787 	0.120421 	0.089835 	 0.014120 
0.124273 	0.188093 	0.130741 	0.097400 	 0.015040 
0.125002 	0.180583 	0.125656 	0.093269 	 0.014630 
0.127017 	0.184799 	0.128807 	0.094542 	 0.014927 
0.135966 	0.184529 	0.128220 	0.097340 	 0.014861 
0.120052 	0.189001 	0.130807 	0.100793 	 0.015623 
0.103143 	0.197396 	0.136605 	0.103883 	 0.016014 
0.117708 	0.197292 	0.136945 	0.102887 	 0.015603 
0.122642 	0.186588 	0.129914 	0.094541 	 0.014942 
0.113083 	0.204779 	0.141866 	0.108156 	 0.016060 
0.110437 	0.194258 	0.134394 	0.103093 	 0.015465 
0.127928 	0.185675 	0.129199 	0.096242 	 0.014551 
0.128193 	0.193024 	0.134407 	0.100823 	 0.015157 
0.132833 	0.173988 	0.121707 	0.088314 	 0.014192 
0.119877 	0.193632 	0.134254 	0.101795 	 0.014894 
0.105587 	0.199246 	0.138573 	0.103062 	 0.015872 
0.112344 	0.195396 	0.136144 	0.100076 	 0.015457 
0.120127 	0.188592 	0.131665 	0.095208 	 0.014859 
0.121387 	0.190738 	0.133229 	0.096408 	 0.014758 
0.122982 	0.190960 	0.133212 	0.100007 	 0.014936 
0.118568 	0.190068 	0.132227 	0.100742 	 0.015295 
0.113695 	0.183829 	0.128538 	0.092849 	 0.014772 
0.120263 	0.184862 	0.129287 	0.090527 	 0.014312 
0.108321 	0.181921 	0.127080 	0.092562 	 0.014720 
0.119882 	0.187510 	0.131063 	0.095688 	 0.014402 
0.115404 	0.192070 	0.133966 	0.096651 	 0.014727 
0.099148 	0.207991 	0.144091 	0.111664 	 0.016524 
0.102629 	0.194671 	0.135716 	0.098559 	 0.016083 
0.102421 	0.201202 	0.140564 	0.103427 	 0.016912 
0.103482 	0.200993 	0.139908 	0.104005 	 0.016138 
0.111867 	0.192227 	0.134336 	0.096401 	 0.015111 
0.106788 	0.197779 	0.137624 	0.102597 	 0.015758 
0.119371 	0.182009 	0.128030 	0.087060 	 0.014268 
0.118700 	0.181214 	0.127078 	0.088227 	 0.013360 
0.105645 	0.201172 	0.140609 	0.100999 	 0.015677 
0.102979 	0.195980 	0.136862 	0.099152 	 0.015656 
0.111067 	0.190436 	0.133739 	0.094449 	 0.015038 
0.109894 	0.191843 	0.134458 	0.095667 	 0.015195 
0.103918 	0.201358 	0.140582 	0.103185 	 0.016073 
0.118748 	0.178527 	0.125750 	0.085483 	 0.013976 
0.113094 	0.191542 	0.134273 	0.094540 	 0.014759 
0.099027 	0.200652 	0.139886 	0.101894 	 0.015672 
0.104697 	0.196106 	0.137533 	0.097695 	 0.015535 
0.116926 	0.183535 	0.128890 	0.090324 	 0.014293 
0.096375 	0.186311 	0.131446 	0.087972 	 0.015289 
0.102537 	0.198294 	0.138521 	0.101927 	 0.015715 
0.093443 	0.200852 	0.140361 	0.100660 	 0.015759 
0.092620 	0.204632 	0.142999 	0.105217 	 0.016145 
0.106840 	0.187020 	0.131471 	0.091009 	 0.014479 
0.115158 	0.176650 	0.125113 	0.083305 	 0.014278 
0.099469 	0.199070 	0.139289 	0.099827 	 0.014917 
0.100952 	0.192109 	0.135350 	0.092460 	 0.015224 
0.101417 	0.191685 	0.134800 	0.092189 	 0.014483 
0.099446 	0.203625 	0.142465 	0.102312 	 0.015841 
0.101208 	0.198823 	0.139493 	0.098994 	 0.016027 
0.096118 	0.195481 	0.137667 	0.092574 	 0.015005 
0.099790 	0.198947 	0.139934 	0.099851 	 0.016149 
0.095151 	0.198105 	0.139101 	0.097289 	 0.015552 
0.084203 	0.209900 	0.146756 	0.105631 	 0.016750 
0.099392 	0.203086 	0.143089 	0.099434 	 0.016320 
0.096451 	0.195291 	0.137723 	0.093961 	 0.016056 
0.099412 	0.202693 	0.142653 	0.097146 	 0.015365 
0.092094 	0.196709 	0.138393 	0.095602 	 0.015591 
0.099373 	0.196842 	0.138480 	0.096231 	 0.015145 
0.108222 	0.185491 	0.131435 	0.086452 	 0.014464 
0.100353 	0.193156 	0.136362 	0.092557 	 0.015177 
0.093913 	0.201836 	0.142281 	0.097392 	 0.015693 
0.100473 	0.190354 	0.134556 	0.090901 	 0.015158 
0.095086 	0.197565 	0.139697 	0.093394 	 0.015413 
0.088716 	0.204842 	0.143647 	0.101957 	 0.015682 
0.102505 	0.183738 	0.130745 	0.086305 	 0.015542 
0.087774 	0.205398 	0.144460 	0.100137 	 0.016114 
0.109183 	0.186824 	0.132488 	0.088151 	 0.014205 
0.092283 	0.193072 	0.136713 	0.090800 	 0.015373 
0.089262 	0.190657 	0.135116 	0.089606 	 0.015396 
0.093852 	0.189589 	0.134305 	0.089346 	 0.015199 
0.098663 	0.193913 	0.137399 	0.090024 	 0.015156 
0.087129 	0.201112 	0.142137 	0.095096 	 0.015518 
0.108762 	0.190190 	0.134898 	0.089625 	 0.014280 
0.084300 	0.203781 	0.143728 	0.096335 	 0.015556 
0.095706 	0.194623 	0.137909 	0.091735 	 0.015359 
0.095537 	0.191606 	0.136381 	0.086488 	 0.015234 
0.087437 	0.200660 	0.142374 	0.092239 	 0.015741 
0.072036 	0.216223 	0.152031 	0.106026 	 0.017077 
0.085038 	0.208389 	0.146801 	0.100554 	 0.015661 
0.096002 	0.198477 	0.140641 	0.091109 	 0.014995 
0.077770 	0.206749 	0.145981 	0.097527 	 0.015942 
0.096819 	0.197572 	0.140427 	0.091437 	 0.015634 
0.078869 	0.204566 	0.144461 	0.098562 	 0.016088 
0.083072 	0.214089 	0.150922 	0.103399 	 0.016354 
0.082911 	0.207182 	0.146255 	0.099216 	 0.015990 
0.085976 	0.204310 	0.144655 	0.097401 	 0.015835 
0.093901 	0.199971 	0.141850 	0.094785 	 0.015066 
0.086675 	0.199983 	0.142106 	0.091782 	 0.015567 
0.088760 	0.200553 	0.143304 	0.090517 	 0.016066 
0.086199 	0.198687 	0.141196 	0.092915 	 0.016143 
0.078737 	0.211232 	0.149310 	0.103088 	 0.016657 
0.075876 	0.207625 	0.146924 	0.098684 	 0.016044 
0.081512 	0.209834 	0.148562 	0.100022 	 0.015968 
0.086385 	0.204184 	0.145448 	0.091883 	 0.015718 
0.080937 	0.209712 	0.148541 	0.098690 	 0.015829 
0.086221 	0.202330 	0.144109 	0.091141 	 0.014934 
0.094984 	0.189339 	0.135479 	0.083864 	 0.014282 
0.085694 	0.206308 	0.146589 	0.095089 	 0.015699 
0.083324 	0.207065 	0.147162 	0.095870 	 0.015608 
0.077800 	0.206433 	0.146516 	0.096411 	 0.015570 
0.090960 	0.201233 	0.143450 	0.092031 	 0.015394 
0.095635 	0.193744 	0.138840 	0.086972 	 0.015241 
0.080809 	0.201540 	0.143937 	0.088163 	 0.015499 
0.073081 	0.208125 	0.148614 	0.094238 	 0.016746 
0.078390 	0.204468 	0.145659 	0.092769 	 0.015680 
0.078735 	0.212550 	0.150532 	0.100514 	 0.015363 
0.084440 	0.198901 	0.142269 	0.087560 	 0.014949 
0.062429 	0.214148 	0.151604 	0.100169 	 0.016344 
0.083300 	0.205818 	0.146920 	0.093697 	 0.015499 
0.082614 	0.197242 	0.141033 	0.090677 	 0.015309 
0.071277 	0.216883 	0.153990 	0.102113 	 0.017233 
0.073790 	0.219433 	0.156053 	0.101989 	 0.016906 
0.085563 	0.204408 	0.146026 	0.093147 	 0.015908 
0.082057 	0.200242 	0.143006 	0.090020 	 0.015218 
0.066834 	0.219317 	0.155869 	0.103313 	 0.016929 
0.088572 	0.199760 	0.143200 	0.086840 	 0.014467 
0.083202 	0.199681 	0.143030 	0.090232 	 0.015595 
0.069478 	0.222153 	0.157222 	0.105123 	 0.016359 
0.079536 	0.209210 	0.149139 	0.094766 	 0.015293 
0.070317 	0.210684 	0.150463 	0.094119 	 0.015883 
0.070958 	0.205925 	0.147247 	0.093439 	 0.015839 
0.062102 	0.222379 	0.158398 	0.104881 	 0.017661 
0.065553 	0.220141 	0.156636 	0.100798 	 0.016576 
0.072646 	0.211546 	0.151379 	0.094053 	 0.016104 
0.079289 	0.206012 	0.147542 	0.091263 	 0.015563 
0.065229 	0.220231 	0.156677 	0.103647 	 0.017272 
0.076154 	0.205192 	0.147559 	0.089002 	 0.016253 
0.063413 	0.224752 	0.159999 	0.103720 	 0.017127 
0.063896 	0.212592 	0.152378 	0.094649 	 0.017323 
0.075450 	0.209365 	0.149900 	0.095024 	 0.015996 
0.065425 	0.212938 	0.151785 	0.097668 	 0.016498 
0.068565 	0.218149 	0.155553 	0.099018 	 0.016075 
0.087991 	0.198232 	0.143064 	0.087128 	 0.015776 
0.073012 	0.211672 	0.152274 	0.091699 	 0.016380 
0.080689 	0.198116 	0.142330 	0.084859 	 0.013984 
0.066956 	0.215189 	0.153828 	0.098406 	 0.016824 
0.062775 	0.212292 	0.152255 	0.095535 	 0.016230 
0.073737 	0.203953 	0.146753 	0.088714 	 0.015246 
0.081534 	0.196522 	0.141779 	0.085678 	 0.015154 
0.059788 	0.219730 	0.157216 	0.099681 	 0.016651 
0.083925 	0.202470 	0.146037 	0.087722 	 0.015091 
0.073809 	0.206492 	0.148823 	0.088139 	 0.015758 
0.076611 	0.209424 	0.150878 	0.091167 	 0.015814 
0.067703 	0.199796 	0.145032 	0.082095 	 0.016592 
0.064875 	0.213891 	0.153825 	0.093347 	 0.016029 
0.083715 	0.201572 	0.145883 	0.084219 	 0.015465 
0.069636 	0.212112 	0.152502 	0.093092 	 0.015483 
0.071890 	0.198460 	0.143855 	0.082271 	 0.014930 
0.069954 	0.214774 	0.154178 	0.093993 	 0.015679 
0.069501 	0.212206 	0.152952 	0.092150 	 0.016177 
0.065777 	0.220437 	0.158057 	0.099788 	 0.016580 
0.082316 	0.195965 	0.142438 	0.079803 	 0.014586 
0.072936 	0.204328 	0.148119 	0.085568 	 0.015756 
0.072889 	0.196714 	0.142677 	0.082033 	 0.015135 
0.055921 	0.214453 	0.154316 	0.093553 	 0.016267 
0.060823 	0.211830 	0.152179 	0.093781 	 0.016009 
0.066018 	0.204841 	0.148121 	0.086996 	 0.015624 
0.064384 	0.204301 	0.147541 	0.088675 	 0.015111 
0.069826 	0.204375 	0.148158 	0.085810 	 0.015810 
0.070221 	0.203749 	0.147675 	0.086133 	 0.015490 
0.078608 	0.202581 	0.147218 	0.084423 	 0.015908 
0.079548 	0.208997 	0.151241 	0.088598 	 0.015374 
0.074249 	0.202146 	0.146312 	0.087684 	 0.015179 
0.072863 	0.199799 	0.145701 	0.079641 	 0.015332 
0.068848 	0.214002 	0.154829 	0.089178 	 0.015592 
0.063477 	0.210116 	0.152105 	0.087844 	 0.015755 
0.080667 	0.197262 	0.143928 	0.082688 	 0.015698 
0.057306 	0.214784 	0.155315 	0.091622 	 0.016551 
0.074369 	0.206092 	0.149454 	0.086531 	 0.015001 
0.072920 	0.206392 	0.149591 	0.087408 	 0.014862 
0.075240 	0.206241 	0.150007 	0.086716 	 0.016096 
0.062448 	0.219326 	0.158378 	0.095582 	 0.016320 
0.072265 	0.202274 	0.147415 	0.082870 	 0.015622 
0.079666 	0.198667 	0.144965 	0.082944 	 0.015873 
0.075565 	0.205861 	0.149808 	0.086111 	 0.015989 
0.063377 	0.215007 	0.155667 	0.092130 	 0.015914 
0.074984 	0.195049 	0.142904 	0.077264 	 0.015140 
0.065548 	0.210562 	0.153279 	0.086512 	 0.016337 
0.051132 	0.210671 	0.153264 	0.086001 	 0.016862 
0.085725 	0.193409 	0.142004 	0.075497 	 0.014171 
0.066221 	0.206402 	0.150222 	0.087586 	 0.015597 
0.064820 	0.222040 	0.160738 	0.095025 	 0.016342 
0.064573 	0.208292 	0.151443 	0.087839 	 0.015746 
0.065147 	0.205890 	0.150072 	0.084130 	 0.015233 
0.072979 	0.205584 	0.149965 	0.083992 	 0.015435 
0.053837 	0.217636 	0.158069 	0.092717 	 0.017278 
0.054933 	0.213053 	0.154806 	0.089883 	 0.016727 
0.069102 	0.210259 	0.153862 	0.084808 	 0.016569 
0.056054 	0.232918 	0.167649 	0.106146 	 0.017541 
0.063495 	0.201513 	0.147517 	0.082531 	 0.015881 
0.081785 	0.201552 	0.148074 	0.079513 	 0.015246 
0.067898 	0.203572 	0.149167 	0.082362 	 0.015975 
0.063909 	0.220041 	0.159756 	0.093275 	 0.015958 
0.080615 	0.200586 	0.147302 	0.078423 	 0.014526 
0.053601 	0.223973 	0.162661 	0.094534 	 0.016881 
0.079067 	0.206040 	0.151347 	0.080202 	 0.014952 
0.063669 	0.215020 	0.156589 	0.091280 	 0.016735 
0.072743 	0.212021 	0.154761 	0.088478 	 0.015815 
0.052783 	0.217686 	0.158980 	0.088534 	 0.016983 
0.057690 	0.212519 	0.155328 	0.087388 	 0.016722 
0.063805 	0.220056 	0.160239 	0.093939 	 0.016723 
0.066873 	0.210596 	0.154162 	0.087854 	 0.016245 
0.060404 	0.209163 	0.152855 	0.086853 	 0.016021 
0.059576 	0.209511 	0.153437 	0.087258 	 0.016576 
0.059515 	0.220694 	0.160893 	0.092071 	 0.016663 
0.079781 	0.198751 	0.147239 	0.073500 	 0.015254 
0.074303 	0.215138 	0.157475 	0.088659 	 0.015688 
0.072677 	0.213361 	0.156260 	0.088010 	 0.015825 
0.081641 	0.198332 	0.146603 	0.077072 	 0.015181 
0.081091 	0.194638 	0.144685 	0.071868 	 0.015104 
0.074995 	0.204619 	0.150826 	0.080494 	 0.015866 
0.080970 	0.192374 	0.143097 	0.071472 	 0.015145 
0.088404 	0.193942 	0.144002 	0.073808 	 0.014327 
0.080071 	0.209043 	0.153699 	0.085211 	 0.016171 
0.084629 	0.189148 	0.140770 	0.072618 	 0.015018 
0.081188 	0.202128 	0.149655 	0.078236 	 0.015584 
0.073752 	0.211077 	0.155307 	0.084222 	 0.015806 
0.074458 	0.203188 	0.150730 	0.078398 	 0.016164 
0.075379 	0.208590 	0.153899 	0.084179 	 0.016519 
0.091188 	0.197545 	0.147088 	0.074431 	 0.014805 
0.072938 	0.204937 	0.151216 	0.081037 	 0.015943 
0.080876 	0.198090 	0.147345 	0.074989 	 0.015842 
0.079273 	0.193758 	0.144268 	0.072198 	 0.015297 
0.088819 	0.197870 	0.147139 	0.072766 	 0.014302 
0.093991 	0.197457 	0.146705 	0.075702 	 0.014700 
0.089716 	0.187939 	0.140607 	0.068056 	 0.013892 
0.077769 	0.200598 	0.148785 	0.078140 	 0.015879 
0.069596 	0.210512 	0.155504 	0.084495 	 0.016406 
0.073739 	0.203152 	0.151170 	0.075549 	 0.015296 
0.081345 	0.205468 	0.152276 	0.080153 	 0.015674 
0.084151 	0.196674 	0.146799 	0.072983 	 0.014961 
0.098023 	0.186743 	0.140685 	0.063671 	 0.013886 
0.095556 	0.194137 	0.145101 	0.071616 	 0.014588 
0.089332 	0.197386 	0.147723 	0.073061 	 0.015366 
0.094437 	0.183127 	0.138151 	0.063400 	 0.014195 
0.087392 	0.202245 	0.150596 	0.077694 	 0.014476 
0.075869 	0.212525 	0.157571 	0.082647 	 0.016402 
0.106035 	0.186200 	0.140254 	0.066297 	 0.013530 
0.085334 	0.200324 	0.149821 	0.075947 	 0.015946 
0.079132 	0.201913 	0.151155 	0.075390 	 0.015697 
0.092438 	0.193060 	0.144750 	0.070367 	 0.014640 
0.088471 	0.198724 	0.149069 	0.073240 	 0.015582 
0.084434 	0.199159 	0.148959 	0.074551 	 0.015246 
0.088594 	0.204520 	0.152214 	0.081215 	 0.015513 
0.089045 	0.192516 	0.144739 	0.070652 	 0.015153 
0.095122 	0.183680 	0.138960 	0.064249 	 0.014217 
0.092275 	0.201669 	0.151288 	0.074090 	 0.015416 
0.080003 	0.201022 	0.150344 	0.074611 	 0.015197 
0.096760 	0.189194 	0.143162 	0.066950 	 0.014478 
0.102024 	0.184783 	0.140123 	0.066895 	 0.014910 
0.091259 	0.204988 	0.153438 	0.076502 	 0.015271 
0.086732 	0.201743 	0.151091 	0.074968 	 0.015189 
0.095961 	0.189933 	0.143903 	0.065322 	 0.014496 
0.089202 	0.196517 	0.148123 	0.070727 	 0.015360 
0.094920 	0.197146 	0.148490 	0.070231 	 0.014970 
0.102196 	0.182601 	0.139081 	0.062273 	 0.014750 
0.100467 	0.184152 	0.139964 	0.063357 	 0.014618 
0.105534 	0.183046 	0.139711 	0.059305 	 0.014122 
0.090265 	0.199838 	0.150399 	0.072830 	 0.015182 
0.109964 	0.171958 	0.132441 	0.053303 	 0.013603 
0.089740 	0.201192 	0.150718 	0.077596 	 0.015468 
0.108150 	0.186198 	0.141474 	0.063100 	 0.013469 
0.085841 	0.208296 	0.155387 	0.082124 	 0.015751 
0.096061 	0.192711 	0.145622 	0.068169 	 0.014227 
0.098218 	0.195370 	0.147750 	0.071098 	 0.014670 
0.097929 	0.191146 	0.144671 	0.067398 	 0.014080 
0.106678 	0.185612 	0.141311 	0.063566 	 0.013513 
0.101642 	0.193152 	0.146186 	0.067091 	 0.014173 
0.100351 	0.186036 	0.141504 	0.065142 	 0.014004 
0.107664 	0.188949 	0.144249 	0.063574 	 0.014205 
0.107980 	0.176065 	0.135847 	0.053872 	 0.013862 
0.089631 	0.204017 	0.152973 	0.078379 	 0.015019 
0.100251 	0.198237 	0.149744 	0.074969 	 0.015958 
0.077535 	0.211488 	0.158836 	0.079677 	 0.016175 
0.100668 	0.182254 	0.139737 	0.059602 	 0.014253 
0.106246 	0.179051 	0.138114 	0.056875 	 0.014208 
0.094515 	0.192393 	0.146665 	0.067019 	 0.015456 
0.096585 	0.195172 	0.148627 	0.067144 	 0.015075 
0.074610 	0.218504 	0.163418 	0.084872 	 0.016867 
0.088114 	0.201862 	0.152954 	0.073511 	 0.016204 
0.088118 	0.193471 	0.147475 	0.065151 	 0.015132 
0.094592 	0.194850 	0.148685 	0.065983 	 0.015409 
0.093353 	0.196731 	0.149655 	0.068101 	 0.015133 
0.090327 	0.196793 	0.149905 	0.069360 	 0.015011 
0.082624 	0.196809 	0.149829 	0.066848 	 0.015085 
0.077570 	0.201880 	0.153155 	0.071315 	 0.015792 
0.105694 	0.181006 	0.139340 	0.058852 	 0.013580 
0.098732 	0.188196 	0.143883 	0.063884 	 0.013673 
0.100201 	0.186219 	0.142920 	0.060972 	 0.013670 
0.085313 	0.192763 	0.147352 	0.064859 	 0.015352 
0.098832 	0.186852 	0.143624 	0.062002 	 0.014025 
0.088378 	0.187069 	0.143288 	0.064792 	 0.015562 
0.092238 	0.195129 	0.148377 	0.070267 	 0.014735 
0.085018 	0.193011 	0.148130 	0.065319 	 0.015623 
0.094642 	0.194725 	0.149166 	0.066540 	 0.015273 
0.093515 	0.182489 	0.140981 	0.059456 	 0.014963 
0.084281 	0.194914 	0.148888 	0.067949 	 0.015566 
0.082714 	0.190823 	0.146530 	0.062839 	 0.015255 
0.083744 	0.197316 	0.150768 	0.069400 	 0.016116 
0.092257 	0.194147 	0.148982 	0.067400 	 0.015553 
0.088229 	0.190699 	0.146579 	0.061570 	 0.015117 
0.114467 	0.174665 	0.136278 	0.054318 	 0.013408 
0.091556 	0.199244 	0.152062 	0.067807 	 0.014753 
0.090487 	0.178646 	0.138621 	0.055079 	 0.014265 
0.103153 	0.182428 	0.141772 	0.057264 	 0.014720 
0.102017 	0.179208 	0.139543 	0.053912 	 0.013888 
0.094335 	0.191792 	0.147641 	0.062335 	 0.014550 
0.092033 	0.193437 	0.149090 	0.063506 	 0.015626 
0.102313 	0.182573 	0.141487 	0.060082 	 0.014189 
0.094416 	0.181701 	0.140813 	0.060777 	 0.014929 
0.088407 	0.198272 	0.152340 	0.065531 	 0.015476 
0.101353 	0.182375 	0.141961 	0.057517 	 0.014571 
0.100582 	0.173632 	0.135902 	0.051766 	 0.013666 
0.094421 	0.191756 	0.147925 	0.062966 	 0.014895 
0.087977 	0.198564 	0.152350 	0.068684 	 0.015945 
0.095727 	0.186193 	0.144773 	0.055735 	 0.014777 
0.089806 	0.177379 	0.138290 	0.054272 	 0.014183 
0.108336 	0.175898 	0.138003 	0.053351 	 0.013683 
0.080652 	0.196112 	0.151147 	0.066883 	 0.015974 
0.097626 	0.183714 	0.142832 	0.059328 	 0.013837 
0.093500 	0.182633 	0.142310 	0.057490 	 0.015140 
0.088895 	0.186289 	0.145092 	0.058166 	 0.015728 
0.092371 	0.189036 	0.147113 	0.058988 	 0.015355 
0.099765 	0.175053 	0.137316 	0.054982 	 0.014336 
0.069751 	0.209356 	0.159855 	0.074912 	 0.016273 
