0.221212 0.187759 0.192864 0.204874 0.204626 0.219740 0.189571 0.382307 0.321369 0.332188 0.351281 0.353370 0.379765 0.327449 0.111443 0.118524 0.141290 0.112770 0.072141 0.114800 0.134107 0.220979 0.185726 0.192552 0.200982 0.204455 0.219508 0.189533 
0.192535 0.165663 0.138151 0.194096 0.149745 0.192026 0.144270 0.330889 0.285374 0.237975 0.334933 0.258221 0.329969 0.248062 0.122504 0.148200 0.196696 0.125262 0.134338 0.123845 0.186292 0.191316 0.165245 0.137483 0.192569 0.149251 0.190756 0.143625 
0.160061 0.144481 0.119561 0.172768 0.135012 0.160226 0.128094 0.274084 0.248100 0.205106 0.296772 0.231912 0.274346 0.219191 0.110763 0.156498 0.194961 0.146432 0.135383 0.111698 0.183440 0.157459 0.143389 0.118326 0.171626 0.133943 0.157642 0.126762 
0.139985 0.127689 0.108643 0.151069 0.123249 0.139867 0.117346 0.238204 0.218270 0.185310 0.258714 0.210841 0.237960 0.199505 0.107662 0.137547 0.175701 0.121894 0.118807 0.109192 0.174655 0.138100 0.126253 0.106982 0.149729 0.121928 0.137961 0.115442 
0.131800 0.121686 0.104705 0.143478 0.119219 0.131411 0.112617 0.223911 0.207514 0.177928 0.245342 0.203256 0.223167 0.190814 0.103737 0.138049 0.174079 0.123568 0.119908 0.104643 0.176921 0.129905 0.119972 0.102634 0.141823 0.117442 0.129468 0.110514 
0.122426 0.118146 0.101869 0.138652 0.116733 0.122115 0.108845 0.207379 0.200904 0.172541 0.236286 0.198106 0.206815 0.183962 0.103633 0.140074 0.174493 0.122907 0.122030 0.104982 0.186323 0.121379 0.116226 0.099474 0.136730 0.114392 0.121084 0.106647 
0.116454 0.113798 0.098398 0.132525 0.114250 0.116227 0.105688 0.196810 0.192850 0.165833 0.225369 0.193506 0.196398 0.178082 0.101402 0.136048 0.171050 0.118178 0.121493 0.102642 0.186502 0.114851 0.111517 0.095677 0.130356 0.111971 0.114614 0.103230 
0.112340 0.110260 0.094927 0.128209 0.111886 0.112276 0.103169 0.188632 0.186442 0.159750 0.217356 0.189002 0.188494 0.173349 0.099820 0.119606 0.156410 0.100353 0.111300 0.100813 0.180275 0.109777 0.107659 0.092159 0.125523 0.109325 0.109696 0.100318 
0.107474 0.106490 0.092606 0.122996 0.109034 0.107394 0.101279 0.179359 0.179057 0.155365 0.206927 0.183333 0.179179 0.169595 0.097283 0.081278 0.127490 0.082969 0.084724 0.097279 0.153973 0.103860 0.103151 0.089757 0.119004 0.105968 0.103786 0.098092 
0.103620 0.103954 0.091384 0.119586 0.107056 0.103895 0.100379 0.171873 0.173644 0.152361 0.200020 0.178981 0.172314 0.167460 0.140496 0.081778 0.131076 0.082022 0.088637 0.137884 0.153852 0.100145 0.100128 0.088106 0.115266 0.103489 0.100368 0.096894 
0.101125 0.100940 0.090072 0.114889 0.104403 0.101162 0.099524 0.167300 0.167689 0.149338 0.191065 0.173710 0.167369 0.165303 0.155947 0.060235 0.119912 0.123783 0.062304 0.158147 0.132666 0.097475 0.096991 0.086436 0.110730 0.100659 0.097479 0.095779 
0.099305 0.100245 0.089420 0.113888 0.104087 0.099311 0.099207 0.163812 0.165589 0.147613 0.188215 0.172118 0.163807 0.163913 0.158639 0.059492 0.113011 0.117531 0.062354 0.160061 0.121699 0.095575 0.095808 0.085501 0.109175 0.099815 0.095542 0.094993 
0.097629 0.098646 0.088751 0.111933 0.103087 0.097595 0.098683 0.160063 0.162295 0.145764 0.184104 0.169658 0.160012 0.162350 0.146356 0.061043 0.119565 0.097803 0.072311 0.148074 0.125480 0.093606 0.094143 0.084582 0.106893 0.098455 0.093575 0.094234 
0.096315 0.097858 0.088289 0.110239 0.102376 0.096315 0.098484 0.157099 0.160650 0.144789 0.181160 0.168361 0.157072 0.161605 0.136697 0.059097 0.120245 0.100494 0.067041 0.138176 0.129008 0.092188 0.093238 0.084162 0.105490 0.097669 0.092178 0.093842 
0.094581 0.097257 0.087934 0.108898 0.101671 0.094606 0.098169 0.153331 0.159123 0.143806 0.179026 0.167115 0.153452 0.160722 0.126916 0.055629 0.111536 0.099761 0.068353 0.128927 0.121966 0.089592 0.092509 0.083671 0.104151 0.097103 0.089627 0.093354 
