4.184267e-001 2.060469e-002 9.880712e-003 3.408595e-002 0.000000e+000 
4.174211e-001 2.164181e-002 1.057637e-002 3.481399e-002 0.000000e+000 
4.164181e-001 2.267570e-002 1.126994e-002 3.553812e-002 0.000000e+000 
4.154174e-001 2.370634e-002 1.196144e-002 3.625836e-002 0.000000e+000 
4.144192e-001 2.473375e-002 1.265087e-002 3.697471e-002 0.000000e+000 
4.134234e-001 2.575793e-002 1.333823e-002 3.768719e-002 0.000000e+000 
4.124299e-001 2.677890e-002 1.402352e-002 3.839583e-002 0.000000e+000 
4.114389e-001 2.779666e-002 1.470677e-002 3.910062e-002 0.000000e+000 
4.104503e-001 2.881121e-002 1.538796e-002 3.980160e-002 0.000000e+000 
4.094641e-001 2.982258e-002 1.606711e-002 4.049877e-002 0.000000e+000 
4.084802e-001 3.083075e-002 1.674422e-002 4.119214e-002 0.000000e+000 
4.074987e-001 3.183575e-002 1.741929e-002 4.188174e-002 0.000000e+000 
4.065196e-001 3.283758e-002 1.809234e-002 4.256758e-002 0.000000e+000 
4.055429e-001 3.383624e-002 1.876336e-002 4.324967e-002 0.000000e+000 
4.045685e-001 3.483174e-002 1.943236e-002 4.392803e-002 0.000000e+000 
4.035965e-001 3.582409e-002 2.009935e-002 4.460266e-002 0.000000e+000 
4.026269e-001 3.681331e-002 2.076434e-002 4.527360e-002 3.638923e-005 
4.016595e-001 3.779938e-002 2.142731e-002 4.594084e-002 1.159016e-004 
4.006946e-001 3.878233e-002 2.208830e-002 4.660441e-002 1.950972e-004 
3.997319e-001 3.976216e-002 2.274728e-002 4.726431e-002 2.739772e-004 
3.987716e-001 4.073888e-002 2.340429e-002 4.792057e-002 3.525424e-004 
3.978136e-001 4.171249e-002 2.405930e-002 4.857320e-002 4.307940e-004 
3.968579e-001 4.268300e-002 2.471235e-002 4.922221e-002 5.087329e-004 
3.959046e-001 4.365042e-002 2.536342e-002 4.986762e-002 5.863602e-004 
3.949535e-001 4.461476e-002 2.601252e-002 5.050943e-002 6.636769e-004 
3.940048e-001 4.557602e-002 2.665966e-002 5.114768e-002 7.406840e-004 
3.930583e-001 4.653422e-002 2.730484e-002 5.178235e-002 8.173825e-004 
3.921141e-001 4.748935e-002 2.794808e-002 5.241349e-002 8.937734e-004 
3.911722e-001 4.844142e-002 2.858936e-002 5.304108e-002 9.698577e-004 
3.902326e-001 4.939045e-002 2.922871e-002 5.366516e-002 1.045636e-003 
3.892953e-001 5.033644e-002 2.986612e-002 5.428573e-002 1.121111e-003 
3.883602e-001 5.127939e-002 3.050159e-002 5.490281e-002 1.196281e-003 
3.874274e-001 5.221932e-002 3.113514e-002 5.551641e-002 1.271149e-003 
3.864969e-001 5.315623e-002 3.176677e-002 5.612655e-002 1.345715e-003 
3.855686e-001 5.409013e-002 3.239648e-002 5.673323e-002 1.419981e-003 
3.846425e-001 5.502102e-002 3.302428e-002 5.733648e-002 1.493947e-003 
3.837187e-001 5.594892e-002 3.365017e-002 5.793630e-002 1.567614e-003 
3.827972e-001 5.687382e-002 3.427417e-002 5.853271e-002 1.640984e-003 
3.818778e-001 5.779574e-002 3.489626e-002 5.912572e-002 1.714057e-003 
3.809607e-001 5.871469e-002 3.551646e-002 5.971536e-002 1.786834e-003 
3.800458e-001 5.963066e-002 3.613478e-002 6.030162e-002 1.859316e-003 
3.791332e-001 6.054367e-002 3.675121e-002 6.088452e-002 1.931504e-003 
3.782227e-001 6.145373e-002 3.736577e-002 6.146408e-002 2.003400e-003 
3.773145e-001 6.236084e-002 3.797845e-002 6.204031e-002 2.075003e-003 
3.764084e-001 6.326501e-002 3.858927e-002 6.261322e-002 2.146316e-003 
3.755045e-001 6.416624e-002 3.919822e-002 6.318283e-002 2.217339e-003 
3.746029e-001 6.506454e-002 3.980532e-002 6.374914e-002 2.288072e-003 
3.737034e-001 6.595993e-002 4.041056e-002 6.431218e-002 2.358518e-003 
3.728061e-001 6.685240e-002 4.101396e-002 6.487195e-002 2.428676e-003 
3.719109e-001 6.774196e-002 4.161551e-002 6.542847e-002 2.498548e-003 
3.710180e-001 6.862862e-002 4.221522e-002 6.598176e-002 2.568134e-003 
3.701272e-001 6.951239e-002 4.281310e-002 6.653181e-002 2.637436e-003 
3.692386e-001 7.039328e-002 4.340915e-002 6.707865e-002 2.706455e-003 
3.683521e-001 7.127128e-002 4.400338e-002 6.762229e-002 2.775191e-003 
3.674677e-001 7.214641e-002 4.459578e-002 6.816274e-002 2.843646e-003 
3.665856e-001 7.301868e-002 4.518637e-002 6.870002e-002 2.911820e-003 
3.657055e-001 7.388808e-002 4.577515e-002 6.923414e-002 2.979714e-003 
3.648276e-001 7.475464e-002 4.636213e-002 6.976510e-002 3.047329e-003 
3.639518e-001 7.561834e-002 4.694730e-002 7.029293e-002 3.114667e-003 
3.630781e-001 7.647921e-002 4.753068e-002 7.081763e-002 3.181727e-003 
3.622066e-001 7.733725e-002 4.811227e-002 7.133922e-002 3.248511e-003 
3.613372e-001 7.819246e-002 4.869207e-002 7.185770e-002 3.315020e-003 
3.604699e-001 7.904486e-002 4.927009e-002 7.237310e-002 3.381255e-003 
3.596046e-001 7.989444e-002 4.984633e-002 7.288543e-002 3.447216e-003 
3.587415e-001 8.074121e-002 5.042079e-002 7.339469e-002 3.512905e-003 
3.578805e-001 8.158519e-002 5.099349e-002 7.390090e-002 3.578322e-003 
3.570216e-001 8.242638e-002 5.156443e-002 7.440407e-002 3.643469e-003 
3.561647e-001 8.326478e-002 5.213360e-002 7.490422e-002 3.708345e-003 
3.553100e-001 8.410040e-002 5.270102e-002 7.540135e-002 3.772953e-003 
3.544573e-001 8.493325e-002 5.326669e-002 7.589548e-002 3.837292e-003 
3.536067e-001 8.576333e-002 5.383062e-002 7.638662e-002 3.901364e-003 
3.527581e-001 8.659066e-002 5.439280e-002 7.687478e-002 3.965170e-003 
3.519116e-001 8.741523e-002 5.495325e-002 7.735997e-002 4.028711e-003 
3.510672e-001 8.823706e-002 5.551196e-002 7.784221e-002 4.091987e-003 
3.502248e-001 8.905614e-002 5.606895e-002 7.832151e-002 4.154999e-003 
3.493845e-001 8.987250e-002 5.662422e-002 7.879787e-002 4.217748e-003 
3.485462e-001 9.068613e-002 5.717776e-002 7.927132e-002 4.280236e-003 
3.477099e-001 9.149703e-002 5.772960e-002 7.974186e-002 4.342462e-003 
3.468757e-001 9.230523e-002 5.827972e-002 8.020951e-002 4.404428e-003 
3.460435e-001 9.311072e-002 5.882814e-002 8.067427e-002 4.466134e-003 
3.452134e-001 9.391351e-002 5.937486e-002 8.113615e-002 4.527582e-003 
3.443852e-001 9.471360e-002 5.991988e-002 8.159518e-002 4.588773e-003 
3.435591e-001 9.551101e-002 6.046320e-002 8.205136e-002 4.649706e-003 
3.427349e-001 9.630574e-002 6.100485e-002 8.250470e-002 4.710384e-003 
3.419128e-001 9.709779e-002 6.154480e-002 8.295522e-002 4.770806e-003 
3.410927e-001 9.788717e-002 6.208308e-002 8.340292e-002 4.830974e-003 
3.402745e-001 9.867389e-002 6.261969e-002 8.384782e-002 4.890888e-003 
3.394584e-001 9.945796e-002 6.315462e-002 8.428992e-002 4.950550e-003 
3.386443e-001 1.002394e-001 6.368789e-002 8.472925e-002 5.009960e-003 
3.378321e-001 1.010181e-001 6.421950e-002 8.516580e-002 5.069119e-003 
3.370219e-001 1.017943e-001 6.474945e-002 8.559960e-002 5.128027e-003 
3.362137e-001 1.025678e-001 6.527775e-002 8.603065e-002 5.186687e-003 
3.354074e-001 1.033387e-001 6.580440e-002 8.645896e-002 5.245098e-003 
3.346031e-001 1.041069e-001 6.632940e-002 8.688455e-002 5.303261e-003 
3.338008e-001 1.048726e-001 6.685277e-002 8.730743e-002 5.361177e-003 
3.330004e-001 1.056356e-001 6.737450e-002 8.772761e-002 5.418847e-003 
3.322020e-001 1.063961e-001 6.789460e-002 8.814509e-002 5.476272e-003 
3.314055e-001 1.071540e-001 6.841307e-002 8.855989e-002 5.533452e-003 
3.306110e-001 1.079092e-001 6.892992e-002 8.897202e-002 5.590389e-003 
3.298184e-001 1.086619e-001 6.944515e-002 8.938150e-002 5.647083e-003 
3.290277e-001 1.094120e-001 6.995876e-002 8.978832e-002 5.703535e-003 
3.282389e-001 1.101596e-001 7.047077e-002 9.019251e-002 5.759746e-003 
3.274521e-001 1.109046e-001 7.098117e-002 9.059407e-002 5.815716e-003 
3.266672e-001 1.116470e-001 7.148997e-002 9.099302e-002 5.871446e-003 
3.258842e-001 1.123869e-001 7.199717e-002 9.138936e-002 5.926938e-003 
3.251031e-001 1.131242e-001 7.250277e-002 9.178311e-002 5.982191e-003 
3.243240e-001 1.138590e-001 7.300679e-002 9.217427e-002 6.037208e-003 
3.235467e-001 1.145913e-001 7.350922e-002 9.256286e-002 6.091987e-003 
3.227713e-001 1.153211e-001 7.401007e-002 9.294889e-002 6.146531e-003 
3.219978e-001 1.160483e-001 7.450934e-002 9.333237e-002 6.200840e-003 
3.212263e-001 1.167730e-001 7.500704e-002 9.371330e-002 6.254915e-003 
3.204565e-001 1.174952e-001 7.550318e-002 9.409171e-002 6.308757e-003 
3.196887e-001 1.182149e-001 7.599774e-002 9.446759e-002 6.362366e-003 
3.189228e-001 1.189321e-001 7.649075e-002 9.484096e-002 6.415743e-003 
3.181587e-001 1.196469e-001 7.698220e-002 9.521184e-002 6.468888e-003 
3.173965e-001 1.203591e-001 7.747209e-002 9.558022e-002 6.521804e-003 
3.166361e-001 1.210689e-001 7.796044e-002 9.594612e-002 6.574490e-003 
3.158776e-001 1.217762e-001 7.844725e-002 9.630956e-002 6.626947e-003 
3.151210e-001 1.224810e-001 7.893251e-002 9.667053e-002 6.679176e-003 
3.143662e-001 1.231834e-001 7.941624e-002 9.702906e-002 6.731178e-003 
3.136132e-001 1.238833e-001 7.989843e-002 9.738514e-002 6.782954e-003 
3.128621e-001 1.245808e-001 8.037910e-002 9.773880e-002 6.834503e-003 
3.121129e-001 1.252758e-001 8.085824e-002 9.809004e-002 6.885828e-003 
3.113655e-001 1.259684e-001 8.133586e-002 9.843887e-002 6.936928e-003 
3.106199e-001 1.266585e-001 8.181197e-002 9.878531e-002 6.987804e-003 
3.098761e-001 1.273463e-001 8.228656e-002 9.912935e-002 7.038458e-003 
3.091341e-001 1.280316e-001 8.275964e-002 9.947101e-002 7.088890e-003 
3.083940e-001 1.287145e-001 8.323122e-002 9.981031e-002 7.139101e-003 
3.076557e-001 1.293950e-001 8.370130e-002 1.001472e-001 7.189090e-003 
3.069192e-001 1.300731e-001 8.416988e-002 1.004818e-001 7.238860e-003 
3.061845e-001 1.307489e-001 8.463697e-002 1.008141e-001 7.288411e-003 
3.054515e-001 1.314222e-001 8.510257e-002 1.011440e-001 7.337744e-003 
3.047204e-001 1.320931e-001 8.556669e-002 1.014716e-001 7.386859e-003 
3.039911e-001 1.327617e-001 8.602932e-002 1.017969e-001 7.435756e-003 
3.032636e-001 1.334279e-001 8.649048e-002 1.021199e-001 7.484438e-003 
3.025378e-001 1.340917e-001 8.695016e-002 1.024406e-001 7.532904e-003 
3.018139e-001 1.347532e-001 8.740837e-002 1.027590e-001 7.581155e-003 
3.010917e-001 1.354123e-001 8.786512e-002 1.030751e-001 7.629192e-003 
3.003713e-001 1.360691e-001 8.832040e-002 1.033890e-001 7.677016e-003 
2.996526e-001 1.367235e-001 8.877423e-002 1.037006e-001 7.724627e-003 
2.989358e-001 1.373756e-001 8.922660e-002 1.040100e-001 7.772027e-003 
2.982206e-001 1.380253e-001 8.967752e-002 1.043171e-001 7.819214e-003 
2.975073e-001 1.386728e-001 9.012700e-002 1.046221e-001 7.866192e-003 
2.967957e-001 1.393179e-001 9.057503e-002 1.049248e-001 7.912959e-003 
2.960858e-001 1.399607e-001 9.102162e-002 1.052253e-001 7.959518e-003 
2.953777e-001 1.406012e-001 9.146678e-002 1.055236e-001 8.005868e-003 
2.946713e-001 1.412394e-001 9.191050e-002 1.058197e-001 8.052010e-003 
2.939667e-001 1.418753e-001 9.235280e-002 1.061136e-001 8.097945e-003 
2.932638e-001 1.425089e-001 9.279367e-002 1.064054e-001 8.143674e-003 
2.925626e-001 1.431402e-001 9.323312e-002 1.066950e-001 8.189197e-003 
2.918632e-001 1.437692e-001 9.367116e-002 1.069824e-001 8.234515e-003 
2.911655e-001 1.443960e-001 9.410778e-002 1.072677e-001 8.279628e-003 
2.904695e-001 1.450204e-001 9.454299e-002 1.075509e-001 8.324538e-003 
2.897752e-001 1.456427e-001 9.497680e-002 1.078319e-001 8.369245e-003 
2.890826e-001 1.462626e-001 9.540920e-002 1.081109e-001 8.413750e-003 
2.883918e-001 1.468803e-001 9.584021e-002 1.083877e-001 8.458054e-003 
2.877026e-001 1.474958e-001 9.626982e-002 1.086624e-001 8.502156e-003 
2.870151e-001 1.481090e-001 9.669804e-002 1.089351e-001 8.546058e-003 
2.863294e-001 1.487200e-001 9.712487e-002 1.092056e-001 8.589760e-003 
2.856453e-001 1.493288e-001 9.755032e-002 1.094741e-001 8.633264e-003 
2.849629e-001 1.499353e-001 9.797439e-002 1.097405e-001 8.676569e-003 
2.842822e-001 1.505396e-001 9.839708e-002 1.100049e-001 8.719677e-003 
2.836032e-001 1.511417e-001 9.881840e-002 1.102672e-001 8.762587e-003 
2.829259e-001 1.517416e-001 9.923835e-002 1.105275e-001 8.805302e-003 
2.822502e-001 1.523393e-001 9.965693e-002 1.107858e-001 8.847821e-003 
2.815762e-001 1.529348e-001 1.000742e-001 1.110420e-001 8.890145e-003 
2.809039e-001 1.535280e-001 1.004900e-001 1.112963e-001 8.932274e-003 
2.802332e-001 1.541191e-001 1.009045e-001 1.115485e-001 8.974210e-003 
2.795642e-001 1.547081e-001 1.013177e-001 1.117987e-001 9.015953e-003 
2.788969e-001 1.552948e-001 1.017295e-001 1.120470e-001 9.057503e-003 
2.782312e-001 1.558794e-001 1.021399e-001 1.122933e-001 9.098862e-003 
2.775671e-001 1.564618e-001 1.025491e-001 1.125376e-001 9.140030e-003 
2.769047e-001 1.570420e-001 1.029569e-001 1.127799e-001 9.181007e-003 
2.762440e-001 1.576201e-001 1.033633e-001 1.130203e-001 9.221795e-003 
2.755849e-001 1.581961e-001 1.037684e-001 1.132588e-001 9.262393e-003 
2.749274e-001 1.587699e-001 1.041722e-001 1.134953e-001 9.302803e-003 
2.742715e-001 1.593415e-001 1.045747e-001 1.137299e-001 9.343024e-003 
2.736173e-001 1.599110e-001 1.049758e-001 1.139626e-001 9.383059e-003 
2.729647e-001 1.604784e-001 1.053757e-001 1.141933e-001 9.422907e-003 
2.723138e-001 1.610437e-001 1.057742e-001 1.144222e-001 9.462569e-003 
2.716644e-001 1.616068e-001 1.061714e-001 1.146492e-001 9.502045e-003 
2.710167e-001 1.621679e-001 1.065673e-001 1.148743e-001 9.541337e-003 
2.703705e-001 1.627268e-001 1.069619e-001 1.150975e-001 9.580445e-003 
2.697260e-001 1.632836e-001 1.073552e-001 1.153188e-001 9.619369e-003 
2.690831e-001 1.638383e-001 1.077472e-001 1.155383e-001 9.658110e-003 
2.684418e-001 1.643910e-001 1.081379e-001 1.157559e-001 9.696669e-003 
2.678021e-001 1.649415e-001 1.085273e-001 1.159717e-001 9.735046e-003 
2.671639e-001 1.654900e-001 1.089155e-001 1.161856e-001 9.773243e-003 
2.665274e-001 1.660364e-001 1.093023e-001 1.163978e-001 9.811258e-003 
2.658924e-001 1.665807e-001 1.096879e-001 1.166081e-001 9.849094e-003 
2.652591e-001 1.671229e-001 1.100722e-001 1.168165e-001 9.886751e-003 
2.646273e-001 1.676631e-001 1.104552e-001 1.170232e-001 9.924229e-003 
2.639971e-001 1.682012e-001 1.108370e-001 1.172281e-001 9.961529e-003 
2.633685e-001 1.687373e-001 1.112175e-001 1.174312e-001 9.998651e-003 
2.627414e-001 1.692713e-001 1.115967e-001 1.176325e-001 1.003560e-002 
2.621159e-001 1.698033e-001 1.119747e-001 1.178320e-001 1.007237e-002 
2.614920e-001 1.703332e-001 1.123514e-001 1.180298e-001 1.010896e-002 
2.608696e-001 1.708612e-001 1.127268e-001 1.182258e-001 1.014538e-002 
2.602488e-001 1.713870e-001 1.131010e-001 1.184200e-001 1.018162e-002 
2.596296e-001 1.719109e-001 1.134740e-001 1.186125e-001 1.021769e-002 
2.590119e-001 1.724328e-001 1.138457e-001 1.188033e-001 1.025359e-002 
2.583957e-001 1.729526e-001 1.142162e-001 1.189923e-001 1.028931e-002 
2.577811e-001 1.734704e-001 1.145855e-001 1.191797e-001 1.032487e-002 
2.571681e-001 1.739863e-001 1.149535e-001 1.193653e-001 1.036025e-002 
2.565566e-001 1.745001e-001 1.153203e-001 1.195492e-001 1.039546e-002 
2.559466e-001 1.750119e-001 1.156858e-001 1.197314e-001 1.043050e-002 
2.553381e-001 1.755218e-001 1.160501e-001 1.199119e-001 1.046537e-002 
2.547312e-001 1.760297e-001 1.164133e-001 1.200907e-001 1.050007e-002 
2.541258e-001 1.765356e-001 1.167752e-001 1.202679e-001 1.053460e-002 
2.535219e-001 1.770395e-001 1.171358e-001 1.204434e-001 1.056896e-002 
2.529196e-001 1.775414e-001 1.174953e-001 1.206172e-001 1.060316e-002 
2.523188e-001 1.780414e-001 1.178536e-001 1.207894e-001 1.063719e-002 
2.517194e-001 1.785395e-001 1.182106e-001 1.209599e-001 1.067105e-002 
2.511216e-001 1.790355e-001 1.185665e-001 1.211288e-001 1.070475e-002 
2.505253e-001 1.795297e-001 1.189212e-001 1.212960e-001 1.073828e-002 
2.499305e-001 1.800219e-001 1.192746e-001 1.214616e-001 1.077164e-002 
2.493373e-001 1.805121e-001 1.196269e-001 1.216256e-001 1.080485e-002 
2.487455e-001 1.810004e-001 1.199780e-001 1.217880e-001 1.083789e-002 
2.481552e-001 1.814868e-001 1.203279e-001 1.219488e-001 1.087076e-002 
2.475664e-001 1.819713e-001 1.206766e-001 1.221080e-001 1.090347e-002 
2.469791e-001 1.824539e-001 1.210241e-001 1.222656e-001 1.093603e-002 
2.463933e-001 1.829345e-001 1.213705e-001 1.224217e-001 1.096842e-002 
2.458089e-001 1.834132e-001 1.217157e-001 1.225761e-001 1.100065e-002 
2.452261e-001 1.838900e-001 1.220597e-001 1.227290e-001 1.103272e-002 
2.446447e-001 1.843650e-001 1.224026e-001 1.228803e-001 1.106462e-002 
2.440648e-001 1.848380e-001 1.227443e-001 1.230301e-001 1.109637e-002 
2.434864e-001 1.853091e-001 1.230848e-001 1.231783e-001 1.112797e-002 
2.429094e-001 1.857784e-001 1.234242e-001 1.233249e-001 1.115940e-002 
2.423339e-001 1.862458e-001 1.237624e-001 1.234701e-001 1.119068e-002 
2.417599e-001 1.867113e-001 1.240995e-001 1.236137e-001 1.122179e-002 
2.411874e-001 1.871749e-001 1.244354e-001 1.237558e-001 1.125276e-002 
2.406163e-001 1.876366e-001 1.247701e-001 1.238963e-001 1.128356e-002 
2.400466e-001 1.880965e-001 1.251038e-001 1.240354e-001 1.131421e-002 
2.394785e-001 1.885546e-001 1.254363e-001 1.241730e-001 1.134471e-002 
2.389117e-001 1.890108e-001 1.257676e-001 1.243091e-001 1.137505e-002 
2.383464e-001 1.894651e-001 1.260978e-001 1.244436e-001 1.140524e-002 
2.377826e-001 1.899176e-001 1.264269e-001 1.245768e-001 1.143527e-002 
2.372202e-001 1.903682e-001 1.267549e-001 1.247084e-001 1.146515e-002 
2.366592e-001 1.908171e-001 1.270817e-001 1.248386e-001 1.149488e-002 
2.360997e-001 1.912640e-001 1.274074e-001 1.249673e-001 1.152446e-002 
2.355416e-001 1.917092e-001 1.277320e-001 1.250945e-001 1.155389e-002 
2.349850e-001 1.921526e-001 1.280555e-001 1.252203e-001 1.158316e-002 
2.344298e-001 1.925941e-001 1.283779e-001 1.253447e-001 1.161229e-002 
2.338760e-001 1.930338e-001 1.286992e-001 1.254676e-001 1.164126e-002 
2.333236e-001 1.934717e-001 1.290193e-001 1.255891e-001 1.167009e-002 
2.327727e-001 1.939078e-001 1.293384e-001 1.257092e-001 1.169877e-002 
2.322232e-001 1.943421e-001 1.296563e-001 1.258279e-001 1.172729e-002 
2.316750e-001 1.947747e-001 1.299732e-001 1.259451e-001 1.175568e-002 
2.311284e-001 1.952054e-001 1.302889e-001 1.260610e-001 1.178391e-002 
2.305831e-001 1.956343e-001 1.306036e-001 1.261755e-001 1.181200e-002 
2.300392e-001 1.960615e-001 1.309172e-001 1.262885e-001 1.183994e-002 
2.294967e-001 1.964869e-001 1.312296e-001 1.264002e-001 1.186774e-002 
2.289557e-001 1.969105e-001 1.315411e-001 1.265105e-001 1.189539e-002 
2.284160e-001 1.973324e-001 1.318514e-001 1.266195e-001 1.192289e-002 
2.278778e-001 1.977525e-001 1.321606e-001 1.267271e-001 1.195025e-002 
2.273409e-001 1.981708e-001 1.324688e-001 1.268333e-001 1.197747e-002 
2.268054e-001 1.985874e-001 1.327759e-001 1.269382e-001 1.200455e-002 
2.262713e-001 1.990022e-001 1.330819e-001 1.270417e-001 1.203148e-002 
2.257387e-001 1.994153e-001 1.333869e-001 1.271439e-001 1.205827e-002 
2.252074e-001 1.998266e-001 1.336908e-001 1.272447e-001 1.208492e-002 
2.246774e-001 2.002363e-001 1.339936e-001 1.273442e-001 1.211143e-002 
2.241489e-001 2.006441e-001 1.342954e-001 1.274425e-001 1.213779e-002 
2.236218e-001 2.010503e-001 1.345961e-001 1.275393e-001 1.216402e-002 
2.230960e-001 2.014547e-001 1.348958e-001 1.276349e-001 1.219010e-002 
2.225716e-001 2.018574e-001 1.351944e-001 1.277292e-001 1.221605e-002 
2.220486e-001 2.022585e-001 1.354920e-001 1.278222e-001 1.224186e-002 
2.215269e-001 2.026577e-001 1.357885e-001 1.279139e-001 1.226753e-002 
2.210066e-001 2.030553e-001 1.360840e-001 1.280043e-001 1.229306e-002 
2.204877e-001 2.034512e-001 1.363784e-001 1.280934e-001 1.231846e-002 
2.199702e-001 2.038454e-001 1.366719e-001 1.281812e-001 1.234371e-002 
2.194540e-001 2.042379e-001 1.369642e-001 1.282678e-001 1.236883e-002 
2.189391e-001 2.046287e-001 1.372556e-001 1.283532e-001 1.239382e-002 
2.184257e-001 2.050179e-001 1.375459e-001 1.284372e-001 1.241867e-002 
2.179135e-001 2.054053e-001 1.378352e-001 1.285200e-001 1.244338e-002 
2.174028e-001 2.057911e-001 1.381235e-001 1.286016e-001 1.246796e-002 
2.168934e-001 2.061752e-001 1.384107e-001 1.286819e-001 1.249241e-002 
2.163853e-001 2.065576e-001 1.386970e-001 1.287611e-001 1.251672e-002 
2.158786e-001 2.069384e-001 1.389822e-001 1.288389e-001 1.254090e-002 
2.153732e-001 2.073175e-001 1.392664e-001 1.289156e-001 1.256495e-002 
2.148692e-001 2.076950e-001 1.395496e-001 1.289910e-001 1.258886e-002 
2.143665e-001 2.080708e-001 1.398318e-001 1.290653e-001 1.261264e-002 
2.138651e-001 2.084450e-001 1.401130e-001 1.291383e-001 1.263629e-002 
2.133651e-001 2.088175e-001 1.403932e-001 1.292101e-001 1.265981e-002 
2.128664e-001 2.091884e-001 1.406724e-001 1.292807e-001 1.268320e-002 
2.123691e-001 2.095577e-001 1.409506e-001 1.293502e-001 1.270646e-002 
2.118731e-001 2.099253e-001 1.412278e-001 1.294185e-001 1.272959e-002 
2.113784e-001 2.102914e-001 1.415040e-001 1.294856e-001 1.275259e-002 
2.108850e-001 2.106557e-001 1.417792e-001 1.295515e-001 1.277546e-002 
2.103930e-001 2.110185e-001 1.420535e-001 1.296162e-001 1.279821e-002 
2.099022e-001 2.113797e-001 1.423267e-001 1.296798e-001 1.282082e-002 
2.094128e-001 2.117392e-001 1.425990e-001 1.297423e-001 1.284331e-002 
2.089248e-001 2.120972e-001 1.428703e-001 1.298036e-001 1.286567e-002 
2.084380e-001 2.124535e-001 1.431406e-001 1.298637e-001 1.288791e-002 
2.079526e-001 2.128083e-001 1.434100e-001 1.299227e-001 1.291002e-002 
2.074684e-001 2.131615e-001 1.436783e-001 1.299806e-001 1.293200e-002 
2.069856e-001 2.135131e-001 1.439458e-001 1.300374e-001 1.295386e-002 
2.065041e-001 2.138631e-001 1.442122e-001 1.300930e-001 1.297559e-002 
2.060239e-001 2.142115e-001 1.444777e-001 1.301475e-001 1.299720e-002 
2.055450e-001 2.145583e-001 1.447422e-001 1.302009e-001 1.301869e-002 
2.050674e-001 2.149036e-001 1.450058e-001 1.302532e-001 1.304005e-002 
2.045911e-001 2.152473e-001 1.452684e-001 1.303044e-001 1.306129e-002 
2.041161e-001 2.155894e-001 1.455301e-001 1.303545e-001 1.308241e-002 
2.036424e-001 2.159300e-001 1.457908e-001 1.304035e-001 1.310340e-002 
2.031700e-001 2.162690e-001 1.460506e-001 1.304515e-001 1.312428e-002 
2.026989e-001 2.166065e-001 1.463094e-001 1.304983e-001 1.314503e-002 
2.022291e-001 2.169425e-001 1.465673e-001 1.305441e-001 1.316566e-002 
2.017606e-001 2.172768e-001 1.468243e-001 1.305888e-001 1.318617e-002 
2.012933e-001 2.176097e-001 1.470803e-001 1.306324e-001 1.320656e-002 
2.008274e-001 2.179410e-001 1.473353e-001 1.306750e-001 1.322683e-002 
2.003627e-001 2.182708e-001 1.475895e-001 1.307165e-001 1.324698e-002 
1.998994e-001 2.185990e-001 1.478427e-001 1.307570e-001 1.326701e-002 
1.994373e-001 2.189258e-001 1.480950e-001 1.307964e-001 1.328693e-002 
1.989765e-001 2.192510e-001 1.483464e-001 1.308348e-001 1.330672e-002 
1.985170e-001 2.195747e-001 1.485968e-001 1.308722e-001 1.332640e-002 
1.980587e-001 2.198969e-001 1.488463e-001 1.309085e-001 1.334597e-002 
1.976018e-001 2.202176e-001 1.490949e-001 1.309439e-001 1.336541e-002 
1.971461e-001 2.205367e-001 1.493426e-001 1.309781e-001 1.338474e-002 
1.966917e-001 2.208544e-001 1.495894e-001 1.310114e-001 1.340395e-002 
1.962385e-001 2.211706e-001 1.498353e-001 1.310437e-001 1.342305e-002 
1.957867e-001 2.214853e-001 1.500802e-001 1.310750e-001 1.344203e-002 
1.953361e-001 2.217985e-001 1.503243e-001 1.311052e-001 1.346090e-002 
1.948867e-001 2.221102e-001 1.505674e-001 1.311345e-001 1.347965e-002 
1.944387e-001 2.224205e-001 1.508097e-001 1.311628e-001 1.349829e-002 
1.939919e-001 2.227292e-001 1.510510e-001 1.311901e-001 1.351682e-002 
1.935463e-001 2.230365e-001 1.512915e-001 1.312164e-001 1.353523e-002 
1.931021e-001 2.233423e-001 1.515311e-001 1.312417e-001 1.355353e-002 
1.926591e-001 2.236467e-001 1.517698e-001 1.312661e-001 1.357172e-002 
1.922173e-001 2.239496e-001 1.520075e-001 1.312895e-001 1.358980e-002 
1.917769e-001 2.242510e-001 1.522444e-001 1.313120e-001 1.360776e-002 
1.913376e-001 2.245510e-001 1.524805e-001 1.313335e-001 1.362561e-002 
1.908997e-001 2.248495e-001 1.527156e-001 1.313540e-001 1.364336e-002 
1.904630e-001 2.251466e-001 1.529499e-001 1.313736e-001 1.366099e-002 
1.900275e-001 2.254423e-001 1.531833e-001 1.313922e-001 1.367851e-002 
1.895933e-001 2.257365e-001 1.534158e-001 1.314099e-001 1.369592e-002 
1.891604e-001 2.260292e-001 1.536474e-001 1.314267e-001 1.371323e-002 
1.887287e-001 2.263206e-001 1.538782e-001 1.314426e-001 1.373042e-002 
1.882982e-001 2.266105e-001 1.541081e-001 1.314575e-001 1.374751e-002 
1.878690e-001 2.268990e-001 1.543371e-001 1.314715e-001 1.376449e-002 
1.874411e-001 2.271860e-001 1.545653e-001 1.314846e-001 1.378136e-002 
1.870144e-001 2.274717e-001 1.547926e-001 1.314968e-001 1.379812e-002 
1.865889e-001 2.277559e-001 1.550191e-001 1.315081e-001 1.381478e-002 
1.861647e-001 2.280388e-001 1.552447e-001 1.315185e-001 1.383133e-002 
1.857417e-001 2.283202e-001 1.554694e-001 1.315279e-001 1.384777e-002 
1.853200e-001 2.286002e-001 1.556933e-001 1.315365e-001 1.386411e-002 
1.848995e-001 2.288788e-001 1.559163e-001 1.315442e-001 1.388034e-002 
1.844803e-001 2.291561e-001 1.561386e-001 1.315511e-001 1.389647e-002 
1.840623e-001 2.294319e-001 1.563599e-001 1.315570e-001 1.391249e-002 
1.836455e-001 2.297064e-001 1.565804e-001 1.315621e-001 1.392841e-002 
1.832300e-001 2.299795e-001 1.568001e-001 1.315663e-001 1.394423e-002 
1.828157e-001 2.302511e-001 1.570189e-001 1.315696e-001 1.395994e-002 
1.824027e-001 2.305215e-001 1.572369e-001 1.315721e-001 1.397554e-002 
1.819909e-001 2.307904e-001 1.574541e-001 1.315737e-001 1.399105e-002 
1.815803e-001 2.310580e-001 1.576704e-001 1.315745e-001 1.400645e-002 
1.811710e-001 2.313242e-001 1.578860e-001 1.315744e-001 1.402175e-002 
1.807629e-001 2.315890e-001 1.581006e-001 1.315735e-001 1.403695e-002 
1.803560e-001 2.318525e-001 1.583145e-001 1.315717e-001 1.405205e-002 
1.799503e-001 2.321147e-001 1.585275e-001 1.315691e-001 1.406705e-002 
1.795459e-001 2.323755e-001 1.587398e-001 1.315657e-001 1.408194e-002 
1.791428e-001 2.326349e-001 1.589512e-001 1.315614e-001 1.409674e-002 
1.787408e-001 2.328930e-001 1.591617e-001 1.315563e-001 1.411143e-002 
1.783401e-001 2.331497e-001 1.593715e-001 1.315504e-001 1.412603e-002 
1.779406e-001 2.334052e-001 1.595805e-001 1.315437e-001 1.414053e-002 
1.775423e-001 2.336592e-001 1.597886e-001 1.315362e-001 1.415493e-002 
1.771453e-001 2.339120e-001 1.599960e-001 1.315279e-001 1.416923e-002 
1.767495e-001 2.341634e-001 1.602025e-001 1.315188e-001 1.418343e-002 
1.763549e-001 2.344135e-001 1.604082e-001 1.315088e-001 1.419753e-002 
1.759616e-001 2.346623e-001 1.606132e-001 1.314981e-001 1.421154e-002 
1.755695e-001 2.349098e-001 1.608173e-001 1.314866e-001 1.422545e-002 
1.751786e-001 2.351559e-001 1.610207e-001 1.314743e-001 1.423926e-002 
1.747889e-001 2.354008e-001 1.612232e-001 1.314612e-001 1.425297e-002 
1.744005e-001 2.356443e-001 1.614250e-001 1.314474e-001 1.426659e-002 
1.740132e-001 2.358866e-001 1.616259e-001 1.314328e-001 1.428012e-002 
1.736272e-001 2.361275e-001 1.618261e-001 1.314174e-001 1.429355e-002 
1.732425e-001 2.363672e-001 1.620255e-001 1.314012e-001 1.430688e-002 
1.728589e-001 2.366055e-001 1.622241e-001 1.313843e-001 1.432012e-002 
1.724766e-001 2.368426e-001 1.624220e-001 1.313666e-001 1.433326e-002 
1.720955e-001 2.370784e-001 1.626190e-001 1.313482e-001 1.434631e-002 
1.717156e-001 2.373129e-001 1.628153e-001 1.313290e-001 1.435927e-002 
1.713370e-001 2.375461e-001 1.630108e-001 1.313091e-001 1.437213e-002 
1.709596e-001 2.377781e-001 1.632055e-001 1.312884e-001 1.438490e-002 
1.705833e-001 2.380088e-001 1.633995e-001 1.312670e-001 1.439758e-002 
1.702084e-001 2.382382e-001 1.635927e-001 1.312449e-001 1.441016e-002 
1.698346e-001 2.384663e-001 1.637851e-001 1.312220e-001 1.442266e-002 
1.694621e-001 2.386932e-001 1.639767e-001 1.311984e-001 1.443506e-002 
1.690908e-001 2.389188e-001 1.641676e-001 1.311741e-001 1.444737e-002 
1.687207e-001 2.391432e-001 1.643578e-001 1.311491e-001 1.445959e-002 
1.683518e-001 2.393663e-001 1.645471e-001 1.311234e-001 1.447172e-002 
1.679841e-001 2.395882e-001 1.647357e-001 1.310969e-001 1.448375e-002 
1.676177e-001 2.398088e-001 1.649236e-001 1.310697e-001 1.449570e-002 
1.672525e-001 2.400282e-001 1.651107e-001 1.310419e-001 1.450756e-002 
1.668885e-001 2.402464e-001 1.652971e-001 1.310133e-001 1.451933e-002 
1.665258e-001 2.404633e-001 1.654827e-001 1.309840e-001 1.453101e-002 
1.661643e-001 2.406790e-001 1.656676e-001 1.309541e-001 1.454260e-002 
1.658040e-001 2.408935e-001 1.658517e-001 1.309234e-001 1.455410e-002 
1.654449e-001 2.411067e-001 1.660351e-001 1.308921e-001 1.456551e-002 
1.650870e-001 2.413187e-001 1.662177e-001 1.308601e-001 1.457684e-002 
1.647304e-001 2.415295e-001 1.663996e-001 1.308274e-001 1.458808e-002 
1.643750e-001 2.417391e-001 1.665808e-001 1.307941e-001 1.459923e-002 
1.640208e-001 2.419475e-001 1.667612e-001 1.307600e-001 1.461029e-002 
1.636678e-001 2.421546e-001 1.669409e-001 1.307254e-001 1.462127e-002 
1.633161e-001 2.423606e-001 1.671199e-001 1.306900e-001 1.463216e-002 
1.629656e-001 2.425653e-001 1.672981e-001 1.306540e-001 1.464297e-002 
1.626163e-001 2.427689e-001 1.674756e-001 1.306173e-001 1.465369e-002 
1.622683e-001 2.429712e-001 1.676524e-001 1.305800e-001 1.466432e-002 
1.619215e-001 2.431724e-001 1.678285e-001 1.305420e-001 1.467487e-002 
1.615759e-001 2.433724e-001 1.680038e-001 1.305034e-001 1.468534e-002 
1.612315e-001 2.435712e-001 1.681784e-001 1.304641e-001 1.469572e-002 
1.608884e-001 2.437688e-001 1.683523e-001 1.304243e-001 1.470601e-002 
1.605465e-001 2.439652e-001 1.685255e-001 1.303837e-001 1.471623e-002 
1.602058e-001 2.441605e-001 1.686980e-001 1.303426e-001 1.472635e-002 
1.598664e-001 2.443546e-001 1.688698e-001 1.303008e-001 1.473640e-002 
1.595282e-001 2.445475e-001 1.690408e-001 1.302584e-001 1.474636e-002 
1.591912e-001 2.447392e-001 1.692112e-001 1.302153e-001 1.475624e-002 
1.588555e-001 2.449298e-001 1.693808e-001 1.301717e-001 1.476604e-002 
1.585210e-001 2.451193e-001 1.695498e-001 1.301274e-001 1.477576e-002 
1.581877e-001 2.453075e-001 1.697180e-001 1.300825e-001 1.478539e-002 
1.578557e-001 2.454946e-001 1.698856e-001 1.300371e-001 1.479495e-002 
1.575249e-001 2.456806e-001 1.700524e-001 1.299910e-001 1.480442e-002 
1.571954e-001 2.458654e-001 1.702186e-001 1.299443e-001 1.481381e-002 
1.568670e-001 2.460491e-001 1.703840e-001 1.298970e-001 1.482312e-002 
1.565400e-001 2.462316e-001 1.705488e-001 1.298491e-001 1.483235e-002 
1.562142e-001 2.464130e-001 1.707129e-001 1.298007e-001 1.484150e-002 
1.558896e-001 2.465933e-001 1.708762e-001 1.297516e-001 1.485057e-002 
1.555662e-001 2.467724e-001 1.710389e-001 1.297020e-001 1.485956e-002 
1.552442e-001 2.469504e-001 1.712009e-001 1.296518e-001 1.486847e-002 
1.549233e-001 2.471272e-001 1.713623e-001 1.296010e-001 1.487731e-002 
1.546037e-001 2.473030e-001 1.715229e-001 1.295496e-001 1.488606e-002 
1.542854e-001 2.474776e-001 1.716829e-001 1.294977e-001 1.489474e-002 
1.539683e-001 2.476511e-001 1.718422e-001 1.294451e-001 1.490334e-002 
1.536525e-001 2.478235e-001 1.720008e-001 1.293921e-001 1.491186e-002 
1.533379e-001 2.479948e-001 1.721588e-001 1.293384e-001 1.492030e-002 
1.530246e-001 2.481649e-001 1.723160e-001 1.292843e-001 1.492867e-002 
1.527125e-001 2.483340e-001 1.724726e-001 1.292295e-001 1.493696e-002 
1.524017e-001 2.485020e-001 1.726286e-001 1.291742e-001 1.494517e-002 
1.520921e-001 2.486688e-001 1.727838e-001 1.291184e-001 1.495331e-002 
1.517838e-001 2.488346e-001 1.729384e-001 1.290620e-001 1.496137e-002 
1.514768e-001 2.489993e-001 1.730924e-001 1.290050e-001 1.496936e-002 
1.511710e-001 2.491629e-001 1.732456e-001 1.289476e-001 1.497727e-002 
1.508666e-001 2.493254e-001 1.733983e-001 1.288896e-001 1.498510e-002 
1.505633e-001 2.494868e-001 1.735502e-001 1.288310e-001 1.499287e-002 
1.502614e-001 2.496471e-001 1.737015e-001 1.287720e-001 1.500055e-002 
1.499607e-001 2.498064e-001 1.738522e-001 1.287124e-001 1.500816e-002 
1.496613e-001 2.499646e-001 1.740022e-001 1.286522e-001 1.501570e-002 
1.493632e-001 2.501217e-001 1.741515e-001 1.285916e-001 1.502316e-002 
1.490663e-001 2.502777e-001 1.743002e-001 1.285304e-001 1.503056e-002 
1.487707e-001 2.504327e-001 1.744483e-001 1.284688e-001 1.503787e-002 
1.484764e-001 2.505866e-001 1.745957e-001 1.284066e-001 1.504512e-002 
1.481834e-001 2.507395e-001 1.747425e-001 1.283439e-001 1.505229e-002 
1.478917e-001 2.508912e-001 1.748886e-001 1.282807e-001 1.505939e-002 
1.476013e-001 2.510420e-001 1.750341e-001 1.282170e-001 1.506642e-002 
1.473121e-001 2.511917e-001 1.751789e-001 1.281528e-001 1.507337e-002 
1.470243e-001 2.513403e-001 1.753231e-001 1.280881e-001 1.508025e-002 
1.467377e-001 2.514879e-001 1.754667e-001 1.280229e-001 1.508707e-002 
1.464525e-001 2.516344e-001 1.756096e-001 1.279572e-001 1.509381e-002 
1.461685e-001 2.517799e-001 1.757520e-001 1.278911e-001 1.510048e-002 
1.458859e-001 2.519244e-001 1.758936e-001 1.278244e-001 1.510708e-002 
1.456045e-001 2.520679e-001 1.760347e-001 1.277573e-001 1.511361e-002 
1.453245e-001 2.522103e-001 1.761751e-001 1.276896e-001 1.512007e-002 
1.450457e-001 2.523516e-001 1.763149e-001 1.276216e-001 1.512646e-002 
1.447683e-001 2.524920e-001 1.764541e-001 1.275530e-001 1.513278e-002 
1.444922e-001 2.526313e-001 1.765927e-001 1.274839e-001 1.513903e-002 
1.442174e-001 2.527696e-001 1.767306e-001 1.274144e-001 1.514521e-002 
1.439440e-001 2.529069e-001 1.768679e-001 1.273445e-001 1.515133e-002 
1.436718e-001 2.530432e-001 1.770046e-001 1.272740e-001 1.515737e-002 
1.434010e-001 2.531784e-001 1.771407e-001 1.272031e-001 1.516335e-002 
1.431315e-001 2.533127e-001 1.772762e-001 1.271318e-001 1.516926e-002 
1.428634e-001 2.534459e-001 1.774111e-001 1.270600e-001 1.517510e-002 
1.425966e-001 2.535782e-001 1.775453e-001 1.269877e-001 1.518088e-002 
1.423311e-001 2.537094e-001 1.776790e-001 1.269150e-001 1.518658e-002 
1.420669e-001 2.538396e-001 1.778120e-001 1.268419e-001 1.519222e-002 
1.418041e-001 2.539689e-001 1.779445e-001 1.267683e-001 1.519780e-002 
1.415427e-001 2.540971e-001 1.780763e-001 1.266943e-001 1.520330e-002 
1.412826e-001 2.542244e-001 1.782075e-001 1.266198e-001 1.520874e-002 
1.410239e-001 2.543507e-001 1.783382e-001 1.265449e-001 1.521412e-002 
1.407665e-001 2.544760e-001 1.784682e-001 1.264696e-001 1.521943e-002 
1.405104e-001 2.546003e-001 1.785977e-001 1.263938e-001 1.522467e-002 
1.402558e-001 2.547236e-001 1.787265e-001 1.263176e-001 1.522985e-002 
1.400025e-001 2.548460e-001 1.788548e-001 1.262410e-001 1.523496e-002 
1.397506e-001 2.549674e-001 1.789824e-001 1.261639e-001 1.524001e-002 
1.395000e-001 2.550878e-001 1.791095e-001 1.260865e-001 1.524499e-002 
1.392509e-001 2.552072e-001 1.792360e-001 1.260086e-001 1.524991e-002 
1.390031e-001 2.553257e-001 1.793619e-001 1.259303e-001 1.525477e-002 
1.387567e-001 2.554432e-001 1.794872e-001 1.258516e-001 1.525956e-002 
1.385117e-001 2.555598e-001 1.796119e-001 1.257725e-001 1.526429e-002 
1.382681e-001 2.556754e-001 1.797361e-001 1.256930e-001 1.526896e-002 
1.380258e-001 2.557900e-001 1.798596e-001 1.256131e-001 1.527356e-002 
1.377850e-001 2.559037e-001 1.799826e-001 1.255328e-001 1.527810e-002 
1.375456e-001 2.560165e-001 1.801050e-001 1.254521e-001 1.528258e-002 
1.373076e-001 2.561283e-001 1.802269e-001 1.253710e-001 1.528699e-002 
1.370710e-001 2.562391e-001 1.803481e-001 1.252895e-001 1.529134e-002 
1.368359e-001 2.563491e-001 1.804688e-001 1.252076e-001 1.529563e-002 
1.366021e-001 2.564580e-001 1.805890e-001 1.251253e-001 1.529986e-002 
1.363698e-001 2.565661e-001 1.807085e-001 1.250426e-001 1.530403e-002 
1.361389e-001 2.566732e-001 1.808275e-001 1.249596e-001 1.530814e-002 
1.359095e-001 2.567794e-001 1.809459e-001 1.248761e-001 1.531218e-002 
1.356815e-001 2.568846e-001 1.810638e-001 1.247923e-001 1.531617e-002 
1.354549e-001 2.569889e-001 1.811811e-001 1.247081e-001 1.532009e-002 
1.352298e-001 2.570923e-001 1.812978e-001 1.246236e-001 1.532396e-002 
1.350061e-001 2.571948e-001 1.814140e-001 1.245386e-001 1.532776e-002 
1.347839e-001 2.572964e-001 1.815296e-001 1.244533e-001 1.533150e-002 
1.345632e-001 2.573970e-001 1.816446e-001 1.243677e-001 1.533519e-002 
1.343439e-001 2.574968e-001 1.817591e-001 1.242816e-001 1.533881e-002 
1.341261e-001 2.575956e-001 1.818731e-001 1.241952e-001 1.534238e-002 
1.339098e-001 2.576935e-001 1.819865e-001 1.241085e-001 1.534589e-002 
1.336949e-001 2.577905e-001 1.820993e-001 1.240214e-001 1.534934e-002 
1.334816e-001 2.578866e-001 1.822116e-001 1.239339e-001 1.535273e-002 
1.332697e-001 2.579819e-001 1.823233e-001 1.238461e-001 1.535606e-002 
1.330594e-001 2.580762e-001 1.824345e-001 1.237580e-001 1.535933e-002 
1.328505e-001 2.581696e-001 1.825452e-001 1.236695e-001 1.536255e-002 
1.326432e-001 2.582621e-001 1.826553e-001 1.235806e-001 1.536571e-002 
1.324374e-001 2.583538e-001 1.827649e-001 1.234914e-001 1.536881e-002 
1.322331e-001 2.584445e-001 1.828739e-001 1.234019e-001 1.537186e-002 
1.320303e-001 2.585344e-001 1.829824e-001 1.233120e-001 1.537484e-002 
1.318291e-001 2.586234e-001 1.830903e-001 1.232218e-001 1.537778e-002 
1.316294e-001 2.587115e-001 1.831977e-001 1.231312e-001 1.538065e-002 
1.314312e-001 2.587987e-001 1.833046e-001 1.230404e-001 1.538347e-002 
1.312346e-001 2.588851e-001 1.834110e-001 1.229492e-001 1.538623e-002 
1.310395e-001 2.589706e-001 1.835168e-001 1.228576e-001 1.538894e-002 
1.308460e-001 2.590552e-001 1.836221e-001 1.227658e-001 1.539159e-002 
1.306541e-001 2.591389e-001 1.837268e-001 1.226736e-001 1.539418e-002 
1.304638e-001 2.592218e-001 1.838311e-001 1.225811e-001 1.539672e-002 
1.302750e-001 2.593038e-001 1.839348e-001 1.224883e-001 1.539921e-002 
1.300878e-001 2.593850e-001 1.840379e-001 1.223952e-001 1.540164e-002 
1.299022e-001 2.594653e-001 1.841406e-001 1.223017e-001 1.540402e-002 
1.297182e-001 2.595448e-001 1.842427e-001 1.222080e-001 1.540634e-002 
1.295359e-001 2.596234e-001 1.843443e-001 1.221139e-001 1.540861e-002 
1.293551e-001 2.597011e-001 1.844454e-001 1.220195e-001 1.541082e-002 
1.291759e-001 2.597780e-001 1.845460e-001 1.219249e-001 1.541298e-002 
1.289984e-001 2.598541e-001 1.846461e-001 1.218299e-001 1.541509e-002 
1.288225e-001 2.599293e-001 1.847456e-001 1.217346e-001 1.541714e-002 
1.286483e-001 2.600037e-001 1.848447e-001 1.216390e-001 1.541914e-002 
1.284757e-001 2.600772e-001 1.849432e-001 1.215432e-001 1.542109e-002 
1.283048e-001 2.601499e-001 1.850412e-001 1.214470e-001 1.542298e-002 
1.281355e-001 2.602218e-001 1.851387e-001 1.213506e-001 1.542482e-002 
1.279679e-001 2.602928e-001 1.852357e-001 1.212538e-001 1.542661e-002 
1.278019e-001 2.603630e-001 1.853322e-001 1.211568e-001 1.542835e-002 
1.276377e-001 2.604324e-001 1.854282e-001 1.210595e-001 1.543004e-002 
1.274751e-001 2.605010e-001 1.855237e-001 1.209619e-001 1.543167e-002 
1.273143e-001 2.605687e-001 1.856187e-001 1.208640e-001 1.543326e-002 
1.271551e-001 2.606357e-001 1.857132e-001 1.207658e-001 1.543479e-002 
1.269977e-001 2.607018e-001 1.858072e-001 1.206674e-001 1.543627e-002 
1.268420e-001 2.607671e-001 1.859006e-001 1.205687e-001 1.543770e-002 
1.266880e-001 2.608316e-001 1.859936e-001 1.204697e-001 1.543908e-002 
1.265358e-001 2.608952e-001 1.860861e-001 1.203704e-001 1.544041e-002 
1.263853e-001 2.609581e-001 1.861781e-001 1.202709e-001 1.544168e-002 
1.262365e-001 2.610202e-001 1.862696e-001 1.201711e-001 1.544291e-002 
1.260896e-001 2.610814e-001 1.863607e-001 1.200710e-001 1.544409e-002 
1.259444e-001 2.611419e-001 1.864512e-001 1.199707e-001 1.544522e-002 
1.258009e-001 2.612016e-001 1.865412e-001 1.198701e-001 1.544630e-002 
1.256593e-001 2.612604e-001 1.866308e-001 1.197693e-001 1.544733e-002 
1.255195e-001 2.613185e-001 1.867199e-001 1.196682e-001 1.544831e-002 
1.253815e-001 2.613758e-001 1.868085e-001 1.195668e-001 1.544924e-002 
1.252453e-001 2.614323e-001 1.868966e-001 1.194652e-001 1.545013e-002 
1.251109e-001 2.614880e-001 1.869842e-001 1.193633e-001 1.545096e-002 
1.249783e-001 2.615430e-001 1.870713e-001 1.192612e-001 1.545175e-002 
1.248476e-001 2.615971e-001 1.871580e-001 1.191589e-001 1.545249e-002 
1.247188e-001 2.616505e-001 1.872442e-001 1.190563e-001 1.545318e-002 
1.245918e-001 2.617031e-001 1.873299e-001 1.189534e-001 1.545382e-002 
1.244667e-001 2.617549e-001 1.874151e-001 1.188503e-001 1.545441e-002 
1.243435e-001 2.618059e-001 1.874999e-001 1.187470e-001 1.545496e-002 
1.242222e-001 2.618562e-001 1.875842e-001 1.186434e-001 1.545546e-002 
1.241027e-001 2.619057e-001 1.876680e-001 1.185396e-001 1.545592e-002 
1.239852e-001 2.619545e-001 1.877513e-001 1.184356e-001 1.545632e-002 
1.238696e-001 2.620025e-001 1.878342e-001 1.183313e-001 1.545668e-002 
1.237560e-001 2.620497e-001 1.879166e-001 1.182268e-001 1.545700e-002 
1.236442e-001 2.620961e-001 1.879986e-001 1.181221e-001 1.545727e-002 
1.235345e-001 2.621419e-001 1.880801e-001 1.180171e-001 1.545749e-002 
1.234267e-001 2.621868e-001 1.881611e-001 1.179119e-001 1.545766e-002 
1.233208e-001 2.622310e-001 1.882417e-001 1.178065e-001 1.545779e-002 
1.232170e-001 2.622745e-001 1.883218e-001 1.177009e-001 1.545788e-002 
1.231151e-001 2.623172e-001 1.884014e-001 1.175951e-001 1.545791e-002 
1.230153e-001 2.623591e-001 1.884806e-001 1.174890e-001 1.545791e-002 
1.229175e-001 2.624003e-001 1.885593e-001 1.173827e-001 1.545786e-002 
1.228217e-001 2.624408e-001 1.886376e-001 1.172762e-001 1.545776e-002 
1.227279e-001 2.624806e-001 1.887154e-001 1.171695e-001 1.545762e-002 
1.226362e-001 2.625196e-001 1.887928e-001 1.170626e-001 1.545744e-002 
1.225466e-001 2.625578e-001 1.888697e-001 1.169554e-001 1.545721e-002 
1.224590e-001 2.625954e-001 1.889461e-001 1.168481e-001 1.545693e-002 
1.223736e-001 2.626322e-001 1.890221e-001 1.167406e-001 1.545661e-002 
1.222902e-001 2.626682e-001 1.890977e-001 1.166328e-001 1.545625e-002 
1.222090e-001 2.627036e-001 1.891728e-001 1.165249e-001 1.545585e-002 
1.221298e-001 2.627382e-001 1.892475e-001 1.164167e-001 1.545540e-002 
1.220528e-001 2.627721e-001 1.893217e-001 1.163084e-001 1.545491e-002 
1.219780e-001 2.628053e-001 1.893955e-001 1.161998e-001 1.545437e-002 
1.219053e-001 2.628378e-001 1.894689e-001 1.160911e-001 1.545380e-002 
1.218348e-001 2.628695e-001 1.895418e-001 1.159822e-001 1.545318e-002 
1.217664e-001 2.629006e-001 1.896142e-001 1.158730e-001 1.545251e-002 
1.217003e-001 2.629309e-001 1.896863e-001 1.157637e-001 1.545181e-002 
1.216364e-001 2.629605e-001 1.897578e-001 1.156542e-001 1.545106e-002 
1.215747e-001 2.629894e-001 1.898290e-001 1.155445e-001 1.545027e-002 
1.215153e-001 2.630176e-001 1.898997e-001 1.154346e-001 1.544944e-002 
1.214581e-001 2.630452e-001 1.899700e-001 1.153246e-001 1.544857e-002 
1.214031e-001 2.630720e-001 1.900399e-001 1.152143e-001 1.544765e-002 
1.213505e-001 2.630981e-001 1.901093e-001 1.151039e-001 1.544670e-002 
1.213001e-001 2.631235e-001 1.901783e-001 1.149933e-001 1.544570e-002 
1.212521e-001 2.631482e-001 1.902468e-001 1.148825e-001 1.544466e-002 
1.212064e-001 2.631722e-001 1.903150e-001 1.147716e-001 1.544358e-002 
1.211630e-001 2.631956e-001 1.903827e-001 1.146604e-001 1.544246e-002 
1.211220e-001 2.632182e-001 1.904500e-001 1.145491e-001 1.544130e-002 
1.210833e-001 2.632402e-001 1.905168e-001 1.144377e-001 1.544010e-002 
