4.425830e-001 3.415705e-002 2.392381e-002 2.205862e-002 1.634339e-003 
4.412235e-001 3.483652e-002 2.434860e-002 2.271187e-002 1.729716e-003 
4.398680e-001 3.551409e-002 2.477244e-002 2.336135e-002 1.824622e-003 
4.385166e-001 3.618976e-002 2.519533e-002 2.400707e-002 1.919058e-003 
4.371692e-001 3.686353e-002 2.561728e-002 2.464904e-002 2.013028e-003 
4.358259e-001 3.753541e-002 2.603827e-002 2.528729e-002 2.106532e-003 
4.344866e-001 3.820541e-002 2.645832e-002 2.592183e-002 2.199574e-003 
4.331512e-001 3.887352e-002 2.687743e-002 2.655267e-002 2.292156e-003 
4.318198e-001 3.953976e-002 2.729560e-002 2.717983e-002 2.384279e-003 
4.304925e-001 4.020411e-002 2.771282e-002 2.780333e-002 2.475946e-003 
4.291690e-001 4.086660e-002 2.812911e-002 2.842318e-002 2.567159e-003 
4.278496e-001 4.152722e-002 2.854446e-002 2.903939e-002 2.657920e-003 
4.265340e-001 4.218598e-002 2.895888e-002 2.965198e-002 2.748231e-003 
4.252224e-001 4.284287e-002 2.937236e-002 3.026097e-002 2.838096e-003 
4.239148e-001 4.349791e-002 2.978490e-002 3.086637e-002 2.927514e-003 
4.226110e-001 4.415110e-002 3.019652e-002 3.146820e-002 3.016490e-003 
4.213111e-001 4.480244e-002 3.060721e-002 3.206648e-002 3.105024e-003 
4.200151e-001 4.545193e-002 3.101697e-002 3.266121e-002 3.193120e-003 
4.187230e-001 4.609959e-002 3.142581e-002 3.325241e-002 3.280778e-003 
4.174347e-001 4.674541e-002 3.183372e-002 3.384009e-002 3.368002e-003 
4.161503e-001 4.738939e-002 3.224071e-002 3.442429e-002 3.454793e-003 
4.148697e-001 4.803154e-002 3.264677e-002 3.500499e-002 3.541153e-003 
4.135929e-001 4.867187e-002 3.305192e-002 3.558223e-002 3.627084e-003 
4.123200e-001 4.931038e-002 3.345615e-002 3.615602e-002 3.712589e-003 
4.110508e-001 4.994707e-002 3.385946e-002 3.672637e-002 3.797670e-003 
4.097855e-001 5.058195e-002 3.426186e-002 3.729329e-002 3.882327e-003 
4.085239e-001 5.121501e-002 3.466334e-002 3.785680e-002 3.966564e-003 
4.072661e-001 5.184627e-002 3.506391e-002 3.841692e-002 4.050383e-003 
4.060121e-001 5.247572e-002 3.546357e-002 3.897366e-002 4.133785e-003 
4.047618e-001 5.310338e-002 3.586232e-002 3.952703e-002 4.216773e-003 
4.035152e-001 5.372924e-002 3.626017e-002 4.007705e-002 4.299347e-003 
4.022724e-001 5.435331e-002 3.665711e-002 4.062374e-002 4.381512e-003 
4.010333e-001 5.497559e-002 3.705314e-002 4.116710e-002 4.463267e-003 
3.997979e-001 5.559609e-002 3.744827e-002 4.170715e-002 4.544616e-003 
3.985662e-001 5.621480e-002 3.784250e-002 4.224390e-002 4.625560e-003 
3.973382e-001 5.683174e-002 3.823583e-002 4.277738e-002 4.706101e-003 
3.961138e-001 5.744691e-002 3.862827e-002 4.330759e-002 4.786242e-003 
3.948931e-001 5.806030e-002 3.901980e-002 4.383454e-002 4.865983e-003 
3.936761e-001 5.867193e-002 3.941044e-002 4.435826e-002 4.945327e-003 
3.924627e-001 5.928180e-002 3.980019e-002 4.487875e-002 5.024276e-003 
3.912529e-001 5.988991e-002 4.018904e-002 4.539603e-002 5.102831e-003 
3.900467e-001 6.049627e-002 4.057701e-002 4.591011e-002 5.180995e-003 
3.888442e-001 6.110087e-002 4.096408e-002 4.642101e-002 5.258769e-003 
3.876452e-001 6.170372e-002 4.135027e-002 4.692874e-002 5.336156e-003 
3.864499e-001 6.230484e-002 4.173557e-002 4.743332e-002 5.413157e-003 
3.852581e-001 6.290421e-002 4.211999e-002 4.793475e-002 5.489773e-003 
3.840699e-001 6.350184e-002 4.250352e-002 4.843305e-002 5.566008e-003 
3.828852e-001 6.409774e-002 4.288618e-002 4.892824e-002 5.641861e-003 
3.817041e-001 6.469192e-002 4.326795e-002 4.942032e-002 5.717337e-003 
3.805265e-001 6.528436e-002 4.364884e-002 4.990932e-002 5.792435e-003 
3.793525e-001 6.587509e-002 4.402886e-002 5.039524e-002 5.867159e-003 
3.781819e-001 6.646409e-002 4.440800e-002 5.087809e-002 5.941509e-003 
3.770149e-001 6.705138e-002 4.478627e-002 5.135790e-002 6.015487e-003 
3.758514e-001 6.763696e-002 4.516366e-002 5.183467e-002 6.089097e-003 
3.746913e-001 6.822083e-002 4.554018e-002 5.230842e-002 6.162338e-003 
3.735347e-001 6.880300e-002 4.591584e-002 5.277916e-002 6.235213e-003 
3.723816e-001 6.938346e-002 4.629062e-002 5.324691e-002 6.307723e-003 
3.712319e-001 6.996223e-002 4.666454e-002 5.371167e-002 6.379871e-003 
3.700857e-001 7.053931e-002 4.703760e-002 5.417345e-002 6.451658e-003 
3.689429e-001 7.111469e-002 4.740979e-002 5.463229e-002 6.523085e-003 
3.678035e-001 7.168839e-002 4.778111e-002 5.508817e-002 6.594155e-003 
3.666676e-001 7.226040e-002 4.815158e-002 5.554112e-002 6.664870e-003 
3.655350e-001 7.283074e-002 4.852119e-002 5.599116e-002 6.735230e-003 
3.644058e-001 7.339940e-002 4.888994e-002 5.643828e-002 6.805237e-003 
3.632801e-001 7.396638e-002 4.925783e-002 5.688252e-002 6.874894e-003 
3.621577e-001 7.453170e-002 4.962487e-002 5.732387e-002 6.944202e-003 
3.610386e-001 7.509535e-002 4.999105e-002 5.776235e-002 7.013163e-003 
3.599229e-001 7.565734e-002 5.035639e-002 5.819797e-002 7.081777e-003 
3.588106e-001 7.621767e-002 5.072087e-002 5.863076e-002 7.150048e-003 
3.577016e-001 7.677635e-002 5.108450e-002 5.906070e-002 7.217976e-003 
3.565959e-001 7.733337e-002 5.144729e-002 5.948783e-002 7.285563e-003 
3.554935e-001 7.788874e-002 5.180922e-002 5.991216e-002 7.352810e-003 
3.543944e-001 7.844248e-002 5.217032e-002 6.033368e-002 7.419721e-003 
3.532986e-001 7.899456e-002 5.253057e-002 6.075243e-002 7.486295e-003 
3.522062e-001 7.954502e-002 5.288998e-002 6.116840e-002 7.552535e-003 
3.511169e-001 8.009383e-002 5.324855e-002 6.158162e-002 7.618442e-003 
3.500310e-001 8.064102e-002 5.360628e-002 6.199209e-002 7.684018e-003 
3.489483e-001 8.118658e-002 5.396317e-002 6.239982e-002 7.749264e-003 
3.478688e-001 8.173051e-002 5.431922e-002 6.280484e-002 7.814182e-003 
3.467926e-001 8.227282e-002 5.467444e-002 6.320714e-002 7.878773e-003 
3.457196e-001 8.281352e-002 5.502883e-002 6.360674e-002 7.943040e-003 
3.446499e-001 8.335260e-002 5.538239e-002 6.400366e-002 8.006983e-003 
3.435833e-001 8.389007e-002 5.573511e-002 6.439790e-002 8.070604e-003 
3.425200e-001 8.442594e-002 5.608701e-002 6.478948e-002 8.133905e-003 
3.414598e-001 8.496020e-002 5.643808e-002 6.517841e-002 8.196887e-003 
3.404028e-001 8.549286e-002 5.678832e-002 6.556470e-002 8.259552e-003 
3.393490e-001 8.602392e-002 5.713773e-002 6.594836e-002 8.321901e-003 
3.382983e-001 8.655339e-002 5.748633e-002 6.632941e-002 8.383936e-003 
3.372508e-001 8.708126e-002 5.783410e-002 6.670785e-002 8.445658e-003 
3.362065e-001 8.760756e-002 5.818105e-002 6.708369e-002 8.507068e-003 
3.351653e-001 8.813226e-002 5.852718e-002 6.745695e-002 8.568169e-003 
3.341272e-001 8.865539e-002 5.887250e-002 6.782765e-002 8.628962e-003 
3.330922e-001 8.917694e-002 5.921700e-002 6.819578e-002 8.689447e-003 
3.320603e-001 8.969692e-002 5.956068e-002 6.856137e-002 8.749628e-003 
3.310315e-001 9.021532e-002 5.990355e-002 6.892442e-002 8.809504e-003 
3.300058e-001 9.073216e-002 6.024560e-002 6.928494e-002 8.869078e-003 
3.289832e-001 9.124744e-002 6.058685e-002 6.964295e-002 8.928351e-003 
3.279637e-001 9.176115e-002 6.092729e-002 6.999846e-002 8.987324e-003 
3.269472e-001 9.227331e-002 6.126692e-002 7.035147e-002 9.045999e-003 
3.259338e-001 9.278391e-002 6.160574e-002 7.070201e-002 9.104377e-003 
3.249234e-001 9.329296e-002 6.194375e-002 7.105007e-002 9.162460e-003 
3.239161e-001 9.380047e-002 6.228097e-002 7.139567e-002 9.220249e-003 
3.229117e-001 9.430643e-002 6.261738e-002 7.173883e-002 9.277745e-003 
3.219104e-001 9.481085e-002 6.295299e-002 7.207955e-002 9.334950e-003 
3.209121e-001 9.531373e-002 6.328780e-002 7.241784e-002 9.391866e-003 
3.199168e-001 9.581508e-002 6.362181e-002 7.275372e-002 9.448493e-003 
3.189245e-001 9.631490e-002 6.395502e-002 7.308720e-002 9.504833e-003 
3.179352e-001 9.681319e-002 6.428744e-002 7.341828e-002 9.560887e-003 
3.169488e-001 9.730995e-002 6.461906e-002 7.374697e-002 9.616657e-003 
3.159654e-001 9.780520e-002 6.494989e-002 7.407330e-002 9.672144e-003 
3.149850e-001 9.829892e-002 6.527993e-002 7.439726e-002 9.727350e-003 
3.140075e-001 9.879113e-002 6.560918e-002 7.471887e-002 9.782275e-003 
3.130330e-001 9.928183e-002 6.593764e-002 7.503814e-002 9.836922e-003 
3.120613e-001 9.977102e-002 6.626532e-002 7.535508e-002 9.891291e-003 
3.110926e-001 1.002587e-001 6.659220e-002 7.566970e-002 9.945383e-003 
3.101269e-001 1.007449e-001 6.691830e-002 7.598200e-002 9.999201e-003 
3.091640e-001 1.012296e-001 6.724362e-002 7.629201e-002 1.005275e-002 
3.082040e-001 1.017128e-001 6.756816e-002 7.659974e-002 1.010602e-002 
3.072469e-001 1.021945e-001 6.789192e-002 7.690518e-002 1.015902e-002 
3.062926e-001 1.026747e-001 6.821489e-002 7.720835e-002 1.021175e-002 
3.053413e-001 1.031534e-001 6.853709e-002 7.750927e-002 1.026421e-002 
3.043928e-001 1.036306e-001 6.885851e-002 7.780794e-002 1.031641e-002 
3.034472e-001 1.041064e-001 6.917916e-002 7.810437e-002 1.036834e-002 
3.025044e-001 1.045807e-001 6.949903e-002 7.839857e-002 1.042000e-002 
3.015644e-001 1.050535e-001 6.981813e-002 7.869056e-002 1.047140e-002 
3.006273e-001 1.055248e-001 7.013646e-002 7.898033e-002 1.052254e-002 
2.996929e-001 1.059947e-001 7.045402e-002 7.926791e-002 1.057342e-002 
2.987614e-001 1.064631e-001 7.077080e-002 7.955331e-002 1.062404e-002 
2.978327e-001 1.069300e-001 7.108683e-002 7.983652e-002 1.067440e-002 
2.969068e-001 1.073955e-001 7.140208e-002 8.011757e-002 1.072450e-002 
2.959837e-001 1.078595e-001 7.171657e-002 8.039645e-002 1.077435e-002 
2.950634e-001 1.083221e-001 7.203030e-002 8.067319e-002 1.082394e-002 
2.941458e-001 1.087832e-001 7.234327e-002 8.094780e-002 1.087328e-002 
2.932310e-001 1.092429e-001 7.265547e-002 8.122027e-002 1.092237e-002 
2.923189e-001 1.097011e-001 7.296691e-002 8.149062e-002 1.097121e-002 
2.914096e-001 1.101579e-001 7.327760e-002 8.175886e-002 1.101979e-002 
2.905030e-001 1.106133e-001 7.358753e-002 8.202501e-002 1.106813e-002 
2.895992e-001 1.110672e-001 7.389671e-002 8.228906e-002 1.111622e-002 
2.886981e-001 1.115197e-001 7.420513e-002 8.255103e-002 1.116406e-002 
2.877997e-001 1.119708e-001 7.451279e-002 8.281093e-002 1.121166e-002 
2.869039e-001 1.124205e-001 7.481971e-002 8.306877e-002 1.125902e-002 
2.860109e-001 1.128687e-001 7.512587e-002 8.332455e-002 1.130613e-002 
2.851206e-001 1.133155e-001 7.543129e-002 8.357829e-002 1.135300e-002 
2.842330e-001 1.137609e-001 7.573596e-002 8.383000e-002 1.139963e-002 
2.833480e-001 1.142049e-001 7.603988e-002 8.407969e-002 1.144602e-002 
2.824657e-001 1.146474e-001 7.634306e-002 8.432736e-002 1.149217e-002 
2.815861e-001 1.150886e-001 7.664549e-002 8.457302e-002 1.153809e-002 
2.807091e-001 1.155284e-001 7.694718e-002 8.481668e-002 1.158377e-002 
2.798348e-001 1.159667e-001 7.724813e-002 8.505836e-002 1.162921e-002 
2.789630e-001 1.164037e-001 7.754833e-002 8.529806e-002 1.167442e-002 
2.780940e-001 1.168393e-001 7.784780e-002 8.553579e-002 1.171940e-002 
2.772275e-001 1.172734e-001 7.814654e-002 8.577156e-002 1.176415e-002 
2.763636e-001 1.177062e-001 7.844453e-002 8.600538e-002 1.180866e-002 
2.755024e-001 1.181376e-001 7.874179e-002 8.623725e-002 1.185295e-002 
2.746437e-001 1.185677e-001 7.903832e-002 8.646719e-002 1.189701e-002 
2.737877e-001 1.189963e-001 7.933412e-002 8.669521e-002 1.194084e-002 
2.729342e-001 1.194236e-001 7.962918e-002 8.692131e-002 1.198444e-002 
2.720833e-001 1.198495e-001 7.992351e-002 8.714551e-002 1.202782e-002 
2.712349e-001 1.202740e-001 8.021712e-002 8.736780e-002 1.207098e-002 
2.703891e-001 1.206971e-001 8.051000e-002 8.758821e-002 1.211392e-002 
2.695459e-001 1.211189e-001 8.080215e-002 8.780674e-002 1.215663e-002 
2.687052e-001 1.215394e-001 8.109357e-002 8.802339e-002 1.219912e-002 
2.678671e-001 1.219584e-001 8.138428e-002 8.823818e-002 1.224139e-002 
2.670314e-001 1.223762e-001 8.167426e-002 8.845112e-002 1.228344e-002 
2.661983e-001 1.227925e-001 8.196352e-002 8.866221e-002 1.232528e-002 
2.653677e-001 1.232075e-001 8.225206e-002 8.887147e-002 1.236690e-002 
2.645396e-001 1.236212e-001 8.253988e-002 8.907889e-002 1.240830e-002 
2.637140e-001 1.240335e-001 8.282698e-002 8.928450e-002 1.244949e-002 
2.628909e-001 1.244445e-001 8.311337e-002 8.948829e-002 1.249047e-002 
2.620703e-001 1.248541e-001 8.339905e-002 8.969028e-002 1.253123e-002 
2.612522e-001 1.252624e-001 8.368401e-002 8.989047e-002 1.257179e-002 
2.604365e-001 1.256694e-001 8.396825e-002 9.008888e-002 1.261213e-002 
2.596233e-001 1.260751e-001 8.425179e-002 9.028551e-002 1.265226e-002 
2.588125e-001 1.264794e-001 8.453462e-002 9.048037e-002 1.269218e-002 
2.580042e-001 1.268824e-001 8.481673e-002 9.067347e-002 1.273190e-002 
2.571984e-001 1.272840e-001 8.509814e-002 9.086482e-002 1.277141e-002 
2.563949e-001 1.276844e-001 8.537885e-002 9.105442e-002 1.281072e-002 
2.555939e-001 1.280834e-001 8.565885e-002 9.124228e-002 1.284982e-002 
2.547953e-001 1.284812e-001 8.593814e-002 9.142842e-002 1.288871e-002 
2.539991e-001 1.288776e-001 8.621674e-002 9.161283e-002 1.292741e-002 
2.532054e-001 1.292727e-001 8.649463e-002 9.179553e-002 1.296590e-002 
2.524140e-001 1.296665e-001 8.677182e-002 9.197653e-002 1.300419e-002 
2.516250e-001 1.300590e-001 8.704831e-002 9.215583e-002 1.304229e-002 
2.508384e-001 1.304502e-001 8.732411e-002 9.233344e-002 1.308018e-002 
2.500542e-001 1.308401e-001 8.759921e-002 9.250937e-002 1.311788e-002 
2.492723e-001 1.312287e-001 8.787361e-002 9.268363e-002 1.315538e-002 
2.484928e-001 1.316160e-001 8.814732e-002 9.285623e-002 1.319268e-002 
2.477157e-001 1.320021e-001 8.842034e-002 9.302716e-002 1.322979e-002 
2.469409e-001 1.323868e-001 8.869266e-002 9.319645e-002 1.326671e-002 
2.461684e-001 1.327703e-001 8.896429e-002 9.336410e-002 1.330343e-002 
2.453983e-001 1.331525e-001 8.923524e-002 9.353011e-002 1.333996e-002 
2.446305e-001 1.335334e-001 8.950550e-002 9.369450e-002 1.337630e-002 
2.438651e-001 1.339130e-001 8.977507e-002 9.385727e-002 1.341245e-002 
2.431019e-001 1.342914e-001 9.004395e-002 9.401843e-002 1.344841e-002 
2.423411e-001 1.346685e-001 9.031216e-002 9.417799e-002 1.348418e-002 
2.415825e-001 1.350444e-001 9.057967e-002 9.433595e-002 1.351976e-002 
2.408263e-001 1.354189e-001 9.084651e-002 9.449232e-002 1.355516e-002 
2.400723e-001 1.357923e-001 9.111266e-002 9.464712e-002 1.359037e-002 
2.393206e-001 1.361643e-001 9.137814e-002 9.480034e-002 1.362540e-002 
2.385712e-001 1.365351e-001 9.164294e-002 9.495200e-002 1.366024e-002 
2.378240e-001 1.369047e-001 9.190706e-002 9.510210e-002 1.369490e-002 
2.370792e-001 1.372730e-001 9.217050e-002 9.525065e-002 1.372937e-002 
2.363365e-001 1.376400e-001 9.243327e-002 9.539766e-002 1.376367e-002 
2.355961e-001 1.380058e-001 9.269536e-002 9.554313e-002 1.379778e-002 
2.348580e-001 1.383704e-001 9.295679e-002 9.568708e-002 1.383172e-002 
2.341221e-001 1.387337e-001 9.321754e-002 9.582950e-002 1.386548e-002 
2.333884e-001 1.390958e-001 9.347762e-002 9.597041e-002 1.389905e-002 
2.326569e-001 1.394567e-001 9.373703e-002 9.610982e-002 1.393246e-002 
2.319277e-001 1.398163e-001 9.399578e-002 9.624773e-002 1.396568e-002 
2.312006e-001 1.401748e-001 9.425385e-002 9.638415e-002 1.399873e-002 
2.304758e-001 1.405319e-001 9.451127e-002 9.651908e-002 1.403161e-002 
2.297531e-001 1.408879e-001 9.476801e-002 9.665253e-002 1.406431e-002 
2.290327e-001 1.412426e-001 9.502410e-002 9.678452e-002 1.409683e-002 
2.283144e-001 1.415962e-001 9.527952e-002 9.691504e-002 1.412919e-002 
2.275983e-001 1.419485e-001 9.553428e-002 9.704411e-002 1.416138e-002 
2.268843e-001 1.422996e-001 9.578838e-002 9.717173e-002 1.419339e-002 
2.261725e-001 1.426495e-001 9.604183e-002 9.729790e-002 1.422524e-002 
2.254629e-001 1.429982e-001 9.629461e-002 9.742265e-002 1.425691e-002 
2.247554e-001 1.433457e-001 9.654674e-002 9.754596e-002 1.428842e-002 
2.240501e-001 1.436919e-001 9.679822e-002 9.766786e-002 1.431976e-002 
2.233469e-001 1.440370e-001 9.704904e-002 9.778834e-002 1.435094e-002 
2.226458e-001 1.443809e-001 9.729921e-002 9.790741e-002 1.438194e-002 
2.219469e-001 1.447236e-001 9.754873e-002 9.802508e-002 1.441279e-002 
2.212501e-001 1.450651e-001 9.779759e-002 9.814136e-002 1.444347e-002 
2.205554e-001 1.454054e-001 9.804581e-002 9.825626e-002 1.447399e-002 
2.198627e-001 1.457446e-001 9.829338e-002 9.836977e-002 1.450434e-002 
2.191722e-001 1.460825e-001 9.854030e-002 9.848191e-002 1.453453e-002 
2.184838e-001 1.464193e-001 9.878658e-002 9.859269e-002 1.456456e-002 
2.177975e-001 1.467549e-001 9.903221e-002 9.870210e-002 1.459444e-002 
2.171132e-001 1.470893e-001 9.927719e-002 9.881016e-002 1.462415e-002 
2.164311e-001 1.474225e-001 9.952154e-002 9.891688e-002 1.465370e-002 
2.157509e-001 1.477546e-001 9.976524e-002 9.902226e-002 1.468310e-002 
2.150729e-001 1.480855e-001 1.000083e-001 9.912630e-002 1.471234e-002 
2.143969e-001 1.484152e-001 1.002507e-001 9.922902e-002 1.474142e-002 
2.137230e-001 1.487438e-001 1.004925e-001 9.933042e-002 1.477034e-002 
2.130511e-001 1.490712e-001 1.007337e-001 9.943050e-002 1.479912e-002 
2.123812e-001 1.493975e-001 1.009742e-001 9.952928e-002 1.482773e-002 
2.117134e-001 1.497226e-001 1.012141e-001 9.962675e-002 1.485620e-002 
2.110476e-001 1.500466e-001 1.014533e-001 9.972294e-002 1.488451e-002 
2.103838e-001 1.503694e-001 1.016919e-001 9.981783e-002 1.491267e-002 
2.097220e-001 1.506911e-001 1.019299e-001 9.991145e-002 1.494068e-002 
2.090623e-001 1.510116e-001 1.021672e-001 1.000038e-001 1.496853e-002 
2.084045e-001 1.513309e-001 1.024040e-001 1.000949e-001 1.499624e-002 
2.077487e-001 1.516492e-001 1.026401e-001 1.001847e-001 1.502380e-002 
2.070950e-001 1.519663e-001 1.028755e-001 1.002732e-001 1.505121e-002 
2.064432e-001 1.522822e-001 1.031104e-001 1.003605e-001 1.507847e-002 
2.057933e-001 1.525971e-001 1.033446e-001 1.004466e-001 1.510559e-002 
2.051455e-001 1.529108e-001 1.035782e-001 1.005314e-001 1.513256e-002 
2.044996e-001 1.532234e-001 1.038112e-001 1.006150e-001 1.515938e-002 
2.038557e-001 1.535348e-001 1.040435e-001 1.006974e-001 1.518606e-002 
2.032138e-001 1.538451e-001 1.042752e-001 1.007785e-001 1.521260e-002 
2.025737e-001 1.541544e-001 1.045063e-001 1.008584e-001 1.523899e-002 
2.019357e-001 1.544625e-001 1.047368e-001 1.009372e-001 1.526524e-002 
2.012995e-001 1.547694e-001 1.049667e-001 1.010147e-001 1.529134e-002 
2.006653e-001 1.550753e-001 1.051960e-001 1.010910e-001 1.531731e-002 
2.000331e-001 1.553801e-001 1.054246e-001 1.011662e-001 1.534313e-002 
1.994027e-001 1.556837e-001 1.056526e-001 1.012401e-001 1.536882e-002 
1.987743e-001 1.559863e-001 1.058801e-001 1.013129e-001 1.539436e-002 
1.981478e-001 1.562877e-001 1.061069e-001 1.013845e-001 1.541977e-002 
1.975231e-001 1.565881e-001 1.063331e-001 1.014550e-001 1.544504e-002 
1.969004e-001 1.568873e-001 1.065587e-001 1.015243e-001 1.547017e-002 
1.962796e-001 1.571855e-001 1.067836e-001 1.015924e-001 1.549516e-002 
1.956606e-001 1.574825e-001 1.070080e-001 1.016594e-001 1.552002e-002 
1.950436e-001 1.577785e-001 1.072318e-001 1.017253e-001 1.554474e-002 
1.944284e-001 1.580734e-001 1.074549e-001 1.017900e-001 1.556933e-002 
1.938150e-001 1.583672e-001 1.076775e-001 1.018535e-001 1.559378e-002 
1.932036e-001 1.586599e-001 1.078994e-001 1.019160e-001 1.561810e-002 
1.925940e-001 1.589515e-001 1.081208e-001 1.019774e-001 1.564229e-002 
1.919862e-001 1.592421e-001 1.083415e-001 1.020376e-001 1.566634e-002 
1.913803e-001 1.595316e-001 1.085617e-001 1.020967e-001 1.569027e-002 
1.907763e-001 1.598200e-001 1.087812e-001 1.021547e-001 1.571406e-002 
1.901741e-001 1.601073e-001 1.090002e-001 1.022116e-001 1.573772e-002 
1.895737e-001 1.603936e-001 1.092185e-001 1.022675e-001 1.576125e-002 
1.889751e-001 1.606788e-001 1.094363e-001 1.023222e-001 1.578466e-002 
1.883784e-001 1.609629e-001 1.096535e-001 1.023759e-001 1.580793e-002 
1.877834e-001 1.612460e-001 1.098701e-001 1.024285e-001 1.583108e-002 
1.871903e-001 1.615280e-001 1.100860e-001 1.024800e-001 1.585410e-002 
1.865990e-001 1.618090e-001 1.103014e-001 1.025305e-001 1.587699e-002 
1.860095e-001 1.620889e-001 1.105162e-001 1.025799e-001 1.589976e-002 
1.854218e-001 1.623677e-001 1.107304e-001 1.026283e-001 1.592240e-002 
1.848358e-001 1.626456e-001 1.109441e-001 1.026756e-001 1.594491e-002 
1.842517e-001 1.629223e-001 1.111571e-001 1.027219e-001 1.596731e-002 
1.836693e-001 1.631980e-001 1.113695e-001 1.027671e-001 1.598957e-002 
1.830887e-001 1.634727e-001 1.115814e-001 1.028113e-001 1.601172e-002 
1.825099e-001 1.637463e-001 1.117927e-001 1.028545e-001 1.603374e-002 
1.819328e-001 1.640189e-001 1.120034e-001 1.028967e-001 1.605564e-002 
1.813575e-001 1.642905e-001 1.122135e-001 1.029378e-001 1.607742e-002 
1.807839e-001 1.645610e-001 1.124230e-001 1.029780e-001 1.609908e-002 
1.802121e-001 1.648305e-001 1.126320e-001 1.030171e-001 1.612062e-002 
1.796420e-001 1.650990e-001 1.128404e-001 1.030552e-001 1.614204e-002 
1.790737e-001 1.653664e-001 1.130482e-001 1.030924e-001 1.616334e-002 
1.785071e-001 1.656328e-001 1.132554e-001 1.031286e-001 1.618452e-002 
1.779422e-001 1.658982e-001 1.134620e-001 1.031637e-001 1.620558e-002 
1.773791e-001 1.661626e-001 1.136681e-001 1.031979e-001 1.622653e-002 
1.768176e-001 1.664259e-001 1.138736e-001 1.032312e-001 1.624736e-002 
1.762579e-001 1.666883e-001 1.140785e-001 1.032634e-001 1.626807e-002 
1.756999e-001 1.669496e-001 1.142829e-001 1.032947e-001 1.628867e-002 
1.751435e-001 1.672099e-001 1.144867e-001 1.033251e-001 1.630915e-002 
1.745889e-001 1.674692e-001 1.146899e-001 1.033545e-001 1.632952e-002 
1.740359e-001 1.677275e-001 1.148925e-001 1.033829e-001 1.634977e-002 
1.734847e-001 1.679848e-001 1.150946e-001 1.034104e-001 1.636991e-002 
1.729351e-001 1.682411e-001 1.152961e-001 1.034370e-001 1.638994e-002 
1.723872e-001 1.684964e-001 1.154971e-001 1.034626e-001 1.640986e-002 
1.718410e-001 1.687507e-001 1.156974e-001 1.034873e-001 1.642966e-002 
1.712964e-001 1.690040e-001 1.158973e-001 1.035111e-001 1.644935e-002 
1.707535e-001 1.692564e-001 1.160965e-001 1.035340e-001 1.646893e-002 
1.702123e-001 1.695077e-001 1.162952e-001 1.035559e-001 1.648841e-002 
1.696727e-001 1.697580e-001 1.164933e-001 1.035770e-001 1.650777e-002 
1.691347e-001 1.700074e-001 1.166909e-001 1.035971e-001 1.652702e-002 
1.685984e-001 1.702557e-001 1.168879e-001 1.036164e-001 1.654616e-002 
1.680637e-001 1.705031e-001 1.170844e-001 1.036347e-001 1.656520e-002 
1.675307e-001 1.707495e-001 1.172803e-001 1.036522e-001 1.658413e-002 
1.669992e-001 1.709949e-001 1.174756e-001 1.036688e-001 1.660295e-002 
1.664694e-001 1.712394e-001 1.176704e-001 1.036845e-001 1.662166e-002 
1.659413e-001 1.714829e-001 1.178647e-001 1.036993e-001 1.664027e-002 
1.654147e-001 1.717254e-001 1.180583e-001 1.037133e-001 1.665877e-002 
1.648897e-001 1.719669e-001 1.182515e-001 1.037264e-001 1.667717e-002 
1.643664e-001 1.722075e-001 1.184441e-001 1.037386e-001 1.669546e-002 
1.638446e-001 1.724471e-001 1.186361e-001 1.037500e-001 1.671365e-002 
1.633244e-001 1.726858e-001 1.188276e-001 1.037605e-001 1.673174e-002 
1.628058e-001 1.729235e-001 1.190185e-001 1.037702e-001 1.674972e-002 
1.622888e-001 1.731602e-001 1.192089e-001 1.037791e-001 1.676760e-002 
1.617734e-001 1.733960e-001 1.193987e-001 1.037871e-001 1.678537e-002 
1.612596e-001 1.736308e-001 1.195880e-001 1.037942e-001 1.680305e-002 
1.607473e-001 1.738647e-001 1.197768e-001 1.038006e-001 1.682062e-002 
1.602366e-001 1.740976e-001 1.199650e-001 1.038061e-001 1.683810e-002 
1.597274e-001 1.743296e-001 1.201527e-001 1.038108e-001 1.685547e-002 
1.592198e-001 1.745606e-001 1.203398e-001 1.038147e-001 1.687275e-002 
1.587138e-001 1.747907e-001 1.205264e-001 1.038178e-001 1.688992e-002 
1.582093e-001 1.750199e-001 1.207125e-001 1.038201e-001 1.690700e-002 
1.577063e-001 1.752481e-001 1.208980e-001 1.038215e-001 1.692398e-002 
1.572049e-001 1.754754e-001 1.210830e-001 1.038222e-001 1.694086e-002 
1.567050e-001 1.757017e-001 1.212674e-001 1.038221e-001 1.695764e-002 
1.562066e-001 1.759271e-001 1.214513e-001 1.038212e-001 1.697432e-002 
1.557098e-001 1.761516e-001 1.216347e-001 1.038195e-001 1.699091e-002 
1.552144e-001 1.763752e-001 1.218175e-001 1.038171e-001 1.700741e-002 
1.547206e-001 1.765978e-001 1.219998e-001 1.038138e-001 1.702381e-002 
1.542283e-001 1.768195e-001 1.221816e-001 1.038098e-001 1.704011e-002 
1.537375e-001 1.770403e-001 1.223628e-001 1.038050e-001 1.705632e-002 
1.532482e-001 1.772602e-001 1.225436e-001 1.037995e-001 1.707243e-002 
1.527604e-001 1.774791e-001 1.227238e-001 1.037932e-001 1.708845e-002 
1.522741e-001 1.776972e-001 1.229034e-001 1.037862e-001 1.710438e-002 
1.517893e-001 1.779143e-001 1.230826e-001 1.037784e-001 1.712022e-002 
1.513060e-001 1.781305e-001 1.232612e-001 1.037698e-001 1.713596e-002 
1.508241e-001 1.783458e-001 1.234392e-001 1.037606e-001 1.715161e-002 
1.503437e-001 1.785602e-001 1.236168e-001 1.037505e-001 1.716717e-002 
1.498648e-001 1.787737e-001 1.237938e-001 1.037398e-001 1.718264e-002 
1.493874e-001 1.789863e-001 1.239704e-001 1.037283e-001 1.719802e-002 
1.489114e-001 1.791980e-001 1.241464e-001 1.037161e-001 1.721330e-002 
1.484369e-001 1.794088e-001 1.243218e-001 1.037032e-001 1.722850e-002 
1.479638e-001 1.796186e-001 1.244968e-001 1.036895e-001 1.724361e-002 
1.474921e-001 1.798276e-001 1.246712e-001 1.036752e-001 1.725863e-002 
1.470220e-001 1.800358e-001 1.248452e-001 1.036601e-001 1.727356e-002 
1.465532e-001 1.802430e-001 1.250186e-001 1.036444e-001 1.728841e-002 
1.460859e-001 1.804493e-001 1.251915e-001 1.036279e-001 1.730316e-002 
1.456200e-001 1.806548e-001 1.253638e-001 1.036107e-001 1.731783e-002 
1.451556e-001 1.808593e-001 1.255357e-001 1.035929e-001 1.733241e-002 
1.446925e-001 1.810630e-001 1.257071e-001 1.035743e-001 1.734691e-002 
1.442309e-001 1.812658e-001 1.258779e-001 1.035551e-001 1.736132e-002 
1.437707e-001 1.814677e-001 1.260482e-001 1.035352e-001 1.737564e-002 
1.433119e-001 1.816688e-001 1.262181e-001 1.035146e-001 1.738988e-002 
1.428545e-001 1.818689e-001 1.263874e-001 1.034934e-001 1.740404e-002 
1.423985e-001 1.820682e-001 1.265562e-001 1.034715e-001 1.741811e-002 
1.419439e-001 1.822666e-001 1.267245e-001 1.034489e-001 1.743209e-002 
1.414908e-001 1.824642e-001 1.268923e-001 1.034256e-001 1.744600e-002 
1.410389e-001 1.826609e-001 1.270596e-001 1.034017e-001 1.745982e-002 
1.405885e-001 1.828567e-001 1.272263e-001 1.033772e-001 1.747355e-002 
1.401395e-001 1.830517e-001 1.273926e-001 1.033520e-001 1.748721e-002 
1.396918e-001 1.832458e-001 1.275584e-001 1.033261e-001 1.750078e-002 
1.392455e-001 1.834391e-001 1.277237e-001 1.032996e-001 1.751427e-002 
1.388006e-001 1.836315e-001 1.278885e-001 1.032725e-001 1.752768e-002 
1.383570e-001 1.838230e-001 1.280527e-001 1.032447e-001 1.754101e-002 
1.379148e-001 1.840137e-001 1.282165e-001 1.032163e-001 1.755426e-002 
1.374740e-001 1.842035e-001 1.283798e-001 1.031873e-001 1.756743e-002 
1.370345e-001 1.843925e-001 1.285426e-001 1.031576e-001 1.758052e-002 
1.365963e-001 1.845806e-001 1.287049e-001 1.031274e-001 1.759354e-002 
1.361595e-001 1.847679e-001 1.288667e-001 1.030965e-001 1.760647e-002 
1.357241e-001 1.849544e-001 1.290280e-001 1.030650e-001 1.761932e-002 
1.352900e-001 1.851400e-001 1.291888e-001 1.030329e-001 1.763210e-002 
1.348572e-001 1.853248e-001 1.293491e-001 1.030002e-001 1.764480e-002 
1.344257e-001 1.855087e-001 1.295089e-001 1.029668e-001 1.765742e-002 
1.339955e-001 1.856918e-001 1.296682e-001 1.029329e-001 1.766996e-002 
1.335667e-001 1.858741e-001 1.298271e-001 1.028984e-001 1.768243e-002 
1.331392e-001 1.860556e-001 1.299854e-001 1.028633e-001 1.769482e-002 
1.327130e-001 1.862362e-001 1.301433e-001 1.028276e-001 1.770713e-002 
1.322881e-001 1.864160e-001 1.303007e-001 1.027914e-001 1.771937e-002 
1.318646e-001 1.865949e-001 1.304576e-001 1.027545e-001 1.773154e-002 
1.314423e-001 1.867731e-001 1.306140e-001 1.027171e-001 1.774363e-002 
1.310213e-001 1.869504e-001 1.307699e-001 1.026791e-001 1.775564e-002 
1.306016e-001 1.871269e-001 1.309253e-001 1.026405e-001 1.776759e-002 
1.301832e-001 1.873025e-001 1.310803e-001 1.026014e-001 1.777945e-002 
1.297661e-001 1.874774e-001 1.312348e-001 1.025617e-001 1.779125e-002 
1.293502e-001 1.876515e-001 1.313888e-001 1.025214e-001 1.780297e-002 
1.289357e-001 1.878247e-001 1.315423e-001 1.024806e-001 1.781462e-002 
1.285224e-001 1.879971e-001 1.316953e-001 1.024393e-001 1.782620e-002 
1.281104e-001 1.881687e-001 1.318479e-001 1.023973e-001 1.783770e-002 
1.276996e-001 1.883396e-001 1.320000e-001 1.023549e-001 1.784914e-002 
1.272901e-001 1.885096e-001 1.321516e-001 1.023119e-001 1.786050e-002 
1.268819e-001 1.886788e-001 1.323027e-001 1.022683e-001 1.787179e-002 
1.264749e-001 1.888472e-001 1.324534e-001 1.022242e-001 1.788301e-002 
1.260692e-001 1.890148e-001 1.326036e-001 1.021796e-001 1.789416e-002 
1.256647e-001 1.891816e-001 1.327533e-001 1.021345e-001 1.790524e-002 
1.252615e-001 1.893476e-001 1.329025e-001 1.020888e-001 1.791625e-002 
1.248595e-001 1.895128e-001 1.330513e-001 1.020426e-001 1.792720e-002 
1.244587e-001 1.896773e-001 1.331996e-001 1.019959e-001 1.793807e-002 
1.240592e-001 1.898409e-001 1.333474e-001 1.019486e-001 1.794887e-002 
1.236609e-001 1.900038e-001 1.334947e-001 1.019009e-001 1.795961e-002 
1.232638e-001 1.901658e-001 1.336416e-001 1.018526e-001 1.797028e-002 
1.228680e-001 1.903271e-001 1.337881e-001 1.018039e-001 1.798088e-002 
1.224733e-001 1.904876e-001 1.339340e-001 1.017546e-001 1.799141e-002 
1.220799e-001 1.906474e-001 1.340795e-001 1.017048e-001 1.800188e-002 
1.216877e-001 1.908063e-001 1.342245e-001 1.016546e-001 1.801228e-002 
1.212967e-001 1.909645e-001 1.343691e-001 1.016038e-001 1.802261e-002 
1.209069e-001 1.911219e-001 1.345132e-001 1.015525e-001 1.803288e-002 
1.205183e-001 1.912785e-001 1.346568e-001 1.015008e-001 1.804309e-002 
1.201309e-001 1.914343e-001 1.348000e-001 1.014486e-001 1.805322e-002 
1.197447e-001 1.915894e-001 1.349427e-001 1.013959e-001 1.806329e-002 
1.193597e-001 1.917437e-001 1.350850e-001 1.013427e-001 1.807330e-002 
1.189758e-001 1.918973e-001 1.352268e-001 1.012890e-001 1.808325e-002 
1.185932e-001 1.920501e-001 1.353681e-001 1.012349e-001 1.809312e-002 
1.182117e-001 1.922021e-001 1.355090e-001 1.011803e-001 1.810294e-002 
1.178314e-001 1.923533e-001 1.356495e-001 1.011252e-001 1.811269e-002 
1.174523e-001 1.925038e-001 1.357894e-001 1.010697e-001 1.812238e-002 
1.170743e-001 1.926536e-001 1.359290e-001 1.010137e-001 1.813201e-002 
1.166975e-001 1.928026e-001 1.360680e-001 1.009572e-001 1.814157e-002 
1.163219e-001 1.929508e-001 1.362067e-001 1.009003e-001 1.815107e-002 
1.159474e-001 1.930983e-001 1.363448e-001 1.008429e-001 1.816051e-002 
1.155741e-001 1.932450e-001 1.364825e-001 1.007851e-001 1.816989e-002 
1.152019e-001 1.933910e-001 1.366198e-001 1.007268e-001 1.817920e-002 
1.148309e-001 1.935362e-001 1.367566e-001 1.006681e-001 1.818846e-002 
1.144610e-001 1.936807e-001 1.368930e-001 1.006090e-001 1.819765e-002 
1.140922e-001 1.938245e-001 1.370289e-001 1.005494e-001 1.820679e-002 
1.137246e-001 1.939675e-001 1.371644e-001 1.004894e-001 1.821586e-002 
1.133581e-001 1.941098e-001 1.372994e-001 1.004289e-001 1.822487e-002 
1.129928e-001 1.942513e-001 1.374340e-001 1.003680e-001 1.823383e-002 
1.126286e-001 1.943921e-001 1.375681e-001 1.003067e-001 1.824272e-002 
1.122655e-001 1.945322e-001 1.377018e-001 1.002450e-001 1.825156e-002 
1.119035e-001 1.946715e-001 1.378351e-001 1.001829e-001 1.826034e-002 
1.115426e-001 1.948101e-001 1.379679e-001 1.001203e-001 1.826905e-002 
1.111829e-001 1.949480e-001 1.381002e-001 1.000573e-001 1.827771e-002 
1.108242e-001 1.950851e-001 1.382322e-001 9.999390e-002 1.828632e-002 
1.104667e-001 1.952216e-001 1.383637e-001 9.993010e-002 1.829486e-002 
1.101103e-001 1.953573e-001 1.384947e-001 9.986589e-002 1.830335e-002 
1.097550e-001 1.954922e-001 1.386253e-001 9.980127e-002 1.831178e-002 
1.094007e-001 1.956265e-001 1.387555e-001 9.973625e-002 1.832015e-002 
1.090476e-001 1.957600e-001 1.388852e-001 9.967083e-002 1.832847e-002 
1.086955e-001 1.958928e-001 1.390145e-001 9.960502e-002 1.833673e-002 
1.083446e-001 1.960249e-001 1.391434e-001 9.953881e-002 1.834494e-002 
1.079947e-001 1.961563e-001 1.392718e-001 9.947221e-002 1.835308e-002 
1.076459e-001 1.962870e-001 1.393999e-001 9.940523e-002 1.836118e-002 
1.072982e-001 1.964170e-001 1.395274e-001 9.933786e-002 1.836922e-002 
1.069515e-001 1.965462e-001 1.396546e-001 9.927010e-002 1.837720e-002 
1.066059e-001 1.966748e-001 1.397813e-001 9.920197e-002 1.838513e-002 
1.062614e-001 1.968026e-001 1.399076e-001 9.913346e-002 1.839300e-002 
1.059180e-001 1.969298e-001 1.400334e-001 9.906457e-002 1.840082e-002 
1.055756e-001 1.970562e-001 1.401588e-001 9.899531e-002 1.840859e-002 
1.052343e-001 1.971820e-001 1.402838e-001 9.892568e-002 1.841630e-002 
1.048940e-001 1.973070e-001 1.404084e-001 9.885569e-002 1.842396e-002 
1.045548e-001 1.974314e-001 1.405325e-001 9.878533e-002 1.843157e-002 
1.042166e-001 1.975550e-001 1.406563e-001 9.871461e-002 1.843912e-002 
1.038795e-001 1.976780e-001 1.407795e-001 9.864352e-002 1.844662e-002 
1.035434e-001 1.978003e-001 1.409024e-001 9.857209e-002 1.845407e-002 
1.032083e-001 1.979218e-001 1.410249e-001 9.850029e-002 1.846147e-002 
1.028743e-001 1.980427e-001 1.411469e-001 9.842815e-002 1.846881e-002 
1.025413e-001 1.981629e-001 1.412685e-001 9.835565e-002 1.847611e-002 
1.022094e-001 1.982825e-001 1.413897e-001 9.828281e-002 1.848335e-002 
1.018785e-001 1.984013e-001 1.415105e-001 9.820962e-002 1.849054e-002 
1.015486e-001 1.985194e-001 1.416308e-001 9.813610e-002 1.849768e-002 
1.012197e-001 1.986369e-001 1.417507e-001 9.806223e-002 1.850477e-002 
1.008918e-001 1.987537e-001 1.418702e-001 9.798802e-002 1.851181e-002 
1.005650e-001 1.988698e-001 1.419893e-001 9.791348e-002 1.851880e-002 
1.002391e-001 1.989853e-001 1.421080e-001 9.783861e-002 1.852574e-002 
9.991430e-002 1.991000e-001 1.422263e-001 9.776341e-002 1.853263e-002 
9.959048e-002 1.992141e-001 1.423441e-001 9.768788e-002 1.853947e-002 
9.926765e-002 1.993276e-001 1.424616e-001 9.761202e-002 1.854626e-002 
9.894583e-002 1.994403e-001 1.425786e-001 9.753584e-002 1.855300e-002 
9.862500e-002 1.995524e-001 1.426952e-001 9.745935e-002 1.855969e-002 
9.830517e-002 1.996638e-001 1.428114e-001 9.738253e-002 1.856634e-002 
9.798632e-002 1.997746e-001 1.429272e-001 9.730540e-002 1.857293e-002 
9.766847e-002 1.998847e-001 1.430426e-001 9.722795e-002 1.857948e-002 
9.735160e-002 1.999941e-001 1.431576e-001 9.715019e-002 1.858598e-002 
9.703570e-002 2.001029e-001 1.432721e-001 9.707213e-002 1.859244e-002 
9.672079e-002 2.002110e-001 1.433863e-001 9.699375e-002 1.859884e-002 
9.640685e-002 2.003185e-001 1.435001e-001 9.691508e-002 1.860520e-002 
9.609389e-002 2.004253e-001 1.436134e-001 9.683610e-002 1.861151e-002 
9.578189e-002 2.005315e-001 1.437263e-001 9.675682e-002 1.861778e-002 
9.547086e-002 2.006370e-001 1.438389e-001 9.667724e-002 1.862400e-002 
9.516080e-002 2.007418e-001 1.439510e-001 9.659737e-002 1.863017e-002 
9.485169e-002 2.008460e-001 1.440628e-001 9.651721e-002 1.863630e-002 
9.454355e-002 2.009496e-001 1.441741e-001 9.643675e-002 1.864238e-002 
9.423635e-002 2.010525e-001 1.442850e-001 9.635601e-002 1.864842e-002 
9.393011e-002 2.011548e-001 1.443956e-001 9.627498e-002 1.865441e-002 
9.362482e-002 2.012564e-001 1.445057e-001 9.619366e-002 1.866035e-002 
9.332048e-002 2.013574e-001 1.446154e-001 9.611207e-002 1.866625e-002 
9.301708e-002 2.014577e-001 1.447247e-001 9.603019e-002 1.867211e-002 
9.271462e-002 2.015574e-001 1.448337e-001 9.594804e-002 1.867792e-002 
9.241310e-002 2.016565e-001 1.449422e-001 9.586561e-002 1.868369e-002 
9.211251e-002 2.017550e-001 1.450504e-001 9.578291e-002 1.868941e-002 
9.181286e-002 2.018528e-001 1.451581e-001 9.569993e-002 1.869509e-002 
9.151413e-002 2.019500e-001 1.452655e-001 9.561669e-002 1.870073e-002 
9.121634e-002 2.020465e-001 1.453724e-001 9.553318e-002 1.870632e-002 
9.091946e-002 2.021424e-001 1.454790e-001 9.544940e-002 1.871187e-002 
9.062351e-002 2.022377e-001 1.455852e-001 9.536537e-002 1.871738e-002 
9.032847e-002 2.023324e-001 1.456910e-001 9.528107e-002 1.872284e-002 
9.003436e-002 2.024264e-001 1.457964e-001 9.519651e-002 1.872826e-002 
8.974115e-002 2.025199e-001 1.459014e-001 9.511170e-002 1.873364e-002 
8.944885e-002 2.026127e-001 1.460060e-001 9.502663e-002 1.873898e-002 
8.915747e-002 2.027048e-001 1.461102e-001 9.494131e-002 1.874427e-002 
8.886698e-002 2.027964e-001 1.462140e-001 9.485574e-002 1.874953e-002 
8.857740e-002 2.028874e-001 1.463175e-001 9.476992e-002 1.875474e-002 
8.828872e-002 2.029777e-001 1.464206e-001 9.468386e-002 1.875991e-002 
8.800093e-002 2.030674e-001 1.465232e-001 9.459755e-002 1.876504e-002 
8.771404e-002 2.031565e-001 1.466255e-001 9.451100e-002 1.877013e-002 
8.742804e-002 2.032450e-001 1.467275e-001 9.442420e-002 1.877518e-002 
8.714293e-002 2.033329e-001 1.468290e-001 9.433717e-002 1.878018e-002 
8.685870e-002 2.034202e-001 1.469301e-001 9.424991e-002 1.878515e-002 
8.657536e-002 2.035069e-001 1.470309e-001 9.416241e-002 1.879008e-002 
8.629290e-002 2.035930e-001 1.471313e-001 9.407467e-002 1.879496e-002 
8.601131e-002 2.036784e-001 1.472313e-001 9.398671e-002 1.879981e-002 
8.573060e-002 2.037633e-001 1.473309e-001 9.389852e-002 1.880462e-002 
8.545076e-002 2.038476e-001 1.474301e-001 9.381010e-002 1.880939e-002 
8.517180e-002 2.039313e-001 1.475290e-001 9.372145e-002 1.881412e-002 
8.489370e-002 2.040143e-001 1.476275e-001 9.363259e-002 1.881881e-002 
8.461646e-002 2.040968e-001 1.477256e-001 9.354350e-002 1.882346e-002 
8.434009e-002 2.041787e-001 1.478233e-001 9.345419e-002 1.882807e-002 
8.406457e-002 2.042600e-001 1.479207e-001 9.336467e-002 1.883264e-002 
8.378992e-002 2.043407e-001 1.480177e-001 9.327493e-002 1.883718e-002 
8.351612e-002 2.044208e-001 1.481143e-001 9.318498e-002 1.884168e-002 
8.324317e-002 2.045004e-001 1.482105e-001 9.309481e-002 1.884614e-002 
8.297106e-002 2.045793e-001 1.483064e-001 9.300444e-002 1.885056e-002 
8.269981e-002 2.046577e-001 1.484019e-001 9.291386e-002 1.885495e-002 
8.242940e-002 2.047354e-001 1.484970e-001 9.282307e-002 1.885930e-002 
8.215983e-002 2.048126e-001 1.485918e-001 9.273208e-002 1.886361e-002 
8.189110e-002 2.048892e-001 1.486861e-001 9.264089e-002 1.886788e-002 
8.162321e-002 2.049653e-001 1.487801e-001 9.254949e-002 1.887212e-002 
8.135615e-002 2.050407e-001 1.488738e-001 9.245790e-002 1.887632e-002 
8.108992e-002 2.051156e-001 1.489671e-001 9.236611e-002 1.888048e-002 
8.082452e-002 2.051899e-001 1.490600e-001 9.227412e-002 1.888461e-002 
8.055995e-002 2.052636e-001 1.491525e-001 9.218194e-002 1.888870e-002 
8.029620e-002 2.053368e-001 1.492447e-001 9.208957e-002 1.889276e-002 
8.003327e-002 2.054094e-001 1.493365e-001 9.199702e-002 1.889678e-002 
7.977116e-002 2.054814e-001 1.494279e-001 9.190427e-002 1.890076e-002 
7.950987e-002 2.055528e-001 1.495190e-001 9.181133e-002 1.890471e-002 
7.924939e-002 2.056237e-001 1.496098e-001 9.171821e-002 1.890862e-002 
7.898973e-002 2.056940e-001 1.497001e-001 9.162491e-002 1.891250e-002 
7.873087e-002 2.057638e-001 1.497901e-001 9.153143e-002 1.891635e-002 
7.847282e-002 2.058330e-001 1.498797e-001 9.143777e-002 1.892016e-002 
7.821558e-002 2.059016e-001 1.499690e-001 9.134393e-002 1.892393e-002 
7.795913e-002 2.059697e-001 1.500579e-001 9.124991e-002 1.892767e-002 
7.770349e-002 2.060372e-001 1.501465e-001 9.115572e-002 1.893138e-002 
7.744864e-002 2.061041e-001 1.502347e-001 9.106136e-002 1.893505e-002 
7.719459e-002 2.061705e-001 1.503225e-001 9.096682e-002 1.893869e-002 
7.694133e-002 2.062364e-001 1.504100e-001 9.087212e-002 1.894229e-002 
7.668886e-002 2.063017e-001 1.504972e-001 9.077725e-002 1.894586e-002 
7.643718e-002 2.063664e-001 1.505839e-001 9.068221e-002 1.894940e-002 
7.618628e-002 2.064306e-001 1.506703e-001 9.058701e-002 1.895291e-002 
7.593616e-002 2.064942e-001 1.507564e-001 9.049164e-002 1.895638e-002 
7.568683e-002 2.065573e-001 1.508421e-001 9.039611e-002 1.895982e-002 
7.543827e-002 2.066199e-001 1.509275e-001 9.030043e-002 1.896322e-002 
7.519049e-002 2.066819e-001 1.510125e-001 9.020459e-002 1.896659e-002 
7.494348e-002 2.067434e-001 1.510971e-001 9.010859e-002 1.896994e-002 
7.469725e-002 2.068043e-001 1.511815e-001 9.001243e-002 1.897324e-002 
7.445178e-002 2.068647e-001 1.512654e-001 8.991612e-002 1.897652e-002 
7.420708e-002 2.069245e-001 1.513490e-001 8.981966e-002 1.897976e-002 
7.396314e-002 2.069838e-001 1.514323e-001 8.972305e-002 1.898298e-002 
7.371997e-002 2.070426e-001 1.515152e-001 8.962629e-002 1.898616e-002 
7.347755e-002 2.071008e-001 1.515977e-001 8.952939e-002 1.898931e-002 
7.323589e-002 2.071585e-001 1.516800e-001 8.943234e-002 1.899243e-002 
7.299499e-002 2.072157e-001 1.517618e-001 8.933514e-002 1.899551e-002 
7.275484e-002 2.072723e-001 1.518434e-001 8.923781e-002 1.899857e-002 
7.251543e-002 2.073284e-001 1.519245e-001 8.914033e-002 1.900159e-002 
7.227678e-002 2.073840e-001 1.520054e-001 8.904271e-002 1.900459e-002 
7.203887e-002 2.074390e-001 1.520859e-001 8.894496e-002 1.900755e-002 
7.180171e-002 2.074936e-001 1.521660e-001 8.884707e-002 1.901049e-002 
7.156529e-002 2.075476e-001 1.522458e-001 8.874904e-002 1.901339e-002 
7.132960e-002 2.076010e-001 1.523253e-001 8.865088e-002 1.901626e-002 
7.109466e-002 2.076540e-001 1.524044e-001 8.855259e-002 1.901911e-002 
7.086045e-002 2.077064e-001 1.524832e-001 8.845417e-002 1.902192e-002 
7.062697e-002 2.077584e-001 1.525617e-001 8.835562e-002 1.902470e-002 
7.039422e-002 2.078098e-001 1.526398e-001 8.825694e-002 1.902746e-002 
7.016220e-002 2.078606e-001 1.527175e-001 8.815814e-002 1.903018e-002 
6.993090e-002 2.079110e-001 1.527950e-001 8.805921e-002 1.903288e-002 
6.970033e-002 2.079609e-001 1.528721e-001 8.796016e-002 1.903554e-002 
6.947048e-002 2.080102e-001 1.529488e-001 8.786099e-002 1.903818e-002 
6.924135e-002 2.080590e-001 1.530252e-001 8.776169e-002 1.904079e-002 
6.901293e-002 2.081074e-001 1.531013e-001 8.766228e-002 1.904337e-002 
6.878523e-002 2.081552e-001 1.531771e-001 8.756275e-002 1.904592e-002 
6.855824e-002 2.082025e-001 1.532525e-001 8.746311e-002 1.904844e-002 
6.833197e-002 2.082493e-001 1.533276e-001 8.736335e-002 1.905093e-002 
6.810640e-002 2.082956e-001 1.534024e-001 8.726348e-002 1.905340e-002 
6.788154e-002 2.083414e-001 1.534768e-001 8.716349e-002 1.905584e-002 
6.765738e-002 2.083867e-001 1.535509e-001 8.706340e-002 1.905825e-002 
6.743392e-002 2.084314e-001 1.536246e-001 8.696319e-002 1.906063e-002 
6.721117e-002 2.084757e-001 1.536981e-001 8.686288e-002 1.906299e-002 
6.698911e-002 2.085195e-001 1.537712e-001 8.676246e-002 1.906531e-002 
6.676775e-002 2.085628e-001 1.538440e-001 8.666194e-002 1.906761e-002 
6.654708e-002 2.086056e-001 1.539164e-001 8.656131e-002 1.906989e-002 
6.632710e-002 2.086479e-001 1.539885e-001 8.646058e-002 1.907213e-002 
6.610781e-002 2.086897e-001 1.540603e-001 8.635975e-002 1.907435e-002 
6.588921e-002 2.087310e-001 1.541318e-001 8.625882e-002 1.907654e-002 
