4.098159e-001 9.596005e-003 6.430971e-003 6.166201e-003 2.579988e-003 
4.085261e-001 1.101407e-002 7.379688e-003 7.744217e-003 2.695684e-003 
4.072404e-001 1.242223e-002 8.321777e-003 9.297185e-003 2.810213e-003 
4.059588e-001 1.382055e-002 9.257284e-003 1.082550e-002 2.923589e-003 
4.046813e-001 1.520910e-002 1.018625e-002 1.232955e-002 3.035822e-003 
4.034079e-001 1.658795e-002 1.110874e-002 1.380972e-002 3.146926e-003 
4.021386e-001 1.795716e-002 1.202477e-002 1.526637e-002 3.256911e-003 
4.008734e-001 1.931680e-002 1.293441e-002 1.669988e-002 3.365790e-003 
3.996122e-001 2.066693e-002 1.383769e-002 1.811062e-002 3.473575e-003 
3.983551e-001 2.200762e-002 1.473466e-002 1.949894e-002 3.580276e-003 
3.971020e-001 2.333894e-002 1.562537e-002 2.086519e-002 3.685905e-003 
3.958529e-001 2.466094e-002 1.650985e-002 2.220972e-002 3.790474e-003 
3.946078e-001 2.597369e-002 1.738815e-002 2.353287e-002 3.893993e-003 
3.933668e-001 2.727725e-002 1.826032e-002 2.483497e-002 3.996475e-003 
3.921297e-001 2.857169e-002 1.912640e-002 2.611637e-002 4.097928e-003 
3.908966e-001 2.985707e-002 1.998643e-002 2.737737e-002 4.198365e-003 
3.896674e-001 3.113345e-002 2.084044e-002 2.861831e-002 4.297796e-003 
3.884422e-001 3.240090e-002 2.168850e-002 2.983949e-002 4.396232e-003 
3.872209e-001 3.365946e-002 2.253063e-002 3.104123e-002 4.493683e-003 
3.860036e-001 3.490921e-002 2.336688e-002 3.222383e-002 4.590159e-003 
3.847901e-001 3.615020e-002 2.419729e-002 3.338760e-002 4.685671e-003 
3.835806e-001 3.738250e-002 2.502189e-002 3.453282e-002 4.780229e-003 
3.823749e-001 3.860616e-002 2.584074e-002 3.565980e-002 4.873843e-003 
3.811731e-001 3.982124e-002 2.665387e-002 3.676881e-002 4.966523e-003 
3.799752e-001 4.102780e-002 2.746132e-002 3.786014e-002 5.058278e-003 
3.787811e-001 4.222591e-002 2.826313e-002 3.893407e-002 5.149119e-003 
3.775909e-001 4.341560e-002 2.905935e-002 3.999087e-002 5.239054e-003 
3.764045e-001 4.459696e-002 2.985000e-002 4.103081e-002 5.328094e-003 
3.752219e-001 4.577002e-002 3.063513e-002 4.205415e-002 5.416248e-003 
3.740432e-001 4.693485e-002 3.141477e-002 4.306115e-002 5.503525e-003 
3.728682e-001 4.809150e-002 3.218898e-002 4.405208e-002 5.589935e-003 
3.716970e-001 4.924003e-002 3.295777e-002 4.502718e-002 5.675486e-003 
3.705295e-001 5.038050e-002 3.372120e-002 4.598670e-002 5.760188e-003 
3.693659e-001 5.151296e-002 3.447930e-002 4.693089e-002 5.844050e-003 
3.682060e-001 5.263746e-002 3.523210e-002 4.785998e-002 5.927079e-003 
3.670498e-001 5.375407e-002 3.597965e-002 4.877422e-002 6.009286e-003 
3.658973e-001 5.486282e-002 3.672197e-002 4.967384e-002 6.090679e-003 
3.647486e-001 5.596378e-002 3.745912e-002 5.055906e-002 6.171266e-003 
3.636035e-001 5.705700e-002 3.819112e-002 5.143012e-002 6.251056e-003 
3.624622e-001 5.814254e-002 3.891800e-002 5.228724e-002 6.330057e-003 
3.613245e-001 5.922044e-002 3.963981e-002 5.313063e-002 6.408278e-003 
3.601905e-001 6.029075e-002 4.035659e-002 5.396051e-002 6.485726e-003 
3.590602e-001 6.135354e-002 4.106835e-002 5.477709e-002 6.562410e-003 
3.579335e-001 6.240885e-002 4.177515e-002 5.558059e-002 6.638338e-003 
3.568104e-001 6.345672e-002 4.247702e-002 5.637120e-002 6.713518e-003 
3.556910e-001 6.449722e-002 4.317398e-002 5.714913e-002 6.787958e-003 
3.545752e-001 6.553040e-002 4.386608e-002 5.791458e-002 6.861665e-003 
3.534630e-001 6.655629e-002 4.455335e-002 5.866774e-002 6.934647e-003 
3.523544e-001 6.757496e-002 4.523582e-002 5.940882e-002 7.006912e-003 
3.512493e-001 6.858645e-002 4.591353e-002 6.013799e-002 7.078468e-003 
3.501479e-001 6.959081e-002 4.658650e-002 6.085544e-002 7.149321e-003 
3.490500e-001 7.058809e-002 4.725478e-002 6.156136e-002 7.219479e-003 
3.479556e-001 7.157834e-002 4.791840e-002 6.225594e-002 7.288951e-003 
3.468648e-001 7.256160e-002 4.857738e-002 6.293934e-002 7.357741e-003 
3.457776e-001 7.353793e-002 4.923176e-002 6.361174e-002 7.425859e-003 
3.446938e-001 7.450736e-002 4.988158e-002 6.427332e-002 7.493311e-003 
3.436135e-001 7.546996e-002 5.052686e-002 6.492425e-002 7.560104e-003 
3.425368e-001 7.642576e-002 5.116764e-002 6.556468e-002 7.626245e-003 
3.414635e-001 7.737481e-002 5.180394e-002 6.619480e-002 7.691740e-003 
3.403937e-001 7.831716e-002 5.243580e-002 6.681476e-002 7.756597e-003 
3.393274e-001 7.925285e-002 5.306326e-002 6.742472e-002 7.820823e-003 
3.382646e-001 8.018193e-002 5.368634e-002 6.802483e-002 7.884424e-003 
3.372051e-001 8.110444e-002 5.430506e-002 6.861526e-002 7.947406e-003 
3.361492e-001 8.202044e-002 5.491948e-002 6.919615e-002 8.009776e-003 
3.350966e-001 8.292995e-002 5.552960e-002 6.976765e-002 8.071540e-003 
3.340475e-001 8.383303e-002 5.613547e-002 7.032991e-002 8.132706e-003 
3.330017e-001 8.472973e-002 5.673710e-002 7.088308e-002 8.193279e-003 
3.319594e-001 8.562007e-002 5.733455e-002 7.142730e-002 8.253265e-003 
3.309204e-001 8.650412e-002 5.792782e-002 7.196271e-002 8.312671e-003 
3.298849e-001 8.738191e-002 5.851695e-002 7.248944e-002 8.371502e-003 
3.288527e-001 8.825348e-002 5.910197e-002 7.300764e-002 8.429765e-003 
3.278238e-001 8.911887e-002 5.968292e-002 7.351744e-002 8.487466e-003 
3.267983e-001 8.997814e-002 6.025980e-002 7.401897e-002 8.544611e-003 
3.257761e-001 9.083131e-002 6.083267e-002 7.451235e-002 8.601205e-003 
3.247573e-001 9.167844e-002 6.140154e-002 7.499773e-002 8.657255e-003 
3.237417e-001 9.251956e-002 6.196644e-002 7.547522e-002 8.712765e-003 
3.227295e-001 9.335472e-002 6.252740e-002 7.594495e-002 8.767742e-003 
3.217206e-001 9.418395e-002 6.308444e-002 7.640703e-002 8.822192e-003 
3.207149e-001 9.500729e-002 6.363760e-002 7.686160e-002 8.876119e-003 
3.197126e-001 9.582479e-002 6.418690e-002 7.730876e-002 8.929530e-003 
3.187135e-001 9.663649e-002 6.473237e-002 7.774864e-002 8.982430e-003 
3.177177e-001 9.744242e-002 6.527404e-002 7.818134e-002 9.034824e-003 
3.167251e-001 9.824263e-002 6.581193e-002 7.860699e-002 9.086717e-003 
3.157357e-001 9.903715e-002 6.634607e-002 7.902569e-002 9.138116e-003 
3.147496e-001 9.982602e-002 6.687648e-002 7.943755e-002 9.189024e-003 
3.137667e-001 1.006093e-001 6.740319e-002 7.984268e-002 9.239448e-003 
3.127870e-001 1.013870e-001 6.792623e-002 8.024118e-002 9.289391e-003 
3.118105e-001 1.021591e-001 6.844562e-002 8.063316e-002 9.338861e-003 
3.108373e-001 1.029258e-001 6.896139e-002 8.101872e-002 9.387860e-003 
3.098671e-001 1.036870e-001 6.947357e-002 8.139797e-002 9.436395e-003 
3.089002e-001 1.044428e-001 6.998217e-002 8.177099e-002 9.484470e-003 
3.079364e-001 1.051932e-001 7.048723e-002 8.213789e-002 9.532090e-003 
3.069758e-001 1.059383e-001 7.098876e-002 8.249877e-002 9.579260e-003 
3.060184e-001 1.066780e-001 7.148680e-002 8.285372e-002 9.625984e-003 
3.050640e-001 1.074125e-001 7.198137e-002 8.320282e-002 9.672268e-003 
3.041129e-001 1.081417e-001 7.247249e-002 8.354619e-002 9.718116e-003 
3.031648e-001 1.088658e-001 7.296018e-002 8.388390e-002 9.763532e-003 
3.022198e-001 1.095846e-001 7.344447e-002 8.421604e-002 9.808521e-003 
3.012779e-001 1.102984e-001 7.392539e-002 8.454270e-002 9.853088e-003 
3.003392e-001 1.110070e-001 7.440296e-002 8.486397e-002 9.897236e-003 
2.994035e-001 1.117106e-001 7.487719e-002 8.517993e-002 9.940972e-003 
2.984709e-001 1.124092e-001 7.534813e-002 8.549066e-002 9.984298e-003 
2.975413e-001 1.131027e-001 7.581577e-002 8.579626e-002 1.002722e-002 
2.966148e-001 1.137913e-001 7.628016e-002 8.609679e-002 1.006974e-002 
2.956914e-001 1.144750e-001 7.674132e-002 8.639233e-002 1.011186e-002 
2.947710e-001 1.151538e-001 7.719925e-002 8.668298e-002 1.015359e-002 
2.938536e-001 1.158278e-001 7.765400e-002 8.696879e-002 1.019494e-002 
2.929393e-001 1.164969e-001 7.810558e-002 8.724986e-002 1.023590e-002 
2.920279e-001 1.171612e-001 7.855401e-002 8.752625e-002 1.027648e-002 
2.911196e-001 1.178208e-001 7.899932e-002 8.779803e-002 1.031668e-002 
2.902143e-001 1.184756e-001 7.944152e-002 8.806529e-002 1.035651e-002 
2.893119e-001 1.191257e-001 7.988064e-002 8.832808e-002 1.039598e-002 
2.884126e-001 1.197712e-001 8.031670e-002 8.858648e-002 1.043508e-002 
2.875162e-001 1.204121e-001 8.074973e-002 8.884057e-002 1.047381e-002 
2.866228e-001 1.210483e-001 8.117973e-002 8.909040e-002 1.051220e-002 
2.857323e-001 1.216800e-001 8.160675e-002 8.933604e-002 1.055023e-002 
2.848448e-001 1.223072e-001 8.203078e-002 8.957757e-002 1.058791e-002 
2.839602e-001 1.229298e-001 8.245186e-002 8.981504e-002 1.062524e-002 
2.830785e-001 1.235480e-001 8.287001e-002 9.004851e-002 1.066224e-002 
2.821998e-001 1.241617e-001 8.328525e-002 9.027806e-002 1.069889e-002 
2.813240e-001 1.247711e-001 8.369759e-002 9.050374e-002 1.073521e-002 
2.804511e-001 1.253760e-001 8.410706e-002 9.072562e-002 1.077120e-002 
2.795811e-001 1.259766e-001 8.451368e-002 9.094375e-002 1.080686e-002 
2.787139e-001 1.265728e-001 8.491747e-002 9.115819e-002 1.084220e-002 
2.778497e-001 1.271648e-001 8.531844e-002 9.136900e-002 1.087722e-002 
2.769883e-001 1.277525e-001 8.571663e-002 9.157623e-002 1.091192e-002 
2.761298e-001 1.283360e-001 8.611204e-002 9.177995e-002 1.094630e-002 
2.752742e-001 1.289153e-001 8.650469e-002 9.198021e-002 1.098038e-002 
2.744214e-001 1.294904e-001 8.689461e-002 9.217706e-002 1.101415e-002 
2.735714e-001 1.300613e-001 8.728182e-002 9.237056e-002 1.104761e-002 
2.727243e-001 1.306281e-001 8.766633e-002 9.256076e-002 1.108077e-002 
2.718800e-001 1.311908e-001 8.804816e-002 9.274771e-002 1.111364e-002 
2.710385e-001 1.317495e-001 8.842734e-002 9.293146e-002 1.114621e-002 
2.701999e-001 1.323041e-001 8.880387e-002 9.311206e-002 1.117849e-002 
2.693640e-001 1.328547e-001 8.917778e-002 9.328957e-002 1.121048e-002 
2.685309e-001 1.334014e-001 8.954909e-002 9.346402e-002 1.124219e-002 
2.677007e-001 1.339441e-001 8.991782e-002 9.363547e-002 1.127361e-002 
2.668732e-001 1.344828e-001 9.028398e-002 9.380397e-002 1.130475e-002 
2.660484e-001 1.350177e-001 9.064759e-002 9.396957e-002 1.133562e-002 
2.652265e-001 1.355487e-001 9.100867e-002 9.413229e-002 1.136621e-002 
2.644073e-001 1.360758e-001 9.136723e-002 9.429221e-002 1.139654e-002 
2.635908e-001 1.365991e-001 9.172330e-002 9.444934e-002 1.142659e-002 
2.627771e-001 1.371186e-001 9.207689e-002 9.460375e-002 1.145638e-002 
2.619661e-001 1.376344e-001 9.242803e-002 9.475548e-002 1.148591e-002 
2.611579e-001 1.381464e-001 9.277671e-002 9.490456e-002 1.151518e-002 
2.603524e-001 1.386547e-001 9.312298e-002 9.505103e-002 1.154419e-002 
2.595496e-001 1.391593e-001 9.346683e-002 9.519495e-002 1.157295e-002 
2.587495e-001 1.396602e-001 9.380829e-002 9.533634e-002 1.160146e-002 
2.579520e-001 1.401575e-001 9.414737e-002 9.547525e-002 1.162972e-002 
2.571573e-001 1.406512e-001 9.448410e-002 9.561172e-002 1.165773e-002 
2.563653e-001 1.411412e-001 9.481848e-002 9.574578e-002 1.168550e-002 
2.555760e-001 1.416278e-001 9.515053e-002 9.587748e-002 1.171303e-002 
2.547893e-001 1.421107e-001 9.548028e-002 9.600684e-002 1.174032e-002 
2.540053e-001 1.425902e-001 9.580773e-002 9.613392e-002 1.176738e-002 
2.532239e-001 1.430661e-001 9.613291e-002 9.625874e-002 1.179420e-002 
2.524452e-001 1.435386e-001 9.645582e-002 9.638133e-002 1.182079e-002 
2.516691e-001 1.440076e-001 9.677649e-002 9.650174e-002 1.184715e-002 
2.508957e-001 1.444733e-001 9.709492e-002 9.662000e-002 1.187329e-002 
2.501249e-001 1.449355e-001 9.741115e-002 9.673614e-002 1.189920e-002 
2.493567e-001 1.453943e-001 9.772517e-002 9.685020e-002 1.192489e-002 
2.485911e-001 1.458498e-001 9.803701e-002 9.696220e-002 1.195037e-002 
2.478282e-001 1.463019e-001 9.834668e-002 9.707218e-002 1.197562e-002 
2.470678e-001 1.467508e-001 9.865420e-002 9.718017e-002 1.200067e-002 
2.463100e-001 1.471963e-001 9.895958e-002 9.728621e-002 1.202550e-002 
2.455549e-001 1.476386e-001 9.926284e-002 9.739032e-002 1.205012e-002 
2.448023e-001 1.480777e-001 9.956398e-002 9.749254e-002 1.207453e-002 
2.440523e-001 1.485135e-001 9.986304e-002 9.759289e-002 1.209874e-002 
2.433048e-001 1.489461e-001 1.001600e-001 9.769140e-002 1.212275e-002 
2.425599e-001 1.493756e-001 1.004549e-001 9.778811e-002 1.214655e-002 
2.418176e-001 1.498019e-001 1.007478e-001 9.788304e-002 1.217016e-002 
2.410778e-001 1.502251e-001 1.010386e-001 9.797621e-002 1.219356e-002 
2.403406e-001 1.506451e-001 1.013274e-001 9.806766e-002 1.221678e-002 
2.396059e-001 1.510621e-001 1.016142e-001 9.815742e-002 1.223980e-002 
2.388737e-001 1.514760e-001 1.018990e-001 9.824550e-002 1.226263e-002 
2.381440e-001 1.518869e-001 1.021819e-001 9.833194e-002 1.228527e-002 
2.374169e-001 1.522947e-001 1.024627e-001 9.841676e-002 1.230773e-002 
2.366923e-001 1.526995e-001 1.027416e-001 9.849999e-002 1.233000e-002 
2.359701e-001 1.531014e-001 1.030186e-001 9.858166e-002 1.235209e-002 
2.352505e-001 1.535002e-001 1.032936e-001 9.866178e-002 1.237400e-002 
2.345334e-001 1.538962e-001 1.035668e-001 9.874038e-002 1.239573e-002 
2.338187e-001 1.542892e-001 1.038380e-001 9.881749e-002 1.241728e-002 
2.331066e-001 1.546793e-001 1.041074e-001 9.889312e-002 1.243866e-002 
2.323969e-001 1.550665e-001 1.043749e-001 9.896731e-002 1.245986e-002 
2.316897e-001 1.554509e-001 1.046405e-001 9.904007e-002 1.248089e-002 
2.309849e-001 1.558324e-001 1.049043e-001 9.911143e-002 1.250176e-002 
2.302826e-001 1.562111e-001 1.051662e-001 9.918141e-002 1.252245e-002 
2.295827e-001 1.565869e-001 1.054264e-001 9.925003e-002 1.254298e-002 
2.288853e-001 1.569600e-001 1.056847e-001 9.931732e-002 1.256335e-002 
2.281904e-001 1.573304e-001 1.059412e-001 9.938328e-002 1.258355e-002 
2.274978e-001 1.576979e-001 1.061960e-001 9.944795e-002 1.260360e-002 
2.268077e-001 1.580628e-001 1.064490e-001 9.951135e-002 1.262348e-002 
2.261200e-001 1.584249e-001 1.067002e-001 9.957349e-002 1.264321e-002 
2.254347e-001 1.587843e-001 1.069497e-001 9.963439e-002 1.266278e-002 
2.247518e-001 1.591411e-001 1.071974e-001 9.969408e-002 1.268220e-002 
2.240714e-001 1.594952e-001 1.074435e-001 9.975257e-002 1.270146e-002 
2.233933e-001 1.598467e-001 1.076878e-001 9.980989e-002 1.272057e-002 
2.227176e-001 1.601955e-001 1.079304e-001 9.986604e-002 1.273954e-002 
2.220443e-001 1.605418e-001 1.081714e-001 9.992105e-002 1.275836e-002 
2.213734e-001 1.608854e-001 1.084106e-001 9.997494e-002 1.277703e-002 
2.207049e-001 1.612265e-001 1.086482e-001 1.000277e-001 1.279556e-002 
2.200387e-001 1.615651e-001 1.088842e-001 1.000794e-001 1.281394e-002 
2.193749e-001 1.619011e-001 1.091185e-001 1.001300e-001 1.283218e-002 
2.187135e-001 1.622346e-001 1.093512e-001 1.001796e-001 1.285029e-002 
2.180544e-001 1.625656e-001 1.095823e-001 1.002281e-001 1.286825e-002 
2.173976e-001 1.628941e-001 1.098118e-001 1.002757e-001 1.288608e-002 
2.167432e-001 1.632202e-001 1.100397e-001 1.003222e-001 1.290377e-002 
2.160912e-001 1.635438e-001 1.102660e-001 1.003677e-001 1.292133e-002 
2.154414e-001 1.638650e-001 1.104908e-001 1.004122e-001 1.293875e-002 
2.147940e-001 1.641837e-001 1.107140e-001 1.004558e-001 1.295605e-002 
2.141489e-001 1.645001e-001 1.109356e-001 1.004984e-001 1.297321e-002 
2.135062e-001 1.648141e-001 1.111557e-001 1.005401e-001 1.299025e-002 
2.128657e-001 1.651257e-001 1.113743e-001 1.005809e-001 1.300716e-002 
2.122276e-001 1.654350e-001 1.115913e-001 1.006208e-001 1.302394e-002 
2.115918e-001 1.657419e-001 1.118069e-001 1.006598e-001 1.304060e-002 
2.109582e-001 1.660466e-001 1.120209e-001 1.006980e-001 1.305714e-002 
2.103270e-001 1.663489e-001 1.122335e-001 1.007353e-001 1.307355e-002 
2.096980e-001 1.666489e-001 1.124446e-001 1.007717e-001 1.308985e-002 
2.090713e-001 1.669467e-001 1.126543e-001 1.008073e-001 1.310602e-002 
2.084469e-001 1.672422e-001 1.128625e-001 1.008421e-001 1.312208e-002 
2.078248e-001 1.675355e-001 1.130692e-001 1.008761e-001 1.313802e-002 
2.072049e-001 1.678266e-001 1.132745e-001 1.009093e-001 1.315384e-002 
2.065873e-001 1.681155e-001 1.134784e-001 1.009417e-001 1.316955e-002 
2.059719e-001 1.684021e-001 1.136809e-001 1.009733e-001 1.318515e-002 
2.053589e-001 1.686866e-001 1.138820e-001 1.010042e-001 1.320064e-002 
2.047480e-001 1.689689e-001 1.140817e-001 1.010344e-001 1.321601e-002 
2.041394e-001 1.692491e-001 1.142800e-001 1.010638e-001 1.323128e-002 
2.035331e-001 1.695272e-001 1.144769e-001 1.010925e-001 1.324644e-002 
2.029289e-001 1.698031e-001 1.146725e-001 1.011205e-001 1.326149e-002 
2.023270e-001 1.700769e-001 1.148667e-001 1.011477e-001 1.327643e-002 
2.017274e-001 1.703486e-001 1.150595e-001 1.011743e-001 1.329127e-002 
2.011299e-001 1.706183e-001 1.152511e-001 1.012003e-001 1.330601e-002 
2.005347e-001 1.708859e-001 1.154413e-001 1.012255e-001 1.332065e-002 
1.999417e-001 1.711514e-001 1.156302e-001 1.012501e-001 1.333518e-002 
1.993509e-001 1.714150e-001 1.158177e-001 1.012741e-001 1.334961e-002 
1.987623e-001 1.716765e-001 1.160040e-001 1.012974e-001 1.336394e-002 
1.981758e-001 1.719360e-001 1.161890e-001 1.013201e-001 1.337818e-002 
1.975916e-001 1.721935e-001 1.163727e-001 1.013422e-001 1.339232e-002 
1.970096e-001 1.724490e-001 1.165552e-001 1.013637e-001 1.340636e-002 
1.964298e-001 1.727026e-001 1.167364e-001 1.013846e-001 1.342030e-002 
1.958521e-001 1.729542e-001 1.169163e-001 1.014049e-001 1.343416e-002 
1.952767e-001 1.732038e-001 1.170950e-001 1.014246e-001 1.344792e-002 
1.947034e-001 1.734516e-001 1.172724e-001 1.014437e-001 1.346158e-002 
1.941323e-001 1.736974e-001 1.174487e-001 1.014623e-001 1.347516e-002 
1.935633e-001 1.739414e-001 1.176237e-001 1.014804e-001 1.348864e-002 
1.929965e-001 1.741834e-001 1.177974e-001 1.014979e-001 1.350204e-002 
1.924319e-001 1.744236e-001 1.179700e-001 1.015149e-001 1.351535e-002 
1.918694e-001 1.746619e-001 1.181414e-001 1.015313e-001 1.352857e-002 
1.913091e-001 1.748984e-001 1.183117e-001 1.015472e-001 1.354171e-002 
1.907509e-001 1.751331e-001 1.184807e-001 1.015627e-001 1.355475e-002 
1.901949e-001 1.753659e-001 1.186486e-001 1.015776e-001 1.356772e-002 
1.896410e-001 1.755969e-001 1.188153e-001 1.015920e-001 1.358060e-002 
1.890892e-001 1.758261e-001 1.189808e-001 1.016060e-001 1.359340e-002 
1.885396e-001 1.760535e-001 1.191452e-001 1.016195e-001 1.360612e-002 
1.879921e-001 1.762792e-001 1.193085e-001 1.016325e-001 1.361875e-002 
1.874467e-001 1.765031e-001 1.194707e-001 1.016450e-001 1.363131e-002 
1.869034e-001 1.767253e-001 1.196317e-001 1.016571e-001 1.364378e-002 
1.863623e-001 1.769457e-001 1.197916e-001 1.016687e-001 1.365618e-002 
1.858233e-001 1.771644e-001 1.199504e-001 1.016799e-001 1.366850e-002 
1.852864e-001 1.773813e-001 1.201081e-001 1.016907e-001 1.368075e-002 
1.847516e-001 1.775966e-001 1.202648e-001 1.017010e-001 1.369291e-002 
1.842189e-001 1.778102e-001 1.204203e-001 1.017110e-001 1.370501e-002 
1.836883e-001 1.780221e-001 1.205748e-001 1.017205e-001 1.371703e-002 
1.831598e-001 1.782324e-001 1.207282e-001 1.017296e-001 1.372897e-002 
1.826334e-001 1.784410e-001 1.208805e-001 1.017383e-001 1.374084e-002 
1.821091e-001 1.786479e-001 1.210318e-001 1.017466e-001 1.375264e-002 
1.815869e-001 1.788533e-001 1.211821e-001 1.017545e-001 1.376437e-002 
1.810667e-001 1.790570e-001 1.213313e-001 1.017621e-001 1.377603e-002 
1.805487e-001 1.792590e-001 1.214795e-001 1.017692e-001 1.378762e-002 
1.800327e-001 1.794595e-001 1.216266e-001 1.017760e-001 1.379914e-002 
1.795188e-001 1.796584e-001 1.217728e-001 1.017825e-001 1.381060e-002 
1.790070e-001 1.798558e-001 1.219179e-001 1.017885e-001 1.382198e-002 
1.784972e-001 1.800515e-001 1.220621e-001 1.017943e-001 1.383330e-002 
1.779896e-001 1.802457e-001 1.222052e-001 1.017996e-001 1.384455e-002 
1.774839e-001 1.804384e-001 1.223474e-001 1.018047e-001 1.385574e-002 
1.769804e-001 1.806295e-001 1.224885e-001 1.018094e-001 1.386686e-002 
1.764789e-001 1.808191e-001 1.226288e-001 1.018138e-001 1.387792e-002 
1.759794e-001 1.810072e-001 1.227680e-001 1.018178e-001 1.388892e-002 
1.754820e-001 1.811938e-001 1.229063e-001 1.018215e-001 1.389985e-002 
1.749867e-001 1.813789e-001 1.230436e-001 1.018249e-001 1.391072e-002 
1.744934e-001 1.815625e-001 1.231800e-001 1.018280e-001 1.392153e-002 
1.740021e-001 1.817447e-001 1.233154e-001 1.018308e-001 1.393228e-002 
1.735129e-001 1.819253e-001 1.234499e-001 1.018333e-001 1.394298e-002 
1.730258e-001 1.821046e-001 1.235835e-001 1.018355e-001 1.395361e-002 
1.725406e-001 1.822824e-001 1.237162e-001 1.018375e-001 1.396418e-002 
1.720575e-001 1.824587e-001 1.238479e-001 1.018391e-001 1.397469e-002 
1.715765e-001 1.826336e-001 1.239788e-001 1.018404e-001 1.398515e-002 
1.710974e-001 1.828072e-001 1.241087e-001 1.018415e-001 1.399555e-002 
1.706204e-001 1.829793e-001 1.242377e-001 1.018423e-001 1.400590e-002 
1.701455e-001 1.831500e-001 1.243659e-001 1.018428e-001 1.401619e-002 
1.696725e-001 1.833193e-001 1.244932e-001 1.018431e-001 1.402642e-002 
1.692016e-001 1.834873e-001 1.246196e-001 1.018431e-001 1.403660e-002 
1.687326e-001 1.836539e-001 1.247451e-001 1.018428e-001 1.404673e-002 
1.682658e-001 1.838192e-001 1.248698e-001 1.018423e-001 1.405680e-002 
1.678009e-001 1.839830e-001 1.249936e-001 1.018416e-001 1.406682e-002 
1.673380e-001 1.841456e-001 1.251165e-001 1.018406e-001 1.407679e-002 
1.668771e-001 1.843068e-001 1.252386e-001 1.018393e-001 1.408671e-002 
1.664183e-001 1.844668e-001 1.253599e-001 1.018378e-001 1.409658e-002 
1.659615e-001 1.846254e-001 1.254804e-001 1.018361e-001 1.410640e-002 
1.655066e-001 1.847827e-001 1.256000e-001 1.018342e-001 1.411616e-002 
1.650538e-001 1.849387e-001 1.257188e-001 1.018320e-001 1.412588e-002 
1.646029e-001 1.850934e-001 1.258367e-001 1.018297e-001 1.413555e-002 
1.641541e-001 1.852469e-001 1.259539e-001 1.018271e-001 1.414517e-002 
1.637073e-001 1.853991e-001 1.260702e-001 1.018242e-001 1.415475e-002 
1.632624e-001 1.855500e-001 1.261858e-001 1.018212e-001 1.416427e-002 
1.628196e-001 1.856997e-001 1.263006e-001 1.018180e-001 1.417375e-002 
1.623788e-001 1.858481e-001 1.264145e-001 1.018146e-001 1.418319e-002 
1.619399e-001 1.859953e-001 1.265277e-001 1.018109e-001 1.419258e-002 
1.615030e-001 1.861413e-001 1.266402e-001 1.018071e-001 1.420192e-002 
1.610681e-001 1.862861e-001 1.267518e-001 1.018030e-001 1.421122e-002 
1.606353e-001 1.864297e-001 1.268627e-001 1.017988e-001 1.422047e-002 
1.602044e-001 1.865720e-001 1.269728e-001 1.017944e-001 1.422968e-002 
1.597754e-001 1.867132e-001 1.270822e-001 1.017898e-001 1.423885e-002 
1.593485e-001 1.868532e-001 1.271908e-001 1.017850e-001 1.424798e-002 
1.589235e-001 1.869921e-001 1.272986e-001 1.017801e-001 1.425706e-002 
1.585006e-001 1.871297e-001 1.274058e-001 1.017749e-001 1.426610e-002 
1.580796e-001 1.872662e-001 1.275121e-001 1.017696e-001 1.427510e-002 
1.576606e-001 1.874016e-001 1.276178e-001 1.017641e-001 1.428406e-002 
1.572435e-001 1.875358e-001 1.277227e-001 1.017585e-001 1.429298e-002 
1.568285e-001 1.876689e-001 1.278270e-001 1.017527e-001 1.430186e-002 
1.564154e-001 1.878008e-001 1.279305e-001 1.017467e-001 1.431070e-002 
1.560043e-001 1.879317e-001 1.280333e-001 1.017406e-001 1.431950e-002 
1.555951e-001 1.880614e-001 1.281354e-001 1.017343e-001 1.432827e-002 
1.551880e-001 1.881900e-001 1.282367e-001 1.017278e-001 1.433699e-002 
1.547828e-001 1.883176e-001 1.283374e-001 1.017212e-001 1.434568e-002 
1.543795e-001 1.884440e-001 1.284374e-001 1.017144e-001 1.435433e-002 
1.539783e-001 1.885694e-001 1.285368e-001 1.017075e-001 1.436294e-002 
1.535790e-001 1.886936e-001 1.286354e-001 1.017005e-001 1.437151e-002 
1.531817e-001 1.888169e-001 1.287334e-001 1.016933e-001 1.438005e-002 
1.527864e-001 1.889390e-001 1.288307e-001 1.016859e-001 1.438856e-002 
1.523930e-001 1.890601e-001 1.289273e-001 1.016785e-001 1.439703e-002 
1.520016e-001 1.891802e-001 1.290233e-001 1.016708e-001 1.440546e-002 
1.516122e-001 1.892992e-001 1.291186e-001 1.016631e-001 1.441386e-002 
1.512247e-001 1.894172e-001 1.292132e-001 1.016552e-001 1.442222e-002 
1.508392e-001 1.895342e-001 1.293073e-001 1.016472e-001 1.443055e-002 
1.504557e-001 1.896502e-001 1.294006e-001 1.016391e-001 1.443885e-002 
1.500741e-001 1.897651e-001 1.294934e-001 1.016308e-001 1.444711e-002 
1.496945e-001 1.898791e-001 1.295855e-001 1.016224e-001 1.445535e-002 
1.493169e-001 1.899921e-001 1.296769e-001 1.016139e-001 1.446355e-002 
1.489412e-001 1.901040e-001 1.297678e-001 1.016053e-001 1.447171e-002 
1.485675e-001 1.902150e-001 1.298580e-001 1.015965e-001 1.447985e-002 
1.481958e-001 1.903250e-001 1.299476e-001 1.015877e-001 1.448795e-002 
1.478260e-001 1.904341e-001 1.300366e-001 1.015787e-001 1.449603e-002 
1.474582e-001 1.905422e-001 1.301250e-001 1.015696e-001 1.450407e-002 
1.470924e-001 1.906493e-001 1.302128e-001 1.015604e-001 1.451208e-002 
1.467285e-001 1.907555e-001 1.302999e-001 1.015511e-001 1.452006e-002 
1.463666e-001 1.908607e-001 1.303865e-001 1.015416e-001 1.452802e-002 
1.460067e-001 1.909650e-001 1.304725e-001 1.015321e-001 1.453594e-002 
1.456487e-001 1.910684e-001 1.305579e-001 1.015225e-001 1.454384e-002 
1.452927e-001 1.911709e-001 1.306428e-001 1.015128e-001 1.455170e-002 
1.449387e-001 1.912724e-001 1.307270e-001 1.015029e-001 1.455954e-002 
1.445867e-001 1.913730e-001 1.308107e-001 1.014930e-001 1.456735e-002 
1.442366e-001 1.914728e-001 1.308938e-001 1.014830e-001 1.457513e-002 
1.438885e-001 1.915716e-001 1.309764e-001 1.014728e-001 1.458289e-002 
1.435423e-001 1.916695e-001 1.310583e-001 1.014626e-001 1.459061e-002 
1.431982e-001 1.917666e-001 1.311397e-001 1.014523e-001 1.459832e-002 
1.428560e-001 1.918628e-001 1.312206e-001 1.014419e-001 1.460599e-002 
1.425157e-001 1.919581e-001 1.313009e-001 1.014314e-001 1.461364e-002 
1.421775e-001 1.920525e-001 1.313807e-001 1.014208e-001 1.462126e-002 
1.418412e-001 1.921461e-001 1.314599e-001 1.014102e-001 1.462886e-002 
1.415069e-001 1.922388e-001 1.315386e-001 1.013994e-001 1.463643e-002 
1.411746e-001 1.923307e-001 1.316167e-001 1.013886e-001 1.464398e-002 
1.408443e-001 1.924217e-001 1.316944e-001 1.013776e-001 1.465150e-002 
1.405159e-001 1.925119e-001 1.317715e-001 1.013666e-001 1.465900e-002 
1.401896e-001 1.926013e-001 1.318480e-001 1.013556e-001 1.466647e-002 
1.398652e-001 1.926898e-001 1.319241e-001 1.013444e-001 1.467392e-002 
1.395428e-001 1.927775e-001 1.319996e-001 1.013332e-001 1.468135e-002 
1.392223e-001 1.928644e-001 1.320746e-001 1.013218e-001 1.468875e-002 
1.389039e-001 1.929505e-001 1.321491e-001 1.013105e-001 1.469613e-002 
1.385875e-001 1.930358e-001 1.322231e-001 1.012990e-001 1.470349e-002 
1.382730e-001 1.931203e-001 1.322966e-001 1.012875e-001 1.471082e-002 
1.379606e-001 1.932040e-001 1.323696e-001 1.012759e-001 1.471813e-002 
1.376501e-001 1.932869e-001 1.324421e-001 1.012642e-001 1.472542e-002 
1.373416e-001 1.933690e-001 1.325141e-001 1.012524e-001 1.473269e-002 
1.370352e-001 1.934503e-001 1.325856e-001 1.012406e-001 1.473994e-002 
1.367307e-001 1.935309e-001 1.326567e-001 1.012287e-001 1.474716e-002 
1.364282e-001 1.936107e-001 1.327272e-001 1.012168e-001 1.475437e-002 
1.361278e-001 1.936898e-001 1.327973e-001 1.012048e-001 1.476155e-002 
1.358293e-001 1.937681e-001 1.328669e-001 1.011927e-001 1.476871e-002 
1.355329e-001 1.938456e-001 1.329360e-001 1.011806e-001 1.477585e-002 
1.352384e-001 1.939224e-001 1.330047e-001 1.011684e-001 1.478298e-002 
1.349460e-001 1.939985e-001 1.330729e-001 1.011561e-001 1.479008e-002 
1.346556e-001 1.940738e-001 1.331406e-001 1.011438e-001 1.479716e-002 
1.343672e-001 1.941484e-001 1.332079e-001 1.011314e-001 1.480422e-002 
1.340808e-001 1.942223e-001 1.332747e-001 1.011190e-001 1.481127e-002 
1.337965e-001 1.942955e-001 1.333410e-001 1.011065e-001 1.481829e-002 
1.335141e-001 1.943679e-001 1.334070e-001 1.010939e-001 1.482530e-002 
1.332338e-001 1.944396e-001 1.334724e-001 1.010813e-001 1.483229e-002 
1.329556e-001 1.945106e-001 1.335374e-001 1.010687e-001 1.483925e-002 
1.326793e-001 1.945810e-001 1.336020e-001 1.010559e-001 1.484621e-002 
1.324051e-001 1.946506e-001 1.336662e-001 1.010432e-001 1.485314e-002 
1.321330e-001 1.947195e-001 1.337299e-001 1.010304e-001 1.486005e-002 
1.318628e-001 1.947878e-001 1.337932e-001 1.010175e-001 1.486695e-002 
1.315948e-001 1.948554e-001 1.338560e-001 1.010046e-001 1.487383e-002 
1.313287e-001 1.949223e-001 1.339185e-001 1.009916e-001 1.488070e-002 
1.310648e-001 1.949885e-001 1.339805e-001 1.009786e-001 1.488754e-002 
1.308028e-001 1.950540e-001 1.340421e-001 1.009655e-001 1.489437e-002 
1.305430e-001 1.951189e-001 1.341033e-001 1.009524e-001 1.490118e-002 
1.302852e-001 1.951832e-001 1.341640e-001 1.009393e-001 1.490798e-002 
1.300294e-001 1.952467e-001 1.342244e-001 1.009261e-001 1.491476e-002 
1.297757e-001 1.953097e-001 1.342843e-001 1.009129e-001 1.492153e-002 
1.295241e-001 1.953720e-001 1.343439e-001 1.008996e-001 1.492828e-002 
1.292746e-001 1.954336e-001 1.344030e-001 1.008862e-001 1.493501e-002 
1.290272e-001 1.954946e-001 1.344617e-001 1.008729e-001 1.494173e-002 
1.287818e-001 1.955550e-001 1.345201e-001 1.008595e-001 1.494843e-002 
1.285385e-001 1.956148e-001 1.345780e-001 1.008460e-001 1.495512e-002 
1.282973e-001 1.956739e-001 1.346356e-001 1.008325e-001 1.496179e-002 
1.280583e-001 1.957324e-001 1.346928e-001 1.008190e-001 1.496845e-002 
1.278213e-001 1.957903e-001 1.347496e-001 1.008054e-001 1.497509e-002 
1.275864e-001 1.958476e-001 1.348060e-001 1.007918e-001 1.498172e-002 
1.273536e-001 1.959043e-001 1.348620e-001 1.007782e-001 1.498833e-002 
1.271229e-001 1.959604e-001 1.349177e-001 1.007645e-001 1.499494e-002 
1.268944e-001 1.960158e-001 1.349729e-001 1.007508e-001 1.500152e-002 
1.266679e-001 1.960707e-001 1.350279e-001 1.007370e-001 1.500810e-002 
1.264436e-001 1.961250e-001 1.350824e-001 1.007232e-001 1.501466e-002 
1.262214e-001 1.961788e-001 1.351366e-001 1.007094e-001 1.502120e-002 
1.260014e-001 1.962319e-001 1.351904e-001 1.006956e-001 1.502774e-002 
1.257835e-001 1.962844e-001 1.352438e-001 1.006817e-001 1.503426e-002 
1.255677e-001 1.963364e-001 1.352969e-001 1.006678e-001 1.504076e-002 
1.253541e-001 1.963879e-001 1.353496e-001 1.006538e-001 1.504726e-002 
1.251426e-001 1.964387e-001 1.354020e-001 1.006398e-001 1.505374e-002 
1.249333e-001 1.964890e-001 1.354540e-001 1.006258e-001 1.506021e-002 
1.247262e-001 1.965387e-001 1.355057e-001 1.006118e-001 1.506667e-002 
1.245212e-001 1.965879e-001 1.355571e-001 1.005977e-001 1.507311e-002 
1.243184e-001 1.966365e-001 1.356080e-001 1.005836e-001 1.507954e-002 
1.241178e-001 1.966846e-001 1.356587e-001 1.005695e-001 1.508597e-002 
1.239194e-001 1.967322e-001 1.357090e-001 1.005553e-001 1.509237e-002 
1.237232e-001 1.967792e-001 1.357590e-001 1.005411e-001 1.509877e-002 
1.235291e-001 1.968256e-001 1.358086e-001 1.005269e-001 1.510516e-002 
1.233373e-001 1.968716e-001 1.358579e-001 1.005126e-001 1.511153e-002 
1.231477e-001 1.969170e-001 1.359069e-001 1.004984e-001 1.511790e-002 
1.229603e-001 1.969619e-001 1.359555e-001 1.004841e-001 1.512425e-002 
1.227751e-001 1.970062e-001 1.360038e-001 1.004697e-001 1.513059e-002 
1.225921e-001 1.970501e-001 1.360518e-001 1.004554e-001 1.513693e-002 
1.224114e-001 1.970934e-001 1.360995e-001 1.004410e-001 1.514325e-002 
1.222329e-001 1.971362e-001 1.361469e-001 1.004266e-001 1.514956e-002 
1.220566e-001 1.971785e-001 1.361939e-001 1.004122e-001 1.515586e-002 
1.218826e-001 1.972204e-001 1.362407e-001 1.003978e-001 1.516215e-002 
1.217109e-001 1.972617e-001 1.362871e-001 1.003833e-001 1.516843e-002 
1.215414e-001 1.973025e-001 1.363332e-001 1.003688e-001 1.517470e-002 
1.213742e-001 1.973428e-001 1.363790e-001 1.003543e-001 1.518096e-002 
1.212093e-001 1.973827e-001 1.364245e-001 1.003398e-001 1.518721e-002 
1.210466e-001 1.974220e-001 1.364697e-001 1.003252e-001 1.519345e-002 
1.208863e-001 1.974609e-001 1.365146e-001 1.003106e-001 1.519968e-002 
1.207282e-001 1.974993e-001 1.365592e-001 1.002960e-001 1.520590e-002 
1.205725e-001 1.975372e-001 1.366035e-001 1.002814e-001 1.521211e-002 
1.204190e-001 1.975746e-001 1.366475e-001 1.002668e-001 1.521832e-002 
1.202679e-001 1.976116e-001 1.366912e-001 1.002521e-001 1.522451e-002 
1.201191e-001 1.976481e-001 1.367346e-001 1.002374e-001 1.523069e-002 
1.199727e-001 1.976842e-001 1.367777e-001 1.002227e-001 1.523687e-002 
1.198286e-001 1.977198e-001 1.368206e-001 1.002080e-001 1.524304e-002 
1.196868e-001 1.977549e-001 1.368631e-001 1.001933e-001 1.524920e-002 
1.195474e-001 1.977896e-001 1.369054e-001 1.001785e-001 1.525535e-002 
1.194104e-001 1.978238e-001 1.369474e-001 1.001638e-001 1.526149e-002 
1.192758e-001 1.978576e-001 1.369891e-001 1.001490e-001 1.526763e-002 
1.191435e-001 1.978909e-001 1.370306e-001 1.001342e-001 1.527375e-002 
1.190136e-001 1.979238e-001 1.370717e-001 1.001194e-001 1.527987e-002 
1.188861e-001 1.979563e-001 1.371126e-001 1.001045e-001 1.528598e-002 
1.187611e-001 1.979883e-001 1.371532e-001 1.000897e-001 1.529208e-002 
1.186384e-001 1.980199e-001 1.371936e-001 1.000748e-001 1.529818e-002 
1.185182e-001 1.980511e-001 1.372337e-001 1.000599e-001 1.530426e-002 
1.184004e-001 1.980818e-001 1.372735e-001 1.000450e-001 1.531034e-002 
1.182850e-001 1.981121e-001 1.373131e-001 1.000301e-001 1.531642e-002 
1.181721e-001 1.981420e-001 1.373524e-001 1.000152e-001 1.532248e-002 
1.180617e-001 1.981715e-001 1.373914e-001 1.000002e-001 1.532854e-002 
1.179537e-001 1.982005e-001 1.374302e-001 9.998529e-002 1.533459e-002 
1.178482e-001 1.982292e-001 1.374687e-001 9.997032e-002 1.534063e-002 
1.177452e-001 1.982574e-001 1.375070e-001 9.995534e-002 1.534667e-002 
1.176447e-001 1.982853e-001 1.375450e-001 9.994034e-002 1.535270e-002 
1.175467e-001 1.983127e-001 1.375828e-001 9.992533e-002 1.535872e-002 
1.174512e-001 1.983398e-001 1.376203e-001 9.991031e-002 1.536474e-002 
1.173583e-001 1.983664e-001 1.376576e-001 9.989527e-002 1.537074e-002 
1.172679e-001 1.983926e-001 1.376946e-001 9.988022e-002 1.537675e-002 
1.171800e-001 1.984185e-001 1.377314e-001 9.986516e-002 1.538274e-002 
1.170947e-001 1.984440e-001 1.377679e-001 9.985009e-002 1.538873e-002 
1.170120e-001 1.984690e-001 1.378042e-001 9.983500e-002 1.539472e-002 
1.169318e-001 1.984937e-001 1.378403e-001 9.981991e-002 1.540070e-002 
1.168542e-001 1.985180e-001 1.378761e-001 9.980480e-002 1.540667e-002 
1.167792e-001 1.985420e-001 1.379117e-001 9.978968e-002 1.541263e-002 
1.167069e-001 1.985655e-001 1.379470e-001 9.977455e-002 1.541859e-002 
1.166371e-001 1.985887e-001 1.379821e-001 9.975941e-002 1.542455e-002 
1.165700e-001 1.986115e-001 1.380170e-001 9.974426e-002 1.543049e-002 
1.165055e-001 1.986340e-001 1.380517e-001 9.972910e-002 1.543644e-002 
1.164437e-001 1.986561e-001 1.380861e-001 9.971393e-002 1.544237e-002 
1.163845e-001 1.986778e-001 1.381204e-001 9.969875e-002 1.544830e-002 
1.163281e-001 1.986991e-001 1.381543e-001 9.968356e-002 1.545423e-002 
1.162743e-001 1.987201e-001 1.381881e-001 9.966836e-002 1.546015e-002 
1.162232e-001 1.987408e-001 1.382216e-001 9.965315e-002 1.546607e-002 
1.161748e-001 1.987611e-001 1.382550e-001 9.963793e-002 1.547198e-002 
1.161291e-001 1.987810e-001 1.382881e-001 9.962271e-002 1.547788e-002 
1.160862e-001 1.988006e-001 1.383210e-001 9.960747e-002 1.548378e-002 
1.160461e-001 1.988199e-001 1.383536e-001 9.959223e-002 1.548968e-002 
1.160086e-001 1.988388e-001 1.383861e-001 9.957697e-002 1.549557e-002 
1.159740e-001 1.988573e-001 1.384184e-001 9.956171e-002 1.550145e-002 
1.159421e-001 1.988756e-001 1.384504e-001 9.954645e-002 1.550733e-002 
1.159131e-001 1.988934e-001 1.384822e-001 9.953117e-002 1.551321e-002 
1.158868e-001 1.989110e-001 1.385139e-001 9.951589e-002 1.551908e-002 
1.158634e-001 1.989282e-001 1.385453e-001 9.950059e-002 1.552494e-002 
1.158428e-001 1.989451e-001 1.385765e-001 9.948529e-002 1.553080e-002 
1.158251e-001 1.989617e-001 1.386075e-001 9.946999e-002 1.553666e-002 
1.158102e-001 1.989779e-001 1.386383e-001 9.945468e-002 1.554252e-002 
1.157982e-001 1.989938e-001 1.386689e-001 9.943936e-002 1.554836e-002 
1.157891e-001 1.990094e-001 1.386993e-001 9.942403e-002 1.555421e-002 
1.157829e-001 1.990247e-001 1.387295e-001 9.940869e-002 1.556005e-002 
1.157797e-001 1.990397e-001 1.387596e-001 9.939335e-002 1.556588e-002 
1.157793e-001 1.990543e-001 1.387894e-001 9.937801e-002 1.557172e-002 
1.157819e-001 1.990687e-001 1.388190e-001 9.936266e-002 1.557754e-002 
1.157875e-001 1.990827e-001 1.388485e-001 9.934730e-002 1.558337e-002 
1.157960e-001 1.990964e-001 1.388777e-001 9.933193e-002 1.558919e-002 
1.158076e-001 1.991098e-001 1.389068e-001 9.931656e-002 1.559501e-002 
1.158221e-001 1.991229e-001 1.389356e-001 9.930119e-002 1.560082e-002 
1.158396e-001 1.991357e-001 1.389643e-001 9.928581e-002 1.560663e-002 
1.158602e-001 1.991483e-001 1.389928e-001 9.927042e-002 1.561243e-002 
1.158839e-001 1.991605e-001 1.390211e-001 9.925503e-002 1.561823e-002 
1.159106e-001 1.991724e-001 1.390493e-001 9.923963e-002 1.562403e-002 
1.159404e-001 1.991840e-001 1.390772e-001 9.922423e-002 1.562983e-002 
1.159733e-001 1.991954e-001 1.391050e-001 9.920882e-002 1.563562e-002 
1.160093e-001 1.992064e-001 1.391326e-001 9.919341e-002 1.564141e-002 
1.160484e-001 1.992172e-001 1.391600e-001 9.917799e-002 1.564719e-002 
1.160907e-001 1.992277e-001 1.391872e-001 9.916257e-002 1.565297e-002 
1.161361e-001 1.992379e-001 1.392143e-001 9.914714e-002 1.565875e-002 
1.161847e-001 1.992478e-001 1.392412e-001 9.913171e-002 1.566453e-002 
1.162366e-001 1.992574e-001 1.392679e-001 9.911628e-002 1.567030e-002 
1.162916e-001 1.992668e-001 1.392944e-001 9.910084e-002 1.567607e-002 
1.163498e-001 1.992758e-001 1.393208e-001 9.908540e-002 1.568183e-002 
1.164113e-001 1.992847e-001 1.393470e-001 9.906995e-002 1.568760e-002 
1.164761e-001 1.992932e-001 1.393730e-001 9.905450e-002 1.569336e-002 
1.165442e-001 1.993015e-001 1.393989e-001 9.903905e-002 1.569912e-002 
1.166155e-001 1.993095e-001 1.394246e-001 9.902359e-002 1.570487e-002 
1.166902e-001 1.993172e-001 1.394501e-001 9.900813e-002 1.571062e-002 
1.167682e-001 1.993247e-001 1.394755e-001 9.899266e-002 1.571637e-002 
1.168495e-001 1.993319e-001 1.395007e-001 9.897720e-002 1.572212e-002 
1.169343e-001 1.993389e-001 1.395258e-001 9.896172e-002 1.572786e-002 
1.170224e-001 1.993456e-001 1.395507e-001 9.894625e-002 1.573360e-002 
1.171139e-001 1.993520e-001 1.395754e-001 9.893077e-002 1.573934e-002 
1.172088e-001 1.993582e-001 1.396000e-001 9.891529e-002 1.574508e-002 
1.173072e-001 1.993641e-001 1.396244e-001 9.889981e-002 1.575081e-002 
1.174091e-001 1.993698e-001 1.396487e-001 9.888432e-002 1.575654e-002 
1.175145e-001 1.993752e-001 1.396728e-001 9.886883e-002 1.576227e-002 
1.176233e-001 1.993804e-001 1.396967e-001 9.885334e-002 1.576800e-002 
1.177357e-001 1.993853e-001 1.397206e-001 9.883785e-002 1.577373e-002 
1.178516e-001 1.993900e-001 1.397442e-001 9.882235e-002 1.577945e-002 
1.179711e-001 1.993945e-001 1.397677e-001 9.880685e-002 1.578517e-002 
1.180942e-001 1.993987e-001 1.397911e-001 9.879135e-002 1.579089e-002 
1.182209e-001 1.994027e-001 1.398143e-001 9.877585e-002 1.579660e-002 
1.183512e-001 1.994064e-001 1.398373e-001 9.876034e-002 1.580232e-002 
1.184852e-001 1.994099e-001 1.398602e-001 9.874483e-002 1.580803e-002 
1.186228e-001 1.994132e-001 1.398830e-001 9.872932e-002 1.581374e-002 
1.187641e-001 1.994162e-001 1.399056e-001 9.871381e-002 1.581945e-002 
1.189091e-001 1.994190e-001 1.399281e-001 9.869830e-002 1.582516e-002 
1.190579e-001 1.994216e-001 1.399505e-001 9.868278e-002 1.583086e-002 
1.192104e-001 1.994239e-001 1.399727e-001 9.866726e-002 1.583657e-002 
1.193667e-001 1.994260e-001 1.399947e-001 9.865175e-002 1.584227e-002 
1.195268e-001 1.994279e-001 1.400167e-001 9.863622e-002 1.584797e-002 
1.196907e-001 1.994296e-001 1.400384e-001 9.862070e-002 1.585366e-002 
1.198585e-001 1.994310e-001 1.400601e-001 9.860518e-002 1.585936e-002 
1.200301e-001 1.994323e-001 1.400816e-001 9.858965e-002 1.586506e-002 
1.202057e-001 1.994333e-001 1.401030e-001 9.857413e-002 1.587075e-002 
1.203851e-001 1.994341e-001 1.401242e-001 9.855860e-002 1.587644e-002 
1.205685e-001 1.994346e-001 1.401453e-001 9.854307e-002 1.588213e-002 
1.207558e-001 1.994350e-001 1.401663e-001 9.852754e-002 1.588782e-002 
1.209472e-001 1.994352e-001 1.401871e-001 9.851201e-002 1.589351e-002 
1.211425e-001 1.994351e-001 1.402079e-001 9.849647e-002 1.589919e-002 
1.213419e-001 1.994348e-001 1.402284e-001 9.848094e-002 1.590488e-002 
1.215453e-001 1.994344e-001 1.402489e-001 9.846541e-002 1.591056e-002 
1.217529e-001 1.994337e-001 1.402692e-001 9.844987e-002 1.591624e-002 
1.219645e-001 1.994328e-001 1.402894e-001 9.843433e-002 1.592192e-002 
1.221803e-001 1.994317e-001 1.403095e-001 9.841880e-002 1.592760e-002 
1.224002e-001 1.994304e-001 1.403295e-001 9.840326e-002 1.593328e-002 
1.226243e-001 1.994289e-001 1.403493e-001 9.838772e-002 1.593896e-002 
1.228526e-001 1.994272e-001 1.403690e-001 9.837218e-002 1.594464e-002 
1.230852e-001 1.994253e-001 1.403886e-001 9.835664e-002 1.595031e-002 
1.233220e-001 1.994232e-001 1.404080e-001 9.834110e-002 1.595598e-002 
1.235632e-001 1.994209e-001 1.404274e-001 9.832556e-002 1.596166e-002 
1.238086e-001 1.994185e-001 1.404466e-001 9.831002e-002 1.596733e-002 
1.240584e-001 1.994158e-001 1.404657e-001 9.829448e-002 1.597300e-002 
1.243126e-001 1.994129e-001 1.404847e-001 9.827893e-002 1.597867e-002 
1.245712e-001 1.994099e-001 1.405035e-001 9.826339e-002 1.598434e-002 
1.248342e-001 1.994067e-001 1.405223e-001 9.824785e-002 1.599001e-002 
1.251016e-001 1.994032e-001 1.405409e-001 9.823231e-002 1.599568e-002 
1.253736e-001 1.993996e-001 1.405594e-001 9.821676e-002 1.600134e-002 
1.256500e-001 1.993958e-001 1.405778e-001 9.820122e-002 1.600701e-002 
1.259310e-001 1.993918e-001 1.405961e-001 9.818568e-002 1.601267e-002 
1.262166e-001 1.993877e-001 1.406143e-001 9.817013e-002 1.601834e-002 
1.265068e-001 1.993833e-001 1.406324e-001 9.815459e-002 1.602400e-002 
1.268016e-001 1.993788e-001 1.406503e-001 9.813904e-002 1.602966e-002 
1.271011e-001 1.993741e-001 1.406682e-001 9.812350e-002 1.603533e-002 
1.274053e-001 1.993692e-001 1.406859e-001 9.810796e-002 1.604099e-002 
1.277142e-001 1.993642e-001 1.407035e-001 9.809241e-002 1.604665e-002 
1.280278e-001 1.993590e-001 1.407211e-001 9.807687e-002 1.605231e-002 
1.283463e-001 1.993536e-001 1.407385e-001 9.806133e-002 1.605797e-002 
1.286695e-001 1.993480e-001 1.407558e-001 9.804578e-002 1.606363e-002 
1.289976e-001 1.993422e-001 1.407730e-001 9.803024e-002 1.606929e-002 
1.293306e-001 1.993363e-001 1.407901e-001 9.801470e-002 1.607495e-002 
1.296685e-001 1.993303e-001 1.408071e-001 9.799916e-002 1.608061e-002 
1.300114e-001 1.993240e-001 1.408239e-001 9.798362e-002 1.608626e-002 
1.303592e-001 1.993176e-001 1.408407e-001 9.796808e-002 1.609192e-002 
1.307120e-001 1.993110e-001 1.408574e-001 9.795253e-002 1.609758e-002 
1.310699e-001 1.993043e-001 1.408740e-001 9.793699e-002 1.610323e-002 
1.314329e-001 1.992974e-001 1.408905e-001 9.792145e-002 1.610889e-002 
1.318010e-001 1.992903e-001 1.409069e-001 9.790592e-002 1.611455e-002 
