5.303772e-001 1.427635e-002 9.503123e-003 1.186976e-002 2.389565e-003 
5.275405e-001 1.531993e-002 1.023893e-002 1.290843e-002 2.458184e-003 
5.247222e-001 1.635875e-002 1.097081e-002 1.393614e-002 2.526241e-003 
5.219222e-001 1.739283e-002 1.169879e-002 1.495300e-002 2.593741e-003 
5.191404e-001 1.842220e-002 1.242288e-002 1.595912e-002 2.660691e-003 
5.163767e-001 1.944688e-002 1.314311e-002 1.695461e-002 2.727095e-003 
5.136309e-001 2.046687e-002 1.385951e-002 1.793958e-002 2.792958e-003 
5.109029e-001 2.148220e-002 1.457208e-002 1.891413e-002 2.858286e-003 
5.081926e-001 2.249288e-002 1.528085e-002 1.987836e-002 2.923084e-003 
5.055000e-001 2.349894e-002 1.598585e-002 2.083240e-002 2.987357e-003 
5.028248e-001 2.450039e-002 1.668708e-002 2.177633e-002 3.051111e-003 
5.001670e-001 2.549725e-002 1.738458e-002 2.271026e-002 3.114350e-003 
4.975265e-001 2.648954e-002 1.807836e-002 2.363428e-002 3.177080e-003 
4.949032e-001 2.747727e-002 1.876843e-002 2.454851e-002 3.239304e-003 
4.922969e-001 2.846046e-002 1.945483e-002 2.545305e-002 3.301029e-003 
4.897076e-001 2.943913e-002 2.013757e-002 2.634797e-002 3.362259e-003 
4.871351e-001 3.041330e-002 2.081667e-002 2.723340e-002 3.423000e-003 
4.845793e-001 3.138298e-002 2.149215e-002 2.810942e-002 3.483254e-003 
4.820402e-001 3.234819e-002 2.216402e-002 2.897612e-002 3.543029e-003 
4.795175e-001 3.330895e-002 2.283232e-002 2.983361e-002 3.602327e-003 
4.770113e-001 3.426528e-002 2.349705e-002 3.068197e-002 3.661154e-003 
4.745214e-001 3.521718e-002 2.415824e-002 3.152130e-002 3.719515e-003 
4.720477e-001 3.616469e-002 2.481590e-002 3.235169e-002 3.777414e-003 
4.695901e-001 3.710782e-002 2.547006e-002 3.317323e-002 3.834855e-003 
4.671485e-001 3.804657e-002 2.612073e-002 3.398601e-002 3.891843e-003 
4.647228e-001 3.898098e-002 2.676793e-002 3.479011e-002 3.948383e-003 
4.623129e-001 3.991105e-002 2.741168e-002 3.558564e-002 4.004478e-003 
4.599187e-001 4.083681e-002 2.805200e-002 3.637267e-002 4.060133e-003 
4.575400e-001 4.175827e-002 2.868891e-002 3.715128e-002 4.115353e-003 
4.551769e-001 4.267544e-002 2.932242e-002 3.792157e-002 4.170141e-003 
4.528292e-001 4.358835e-002 2.995256e-002 3.868362e-002 4.224502e-003 
4.504968e-001 4.449701e-002 3.057934e-002 3.943752e-002 4.278441e-003 
4.481796e-001 4.540143e-002 3.120277e-002 4.018334e-002 4.331960e-003 
4.458775e-001 4.630163e-002 3.182289e-002 4.092116e-002 4.385065e-003 
4.435904e-001 4.719764e-002 3.243969e-002 4.165108e-002 4.437759e-003 
4.413182e-001 4.808945e-002 3.305322e-002 4.237316e-002 4.490046e-003 
4.390608e-001 4.897710e-002 3.366347e-002 4.308749e-002 4.541931e-003 
4.368182e-001 4.986060e-002 3.427047e-002 4.379415e-002 4.593418e-003 
4.345902e-001 5.073996e-002 3.487423e-002 4.449321e-002 4.644509e-003 
4.323767e-001 5.161519e-002 3.547478e-002 4.518475e-002 4.695209e-003 
4.301777e-001 5.248633e-002 3.607213e-002 4.586886e-002 4.745523e-003 
4.279931e-001 5.335337e-002 3.666629e-002 4.654559e-002 4.795453e-003 
4.258227e-001 5.421634e-002 3.725729e-002 4.721503e-002 4.845003e-003 
4.236664e-001 5.507525e-002 3.784513e-002 4.787725e-002 4.894178e-003 
4.215243e-001 5.593012e-002 3.842985e-002 4.853233e-002 4.942981e-003 
4.193962e-001 5.678096e-002 3.901145e-002 4.918034e-002 4.991415e-003 
4.172819e-001 5.762779e-002 3.958995e-002 4.982134e-002 5.039485e-003 
4.151815e-001 5.847063e-002 4.016537e-002 5.045542e-002 5.087193e-003 
4.130948e-001 5.930948e-002 4.073772e-002 5.108263e-002 5.134543e-003 
4.110218e-001 6.014437e-002 4.130703e-002 5.170306e-002 5.181540e-003 
4.089623e-001 6.097531e-002 4.187330e-002 5.231676e-002 5.228185e-003 
4.069163e-001 6.180232e-002 4.243655e-002 5.292381e-002 5.274484e-003 
4.048836e-001 6.262541e-002 4.299681e-002 5.352428e-002 5.320438e-003 
4.028643e-001 6.344459e-002 4.355407e-002 5.411822e-002 5.366052e-003 
4.008582e-001 6.425989e-002 4.410837e-002 5.470572e-002 5.411329e-003 
3.988652e-001 6.507131e-002 4.465972e-002 5.528682e-002 5.456273e-003 
3.968852e-001 6.587887e-002 4.520813e-002 5.586161e-002 5.500886e-003 
3.949182e-001 6.668259e-002 4.575362e-002 5.643013e-002 5.545171e-003 
3.929641e-001 6.748248e-002 4.629620e-002 5.699246e-002 5.589133e-003 
3.910228e-001 6.827855e-002 4.683589e-002 5.754866e-002 5.632774e-003 
3.890942e-001 6.907083e-002 4.737271e-002 5.809879e-002 5.676097e-003 
3.871783e-001 6.985932e-002 4.790667e-002 5.864291e-002 5.719106e-003 
3.852749e-001 7.064404e-002 4.843779e-002 5.918108e-002 5.761803e-003 
3.833840e-001 7.142500e-002 4.896607e-002 5.971337e-002 5.804192e-003 
3.815055e-001 7.220223e-002 4.949154e-002 6.023983e-002 5.846276e-003 
3.796393e-001 7.297572e-002 5.001422e-002 6.076052e-002 5.888057e-003 
3.777853e-001 7.374551e-002 5.053411e-002 6.127550e-002 5.929540e-003 
3.759435e-001 7.451160e-002 5.105123e-002 6.178484e-002 5.970726e-003 
3.741138e-001 7.527400e-002 5.156560e-002 6.228857e-002 6.011618e-003 
3.722961e-001 7.603273e-002 5.207722e-002 6.278677e-002 6.052221e-003 
3.704904e-001 7.678781e-002 5.258613e-002 6.327949e-002 6.092535e-003 
3.686965e-001 7.753925e-002 5.309232e-002 6.376678e-002 6.132565e-003 
3.669143e-001 7.828707e-002 5.359582e-002 6.424870e-002 6.172313e-003 
3.651439e-001 7.903127e-002 5.409664e-002 6.472531e-002 6.211782e-003 
3.633851e-001 7.977187e-002 5.459479e-002 6.519665e-002 6.250975e-003 
3.616379e-001 8.050888e-002 5.509029e-002 6.566278e-002 6.289894e-003 
3.599022e-001 8.124233e-002 5.558315e-002 6.612376e-002 6.328542e-003 
3.581778e-001 8.197222e-002 5.607338e-002 6.657964e-002 6.366922e-003 
3.564649e-001 8.269856e-002 5.656101e-002 6.703046e-002 6.405036e-003 
3.547631e-001 8.342138e-002 5.704604e-002 6.747628e-002 6.442888e-003 
3.530726e-001 8.414068e-002 5.752848e-002 6.791715e-002 6.480479e-003 
3.513932e-001 8.485648e-002 5.800836e-002 6.835313e-002 6.517813e-003 
3.497249e-001 8.556879e-002 5.848569e-002 6.878425e-002 6.554892e-003 
3.480675e-001 8.627762e-002 5.896047e-002 6.921057e-002 6.591718e-003 
3.464211e-001 8.698300e-002 5.943273e-002 6.963214e-002 6.628294e-003 
3.447855e-001 8.768492e-002 5.990247e-002 7.004901e-002 6.664622e-003 
3.431607e-001 8.838341e-002 6.036971e-002 7.046122e-002 6.700705e-003 
3.415465e-001 8.907848e-002 6.083447e-002 7.086883e-002 6.736546e-003 
3.399431e-001 8.977014e-002 6.129675e-002 7.127187e-002 6.772146e-003 
3.383502e-001 9.045841e-002 6.175657e-002 7.167040e-002 6.807509e-003 
3.367678e-001 9.114330e-002 6.221394e-002 7.206445e-002 6.842636e-003 
3.351958e-001 9.182481e-002 6.266888e-002 7.245408e-002 6.877530e-003 
3.336342e-001 9.250298e-002 6.312140e-002 7.283934e-002 6.912194e-003 
3.320830e-001 9.317780e-002 6.357151e-002 7.322026e-002 6.946629e-003 
3.305419e-001 9.384929e-002 6.401922e-002 7.359688e-002 6.980838e-003 
3.290111e-001 9.451746e-002 6.446456e-002 7.396927e-002 7.014822e-003 
3.274903e-001 9.518233e-002 6.490752e-002 7.433744e-002 7.048586e-003 
3.259796e-001 9.584391e-002 6.534812e-002 7.470146e-002 7.082130e-003 
3.244789e-001 9.650221e-002 6.578638e-002 7.506135e-002 7.115456e-003 
3.229881e-001 9.715725e-002 6.622231e-002 7.541717e-002 7.148568e-003 
3.215072e-001 9.780903e-002 6.665592e-002 7.576896e-002 7.181466e-003 
3.200360e-001 9.845758e-002 6.708723e-002 7.611674e-002 7.214154e-003 
3.185746e-001 9.910290e-002 6.751623e-002 7.646058e-002 7.246634e-003 
3.171229e-001 9.974500e-002 6.794296e-002 7.680050e-002 7.278907e-003 
3.156807e-001 1.003839e-001 6.836741e-002 7.713655e-002 7.310975e-003 
3.142482e-001 1.010196e-001 6.878961e-002 7.746876e-002 7.342841e-003 
3.128251e-001 1.016522e-001 6.920956e-002 7.779717e-002 7.374507e-003 
3.114114e-001 1.022815e-001 6.962728e-002 7.812183e-002 7.405974e-003 
3.100071e-001 1.029077e-001 7.004277e-002 7.844277e-002 7.437245e-003 
3.086121e-001 1.035308e-001 7.045606e-002 7.876002e-002 7.468322e-003 
3.072264e-001 1.041508e-001 7.086714e-002 7.907364e-002 7.499206e-003 
3.058498e-001 1.047676e-001 7.127604e-002 7.938364e-002 7.529900e-003 
3.044824e-001 1.053813e-001 7.168277e-002 7.969008e-002 7.560405e-003 
3.031240e-001 1.059920e-001 7.208733e-002 7.999298e-002 7.590724e-003 
3.017747e-001 1.065995e-001 7.248974e-002 8.029239e-002 7.620858e-003 
3.004343e-001 1.072040e-001 7.289001e-002 8.058833e-002 7.650809e-003 
2.991029e-001 1.078055e-001 7.328815e-002 8.088084e-002 7.680579e-003 
2.977802e-001 1.084039e-001 7.368417e-002 8.116996e-002 7.710171e-003 
2.964664e-001 1.089992e-001 7.407809e-002 8.145573e-002 7.739584e-003 
2.951613e-001 1.095916e-001 7.446992e-002 8.173817e-002 7.768823e-003 
2.938649e-001 1.101809e-001 7.485966e-002 8.201732e-002 7.797887e-003 
2.925771e-001 1.107673e-001 7.524732e-002 8.229321e-002 7.826780e-003 
2.912979e-001 1.113506e-001 7.563293e-002 8.256588e-002 7.855502e-003 
2.900272e-001 1.119310e-001 7.601649e-002 8.283536e-002 7.884056e-003 
2.887649e-001 1.125084e-001 7.639800e-002 8.310168e-002 7.912443e-003 
2.875111e-001 1.130829e-001 7.677749e-002 8.336487e-002 7.940665e-003 
2.862656e-001 1.136544e-001 7.715496e-002 8.362497e-002 7.968724e-003 
2.850284e-001 1.142230e-001 7.753043e-002 8.388201e-002 7.996621e-003 
2.837995e-001 1.147887e-001 7.790390e-002 8.413601e-002 8.024358e-003 
2.825787e-001 1.153515e-001 7.827538e-002 8.438702e-002 8.051936e-003 
2.813661e-001 1.159114e-001 7.864489e-002 8.463505e-002 8.079358e-003 
2.801616e-001 1.164684e-001 7.901243e-002 8.488014e-002 8.106625e-003 
2.789651e-001 1.170226e-001 7.937802e-002 8.512233e-002 8.133738e-003 
2.777767e-001 1.175739e-001 7.974167e-002 8.536163e-002 8.160698e-003 
2.765961e-001 1.181223e-001 8.010339e-002 8.559808e-002 8.187509e-003 
2.754235e-001 1.186679e-001 8.046318e-002 8.583171e-002 8.214171e-003 
2.742587e-001 1.192107e-001 8.082106e-002 8.606255e-002 8.240685e-003 
2.731016e-001 1.197507e-001 8.117704e-002 8.629062e-002 8.267053e-003 
2.719524e-001 1.202878e-001 8.153113e-002 8.651595e-002 8.293277e-003 
2.708108e-001 1.208222e-001 8.188333e-002 8.673858e-002 8.319358e-003 
2.696768e-001 1.213538e-001 8.223367e-002 8.695852e-002 8.345298e-003 
2.685505e-001 1.218826e-001 8.258214e-002 8.717581e-002 8.371098e-003 
2.674316e-001 1.224087e-001 8.292876e-002 8.739047e-002 8.396759e-003 
2.663203e-001 1.229320e-001 8.327354e-002 8.760253e-002 8.422283e-003 
2.652165e-001 1.234526e-001 8.361649e-002 8.781202e-002 8.447672e-003 
2.641200e-001 1.239704e-001 8.395762e-002 8.801895e-002 8.472926e-003 
2.630309e-001 1.244856e-001 8.429693e-002 8.822337e-002 8.498048e-003 
2.619491e-001 1.249980e-001 8.463444e-002 8.842529e-002 8.523038e-003 
2.608746e-001 1.255077e-001 8.497016e-002 8.862474e-002 8.547898e-003 
2.598072e-001 1.260148e-001 8.530409e-002 8.882175e-002 8.572629e-003 
2.587471e-001 1.265191e-001 8.563626e-002 8.901633e-002 8.597233e-003 
2.576941e-001 1.270209e-001 8.596665e-002 8.920852e-002 8.621711e-003 
2.566481e-001 1.275199e-001 8.629530e-002 8.939833e-002 8.646064e-003 
2.556092e-001 1.280163e-001 8.662219e-002 8.958580e-002 8.670294e-003 
2.545773e-001 1.285101e-001 8.694735e-002 8.977094e-002 8.694402e-003 
2.535523e-001 1.290013e-001 8.727079e-002 8.995379e-002 8.718388e-003 
2.525343e-001 1.294898e-001 8.759251e-002 9.013436e-002 8.742256e-003 
2.515231e-001 1.299758e-001 8.791251e-002 9.031267e-002 8.766004e-003 
2.505187e-001 1.304592e-001 8.823082e-002 9.048876e-002 8.789636e-003 
2.495211e-001 1.309399e-001 8.854744e-002 9.066263e-002 8.813152e-003 
2.485302e-001 1.314181e-001 8.886238e-002 9.083432e-002 8.836553e-003 
2.475460e-001 1.318938e-001 8.917565e-002 9.100385e-002 8.859841e-003 
2.465684e-001 1.323669e-001 8.948725e-002 9.117124e-002 8.883016e-003 
2.455975e-001 1.328375e-001 8.979720e-002 9.133651e-002 8.906080e-003 
2.446331e-001 1.333055e-001 9.010550e-002 9.149968e-002 8.929035e-003 
2.436752e-001 1.337710e-001 9.041217e-002 9.166078e-002 8.951881e-003 
2.427238e-001 1.342340e-001 9.071721e-002 9.181982e-002 8.974619e-003 
2.417788e-001 1.346945e-001 9.102063e-002 9.197683e-002 8.997251e-003 
2.408403e-001 1.351525e-001 9.132243e-002 9.213182e-002 9.019777e-003 
2.399080e-001 1.356080e-001 9.162264e-002 9.228482e-002 9.042199e-003 
2.389821e-001 1.360611e-001 9.192126e-002 9.243585e-002 9.064518e-003 
2.380625e-001 1.365117e-001 9.221829e-002 9.258493e-002 9.086736e-003 
2.371491e-001 1.369598e-001 9.251374e-002 9.273207e-002 9.108852e-003 
2.362419e-001 1.374055e-001 9.280762e-002 9.287731e-002 9.130869e-003 
2.353409e-001 1.378488e-001 9.309995e-002 9.302064e-002 9.152786e-003 
2.344460e-001 1.382897e-001 9.339073e-002 9.316211e-002 9.174606e-003 
2.335572e-001 1.387281e-001 9.367996e-002 9.330172e-002 9.196330e-003 
2.326744e-001 1.391641e-001 9.396766e-002 9.343950e-002 9.217958e-003 
2.317976e-001 1.395978e-001 9.425383e-002 9.357546e-002 9.239491e-003 
2.309267e-001 1.400290e-001 9.453848e-002 9.370962e-002 9.260931e-003 
2.300618e-001 1.404579e-001 9.482162e-002 9.384200e-002 9.282278e-003 
2.292028e-001 1.408844e-001 9.510326e-002 9.397261e-002 9.303534e-003 
2.283496e-001 1.413086e-001 9.538341e-002 9.410149e-002 9.324699e-003 
2.275023e-001 1.417304e-001 9.566207e-002 9.422864e-002 9.345774e-003 
2.266607e-001 1.421499e-001 9.593926e-002 9.435408e-002 9.366761e-003 
2.258249e-001 1.425670e-001 9.621497e-002 9.447783e-002 9.387660e-003 
2.249948e-001 1.429818e-001 9.648922e-002 9.459990e-002 9.408473e-003 
2.241703e-001 1.433943e-001 9.676202e-002 9.472032e-002 9.429200e-003 
2.233515e-001 1.438046e-001 9.703337e-002 9.483910e-002 9.449842e-003 
2.225382e-001 1.442125e-001 9.730328e-002 9.495626e-002 9.470400e-003 
2.217306e-001 1.446181e-001 9.757176e-002 9.507181e-002 9.490875e-003 
2.209284e-001 1.450215e-001 9.783882e-002 9.518577e-002 9.511268e-003 
2.201318e-001 1.454226e-001 9.810446e-002 9.529815e-002 9.531580e-003 
2.193406e-001 1.458214e-001 9.836869e-002 9.540898e-002 9.551812e-003 
2.185548e-001 1.462180e-001 9.863152e-002 9.551827e-002 9.571964e-003 
2.177744e-001 1.466124e-001 9.889296e-002 9.562603e-002 9.592038e-003 
2.169994e-001 1.470045e-001 9.915301e-002 9.573228e-002 9.612034e-003 
2.162297e-001 1.473945e-001 9.941169e-002 9.583704e-002 9.631953e-003 
2.154653e-001 1.477822e-001 9.966899e-002 9.594031e-002 9.651797e-003 
2.147061e-001 1.481677e-001 9.992493e-002 9.604212e-002 9.671565e-003 
2.139522e-001 1.485510e-001 1.001795e-001 9.614249e-002 9.691259e-003 
2.132034e-001 1.489321e-001 1.004327e-001 9.624141e-002 9.710880e-003 
2.124598e-001 1.493110e-001 1.006846e-001 9.633892e-002 9.730428e-003 
2.117213e-001 1.496878e-001 1.009352e-001 9.643502e-002 9.749904e-003 
2.109879e-001 1.500624e-001 1.011844e-001 9.652974e-002 9.769310e-003 
2.102596e-001 1.504349e-001 1.014323e-001 9.662307e-002 9.788645e-003 
2.095363e-001 1.508052e-001 1.016789e-001 9.671504e-002 9.807910e-003 
2.088179e-001 1.511734e-001 1.019242e-001 9.680567e-002 9.827107e-003 
2.081046e-001 1.515395e-001 1.021682e-001 9.689495e-002 9.846236e-003 
2.073961e-001 1.519034e-001 1.024109e-001 9.698292e-002 9.865299e-003 
2.066926e-001 1.522653e-001 1.026523e-001 9.706958e-002 9.884294e-003 
2.059939e-001 1.526250e-001 1.028925e-001 9.715494e-002 9.903224e-003 
2.053001e-001 1.529827e-001 1.031313e-001 9.723903e-002 9.922090e-003 
2.046111e-001 1.533383e-001 1.033689e-001 9.732184e-002 9.940891e-003 
2.039269e-001 1.536918e-001 1.036053e-001 9.740340e-002 9.959629e-003 
2.032474e-001 1.540432e-001 1.038403e-001 9.748372e-002 9.978304e-003 
2.025726e-001 1.543926e-001 1.040742e-001 9.756281e-002 9.996917e-003 
2.019025e-001 1.547399e-001 1.043068e-001 9.764068e-002 1.001547e-002 
2.012370e-001 1.550852e-001 1.045382e-001 9.771735e-002 1.003396e-002 
2.005762e-001 1.554284e-001 1.047683e-001 9.779283e-002 1.005239e-002 
1.999200e-001 1.557696e-001 1.049972e-001 9.786712e-002 1.007077e-002 
1.992684e-001 1.561088e-001 1.052250e-001 9.794025e-002 1.008908e-002 
1.986213e-001 1.564460e-001 1.054515e-001 9.801223e-002 1.010734e-002 
1.979787e-001 1.567812e-001 1.056768e-001 9.808305e-002 1.012554e-002 
1.973406e-001 1.571144e-001 1.059009e-001 9.815275e-002 1.014368e-002 
1.967069e-001 1.574456e-001 1.061238e-001 9.822133e-002 1.016177e-002 
1.960777e-001 1.577749e-001 1.063456e-001 9.828880e-002 1.017980e-002 
1.954528e-001 1.581021e-001 1.065662e-001 9.835516e-002 1.019778e-002 
1.948324e-001 1.584275e-001 1.067856e-001 9.842045e-002 1.021570e-002 
1.942163e-001 1.587508e-001 1.070038e-001 9.848466e-002 1.023357e-002 
1.936045e-001 1.590722e-001 1.072209e-001 9.854780e-002 1.025139e-002 
1.929969e-001 1.593917e-001 1.074369e-001 9.860989e-002 1.026915e-002 
1.923937e-001 1.597092e-001 1.076517e-001 9.867094e-002 1.028687e-002 
1.917947e-001 1.600248e-001 1.078654e-001 9.873096e-002 1.030453e-002 
1.911999e-001 1.603385e-001 1.080779e-001 9.878995e-002 1.032215e-002 
1.906092e-001 1.606503e-001 1.082893e-001 9.884794e-002 1.033971e-002 
1.900228e-001 1.609602e-001 1.084996e-001 9.890492e-002 1.035723e-002 
1.894404e-001 1.612682e-001 1.087088e-001 9.896092e-002 1.037470e-002 
1.888622e-001 1.615743e-001 1.089169e-001 9.901593e-002 1.039212e-002 
1.882880e-001 1.618786e-001 1.091239e-001 9.906998e-002 1.040949e-002 
1.877179e-001 1.621810e-001 1.093298e-001 9.912306e-002 1.042681e-002 
1.871518e-001 1.624815e-001 1.095346e-001 9.917520e-002 1.044409e-002 
1.865897e-001 1.627801e-001 1.097383e-001 9.922639e-002 1.046133e-002 
1.860316e-001 1.630769e-001 1.099409e-001 9.927666e-002 1.047852e-002 
1.854774e-001 1.633719e-001 1.101425e-001 9.932600e-002 1.049566e-002 
1.849272e-001 1.636650e-001 1.103430e-001 9.937444e-002 1.051276e-002 
1.843809e-001 1.639563e-001 1.105424e-001 9.942197e-002 1.052982e-002 
1.838384e-001 1.642458e-001 1.107408e-001 9.946861e-002 1.054684e-002 
1.832998e-001 1.645335e-001 1.109381e-001 9.951436e-002 1.056381e-002 
1.827650e-001 1.648194e-001 1.111344e-001 9.955924e-002 1.058074e-002 
1.822340e-001 1.651035e-001 1.113297e-001 9.960326e-002 1.059763e-002 
1.817068e-001 1.653858e-001 1.115239e-001 9.964641e-002 1.061448e-002 
1.811833e-001 1.656663e-001 1.117171e-001 9.968872e-002 1.063129e-002 
1.806636e-001 1.659450e-001 1.119093e-001 9.973020e-002 1.064806e-002 
1.801476e-001 1.662220e-001 1.121005e-001 9.977084e-002 1.066479e-002 
1.796353e-001 1.664972e-001 1.122906e-001 9.981066e-002 1.068149e-002 
1.791266e-001 1.667707e-001 1.124798e-001 9.984966e-002 1.069814e-002 
1.786216e-001 1.670424e-001 1.126679e-001 9.988787e-002 1.071476e-002 
1.781202e-001 1.673124e-001 1.128551e-001 9.992527e-002 1.073134e-002 
1.776223e-001 1.675806e-001 1.130413e-001 9.996189e-002 1.074788e-002 
1.771281e-001 1.678472e-001 1.132264e-001 9.999773e-002 1.076439e-002 
1.766374e-001 1.681120e-001 1.134107e-001 1.000328e-001 1.078086e-002 
1.761502e-001 1.683751e-001 1.135939e-001 1.000671e-001 1.079729e-002 
1.756665e-001 1.686365e-001 1.137762e-001 1.001006e-001 1.081369e-002 
1.751863e-001 1.688962e-001 1.139575e-001 1.001334e-001 1.083006e-002 
1.747096e-001 1.691542e-001 1.141378e-001 1.001655e-001 1.084639e-002 
1.742363e-001 1.694105e-001 1.143172e-001 1.001968e-001 1.086269e-002 
1.737664e-001 1.696651e-001 1.144957e-001 1.002274e-001 1.087896e-002 
1.732999e-001 1.699181e-001 1.146732e-001 1.002573e-001 1.089519e-002 
1.728368e-001 1.701694e-001 1.148498e-001 1.002864e-001 1.091139e-002 
1.723770e-001 1.704191e-001 1.150254e-001 1.003149e-001 1.092756e-002 
1.719206e-001 1.706671e-001 1.152001e-001 1.003427e-001 1.094370e-002 
1.714674e-001 1.709134e-001 1.153739e-001 1.003698e-001 1.095981e-002 
1.710176e-001 1.711582e-001 1.155468e-001 1.003962e-001 1.097589e-002 
1.705710e-001 1.714013e-001 1.157187e-001 1.004219e-001 1.099194e-002 
1.701277e-001 1.716427e-001 1.158898e-001 1.004469e-001 1.100795e-002 
1.696876e-001 1.718826e-001 1.160599e-001 1.004713e-001 1.102394e-002 
1.692507e-001 1.721208e-001 1.162292e-001 1.004951e-001 1.103990e-002 
1.688170e-001 1.723575e-001 1.163976e-001 1.005182e-001 1.105583e-002 
1.683864e-001 1.725925e-001 1.165650e-001 1.005406e-001 1.107174e-002 
1.679590e-001 1.728260e-001 1.167316e-001 1.005624e-001 1.108761e-002 
1.675347e-001 1.730579e-001 1.168974e-001 1.005836e-001 1.110346e-002 
1.671136e-001 1.732882e-001 1.170622e-001 1.006042e-001 1.111929e-002 
1.666955e-001 1.735169e-001 1.172262e-001 1.006242e-001 1.113508e-002 
1.662805e-001 1.737440e-001 1.173893e-001 1.006435e-001 1.115085e-002 
1.658685e-001 1.739696e-001 1.175515e-001 1.006623e-001 1.116660e-002 
1.654596e-001 1.741937e-001 1.177129e-001 1.006804e-001 1.118231e-002 
1.650536e-001 1.744162e-001 1.178735e-001 1.006980e-001 1.119801e-002 
1.646507e-001 1.746372e-001 1.180332e-001 1.007150e-001 1.121368e-002 
1.642507e-001 1.748566e-001 1.181920e-001 1.007314e-001 1.122932e-002 
1.638537e-001 1.750745e-001 1.183500e-001 1.007472e-001 1.124495e-002 
1.634597e-001 1.752909e-001 1.185072e-001 1.007625e-001 1.126054e-002 
1.630685e-001 1.755058e-001 1.186636e-001 1.007772e-001 1.127612e-002 
1.626802e-001 1.757191e-001 1.188191e-001 1.007913e-001 1.129167e-002 
1.622949e-001 1.759310e-001 1.189738e-001 1.008049e-001 1.130720e-002 
1.619124e-001 1.761414e-001 1.191277e-001 1.008180e-001 1.132271e-002 
1.615327e-001 1.763502e-001 1.192808e-001 1.008305e-001 1.133819e-002 
1.611558e-001 1.765576e-001 1.194331e-001 1.008425e-001 1.135366e-002 
1.607818e-001 1.767635e-001 1.195846e-001 1.008540e-001 1.136910e-002 
1.604105e-001 1.769680e-001 1.197353e-001 1.008650e-001 1.138452e-002 
1.600421e-001 1.771709e-001 1.198852e-001 1.008754e-001 1.139993e-002 
1.596764e-001 1.773725e-001 1.200343e-001 1.008853e-001 1.141531e-002 
1.593134e-001 1.775725e-001 1.201826e-001 1.008948e-001 1.143067e-002 
1.589531e-001 1.777711e-001 1.203301e-001 1.009037e-001 1.144602e-002 
1.585956e-001 1.779683e-001 1.204769e-001 1.009121e-001 1.146134e-002 
1.582407e-001 1.781640e-001 1.206229e-001 1.009201e-001 1.147664e-002 
1.578885e-001 1.783584e-001 1.207681e-001 1.009276e-001 1.149193e-002 
1.575390e-001 1.785512e-001 1.209126e-001 1.009345e-001 1.150720e-002 
1.571921e-001 1.787427e-001 1.210563e-001 1.009411e-001 1.152245e-002 
1.568478e-001 1.789328e-001 1.211992e-001 1.009471e-001 1.153768e-002 
1.565061e-001 1.791214e-001 1.213414e-001 1.009527e-001 1.155290e-002 
1.561670e-001 1.793086e-001 1.214828e-001 1.009578e-001 1.156810e-002 
1.558305e-001 1.794945e-001 1.216235e-001 1.009625e-001 1.158328e-002 
1.554965e-001 1.796789e-001 1.217635e-001 1.009667e-001 1.159845e-002 
1.551651e-001 1.798620e-001 1.219027e-001 1.009705e-001 1.161360e-002 
1.548362e-001 1.800437e-001 1.220412e-001 1.009738e-001 1.162873e-002 
1.545098e-001 1.802240e-001 1.221790e-001 1.009767e-001 1.164385e-002 
1.541859e-001 1.804030e-001 1.223160e-001 1.009792e-001 1.165895e-002 
1.538644e-001 1.805806e-001 1.224523e-001 1.009813e-001 1.167404e-002 
1.535455e-001 1.807568e-001 1.225879e-001 1.009829e-001 1.168911e-002 
1.532290e-001 1.809317e-001 1.227228e-001 1.009841e-001 1.170417e-002 
1.529149e-001 1.811053e-001 1.228570e-001 1.009849e-001 1.171922e-002 
1.526032e-001 1.812775e-001 1.229905e-001 1.009853e-001 1.173425e-002 
1.522939e-001 1.814483e-001 1.231233e-001 1.009853e-001 1.174927e-002 
1.519870e-001 1.816179e-001 1.232554e-001 1.009849e-001 1.176427e-002 
1.516825e-001 1.817861e-001 1.233867e-001 1.009841e-001 1.177926e-002 
1.513803e-001 1.819530e-001 1.235174e-001 1.009829e-001 1.179424e-002 
1.510805e-001 1.821186e-001 1.236474e-001 1.009813e-001 1.180920e-002 
1.507830e-001 1.822829e-001 1.237768e-001 1.009793e-001 1.182416e-002 
1.504878e-001 1.824459e-001 1.239054e-001 1.009770e-001 1.183910e-002 
1.501949e-001 1.826076e-001 1.240334e-001 1.009743e-001 1.185403e-002 
1.499043e-001 1.827680e-001 1.241607e-001 1.009712e-001 1.186894e-002 
1.496160e-001 1.829271e-001 1.242873e-001 1.009677e-001 1.188385e-002 
1.493299e-001 1.830849e-001 1.244133e-001 1.009639e-001 1.189875e-002 
1.490460e-001 1.832415e-001 1.245386e-001 1.009597e-001 1.191363e-002 
1.487644e-001 1.833968e-001 1.246633e-001 1.009552e-001 1.192850e-002 
1.484850e-001 1.835508e-001 1.247872e-001 1.009503e-001 1.194337e-002 
1.482078e-001 1.837036e-001 1.249106e-001 1.009450e-001 1.195822e-002 
1.479327e-001 1.838551e-001 1.250333e-001 1.009394e-001 1.197306e-002 
1.476599e-001 1.840053e-001 1.251553e-001 1.009335e-001 1.198790e-002 
1.473892e-001 1.841544e-001 1.252768e-001 1.009273e-001 1.200272e-002 
1.471206e-001 1.843021e-001 1.253975e-001 1.009207e-001 1.201753e-002 
1.468542e-001 1.844487e-001 1.255177e-001 1.009137e-001 1.203234e-002 
1.465898e-001 1.845940e-001 1.256372e-001 1.009065e-001 1.204714e-002 
1.463276e-001 1.847381e-001 1.257561e-001 1.008989e-001 1.206193e-002 
1.460675e-001 1.848810e-001 1.258744e-001 1.008910e-001 1.207671e-002 
1.458095e-001 1.850227e-001 1.259920e-001 1.008828e-001 1.209148e-002 
1.455535e-001 1.851632e-001 1.261090e-001 1.008743e-001 1.210624e-002 
1.452996e-001 1.853024e-001 1.262255e-001 1.008655e-001 1.212100e-002 
1.450477e-001 1.854405e-001 1.263413e-001 1.008563e-001 1.213575e-002 
1.447978e-001 1.855774e-001 1.264565e-001 1.008469e-001 1.215049e-002 
1.445500e-001 1.857130e-001 1.265711e-001 1.008371e-001 1.216522e-002 
1.443041e-001 1.858475e-001 1.266851e-001 1.008271e-001 1.217995e-002 
1.440602e-001 1.859809e-001 1.267985e-001 1.008168e-001 1.219467e-002 
1.438184e-001 1.861130e-001 1.269113e-001 1.008061e-001 1.220939e-002 
1.435784e-001 1.862440e-001 1.270235e-001 1.007952e-001 1.222409e-002 
1.433405e-001 1.863738e-001 1.271351e-001 1.007840e-001 1.223880e-002 
1.431044e-001 1.865025e-001 1.272462e-001 1.007726e-001 1.225349e-002 
1.428703e-001 1.866300e-001 1.273566e-001 1.007608e-001 1.226818e-002 
1.426381e-001 1.867564e-001 1.274665e-001 1.007488e-001 1.228287e-002 
1.424078e-001 1.868816e-001 1.275758e-001 1.007365e-001 1.229755e-002 
1.421795e-001 1.870057e-001 1.276846e-001 1.007239e-001 1.231222e-002 
1.419529e-001 1.871286e-001 1.277927e-001 1.007111e-001 1.232689e-002 
1.417283e-001 1.872504e-001 1.279003e-001 1.006980e-001 1.234156e-002 
1.415055e-001 1.873711e-001 1.280074e-001 1.006846e-001 1.235622e-002 
1.412845e-001 1.874907e-001 1.281139e-001 1.006710e-001 1.237087e-002 
1.410654e-001 1.876091e-001 1.282198e-001 1.006571e-001 1.238552e-002 
1.408481e-001 1.877265e-001 1.283252e-001 1.006430e-001 1.240017e-002 
1.406326e-001 1.878427e-001 1.284300e-001 1.006286e-001 1.241481e-002 
1.404190e-001 1.879579e-001 1.285343e-001 1.006140e-001 1.242945e-002 
1.402071e-001 1.880719e-001 1.286380e-001 1.005991e-001 1.244409e-002 
1.399969e-001 1.881849e-001 1.287412e-001 1.005840e-001 1.245872e-002 
1.397886e-001 1.882967e-001 1.288438e-001 1.005686e-001 1.247336e-002 
1.395820e-001 1.884075e-001 1.289459e-001 1.005530e-001 1.248798e-002 
1.393771e-001 1.885172e-001 1.290475e-001 1.005372e-001 1.250261e-002 
1.391740e-001 1.886258e-001 1.291486e-001 1.005212e-001 1.251723e-002 
1.389726e-001 1.887334e-001 1.292491e-001 1.005049e-001 1.253185e-002 
1.387729e-001 1.888399e-001 1.293491e-001 1.004884e-001 1.254646e-002 
1.385749e-001 1.889453e-001 1.294486e-001 1.004716e-001 1.256108e-002 
1.383786e-001 1.890497e-001 1.295475e-001 1.004547e-001 1.257569e-002 
1.381840e-001 1.891530e-001 1.296460e-001 1.004375e-001 1.259030e-002 
1.379911e-001 1.892553e-001 1.297439e-001 1.004201e-001 1.260491e-002 
1.377998e-001 1.893565e-001 1.298413e-001 1.004025e-001 1.261952e-002 
1.376101e-001 1.894567e-001 1.299382e-001 1.003847e-001 1.263413e-002 
1.374221e-001 1.895559e-001 1.300346e-001 1.003667e-001 1.264873e-002 
1.372357e-001 1.896540e-001 1.301305e-001 1.003484e-001 1.266334e-002 
1.370510e-001 1.897511e-001 1.302259e-001 1.003300e-001 1.267794e-002 
1.368678e-001 1.898472e-001 1.303208e-001 1.003113e-001 1.269254e-002 
1.366863e-001 1.899422e-001 1.304152e-001 1.002925e-001 1.270714e-002 
1.365063e-001 1.900363e-001 1.305091e-001 1.002734e-001 1.272175e-002 
1.363279e-001 1.901293e-001 1.306025e-001 1.002542e-001 1.273635e-002 
1.361511e-001 1.902214e-001 1.306955e-001 1.002348e-001 1.275095e-002 
1.359759e-001 1.903124e-001 1.307879e-001 1.002151e-001 1.276555e-002 
1.358022e-001 1.904025e-001 1.308799e-001 1.001953e-001 1.278015e-002 
1.356300e-001 1.904915e-001 1.309714e-001 1.001753e-001 1.279475e-002 
1.354593e-001 1.905796e-001 1.310624e-001 1.001551e-001 1.280935e-002 
1.352902e-001 1.906667e-001 1.311530e-001 1.001347e-001 1.282396e-002 
1.351226e-001 1.907528e-001 1.312430e-001 1.001142e-001 1.283856e-002 
1.349565e-001 1.908379e-001 1.313326e-001 1.000934e-001 1.285316e-002 
1.347919e-001 1.909221e-001 1.314218e-001 1.000725e-001 1.286777e-002 
1.346288e-001 1.910053e-001 1.315104e-001 1.000514e-001 1.288237e-002 
1.344671e-001 1.910875e-001 1.315987e-001 1.000301e-001 1.289698e-002 
1.343069e-001 1.911688e-001 1.316864e-001 1.000087e-001 1.291159e-002 
1.341482e-001 1.912491e-001 1.317737e-001 9.998707e-002 1.292620e-002 
1.339909e-001 1.913285e-001 1.318605e-001 9.996528e-002 1.294081e-002 
1.338351e-001 1.914069e-001 1.319469e-001 9.994333e-002 1.295542e-002 
1.336806e-001 1.914844e-001 1.320329e-001 9.992122e-002 1.297004e-002 
1.335276e-001 1.915610e-001 1.321184e-001 9.989894e-002 1.298466e-002 
1.333760e-001 1.916366e-001 1.322034e-001 9.987650e-002 1.299928e-002 
1.332259e-001 1.917113e-001 1.322880e-001 9.985390e-002 1.301390e-002 
1.330771e-001 1.917850e-001 1.323722e-001 9.983115e-002 1.302852e-002 
1.329297e-001 1.918579e-001 1.324559e-001 9.980823e-002 1.304315e-002 
1.327836e-001 1.919298e-001 1.325392e-001 9.978517e-002 1.305778e-002 
1.326390e-001 1.920008e-001 1.326221e-001 9.976195e-002 1.307241e-002 
1.324957e-001 1.920709e-001 1.327045e-001 9.973858e-002 1.308704e-002 
1.323537e-001 1.921401e-001 1.327865e-001 9.971506e-002 1.310168e-002 
1.322131e-001 1.922084e-001 1.328681e-001 9.969139e-002 1.311632e-002 
1.320738e-001 1.922757e-001 1.329493e-001 9.966758e-002 1.313097e-002 
1.319359e-001 1.923422e-001 1.330300e-001 9.964362e-002 1.314561e-002 
1.317993e-001 1.924078e-001 1.331103e-001 9.961952e-002 1.316026e-002 
1.316639e-001 1.924725e-001 1.331902e-001 9.959528e-002 1.317492e-002 
1.315299e-001 1.925364e-001 1.332697e-001 9.957090e-002 1.318958e-002 
1.313972e-001 1.925993e-001 1.333488e-001 9.954638e-002 1.320424e-002 
1.312658e-001 1.926614e-001 1.334274e-001 9.952172e-002 1.321890e-002 
1.311356e-001 1.927226e-001 1.335057e-001 9.949693e-002 1.323357e-002 
1.310067e-001 1.927829e-001 1.335835e-001 9.947201e-002 1.324825e-002 
1.308791e-001 1.928424e-001 1.336610e-001 9.944695e-002 1.326293e-002 
1.307528e-001 1.929010e-001 1.337380e-001 9.942177e-002 1.327761e-002 
1.306276e-001 1.929588e-001 1.338147e-001 9.939645e-002 1.329230e-002 
1.305038e-001 1.930157e-001 1.338909e-001 9.937101e-002 1.330699e-002 
1.303811e-001 1.930717e-001 1.339668e-001 9.934544e-002 1.332168e-002 
1.302597e-001 1.931269e-001 1.340422e-001 9.931975e-002 1.333638e-002 
1.301395e-001 1.931813e-001 1.341173e-001 9.929393e-002 1.335109e-002 
1.300205e-001 1.932348e-001 1.341920e-001 9.926799e-002 1.336580e-002 
1.299027e-001 1.932875e-001 1.342663e-001 9.924194e-002 1.338052e-002 
1.297861e-001 1.933394e-001 1.343402e-001 9.921576e-002 1.339524e-002 
1.296707e-001 1.933904e-001 1.344137e-001 9.918946e-002 1.340996e-002 
1.295564e-001 1.934406e-001 1.344869e-001 9.916305e-002 1.342469e-002 
1.294434e-001 1.934900e-001 1.345597e-001 9.913653e-002 1.343943e-002 
1.293315e-001 1.935385e-001 1.346320e-001 9.910989e-002 1.345417e-002 
1.292207e-001 1.935863e-001 1.347041e-001 9.908313e-002 1.346892e-002 
1.291112e-001 1.936332e-001 1.347757e-001 9.905627e-002 1.348368e-002 
1.290027e-001 1.936794e-001 1.348470e-001 9.902930e-002 1.349844e-002 
1.288954e-001 1.937247e-001 1.349179e-001 9.900221e-002 1.351320e-002 
1.287892e-001 1.937692e-001 1.349884e-001 9.897502e-002 1.352797e-002 
1.286842e-001 1.938130e-001 1.350586e-001 9.894773e-002 1.354275e-002 
1.285803e-001 1.938559e-001 1.351284e-001 9.892033e-002 1.355753e-002 
1.284774e-001 1.938981e-001 1.351979e-001 9.889282e-002 1.357233e-002 
1.283757e-001 1.939394e-001 1.352670e-001 9.886522e-002 1.358712e-002 
1.282751e-001 1.939800e-001 1.353357e-001 9.883751e-002 1.360193e-002 
1.281756e-001 1.940198e-001 1.354041e-001 9.880970e-002 1.361674e-002 
1.280771e-001 1.940588e-001 1.354722e-001 9.878180e-002 1.363155e-002 
1.279797e-001 1.940971e-001 1.355398e-001 9.875379e-002 1.364637e-002 
1.278834e-001 1.941346e-001 1.356072e-001 9.872569e-002 1.366120e-002 
1.277882e-001 1.941713e-001 1.356742e-001 9.869749e-002 1.367604e-002 
1.276940e-001 1.942073e-001 1.357408e-001 9.866920e-002 1.369089e-002 
1.276009e-001 1.942425e-001 1.358071e-001 9.864082e-002 1.370574e-002 
1.275088e-001 1.942769e-001 1.358731e-001 9.861234e-002 1.372060e-002 
1.274177e-001 1.943106e-001 1.359387e-001 9.858377e-002 1.373546e-002 
1.273277e-001 1.943435e-001 1.360039e-001 9.855511e-002 1.375033e-002 
1.272387e-001 1.943757e-001 1.360689e-001 9.852637e-002 1.376521e-002 
1.271507e-001 1.944072e-001 1.361335e-001 9.849753e-002 1.378010e-002 
1.270637e-001 1.944379e-001 1.361978e-001 9.846861e-002 1.379500e-002 
1.269778e-001 1.944679e-001 1.362617e-001 9.843960e-002 1.380990e-002 
1.268928e-001 1.944971e-001 1.363253e-001 9.841051e-002 1.382481e-002 
1.268088e-001 1.945257e-001 1.363886e-001 9.838133e-002 1.383973e-002 
1.267259e-001 1.945535e-001 1.364516e-001 9.835207e-002 1.385466e-002 
1.266439e-001 1.945805e-001 1.365142e-001 9.832273e-002 1.386959e-002 
1.265628e-001 1.946069e-001 1.365765e-001 9.829331e-002 1.388453e-002 
1.264828e-001 1.946325e-001 1.366385e-001 9.826381e-002 1.389949e-002 
1.264037e-001 1.946574e-001 1.367002e-001 9.823422e-002 1.391444e-002 
1.263256e-001 1.946816e-001 1.367616e-001 9.820457e-002 1.392941e-002 
1.262484e-001 1.947051e-001 1.368226e-001 9.817483e-002 1.394439e-002 
1.261721e-001 1.947279e-001 1.368834e-001 9.814502e-002 1.395937e-002 
1.260969e-001 1.947500e-001 1.369438e-001 9.811513e-002 1.397437e-002 
1.260225e-001 1.947714e-001 1.370039e-001 9.808517e-002 1.398937e-002 
1.259491e-001 1.947921e-001 1.370637e-001 9.805513e-002 1.400438e-002 
1.258766e-001 1.948121e-001 1.371232e-001 9.802502e-002 1.401940e-002 
1.258050e-001 1.948315e-001 1.371824e-001 9.799484e-002 1.403442e-002 
1.257343e-001 1.948501e-001 1.372413e-001 9.796459e-002 1.404946e-002 
1.256645e-001 1.948680e-001 1.372998e-001 9.793427e-002 1.406451e-002 
1.255957e-001 1.948853e-001 1.373581e-001 9.790388e-002 1.407956e-002 
1.255277e-001 1.949019e-001 1.374161e-001 9.787342e-002 1.409462e-002 
1.254606e-001 1.949178e-001 1.374738e-001 9.784290e-002 1.410970e-002 
1.253944e-001 1.949331e-001 1.375312e-001 9.781230e-002 1.412478e-002 
1.253291e-001 1.949477e-001 1.375883e-001 9.778165e-002 1.413987e-002 
1.252647e-001 1.949616e-001 1.376451e-001 9.775092e-002 1.415497e-002 
1.252011e-001 1.949748e-001 1.377016e-001 9.772014e-002 1.417008e-002 
1.251384e-001 1.949874e-001 1.377578e-001 9.768929e-002 1.418520e-002 
1.250766e-001 1.949994e-001 1.378138e-001 9.765837e-002 1.420033e-002 
1.250156e-001 1.950107e-001 1.378694e-001 9.762740e-002 1.421547e-002 
1.249554e-001 1.950213e-001 1.379248e-001 9.759636e-002 1.423062e-002 
1.248961e-001 1.950313e-001 1.379799e-001 9.756527e-002 1.424578e-002 
1.248377e-001 1.950406e-001 1.380347e-001 9.753411e-002 1.426094e-002 
1.247800e-001 1.950493e-001 1.380892e-001 9.750290e-002 1.427612e-002 
1.247232e-001 1.950574e-001 1.381434e-001 9.747162e-002 1.429131e-002 
1.246673e-001 1.950648e-001 1.381974e-001 9.744029e-002 1.430651e-002 
1.246121e-001 1.950716e-001 1.382511e-001 9.740891e-002 1.432172e-002 
1.245578e-001 1.950778e-001 1.383045e-001 9.737747e-002 1.433693e-002 
1.245042e-001 1.950833e-001 1.383577e-001 9.734597e-002 1.435216e-002 
1.244515e-001 1.950883e-001 1.384105e-001 9.731442e-002 1.436740e-002 
1.243996e-001 1.950925e-001 1.384631e-001 9.728281e-002 1.438265e-002 
1.243484e-001 1.950962e-001 1.385155e-001 9.725115e-002 1.439791e-002 
1.242981e-001 1.950993e-001 1.385675e-001 9.721944e-002 1.441318e-002 
1.242485e-001 1.951017e-001 1.386193e-001 9.718768e-002 1.442846e-002 
1.241997e-001 1.951036e-001 1.386709e-001 9.715587e-002 1.444375e-002 
1.241517e-001 1.951048e-001 1.387222e-001 9.712400e-002 1.445905e-002 
1.241045e-001 1.951054e-001 1.387732e-001 9.709209e-002 1.447437e-002 
1.240580e-001 1.951054e-001 1.388239e-001 9.706013e-002 1.448969e-002 
1.240123e-001 1.951049e-001 1.388744e-001 9.702812e-002 1.450502e-002 
1.239673e-001 1.951037e-001 1.389247e-001 9.699606e-002 1.452037e-002 
1.239231e-001 1.951019e-001 1.389747e-001 9.696395e-002 1.453573e-002 
1.238797e-001 1.950995e-001 1.390244e-001 9.693180e-002 1.455109e-002 
1.238370e-001 1.950966e-001 1.390739e-001 9.689960e-002 1.456647e-002 
1.237950e-001 1.950930e-001 1.391231e-001 9.686736e-002 1.458186e-002 
1.237538e-001 1.950889e-001 1.391721e-001 9.683507e-002 1.459726e-002 
1.237132e-001 1.950842e-001 1.392208e-001 9.680274e-002 1.461267e-002 
1.236735e-001 1.950789e-001 1.392693e-001 9.677036e-002 1.462809e-002 
1.236344e-001 1.950731e-001 1.393175e-001 9.673795e-002 1.464353e-002 
1.235960e-001 1.950667e-001 1.393655e-001 9.670549e-002 1.465897e-002 
1.235584e-001 1.950597e-001 1.394132e-001 9.667298e-002 1.467443e-002 
1.235215e-001 1.950521e-001 1.394607e-001 9.664044e-002 1.468990e-002 
1.234853e-001 1.950440e-001 1.395080e-001 9.660785e-002 1.470538e-002 
1.234498e-001 1.950353e-001 1.395550e-001 9.657523e-002 1.472087e-002 
1.234149e-001 1.950260e-001 1.396018e-001 9.654257e-002 1.473637e-002 
1.233808e-001 1.950162e-001 1.396483e-001 9.650986e-002 1.475189e-002 
1.233474e-001 1.950058e-001 1.396946e-001 9.647712e-002 1.476741e-002 
1.233146e-001 1.949949e-001 1.397407e-001 9.644434e-002 1.478295e-002 
1.232825e-001 1.949834e-001 1.397866e-001 9.641153e-002 1.479850e-002 
1.232511e-001 1.949714e-001 1.398322e-001 9.637867e-002 1.481407e-002 
1.232204e-001 1.949588e-001 1.398775e-001 9.634578e-002 1.482964e-002 
1.231903e-001 1.949457e-001 1.399227e-001 9.631286e-002 1.484523e-002 
1.231609e-001 1.949321e-001 1.399676e-001 9.627990e-002 1.486082e-002 
1.231322e-001 1.949179e-001 1.400123e-001 9.624690e-002 1.487643e-002 
1.231041e-001 1.949032e-001 1.400568e-001 9.621387e-002 1.489206e-002 
1.230766e-001 1.948879e-001 1.401010e-001 9.618081e-002 1.490769e-002 
1.230498e-001 1.948722e-001 1.401450e-001 9.614771e-002 1.492334e-002 
1.230237e-001 1.948558e-001 1.401888e-001 9.611458e-002 1.493900e-002 
1.229982e-001 1.948390e-001 1.402324e-001 9.608142e-002 1.495467e-002 
1.229733e-001 1.948217e-001 1.402758e-001 9.604822e-002 1.497035e-002 
1.229491e-001 1.948038e-001 1.403189e-001 9.601499e-002 1.498605e-002 
1.229255e-001 1.947854e-001 1.403618e-001 9.598174e-002 1.500176e-002 
1.229025e-001 1.947665e-001 1.404045e-001 9.594845e-002 1.501748e-002 
1.228801e-001 1.947470e-001 1.404470e-001 9.591513e-002 1.503321e-002 
1.228584e-001 1.947271e-001 1.404893e-001 9.588179e-002 1.504896e-002 
1.228373e-001 1.947067e-001 1.405313e-001 9.584841e-002 1.506472e-002 
1.228168e-001 1.946857e-001 1.405732e-001 9.581500e-002 1.508049e-002 
1.227968e-001 1.946643e-001 1.406148e-001 9.578157e-002 1.509627e-002 
1.227775e-001 1.946423e-001 1.406562e-001 9.574811e-002 1.511207e-002 
1.227588e-001 1.946198e-001 1.406975e-001 9.571462e-002 1.512788e-002 
1.227407e-001 1.945969e-001 1.407385e-001 9.568110e-002 1.514370e-002 
1.227232e-001 1.945734e-001 1.407793e-001 9.564756e-002 1.515954e-002 
1.227063e-001 1.945495e-001 1.408199e-001 9.561399e-002 1.517539e-002 
1.226899e-001 1.945251e-001 1.408603e-001 9.558040e-002 1.519125e-002 
1.226742e-001 1.945002e-001 1.409005e-001 9.554678e-002 1.520713e-002 
1.226590e-001 1.944748e-001 1.409405e-001 9.551313e-002 1.522302e-002 
1.226444e-001 1.944489e-001 1.409802e-001 9.547946e-002 1.523892e-002 
1.226304e-001 1.944225e-001 1.410198e-001 9.544577e-002 1.525483e-002 
1.226169e-001 1.943957e-001 1.410592e-001 9.541205e-002 1.527076e-002 
1.226040e-001 1.943683e-001 1.410984e-001 9.537831e-002 1.528670e-002 
1.225917e-001 1.943406e-001 1.411374e-001 9.534455e-002 1.530266e-002 
1.225799e-001 1.943123e-001 1.411762e-001 9.531076e-002 1.531862e-002 
1.225687e-001 1.942836e-001 1.412148e-001 9.527695e-002 1.533460e-002 
1.225580e-001 1.942543e-001 1.412532e-001 9.524312e-002 1.535060e-002 
1.225479e-001 1.942247e-001 1.412915e-001 9.520927e-002 1.536661e-002 
1.225383e-001 1.941945e-001 1.413295e-001 9.517540e-002 1.538263e-002 
1.225293e-001 1.941640e-001 1.413673e-001 9.514150e-002 1.539867e-002 
1.225208e-001 1.941329e-001 1.414050e-001 9.510759e-002 1.541471e-002 
1.225129e-001 1.941014e-001 1.414424e-001 9.507365e-002 1.543078e-002 
1.225055e-001 1.940694e-001 1.414797e-001 9.503970e-002 1.544685e-002 
1.224986e-001 1.940370e-001 1.415168e-001 9.500572e-002 1.546294e-002 
1.224922e-001 1.940042e-001 1.415537e-001 9.497173e-002 1.547905e-002 
1.224864e-001 1.939708e-001 1.415904e-001 9.493771e-002 1.549517e-002 
1.224811e-001 1.939371e-001 1.416270e-001 9.490368e-002 1.551130e-002 
1.224763e-001 1.939029e-001 1.416633e-001 9.486963e-002 1.552744e-002 
1.224720e-001 1.938682e-001 1.416995e-001 9.483557e-002 1.554360e-002 
1.224682e-001 1.938332e-001 1.417355e-001 9.480148e-002 1.555978e-002 
1.224650e-001 1.937976e-001 1.417713e-001 9.476738e-002 1.557596e-002 
1.224622e-001 1.937617e-001 1.418069e-001 9.473326e-002 1.559217e-002 
1.224600e-001 1.937253e-001 1.418424e-001 9.469913e-002 1.560838e-002 
1.224582e-001 1.936885e-001 1.418777e-001 9.466498e-002 1.562461e-002 
1.224570e-001 1.936512e-001 1.419128e-001 9.463081e-002 1.564085e-002 
1.224562e-001 1.936135e-001 1.419477e-001 9.459663e-002 1.565711e-002 
1.224560e-001 1.935754e-001 1.419824e-001 9.456243e-002 1.567339e-002 
1.224562e-001 1.935369e-001 1.420170e-001 9.452822e-002 1.568967e-002 
1.224569e-001 1.934980e-001 1.420514e-001 9.449399e-002 1.570597e-002 
1.224581e-001 1.934586e-001 1.420857e-001 9.445975e-002 1.572229e-002 
1.224598e-001 1.934188e-001 1.421197e-001 9.442549e-002 1.573862e-002 
1.224620e-001 1.933786e-001 1.421536e-001 9.439122e-002 1.575496e-002 
1.224646e-001 1.933380e-001 1.421874e-001 9.435693e-002 1.577132e-002 
1.224677e-001 1.932970e-001 1.422209e-001 9.432264e-002 1.578769e-002 
1.224713e-001 1.932556e-001 1.422543e-001 9.428833e-002 1.580408e-002 
1.224753e-001 1.932137e-001 1.422876e-001 9.425400e-002 1.582048e-002 
1.224798e-001 1.931715e-001 1.423206e-001 9.421967e-002 1.583690e-002 
1.224848e-001 1.931288e-001 1.423536e-001 9.418532e-002 1.585333e-002 
1.224902e-001 1.930858e-001 1.423863e-001 9.415096e-002 1.586978e-002 
1.224961e-001 1.930423e-001 1.424189e-001 9.411659e-002 1.588624e-002 
1.225024e-001 1.929985e-001 1.424513e-001 9.408221e-002 1.590272e-002 
1.225092e-001 1.929542e-001 1.424835e-001 9.404781e-002 1.591921e-002 
1.225165e-001 1.929096e-001 1.425156e-001 9.401341e-002 1.593571e-002 
