di 	gli 	gal 	gos3 	 gos4 
0.423405 	0.023207 	0.014009 	0.015457 	 -0.002017 
0.418290 	0.037511 	0.022930 	0.028363 	 -0.000457 
0.442906 	0.029244 	0.016712 	0.036296 	 -0.001250 
0.418258 	0.052092 	0.031576 	0.051971 	 0.000738 
0.428475 	0.052247 	0.031934 	0.052261 	 0.000185 
0.421265 	0.059729 	0.036991 	0.056866 	 0.000741 
0.410689 	0.060931 	0.037295 	0.058606 	 0.001309 
0.429360 	0.048583 	0.029649 	0.048673 	 -0.000104 
0.424817 	0.057687 	0.035550 	0.055006 	 0.000211 
0.417670 	0.058997 	0.035940 	0.057595 	 0.000294 
0.421884 	0.047530 	0.028601 	0.049588 	 0.000264 
0.407621 	0.059552 	0.036346 	0.058518 	 0.001408 
0.410806 	0.057516 	0.034817 	0.056315 	 0.000538 
0.415642 	0.049495 	0.029698 	0.053458 	 0.000603 
0.398629 	0.077591 	0.048308 	0.068971 	 0.001687 
0.416448 	0.060187 	0.036569 	0.062241 	 0.001345 
0.406976 	0.062135 	0.038355 	0.058942 	 0.001566 
0.413546 	0.067583 	0.041647 	0.064074 	 0.001056 
0.401905 	0.062484 	0.038387 	0.059881 	 0.001192 
0.405648 	0.060382 	0.037390 	0.057596 	 0.001897 
0.396625 	0.074587 	0.046301 	0.068904 	 0.002666 
0.401391 	0.071420 	0.044762 	0.062261 	 0.001830 
0.410349 	0.058959 	0.036179 	0.056625 	 0.000487 
0.387624 	0.077772 	0.048179 	0.071847 	 0.003297 
0.408558 	0.062588 	0.038065 	0.062454 	 0.001086 
0.393819 	0.077370 	0.048049 	0.070134 	 0.002277 
0.396878 	0.071110 	0.044286 	0.065245 	 0.002474 
0.393606 	0.069063 	0.042494 	0.066029 	 0.002242 
0.401425 	0.060240 	0.037255 	0.057876 	 0.002072 
0.389158 	0.080002 	0.049960 	0.071986 	 0.003084 
0.387033 	0.077408 	0.048256 	0.071397 	 0.002950 
0.386355 	0.077540 	0.047870 	0.073966 	 0.003330 
0.388491 	0.077504 	0.048067 	0.072035 	 0.002899 
0.390231 	0.075953 	0.047193 	0.070280 	 0.002906 
0.393634 	0.072508 	0.044831 	0.067454 	 0.002382 
0.394061 	0.067739 	0.041889 	0.063184 	 0.002366 
0.387338 	0.075006 	0.046343 	0.071067 	 0.002879 
0.385297 	0.076105 	0.047147 	0.072042 	 0.003153 
0.382149 	0.078938 	0.048915 	0.074616 	 0.003375 
0.375282 	0.085250 	0.053108 	0.077304 	 0.004058 
0.378072 	0.078079 	0.048330 	0.070634 	 0.003113 
0.368063 	0.082278 	0.051154 	0.073335 	 0.003704 
0.368577 	0.097253 	0.060716 	0.087163 	 0.004475 
0.383732 	0.078578 	0.048903 	0.072450 	 0.003345 
0.383361 	0.077539 	0.048488 	0.072691 	 0.003949 
0.377970 	0.080932 	0.050417 	0.075759 	 0.003608 
0.359864 	0.100047 	0.062877 	0.087275 	 0.005252 
0.369963 	0.086979 	0.054394 	0.076746 	 0.003738 
0.371143 	0.084654 	0.052931 	0.075419 	 0.003632 
0.362898 	0.098637 	0.061926 	0.084131 	 0.004295 
0.373927 	0.083536 	0.051831 	0.074830 	 0.002943 
0.363105 	0.084685 	0.052949 	0.075699 	 0.003911 
0.361566 	0.091010 	0.057203 	0.080017 	 0.004244 
0.373650 	0.088135 	0.055868 	0.074065 	 0.003773 
0.361155 	0.089307 	0.056021 	0.077753 	 0.004222 
0.349706 	0.099162 	0.062513 	0.085096 	 0.005044 
0.355061 	0.098797 	0.062387 	0.084608 	 0.004947 
0.354168 	0.096275 	0.060655 	0.082724 	 0.004743 
0.342688 	0.106194 	0.066865 	0.091193 	 0.005047 
0.363838 	0.089523 	0.056384 	0.080943 	 0.005025 
0.358769 	0.091821 	0.058140 	0.080310 	 0.004551 
0.344541 	0.109194 	0.069002 	0.093094 	 0.005680 
0.353364 	0.092578 	0.058035 	0.082158 	 0.004361 
0.357719 	0.090273 	0.056633 	0.080902 	 0.004606 
0.349097 	0.098392 	0.061907 	0.085669 	 0.005497 
0.329998 	0.116852 	0.074091 	0.097892 	 0.006856 
0.347851 	0.089170 	0.055861 	0.079333 	 0.004592 
0.342322 	0.101553 	0.063850 	0.088652 	 0.005225 
0.339871 	0.106787 	0.067526 	0.090766 	 0.006088 
0.336290 	0.110302 	0.069981 	0.093360 	 0.006558 
0.357026 	0.097162 	0.061265 	0.085483 	 0.004682 
0.344672 	0.097010 	0.061043 	0.083502 	 0.005127 
0.343026 	0.107244 	0.067868 	0.092815 	 0.005846 
0.335962 	0.115117 	0.073184 	0.096901 	 0.006335 
0.338999 	0.108647 	0.068747 	0.093406 	 0.006046 
0.347039 	0.100172 	0.063258 	0.085468 	 0.005493 
0.336474 	0.109791 	0.069397 	0.092812 	 0.005685 
0.347236 	0.103458 	0.065392 	0.088302 	 0.005247 
0.346377 	0.099251 	0.063059 	0.084449 	 0.005309 
0.327267 	0.113538 	0.072140 	0.094427 	 0.006420 
0.348454 	0.093518 	0.058978 	0.080073 	 0.004264 
0.327873 	0.108168 	0.068524 	0.090091 	 0.006246 
0.334742 	0.102039 	0.064659 	0.086616 	 0.005953 
0.336679 	0.102457 	0.065514 	0.083969 	 0.006068 
0.344175 	0.092577 	0.058347 	0.080730 	 0.004787 
0.343875 	0.098649 	0.062591 	0.084532 	 0.005942 
0.327385 	0.111162 	0.071061 	0.091087 	 0.006223 
0.328025 	0.103254 	0.065829 	0.086358 	 0.006072 
0.326183 	0.109795 	0.069551 	0.093552 	 0.005935 
0.332147 	0.105953 	0.067185 	0.089410 	 0.005533 
0.342341 	0.097405 	0.061928 	0.082734 	 0.005333 
0.330666 	0.104235 	0.066369 	0.088102 	 0.006023 
0.330870 	0.111345 	0.070652 	0.093267 	 0.006518 
0.325174 	0.120731 	0.076898 	0.101107 	 0.007089 
0.328858 	0.105006 	0.066456 	0.090739 	 0.006203 
0.334980 	0.099865 	0.063429 	0.083918 	 0.005750 
0.319704 	0.122571 	0.078235 	0.100355 	 0.007543 
0.335774 	0.105130 	0.066839 	0.090160 	 0.006269 
0.331519 	0.107019 	0.068479 	0.087475 	 0.006090 
0.318475 	0.115796 	0.073947 	0.096067 	 0.007396 
0.329994 	0.109697 	0.070049 	0.090230 	 0.006128 
0.317722 	0.121916 	0.078264 	0.095248 	 0.007030 
0.321896 	0.114994 	0.073434 	0.094190 	 0.006669 
0.322609 	0.110285 	0.070171 	0.090774 	 0.006421 
0.326811 	0.113187 	0.072273 	0.092430 	 0.005802 
0.322165 	0.110166 	0.070421 	0.089962 	 0.006655 
0.322201 	0.107942 	0.068805 	0.088057 	 0.006201 
0.325418 	0.117389 	0.075343 	0.095320 	 0.006847 
0.318152 	0.112823 	0.072397 	0.092058 	 0.006915 
0.317655 	0.117989 	0.075947 	0.094361 	 0.006980 
0.311878 	0.131273 	0.084808 	0.100979 	 0.007738 
0.323604 	0.122521 	0.078571 	0.098404 	 0.006811 
0.314047 	0.126390 	0.081282 	0.102686 	 0.008074 
0.329099 	0.110398 	0.070832 	0.088347 	 0.006104 
0.319419 	0.110567 	0.070733 	0.089256 	 0.006653 
0.307321 	0.127356 	0.081971 	0.097983 	 0.006923 
0.315588 	0.121073 	0.077621 	0.098271 	 0.007608 
0.315514 	0.116419 	0.074925 	0.092822 	 0.007418 
0.321478 	0.113442 	0.073051 	0.092016 	 0.007212 
0.318699 	0.112948 	0.072359 	0.090003 	 0.006098 
0.314950 	0.115106 	0.073991 	0.092562 	 0.007051 
0.320240 	0.119548 	0.076684 	0.096567 	 0.006492 
0.301977 	0.138995 	0.089935 	0.107083 	 0.008526 
0.297534 	0.137360 	0.088562 	0.106818 	 0.008035 
0.285540 	0.148780 	0.095549 	0.116704 	 0.008746 
0.299537 	0.139975 	0.090535 	0.109426 	 0.008570 
0.297802 	0.133714 	0.085987 	0.107366 	 0.008020 
0.317086 	0.119453 	0.077499 	0.091235 	 0.006670 
0.304951 	0.135509 	0.088238 	0.102492 	 0.008422 
0.307560 	0.123792 	0.079818 	0.095762 	 0.006615 
0.297920 	0.136636 	0.088249 	0.107831 	 0.008421 
0.287567 	0.141028 	0.091396 	0.107964 	 0.008929 
0.301163 	0.129108 	0.083280 	0.100528 	 0.007353 
0.303702 	0.133720 	0.086278 	0.105507 	 0.008037 
0.304597 	0.131709 	0.085095 	0.103212 	 0.007875 
0.305519 	0.119072 	0.076446 	0.094333 	 0.006772 
0.287865 	0.135368 	0.087950 	0.103598 	 0.008611 
0.296719 	0.138944 	0.090378 	0.104168 	 0.008360 
0.310878 	0.131947 	0.085562 	0.098893 	 0.006498 
0.296818 	0.133594 	0.086748 	0.102211 	 0.008148 
0.287855 	0.137663 	0.088939 	0.106292 	 0.008862 
0.279843 	0.147605 	0.095123 	0.115090 	 0.008843 
0.292264 	0.129948 	0.084167 	0.100841 	 0.008274 
0.308066 	0.122123 	0.079355 	0.092913 	 0.006999 
0.305648 	0.129427 	0.084151 	0.099367 	 0.007512 
0.296553 	0.140785 	0.091925 	0.104341 	 0.008337 
0.287482 	0.142179 	0.092619 	0.105626 	 0.008203 
0.290927 	0.139679 	0.090844 	0.103020 	 0.008017 
0.282907 	0.139542 	0.090665 	0.106346 	 0.009030 
0.288414 	0.128179 	0.083505 	0.095280 	 0.007801 
0.290541 	0.140151 	0.090865 	0.105456 	 0.008426 
0.293289 	0.130674 	0.084776 	0.097454 	 0.007539 
0.280541 	0.140916 	0.091600 	0.103312 	 0.007746 
0.297648 	0.131651 	0.085411 	0.101634 	 0.007820 
0.290487 	0.131028 	0.085441 	0.097186 	 0.008238 
0.293315 	0.135449 	0.088070 	0.102617 	 0.008351 
0.286327 	0.138296 	0.090241 	0.102110 	 0.008418 
0.275084 	0.148392 	0.096736 	0.108715 	 0.009132 
0.292260 	0.135278 	0.088335 	0.098865 	 0.007744 
0.286640 	0.135878 	0.088570 	0.100347 	 0.007857 
0.291513 	0.134671 	0.087787 	0.099669 	 0.007470 
0.283550 	0.137806 	0.089595 	0.101925 	 0.007772 
0.283479 	0.145694 	0.094914 	0.106253 	 0.007788 
0.280913 	0.148181 	0.096297 	0.110953 	 0.008965 
0.297606 	0.137200 	0.089895 	0.100943 	 0.007703 
0.285752 	0.138687 	0.090600 	0.099946 	 0.007970 
0.276528 	0.150569 	0.098181 	0.110590 	 0.009139 
0.285553 	0.147060 	0.096112 	0.107124 	 0.008186 
0.273760 	0.147354 	0.095971 	0.107562 	 0.008606 
0.276068 	0.151559 	0.099181 	0.109391 	 0.009097 
0.294670 	0.134777 	0.087936 	0.101008 	 0.007807 
0.266608 	0.154207 	0.100755 	0.110892 	 0.009478 
0.277811 	0.150167 	0.098372 	0.109192 	 0.009150 
0.273128 	0.147746 	0.096305 	0.108908 	 0.009099 
0.275435 	0.155339 	0.101855 	0.111559 	 0.009181 
0.268988 	0.159549 	0.104448 	0.113972 	 0.009135 
0.271292 	0.157851 	0.103304 	0.116221 	 0.009819 
0.260880 	0.157413 	0.102825 	0.113233 	 0.009139 
0.280368 	0.145747 	0.095296 	0.105835 	 0.008630 
0.274643 	0.154610 	0.101265 	0.111241 	 0.008980 
0.269753 	0.152387 	0.100123 	0.107325 	 0.008714 
0.261265 	0.158032 	0.104077 	0.110959 	 0.010152 
0.278302 	0.143858 	0.094534 	0.102247 	 0.008757 
0.257099 	0.174404 	0.114361 	0.124392 	 0.010498 
0.251557 	0.170420 	0.111823 	0.120968 	 0.011072 
0.266626 	0.153435 	0.101152 	0.106782 	 0.009681 
0.262236 	0.157528 	0.103412 	0.112143 	 0.009652 
0.263541 	0.151525 	0.099701 	0.108521 	 0.010062 
0.267734 	0.154718 	0.101220 	0.111694 	 0.009640 
0.265664 	0.164209 	0.107830 	0.120112 	 0.010634 
0.253563 	0.171635 	0.112944 	0.117679 	 0.010168 
0.252028 	0.173493 	0.113833 	0.121487 	 0.010764 
0.259798 	0.170712 	0.112006 	0.121743 	 0.010518 
0.255828 	0.175248 	0.115426 	0.121841 	 0.010906 
0.260773 	0.166326 	0.109768 	0.114193 	 0.010166 
0.270313 	0.155179 	0.102293 	0.107660 	 0.008945 
0.258987 	0.158898 	0.104905 	0.109889 	 0.009896 
0.261198 	0.167173 	0.110067 	0.114850 	 0.009424 
0.267099 	0.159980 	0.106116 	0.109737 	 0.009540 
0.266583 	0.161550 	0.106911 	0.110696 	 0.009775 
0.253659 	0.162231 	0.106997 	0.110902 	 0.009659 
0.259400 	0.171807 	0.113460 	0.118791 	 0.009463 
0.261769 	0.170018 	0.112344 	0.117024 	 0.009644 
0.255523 	0.165682 	0.109368 	0.114876 	 0.010236 
0.264063 	0.164697 	0.108842 	0.115083 	 0.009836 
0.267175 	0.159003 	0.105323 	0.108885 	 0.009490 
0.245759 	0.173446 	0.114531 	0.119965 	 0.010609 
0.250162 	0.172098 	0.113762 	0.115777 	 0.010278 
0.256638 	0.165146 	0.109112 	0.113428 	 0.009805 
0.246355 	0.175502 	0.116035 	0.120115 	 0.010602 
0.260623 	0.161994 	0.107307 	0.109980 	 0.009021 
0.253998 	0.172319 	0.114093 	0.116775 	 0.009905 
0.254291 	0.172433 	0.113916 	0.116286 	 0.009571 
0.256593 	0.163312 	0.108282 	0.111314 	 0.010117 
0.252035 	0.167808 	0.111065 	0.114842 	 0.010154 
0.257956 	0.158003 	0.104710 	0.107035 	 0.008984 
0.244652 	0.175367 	0.116299 	0.118829 	 0.010699 
0.256532 	0.164462 	0.109101 	0.110635 	 0.009454 
0.246431 	0.171855 	0.113512 	0.117286 	 0.009708 
0.255426 	0.161164 	0.107019 	0.108219 	 0.009591 
0.248752 	0.177459 	0.117887 	0.119311 	 0.010596 
0.254083 	0.162369 	0.107876 	0.109990 	 0.009895 
0.249530 	0.164743 	0.109351 	0.110955 	 0.010083 
0.253623 	0.163433 	0.108743 	0.109274 	 0.009939 
0.253014 	0.171572 	0.113772 	0.115546 	 0.010185 
0.246255 	0.174737 	0.116006 	0.115942 	 0.010122 
0.245997 	0.171464 	0.113676 	0.116699 	 0.010728 
0.249131 	0.166110 	0.110454 	0.110235 	 0.009965 
0.242684 	0.173035 	0.115079 	0.115991 	 0.010864 
0.237788 	0.174817 	0.116012 	0.117496 	 0.010560 
0.242176 	0.179082 	0.118719 	0.120943 	 0.010731 
0.237146 	0.172156 	0.114581 	0.112867 	 0.010698 
0.239972 	0.180170 	0.119731 	0.119205 	 0.010913 
0.236065 	0.178401 	0.118338 	0.121422 	 0.011390 
0.238247 	0.187658 	0.124953 	0.123632 	 0.010867 
0.229543 	0.176098 	0.117357 	0.114655 	 0.011461 
0.234179 	0.181978 	0.120472 	0.120531 	 0.010874 
0.241120 	0.167239 	0.111481 	0.107562 	 0.010039 
0.245746 	0.172869 	0.115051 	0.113624 	 0.010181 
0.234317 	0.178899 	0.119276 	0.115058 	 0.010749 
0.243087 	0.171099 	0.114207 	0.110737 	 0.010135 
0.243762 	0.170992 	0.114369 	0.109474 	 0.010371 
0.230228 	0.178486 	0.118309 	0.119576 	 0.010620 
0.224691 	0.193250 	0.128038 	0.130586 	 0.012056 
0.229398 	0.181531 	0.120761 	0.119974 	 0.011009 
0.237654 	0.169936 	0.113744 	0.106727 	 0.010380 
0.219751 	0.193958 	0.129283 	0.125118 	 0.012059 
0.233671 	0.173293 	0.115717 	0.111430 	 0.010556 
0.237034 	0.183887 	0.122746 	0.116923 	 0.010416 
0.235971 	0.183602 	0.122321 	0.119316 	 0.010377 
0.233576 	0.184520 	0.123302 	0.119376 	 0.011264 
0.224423 	0.187857 	0.125663 	0.120377 	 0.011895 
0.234487 	0.182068 	0.121490 	0.116773 	 0.010445 
0.232046 	0.193628 	0.129643 	0.123857 	 0.011927 
0.218811 	0.193892 	0.129654 	0.123085 	 0.012200 
0.232045 	0.189187 	0.126673 	0.119654 	 0.010721 
0.210893 	0.204878 	0.136721 	0.131823 	 0.012390 
0.221399 	0.197917 	0.132667 	0.124746 	 0.012450 
0.214746 	0.196395 	0.131383 	0.123159 	 0.011935 
0.230852 	0.187684 	0.126124 	0.118418 	 0.011421 
0.224121 	0.204784 	0.136548 	0.132398 	 0.011838 
0.210383 	0.197234 	0.131641 	0.126048 	 0.011962 
0.221509 	0.199810 	0.133301 	0.127464 	 0.011654 
0.243929 	0.182226 	0.122398 	0.112695 	 0.009886 
0.228717 	0.179087 	0.120142 	0.110498 	 0.010363 
0.219151 	0.196087 	0.131436 	0.123537 	 0.011588 
0.226161 	0.186794 	0.125439 	0.117932 	 0.011507 
0.227271 	0.186314 	0.124289 	0.119722 	 0.010425 
0.220306 	0.195875 	0.131485 	0.124576 	 0.012514 
0.216458 	0.194907 	0.130875 	0.123130 	 0.012553 
0.227913 	0.188774 	0.126650 	0.119231 	 0.011209 
0.219209 	0.193468 	0.129971 	0.121932 	 0.012228 
0.208375 	0.202211 	0.135651 	0.126194 	 0.012465 
0.198001 	0.223269 	0.149307 	0.140510 	 0.013722 
0.215374 	0.203687 	0.136200 	0.130631 	 0.012516 
0.219431 	0.185908 	0.125350 	0.112348 	 0.011209 
0.217789 	0.196601 	0.131604 	0.125144 	 0.011527 
0.219337 	0.197331 	0.133032 	0.120351 	 0.012163 
0.211074 	0.199176 	0.133900 	0.123715 	 0.012290 
0.225455 	0.193698 	0.130578 	0.119164 	 0.011182 
0.231811 	0.183859 	0.124143 	0.112998 	 0.010868 
0.206914 	0.203526 	0.136696 	0.128292 	 0.012560 
0.210635 	0.194269 	0.131544 	0.117076 	 0.011850 
0.214563 	0.202700 	0.136264 	0.126347 	 0.012128 
0.213447 	0.205312 	0.138449 	0.126906 	 0.012182 
0.219060 	0.199984 	0.134522 	0.125244 	 0.012202 
0.218958 	0.204839 	0.137811 	0.126790 	 0.011344 
0.200400 	0.209779 	0.141075 	0.130024 	 0.012523 
0.213882 	0.204435 	0.137586 	0.126766 	 0.012123 
0.210009 	0.205208 	0.138305 	0.125420 	 0.012378 
0.205419 	0.209917 	0.141680 	0.127172 	 0.012573 
0.210535 	0.198180 	0.134075 	0.119799 	 0.012536 
0.204516 	0.206534 	0.139137 	0.126344 	 0.012110 
0.208337 	0.202396 	0.136520 	0.122510 	 0.011852 
0.209323 	0.201613 	0.135521 	0.125555 	 0.011711 
0.213451 	0.204287 	0.138554 	0.121933 	 0.012145 
0.207478 	0.210419 	0.142199 	0.126809 	 0.012265 
0.203576 	0.210750 	0.142321 	0.125192 	 0.012273 
0.197103 	0.219166 	0.148056 	0.131095 	 0.012871 
0.210102 	0.203741 	0.137800 	0.120766 	 0.011916 
0.214736 	0.196627 	0.133235 	0.117926 	 0.011709 
0.198414 	0.208535 	0.140814 	0.126934 	 0.012648 
0.204177 	0.203585 	0.137612 	0.124579 	 0.012629 
0.207923 	0.204621 	0.138449 	0.122003 	 0.011616 
0.204487 	0.205823 	0.139335 	0.123233 	 0.012568 
0.199418 	0.210578 	0.142808 	0.127726 	 0.013320 
0.208020 	0.200443 	0.135706 	0.119838 	 0.011639 
0.208604 	0.206339 	0.139904 	0.122601 	 0.011932 
0.202936 	0.209288 	0.141839 	0.124582 	 0.011883 
0.204507 	0.209015 	0.141716 	0.123074 	 0.012352 
0.216191 	0.192195 	0.130889 	0.111075 	 0.010982 
0.217901 	0.196989 	0.133813 	0.114674 	 0.010941 
0.211078 	0.190968 	0.130005 	0.111183 	 0.011088 
0.200839 	0.205509 	0.139064 	0.123862 	 0.012669 
0.200896 	0.207931 	0.140636 	0.127253 	 0.012499 
0.207882 	0.205101 	0.139303 	0.120159 	 0.011698 
0.205106 	0.197375 	0.133999 	0.116676 	 0.012021 
0.201144 	0.201398 	0.136667 	0.117581 	 0.011684 
0.203104 	0.205103 	0.139238 	0.120683 	 0.011751 
0.203001 	0.203716 	0.138699 	0.118927 	 0.012503 
0.201580 	0.204268 	0.138518 	0.122493 	 0.012686 
0.199507 	0.208508 	0.141253 	0.123929 	 0.012224 
0.204961 	0.204453 	0.139361 	0.117088 	 0.011746 
0.194286 	0.213304 	0.144553 	0.126551 	 0.012254 
0.202025 	0.199839 	0.135896 	0.117404 	 0.012133 
0.192318 	0.203248 	0.137952 	0.119915 	 0.012046 
0.183808 	0.214632 	0.145544 	0.125465 	 0.012252 
0.200377 	0.203970 	0.138685 	0.118649 	 0.012174 
0.196217 	0.206047 	0.140076 	0.121071 	 0.012506 
0.203317 	0.207097 	0.140910 	0.120680 	 0.011864 
0.205951 	0.204711 	0.139944 	0.115551 	 0.011667 
0.197429 	0.212858 	0.145052 	0.120762 	 0.012174 
0.200000 	0.206168 	0.140570 	0.119377 	 0.012049 
0.188967 	0.223678 	0.151603 	0.132843 	 0.012781 
0.197040 	0.204604 	0.139925 	0.116501 	 0.012074 
0.195897 	0.209387 	0.142581 	0.122544 	 0.012744 
0.199390 	0.207906 	0.141574 	0.120685 	 0.011464 
0.206660 	0.199100 	0.136045 	0.112545 	 0.011219 
0.186310 	0.224464 	0.152855 	0.130174 	 0.013207 
0.199736 	0.202224 	0.138315 	0.114422 	 0.011893 
0.184820 	0.215778 	0.147147 	0.124109 	 0.012906 
0.189042 	0.223689 	0.152427 	0.129717 	 0.013216 
0.186796 	0.221497 	0.151381 	0.126802 	 0.013319 
0.198966 	0.204691 	0.140342 	0.112791 	 0.011463 
0.176760 	0.215099 	0.147124 	0.122541 	 0.013789 
0.177942 	0.217574 	0.148343 	0.124072 	 0.013395 
0.194504 	0.211974 	0.144816 	0.119558 	 0.012505 
0.186020 	0.218682 	0.149141 	0.124366 	 0.012873 
0.165181 	0.233957 	0.158949 	0.136449 	 0.014911 
0.181182 	0.216435 	0.147900 	0.121715 	 0.012952 
0.179518 	0.223529 	0.152534 	0.127962 	 0.013506 
0.184751 	0.211884 	0.144913 	0.119639 	 0.012694 
0.172560 	0.228978 	0.155764 	0.132319 	 0.013933 
0.183561 	0.216670 	0.148612 	0.122076 	 0.013618 
0.177922 	0.225038 	0.153627 	0.127709 	 0.013662 
0.182066 	0.219745 	0.150360 	0.123059 	 0.012981 
0.178288 	0.215431 	0.147525 	0.121575 	 0.013077 
0.190073 	0.211421 	0.145277 	0.116305 	 0.012452 
0.178298 	0.218396 	0.149837 	0.121494 	 0.013249 
0.178635 	0.224112 	0.153373 	0.124996 	 0.013569 
0.173619 	0.230898 	0.157457 	0.130247 	 0.013632 
0.171169 	0.231125 	0.157613 	0.131928 	 0.013923 
0.170653 	0.226321 	0.155011 	0.125569 	 0.013829 
0.186759 	0.221854 	0.152351 	0.123316 	 0.012892 
0.175530 	0.228158 	0.156778 	0.124587 	 0.013738 
0.173200 	0.224354 	0.153984 	0.123831 	 0.013571 
0.180376 	0.221840 	0.152340 	0.122143 	 0.012941 
0.194072 	0.209175 	0.144180 	0.114993 	 0.012418 
0.186129 	0.219074 	0.150435 	0.121190 	 0.013110 
0.167814 	0.233517 	0.160249 	0.130085 	 0.014372 
0.184084 	0.218971 	0.150510 	0.119749 	 0.013168 
0.168035 	0.223011 	0.153331 	0.121955 	 0.013648 
0.180619 	0.226769 	0.155908 	0.123280 	 0.012739 
0.183851 	0.217661 	0.149676 	0.117869 	 0.011946 
0.170968 	0.231010 	0.158375 	0.128082 	 0.013461 
0.161352 	0.235423 	0.161693 	0.129603 	 0.014571 
0.177473 	0.234740 	0.161702 	0.126866 	 0.014114 
0.176785 	0.231880 	0.159311 	0.127782 	 0.013310 
0.173217 	0.225093 	0.154922 	0.123655 	 0.014234 
0.178054 	0.222997 	0.152987 	0.123399 	 0.012659 
0.168061 	0.231576 	0.158959 	0.129911 	 0.014154 
0.179117 	0.227287 	0.156553 	0.125099 	 0.013555 
0.172004 	0.228546 	0.157219 	0.126225 	 0.013796 
0.179559 	0.230428 	0.158661 	0.127816 	 0.014184 
0.182307 	0.227675 	0.157260 	0.122760 	 0.013624 
0.174844 	0.231439 	0.159483 	0.125565 	 0.013845 
0.165158 	0.238664 	0.164229 	0.132827 	 0.014844 
0.176030 	0.222042 	0.153597 	0.116096 	 0.013110 
0.169169 	0.232850 	0.160320 	0.126205 	 0.013782 
0.169418 	0.232185 	0.159918 	0.126738 	 0.014080 
0.168687 	0.236547 	0.162996 	0.128807 	 0.014463 
0.183949 	0.218294 	0.151157 	0.116033 	 0.012939 
0.166430 	0.233611 	0.161224 	0.128016 	 0.014923 
0.167317 	0.235862 	0.162662 	0.126281 	 0.013620 
0.172026 	0.232851 	0.160795 	0.123262 	 0.013322 
0.157051 	0.241267 	0.166286 	0.129972 	 0.014478 
0.163766 	0.239963 	0.165456 	0.131359 	 0.015105 
0.171915 	0.234824 	0.162127 	0.127348 	 0.014063 
0.175881 	0.232397 	0.160863 	0.123849 	 0.013533 
0.159488 	0.233670 	0.161363 	0.123663 	 0.014114 
0.179054 	0.238926 	0.165255 	0.127017 	 0.013407 
0.166885 	0.238054 	0.163901 	0.130519 	 0.013540 
0.173737 	0.229549 	0.159003 	0.121276 	 0.013143 
0.165224 	0.227693 	0.157526 	0.122084 	 0.013794 
0.157933 	0.242636 	0.167646 	0.130352 	 0.014672 
0.160020 	0.247868 	0.170756 	0.133869 	 0.014211 
0.172657 	0.227465 	0.157677 	0.119623 	 0.012900 
0.188386 	0.217495 	0.151940 	0.110772 	 0.012436 
0.167484 	0.235120 	0.162836 	0.123265 	 0.013514 
0.166416 	0.242412 	0.167612 	0.128641 	 0.014023 
0.154853 	0.241855 	0.167011 	0.130483 	 0.014368 
0.156497 	0.246536 	0.170452 	0.131237 	 0.014531 
0.168013 	0.236568 	0.163955 	0.122972 	 0.013964 
0.148348 	0.248296 	0.171581 	0.133207 	 0.015180 
0.156281 	0.239776 	0.165906 	0.125570 	 0.014223 
0.166386 	0.237450 	0.164653 	0.124107 	 0.013467 
0.170493 	0.233982 	0.162641 	0.121097 	 0.013541 
0.172788 	0.232112 	0.161459 	0.120208 	 0.013566 
0.162562 	0.246058 	0.170396 	0.132005 	 0.014970 
0.173489 	0.232599 	0.161906 	0.118355 	 0.012849 
0.149139 	0.251230 	0.173970 	0.131642 	 0.015163 
0.153943 	0.249814 	0.173166 	0.130334 	 0.014405 
0.164440 	0.227684 	0.158530 	0.116291 	 0.013345 
0.170631 	0.228456 	0.158580 	0.118237 	 0.012429 
0.159309 	0.232784 	0.162019 	0.120841 	 0.014017 
0.163332 	0.240869 	0.167645 	0.124889 	 0.014051 
0.163529 	0.226819 	0.158092 	0.115346 	 0.013058 
0.158167 	0.236387 	0.164018 	0.124310 	 0.013666 
0.151023 	0.244369 	0.169083 	0.130940 	 0.014393 
0.153280 	0.244265 	0.169557 	0.129106 	 0.014510 
0.155448 	0.238634 	0.165784 	0.126150 	 0.014267 
0.154139 	0.235566 	0.163967 	0.121364 	 0.013828 
0.157533 	0.241380 	0.167492 	0.129048 	 0.014336 
0.161513 	0.239734 	0.167027 	0.121588 	 0.013371 
0.155268 	0.242370 	0.168405 	0.126241 	 0.014425 
0.147617 	0.245768 	0.170629 	0.128680 	 0.014777 
0.164496 	0.228783 	0.159770 	0.116729 	 0.013600 
0.139438 	0.259091 	0.179142 	0.137586 	 0.015432 
0.155370 	0.243385 	0.169404 	0.125016 	 0.014418 
0.139665 	0.260939 	0.180919 	0.138490 	 0.015184 
0.150478 	0.243061 	0.169286 	0.123499 	 0.014245 
0.153029 	0.241939 	0.168279 	0.126501 	 0.014498 
0.159676 	0.240246 	0.167760 	0.121362 	 0.014136 
0.149247 	0.248157 	0.172782 	0.127079 	 0.014275 
0.166828 	0.229431 	0.160734 	0.116513 	 0.013424 
0.159974 	0.240534 	0.167858 	0.123738 	 0.014236 
0.159684 	0.231759 	0.162366 	0.116098 	 0.013462 
0.159568 	0.231790 	0.162348 	0.114801 	 0.013503 
0.151819 	0.251487 	0.175156 	0.128109 	 0.013964 
0.152832 	0.246412 	0.171523 	0.129858 	 0.014423 
0.153362 	0.247265 	0.172627 	0.124546 	 0.013993 
0.149904 	0.247977 	0.173107 	0.126315 	 0.014735 
0.137357 	0.259264 	0.180421 	0.131126 	 0.014821 
0.137166 	0.261229 	0.181139 	0.137445 	 0.015375 
0.150264 	0.249426 	0.174054 	0.128003 	 0.015074 
0.157178 	0.235061 	0.164873 	0.116989 	 0.013837 
0.150424 	0.238623 	0.166901 	0.120496 	 0.014369 
0.153973 	0.244372 	0.170821 	0.123455 	 0.013990 
0.143238 	0.257155 	0.179489 	0.131281 	 0.015312 
0.144055 	0.250711 	0.175025 	0.128280 	 0.015011 
0.150992 	0.249002 	0.174611 	0.123702 	 0.015385 
0.138884 	0.252994 	0.176644 	0.127009 	 0.014850 
0.136185 	0.253833 	0.177412 	0.127536 	 0.015454 
0.161678 	0.234379 	0.164962 	0.112497 	 0.012688 
0.136352 	0.263046 	0.183025 	0.135659 	 0.015079 
0.132317 	0.259183 	0.180491 	0.134707 	 0.015613 
0.138041 	0.256305 	0.179055 	0.128354 	 0.015066 
0.151809 	0.244057 	0.171650 	0.118902 	 0.013890 
0.125124 	0.256364 	0.179381 	0.127513 	 0.015938 
0.141283 	0.253682 	0.177659 	0.123303 	 0.014107 
0.141307 	0.254527 	0.178447 	0.125906 	 0.015399 
0.135515 	0.256281 	0.179555 	0.128161 	 0.015200 
0.139140 	0.260639 	0.182426 	0.129541 	 0.015064 
0.134100 	0.250476 	0.176022 	0.123133 	 0.015556 
0.149395 	0.254640 	0.178715 	0.126396 	 0.014965 
0.137708 	0.257650 	0.180554 	0.128670 	 0.015993 
0.148325 	0.244425 	0.171939 	0.119943 	 0.014418 
0.150823 	0.242680 	0.170768 	0.117883 	 0.014162 
0.145915 	0.246617 	0.173689 	0.118583 	 0.014430 
0.132952 	0.265831 	0.185788 	0.134187 	 0.015553 
0.131640 	0.265971 	0.186258 	0.131443 	 0.015315 
0.134014 	0.262434 	0.183800 	0.130889 	 0.015932 
0.136408 	0.268955 	0.187954 	0.136311 	 0.015686 
0.146077 	0.255050 	0.179362 	0.125524 	 0.015093 
0.135925 	0.257573 	0.181225 	0.124388 	 0.014883 
0.128107 	0.261640 	0.183634 	0.129535 	 0.015683 
0.136673 	0.262919 	0.184473 	0.130424 	 0.015587 
0.125126 	0.268098 	0.188403 	0.134710 	 0.016703 
0.140814 	0.258890 	0.182086 	0.128596 	 0.015753 
0.127987 	0.267897 	0.187551 	0.135186 	 0.016487 
0.143646 	0.252212 	0.177787 	0.121716 	 0.015033 
0.141129 	0.263013 	0.184448 	0.133385 	 0.015454 
0.135136 	0.269284 	0.188786 	0.136055 	 0.016240 
0.135518 	0.262717 	0.184834 	0.127730 	 0.015664 
0.121639 	0.273434 	0.191738 	0.137529 	 0.016653 
0.145117 	0.250456 	0.177312 	0.118304 	 0.015041 
0.148633 	0.250997 	0.177637 	0.117248 	 0.014589 
0.140639 	0.257951 	0.181981 	0.125381 	 0.015453 
0.129323 	0.270541 	0.189915 	0.135701 	 0.016041 
0.128906 	0.276245 	0.193834 	0.138018 	 0.016622 
0.133546 	0.261051 	0.184343 	0.126148 	 0.015944 
0.108405 	0.284500 	0.199012 	0.145015 	 0.017595 
0.145503 	0.257911 	0.181866 	0.124947 	 0.014194 
0.141562 	0.254445 	0.180012 	0.120642 	 0.014403 
0.154430 	0.234035 	0.167122 	0.106014 	 0.013943 
0.131916 	0.262521 	0.185294 	0.126705 	 0.015531 
0.121714 	0.274184 	0.193067 	0.131931 	 0.015983 
0.134694 	0.269505 	0.189776 	0.131525 	 0.015029 
0.128546 	0.265128 	0.187228 	0.126082 	 0.015622 
0.140598 	0.265071 	0.187228 	0.127966 	 0.015569 
0.122215 	0.269547 	0.190295 	0.128764 	 0.015778 
0.129907 	0.266557 	0.188489 	0.127477 	 0.016099 
0.125744 	0.268973 	0.190034 	0.131208 	 0.016660 
0.128166 	0.266213 	0.188569 	0.125350 	 0.015804 
0.133285 	0.268126 	0.189558 	0.128732 	 0.016126 
0.128567 	0.271511 	0.191942 	0.130032 	 0.015962 
0.142211 	0.258683 	0.183313 	0.122979 	 0.015154 
0.133059 	0.266410 	0.188638 	0.125061 	 0.015493 
0.129395 	0.261691 	0.185654 	0.120506 	 0.015006 
0.127625 	0.271852 	0.192017 	0.130040 	 0.016206 
0.119244 	0.273136 	0.192821 	0.130656 	 0.016425 
0.130625 	0.261645 	0.185677 	0.121890 	 0.015167 
0.129250 	0.262974 	0.186839 	0.122773 	 0.015871 
0.115941 	0.278499 	0.196905 	0.134243 	 0.017249 
0.128214 	0.274382 	0.194481 	0.128384 	 0.015973 
0.129283 	0.272087 	0.192597 	0.128265 	 0.015664 
0.132337 	0.258276 	0.183611 	0.119607 	 0.014936 
0.126894 	0.276469 	0.195294 	0.134364 	 0.016212 
0.146024 	0.253028 	0.180128 	0.115822 	 0.014426 
0.123272 	0.275552 	0.194899 	0.134688 	 0.017115 
0.125617 	0.271822 	0.192395 	0.128259 	 0.015830 
0.112065 	0.287985 	0.203321 	0.137815 	 0.016958 
0.131067 	0.276937 	0.196243 	0.133258 	 0.016866 
0.132948 	0.261456 	0.186149 	0.120553 	 0.015731 
0.122881 	0.274409 	0.194301 	0.131912 	 0.016350 
0.138579 	0.266224 	0.189417 	0.122803 	 0.015330 
0.121343 	0.275217 	0.195255 	0.128705 	 0.016301 
0.123558 	0.273574 	0.194142 	0.128623 	 0.016150 
0.139184 	0.257454 	0.183745 	0.118358 	 0.015152 
0.122039 	0.273624 	0.194375 	0.129757 	 0.016656 
0.130259 	0.265020 	0.188732 	0.122213 	 0.015626 
0.121496 	0.272147 	0.193249 	0.129029 	 0.016309 
0.129359 	0.266905 	0.190413 	0.122202 	 0.016125 
0.122616 	0.272575 	0.193802 	0.128099 	 0.016237 
0.129170 	0.265732 	0.189836 	0.120807 	 0.016022 
0.136351 	0.254882 	0.182168 	0.114911 	 0.015042 
0.140047 	0.258960 	0.185026 	0.119513 	 0.015256 
0.129051 	0.280018 	0.199148 	0.131454 	 0.016657 
0.129782 	0.262264 	0.187706 	0.117576 	 0.015749 
0.115521 	0.279804 	0.198521 	0.133607 	 0.017134 
0.124600 	0.267610 	0.190973 	0.123579 	 0.016111 
0.117888 	0.277254 	0.197051 	0.133179 	 0.017080 
0.121590 	0.272248 	0.193476 	0.129547 	 0.016512 
0.122018 	0.277254 	0.197867 	0.126795 	 0.017024 
0.118131 	0.284672 	0.202646 	0.132328 	 0.017115 
0.121704 	0.277095 	0.197372 	0.127986 	 0.016337 
0.130075 	0.271804 	0.193728 	0.126123 	 0.015738 
0.112821 	0.286299 	0.203702 	0.134548 	 0.017792 
0.103118 	0.287640 	0.204205 	0.136826 	 0.017586 
0.127875 	0.267106 	0.190962 	0.122333 	 0.016022 
0.114560 	0.283414 	0.201730 	0.131331 	 0.016784 
0.124909 	0.276761 	0.197515 	0.127180 	 0.015627 
0.119512 	0.286295 	0.203682 	0.134803 	 0.016849 
0.119827 	0.280948 	0.200730 	0.129299 	 0.016989 
0.117288 	0.274856 	0.196070 	0.127484 	 0.016255 
0.125387 	0.275996 	0.197204 	0.125895 	 0.016252 
0.114497 	0.282579 	0.201348 	0.132658 	 0.017527 
0.128266 	0.270265 	0.193673 	0.122139 	 0.016368 
0.106914 	0.277489 	0.198516 	0.126077 	 0.017331 
0.118290 	0.279891 	0.199908 	0.129431 	 0.017235 
0.115811 	0.270042 	0.193824 	0.121654 	 0.016856 
0.111489 	0.275067 	0.196283 	0.127283 	 0.016343 
0.112938 	0.264964 	0.190391 	0.115811 	 0.016045 
0.120197 	0.272096 	0.194411 	0.126823 	 0.016247 
0.131004 	0.257197 	0.185510 	0.113859 	 0.015908 
0.112148 	0.261975 	0.187696 	0.118465 	 0.015848 
0.121707 	0.270983 	0.194090 	0.120767 	 0.015863 
0.128277 	0.257667 	0.185084 	0.116495 	 0.015264 
0.114204 	0.275390 	0.197520 	0.125761 	 0.017370 
0.130047 	0.261940 	0.188526 	0.116116 	 0.015329 
0.116053 	0.277946 	0.199333 	0.126075 	 0.016980 
0.125068 	0.264301 	0.190070 	0.118279 	 0.016063 
0.124805 	0.265812 	0.191148 	0.117754 	 0.015675 
0.108542 	0.277476 	0.199287 	0.123339 	 0.016977 
0.115487 	0.269335 	0.193310 	0.122156 	 0.016432 
0.132365 	0.257720 	0.186293 	0.111464 	 0.015847 
0.122501 	0.264762 	0.190605 	0.117101 	 0.015591 
0.129545 	0.267878 	0.193001 	0.119203 	 0.016053 
0.125015 	0.253587 	0.184189 	0.105962 	 0.015859 
0.134632 	0.259839 	0.187627 	0.113353 	 0.015177 
0.115253 	0.279619 	0.200364 	0.130149 	 0.017037 
0.111253 	0.290613 	0.208009 	0.135077 	 0.017606 
0.119056 	0.274077 	0.197073 	0.124523 	 0.016799 
0.132152 	0.270124 	0.194572 	0.121177 	 0.016177 
0.118921 	0.277809 	0.199248 	0.128068 	 0.016865 
0.114504 	0.274068 	0.197253 	0.123015 	 0.017159 
0.108918 	0.274927 	0.198227 	0.122143 	 0.017836 
0.111025 	0.284441 	0.203817 	0.130217 	 0.017927 
0.111426 	0.274863 	0.198065 	0.119268 	 0.016689 
0.119704 	0.267948 	0.194134 	0.113674 	 0.016512 
0.440279 	-0.000311 	0.001213 	-0.002806 	 0.000018 
0.440585 	0.006533 	0.005459 	0.004689 	 0.001237 
0.450852 	0.011201 	0.008251 	0.013349 	 0.001200 
0.448862 	0.009959 	0.007441 	0.013501 	 0.001752 
0.441050 	0.028767 	0.019225 	0.028888 	 0.002154 
0.446611 	0.022405 	0.015679 	0.021768 	 0.002053 
0.426259 	0.037057 	0.024887 	0.032425 	 0.003125 
0.437727 	0.024774 	0.016913 	0.026379 	 0.002592 
0.433725 	0.035169 	0.024001 	0.030069 	 0.003096 
0.429115 	0.026683 	0.017684 	0.029509 	 0.003130 
0.421296 	0.032705 	0.022473 	0.029455 	 0.004073 
0.424279 	0.034553 	0.022925 	0.035010 	 0.003560 
0.439187 	0.028641 	0.019626 	0.025531 	 0.001995 
0.450330 	0.009282 	0.006709 	0.015697 	 0.002313 
0.432745 	0.036532 	0.024554 	0.030682 	 0.002845 
0.416276 	0.049073 	0.032158 	0.044079 	 0.004119 
0.407888 	0.049342 	0.032826 	0.041659 	 0.004342 
0.420574 	0.035024 	0.023522 	0.031919 	 0.003472 
0.402263 	0.050400 	0.033149 	0.044400 	 0.004685 
0.411259 	0.043071 	0.029050 	0.037145 	 0.004869 
0.398175 	0.056075 	0.036513 	0.048656 	 0.005100 
0.394268 	0.055709 	0.036512 	0.050292 	 0.005517 
0.406901 	0.051858 	0.034505 	0.043401 	 0.005331 
0.393031 	0.054265 	0.035470 	0.046712 	 0.005535 
0.387546 	0.057859 	0.037934 	0.050923 	 0.006061 
0.395063 	0.057659 	0.038326 	0.047294 	 0.005679 
0.397780 	0.054531 	0.035982 	0.046539 	 0.005440 
0.388303 	0.048421 	0.032070 	0.043239 	 0.005619 
0.401045 	0.048908 	0.032754 	0.040962 	 0.005146 
0.378935 	0.069939 	0.045845 	0.058878 	 0.007390 
0.392618 	0.055636 	0.036651 	0.049020 	 0.005961 
0.387235 	0.059726 	0.038796 	0.054014 	 0.005968 
0.383702 	0.060717 	0.040372 	0.049598 	 0.007027 
0.396295 	0.053757 	0.035623 	0.045351 	 0.005470 
0.379458 	0.063395 	0.041897 	0.053042 	 0.007070 
0.381843 	0.061921 	0.041004 	0.050428 	 0.006066 
0.385219 	0.057786 	0.038154 	0.049316 	 0.006408 
0.385463 	0.055948 	0.036648 	0.050704 	 0.006341 
0.388644 	0.051043 	0.033602 	0.047098 	 0.006168 
0.371404 	0.064692 	0.042573 	0.054358 	 0.007271 
0.365483 	0.076446 	0.050470 	0.062020 	 0.007754 
0.365914 	0.071813 	0.046889 	0.060966 	 0.007011 
0.377521 	0.062209 	0.040840 	0.051474 	 0.005987 
0.372075 	0.072877 	0.048165 	0.057976 	 0.006893 
0.371511 	0.059943 	0.039582 	0.050294 	 0.006765 
0.376352 	0.063104 	0.042056 	0.053160 	 0.007335 
0.363277 	0.070335 	0.045803 	0.060144 	 0.006946 
0.375335 	0.061830 	0.041076 	0.053037 	 0.007117 
0.370163 	0.063909 	0.042274 	0.053187 	 0.007116 
0.357677 	0.071842 	0.047129 	0.060487 	 0.008043 
0.373736 	0.067900 	0.044696 	0.056690 	 0.006745 
0.369102 	0.060211 	0.039991 	0.048278 	 0.006514 
0.373628 	0.067491 	0.044424 	0.056577 	 0.007033 
0.376114 	0.062802 	0.041355 	0.053687 	 0.006516 
0.357165 	0.079532 	0.052544 	0.065726 	 0.008928 
0.363855 	0.072246 	0.047646 	0.060557 	 0.007968 
0.361389 	0.067318 	0.044280 	0.058617 	 0.007147 
0.348482 	0.084596 	0.055531 	0.069408 	 0.007948 
0.355962 	0.075838 	0.049654 	0.063813 	 0.007974 
0.351809 	0.079143 	0.052727 	0.061383 	 0.008560 
0.361091 	0.066185 	0.043765 	0.055774 	 0.007758 
0.362675 	0.061473 	0.041188 	0.049416 	 0.007495 
0.350333 	0.069011 	0.045838 	0.055974 	 0.008025 
0.345582 	0.073726 	0.048869 	0.060338 	 0.008731 
0.365498 	0.063672 	0.042082 	0.053375 	 0.006922 
0.349443 	0.075360 	0.049565 	0.062116 	 0.007977 
0.347938 	0.076674 	0.050635 	0.061851 	 0.008136 
0.359113 	0.073264 	0.048784 	0.060464 	 0.008669 
0.341389 	0.081845 	0.053632 	0.067923 	 0.008825 
0.335757 	0.083329 	0.054508 	0.069205 	 0.009447 
0.335243 	0.078453 	0.051467 	0.064352 	 0.008529 
0.338414 	0.086015 	0.056829 	0.067392 	 0.009141 
0.337836 	0.080265 	0.053028 	0.064824 	 0.008937 
0.341558 	0.083794 	0.055356 	0.068568 	 0.009519 
0.333794 	0.078583 	0.051880 	0.063615 	 0.008945 
0.346322 	0.067012 	0.044438 	0.056325 	 0.007754 
0.334289 	0.092728 	0.061252 	0.071368 	 0.009508 
0.333828 	0.091583 	0.060379 	0.069931 	 0.008437 
0.333895 	0.090289 	0.059582 	0.072135 	 0.009519 
0.346558 	0.076015 	0.050763 	0.060262 	 0.008193 
0.324968 	0.092472 	0.060696 	0.073603 	 0.009247 
0.330711 	0.086596 	0.057491 	0.066878 	 0.009220 
0.325205 	0.088745 	0.058137 	0.072552 	 0.009499 
0.339462 	0.084233 	0.055992 	0.064392 	 0.008332 
0.323540 	0.097865 	0.064444 	0.076718 	 0.009868 
0.323282 	0.090753 	0.060037 	0.070285 	 0.009471 
0.333078 	0.085577 	0.056842 	0.065590 	 0.008945 
0.335740 	0.075293 	0.049761 	0.059529 	 0.008266 
0.321026 	0.089623 	0.059447 	0.067132 	 0.009060 
0.325835 	0.091413 	0.060704 	0.069625 	 0.009417 
0.333834 	0.087110 	0.057621 	0.070123 	 0.009333 
0.319476 	0.094509 	0.062517 	0.072449 	 0.009553 
0.316161 	0.095584 	0.063086 	0.073443 	 0.009872 
0.325481 	0.086526 	0.057535 	0.066774 	 0.009233 
0.323863 	0.088247 	0.058494 	0.069139 	 0.009350 
0.316171 	0.098733 	0.065547 	0.073978 	 0.009719 
0.329902 	0.086157 	0.057494 	0.066624 	 0.009567 
0.315204 	0.090719 	0.059989 	0.071088 	 0.010042 
0.327506 	0.086049 	0.057319 	0.065941 	 0.009002 
0.326754 	0.092795 	0.061596 	0.069847 	 0.009149 
0.316059 	0.094829 	0.062782 	0.073402 	 0.009740 
0.321024 	0.092444 	0.061276 	0.070925 	 0.009196 
0.320585 	0.088757 	0.059258 	0.066003 	 0.009232 
0.318664 	0.083713 	0.055842 	0.064149 	 0.009337 
0.327115 	0.083360 	0.055586 	0.064323 	 0.008828 
0.305156 	0.097551 	0.064691 	0.074679 	 0.010227 
0.308477 	0.105775 	0.070583 	0.077708 	 0.010758 
0.302463 	0.106351 	0.070332 	0.080623 	 0.010702 
0.314045 	0.098358 	0.064947 	0.076372 	 0.010014 
0.309963 	0.090268 	0.059471 	0.070280 	 0.009340 
0.321412 	0.089649 	0.059667 	0.067973 	 0.008972 
0.291125 	0.105659 	0.070133 	0.078990 	 0.010870 
0.309051 	0.094105 	0.063403 	0.068668 	 0.010130 
0.306814 	0.103028 	0.068474 	0.075551 	 0.010139 
0.296560 	0.111670 	0.074067 	0.083590 	 0.011502 
0.312468 	0.100782 	0.067130 	0.076537 	 0.010017 
0.309556 	0.099671 	0.066323 	0.074072 	 0.010726 
0.317282 	0.094986 	0.063601 	0.069946 	 0.009929 
0.310274 	0.093637 	0.063089 	0.067553 	 0.010359 
0.309838 	0.098017 	0.065189 	0.074683 	 0.010627 
0.302921 	0.097578 	0.065042 	0.072887 	 0.010598 
0.301003 	0.098655 	0.065610 	0.073939 	 0.010468 
0.288391 	0.114519 	0.075798 	0.086672 	 0.011837 
0.307921 	0.103442 	0.068822 	0.076947 	 0.010201 
0.306360 	0.104896 	0.070185 	0.076264 	 0.010393 
0.281915 	0.116560 	0.077126 	0.086199 	 0.011836 
0.291285 	0.115280 	0.076518 	0.087658 	 0.011952 
0.294093 	0.106461 	0.070614 	0.079875 	 0.011099 
0.290318 	0.105697 	0.070417 	0.076584 	 0.010686 
0.289003 	0.117635 	0.078344 	0.084897 	 0.011441 
0.298474 	0.101468 	0.067415 	0.077124 	 0.010290 
0.286824 	0.113700 	0.075787 	0.082376 	 0.011311 
0.283355 	0.111652 	0.074376 	0.081706 	 0.011412 
0.298944 	0.100668 	0.067457 	0.075030 	 0.010959 
0.288025 	0.116689 	0.077626 	0.086026 	 0.012192 
0.285129 	0.111552 	0.074292 	0.081237 	 0.011313 
0.282914 	0.114840 	0.076237 	0.086610 	 0.012339 
0.289283 	0.105196 	0.070312 	0.077663 	 0.011627 
0.293050 	0.106168 	0.071001 	0.076127 	 0.010440 
0.282770 	0.110223 	0.073484 	0.078287 	 0.011019 
0.293714 	0.106671 	0.071386 	0.077241 	 0.010989 
0.301898 	0.100827 	0.067840 	0.073104 	 0.010359 
0.269829 	0.121683 	0.081060 	0.088839 	 0.012791 
0.282411 	0.104799 	0.070099 	0.076055 	 0.011166 
0.264869 	0.125101 	0.083466 	0.089414 	 0.013176 
0.271817 	0.120901 	0.080820 	0.084862 	 0.012691 
0.267497 	0.123135 	0.082125 	0.086992 	 0.011972 
0.288427 	0.114235 	0.076603 	0.081248 	 0.011634 
0.292988 	0.104337 	0.070175 	0.072732 	 0.010422 
0.283181 	0.107823 	0.072396 	0.077805 	 0.011885 
0.280815 	0.108376 	0.072475 	0.078228 	 0.011818 
0.281956 	0.110328 	0.073903 	0.078923 	 0.011712 
0.276535 	0.123761 	0.082812 	0.089103 	 0.012771 
0.287431 	0.117024 	0.078659 	0.080347 	 0.011749 
0.269496 	0.116995 	0.078181 	0.083579 	 0.012520 
0.279644 	0.115745 	0.077174 	0.085351 	 0.011648 
0.277152 	0.112337 	0.075031 	0.081328 	 0.011458 
0.279902 	0.112099 	0.075076 	0.080816 	 0.011749 
0.282347 	0.113355 	0.076435 	0.078423 	 0.012047 
0.272147 	0.119742 	0.080052 	0.086976 	 0.012021 
0.281896 	0.114657 	0.077428 	0.078478 	 0.011606 
0.284872 	0.105601 	0.071172 	0.074127 	 0.010989 
0.278723 	0.109347 	0.073310 	0.078716 	 0.011595 
0.279051 	0.113098 	0.075913 	0.081187 	 0.012069 
0.284005 	0.102222 	0.068901 	0.071406 	 0.010883 
0.280199 	0.103824 	0.069374 	0.076661 	 0.011344 
0.265455 	0.120705 	0.080932 	0.085168 	 0.012312 
0.279500 	0.110395 	0.074428 	0.075854 	 0.011699 
0.285790 	0.103072 	0.069841 	0.070388 	 0.010617 
0.278392 	0.112866 	0.076401 	0.075757 	 0.011111 
0.283496 	0.108375 	0.073247 	0.074894 	 0.011188 
0.286891 	0.105271 	0.070815 	0.074612 	 0.011114 
0.278886 	0.114400 	0.077061 	0.079079 	 0.011577 
0.278496 	0.111047 	0.074856 	0.077209 	 0.011601 
0.273489 	0.107742 	0.073041 	0.073311 	 0.011909 
0.265669 	0.117072 	0.078869 	0.080195 	 0.012122 
0.267175 	0.121852 	0.081879 	0.083243 	 0.011836 
0.263751 	0.130133 	0.087182 	0.089669 	 0.012357 
0.280622 	0.112727 	0.076122 	0.078101 	 0.011405 
0.260457 	0.131911 	0.088424 	0.091115 	 0.012993 
0.270085 	0.109295 	0.073893 	0.073784 	 0.011353 
0.267178 	0.125390 	0.084185 	0.087893 	 0.012530 
0.274409 	0.118415 	0.079559 	0.082714 	 0.011447 
0.264813 	0.122246 	0.082179 	0.082988 	 0.011759 
0.268079 	0.115112 	0.077727 	0.078092 	 0.011484 
0.270871 	0.120181 	0.081525 	0.079590 	 0.011732 
0.267094 	0.120430 	0.081607 	0.080891 	 0.012060 
0.270499 	0.115758 	0.078604 	0.076368 	 0.011837 
0.254539 	0.134676 	0.090564 	0.092089 	 0.013020 
0.272992 	0.112242 	0.075503 	0.078160 	 0.011023 
0.247826 	0.137568 	0.092472 	0.092208 	 0.012819 
0.264171 	0.123147 	0.083074 	0.084196 	 0.011889 
0.259957 	0.128114 	0.086577 	0.085376 	 0.012066 
0.250677 	0.134250 	0.090500 	0.092290 	 0.013416 
0.262968 	0.126062 	0.085197 	0.084550 	 0.012072 
0.258447 	0.120348 	0.081072 	0.082984 	 0.012458 
0.254504 	0.120850 	0.081873 	0.081759 	 0.012613 
0.257514 	0.118830 	0.080558 	0.079675 	 0.012093 
0.251453 	0.126466 	0.085406 	0.084695 	 0.012535 
0.257356 	0.121313 	0.082149 	0.080473 	 0.011885 
0.254930 	0.126169 	0.085228 	0.088518 	 0.013204 
0.258690 	0.122738 	0.083398 	0.080643 	 0.011670 
0.250149 	0.129133 	0.087504 	0.085973 	 0.012979 
0.244207 	0.136424 	0.091516 	0.095372 	 0.013299 
0.250002 	0.134333 	0.091314 	0.084763 	 0.012458 
0.250520 	0.128259 	0.086789 	0.083467 	 0.012257 
0.240052 	0.134433 	0.091012 	0.088454 	 0.013777 
0.242888 	0.132935 	0.089643 	0.089094 	 0.012811 
0.226953 	0.145341 	0.097745 	0.097460 	 0.013835 
0.240165 	0.131886 	0.089145 	0.085519 	 0.012770 
0.236710 	0.139592 	0.094589 	0.090445 	 0.013799 
0.239278 	0.139190 	0.094353 	0.091600 	 0.013169 
0.242646 	0.132054 	0.089391 	0.088137 	 0.013161 
0.234348 	0.143572 	0.096888 	0.097402 	 0.014277 
0.243842 	0.126654 	0.086076 	0.082351 	 0.012847 
0.244486 	0.129151 	0.087790 	0.084215 	 0.013275 
0.234546 	0.134633 	0.091266 	0.087454 	 0.013184 
0.228196 	0.133657 	0.090348 	0.086367 	 0.012992 
0.242809 	0.125459 	0.085759 	0.079306 	 0.012636 
0.243097 	0.138310 	0.093900 	0.088184 	 0.012774 
0.235699 	0.133702 	0.091343 	0.084965 	 0.013300 
0.229247 	0.131562 	0.089184 	0.086821 	 0.013323 
0.233105 	0.141176 	0.095510 	0.092122 	 0.013036 
0.237389 	0.135624 	0.092562 	0.086309 	 0.013099 
0.219307 	0.146435 	0.099176 	0.095192 	 0.014256 
0.233266 	0.127491 	0.086918 	0.081416 	 0.012977 
0.212879 	0.147087 	0.099927 	0.092785 	 0.014354 
0.216130 	0.144757 	0.098027 	0.093145 	 0.013833 
0.219342 	0.148288 	0.100645 	0.095190 	 0.013871 
0.225734 	0.140740 	0.095743 	0.088829 	 0.013359 
0.219477 	0.144048 	0.097788 	0.092231 	 0.013311 
0.216995 	0.151280 	0.102769 	0.097903 	 0.014468 
0.217164 	0.153104 	0.103921 	0.100235 	 0.014879 
0.215848 	0.155587 	0.105366 	0.102304 	 0.014565 
0.209726 	0.152239 	0.103053 	0.098730 	 0.014735 
0.209944 	0.146133 	0.099411 	0.092306 	 0.014741 
0.218513 	0.141541 	0.095688 	0.094518 	 0.013704 
0.208773 	0.148718 	0.100999 	0.094798 	 0.014513 
0.208078 	0.149743 	0.101793 	0.095918 	 0.014756 
0.215233 	0.147042 	0.100063 	0.093332 	 0.014314 
0.210461 	0.149948 	0.102026 	0.093642 	 0.014177 
0.215251 	0.144945 	0.099193 	0.090398 	 0.014153 
0.191119 	0.157478 	0.107134 	0.097846 	 0.015367 
0.195063 	0.154379 	0.104833 	0.097123 	 0.015100 
0.198726 	0.160614 	0.108734 	0.103643 	 0.015707 
0.214611 	0.140844 	0.096336 	0.087475 	 0.013759 
0.212119 	0.149191 	0.101824 	0.092249 	 0.013806 
0.188991 	0.165256 	0.111458 	0.107702 	 0.015065 
0.191753 	0.159549 	0.108705 	0.099244 	 0.015641 
0.197249 	0.158332 	0.107620 	0.098627 	 0.014091 
0.191715 	0.162360 	0.109929 	0.102458 	 0.015104 
0.214122 	0.146417 	0.100288 	0.093007 	 0.014682 
0.198130 	0.155441 	0.106100 	0.095141 	 0.014672 
0.203010 	0.145839 	0.099887 	0.089332 	 0.013933 
0.201202 	0.156090 	0.106646 	0.096194 	 0.014941 
0.189206 	0.162854 	0.110464 	0.101834 	 0.014766 
0.191514 	0.164053 	0.111809 	0.100933 	 0.015179 
0.187508 	0.153643 	0.104775 	0.096109 	 0.015254 
0.194744 	0.161555 	0.110417 	0.098135 	 0.014957 
0.209326 	0.149823 	0.103020 	0.089458 	 0.013787 
0.182953 	0.174704 	0.118421 	0.109297 	 0.015986 
0.182502 	0.164548 	0.112366 	0.099202 	 0.015774 
0.182586 	0.164189 	0.111465 	0.104692 	 0.015721 
0.179306 	0.172957 	0.118138 	0.105484 	 0.016503 
0.183676 	0.168195 	0.114371 	0.106073 	 0.015722 
0.183587 	0.159041 	0.108519 	0.098302 	 0.015401 
0.184818 	0.166824 	0.113561 	0.102777 	 0.015464 
0.186562 	0.162050 	0.110078 	0.101093 	 0.014720 
0.176840 	0.169868 	0.115573 	0.105162 	 0.016524 
0.180357 	0.163426 	0.111470 	0.097956 	 0.014891 
0.185085 	0.159558 	0.108889 	0.095090 	 0.014760 
0.188417 	0.165794 	0.113108 	0.101874 	 0.015302 
0.188667 	0.154906 	0.105959 	0.093357 	 0.015054 
0.197628 	0.150037 	0.102930 	0.090211 	 0.013975 
0.168373 	0.168939 	0.115045 	0.103429 	 0.015905 
0.184496 	0.156420 	0.107438 	0.094117 	 0.015439 
0.172704 	0.171469 	0.116536 	0.107772 	 0.016040 
0.178430 	0.173839 	0.118618 	0.106763 	 0.016291 
0.184887 	0.158789 	0.108661 	0.095929 	 0.015132 
0.189405 	0.167257 	0.114543 	0.100088 	 0.015184 
0.180632 	0.167640 	0.114813 	0.101559 	 0.015824 
0.179170 	0.166058 	0.113220 	0.101334 	 0.014844 
0.184683 	0.168504 	0.115195 	0.102016 	 0.015485 
0.168727 	0.176068 	0.120254 	0.104877 	 0.016243 
0.170540 	0.184581 	0.125528 	0.113882 	 0.016497 
0.180602 	0.161097 	0.110437 	0.097370 	 0.015338 
0.187335 	0.160191 	0.110074 	0.094160 	 0.014320 
0.168535 	0.176380 	0.120498 	0.106029 	 0.016559 
0.180069 	0.165251 	0.113344 	0.100277 	 0.015392 
0.175861 	0.172539 	0.118296 	0.103708 	 0.016348 
0.176527 	0.162700 	0.111538 	0.096681 	 0.015589 
0.180070 	0.150111 	0.103184 	0.090261 	 0.014633 
0.155518 	0.184948 	0.125942 	0.114459 	 0.017997 
0.185188 	0.164179 	0.112805 	0.098585 	 0.015175 
0.173454 	0.166148 	0.114145 	0.098171 	 0.015966 
0.159919 	0.186691 	0.127169 	0.115008 	 0.016832 
0.178648 	0.160753 	0.110808 	0.092408 	 0.015043 
0.166996 	0.180551 	0.123283 	0.110471 	 0.016557 
0.181969 	0.169782 	0.116187 	0.102812 	 0.015593 
0.174029 	0.175091 	0.120251 	0.103090 	 0.015823 
0.184748 	0.159724 	0.110118 	0.092819 	 0.014711 
0.176782 	0.168251 	0.115809 	0.101143 	 0.016318 
0.170077 	0.175864 	0.120811 	0.103954 	 0.016127 
0.184773 	0.168355 	0.115846 	0.100037 	 0.015137 
0.169572 	0.177657 	0.121667 	0.105901 	 0.015788 
0.196278 	0.150604 	0.104627 	0.087418 	 0.014327 
0.182713 	0.168741 	0.116406 	0.098920 	 0.015366 
0.183327 	0.167096 	0.115433 	0.096212 	 0.015377 
0.163803 	0.182991 	0.125378 	0.109978 	 0.016568 
0.180034 	0.170249 	0.117426 	0.100236 	 0.015474 
0.172235 	0.161193 	0.111283 	0.093559 	 0.014977 
0.178631 	0.163948 	0.112791 	0.098700 	 0.015544 
0.168864 	0.176592 	0.121145 	0.104149 	 0.015698 
0.181811 	0.160119 	0.110886 	0.092074 	 0.014689 
0.166454 	0.184671 	0.126937 	0.106723 	 0.016057 
0.172348 	0.172389 	0.118908 	0.099167 	 0.015996 
0.164630 	0.176431 	0.121319 	0.103594 	 0.016406 
0.170655 	0.166190 	0.114467 	0.096672 	 0.014826 
0.163775 	0.173610 	0.118989 	0.101729 	 0.015362 
0.175413 	0.171019 	0.118689 	0.096847 	 0.015681 
0.177316 	0.166013 	0.114392 	0.098333 	 0.014857 
0.182140 	0.160588 	0.111182 	0.093283 	 0.015017 
0.164495 	0.167741 	0.115742 	0.098150 	 0.015470 
0.175482 	0.159806 	0.110515 	0.091451 	 0.014670 
0.176837 	0.171415 	0.118902 	0.095640 	 0.015271 
0.176271 	0.168600 	0.117137 	0.094765 	 0.015567 
0.172004 	0.161322 	0.112125 	0.091660 	 0.015359 
0.163753 	0.181984 	0.125582 	0.104032 	 0.015544 
0.162995 	0.177108 	0.122291 	0.102542 	 0.016421 
0.171079 	0.172494 	0.119490 	0.098949 	 0.015743 
0.176434 	0.169607 	0.117689 	0.097264 	 0.015644 
0.174151 	0.171218 	0.118730 	0.097717 	 0.015739 
0.156621 	0.177749 	0.122791 	0.102213 	 0.016505 
0.163172 	0.182189 	0.125664 	0.105390 	 0.016247 
0.169453 	0.172807 	0.120280 	0.095952 	 0.015889 
0.187349 	0.165777 	0.115400 	0.093635 	 0.014918 
0.173675 	0.165161 	0.114841 	0.093589 	 0.015021 
0.170998 	0.176666 	0.122609 	0.099501 	 0.016072 
0.171390 	0.169790 	0.118361 	0.094929 	 0.015766 
0.164762 	0.173419 	0.120117 	0.098774 	 0.015814 
0.175799 	0.173355 	0.120315 	0.098888 	 0.015508 
0.168699 	0.169346 	0.117953 	0.093576 	 0.015289 
0.157833 	0.180349 	0.124743 	0.103269 	 0.016220 
0.180117 	0.166543 	0.116376 	0.093441 	 0.014896 
0.175109 	0.169278 	0.117872 	0.094561 	 0.015081 
0.169621 	0.168884 	0.117496 	0.096119 	 0.015746 
0.166146 	0.165921 	0.115497 	0.094615 	 0.015711 
0.164535 	0.162807 	0.113682 	0.089584 	 0.015282 
0.163953 	0.167984 	0.116886 	0.092631 	 0.015154 
0.155301 	0.180379 	0.125480 	0.099116 	 0.016141 
0.176094 	0.162013 	0.113373 	0.088605 	 0.015384 
0.157610 	0.180415 	0.125087 	0.102864 	 0.016305 
0.158402 	0.181555 	0.126154 	0.101479 	 0.016383 
0.154082 	0.175064 	0.121906 	0.096945 	 0.015893 
0.153297 	0.178401 	0.123800 	0.102205 	 0.016537 
0.154120 	0.180437 	0.125306 	0.102044 	 0.016460 
0.153377 	0.180663 	0.125221 	0.104190 	 0.016442 
0.152599 	0.180339 	0.125708 	0.101073 	 0.016823 
0.141412 	0.177171 	0.123413 	0.098043 	 0.016886 
0.152479 	0.186883 	0.129712 	0.105838 	 0.017061 
0.144118 	0.184602 	0.128631 	0.100092 	 0.016483 
0.151560 	0.185686 	0.128941 	0.104726 	 0.016600 
0.148030 	0.182239 	0.126680 	0.104333 	 0.016426 
0.152325 	0.183373 	0.127794 	0.101475 	 0.016563 
0.145559 	0.186026 	0.129292 	0.104705 	 0.016817 
0.144796 	0.190042 	0.131844 	0.105570 	 0.016628 
0.137173 	0.193449 	0.134018 	0.110372 	 0.017326 
0.145773 	0.192535 	0.133892 	0.107207 	 0.017290 
0.175903 	0.172330 	0.121014 	0.091342 	 0.015057 
0.147609 	0.189277 	0.131571 	0.105650 	 0.016853 
0.149904 	0.188495 	0.131413 	0.104900 	 0.016964 
0.147805 	0.184080 	0.128295 	0.102091 	 0.016558 
0.142093 	0.191364 	0.133472 	0.106025 	 0.017467 
0.158641 	0.171864 	0.120644 	0.091768 	 0.015612 
0.139962 	0.189171 	0.132019 	0.103375 	 0.017446 
0.137959 	0.189230 	0.132119 	0.102817 	 0.017174 
0.139901 	0.191227 	0.133431 	0.103910 	 0.017075 
0.144579 	0.185954 	0.129559 	0.103032 	 0.016575 
0.151475 	0.179961 	0.126039 	0.098147 	 0.016256 
0.137922 	0.194925 	0.135539 	0.109385 	 0.017600 
0.141365 	0.182147 	0.127449 	0.099649 	 0.017003 
0.136304 	0.197155 	0.137535 	0.107272 	 0.017811 
0.144818 	0.183506 	0.128298 	0.100485 	 0.016644 
0.143939 	0.179676 	0.125227 	0.101017 	 0.016383 
0.129827 	0.188685 	0.131579 	0.102247 	 0.017305 
0.138264 	0.182082 	0.127539 	0.098512 	 0.017286 
0.140947 	0.183671 	0.128545 	0.098231 	 0.016798 
0.144652 	0.179019 	0.125099 	0.096851 	 0.015667 
0.148807 	0.176045 	0.123932 	0.092190 	 0.016183 
0.134794 	0.183957 	0.129108 	0.097475 	 0.016660 
0.137849 	0.177664 	0.124662 	0.097059 	 0.016957 
0.122991 	0.200633 	0.139853 	0.109847 	 0.018169 
0.142480 	0.184698 	0.129535 	0.099692 	 0.016629 
0.136652 	0.186972 	0.131288 	0.099322 	 0.017265 
0.132173 	0.197480 	0.137782 	0.108396 	 0.017047 
0.130690 	0.189805 	0.133112 	0.101644 	 0.017245 
0.127829 	0.197901 	0.138310 	0.106807 	 0.017546 
0.135345 	0.187687 	0.131696 	0.100086 	 0.016760 
0.143020 	0.179302 	0.126622 	0.092321 	 0.016440 
0.122063 	0.192393 	0.134635 	0.103638 	 0.017355 
0.129828 	0.190032 	0.133622 	0.099712 	 0.017088 
0.119245 	0.193377 	0.135415 	0.105461 	 0.018038 
0.138109 	0.178092 	0.125991 	0.091164 	 0.016690 
0.142650 	0.168881 	0.120050 	0.085069 	 0.015576 
0.134622 	0.191347 	0.134459 	0.102263 	 0.017557 
0.130116 	0.189665 	0.133782 	0.097552 	 0.017452 
0.128140 	0.190741 	0.134295 	0.102094 	 0.017559 
0.131573 	0.185248 	0.130554 	0.096316 	 0.016591 
0.129774 	0.191451 	0.134796 	0.100779 	 0.017266 
0.120889 	0.187622 	0.132055 	0.100163 	 0.017565 
0.123537 	0.194956 	0.136835 	0.103783 	 0.017822 
0.136854 	0.181398 	0.128163 	0.093978 	 0.016592 
0.130030 	0.195593 	0.137898 	0.101294 	 0.017439 
0.128177 	0.187149 	0.132340 	0.096019 	 0.017435 
0.133843 	0.188837 	0.132952 	0.100343 	 0.016746 
0.119863 	0.195897 	0.138413 	0.097434 	 0.017717 
0.120427 	0.195621 	0.137479 	0.104297 	 0.018048 
0.118031 	0.200995 	0.141395 	0.105216 	 0.018243 
0.128829 	0.176445 	0.125519 	0.087599 	 0.016506 
0.116701 	0.195018 	0.137601 	0.101028 	 0.017979 
0.121483 	0.191662 	0.135139 	0.100436 	 0.017104 
0.114934 	0.191499 	0.135393 	0.097439 	 0.017855 
0.113158 	0.200513 	0.140813 	0.106394 	 0.018503 
0.119698 	0.189143 	0.133834 	0.096462 	 0.017263 
0.125313 	0.187677 	0.132873 	0.096658 	 0.017560 
0.113974 	0.195294 	0.137838 	0.098984 	 0.017412 
0.110584 	0.192216 	0.135692 	0.099816 	 0.018067 
0.118504 	0.190912 	0.134758 	0.098021 	 0.017218 
0.111285 	0.204800 	0.144381 	0.106245 	 0.018498 
0.117204 	0.191757 	0.135570 	0.097108 	 0.016939 
0.109314 	0.195732 	0.137902 	0.101941 	 0.017926 
0.123571 	0.192912 	0.136370 	0.097843 	 0.017117 
0.115703 	0.193920 	0.136604 	0.099401 	 0.017217 
0.113709 	0.189740 	0.134429 	0.095351 	 0.017186 
0.115899 	0.195493 	0.137998 	0.102204 	 0.017834 
0.118586 	0.198924 	0.139826 	0.106880 	 0.017622 
0.123537 	0.182459 	0.129986 	0.091157 	 0.016908 
0.114112 	0.198057 	0.139685 	0.100773 	 0.017602 
0.125409 	0.180292 	0.128074 	0.093172 	 0.017540 
0.124468 	0.200325 	0.141540 	0.102424 	 0.017090 
0.108699 	0.207143 	0.145700 	0.108376 	 0.017813 
0.098803 	0.205934 	0.144798 	0.107729 	 0.018698 
0.109320 	0.192965 	0.137082 	0.098190 	 0.018121 
0.126007 	0.185810 	0.132833 	0.089978 	 0.016516 
0.103214 	0.200409 	0.141652 	0.104523 	 0.018232 
0.113248 	0.194538 	0.138366 	0.098302 	 0.018149 
0.100870 	0.201623 	0.142374 	0.104319 	 0.018479 
0.101992 	0.205168 	0.144811 	0.107030 	 0.018624 
0.120398 	0.194028 	0.138135 	0.096026 	 0.017506 
0.099805 	0.195681 	0.138682 	0.100032 	 0.018258 
0.101704 	0.199893 	0.141690 	0.100843 	 0.018113 
0.100338 	0.200375 	0.141788 	0.102152 	 0.017931 
0.107671 	0.197831 	0.140547 	0.099323 	 0.018010 
0.103997 	0.195662 	0.139313 	0.097760 	 0.017874 
0.098440 	0.199867 	0.141697 	0.101391 	 0.017945 
0.106982 	0.205303 	0.145613 	0.105151 	 0.018869 
0.101915 	0.212201 	0.149707 	0.112737 	 0.019201 
0.099872 	0.210245 	0.148992 	0.104750 	 0.018821 
0.109149 	0.198363 	0.141130 	0.099125 	 0.017636 
0.093743 	0.210196 	0.148723 	0.107540 	 0.018748 
0.112082 	0.194076 	0.138602 	0.094977 	 0.017531 
0.078985 	0.212683 	0.150241 	0.112152 	 0.020593 
0.094478 	0.211426 	0.149638 	0.107908 	 0.019058 
0.095956 	0.200723 	0.142602 	0.100239 	 0.018327 
0.115361 	0.187844 	0.134343 	0.092631 	 0.016926 
0.105936 	0.195640 	0.139505 	0.097004 	 0.017702 
0.087769 	0.202970 	0.143763 	0.103025 	 0.018852 
0.090393 	0.200244 	0.141866 	0.104355 	 0.018963 
0.095485 	0.206591 	0.146113 	0.108099 	 0.018803 
0.101452 	0.197711 	0.140692 	0.098843 	 0.018117 
0.097084 	0.206322 	0.146744 	0.101618 	 0.018582 
0.089101 	0.209858 	0.149167 	0.105801 	 0.019182 
0.089481 	0.204054 	0.145034 	0.104350 	 0.019442 
0.103970 	0.196594 	0.140622 	0.098709 	 0.018839 
0.098138 	0.195717 	0.140107 	0.095769 	 0.018706 
0.098044 	0.189825 	0.135862 	0.092863 	 0.017717 
0.087231 	0.213457 	0.151449 	0.107138 	 0.018968 
0.090622 	0.207461 	0.147832 	0.104421 	 0.019282 
0.083581 	0.201412 	0.143790 	0.099554 	 0.019165 
0.103741 	0.189470 	0.136168 	0.091602 	 0.017945 
0.097147 	0.198215 	0.141948 	0.094754 	 0.018267 
0.088606 	0.206219 	0.146857 	0.104581 	 0.019024 
0.101040 	0.197456 	0.141602 	0.095314 	 0.017986 
0.090863 	0.203133 	0.145107 	0.098898 	 0.019199 
0.080471 	0.221196 	0.156433 	0.114973 	 0.019484 
0.092928 	0.202518 	0.144396 	0.103251 	 0.019314 
0.088134 	0.197412 	0.141053 	0.097819 	 0.018611 
0.092781 	0.201697 	0.144169 	0.099433 	 0.018577 
0.099298 	0.204930 	0.146151 	0.104603 	 0.019295 
0.096877 	0.204726 	0.146276 	0.100846 	 0.018466 
0.091578 	0.207460 	0.148347 	0.104681 	 0.019306 
0.101565 	0.202179 	0.145165 	0.097738 	 0.019048 
0.072898 	0.222862 	0.158095 	0.113726 	 0.020110 
0.088884 	0.199610 	0.143337 	0.094592 	 0.018293 
0.098449 	0.198621 	0.143024 	0.095189 	 0.018579 
0.090005 	0.202422 	0.145256 	0.098102 	 0.018695 
0.098866 	0.193263 	0.139219 	0.093379 	 0.018355 
0.085632 	0.200737 	0.144523 	0.096057 	 0.019400 
0.089071 	0.208781 	0.149398 	0.104225 	 0.019992 
0.097600 	0.192410 	0.138734 	0.091264 	 0.018239 
0.077419 	0.215979 	0.154029 	0.108485 	 0.019675 
0.093141 	0.201567 	0.145107 	0.097023 	 0.018880 
0.089938 	0.201751 	0.144893 	0.097022 	 0.018482 
0.093640 	0.185443 	0.134465 	0.086521 	 0.018303 
0.092107 	0.199025 	0.143315 	0.096502 	 0.018549 
0.076334 	0.210246 	0.150473 	0.104756 	 0.019471 
0.107764 	0.185712 	0.135126 	0.084314 	 0.017141 
0.089352 	0.195520 	0.141044 	0.091226 	 0.017707 
0.091554 	0.196443 	0.141919 	0.091676 	 0.018168 
0.090830 	0.192939 	0.139272 	0.090506 	 0.017865 
0.089510 	0.196591 	0.141948 	0.090973 	 0.018127 
0.078896 	0.205240 	0.147706 	0.095960 	 0.018594 
0.088399 	0.198322 	0.143348 	0.092221 	 0.018191 
0.074621 	0.220781 	0.158055 	0.107470 	 0.019590 
0.074597 	0.219779 	0.157094 	0.107661 	 0.019394 
0.091655 	0.198095 	0.143133 	0.094330 	 0.018278 
0.071172 	0.215568 	0.154498 	0.105247 	 0.020084 
0.096519 	0.195355 	0.141747 	0.091453 	 0.017965 
0.089027 	0.192332 	0.139522 	0.088246 	 0.018194 
0.083581 	0.207740 	0.149630 	0.100471 	 0.019429 
0.071163 	0.219549 	0.157646 	0.107559 	 0.020158 
0.078765 	0.212224 	0.152743 	0.101322 	 0.019467 
0.066088 	0.210897 	0.151025 	0.103811 	 0.019594 
0.086171 	0.196513 	0.141779 	0.094410 	 0.018438 
0.064846 	0.212245 	0.152997 	0.101321 	 0.020585 
0.074783 	0.214909 	0.154942 	0.101614 	 0.020422 
0.080652 	0.206709 	0.148883 	0.100480 	 0.019242 
0.066292 	0.221030 	0.158530 	0.108054 	 0.020637 
0.074652 	0.209600 	0.151139 	0.099512 	 0.019699 
0.083665 	0.206851 	0.149430 	0.098651 	 0.019615 
0.082200 	0.201086 	0.145754 	0.092563 	 0.018857 
0.082418 	0.204533 	0.148106 	0.095820 	 0.019014 
0.078640 	0.204631 	0.148109 	0.096720 	 0.019484 
0.070361 	0.209155 	0.150720 	0.100561 	 0.019760 
0.091627 	0.195267 	0.142004 	0.090550 	 0.018664 
0.070097 	0.211842 	0.152996 	0.101498 	 0.019994 
0.064733 	0.218546 	0.157931 	0.101780 	 0.020752 
0.059428 	0.226464 	0.162300 	0.110917 	 0.020808 
0.072287 	0.213132 	0.154139 	0.100771 	 0.019797 
0.068893 	0.221352 	0.159919 	0.104925 	 0.020683 
0.069898 	0.216460 	0.156350 	0.101658 	 0.020340 
0.081594 	0.198165 	0.144351 	0.091388 	 0.019115 
0.068021 	0.213728 	0.154241 	0.102412 	 0.020350 
0.065952 	0.212952 	0.153972 	0.099067 	 0.019474 
0.081638 	0.201620 	0.146939 	0.092781 	 0.019048 
0.053737 	0.219861 	0.158081 	0.107482 	 0.020883 
0.056667 	0.217281 	0.156797 	0.102716 	 0.020694 
0.068808 	0.210506 	0.152891 	0.097559 	 0.020539 
0.075857 	0.214745 	0.155665 	0.100041 	 0.020038 
0.079462 	0.206641 	0.150339 	0.094617 	 0.019487 
0.067162 	0.207762 	0.150876 	0.094647 	 0.019344 
0.063834 	0.219703 	0.158862 	0.105086 	 0.020756 
0.071573 	0.209283 	0.151846 	0.099007 	 0.020261 
0.078593 	0.201567 	0.147204 	0.088950 	 0.018865 
0.075288 	0.203305 	0.147875 	0.094232 	 0.019042 
0.065658 	0.213125 	0.154837 	0.097607 	 0.020298 
0.070458 	0.212199 	0.153890 	0.098845 	 0.019960 
0.061533 	0.221491 	0.160015 	0.104418 	 0.020682 
0.055021 	0.226154 	0.163177 	0.109132 	 0.021467 
0.076126 	0.210833 	0.153616 	0.095487 	 0.019892 
0.072296 	0.207830 	0.151741 	0.094027 	 0.020144 
0.063862 	0.223188 	0.161629 	0.106672 	 0.020723 
0.050481 	0.223588 	0.161682 	0.106274 	 0.021393 
0.064007 	0.215177 	0.156098 	0.101848 	 0.020275 
0.072268 	0.209058 	0.152182 	0.096899 	 0.019758 
0.069766 	0.214835 	0.156603 	0.097059 	 0.019880 
0.067591 	0.215223 	0.156785 	0.098423 	 0.020400 
0.075073 	0.222927 	0.161969 	0.103324 	 0.020138 
0.053339 	0.234956 	0.169285 	0.114293 	 0.021680 
0.074146 	0.211070 	0.154131 	0.097174 	 0.020014 
0.064477 	0.216589 	0.157676 	0.101226 	 0.020562 
0.069580 	0.199863 	0.146561 	0.089259 	 0.019828 
0.049397 	0.225737 	0.163386 	0.107370 	 0.021544 
0.062117 	0.211421 	0.154201 	0.094371 	 0.019557 
0.072756 	0.202403 	0.148475 	0.089679 	 0.019965 
0.085631 	0.194541 	0.143558 	0.083253 	 0.018566 
0.078728 	0.199264 	0.146638 	0.087316 	 0.019015 
0.085443 	0.204391 	0.150556 	0.091249 	 0.019809 
0.062243 	0.224968 	0.163840 	0.104043 	 0.021519 
0.081177 	0.211964 	0.155061 	0.095697 	 0.019602 
0.064087 	0.226329 	0.164004 	0.107864 	 0.020783 
0.060336 	0.215735 	0.157585 	0.097105 	 0.021233 
0.062963 	0.217579 	0.158521 	0.099505 	 0.020263 
0.071392 	0.216350 	0.157785 	0.099988 	 0.020858 
0.067169 	0.220457 	0.160751 	0.102712 	 0.020836 
0.074935 	0.216470 	0.158093 	0.098412 	 0.020366 
0.061582 	0.220795 	0.161016 	0.102797 	 0.021480 
0.066477 	0.223647 	0.162826 	0.104129 	 0.020874 
0.081715 	0.209716 	0.154032 	0.094514 	 0.019632 
0.066676 	0.221569 	0.161601 	0.105500 	 0.021420 
0.077630 	0.212669 	0.156150 	0.095090 	 0.019997 
0.066004 	0.226430 	0.164867 	0.107177 	 0.020943 
0.064107 	0.217442 	0.159169 	0.099687 	 0.021056 
0.066542 	0.219301 	0.160172 	0.101855 	 0.020427 
0.072474 	0.216137 	0.158351 	0.099446 	 0.020539 
0.057775 	0.229822 	0.167131 	0.110062 	 0.022353 
0.078160 	0.212982 	0.156035 	0.100199 	 0.020805 
0.068929 	0.214065 	0.157445 	0.096739 	 0.021313 
0.074969 	0.208409 	0.153655 	0.092657 	 0.020789 
0.062868 	0.230720 	0.167997 	0.109963 	 0.021564 
0.406036 	0.007821 	0.006461 	-0.001184 	 0.002391 
0.408438 	0.007851 	0.005810 	0.005662 	 0.002618 
0.410987 	0.029223 	0.019346 	0.032194 	 0.004959 
0.406900 	0.031478 	0.020332 	0.035524 	 0.004321 
0.426085 	0.022331 	0.015461 	0.023192 	 0.003028 
0.394890 	0.047703 	0.031395 	0.043816 	 0.005291 
0.409518 	0.034780 	0.023313 	0.033276 	 0.004376 
0.424876 	0.016397 	0.011100 	0.021713 	 0.002862 
0.385424 	0.057772 	0.038021 	0.051538 	 0.006722 
0.393020 	0.045716 	0.030239 	0.040054 	 0.005119 
0.390497 	0.043718 	0.028502 	0.041728 	 0.005026 
0.394761 	0.039073 	0.025594 	0.035849 	 0.004051 
0.368565 	0.066556 	0.043663 	0.055683 	 0.007018 
0.385667 	0.033797 	0.022197 	0.034911 	 0.005603 
0.390834 	0.048404 	0.032226 	0.041585 	 0.004693 
0.388416 	0.047098 	0.030659 	0.043219 	 0.004705 
0.361303 	0.071845 	0.047184 	0.058733 	 0.007513 
0.387014 	0.047015 	0.030646 	0.044088 	 0.005382 
0.380416 	0.041739 	0.027589 	0.038503 	 0.005507 
0.380486 	0.049623 	0.032725 	0.046138 	 0.006236 
0.381488 	0.044523 	0.029304 	0.042069 	 0.005140 
0.370416 	0.047520 	0.031424 	0.041636 	 0.005495 
0.378117 	0.040329 	0.026558 	0.037205 	 0.004897 
0.370742 	0.051847 	0.034326 	0.045378 	 0.005972 
0.388381 	0.031473 	0.020673 	0.030438 	 0.003739 
0.366587 	0.049747 	0.033197 	0.043813 	 0.006772 
0.365442 	0.058309 	0.037975 	0.051471 	 0.006313 
0.379508 	0.049565 	0.032685 	0.043961 	 0.005272 
0.360570 	0.067492 	0.044108 	0.058098 	 0.007792 
0.366832 	0.052166 	0.034046 	0.048946 	 0.006607 
0.369485 	0.049741 	0.033061 	0.044872 	 0.006359 
0.364343 	0.057926 	0.038353 	0.051714 	 0.007079 
0.371588 	0.042549 	0.028393 	0.038990 	 0.005510 
0.357939 	0.054780 	0.036077 	0.048185 	 0.006328 
0.350621 	0.062170 	0.040628 	0.054137 	 0.007042 
0.344825 	0.073821 	0.048156 	0.064246 	 0.008528 
0.344674 	0.063332 	0.041769 	0.053787 	 0.007242 
0.342781 	0.071576 	0.047235 	0.059463 	 0.008220 
0.344310 	0.070653 	0.046372 	0.059895 	 0.007342 
0.348479 	0.064910 	0.043392 	0.051756 	 0.007146 
0.335229 	0.069795 	0.046142 	0.055866 	 0.007635 
0.337479 	0.073299 	0.048140 	0.060865 	 0.007865 
0.339538 	0.064130 	0.041957 	0.055194 	 0.007041 
0.328073 	0.067079 	0.044527 	0.055118 	 0.008221 
0.347158 	0.059774 	0.039842 	0.048829 	 0.006655 
0.334853 	0.069647 	0.046268 	0.055802 	 0.007541 
0.334252 	0.069856 	0.046551 	0.056558 	 0.008414 
0.333915 	0.074976 	0.049618 	0.059268 	 0.007155 
0.333860 	0.069857 	0.046379 	0.057372 	 0.008204 
0.323966 	0.077819 	0.051138 	0.063701 	 0.008452 
0.334702 	0.073812 	0.049520 	0.057744 	 0.008668 
0.319129 	0.080871 	0.053659 	0.063002 	 0.009021 
0.312406 	0.087872 	0.057980 	0.069804 	 0.009047 
0.314620 	0.079436 	0.052550 	0.062033 	 0.008878 
0.311270 	0.090744 	0.060272 	0.068953 	 0.009554 
0.325346 	0.066673 	0.044182 	0.054193 	 0.007600 
0.328805 	0.075901 	0.050509 	0.059585 	 0.007965 
0.332212 	0.069833 	0.046225 	0.058993 	 0.007758 
0.324155 	0.077165 	0.051422 	0.059100 	 0.007768 
0.307667 	0.086628 	0.057584 	0.067385 	 0.009387 
0.315143 	0.082069 	0.054555 	0.063903 	 0.009217 
0.305923 	0.082503 	0.054536 	0.064172 	 0.008716 
0.310995 	0.082021 	0.054202 	0.065499 	 0.009152 
0.304687 	0.080493 	0.052786 	0.064925 	 0.008041 
0.320449 	0.074357 	0.050092 	0.056831 	 0.008002 
0.302803 	0.087045 	0.057426 	0.066736 	 0.008519 
0.308594 	0.081334 	0.054000 	0.062645 	 0.008669 
0.299780 	0.102501 	0.068334 	0.077160 	 0.009952 
0.300871 	0.097795 	0.064804 	0.075447 	 0.010101 
0.303479 	0.083907 	0.055849 	0.064854 	 0.009612 
0.299524 	0.091414 	0.060854 	0.068730 	 0.009252 
0.296827 	0.094134 	0.062790 	0.069745 	 0.010019 
0.297450 	0.088068 	0.058922 	0.067422 	 0.009747 
0.306147 	0.079587 	0.052695 	0.062405 	 0.008497 
0.301308 	0.085344 	0.057142 	0.063687 	 0.009568 
0.298178 	0.089579 	0.059674 	0.067747 	 0.009643 
0.299853 	0.090363 	0.059881 	0.070056 	 0.009060 
0.280657 	0.102177 	0.067923 	0.076121 	 0.011225 
0.290341 	0.098754 	0.065596 	0.071940 	 0.009657 
0.286856 	0.104729 	0.069154 	0.078484 	 0.009919 
0.283308 	0.096758 	0.064253 	0.072984 	 0.009875 
0.288183 	0.091812 	0.061414 	0.066562 	 0.009504 
0.288249 	0.092615 	0.061934 	0.068034 	 0.009621 
0.296616 	0.085930 	0.057548 	0.063650 	 0.009430 
0.295963 	0.089758 	0.060130 	0.066448 	 0.009530 
0.289782 	0.093911 	0.062452 	0.069850 	 0.009080 
0.291539 	0.088747 	0.059621 	0.064450 	 0.009751 
0.289809 	0.096525 	0.065036 	0.068029 	 0.009905 
0.285204 	0.105603 	0.070568 	0.076679 	 0.010547 
0.282913 	0.100943 	0.067289 	0.074491 	 0.010292 
0.284404 	0.094092 	0.062969 	0.069305 	 0.010158 
0.280971 	0.106567 	0.071215 	0.077433 	 0.010318 
0.280273 	0.101989 	0.068182 	0.073532 	 0.010127 
0.284812 	0.095766 	0.063995 	0.068278 	 0.008943 
0.272548 	0.105980 	0.070770 	0.075350 	 0.010613 
0.285979 	0.085572 	0.057443 	0.061922 	 0.009220 
0.278191 	0.105135 	0.070488 	0.076016 	 0.010657 
0.274694 	0.099471 	0.066194 	0.072648 	 0.009711 
0.269249 	0.111005 	0.074054 	0.079539 	 0.010692 
0.285459 	0.093632 	0.063036 	0.066882 	 0.009612 
0.272234 	0.104706 	0.070140 	0.074216 	 0.010287 
0.275151 	0.102525 	0.068349 	0.074761 	 0.009987 
0.271916 	0.104526 	0.069645 	0.076833 	 0.010455 
0.278585 	0.093644 	0.062544 	0.069843 	 0.009617 
0.276783 	0.103512 	0.069714 	0.072186 	 0.010564 
0.271051 	0.102702 	0.069082 	0.070998 	 0.010429 
0.275706 	0.104875 	0.070543 	0.074362 	 0.010093 
0.259196 	0.115395 	0.077269 	0.082131 	 0.011466 
0.266055 	0.112245 	0.075010 	0.079604 	 0.010637 
0.262941 	0.104550 	0.070215 	0.073328 	 0.010681 
0.276479 	0.102373 	0.068724 	0.071920 	 0.010083 
0.268218 	0.102226 	0.068572 	0.074846 	 0.010897 
0.263657 	0.114016 	0.076488 	0.079802 	 0.011356 
0.273673 	0.097322 	0.065491 	0.067480 	 0.009484 
0.259861 	0.107042 	0.072308 	0.072819 	 0.010919 
0.259115 	0.109207 	0.073413 	0.076164 	 0.010924 
0.258875 	0.118198 	0.079589 	0.079762 	 0.011359 
0.241247 	0.125665 	0.084216 	0.085721 	 0.011607 
0.257743 	0.109687 	0.073855 	0.075356 	 0.010818 
0.258003 	0.105573 	0.071152 	0.071844 	 0.010800 
0.254922 	0.121463 	0.081423 	0.083400 	 0.011077 
0.262661 	0.106771 	0.072069 	0.073617 	 0.010262 
0.259859 	0.104288 	0.070407 	0.069819 	 0.009939 
0.246856 	0.122127 	0.082316 	0.080014 	 0.011013 
0.255249 	0.114999 	0.077380 	0.075095 	 0.010220 
0.269960 	0.102286 	0.069989 	0.065127 	 0.009258 
0.262162 	0.111085 	0.075651 	0.070829 	 0.010200 
0.259253 	0.104608 	0.070365 	0.072862 	 0.010050 
0.238886 	0.124677 	0.083753 	0.083623 	 0.011301 
0.262309 	0.118789 	0.080029 	0.080031 	 0.010308 
0.251188 	0.112825 	0.076659 	0.072479 	 0.010819 
0.253961 	0.119588 	0.081327 	0.077202 	 0.010688 
0.245103 	0.118423 	0.080079 	0.076059 	 0.010851 
0.227922 	0.132017 	0.088746 	0.087286 	 0.011957 
0.246002 	0.117884 	0.079256 	0.079605 	 0.010565 
0.237860 	0.126346 	0.085009 	0.082513 	 0.011056 
0.238681 	0.125666 	0.084942 	0.079743 	 0.011244 
0.246611 	0.124385 	0.084378 	0.082317 	 0.011181 
0.238887 	0.124263 	0.083865 	0.082851 	 0.011647 
0.246396 	0.119399 	0.081274 	0.075088 	 0.010776 
0.220716 	0.132820 	0.089518 	0.086371 	 0.012240 
0.231849 	0.131632 	0.088945 	0.084848 	 0.011891 
0.231468 	0.125982 	0.084977 	0.083583 	 0.011699 
0.232800 	0.122413 	0.082419 	0.079244 	 0.010836 
0.240886 	0.115347 	0.078302 	0.074056 	 0.010995 
0.225347 	0.137192 	0.092703 	0.087262 	 0.012087 
0.231584 	0.128607 	0.087514 	0.080670 	 0.012108 
0.227151 	0.137189 	0.092601 	0.088186 	 0.011820 
0.240956 	0.107144 	0.073200 	0.065655 	 0.009600 
0.235726 	0.117754 	0.080265 	0.075485 	 0.011400 
0.227664 	0.136715 	0.092405 	0.089946 	 0.012518 
0.217592 	0.132718 	0.089794 	0.084680 	 0.012262 
0.216571 	0.134604 	0.090591 	0.088597 	 0.012374 
0.234004 	0.131815 	0.089644 	0.082079 	 0.011334 
0.217386 	0.136181 	0.092237 	0.086883 	 0.012348 
0.222553 	0.123621 	0.083843 	0.076475 	 0.011211 
0.208936 	0.149756 	0.101335 	0.094833 	 0.013232 
0.212942 	0.140324 	0.094944 	0.086962 	 0.012022 
0.206418 	0.140362 	0.095257 	0.086750 	 0.012959 
0.210781 	0.147795 	0.100468 	0.092949 	 0.013120 
0.220740 	0.129548 	0.088674 	0.076808 	 0.011980 
0.201660 	0.144032 	0.097462 	0.089615 	 0.012850 
0.202264 	0.155965 	0.105692 	0.097394 	 0.013631 
0.219748 	0.133700 	0.090888 	0.083126 	 0.012238 
0.207935 	0.143756 	0.097892 	0.087748 	 0.013186 
0.200273 	0.141786 	0.096210 	0.088065 	 0.013035 
0.193000 	0.156810 	0.106168 	0.097746 	 0.013468 
0.209413 	0.136379 	0.092562 	0.086976 	 0.013038 
0.206540 	0.146765 	0.099711 	0.088097 	 0.012474 
0.198963 	0.149020 	0.100891 	0.092983 	 0.012783 
0.211776 	0.133536 	0.091078 	0.079623 	 0.011225 
0.197275 	0.148486 	0.101043 	0.091104 	 0.013315 
0.205315 	0.143748 	0.097733 	0.088610 	 0.012807 
0.185288 	0.164504 	0.111126 	0.102758 	 0.013942 
0.188017 	0.159067 	0.107922 	0.099173 	 0.014142 
0.192815 	0.143618 	0.097852 	0.083990 	 0.012204 
0.196464 	0.148474 	0.100898 	0.089238 	 0.012983 
0.192244 	0.151537 	0.103034 	0.094294 	 0.013848 
0.207782 	0.144869 	0.099189 	0.086325 	 0.012383 
0.194376 	0.146292 	0.099780 	0.089029 	 0.013483 
0.191419 	0.144362 	0.098379 	0.086660 	 0.012573 
0.184245 	0.155260 	0.105997 	0.091237 	 0.013705 
0.180614 	0.154849 	0.104897 	0.093966 	 0.013270 
0.198475 	0.141172 	0.096734 	0.083434 	 0.012610 
0.192622 	0.146828 	0.100059 	0.088726 	 0.012400 
0.188923 	0.149892 	0.102615 	0.086492 	 0.013126 
0.189232 	0.150949 	0.102834 	0.090493 	 0.012909 
0.186353 	0.148786 	0.101644 	0.087981 	 0.013215 
0.181712 	0.165806 	0.113036 	0.100039 	 0.013997 
0.186551 	0.154322 	0.105201 	0.091313 	 0.012970 
0.172479 	0.169840 	0.115437 	0.103409 	 0.015228 
0.184361 	0.156427 	0.106767 	0.092300 	 0.012993 
0.176526 	0.167833 	0.114417 	0.098853 	 0.014474 
0.186151 	0.150425 	0.102842 	0.088334 	 0.012237 
0.184935 	0.153355 	0.105061 	0.087838 	 0.012591 
0.173584 	0.171869 	0.116929 	0.104151 	 0.014805 
0.177899 	0.160044 	0.109293 	0.094187 	 0.013545 
0.179043 	0.153281 	0.104698 	0.090340 	 0.013098 
0.162094 	0.161846 	0.110595 	0.096079 	 0.014930 
0.174134 	0.159951 	0.109794 	0.092016 	 0.013549 
0.158613 	0.173278 	0.117416 	0.104920 	 0.014663 
0.167826 	0.166701 	0.114073 	0.095582 	 0.013768 
0.163577 	0.166475 	0.113628 	0.098233 	 0.014627 
0.187572 	0.152773 	0.105170 	0.085149 	 0.012347 
0.177445 	0.156382 	0.107585 	0.089370 	 0.012826 
0.168772 	0.158529 	0.108836 	0.090569 	 0.013763 
0.165431 	0.165272 	0.112934 	0.096652 	 0.014110 
0.169632 	0.166374 	0.113983 	0.096556 	 0.013831 
0.164369 	0.168111 	0.115087 	0.096343 	 0.014080 
0.170869 	0.160947 	0.110238 	0.093546 	 0.013443 
0.171004 	0.169453 	0.115704 	0.099318 	 0.013979 
0.170213 	0.157199 	0.108282 	0.088008 	 0.013897 
0.163054 	0.171869 	0.117812 	0.098467 	 0.014828 
0.161644 	0.156206 	0.107167 	0.087952 	 0.013060 
0.161114 	0.171356 	0.117502 	0.097662 	 0.013903 
0.166292 	0.162501 	0.111087 	0.094628 	 0.013400 
0.154798 	0.166777 	0.113983 	0.095589 	 0.013752 
0.161815 	0.165612 	0.113560 	0.096669 	 0.014279 
0.156228 	0.168796 	0.115590 	0.097417 	 0.014456 
0.151555 	0.173945 	0.119463 	0.097735 	 0.014521 
0.147630 	0.174963 	0.119573 	0.101618 	 0.014757 
0.166320 	0.168240 	0.115829 	0.094512 	 0.014118 
0.168847 	0.162404 	0.111656 	0.093448 	 0.013451 
0.156654 	0.176298 	0.121073 	0.099245 	 0.014102 
0.147002 	0.179598 	0.122881 	0.102086 	 0.014708 
0.141803 	0.185548 	0.127154 	0.108607 	 0.016015 
0.149996 	0.179159 	0.122890 	0.100182 	 0.015001 
0.148237 	0.174956 	0.120173 	0.098986 	 0.014601 
0.150296 	0.173564 	0.118807 	0.097759 	 0.014060 
0.140374 	0.183416 	0.125765 	0.102034 	 0.014687 
0.145380 	0.181611 	0.124397 	0.103531 	 0.014706 
0.146284 	0.174973 	0.120153 	0.099024 	 0.014524 
0.157738 	0.160877 	0.111353 	0.086896 	 0.013895 
0.147239 	0.176986 	0.121669 	0.100818 	 0.014726 
0.159553 	0.162055 	0.112066 	0.085668 	 0.012982 
0.149181 	0.170005 	0.117377 	0.093384 	 0.014133 
0.142544 	0.175532 	0.120764 	0.097302 	 0.014676 
0.150034 	0.170231 	0.117552 	0.090591 	 0.013707 
0.152655 	0.178735 	0.123511 	0.098275 	 0.014410 
0.152071 	0.171479 	0.118026 	0.093630 	 0.013850 
0.147766 	0.179116 	0.123343 	0.098505 	 0.014705 
0.141392 	0.187393 	0.128640 	0.106305 	 0.015254 
0.151599 	0.168858 	0.116731 	0.092844 	 0.013913 
0.147523 	0.171945 	0.119552 	0.092637 	 0.014701 
0.144758 	0.179850 	0.123882 	0.101697 	 0.014639 
0.141553 	0.182437 	0.125607 	0.101911 	 0.014994 
0.129736 	0.194389 	0.133330 	0.107703 	 0.015347 
0.141894 	0.173916 	0.120557 	0.094423 	 0.014678 
0.153537 	0.166773 	0.115818 	0.088634 	 0.013694 
0.135991 	0.185127 	0.127452 	0.101209 	 0.014716 
0.130589 	0.177258 	0.122567 	0.094947 	 0.014717 
0.147575 	0.174587 	0.121047 	0.090494 	 0.013550 
0.133499 	0.178748 	0.123591 	0.095148 	 0.014435 
0.134721 	0.172755 	0.120014 	0.089684 	 0.014469 
0.132913 	0.180161 	0.124693 	0.096078 	 0.014820 
0.146583 	0.176730 	0.122009 	0.097186 	 0.013937 
0.124849 	0.195625 	0.134814 	0.104997 	 0.015496 
0.146084 	0.177367 	0.122714 	0.094173 	 0.013558 
0.138609 	0.178168 	0.123337 	0.094621 	 0.014032 
0.133209 	0.178475 	0.124119 	0.093037 	 0.014994 
0.127375 	0.183729 	0.127110 	0.097677 	 0.014738 
0.147502 	0.159831 	0.111711 	0.080889 	 0.013290 
0.122965 	0.181904 	0.125264 	0.100040 	 0.014767 
0.126264 	0.188710 	0.130660 	0.098401 	 0.014782 
0.127146 	0.188820 	0.130620 	0.101765 	 0.015185 
0.130136 	0.189163 	0.130874 	0.103101 	 0.014981 
0.131547 	0.179732 	0.124729 	0.094472 	 0.014034 
0.123679 	0.192297 	0.133167 	0.102771 	 0.015543 
0.124705 	0.197157 	0.136541 	0.105731 	 0.015506 
0.128411 	0.174672 	0.121405 	0.090664 	 0.014234 
0.124842 	0.188816 	0.131196 	0.097519 	 0.015092 
0.125654 	0.180305 	0.125449 	0.093043 	 0.014555 
0.127667 	0.184520 	0.128460 	0.094706 	 0.014889 
0.135648 	0.183617 	0.127688 	0.097005 	 0.014898 
0.119086 	0.189774 	0.131297 	0.101001 	 0.015690 
0.102207 	0.197773 	0.136738 	0.104663 	 0.016061 
0.117173 	0.198975 	0.137836 	0.103707 	 0.015685 
0.122971 	0.185380 	0.129147 	0.094161 	 0.014870 
0.111347 	0.205862 	0.142487 	0.108668 	 0.016077 
0.110885 	0.193834 	0.133994 	0.103020 	 0.015510 
0.127691 	0.185522 	0.129143 	0.096072 	 0.014535 
0.127082 	0.193396 	0.134488 	0.101548 	 0.015197 
0.133298 	0.173185 	0.121355 	0.086965 	 0.014209 
0.120789 	0.194359 	0.134775 	0.101601 	 0.014805 
0.105124 	0.199349 	0.138808 	0.103347 	 0.015843 
0.111501 	0.194896 	0.135720 	0.099816 	 0.015407 
0.119730 	0.188504 	0.131685 	0.095149 	 0.014894 
0.121373 	0.190809 	0.133362 	0.096735 	 0.014748 
0.121891 	0.192076 	0.134040 	0.100832 	 0.014941 
0.119558 	0.189513 	0.131883 	0.099661 	 0.015189 
0.111756 	0.184597 	0.129027 	0.093234 	 0.014834 
0.120268 	0.185183 	0.129528 	0.091020 	 0.014383 
0.109062 	0.181333 	0.126509 	0.092236 	 0.014665 
0.121722 	0.187108 	0.130928 	0.094897 	 0.014361 
0.115859 	0.191326 	0.133423 	0.096392 	 0.014593 
0.100707 	0.206876 	0.143518 	0.110454 	 0.016451 
0.101265 	0.195522 	0.136206 	0.099306 	 0.016065 
0.100692 	0.201168 	0.140357 	0.103719 	 0.016862 
0.102831 	0.201508 	0.140288 	0.104174 	 0.016179 
0.113148 	0.191888 	0.134120 	0.096467 	 0.014999 
0.108081 	0.196283 	0.136681 	0.101853 	 0.015670 
0.120782 	0.181446 	0.127728 	0.087030 	 0.014294 
0.118504 	0.179881 	0.126223 	0.087692 	 0.013261 
0.104929 	0.201674 	0.140973 	0.101479 	 0.015775 
0.104045 	0.196517 	0.137288 	0.099398 	 0.015606 
0.109586 	0.190689 	0.133733 	0.094722 	 0.014995 
0.109827 	0.190941 	0.133810 	0.095016 	 0.015110 
0.104073 	0.201155 	0.140455 	0.102922 	 0.016032 
0.118267 	0.178442 	0.125777 	0.085439 	 0.013989 
0.113676 	0.191107 	0.134038 	0.093694 	 0.014702 
0.098272 	0.201213 	0.140230 	0.101944 	 0.015602 
0.103985 	0.196952 	0.138011 	0.097746 	 0.015508 
0.116425 	0.183057 	0.128648 	0.089851 	 0.014326 
0.096778 	0.186909 	0.131704 	0.088809 	 0.015245 
0.102220 	0.198992 	0.138986 	0.102775 	 0.015700 
0.093753 	0.202382 	0.141367 	0.102160 	 0.015865 
0.091735 	0.205413 	0.143447 	0.106212 	 0.016195 
0.107306 	0.186912 	0.131503 	0.090731 	 0.014404 
0.115142 	0.176523 	0.125049 	0.083348 	 0.014276 
0.100565 	0.198937 	0.139240 	0.099212 	 0.014837 
0.100082 	0.192511 	0.135549 	0.092700 	 0.015194 
0.101102 	0.191636 	0.134744 	0.092698 	 0.014444 
0.100174 	0.203496 	0.142433 	0.102185 	 0.015908 
0.101074 	0.198860 	0.139503 	0.098778 	 0.016036 
0.097208 	0.194824 	0.137174 	0.091999 	 0.014952 
0.099684 	0.198456 	0.139528 	0.099521 	 0.016057 
0.095274 	0.197744 	0.138958 	0.096901 	 0.015485 
0.084472 	0.208618 	0.145889 	0.104978 	 0.016768 
0.099120 	0.202453 	0.142668 	0.098925 	 0.016410 
0.095443 	0.196360 	0.138395 	0.094723 	 0.016154 
0.098708 	0.203875 	0.143409 	0.097891 	 0.015404 
0.093135 	0.195476 	0.137711 	0.094420 	 0.015490 
0.098904 	0.197812 	0.138945 	0.096964 	 0.015196 
0.109077 	0.183854 	0.130417 	0.086107 	 0.014449 
0.100302 	0.192687 	0.136069 	0.092283 	 0.015223 
0.093434 	0.203397 	0.143168 	0.098788 	 0.015717 
0.100800 	0.190009 	0.134319 	0.090917 	 0.015168 
0.094303 	0.198481 	0.140192 	0.094461 	 0.015449 
0.088169 	0.204982 	0.143799 	0.102102 	 0.015781 
0.101759 	0.185218 	0.131490 	0.087771 	 0.015516 
0.088070 	0.205170 	0.144673 	0.100279 	 0.016126 
0.109440 	0.186922 	0.132584 	0.088482 	 0.014220 
0.090914 	0.193303 	0.136787 	0.091082 	 0.015393 
0.089581 	0.188892 	0.133919 	0.088154 	 0.015274 
0.095046 	0.188980 	0.133945 	0.088432 	 0.015146 
0.098356 	0.193612 	0.137191 	0.089803 	 0.015156 
0.087791 	0.200178 	0.141434 	0.094668 	 0.015425 
0.110404 	0.188988 	0.134057 	0.088536 	 0.014140 
0.085115 	0.203656 	0.143772 	0.096863 	 0.015692 
0.095667 	0.193563 	0.137209 	0.091129 	 0.015332 
0.097206 	0.190859 	0.135923 	0.085556 	 0.015107 
0.087543 	0.200593 	0.142312 	0.092315 	 0.015682 
0.072118 	0.215933 	0.151890 	0.106170 	 0.017083 
0.086497 	0.206835 	0.145841 	0.099259 	 0.015517 
0.096130 	0.198083 	0.140488 	0.090997 	 0.015010 
0.077661 	0.206735 	0.146051 	0.097720 	 0.015981 
0.096188 	0.198455 	0.140921 	0.092717 	 0.015661 
0.079314 	0.203553 	0.143803 	0.098179 	 0.016110 
0.084101 	0.214026 	0.150918 	0.102992 	 0.016260 
0.081405 	0.207771 	0.146674 	0.099817 	 0.016061 
0.084972 	0.205027 	0.145166 	0.097410 	 0.015872 
0.096637 	0.198355 	0.141048 	0.093876 	 0.014942 
0.087134 	0.199301 	0.141578 	0.091954 	 0.015514 
0.090543 	0.197518 	0.141497 	0.089602 	 0.015959 
0.084842 	0.198846 	0.141470 	0.093705 	 0.016195 
0.078760 	0.211113 	0.149056 	0.103531 	 0.016644 
0.076186 	0.207839 	0.147182 	0.098971 	 0.016132 
0.081019 	0.210658 	0.149166 	0.100117 	 0.016031 
0.086296 	0.203405 	0.144977 	0.091190 	 0.015605 
0.081757 	0.209658 	0.148448 	0.098299 	 0.015820 
0.087108 	0.201173 	0.143233 	0.090556 	 0.014829 
0.095014 	0.189514 	0.135514 	0.084515 	 0.014310 
0.085449 	0.206162 	0.146542 	0.094750 	 0.015677 
0.084257 	0.206201 	0.146578 	0.095194 	 0.015623 
0.077347 	0.206023 	0.146232 	0.096280 	 0.015624 
0.092081 	0.199367 	0.142419 	0.090458 	 0.015346 
0.095515 	0.193130 	0.138421 	0.086772 	 0.015264 
0.080591 	0.201537 	0.143932 	0.087897 	 0.015454 
0.072610 	0.208119 	0.148560 	0.094368 	 0.016707 
0.078893 	0.204072 	0.145229 	0.092772 	 0.015562 
0.078289 	0.212917 	0.150834 	0.100757 	 0.015367 
0.085282 	0.197622 	0.141435 	0.086842 	 0.014895 
0.060586 	0.215979 	0.152775 	0.101716 	 0.016507 
0.084252 	0.204936 	0.146244 	0.093000 	 0.015573 
0.082601 	0.196578 	0.140724 	0.090479 	 0.015216 
0.071895 	0.215807 	0.153241 	0.101452 	 0.017136 
0.072489 	0.219027 	0.155694 	0.101571 	 0.016873 
0.086549 	0.203158 	0.145239 	0.092619 	 0.015910 
0.082250 	0.199083 	0.142260 	0.089322 	 0.015135 
0.065632 	0.220237 	0.156263 	0.103841 	 0.016977 
0.089183 	0.199386 	0.143073 	0.086635 	 0.014449 
0.084339 	0.199175 	0.142698 	0.089502 	 0.015540 
0.068766 	0.222635 	0.157631 	0.105547 	 0.016464 
0.079255 	0.209729 	0.149510 	0.095045 	 0.015266 
0.071205 	0.209337 	0.149499 	0.093356 	 0.015797 
0.071780 	0.205819 	0.147234 	0.093841 	 0.015845 
0.063322 	0.221407 	0.157579 	0.105021 	 0.017505 
0.066677 	0.218315 	0.155391 	0.099946 	 0.016445 
0.074259 	0.209813 	0.150310 	0.093351 	 0.015930 
0.079238 	0.205899 	0.147539 	0.091518 	 0.015550 
0.064279 	0.221192 	0.157317 	0.104493 	 0.017506 
0.076997 	0.203713 	0.146583 	0.088199 	 0.016206 
0.063229 	0.224363 	0.159777 	0.103211 	 0.017121 
0.063414 	0.212530 	0.152391 	0.094750 	 0.017342 
0.076236 	0.208141 	0.149066 	0.093781 	 0.015931 
0.065337 	0.213536 	0.152221 	0.097738 	 0.016594 
0.068675 	0.217594 	0.155246 	0.098346 	 0.016011 
0.087738 	0.198791 	0.143456 	0.087047 	 0.015751 
0.071349 	0.213521 	0.153502 	0.092798 	 0.016444 
0.080062 	0.197850 	0.142237 	0.084434 	 0.013993 
0.066872 	0.215665 	0.154161 	0.098552 	 0.016867 
0.060660 	0.214447 	0.153526 	0.097360 	 0.016343 
0.072558 	0.204526 	0.147205 	0.089215 	 0.015273 
0.082447 	0.195145 	0.140839 	0.084222 	 0.014990 
0.058614 	0.220151 	0.157569 	0.099465 	 0.016785 
0.082537 	0.203458 	0.146636 	0.088255 	 0.015140 
0.075234 	0.204928 	0.147789 	0.086926 	 0.015697 
0.074720 	0.210128 	0.151623 	0.091732 	 0.015972 
0.068337 	0.199882 	0.145132 	0.082432 	 0.016571 
0.063081 	0.214999 	0.154430 	0.094410 	 0.016135 
0.083132 	0.202151 	0.146179 	0.085253 	 0.015462 
0.068108 	0.213059 	0.153062 	0.093484 	 0.015482 
0.073098 	0.197594 	0.143116 	0.081568 	 0.014891 
0.070380 	0.215018 	0.154361 	0.093738 	 0.015630 
0.066443 	0.213689 	0.153863 	0.092813 	 0.016357 
0.065480 	0.219727 	0.157643 	0.099280 	 0.016627 
0.082317 	0.196247 	0.142550 	0.079468 	 0.014537 
0.074478 	0.203642 	0.147666 	0.085201 	 0.015658 
0.072185 	0.197821 	0.143345 	0.082436 	 0.015167 
0.055275 	0.214701 	0.154318 	0.094071 	 0.016153 
0.059887 	0.212102 	0.152359 	0.093872 	 0.016030 
0.065360 	0.205040 	0.148292 	0.086958 	 0.015654 
0.064405 	0.204650 	0.147603 	0.088404 	 0.015079 
0.068202 	0.205334 	0.148735 	0.086246 	 0.015842 
0.069316 	0.204842 	0.148334 	0.086449 	 0.015484 
0.077732 	0.202900 	0.147421 	0.084481 	 0.015931 
0.078980 	0.210102 	0.151989 	0.089679 	 0.015507 
0.073529 	0.201799 	0.146083 	0.086891 	 0.015178 
0.073349 	0.199426 	0.145490 	0.079254 	 0.015321 
0.067231 	0.216069 	0.156185 	0.090682 	 0.015730 
0.063682 	0.209567 	0.151686 	0.087739 	 0.015658 
0.080179 	0.196456 	0.143323 	0.082462 	 0.015681 
0.057226 	0.215758 	0.155989 	0.092542 	 0.016444 
0.073399 	0.207202 	0.150177 	0.087212 	 0.015126 
0.075284 	0.205877 	0.149331 	0.086676 	 0.014807 
0.076176 	0.204261 	0.148936 	0.085234 	 0.016062 
0.063665 	0.217628 	0.157408 	0.094107 	 0.016315 
0.072112 	0.203414 	0.148047 	0.083912 	 0.015680 
0.079006 	0.199522 	0.145474 	0.083196 	 0.015827 
0.075241 	0.206243 	0.150020 	0.086661 	 0.016046 
0.063434 	0.215351 	0.155878 	0.092510 	 0.015902 
0.075587 	0.195929 	0.143513 	0.077140 	 0.015127 
0.065736 	0.209539 	0.152681 	0.085491 	 0.016326 
0.053020 	0.209024 	0.152212 	0.085156 	 0.016708 
0.085393 	0.193171 	0.141781 	0.076186 	 0.014265 
0.065113 	0.206899 	0.150405 	0.088415 	 0.015634 
0.064033 	0.222683 	0.161263 	0.095290 	 0.016484 
0.063602 	0.210357 	0.152522 	0.088850 	 0.015748 
0.065105 	0.205967 	0.150107 	0.084606 	 0.015318 
0.072266 	0.205483 	0.149882 	0.084289 	 0.015392 
0.054412 	0.217352 	0.157893 	0.092853 	 0.017296 
0.054133 	0.213394 	0.155164 	0.089894 	 0.016788 
0.069004 	0.210176 	0.153758 	0.084569 	 0.016436 
0.056889 	0.232102 	0.167366 	0.104821 	 0.017531 
0.062546 	0.202005 	0.147754 	0.082979 	 0.015860 
0.081520 	0.201551 	0.148113 	0.079297 	 0.015222 
0.069928 	0.202748 	0.148624 	0.081828 	 0.015891 
0.065051 	0.217678 	0.158374 	0.092595 	 0.015918 
0.082043 	0.200221 	0.147127 	0.077921 	 0.014449 
0.053977 	0.224212 	0.162848 	0.094546 	 0.016964 
0.079050 	0.206035 	0.151401 	0.080226 	 0.014909 
0.061611 	0.215860 	0.157163 	0.092114 	 0.016851 
0.074415 	0.211667 	0.154574 	0.088123 	 0.015719 
0.055303 	0.215448 	0.157666 	0.086598 	 0.016830 
0.058269 	0.212836 	0.155589 	0.087245 	 0.016671 
0.062747 	0.220419 	0.160510 	0.094607 	 0.016758 
0.064582 	0.211853 	0.154831 	0.088561 	 0.016286 
0.060501 	0.208868 	0.152665 	0.086086 	 0.016130 
0.058044 	0.210274 	0.153972 	0.087680 	 0.016605 
0.061090 	0.220206 	0.160614 	0.091485 	 0.016646 
0.079809 	0.199714 	0.147846 	0.074443 	 0.015321 
0.075106 	0.214813 	0.157101 	0.088657 	 0.015768 
0.070452 	0.213682 	0.156587 	0.088265 	 0.015931 
0.082048 	0.197607 	0.146146 	0.076259 	 0.014976 
0.080886 	0.194186 	0.144351 	0.072236 	 0.015155 
0.074514 	0.204412 	0.150778 	0.080203 	 0.015957 
0.080766 	0.192028 	0.142828 	0.071048 	 0.015110 
0.089323 	0.192805 	0.143188 	0.073010 	 0.014303 
0.080502 	0.208635 	0.153466 	0.084594 	 0.016119 
0.084644 	0.188439 	0.140164 	0.072135 	 0.014937 
0.082615 	0.200965 	0.148997 	0.076817 	 0.015483 
0.073652 	0.211010 	0.155340 	0.084005 	 0.015872 
0.074023 	0.203554 	0.151067 	0.078796 	 0.016219 
0.076392 	0.208302 	0.153584 	0.084698 	 0.016575 
0.092587 	0.197074 	0.146645 	0.074074 	 0.014747 
0.073513 	0.204195 	0.150654 	0.080602 	 0.015858 
0.079837 	0.198796 	0.147687 	0.075080 	 0.015807 
0.080168 	0.192758 	0.143593 	0.072053 	 0.015253 
0.090813 	0.196342 	0.146183 	0.071961 	 0.014159 
0.094880 	0.197426 	0.146914 	0.075483 	 0.014531 
0.089078 	0.188688 	0.140815 	0.068757 	 0.013872 
0.078875 	0.200158 	0.148468 	0.077919 	 0.015780 
0.069798 	0.211124 	0.155933 	0.084475 	 0.016447 
0.074331 	0.202825 	0.150988 	0.074999 	 0.015204 
0.080463 	0.206136 	0.152821 	0.080820 	 0.015852 
0.084565 	0.196156 	0.146371 	0.072590 	 0.014850 
0.097666 	0.187743 	0.141342 	0.064311 	 0.013986 
0.094703 	0.194041 	0.145005 	0.071729 	 0.014545 
0.088606 	0.197740 	0.147937 	0.073384 	 0.015396 
0.095387 	0.182932 	0.138004 	0.063909 	 0.014175 
0.087191 	0.202283 	0.150678 	0.077638 	 0.014426 
0.075693 	0.212954 	0.157738 	0.083106 	 0.016469 
0.107027 	0.184558 	0.139266 	0.065731 	 0.013475 
0.083622 	0.200506 	0.149860 	0.076800 	 0.016082 
0.078369 	0.202467 	0.151417 	0.075517 	 0.015693 
0.092588 	0.191990 	0.144110 	0.070096 	 0.014664 
0.088416 	0.198694 	0.149068 	0.073111 	 0.015616 
0.084086 	0.199583 	0.149162 	0.074942 	 0.015295 
0.087931 	0.204128 	0.152187 	0.081431 	 0.015540 
0.087381 	0.193367 	0.145301 	0.071400 	 0.015214 
0.094981 	0.183213 	0.138607 	0.064048 	 0.014229 
0.087851 	0.204710 	0.153240 	0.076238 	 0.015651 
0.079764 	0.201863 	0.150928 	0.075504 	 0.015131 
0.097681 	0.189438 	0.143261 	0.067220 	 0.014455 
0.101370 	0.185120 	0.140314 	0.067136 	 0.014822 
0.092408 	0.202945 	0.152126 	0.075579 	 0.015224 
0.087055 	0.201153 	0.150696 	0.074481 	 0.015175 
0.098096 	0.187822 	0.142448 	0.063843 	 0.014332 
0.088279 	0.197153 	0.148577 	0.070905 	 0.015426 
0.095032 	0.197279 	0.148552 	0.070539 	 0.014965 
0.101438 	0.184032 	0.139959 	0.062237 	 0.014725 
0.100573 	0.183202 	0.139392 	0.062784 	 0.014614 
0.105263 	0.183930 	0.140342 	0.059212 	 0.014058 
0.090708 	0.199046 	0.149880 	0.072441 	 0.015173 
0.112355 	0.170682 	0.131586 	0.052174 	 0.013466 
0.091154 	0.200919 	0.150603 	0.077383 	 0.015440 
0.108675 	0.186513 	0.141770 	0.062748 	 0.013416 
0.085106 	0.209269 	0.156047 	0.082631 	 0.015729 
0.097060 	0.191439 	0.144940 	0.066652 	 0.014155 
0.098625 	0.195345 	0.147796 	0.070691 	 0.014641 
0.096192 	0.191845 	0.145089 	0.067942 	 0.014174 
0.106728 	0.185773 	0.141145 	0.063423 	 0.013515 
0.101978 	0.192067 	0.145409 	0.066618 	 0.013999 
0.099578 	0.186410 	0.141765 	0.065010 	 0.013978 
0.107679 	0.189386 	0.144491 	0.063471 	 0.014124 
0.108947 	0.176232 	0.135904 	0.053780 	 0.013843 
0.090383 	0.203584 	0.152746 	0.077551 	 0.015010 
0.101328 	0.195923 	0.148352 	0.073712 	 0.015819 
0.077265 	0.211969 	0.159094 	0.080052 	 0.016093 
0.099764 	0.183319 	0.140538 	0.060238 	 0.014336 
0.106189 	0.179410 	0.138406 	0.056768 	 0.014180 
0.096125 	0.191415 	0.145904 	0.066508 	 0.015341 
0.096254 	0.195290 	0.148775 	0.067159 	 0.015154 
0.075361 	0.218074 	0.163012 	0.085411 	 0.016849 
0.087471 	0.201234 	0.152591 	0.072926 	 0.016271 
0.088943 	0.192743 	0.147076 	0.064760 	 0.015179 
0.094636 	0.195109 	0.148768 	0.066419 	 0.015489 
0.093065 	0.198055 	0.150558 	0.068985 	 0.015251 
0.091350 	0.195271 	0.148848 	0.068108 	 0.014840 
0.082114 	0.197726 	0.150363 	0.068071 	 0.015166 
0.076795 	0.202486 	0.153631 	0.071484 	 0.015832 
0.105892 	0.181433 	0.139691 	0.059043 	 0.013519 
0.099079 	0.187037 	0.143166 	0.063324 	 0.013626 
0.099043 	0.186510 	0.143398 	0.061102 	 0.013809 
0.085885 	0.191940 	0.146825 	0.064028 	 0.015267 
0.098996 	0.186003 	0.143082 	0.061707 	 0.013993 
0.087706 	0.187023 	0.143284 	0.064611 	 0.015542 
0.090868 	0.197148 	0.149630 	0.071881 	 0.014861 
0.084603 	0.194722 	0.149198 	0.067316 	 0.015716 
0.094461 	0.194379 	0.148931 	0.066705 	 0.015236 
0.092890 	0.182375 	0.140940 	0.058926 	 0.014949 
0.084597 	0.194946 	0.148841 	0.068309 	 0.015584 
0.082769 	0.191068 	0.146624 	0.063292 	 0.015147 
0.083300 	0.197375 	0.150799 	0.069670 	 0.016199 
0.090940 	0.194856 	0.149443 	0.068420 	 0.015564 
0.089799 	0.189175 	0.145548 	0.060377 	 0.014999 
0.114132 	0.174993 	0.136481 	0.054259 	 0.013359 
0.091480 	0.199587 	0.152502 	0.068036 	 0.014883 
0.089394 	0.178262 	0.138313 	0.054435 	 0.014346 
0.105532 	0.180479 	0.140581 	0.055475 	 0.014599 
0.100053 	0.179763 	0.139870 	0.054228 	 0.013937 
0.093257 	0.192876 	0.148432 	0.062780 	 0.014595 
0.092004 	0.193514 	0.149104 	0.063872 	 0.015687 
0.102486 	0.182343 	0.141314 	0.059630 	 0.014179 
0.093515 	0.182007 	0.141071 	0.060779 	 0.014996 
0.089217 	0.197352 	0.151680 	0.065018 	 0.015354 
0.100729 	0.181532 	0.141368 	0.057654 	 0.014560 
0.101099 	0.172950 	0.135446 	0.051725 	 0.013667 
0.095948 	0.190141 	0.146897 	0.061908 	 0.014736 
0.087978 	0.198568 	0.152368 	0.068475 	 0.015893 
0.095756 	0.186188 	0.144815 	0.055901 	 0.014782 
0.090612 	0.176587 	0.137814 	0.053713 	 0.014112 
0.110070 	0.175383 	0.137761 	0.052788 	 0.013660 
0.078640 	0.197015 	0.151594 	0.067379 	 0.016127 
0.097111 	0.183962 	0.143062 	0.059242 	 0.013919 
0.093047 	0.182487 	0.142487 	0.058090 	 0.015133 
0.088390 	0.186509 	0.145251 	0.057973 	 0.015652 
0.093735 	0.189165 	0.147307 	0.058594 	 0.015276 
0.101823 	0.174154 	0.136715 	0.054482 	 0.014275 
0.069396 	0.209775 	0.160222 	0.075009 	 0.016404 
