di 	gli 	gal 	gos3 	 gos4 
0.418617 	0.027683 	0.016835 	0.018409 	 -0.001861 
0.417306 	0.038551 	0.023730 	0.029783 	 -0.000297 
0.441666 	0.027253 	0.015317 	0.035598 	 -0.001270 
0.417451 	0.051962 	0.031587 	0.052267 	 0.000961 
0.429457 	0.050792 	0.030947 	0.051538 	 0.000052 
0.421181 	0.058311 	0.036095 	0.055603 	 0.000452 
0.407510 	0.061087 	0.037513 	0.059507 	 0.001236 
0.428097 	0.048195 	0.029403 	0.048639 	 -0.000003 
0.424149 	0.059914 	0.037001 	0.056203 	 0.000380 
0.417940 	0.057938 	0.035218 	0.056530 	 0.000045 
0.423385 	0.045995 	0.027658 	0.048465 	 0.000205 
0.409493 	0.056616 	0.034471 	0.056408 	 0.001253 
0.412708 	0.056913 	0.034436 	0.056331 	 0.000618 
0.413450 	0.049134 	0.029353 	0.054202 	 0.000692 
0.397618 	0.077934 	0.048562 	0.068948 	 0.001652 
0.415275 	0.060670 	0.036777 	0.063753 	 0.001438 
0.407816 	0.061354 	0.037824 	0.058147 	 0.001380 
0.413121 	0.068279 	0.042174 	0.064088 	 0.001018 
0.402312 	0.063279 	0.038882 	0.060038 	 0.001118 
0.403123 	0.061474 	0.037984 	0.059294 	 0.002060 
0.395103 	0.076895 	0.047800 	0.070699 	 0.002745 
0.401891 	0.069817 	0.043705 	0.061202 	 0.001547 
0.409512 	0.060004 	0.036877 	0.056879 	 0.000551 
0.386884 	0.076962 	0.047783 	0.071562 	 0.003321 
0.406358 	0.065251 	0.039924 	0.065128 	 0.001484 
0.394748 	0.076765 	0.047762 	0.070089 	 0.002162 
0.396429 	0.069781 	0.043388 	0.064614 	 0.002440 
0.392528 	0.069257 	0.042859 	0.065878 	 0.002241 
0.399491 	0.061439 	0.037945 	0.059266 	 0.002229 
0.387467 	0.082293 	0.051416 	0.073633 	 0.003293 
0.388639 	0.076333 	0.047632 	0.070684 	 0.002877 
0.385679 	0.079573 	0.049186 	0.075706 	 0.003550 
0.388888 	0.077060 	0.047710 	0.072659 	 0.002827 
0.390755 	0.073346 	0.045497 	0.068754 	 0.002808 
0.393975 	0.071951 	0.044546 	0.066719 	 0.002277 
0.392523 	0.067447 	0.041754 	0.063308 	 0.002439 
0.384689 	0.075313 	0.046399 	0.072604 	 0.003129 
0.384024 	0.076371 	0.047202 	0.072450 	 0.003212 
0.382859 	0.078460 	0.048654 	0.074897 	 0.003373 
0.372834 	0.087223 	0.054348 	0.079041 	 0.004243 
0.380180 	0.075808 	0.046803 	0.068372 	 0.002768 
0.365310 	0.083963 	0.052293 	0.074491 	 0.003996 
0.368320 	0.098996 	0.061830 	0.088398 	 0.004549 
0.383182 	0.077226 	0.048004 	0.072033 	 0.003320 
0.383065 	0.076540 	0.047878 	0.071739 	 0.003920 
0.377968 	0.081998 	0.051083 	0.076632 	 0.003687 
0.360262 	0.099601 	0.062650 	0.086672 	 0.005218 
0.369906 	0.086468 	0.054082 	0.076777 	 0.003722 
0.371202 	0.085406 	0.053523 	0.076113 	 0.003590 
0.361598 	0.100760 	0.063584 	0.085896 	 0.004596 
0.372753 	0.084179 	0.052404 	0.075908 	 0.003049 
0.361624 	0.084470 	0.052878 	0.075512 	 0.003887 
0.359398 	0.090686 	0.056938 	0.080026 	 0.004315 
0.374119 	0.087493 	0.055614 	0.073166 	 0.004013 
0.362446 	0.088469 	0.055518 	0.077349 	 0.004218 
0.348216 	0.101363 	0.063908 	0.087034 	 0.005380 
0.355519 	0.098998 	0.062537 	0.084832 	 0.005070 
0.354848 	0.097287 	0.061319 	0.083500 	 0.004793 
0.344380 	0.106160 	0.066868 	0.090770 	 0.004939 
0.364503 	0.088331 	0.055646 	0.080299 	 0.005049 
0.357402 	0.094288 	0.059945 	0.082099 	 0.004705 
0.343950 	0.109787 	0.069271 	0.093573 	 0.005741 
0.353768 	0.092616 	0.058151 	0.082253 	 0.004443 
0.356969 	0.090563 	0.056781 	0.081211 	 0.004539 
0.347776 	0.098856 	0.062202 	0.086340 	 0.005601 
0.329922 	0.116193 	0.073710 	0.096811 	 0.006768 
0.346503 	0.090980 	0.057255 	0.080279 	 0.004444 
0.339284 	0.102442 	0.064438 	0.089612 	 0.005282 
0.339250 	0.105557 	0.066906 	0.090471 	 0.006112 
0.336920 	0.109420 	0.069386 	0.092682 	 0.006432 
0.356475 	0.097616 	0.061588 	0.086023 	 0.004653 
0.343540 	0.098715 	0.062194 	0.084717 	 0.005326 
0.344651 	0.106985 	0.067754 	0.092575 	 0.005878 
0.336814 	0.114502 	0.072748 	0.096373 	 0.006138 
0.337531 	0.110993 	0.070275 	0.094715 	 0.006095 
0.346480 	0.098532 	0.062217 	0.084434 	 0.005572 
0.334869 	0.111104 	0.070279 	0.093739 	 0.005717 
0.349837 	0.102623 	0.064994 	0.087289 	 0.005180 
0.347421 	0.098499 	0.062530 	0.083577 	 0.005221 
0.325638 	0.115076 	0.072943 	0.094813 	 0.006429 
0.347633 	0.093650 	0.059126 	0.079910 	 0.004239 
0.327674 	0.107590 	0.068350 	0.089981 	 0.006209 
0.333659 	0.102477 	0.064944 	0.086935 	 0.005886 
0.337499 	0.103078 	0.065988 	0.084311 	 0.006029 
0.341123 	0.094427 	0.059492 	0.082475 	 0.004995 
0.345216 	0.098235 	0.062366 	0.084342 	 0.006197 
0.327220 	0.111795 	0.071202 	0.091549 	 0.006293 
0.329384 	0.101709 	0.064837 	0.085403 	 0.006096 
0.326329 	0.110185 	0.069833 	0.093424 	 0.005873 
0.334361 	0.103566 	0.065680 	0.087387 	 0.005476 
0.342059 	0.097971 	0.062250 	0.083415 	 0.005357 
0.330482 	0.105718 	0.067240 	0.088924 	 0.006018 
0.330288 	0.110831 	0.070278 	0.093447 	 0.006614 
0.324669 	0.120401 	0.076649 	0.100928 	 0.007079 
0.328869 	0.103953 	0.065784 	0.090461 	 0.006292 
0.332550 	0.100423 	0.063824 	0.084727 	 0.006006 
0.320913 	0.121448 	0.077495 	0.099540 	 0.007506 
0.336791 	0.103022 	0.065370 	0.089290 	 0.006104 
0.328240 	0.109920 	0.070400 	0.089297 	 0.006218 
0.320844 	0.114902 	0.073350 	0.095509 	 0.007397 
0.330501 	0.109197 	0.069709 	0.089957 	 0.006124 
0.318028 	0.120118 	0.077110 	0.093811 	 0.006933 
0.319046 	0.116655 	0.074468 	0.095427 	 0.006685 
0.322797 	0.109515 	0.069647 	0.090070 	 0.006386 
0.325983 	0.113746 	0.072539 	0.093654 	 0.005883 
0.322024 	0.109610 	0.070113 	0.089537 	 0.006721 
0.322528 	0.106854 	0.068146 	0.087302 	 0.006248 
0.323918 	0.118313 	0.075726 	0.096023 	 0.006857 
0.317608 	0.114525 	0.073477 	0.092947 	 0.006875 
0.316542 	0.119090 	0.076784 	0.094792 	 0.007144 
0.310545 	0.132615 	0.085671 	0.101911 	 0.007862 
0.323033 	0.121737 	0.078049 	0.098272 	 0.006833 
0.316250 	0.126053 	0.081087 	0.102463 	 0.007994 
0.326202 	0.109923 	0.070440 	0.087902 	 0.006093 
0.318208 	0.111584 	0.071401 	0.090316 	 0.006654 
0.305398 	0.128105 	0.082422 	0.097996 	 0.006909 
0.315165 	0.120299 	0.076966 	0.098306 	 0.007359 
0.314451 	0.116530 	0.074932 	0.093335 	 0.007485 
0.320227 	0.115584 	0.074475 	0.093495 	 0.007391 
0.316770 	0.112953 	0.072602 	0.090398 	 0.006237 
0.316289 	0.113562 	0.073073 	0.091591 	 0.007038 
0.321452 	0.118292 	0.075866 	0.095257 	 0.006292 
0.302654 	0.139489 	0.090167 	0.107282 	 0.008546 
0.296340 	0.139034 	0.089712 	0.107492 	 0.008210 
0.284787 	0.148180 	0.095199 	0.115871 	 0.008680 
0.299841 	0.140170 	0.090695 	0.109747 	 0.008627 
0.297529 	0.133936 	0.086406 	0.107563 	 0.007967 
0.316211 	0.119371 	0.077441 	0.090984 	 0.006732 
0.303336 	0.137253 	0.089310 	0.103876 	 0.008605 
0.307489 	0.124919 	0.080534 	0.095995 	 0.006738 
0.297827 	0.136813 	0.088377 	0.107368 	 0.008319 
0.287766 	0.140492 	0.091005 	0.107539 	 0.008996 
0.302298 	0.129396 	0.083503 	0.100430 	 0.007307 
0.304854 	0.132693 	0.085692 	0.104835 	 0.008117 
0.304504 	0.131719 	0.085119 	0.102812 	 0.007866 
0.305288 	0.119086 	0.076370 	0.094076 	 0.006775 
0.284651 	0.136540 	0.088566 	0.104636 	 0.008733 
0.297204 	0.138230 	0.089955 	0.103385 	 0.008322 
0.311345 	0.131884 	0.085575 	0.098177 	 0.006472 
0.296566 	0.134323 	0.087310 	0.102812 	 0.008053 
0.287613 	0.136430 	0.088086 	0.105943 	 0.008802 
0.281675 	0.147407 	0.095055 	0.114842 	 0.008825 
0.289051 	0.129377 	0.083691 	0.100378 	 0.008187 
0.308043 	0.122879 	0.079885 	0.092927 	 0.006959 
0.305781 	0.129898 	0.084523 	0.099396 	 0.007459 
0.294947 	0.145141 	0.094662 	0.107503 	 0.008424 
0.285045 	0.144013 	0.093648 	0.106609 	 0.008273 
0.293212 	0.138928 	0.090308 	0.102799 	 0.007858 
0.283048 	0.138786 	0.089937 	0.106330 	 0.009021 
0.289574 	0.125996 	0.082086 	0.093846 	 0.007689 
0.289942 	0.139656 	0.090485 	0.105353 	 0.008521 
0.292276 	0.131439 	0.085210 	0.098176 	 0.007591 
0.281487 	0.143272 	0.093121 	0.104909 	 0.007845 
0.296430 	0.133244 	0.086432 	0.102553 	 0.007766 
0.288228 	0.131935 	0.086101 	0.097469 	 0.008230 
0.292725 	0.136350 	0.088450 	0.103208 	 0.008226 
0.285621 	0.138428 	0.090364 	0.102309 	 0.008573 
0.270702 	0.151094 	0.098552 	0.110454 	 0.009423 
0.291538 	0.135782 	0.088613 	0.098803 	 0.007690 
0.286582 	0.135673 	0.088476 	0.100404 	 0.007842 
0.293406 	0.134610 	0.087765 	0.099314 	 0.007315 
0.281632 	0.138939 	0.090349 	0.102535 	 0.007770 
0.282813 	0.146139 	0.095215 	0.106535 	 0.007738 
0.280710 	0.147661 	0.095908 	0.111108 	 0.008940 
0.299004 	0.136759 	0.089553 	0.100147 	 0.007716 
0.284605 	0.138706 	0.090599 	0.100072 	 0.007958 
0.277408 	0.149136 	0.097160 	0.109611 	 0.008999 
0.284343 	0.148970 	0.097365 	0.108022 	 0.008252 
0.274689 	0.146040 	0.095346 	0.106646 	 0.008561 
0.276687 	0.151466 	0.099241 	0.109758 	 0.009144 
0.295712 	0.134000 	0.087387 	0.100967 	 0.007689 
0.263801 	0.156634 	0.102207 	0.113121 	 0.009663 
0.275547 	0.153205 	0.100367 	0.111181 	 0.009327 
0.275266 	0.144698 	0.094464 	0.106858 	 0.008974 
0.279256 	0.154126 	0.101105 	0.110609 	 0.009034 
0.270451 	0.159176 	0.104243 	0.113295 	 0.009124 
0.271159 	0.159180 	0.104072 	0.117563 	 0.009950 
0.260174 	0.157314 	0.102680 	0.112797 	 0.009178 
0.282088 	0.142104 	0.093018 	0.102829 	 0.008470 
0.273920 	0.155377 	0.101784 	0.112080 	 0.009016 
0.271962 	0.153343 	0.100692 	0.107875 	 0.008573 
0.262349 	0.156025 	0.102691 	0.109632 	 0.010094 
0.277599 	0.143436 	0.094219 	0.102758 	 0.008832 
0.256820 	0.174461 	0.114368 	0.125020 	 0.010565 
0.250847 	0.172441 	0.113127 	0.122986 	 0.011225 
0.267891 	0.151613 	0.100005 	0.105290 	 0.009694 
0.261163 	0.158207 	0.103913 	0.111916 	 0.009660 
0.263981 	0.150967 	0.099238 	0.107921 	 0.009857 
0.265551 	0.155507 	0.101715 	0.112372 	 0.009654 
0.264642 	0.167909 	0.110275 	0.122678 	 0.010786 
0.250958 	0.174302 	0.114632 	0.119949 	 0.010310 
0.250338 	0.175692 	0.115406 	0.123039 	 0.010829 
0.259231 	0.171419 	0.112479 	0.122258 	 0.010783 
0.257645 	0.176369 	0.116249 	0.121859 	 0.010825 
0.261649 	0.166963 	0.110131 	0.114729 	 0.010195 
0.270469 	0.155084 	0.102407 	0.107077 	 0.008954 
0.258536 	0.158327 	0.104207 	0.109915 	 0.009884 
0.260722 	0.167686 	0.110294 	0.115321 	 0.009228 
0.267260 	0.161586 	0.106991 	0.110494 	 0.009709 
0.267675 	0.162492 	0.107694 	0.111470 	 0.009825 
0.253788 	0.161155 	0.106564 	0.109613 	 0.009511 
0.261218 	0.170843 	0.112542 	0.118113 	 0.009438 
0.262811 	0.170262 	0.112275 	0.116995 	 0.009646 
0.254663 	0.165234 	0.109038 	0.114708 	 0.010345 
0.262872 	0.164370 	0.108612 	0.115525 	 0.009958 
0.268647 	0.159106 	0.105461 	0.108650 	 0.009528 
0.244205 	0.173540 	0.114510 	0.119539 	 0.010716 
0.251572 	0.170947 	0.113175 	0.113890 	 0.010138 
0.257089 	0.164667 	0.108772 	0.113237 	 0.009782 
0.245685 	0.175331 	0.115930 	0.120010 	 0.010697 
0.262092 	0.160623 	0.106490 	0.108740 	 0.008917 
0.254274 	0.171186 	0.113296 	0.116124 	 0.009848 
0.251691 	0.174750 	0.115064 	0.118032 	 0.009656 
0.257822 	0.161743 	0.107257 	0.110351 	 0.009975 
0.251091 	0.167240 	0.110778 	0.114963 	 0.010259 
0.255717 	0.158610 	0.104957 	0.107982 	 0.008968 
0.246324 	0.175579 	0.116491 	0.117873 	 0.010611 
0.256538 	0.163243 	0.108265 	0.110049 	 0.009395 
0.245594 	0.171989 	0.113457 	0.117285 	 0.009850 
0.254354 	0.160623 	0.106621 	0.107840 	 0.009615 
0.247721 	0.176124 	0.116929 	0.118537 	 0.010449 
0.254552 	0.162323 	0.107810 	0.110297 	 0.009944 
0.251162 	0.164001 	0.108810 	0.111297 	 0.009917 
0.254609 	0.161668 	0.107614 	0.108120 	 0.009833 
0.251689 	0.172044 	0.114066 	0.115689 	 0.010106 
0.246433 	0.174219 	0.115729 	0.115437 	 0.010149 
0.248634 	0.170196 	0.112875 	0.114790 	 0.010368 
0.248552 	0.164946 	0.109858 	0.109022 	 0.009987 
0.241982 	0.173899 	0.115575 	0.116718 	 0.010769 
0.237300 	0.174310 	0.115669 	0.117196 	 0.010422 
0.241896 	0.180973 	0.119974 	0.122338 	 0.010677 
0.237998 	0.170339 	0.113442 	0.111390 	 0.010577 
0.240301 	0.181828 	0.120771 	0.120239 	 0.011018 
0.239372 	0.174341 	0.115928 	0.118739 	 0.011065 
0.238342 	0.186975 	0.124248 	0.122892 	 0.010778 
0.227573 	0.177151 	0.118072 	0.115425 	 0.011401 
0.234378 	0.181748 	0.120312 	0.120449 	 0.010805 
0.241901 	0.165494 	0.110259 	0.106499 	 0.009939 
0.245251 	0.173091 	0.115131 	0.113545 	 0.010239 
0.235062 	0.178089 	0.118908 	0.114144 	 0.010528 
0.243836 	0.172173 	0.115106 	0.111216 	 0.010201 
0.245587 	0.170145 	0.113918 	0.108896 	 0.010381 
0.229323 	0.177585 	0.117635 	0.119653 	 0.010641 
0.221252 	0.194773 	0.129002 	0.131579 	 0.012259 
0.228869 	0.180610 	0.120068 	0.119855 	 0.011033 
0.240410 	0.167525 	0.112512 	0.104895 	 0.010191 
0.221644 	0.192529 	0.128469 	0.123704 	 0.011919 
0.231932 	0.173943 	0.115998 	0.112155 	 0.010457 
0.237698 	0.182537 	0.122017 	0.115580 	 0.010372 
0.235532 	0.185338 	0.123327 	0.120409 	 0.010502 
0.233996 	0.183171 	0.122377 	0.118897 	 0.011363 
0.222326 	0.189975 	0.127072 	0.121849 	 0.011980 
0.235330 	0.181075 	0.120587 	0.116031 	 0.010202 
0.232762 	0.194910 	0.130415 	0.124182 	 0.011886 
0.219050 	0.192545 	0.128647 	0.122850 	 0.012205 
0.232438 	0.189870 	0.127209 	0.119339 	 0.010709 
0.211804 	0.205216 	0.136902 	0.131876 	 0.012341 
0.222036 	0.197816 	0.132598 	0.125261 	 0.012513 
0.214187 	0.197286 	0.131940 	0.123905 	 0.011937 
0.230275 	0.188296 	0.126336 	0.118589 	 0.011597 
0.223364 	0.205771 	0.137312 	0.133434 	 0.011977 
0.209899 	0.196278 	0.130999 	0.125281 	 0.011946 
0.222574 	0.195376 	0.130657 	0.124809 	 0.011522 
0.245186 	0.181804 	0.122367 	0.111994 	 0.009818 
0.229406 	0.177679 	0.119303 	0.109645 	 0.010193 
0.220972 	0.194521 	0.130390 	0.121648 	 0.011506 
0.225860 	0.184714 	0.124065 	0.116603 	 0.011432 
0.227447 	0.188391 	0.125864 	0.120859 	 0.010541 
0.218877 	0.197340 	0.132395 	0.125969 	 0.012662 
0.216577 	0.194717 	0.130798 	0.122700 	 0.012390 
0.228466 	0.187413 	0.125813 	0.118269 	 0.011281 
0.219987 	0.190821 	0.128442 	0.120303 	 0.012076 
0.209902 	0.200579 	0.134565 	0.125032 	 0.012192 
0.198798 	0.224679 	0.150281 	0.141203 	 0.013873 
0.215934 	0.202756 	0.135727 	0.129801 	 0.012464 
0.218301 	0.184990 	0.124688 	0.111933 	 0.011104 
0.218358 	0.196369 	0.131387 	0.125709 	 0.011600 
0.221404 	0.196506 	0.132654 	0.119328 	 0.012187 
0.210985 	0.200810 	0.134975 	0.125728 	 0.012526 
0.225281 	0.193708 	0.130580 	0.118774 	 0.011276 
0.229776 	0.185244 	0.125096 	0.113754 	 0.011021 
0.206724 	0.203151 	0.136546 	0.128127 	 0.012515 
0.211801 	0.192296 	0.129928 	0.115818 	 0.011762 
0.213768 	0.205400 	0.138020 	0.128976 	 0.012336 
0.214278 	0.205683 	0.138494 	0.127230 	 0.012158 
0.217986 	0.202423 	0.136088 	0.127345 	 0.012573 
0.220182 	0.206607 	0.138963 	0.128208 	 0.011413 
0.203220 	0.208707 	0.140380 	0.129435 	 0.012404 
0.211091 	0.207532 	0.139649 	0.129274 	 0.012422 
0.209730 	0.208214 	0.140366 	0.126602 	 0.012486 
0.205042 	0.211522 	0.142780 	0.128494 	 0.012710 
0.211658 	0.197665 	0.133942 	0.118293 	 0.012569 
0.205343 	0.206402 	0.139241 	0.126179 	 0.012059 
0.208918 	0.203359 	0.137132 	0.123260 	 0.011747 
0.210012 	0.199390 	0.134094 	0.124656 	 0.011782 
0.213398 	0.205048 	0.138964 	0.122077 	 0.012108 
0.207011 	0.210973 	0.142463 	0.127286 	 0.012366 
0.203136 	0.211073 	0.142782 	0.125264 	 0.012434 
0.195947 	0.219839 	0.148430 	0.131315 	 0.012987 
0.212510 	0.203224 	0.137486 	0.120155 	 0.011832 
0.215812 	0.195493 	0.132384 	0.117947 	 0.011668 
0.199926 	0.207905 	0.140434 	0.126497 	 0.012612 
0.203470 	0.205284 	0.138531 	0.125955 	 0.012754 
0.210551 	0.202987 	0.137389 	0.120277 	 0.011341 
0.202172 	0.205218 	0.138894 	0.123177 	 0.012591 
0.199801 	0.211000 	0.142902 	0.127790 	 0.013386 
0.207611 	0.201060 	0.136009 	0.119998 	 0.011597 
0.208609 	0.207644 	0.140852 	0.122908 	 0.011991 
0.203240 	0.210811 	0.142768 	0.125537 	 0.011908 
0.204003 	0.208354 	0.141329 	0.122513 	 0.012166 
0.215065 	0.192103 	0.130864 	0.110812 	 0.011056 
0.219709 	0.195394 	0.132745 	0.113554 	 0.010788 
0.210871 	0.190449 	0.129712 	0.110447 	 0.011141 
0.200464 	0.204963 	0.138691 	0.123331 	 0.012585 
0.200099 	0.209091 	0.141346 	0.128598 	 0.012796 
0.206786 	0.205144 	0.139222 	0.120324 	 0.011687 
0.206402 	0.195299 	0.132595 	0.115447 	 0.011808 
0.202986 	0.201416 	0.136682 	0.117411 	 0.011633 
0.202501 	0.205860 	0.139634 	0.121390 	 0.011714 
0.204938 	0.201572 	0.137314 	0.117172 	 0.012326 
0.199198 	0.203183 	0.137762 	0.122464 	 0.012781 
0.199256 	0.208863 	0.141408 	0.124482 	 0.012183 
0.204413 	0.206710 	0.140713 	0.118534 	 0.011678 
0.194218 	0.213938 	0.144819 	0.127440 	 0.012363 
0.202884 	0.197380 	0.134274 	0.115721 	 0.012181 
0.193806 	0.201621 	0.136904 	0.118030 	 0.011809 
0.186390 	0.215073 	0.146079 	0.125081 	 0.012051 
0.201898 	0.203741 	0.138571 	0.117691 	 0.011944 
0.198835 	0.205254 	0.139527 	0.120803 	 0.012502 
0.205983 	0.205002 	0.139652 	0.119013 	 0.011711 
0.205114 	0.203753 	0.139291 	0.114837 	 0.011620 
0.197708 	0.213816 	0.145841 	0.120492 	 0.012110 
0.202865 	0.204117 	0.139414 	0.118181 	 0.011987 
0.188577 	0.223915 	0.152073 	0.132677 	 0.012631 
0.197425 	0.203541 	0.139134 	0.115816 	 0.012076 
0.194000 	0.212988 	0.144861 	0.125288 	 0.012829 
0.200541 	0.208114 	0.141797 	0.121011 	 0.011421 
0.208070 	0.198620 	0.135746 	0.112337 	 0.011341 
0.188652 	0.222678 	0.151671 	0.128956 	 0.013101 
0.201031 	0.202156 	0.138463 	0.114654 	 0.011820 
0.182817 	0.217205 	0.148025 	0.125411 	 0.013095 
0.189084 	0.223936 	0.152664 	0.129923 	 0.013273 
0.188940 	0.219860 	0.150170 	0.125992 	 0.013174 
0.199149 	0.203430 	0.139454 	0.112229 	 0.011358 
0.176638 	0.218196 	0.149083 	0.124881 	 0.013920 
0.178531 	0.217888 	0.148597 	0.123458 	 0.013138 
0.197309 	0.209340 	0.143199 	0.117344 	 0.012310 
0.187725 	0.218900 	0.149343 	0.124372 	 0.012941 
0.167866 	0.233392 	0.158530 	0.135320 	 0.014677 
0.181024 	0.214658 	0.146773 	0.121124 	 0.013138 
0.180443 	0.222570 	0.151945 	0.127090 	 0.013452 
0.186486 	0.209638 	0.143456 	0.117824 	 0.012445 
0.170044 	0.229180 	0.156029 	0.132607 	 0.013958 
0.184154 	0.215950 	0.148083 	0.121806 	 0.013624 
0.179208 	0.222925 	0.152135 	0.126166 	 0.013541 
0.181369 	0.219789 	0.150363 	0.123316 	 0.013033 
0.178348 	0.214187 	0.146731 	0.120605 	 0.012972 
0.191177 	0.209504 	0.144028 	0.115210 	 0.012358 
0.181266 	0.216431 	0.148743 	0.119218 	 0.013075 
0.176501 	0.226580 	0.154720 	0.126614 	 0.013499 
0.174369 	0.229013 	0.156436 	0.129490 	 0.013526 
0.169238 	0.233274 	0.158938 	0.133144 	 0.013868 
0.170466 	0.224733 	0.153972 	0.124605 	 0.013822 
0.189273 	0.221739 	0.152279 	0.122748 	 0.012807 
0.173831 	0.228658 	0.157146 	0.124428 	 0.013800 
0.175108 	0.226091 	0.155064 	0.124620 	 0.013628 
0.178999 	0.221649 	0.152158 	0.121473 	 0.012866 
0.194019 	0.209093 	0.144141 	0.114286 	 0.012374 
0.187302 	0.218121 	0.149683 	0.121389 	 0.013027 
0.166234 	0.233830 	0.160521 	0.130279 	 0.014475 
0.184620 	0.218946 	0.150443 	0.119128 	 0.012952 
0.167661 	0.222925 	0.153341 	0.121604 	 0.013661 
0.180079 	0.228424 	0.156981 	0.124587 	 0.012795 
0.185467 	0.216324 	0.148863 	0.116766 	 0.011845 
0.169679 	0.233914 	0.160146 	0.129582 	 0.013396 
0.160815 	0.236570 	0.162487 	0.130477 	 0.014629 
0.179505 	0.235600 	0.162340 	0.127348 	 0.014088 
0.175119 	0.234607 	0.161069 	0.129605 	 0.013520 
0.173117 	0.224175 	0.154503 	0.123282 	 0.014016 
0.178713 	0.221724 	0.152128 	0.122229 	 0.012610 
0.168011 	0.230777 	0.158482 	0.128820 	 0.014251 
0.176530 	0.228775 	0.157410 	0.126502 	 0.013733 
0.170798 	0.228799 	0.157401 	0.126541 	 0.013934 
0.179557 	0.232953 	0.160208 	0.129773 	 0.014139 
0.184890 	0.225555 	0.155870 	0.122041 	 0.013525 
0.175598 	0.231068 	0.159279 	0.124997 	 0.013818 
0.166947 	0.239398 	0.164658 	0.133717 	 0.014941 
0.176680 	0.220924 	0.152975 	0.115356 	 0.013144 
0.168016 	0.235486 	0.162099 	0.127732 	 0.014002 
0.170138 	0.231105 	0.159307 	0.126091 	 0.014210 
0.168437 	0.239584 	0.165009 	0.130358 	 0.014544 
0.183198 	0.220317 	0.152480 	0.117783 	 0.013034 
0.166073 	0.234688 	0.161947 	0.128554 	 0.014928 
0.165178 	0.238199 	0.164159 	0.127919 	 0.013740 
0.170120 	0.233700 	0.161271 	0.124117 	 0.013383 
0.156384 	0.242120 	0.166795 	0.130158 	 0.014415 
0.164878 	0.239924 	0.165239 	0.130944 	 0.015048 
0.174891 	0.234050 	0.161606 	0.125724 	 0.013761 
0.176541 	0.231428 	0.160150 	0.123145 	 0.013460 
0.156374 	0.235875 	0.162759 	0.125384 	 0.014233 
0.176314 	0.240373 	0.166125 	0.128383 	 0.013489 
0.166665 	0.235994 	0.162653 	0.128762 	 0.013454 
0.171986 	0.230927 	0.159851 	0.122395 	 0.013149 
0.166563 	0.227025 	0.157138 	0.121660 	 0.013802 
0.157944 	0.242649 	0.167670 	0.129764 	 0.014692 
0.161049 	0.247534 	0.170596 	0.133518 	 0.014271 
0.172304 	0.227942 	0.158050 	0.120032 	 0.013010 
0.190466 	0.217696 	0.152189 	0.110744 	 0.012469 
0.167231 	0.234773 	0.162774 	0.122643 	 0.013614 
0.164123 	0.244341 	0.168880 	0.130060 	 0.013981 
0.155294 	0.241584 	0.166786 	0.130286 	 0.014268 
0.156698 	0.247109 	0.170857 	0.131313 	 0.014516 
0.167447 	0.238193 	0.165031 	0.124354 	 0.014019 
0.146943 	0.250217 	0.172687 	0.134738 	 0.015251 
0.156890 	0.239947 	0.166055 	0.125573 	 0.014222 
0.166091 	0.237139 	0.164428 	0.123807 	 0.013560 
0.171972 	0.233637 	0.162520 	0.120552 	 0.013447 
0.169526 	0.233415 	0.162246 	0.121609 	 0.013726 
0.162462 	0.245246 	0.169880 	0.131538 	 0.014952 
0.171678 	0.233948 	0.162733 	0.118788 	 0.012910 
0.148793 	0.251335 	0.174088 	0.132016 	 0.015275 
0.155776 	0.249464 	0.172890 	0.130169 	 0.014337 
0.164057 	0.227768 	0.158477 	0.116681 	 0.013301 
0.170626 	0.228654 	0.158735 	0.117825 	 0.012418 
0.157366 	0.234605 	0.163127 	0.122414 	 0.014001 
0.165800 	0.241361 	0.168019 	0.124352 	 0.014040 
0.164406 	0.227491 	0.158483 	0.115773 	 0.012854 
0.158476 	0.235958 	0.163839 	0.123568 	 0.013530 
0.150714 	0.244946 	0.169675 	0.131808 	 0.014433 
0.151962 	0.246206 	0.170889 	0.130538 	 0.014777 
0.155524 	0.238489 	0.165445 	0.125959 	 0.014268 
0.154872 	0.234095 	0.162945 	0.120937 	 0.013672 
0.158316 	0.240774 	0.167037 	0.128666 	 0.014183 
0.161810 	0.239538 	0.166847 	0.121615 	 0.013146 
0.155127 	0.243300 	0.169021 	0.126767 	 0.014333 
0.147785 	0.244838 	0.170003 	0.127866 	 0.014578 
0.166897 	0.224892 	0.157305 	0.114352 	 0.013447 
0.137753 	0.258383 	0.178580 	0.137410 	 0.015369 
0.156816 	0.242847 	0.168971 	0.124882 	 0.014486 
0.140599 	0.261307 	0.181007 	0.138783 	 0.015243 
0.152395 	0.240788 	0.167656 	0.121916 	 0.014104 
0.153657 	0.241445 	0.168088 	0.126873 	 0.014584 
0.158984 	0.240946 	0.168128 	0.122084 	 0.014262 
0.148691 	0.246899 	0.172205 	0.126594 	 0.014365 
0.165898 	0.230747 	0.161557 	0.117168 	 0.013555 
0.160829 	0.239695 	0.167264 	0.122994 	 0.014032 
0.157615 	0.235242 	0.164654 	0.118007 	 0.013628 
0.158902 	0.230885 	0.161975 	0.114567 	 0.013441 
0.155500 	0.247867 	0.173015 	0.125459 	 0.013587 
0.150174 	0.249487 	0.173409 	0.132024 	 0.014713 
0.150754 	0.251565 	0.175571 	0.126896 	 0.014180 
0.150451 	0.247067 	0.172489 	0.125996 	 0.014805 
0.138645 	0.257593 	0.179335 	0.129938 	 0.014721 
0.139053 	0.260877 	0.180942 	0.137197 	 0.015459 
0.151015 	0.250335 	0.174605 	0.127961 	 0.015016 
0.156434 	0.233833 	0.164108 	0.116150 	 0.013803 
0.149106 	0.238952 	0.167197 	0.121078 	 0.014410 
0.154488 	0.245874 	0.171785 	0.124635 	 0.014167 
0.143794 	0.257528 	0.179835 	0.130961 	 0.015432 
0.143974 	0.249912 	0.174541 	0.127497 	 0.014993 
0.154367 	0.248823 	0.174581 	0.122702 	 0.015111 
0.134104 	0.254754 	0.177687 	0.128682 	 0.015211 
0.139867 	0.251259 	0.175927 	0.125059 	 0.015492 
0.163729 	0.231692 	0.163098 	0.110276 	 0.012515 
0.137891 	0.263114 	0.183130 	0.135320 	 0.015098 
0.133152 	0.260342 	0.181282 	0.135629 	 0.015772 
0.138085 	0.258314 	0.180559 	0.128517 	 0.015101 
0.152032 	0.244783 	0.171957 	0.119047 	 0.013943 
0.123897 	0.256866 	0.179516 	0.127231 	 0.015994 
0.142295 	0.251413 	0.176212 	0.121633 	 0.014125 
0.142124 	0.255152 	0.178919 	0.126130 	 0.015399 
0.133322 	0.256467 	0.179684 	0.128275 	 0.015365 
0.140811 	0.259117 	0.181215 	0.127542 	 0.014908 
0.136858 	0.247986 	0.174494 	0.120981 	 0.015367 
0.151125 	0.255200 	0.179191 	0.126171 	 0.014886 
0.137967 	0.256800 	0.180059 	0.127693 	 0.016025 
0.149133 	0.245155 	0.172540 	0.119970 	 0.014552 
0.148581 	0.243285 	0.171219 	0.119340 	 0.014244 
0.146763 	0.244871 	0.172582 	0.117002 	 0.014412 
0.131474 	0.267310 	0.186547 	0.135220 	 0.015530 
0.132996 	0.265881 	0.186093 	0.131050 	 0.015020 
0.133521 	0.265270 	0.185616 	0.132727 	 0.016109 
0.138823 	0.266776 	0.186515 	0.134820 	 0.015541 
0.147012 	0.253995 	0.178633 	0.124580 	 0.014972 
0.137877 	0.256881 	0.180755 	0.122809 	 0.014614 
0.129223 	0.262434 	0.184226 	0.129746 	 0.015805 
0.135700 	0.263625 	0.185039 	0.131428 	 0.015803 
0.125123 	0.268153 	0.188320 	0.134265 	 0.016766 
0.136053 	0.262853 	0.184353 	0.131601 	 0.016122 
0.126725 	0.269631 	0.188764 	0.135890 	 0.016373 
0.145180 	0.250452 	0.176664 	0.119796 	 0.014836 
0.142455 	0.261995 	0.183359 	0.132318 	 0.015337 
0.134646 	0.270785 	0.189737 	0.137448 	 0.016392 
0.134862 	0.263310 	0.185222 	0.127544 	 0.015624 
0.119617 	0.274919 	0.192449 	0.138674 	 0.016814 
0.142721 	0.251236 	0.177667 	0.119608 	 0.015288 
0.148574 	0.250933 	0.177614 	0.116765 	 0.014544 
0.137800 	0.257802 	0.181700 	0.126179 	 0.015565 
0.128649 	0.270807 	0.190104 	0.136104 	 0.016131 
0.128540 	0.276877 	0.194243 	0.138098 	 0.016620 
0.132262 	0.262622 	0.185278 	0.127732 	 0.016166 
0.109606 	0.285120 	0.199534 	0.145047 	 0.017623 
0.143938 	0.258773 	0.182351 	0.125912 	 0.014228 
0.142715 	0.253736 	0.179573 	0.120115 	 0.014480 
0.155994 	0.233265 	0.166737 	0.104293 	 0.013860 
0.131788 	0.262317 	0.185265 	0.126594 	 0.015538 
0.124579 	0.272437 	0.192073 	0.130405 	 0.015981 
0.136326 	0.268566 	0.189289 	0.130723 	 0.014734 
0.130062 	0.263313 	0.186215 	0.123861 	 0.015319 
0.139281 	0.267293 	0.188710 	0.129268 	 0.015799 
0.120776 	0.270958 	0.191364 	0.129820 	 0.015899 
0.130635 	0.266104 	0.188227 	0.127367 	 0.016075 
0.126945 	0.267625 	0.189212 	0.129856 	 0.016620 
0.127809 	0.267863 	0.189578 	0.126329 	 0.015826 
0.133927 	0.267970 	0.189457 	0.128745 	 0.016092 
0.126698 	0.273908 	0.193417 	0.131600 	 0.016070 
0.142539 	0.257438 	0.182183 	0.122135 	 0.015134 
0.132384 	0.267610 	0.189320 	0.126139 	 0.015477 
0.130317 	0.260763 	0.185042 	0.119956 	 0.014998 
0.127019 	0.272580 	0.192833 	0.130643 	 0.016380 
0.117865 	0.274364 	0.193631 	0.131103 	 0.016448 
0.130113 	0.261326 	0.185462 	0.121369 	 0.014937 
0.125885 	0.264864 	0.188041 	0.125377 	 0.016037 
0.116833 	0.277256 	0.196223 	0.132647 	 0.017180 
0.127633 	0.275725 	0.195349 	0.129050 	 0.016245 
0.130139 	0.269784 	0.191008 	0.126775 	 0.015631 
0.129876 	0.258505 	0.183637 	0.119623 	 0.014993 
0.129490 	0.275354 	0.194703 	0.133243 	 0.016242 
0.146775 	0.254129 	0.180900 	0.116041 	 0.014397 
0.124703 	0.275648 	0.195033 	0.134726 	 0.017253 
0.123558 	0.272222 	0.192707 	0.128467 	 0.015933 
0.114604 	0.287416 	0.203016 	0.136943 	 0.016801 
0.132819 	0.276888 	0.196346 	0.132394 	 0.016845 
0.133603 	0.260942 	0.185702 	0.120717 	 0.015858 
0.120805 	0.275406 	0.194893 	0.132516 	 0.016479 
0.138830 	0.269002 	0.191300 	0.125054 	 0.015606 
0.122033 	0.273467 	0.194144 	0.128562 	 0.016196 
0.123168 	0.274287 	0.194533 	0.130053 	 0.016303 
0.141240 	0.254499 	0.181747 	0.116301 	 0.014768 
0.121965 	0.275120 	0.195162 	0.130903 	 0.016651 
0.130845 	0.265132 	0.188809 	0.122062 	 0.015644 
0.119694 	0.272988 	0.193560 	0.128921 	 0.016407 
0.129518 	0.267710 	0.190883 	0.122753 	 0.016082 
0.121374 	0.271869 	0.193295 	0.127924 	 0.016321 
0.128814 	0.265818 	0.189865 	0.121191 	 0.016127 
0.136956 	0.252488 	0.180506 	0.113770 	 0.014949 
0.137824 	0.260062 	0.185729 	0.120376 	 0.015416 
0.130418 	0.280040 	0.199187 	0.131218 	 0.016617 
0.129291 	0.260614 	0.186694 	0.116101 	 0.015672 
0.113130 	0.280712 	0.199175 	0.134462 	 0.017182 
0.125231 	0.267456 	0.190976 	0.123696 	 0.016041 
0.117013 	0.277347 	0.197032 	0.133277 	 0.017008 
0.120936 	0.270684 	0.192429 	0.129066 	 0.016536 
0.122568 	0.277190 	0.197827 	0.126776 	 0.016923 
0.118081 	0.286158 	0.203664 	0.132886 	 0.017150 
0.122879 	0.274719 	0.195851 	0.126302 	 0.016354 
0.131446 	0.271279 	0.193525 	0.125392 	 0.015753 
0.111542 	0.287549 	0.204477 	0.135426 	 0.017856 
0.102997 	0.286522 	0.203342 	0.136505 	 0.017693 
0.128010 	0.267075 	0.190823 	0.122724 	 0.015831 
0.113540 	0.285119 	0.202943 	0.132600 	 0.016782 
0.123041 	0.277869 	0.198264 	0.127462 	 0.015863 
0.118754 	0.286818 	0.203994 	0.135093 	 0.016933 
0.118084 	0.282234 	0.201437 	0.130212 	 0.017048 
0.117649 	0.273006 	0.194823 	0.125966 	 0.016090 
0.123338 	0.279216 	0.199322 	0.128426 	 0.016505 
0.114383 	0.282659 	0.201312 	0.133509 	 0.017544 
0.126991 	0.270690 	0.193929 	0.123087 	 0.016447 
0.105869 	0.276879 	0.198155 	0.125792 	 0.017379 
0.120377 	0.279463 	0.199683 	0.129374 	 0.017216 
0.114460 	0.268108 	0.192403 	0.120772 	 0.016880 
0.108939 	0.276926 	0.197517 	0.128166 	 0.016684 
0.115244 	0.264558 	0.190145 	0.115159 	 0.015978 
0.119426 	0.272417 	0.194735 	0.126807 	 0.016117 
0.127582 	0.260325 	0.187609 	0.117210 	 0.016348 
0.112622 	0.262134 	0.187859 	0.118045 	 0.015937 
0.124095 	0.271310 	0.194405 	0.120414 	 0.015767 
0.128137 	0.257179 	0.184654 	0.116439 	 0.015176 
0.114350 	0.276020 	0.198114 	0.125705 	 0.017705 
0.130212 	0.263117 	0.189236 	0.116665 	 0.015355 
0.115178 	0.275984 	0.198008 	0.124590 	 0.016909 
0.124293 	0.264513 	0.190256 	0.118562 	 0.016127 
0.126827 	0.264122 	0.190190 	0.116015 	 0.015669 
0.109117 	0.278166 	0.199796 	0.123090 	 0.017049 
0.114051 	0.271571 	0.194673 	0.124362 	 0.016714 
0.134848 	0.254320 	0.184107 	0.108688 	 0.015685 
0.123659 	0.265962 	0.191349 	0.118171 	 0.015666 
0.129483 	0.269922 	0.194394 	0.119846 	 0.016090 
0.123246 	0.252452 	0.183494 	0.104650 	 0.015812 
0.134103 	0.260214 	0.187799 	0.113959 	 0.015233 
0.113852 	0.280559 	0.200772 	0.131414 	 0.017161 
0.110834 	0.292885 	0.209410 	0.136080 	 0.017714 
0.117426 	0.276200 	0.198486 	0.125640 	 0.016982 
0.132109 	0.269244 	0.194338 	0.120244 	 0.016187 
0.123212 	0.275631 	0.197841 	0.125623 	 0.016613 
0.114706 	0.275806 	0.198417 	0.123856 	 0.017109 
0.108272 	0.275265 	0.198356 	0.122140 	 0.017773 
0.110938 	0.283594 	0.203165 	0.130481 	 0.018109 
0.113945 	0.272886 	0.196870 	0.117894 	 0.016631 
0.118336 	0.270180 	0.195649 	0.115330 	 0.016447 
0.438424 	0.000045 	0.001228 	-0.001954 	 -0.000169 
0.439943 	0.008618 	0.006871 	0.006383 	 0.001511 
0.451151 	0.010777 	0.008089 	0.013245 	 0.001123 
0.448504 	0.011686 	0.008689 	0.014759 	 0.001803 
0.442673 	0.027057 	0.018146 	0.027256 	 0.001957 
0.445872 	0.022879 	0.015939 	0.022213 	 0.002065 
0.426374 	0.037654 	0.025355 	0.032609 	 0.003004 
0.438525 	0.024680 	0.016907 	0.026653 	 0.002604 
0.433913 	0.034168 	0.023347 	0.029230 	 0.002864 
0.427681 	0.027179 	0.018040 	0.029778 	 0.003178 
0.420435 	0.034305 	0.023517 	0.030869 	 0.004250 
0.425535 	0.034610 	0.023095 	0.034987 	 0.003477 
0.440539 	0.028489 	0.019567 	0.025402 	 0.001971 
0.449637 	0.008659 	0.006273 	0.015950 	 0.002410 
0.432673 	0.039550 	0.026652 	0.032529 	 0.002797 
0.417851 	0.047306 	0.031016 	0.042867 	 0.003977 
0.407844 	0.050213 	0.033454 	0.041700 	 0.004353 
0.423752 	0.033481 	0.022489 	0.029944 	 0.003369 
0.401336 	0.049998 	0.032854 	0.043887 	 0.004605 
0.411872 	0.042176 	0.028489 	0.036874 	 0.004871 
0.398756 	0.055339 	0.036037 	0.048568 	 0.004995 
0.393633 	0.057883 	0.037923 	0.052298 	 0.005771 
0.408110 	0.051244 	0.034124 	0.043552 	 0.005534 
0.393727 	0.053076 	0.034493 	0.045976 	 0.005380 
0.387838 	0.058702 	0.038454 	0.052117 	 0.006248 
0.396077 	0.057549 	0.038251 	0.047342 	 0.005647 
0.398134 	0.055376 	0.036472 	0.047698 	 0.005428 
0.388897 	0.047607 	0.031614 	0.043182 	 0.005669 
0.399263 	0.051277 	0.034198 	0.042999 	 0.005414 
0.377370 	0.071921 	0.047048 	0.060160 	 0.007500 
0.392075 	0.056665 	0.037578 	0.050298 	 0.006225 
0.387159 	0.059605 	0.038661 	0.054927 	 0.006127 
0.387400 	0.059092 	0.039433 	0.048097 	 0.006872 
0.397506 	0.053946 	0.035660 	0.045747 	 0.005219 
0.378613 	0.062557 	0.041342 	0.052461 	 0.007139 
0.378849 	0.063655 	0.042066 	0.051612 	 0.006216 
0.385852 	0.057104 	0.037582 	0.049717 	 0.006257 
0.384417 	0.057200 	0.037368 	0.052560 	 0.006409 
0.389308 	0.050136 	0.033040 	0.046619 	 0.006258 
0.370269 	0.066329 	0.043664 	0.055705 	 0.007293 
0.363362 	0.078079 	0.051563 	0.063050 	 0.007800 
0.366873 	0.072298 	0.047212 	0.061435 	 0.006951 
0.379880 	0.060652 	0.039766 	0.050633 	 0.005840 
0.373587 	0.072290 	0.047882 	0.057445 	 0.006904 
0.372484 	0.061933 	0.040854 	0.051022 	 0.006638 
0.376728 	0.062079 	0.041356 	0.052414 	 0.007428 
0.362771 	0.068927 	0.044749 	0.059900 	 0.006923 
0.376033 	0.061203 	0.040632 	0.053142 	 0.007140 
0.370137 	0.064195 	0.042475 	0.053248 	 0.007161 
0.358456 	0.073506 	0.048169 	0.061772 	 0.008074 
0.373975 	0.067308 	0.044362 	0.056585 	 0.006702 
0.369767 	0.061007 	0.040500 	0.048287 	 0.006431 
0.375510 	0.066826 	0.043974 	0.055675 	 0.006994 
0.376865 	0.062564 	0.041242 	0.053464 	 0.006504 
0.355999 	0.079108 	0.052116 	0.065452 	 0.008938 
0.360989 	0.074366 	0.049015 	0.062195 	 0.008088 
0.360723 	0.067062 	0.044042 	0.058752 	 0.007071 
0.348917 	0.084961 	0.055628 	0.069800 	 0.007984 
0.355428 	0.076235 	0.049856 	0.064552 	 0.008047 
0.352379 	0.078751 	0.052497 	0.061720 	 0.008561 
0.358684 	0.068175 	0.045056 	0.057913 	 0.007937 
0.363948 	0.061891 	0.041418 	0.049921 	 0.007504 
0.351456 	0.068468 	0.045491 	0.055949 	 0.008228 
0.344862 	0.072895 	0.048262 	0.059548 	 0.008737 
0.365227 	0.064379 	0.042473 	0.054670 	 0.006980 
0.350112 	0.076394 	0.050256 	0.063012 	 0.008098 
0.349919 	0.075268 	0.049897 	0.059948 	 0.007974 
0.359662 	0.073239 	0.048711 	0.060116 	 0.008617 
0.342353 	0.081449 	0.053470 	0.067383 	 0.008791 
0.335949 	0.082779 	0.054149 	0.069438 	 0.009601 
0.335761 	0.078024 	0.051228 	0.064673 	 0.008509 
0.338520 	0.085294 	0.056624 	0.066840 	 0.009108 
0.340829 	0.081054 	0.053656 	0.065544 	 0.008846 
0.341139 	0.084423 	0.055759 	0.069062 	 0.009524 
0.331773 	0.079654 	0.052599 	0.064677 	 0.009110 
0.346992 	0.068009 	0.045126 	0.056961 	 0.007934 
0.333739 	0.092932 	0.061548 	0.072124 	 0.009566 
0.335168 	0.089778 	0.059208 	0.069097 	 0.008377 
0.332810 	0.089694 	0.059062 	0.072372 	 0.009510 
0.345665 	0.077390 	0.051531 	0.061623 	 0.008272 
0.326005 	0.092876 	0.060965 	0.073596 	 0.009219 
0.333769 	0.084418 	0.056157 	0.064957 	 0.009021 
0.325557 	0.087437 	0.057299 	0.071337 	 0.009450 
0.340477 	0.083094 	0.055222 	0.063798 	 0.008121 
0.324345 	0.097556 	0.064342 	0.076240 	 0.009755 
0.324743 	0.090575 	0.059851 	0.070455 	 0.009243 
0.332725 	0.084833 	0.056452 	0.065108 	 0.009125 
0.338614 	0.074032 	0.048967 	0.058464 	 0.008049 
0.319920 	0.091188 	0.060448 	0.067877 	 0.009101 
0.326414 	0.092387 	0.061344 	0.070250 	 0.009395 
0.335687 	0.083277 	0.055038 	0.067887 	 0.008957 
0.317672 	0.099242 	0.065558 	0.075745 	 0.009700 
0.316375 	0.097116 	0.063949 	0.074446 	 0.009962 
0.327486 	0.085525 	0.056830 	0.065821 	 0.008988 
0.324404 	0.089409 	0.059066 	0.069942 	 0.009340 
0.313620 	0.100183 	0.066321 	0.075917 	 0.009838 
0.328657 	0.087712 	0.058449 	0.068030 	 0.009591 
0.313527 	0.091916 	0.060727 	0.071873 	 0.010013 
0.328880 	0.084660 	0.056456 	0.065149 	 0.008996 
0.327184 	0.091025 	0.060589 	0.068491 	 0.009044 
0.316760 	0.093933 	0.062305 	0.072849 	 0.009676 
0.321452 	0.094757 	0.062852 	0.071845 	 0.009147 
0.322500 	0.087794 	0.058745 	0.064861 	 0.009160 
0.319014 	0.082669 	0.055137 	0.063479 	 0.009192 
0.325554 	0.085774 	0.057001 	0.066140 	 0.008893 
0.306087 	0.095628 	0.063618 	0.073563 	 0.010231 
0.308129 	0.105927 	0.070687 	0.078018 	 0.010858 
0.303620 	0.105623 	0.069955 	0.079633 	 0.010681 
0.315362 	0.099432 	0.065829 	0.076322 	 0.009945 
0.311587 	0.089633 	0.059223 	0.070088 	 0.009254 
0.322656 	0.089481 	0.059651 	0.067287 	 0.008969 
0.286158 	0.110013 	0.072850 	0.082302 	 0.011068 
0.308904 	0.092959 	0.062476 	0.068277 	 0.010092 
0.309805 	0.103640 	0.068902 	0.075314 	 0.010127 
0.297590 	0.111609 	0.074103 	0.083310 	 0.011523 
0.314210 	0.100693 	0.067139 	0.076101 	 0.009888 
0.309726 	0.099932 	0.066653 	0.074273 	 0.010669 
0.318540 	0.093699 	0.062626 	0.069116 	 0.009912 
0.310101 	0.094563 	0.063775 	0.068402 	 0.010112 
0.309232 	0.097467 	0.064737 	0.074101 	 0.010576 
0.301483 	0.098569 	0.065751 	0.073576 	 0.010736 
0.299412 	0.098596 	0.065534 	0.074392 	 0.010677 
0.288381 	0.115596 	0.076487 	0.086802 	 0.011732 
0.305914 	0.105478 	0.070045 	0.077827 	 0.010085 
0.308127 	0.103580 	0.069357 	0.074726 	 0.010113 
0.281328 	0.118696 	0.078223 	0.087727 	 0.011805 
0.291078 	0.116066 	0.077073 	0.087928 	 0.012074 
0.293202 	0.107100 	0.071170 	0.080961 	 0.011348 
0.293209 	0.102946 	0.068675 	0.074802 	 0.010489 
0.288873 	0.118220 	0.078664 	0.084930 	 0.011338 
0.295641 	0.102850 	0.068332 	0.078177 	 0.010442 
0.289113 	0.112949 	0.075319 	0.081246 	 0.011128 
0.281800 	0.111810 	0.074427 	0.081994 	 0.011528 
0.300531 	0.096269 	0.064558 	0.072637 	 0.010886 
0.286400 	0.117988 	0.078349 	0.086911 	 0.012302 
0.284750 	0.111462 	0.074236 	0.081138 	 0.011351 
0.281770 	0.116245 	0.077065 	0.087915 	 0.012547 
0.290910 	0.103369 	0.069224 	0.076120 	 0.011506 
0.289903 	0.108991 	0.072732 	0.078889 	 0.010768 
0.284311 	0.109171 	0.072940 	0.078141 	 0.010955 
0.293883 	0.109494 	0.073241 	0.078774 	 0.011096 
0.301999 	0.100585 	0.067692 	0.072536 	 0.010453 
0.268751 	0.122890 	0.081775 	0.090292 	 0.013034 
0.283018 	0.104618 	0.069750 	0.075417 	 0.011031 
0.260770 	0.127058 	0.084716 	0.090919 	 0.013565 
0.270339 	0.120058 	0.080195 	0.084195 	 0.012612 
0.267433 	0.121995 	0.081393 	0.085896 	 0.011890 
0.288022 	0.115374 	0.077242 	0.082405 	 0.011651 
0.292894 	0.104834 	0.070441 	0.073570 	 0.010396 
0.281786 	0.110244 	0.073979 	0.079161 	 0.012150 
0.281672 	0.107564 	0.071773 	0.077996 	 0.011948 
0.286055 	0.107504 	0.072167 	0.076818 	 0.011480 
0.274558 	0.125728 	0.083990 	0.091282 	 0.012814 
0.287076 	0.117495 	0.079006 	0.081418 	 0.011865 
0.270102 	0.117997 	0.078750 	0.083795 	 0.012377 
0.280799 	0.116323 	0.077567 	0.086036 	 0.011771 
0.276975 	0.111691 	0.074559 	0.081103 	 0.011455 
0.278220 	0.114391 	0.076543 	0.082663 	 0.011930 
0.281933 	0.113175 	0.076349 	0.078764 	 0.011916 
0.271838 	0.120517 	0.080456 	0.087681 	 0.012024 
0.284344 	0.112002 	0.075774 	0.076501 	 0.011546 
0.285433 	0.105228 	0.070790 	0.073680 	 0.010903 
0.276896 	0.109906 	0.073524 	0.079016 	 0.011752 
0.280264 	0.112066 	0.075192 	0.081404 	 0.011995 
0.285803 	0.101141 	0.068248 	0.069816 	 0.010690 
0.276507 	0.107040 	0.071452 	0.079903 	 0.011677 
0.263359 	0.121100 	0.081199 	0.084675 	 0.012276 
0.282313 	0.107504 	0.072564 	0.073064 	 0.011370 
0.287678 	0.101102 	0.068507 	0.069025 	 0.010493 
0.280685 	0.112458 	0.076137 	0.074604 	 0.010947 
0.284564 	0.108918 	0.073504 	0.074614 	 0.011089 
0.287140 	0.105010 	0.070620 	0.073611 	 0.011040 
0.277515 	0.114668 	0.077364 	0.079202 	 0.011599 
0.278032 	0.112566 	0.075815 	0.078873 	 0.011689 
0.274375 	0.107613 	0.072890 	0.073331 	 0.011786 
0.265795 	0.116089 	0.078210 	0.078786 	 0.011949 
0.267518 	0.121391 	0.081609 	0.082803 	 0.011864 
0.264960 	0.129205 	0.086791 	0.088624 	 0.012279 
0.284224 	0.109787 	0.074160 	0.075841 	 0.011319 
0.259759 	0.131696 	0.088250 	0.091872 	 0.013126 
0.270295 	0.109412 	0.074362 	0.074035 	 0.011442 
0.265888 	0.127799 	0.085853 	0.089189 	 0.012696 
0.274116 	0.120357 	0.080670 	0.083892 	 0.011442 
0.264289 	0.122057 	0.082033 	0.083412 	 0.011829 
0.266643 	0.117125 	0.079050 	0.079389 	 0.011606 
0.270926 	0.121575 	0.082440 	0.080312 	 0.011652 
0.266691 	0.121324 	0.082072 	0.081510 	 0.012104 
0.270358 	0.115376 	0.078167 	0.076083 	 0.011808 
0.252552 	0.136123 	0.091421 	0.093522 	 0.013211 
0.271281 	0.112869 	0.075918 	0.078588 	 0.011012 
0.249256 	0.137299 	0.092388 	0.091801 	 0.012684 
0.264080 	0.123473 	0.083249 	0.084251 	 0.011806 
0.259044 	0.129241 	0.087369 	0.085709 	 0.012143 
0.251638 	0.133555 	0.089977 	0.092106 	 0.013353 
0.263677 	0.127065 	0.085942 	0.084951 	 0.012130 
0.257167 	0.121814 	0.082014 	0.084318 	 0.012645 
0.254347 	0.120580 	0.081568 	0.081689 	 0.012546 
0.256903 	0.118885 	0.080670 	0.079708 	 0.012113 
0.250224 	0.127083 	0.085687 	0.085367 	 0.012496 
0.256966 	0.120514 	0.081498 	0.079857 	 0.011932 
0.254411 	0.126612 	0.085425 	0.089729 	 0.013327 
0.258133 	0.124951 	0.084806 	0.081802 	 0.011794 
0.249636 	0.128613 	0.087172 	0.085610 	 0.012840 
0.243144 	0.136043 	0.091106 	0.096399 	 0.013293 
0.249183 	0.135605 	0.092250 	0.085738 	 0.012484 
0.249041 	0.128613 	0.086668 	0.084027 	 0.012124 
0.239967 	0.134839 	0.091300 	0.088440 	 0.013748 
0.242969 	0.134070 	0.090455 	0.090382 	 0.012972 
0.228809 	0.145014 	0.097478 	0.096847 	 0.013706 
0.239866 	0.131757 	0.089203 	0.085308 	 0.012864 
0.237164 	0.141083 	0.095720 	0.091703 	 0.013897 
0.240133 	0.139403 	0.094375 	0.091803 	 0.013116 
0.244569 	0.130235 	0.088256 	0.086322 	 0.012991 
0.234898 	0.143432 	0.096797 	0.097321 	 0.014199 
0.244713 	0.125781 	0.085529 	0.081570 	 0.012773 
0.248402 	0.125807 	0.085644 	0.081300 	 0.012999 
0.232270 	0.134662 	0.091159 	0.087864 	 0.013279 
0.228773 	0.132473 	0.089554 	0.086004 	 0.012826 
0.243918 	0.123510 	0.084494 	0.078097 	 0.012539 
0.241728 	0.139522 	0.094645 	0.089187 	 0.012940 
0.234623 	0.132565 	0.090564 	0.084102 	 0.013092 
0.227316 	0.133457 	0.090427 	0.088711 	 0.013603 
0.233148 	0.140783 	0.095161 	0.092229 	 0.012884 
0.238277 	0.134798 	0.091858 	0.085385 	 0.012991 
0.217269 	0.146362 	0.099001 	0.095064 	 0.014358 
0.232871 	0.127558 	0.087125 	0.081100 	 0.012904 
0.213201 	0.146481 	0.099510 	0.092488 	 0.014295 
0.217474 	0.143862 	0.097363 	0.092075 	 0.013719 
0.221002 	0.148322 	0.100912 	0.094591 	 0.013723 
0.229006 	0.138470 	0.094244 	0.086754 	 0.013149 
0.218756 	0.143529 	0.097519 	0.091681 	 0.013271 
0.217830 	0.151241 	0.102617 	0.098043 	 0.014341 
0.219834 	0.152727 	0.103605 	0.100258 	 0.014806 
0.215390 	0.155506 	0.105290 	0.102001 	 0.014495 
0.207741 	0.152130 	0.102924 	0.098614 	 0.014713 
0.210179 	0.145306 	0.098944 	0.092241 	 0.014832 
0.215648 	0.144440 	0.097488 	0.096759 	 0.013934 
0.211189 	0.144349 	0.098166 	0.092394 	 0.014295 
0.208648 	0.148608 	0.101053 	0.095134 	 0.014749 
0.215421 	0.146084 	0.099158 	0.092279 	 0.014308 
0.211839 	0.148911 	0.101500 	0.092821 	 0.013989 
0.216282 	0.144769 	0.099040 	0.090647 	 0.014261 
0.189571 	0.158035 	0.107542 	0.097651 	 0.015370 
0.192729 	0.157128 	0.106484 	0.099609 	 0.015376 
0.195763 	0.161870 	0.109584 	0.104545 	 0.015876 
0.215176 	0.140995 	0.096420 	0.087673 	 0.013712 
0.211669 	0.148141 	0.101118 	0.091098 	 0.013697 
0.188282 	0.165991 	0.111959 	0.108413 	 0.014978 
0.193821 	0.157430 	0.107354 	0.097717 	 0.015582 
0.195946 	0.158099 	0.107387 	0.098399 	 0.014116 
0.192089 	0.164045 	0.111074 	0.103436 	 0.015089 
0.214392 	0.147309 	0.100922 	0.093524 	 0.014776 
0.198944 	0.155278 	0.105975 	0.094485 	 0.014621 
0.202543 	0.146424 	0.100217 	0.089365 	 0.013777 
0.202305 	0.155436 	0.106189 	0.095715 	 0.014818 
0.190134 	0.162579 	0.110251 	0.102010 	 0.014813 
0.191488 	0.164426 	0.112240 	0.101231 	 0.015223 
0.189788 	0.151182 	0.103191 	0.094646 	 0.015238 
0.194853 	0.161191 	0.110256 	0.097774 	 0.014984 
0.209971 	0.149335 	0.102663 	0.088994 	 0.013714 
0.182594 	0.174039 	0.117970 	0.108720 	 0.015965 
0.184388 	0.163068 	0.111414 	0.097931 	 0.015721 
0.182659 	0.163891 	0.111194 	0.104542 	 0.015633 
0.178447 	0.173776 	0.118591 	0.106300 	 0.016495 
0.184074 	0.168070 	0.114240 	0.105747 	 0.015738 
0.182271 	0.158917 	0.108426 	0.098196 	 0.015376 
0.184088 	0.169385 	0.115143 	0.104835 	 0.015475 
0.185649 	0.163148 	0.110633 	0.102113 	 0.014606 
0.179197 	0.168752 	0.114957 	0.104123 	 0.016404 
0.182109 	0.160825 	0.109769 	0.095769 	 0.014762 
0.186901 	0.157460 	0.107701 	0.093201 	 0.014570 
0.189853 	0.165714 	0.113053 	0.102018 	 0.015168 
0.189452 	0.157433 	0.107651 	0.095397 	 0.015214 
0.198300 	0.149212 	0.102640 	0.089809 	 0.013894 
0.170271 	0.167878 	0.114394 	0.102583 	 0.015879 
0.188108 	0.153849 	0.105830 	0.092341 	 0.015190 
0.174016 	0.171437 	0.116539 	0.107703 	 0.015953 
0.179101 	0.174344 	0.119069 	0.106400 	 0.016310 
0.185994 	0.157751 	0.107996 	0.095413 	 0.015176 
0.186971 	0.170710 	0.116764 	0.102461 	 0.015462 
0.179729 	0.167760 	0.114874 	0.101634 	 0.015876 
0.181012 	0.164482 	0.112219 	0.100141 	 0.014856 
0.184683 	0.166992 	0.114138 	0.100734 	 0.015406 
0.167976 	0.175212 	0.119728 	0.104913 	 0.016152 
0.170115 	0.184590 	0.125449 	0.114632 	 0.016497 
0.178502 	0.160268 	0.109623 	0.097679 	 0.015433 
0.186457 	0.158834 	0.109096 	0.093593 	 0.014355 
0.168018 	0.176147 	0.120392 	0.105574 	 0.016391 
0.179638 	0.164400 	0.112691 	0.099566 	 0.015454 
0.175674 	0.171490 	0.117582 	0.103491 	 0.016407 
0.175642 	0.161277 	0.110555 	0.096162 	 0.015640 
0.181204 	0.150135 	0.103231 	0.089963 	 0.014581 
0.155758 	0.184470 	0.125627 	0.114088 	 0.018049 
0.183779 	0.167991 	0.115440 	0.101355 	 0.015350 
0.174458 	0.166565 	0.114536 	0.098101 	 0.015937 
0.160770 	0.188708 	0.128610 	0.116352 	 0.016772 
0.178517 	0.160650 	0.110687 	0.092544 	 0.015101 
0.169182 	0.179623 	0.122783 	0.109868 	 0.016464 
0.183255 	0.171097 	0.117052 	0.103666 	 0.015558 
0.174426 	0.173885 	0.119467 	0.102142 	 0.015702 
0.186423 	0.157254 	0.108651 	0.090681 	 0.014584 
0.177209 	0.169007 	0.116199 	0.102234 	 0.016368 
0.165271 	0.176100 	0.120780 	0.104863 	 0.016333 
0.185875 	0.168048 	0.115616 	0.099677 	 0.014993 
0.171322 	0.176296 	0.120750 	0.105228 	 0.015753 
0.198658 	0.148860 	0.103596 	0.085665 	 0.014240 
0.181280 	0.170084 	0.117253 	0.099160 	 0.015458 
0.183237 	0.167135 	0.115633 	0.096450 	 0.015375 
0.164543 	0.180853 	0.123984 	0.108588 	 0.016381 
0.181641 	0.170776 	0.117646 	0.099356 	 0.015362 
0.173095 	0.160085 	0.110535 	0.092893 	 0.014854 
0.176461 	0.164137 	0.112774 	0.100086 	 0.015596 
0.169706 	0.175320 	0.120392 	0.103309 	 0.015519 
0.181601 	0.159104 	0.110237 	0.091372 	 0.014724 
0.166085 	0.184902 	0.126980 	0.107666 	 0.016089 
0.172680 	0.172253 	0.118917 	0.099562 	 0.015976 
0.164660 	0.177484 	0.122049 	0.104680 	 0.016529 
0.169033 	0.168000 	0.115584 	0.098378 	 0.014872 
0.165258 	0.174624 	0.119726 	0.101877 	 0.015405 
0.176851 	0.171515 	0.118864 	0.096853 	 0.015575 
0.176869 	0.166552 	0.114742 	0.098856 	 0.014944 
0.182720 	0.160861 	0.111286 	0.093647 	 0.014783 
0.166213 	0.165766 	0.114357 	0.096779 	 0.015212 
0.177665 	0.157995 	0.109488 	0.090232 	 0.014593 
0.178330 	0.168601 	0.117133 	0.093146 	 0.014981 
0.173976 	0.168150 	0.116852 	0.094397 	 0.015636 
0.171960 	0.160469 	0.111580 	0.091194 	 0.015263 
0.162907 	0.181587 	0.125258 	0.104293 	 0.015496 
0.161951 	0.179194 	0.123609 	0.104316 	 0.016622 
0.173770 	0.171659 	0.119023 	0.098197 	 0.015734 
0.175014 	0.170713 	0.118385 	0.098408 	 0.015832 
0.173871 	0.171400 	0.118910 	0.098293 	 0.015961 
0.156542 	0.177850 	0.122709 	0.102809 	 0.016492 
0.159076 	0.186083 	0.128191 	0.108538 	 0.016533 
0.168174 	0.173603 	0.120779 	0.096147 	 0.015907 
0.188292 	0.164803 	0.114785 	0.093169 	 0.014963 
0.173350 	0.164573 	0.114513 	0.093195 	 0.015043 
0.173385 	0.175247 	0.121703 	0.098287 	 0.015801 
0.173542 	0.168673 	0.117442 	0.094144 	 0.015719 
0.163972 	0.176762 	0.122482 	0.100947 	 0.015960 
0.175733 	0.171944 	0.119381 	0.097730 	 0.015376 
0.167624 	0.168420 	0.117242 	0.093339 	 0.015251 
0.157119 	0.181011 	0.125330 	0.103619 	 0.016321 
0.185777 	0.161703 	0.112955 	0.089809 	 0.014537 
0.174058 	0.170858 	0.118760 	0.096200 	 0.015288 
0.170035 	0.167893 	0.116925 	0.095073 	 0.015717 
0.165129 	0.165712 	0.115284 	0.094964 	 0.015846 
0.164136 	0.163443 	0.114037 	0.090260 	 0.015408 
0.163253 	0.167456 	0.116536 	0.092184 	 0.015258 
0.159166 	0.175048 	0.121954 	0.094933 	 0.015744 
0.175841 	0.162015 	0.113484 	0.088987 	 0.015385 
0.158000 	0.179981 	0.124838 	0.102200 	 0.016294 
0.156961 	0.184211 	0.128006 	0.103543 	 0.016432 
0.154109 	0.175301 	0.122125 	0.096705 	 0.015723 
0.150662 	0.181343 	0.125582 	0.104521 	 0.016488 
0.154313 	0.180138 	0.125089 	0.101930 	 0.016560 
0.150449 	0.183498 	0.127045 	0.106554 	 0.016680 
0.152950 	0.179620 	0.125214 	0.100659 	 0.016875 
0.141659 	0.176367 	0.122827 	0.097767 	 0.016807 
0.151957 	0.187626 	0.130124 	0.107154 	 0.017190 
0.143974 	0.187636 	0.130641 	0.102199 	 0.016539 
0.154000 	0.184211 	0.127976 	0.103714 	 0.016450 
0.148458 	0.180392 	0.125406 	0.103326 	 0.016264 
0.150073 	0.184405 	0.128324 	0.102461 	 0.016541 
0.146338 	0.186233 	0.129409 	0.104996 	 0.016791 
0.144818 	0.188448 	0.130757 	0.104954 	 0.016587 
0.136944 	0.193522 	0.134203 	0.110689 	 0.017500 
0.145693 	0.192708 	0.134077 	0.107407 	 0.017441 
0.176645 	0.171182 	0.120332 	0.090461 	 0.014997 
0.151474 	0.184308 	0.128550 	0.102073 	 0.016683 
0.152774 	0.187509 	0.130736 	0.103745 	 0.016706 
0.146006 	0.184484 	0.128467 	0.102514 	 0.016631 
0.140845 	0.192662 	0.134119 	0.107073 	 0.017387 
0.157496 	0.172279 	0.120855 	0.092395 	 0.015733 
0.140985 	0.187558 	0.130975 	0.101902 	 0.017236 
0.137775 	0.188741 	0.131876 	0.102323 	 0.017126 
0.141495 	0.190347 	0.132771 	0.103520 	 0.016959 
0.144830 	0.185464 	0.129217 	0.102986 	 0.016456 
0.150786 	0.181060 	0.126724 	0.098838 	 0.016308 
0.135921 	0.195866 	0.135943 	0.110005 	 0.017597 
0.140326 	0.180899 	0.126623 	0.099395 	 0.016938 
0.136570 	0.196742 	0.137358 	0.107872 	 0.017876 
0.145678 	0.183749 	0.128489 	0.100432 	 0.016757 
0.143816 	0.178758 	0.124531 	0.100945 	 0.016296 
0.128423 	0.187872 	0.130971 	0.101984 	 0.017257 
0.137873 	0.180633 	0.126715 	0.098231 	 0.017364 
0.142430 	0.184347 	0.128999 	0.098506 	 0.016777 
0.146166 	0.178272 	0.124492 	0.096740 	 0.015618 
0.149463 	0.176173 	0.124134 	0.092586 	 0.016153 
0.136285 	0.182942 	0.128450 	0.096535 	 0.016606 
0.138103 	0.177088 	0.124286 	0.096821 	 0.016981 
0.122136 	0.199447 	0.139029 	0.109887 	 0.018225 
0.142917 	0.183736 	0.128927 	0.098850 	 0.016570 
0.137318 	0.186673 	0.131213 	0.099334 	 0.017124 
0.131516 	0.200008 	0.139385 	0.110564 	 0.017058 
0.131322 	0.188422 	0.132138 	0.101012 	 0.017139 
0.131329 	0.195360 	0.136750 	0.104658 	 0.017547 
0.137332 	0.187835 	0.131849 	0.100337 	 0.016745 
0.142600 	0.179338 	0.126634 	0.092187 	 0.016487 
0.121456 	0.192152 	0.134454 	0.102795 	 0.017395 
0.130622 	0.189015 	0.133082 	0.098910 	 0.017144 
0.118064 	0.191739 	0.134272 	0.104604 	 0.017870 
0.137545 	0.176961 	0.125276 	0.090581 	 0.016846 
0.142064 	0.168327 	0.119646 	0.084853 	 0.015476 
0.135441 	0.187622 	0.132032 	0.099617 	 0.017455 
0.133050 	0.187232 	0.132119 	0.095904 	 0.017164 
0.128097 	0.190283 	0.133976 	0.101888 	 0.017518 
0.130699 	0.186601 	0.131455 	0.096934 	 0.016645 
0.131853 	0.192573 	0.135650 	0.100483 	 0.017218 
0.122076 	0.186709 	0.131557 	0.099590 	 0.017534 
0.121083 	0.196112 	0.137475 	0.105218 	 0.017905 
0.134869 	0.182371 	0.128811 	0.094867 	 0.016638 
0.132618 	0.194190 	0.137031 	0.099935 	 0.017301 
0.129468 	0.186007 	0.131552 	0.095854 	 0.017420 
0.136123 	0.188052 	0.132704 	0.099341 	 0.016666 
0.121217 	0.194006 	0.137313 	0.096748 	 0.017594 
0.121287 	0.196629 	0.138195 	0.104968 	 0.018222 
0.117927 	0.200450 	0.141179 	0.105492 	 0.018286 
0.129622 	0.176328 	0.125482 	0.087115 	 0.016507 
0.114788 	0.195207 	0.137679 	0.101433 	 0.017943 
0.123609 	0.190507 	0.134344 	0.100113 	 0.017090 
0.114579 	0.193269 	0.136530 	0.098375 	 0.017719 
0.110969 	0.202115 	0.141821 	0.107678 	 0.018765 
0.122589 	0.187210 	0.132443 	0.095619 	 0.017122 
0.126073 	0.187244 	0.132652 	0.096125 	 0.017466 
0.115980 	0.192257 	0.136061 	0.096597 	 0.017254 
0.110633 	0.190812 	0.134788 	0.098883 	 0.018003 
0.119575 	0.190352 	0.134441 	0.097058 	 0.016936 
0.110732 	0.206226 	0.145094 	0.107538 	 0.018623 
0.118269 	0.190551 	0.134742 	0.096042 	 0.016732 
0.110531 	0.195079 	0.137444 	0.101579 	 0.017884 
0.124646 	0.191189 	0.135088 	0.097078 	 0.017105 
0.115923 	0.194624 	0.137165 	0.099908 	 0.017356 
0.112344 	0.188796 	0.133774 	0.094806 	 0.017378 
0.117707 	0.191775 	0.135593 	0.099736 	 0.017710 
0.117619 	0.199395 	0.140069 	0.107253 	 0.017661 
0.121448 	0.184951 	0.131416 	0.092868 	 0.017169 
0.115876 	0.195278 	0.137814 	0.098460 	 0.017433 
0.127118 	0.178631 	0.127096 	0.091605 	 0.017549 
0.122274 	0.204322 	0.144445 	0.104802 	 0.017189 
0.109982 	0.204828 	0.144258 	0.106964 	 0.017761 
0.097274 	0.204592 	0.143850 	0.107100 	 0.018753 
0.107298 	0.194256 	0.137845 	0.099596 	 0.018277 
0.127801 	0.184149 	0.131589 	0.088994 	 0.016487 
0.100210 	0.201259 	0.142169 	0.105310 	 0.018334 
0.115503 	0.193599 	0.137800 	0.097070 	 0.017980 
0.100822 	0.199442 	0.140910 	0.103137 	 0.018269 
0.100072 	0.205717 	0.145423 	0.107535 	 0.018562 
0.117573 	0.196181 	0.139478 	0.097851 	 0.017666 
0.095649 	0.198369 	0.140422 	0.101818 	 0.018462 
0.101735 	0.197521 	0.140130 	0.099187 	 0.017877 
0.100217 	0.200030 	0.141451 	0.101838 	 0.017960 
0.105773 	0.199540 	0.141551 	0.100546 	 0.017938 
0.103715 	0.196358 	0.139756 	0.097870 	 0.017972 
0.099011 	0.198463 	0.140577 	0.099785 	 0.017996 
0.108360 	0.203416 	0.144310 	0.103868 	 0.018768 
0.104619 	0.210640 	0.148777 	0.111011 	 0.019121 
0.101203 	0.209751 	0.148680 	0.104365 	 0.018819 
0.108109 	0.200267 	0.142365 	0.100573 	 0.017616 
0.090997 	0.211714 	0.149693 	0.108753 	 0.018894 
0.109370 	0.196145 	0.139880 	0.096394 	 0.017587 
0.078497 	0.213056 	0.150581 	0.112439 	 0.020971 
0.094208 	0.212252 	0.150079 	0.108613 	 0.019210 
0.097211 	0.199850 	0.142090 	0.099703 	 0.018415 
0.113800 	0.188052 	0.134440 	0.093039 	 0.016868 
0.107957 	0.192930 	0.137829 	0.094098 	 0.017580 
0.084577 	0.204834 	0.145112 	0.104584 	 0.018874 
0.090212 	0.200401 	0.141895 	0.104038 	 0.019033 
0.095775 	0.207051 	0.146655 	0.108034 	 0.018889 
0.102160 	0.197782 	0.140803 	0.099346 	 0.018142 
0.099524 	0.206370 	0.146757 	0.101136 	 0.018377 
0.086326 	0.211808 	0.150360 	0.107512 	 0.019171 
0.089071 	0.206771 	0.146991 	0.106733 	 0.019599 
0.102298 	0.195725 	0.139941 	0.097628 	 0.018783 
0.100405 	0.193761 	0.138724 	0.094186 	 0.018608 
0.096222 	0.190841 	0.136520 	0.093698 	 0.017934 
0.087596 	0.210191 	0.149314 	0.105087 	 0.018808 
0.089533 	0.210458 	0.149655 	0.106549 	 0.019322 
0.083273 	0.202669 	0.144554 	0.101095 	 0.019292 
0.106035 	0.189842 	0.136497 	0.091588 	 0.017878 
0.097317 	0.197772 	0.141812 	0.094869 	 0.018304 
0.088939 	0.205800 	0.146609 	0.104425 	 0.019063 
0.101980 	0.196070 	0.140699 	0.094344 	 0.017732 
0.091128 	0.203660 	0.145606 	0.100121 	 0.019224 
0.076814 	0.225276 	0.159440 	0.117301 	 0.019749 
0.092874 	0.202250 	0.144103 	0.103354 	 0.019262 
0.088618 	0.195073 	0.139612 	0.096193 	 0.018559 
0.093048 	0.201366 	0.143976 	0.098670 	 0.018495 
0.099176 	0.205182 	0.146316 	0.105082 	 0.019308 
0.096630 	0.205994 	0.147234 	0.101452 	 0.018440 
0.091139 	0.207913 	0.148472 	0.104720 	 0.019249 
0.100092 	0.203637 	0.146208 	0.098900 	 0.019160 
0.072581 	0.222910 	0.157958 	0.113287 	 0.020024 
0.087897 	0.200738 	0.143991 	0.095461 	 0.018292 
0.098078 	0.198789 	0.143127 	0.094786 	 0.018616 
0.089938 	0.202997 	0.145729 	0.098310 	 0.018808 
0.099191 	0.192532 	0.138804 	0.093360 	 0.018321 
0.084530 	0.200788 	0.144576 	0.095835 	 0.019236 
0.087504 	0.207633 	0.148533 	0.103895 	 0.019954 
0.097579 	0.191372 	0.137833 	0.091059 	 0.018209 
0.076632 	0.217474 	0.154973 	0.109685 	 0.019872 
0.094637 	0.200369 	0.144478 	0.095699 	 0.018779 
0.088606 	0.202825 	0.145527 	0.097982 	 0.018671 
0.094876 	0.185273 	0.134464 	0.086325 	 0.018429 
0.090722 	0.200065 	0.143781 	0.096737 	 0.018443 
0.075343 	0.213805 	0.152639 	0.107513 	 0.019572 
0.107239 	0.185426 	0.134918 	0.083891 	 0.017057 
0.085784 	0.196640 	0.141863 	0.091957 	 0.017823 
0.090663 	0.197343 	0.142496 	0.092646 	 0.018299 
0.091176 	0.189871 	0.137238 	0.088533 	 0.017596 
0.090404 	0.197483 	0.142566 	0.091279 	 0.018117 
0.076430 	0.206013 	0.148177 	0.096740 	 0.018686 
0.091993 	0.195011 	0.141123 	0.089915 	 0.017905 
0.074474 	0.221611 	0.158777 	0.107512 	 0.019650 
0.075582 	0.218385 	0.156178 	0.106640 	 0.019309 
0.091569 	0.198886 	0.143598 	0.093849 	 0.018213 
0.070047 	0.216701 	0.155313 	0.106369 	 0.020257 
0.097599 	0.194537 	0.141097 	0.090397 	 0.017839 
0.089002 	0.190223 	0.138178 	0.086642 	 0.018095 
0.082702 	0.208114 	0.149872 	0.101816 	 0.019685 
0.072017 	0.221327 	0.158762 	0.107974 	 0.020203 
0.080264 	0.211124 	0.152053 	0.100990 	 0.019468 
0.065618 	0.211324 	0.151284 	0.104661 	 0.019575 
0.085966 	0.194785 	0.140650 	0.093016 	 0.018339 
0.061998 	0.213101 	0.153451 	0.102047 	 0.020696 
0.072089 	0.217652 	0.156609 	0.103891 	 0.020628 
0.080440 	0.208070 	0.149755 	0.101329 	 0.019261 
0.067067 	0.219581 	0.157561 	0.107252 	 0.020506 
0.077328 	0.205919 	0.148708 	0.096694 	 0.019507 
0.080945 	0.208757 	0.150572 	0.099851 	 0.019759 
0.082467 	0.199790 	0.144944 	0.091282 	 0.018523 
0.079194 	0.205148 	0.148548 	0.096518 	 0.019057 
0.081155 	0.206333 	0.149272 	0.097370 	 0.019488 
0.069813 	0.208226 	0.150084 	0.099974 	 0.019677 
0.090936 	0.196472 	0.142516 	0.090828 	 0.018749 
0.067721 	0.213899 	0.154332 	0.102982 	 0.020260 
0.065685 	0.217913 	0.157523 	0.101150 	 0.020719 
0.059924 	0.225954 	0.162188 	0.110474 	 0.020858 
0.072974 	0.211602 	0.152920 	0.100183 	 0.019787 
0.068251 	0.221266 	0.159732 	0.104797 	 0.020639 
0.069540 	0.215994 	0.156101 	0.101818 	 0.020570 
0.079302 	0.199423 	0.145049 	0.093090 	 0.019230 
0.065946 	0.214336 	0.154820 	0.103080 	 0.020538 
0.069092 	0.211364 	0.153168 	0.098026 	 0.019290 
0.083490 	0.201060 	0.146363 	0.091902 	 0.018953 
0.054167 	0.218831 	0.157376 	0.107087 	 0.020794 
0.053539 	0.218368 	0.157492 	0.103620 	 0.020872 
0.067372 	0.211127 	0.153358 	0.097684 	 0.020536 
0.075429 	0.216017 	0.156528 	0.100608 	 0.020056 
0.079223 	0.205814 	0.149888 	0.093937 	 0.019588 
0.067433 	0.206666 	0.150207 	0.093539 	 0.019024 
0.064452 	0.220387 	0.159262 	0.105270 	 0.020676 
0.070359 	0.209283 	0.151836 	0.099081 	 0.020403 
0.078312 	0.199116 	0.145659 	0.086836 	 0.018773 
0.072984 	0.205912 	0.149571 	0.095906 	 0.019318 
0.065864 	0.213802 	0.155254 	0.098541 	 0.020288 
0.068136 	0.213733 	0.155109 	0.100612 	 0.019998 
0.062929 	0.219664 	0.158952 	0.102395 	 0.020590 
0.057198 	0.223944 	0.161849 	0.106983 	 0.021343 
0.077148 	0.210151 	0.153276 	0.094666 	 0.019954 
0.069868 	0.207903 	0.151646 	0.094207 	 0.020264 
0.063727 	0.224037 	0.162069 	0.107299 	 0.020802 
0.050939 	0.223121 	0.161482 	0.105721 	 0.021634 
0.059308 	0.216597 	0.156969 	0.103352 	 0.020563 
0.075247 	0.206719 	0.150751 	0.095097 	 0.019666 
0.071646 	0.215292 	0.156847 	0.097543 	 0.019964 
0.066894 	0.216741 	0.157775 	0.098879 	 0.020426 
0.076013 	0.221980 	0.161362 	0.102494 	 0.020035 
0.052929 	0.237023 	0.170536 	0.115465 	 0.021594 
0.076061 	0.211555 	0.154445 	0.097459 	 0.020041 
0.066552 	0.218034 	0.158661 	0.101440 	 0.020556 
0.066757 	0.202792 	0.148556 	0.091582 	 0.020016 
0.050506 	0.226635 	0.164028 	0.106979 	 0.021356 
0.061658 	0.211425 	0.154169 	0.094678 	 0.019690 
0.072766 	0.201168 	0.147711 	0.088345 	 0.019838 
0.086151 	0.193142 	0.142656 	0.081846 	 0.018532 
0.076268 	0.201062 	0.147837 	0.087779 	 0.019023 
0.087194 	0.203602 	0.149845 	0.091064 	 0.019815 
0.063136 	0.225478 	0.164047 	0.104239 	 0.021352 
0.080401 	0.211937 	0.155031 	0.095567 	 0.019698 
0.064118 	0.225211 	0.163081 	0.107289 	 0.020773 
0.059494 	0.217142 	0.158551 	0.098087 	 0.021500 
0.061625 	0.218090 	0.158817 	0.100167 	 0.020404 
0.071922 	0.214886 	0.156833 	0.099280 	 0.020805 
0.069142 	0.221102 	0.161292 	0.102172 	 0.020633 
0.073581 	0.216183 	0.157817 	0.099015 	 0.020410 
0.062827 	0.218829 	0.159889 	0.101268 	 0.021546 
0.067031 	0.224073 	0.163205 	0.103810 	 0.020887 
0.079412 	0.209943 	0.153975 	0.095156 	 0.019650 
0.068203 	0.220474 	0.161136 	0.104585 	 0.021330 
0.077161 	0.213888 	0.156891 	0.096166 	 0.020023 
0.067894 	0.223447 	0.162819 	0.105434 	 0.020863 
0.063060 	0.219354 	0.160450 	0.101222 	 0.021198 
0.064776 	0.221890 	0.161871 	0.103557 	 0.020500 
0.072572 	0.217514 	0.159244 	0.100596 	 0.020739 
0.059297 	0.229587 	0.167079 	0.109440 	 0.022320 
0.077006 	0.214722 	0.157164 	0.101646 	 0.020949 
0.066576 	0.213254 	0.156839 	0.096564 	 0.021369 
0.072878 	0.208777 	0.153836 	0.092926 	 0.020820 
0.063826 	0.229962 	0.167504 	0.109717 	 0.021531 
0.405656 	0.008804 	0.007073 	-0.000746 	 0.002234 
0.408588 	0.007523 	0.005680 	0.004325 	 0.002552 
0.410960 	0.029073 	0.019415 	0.032126 	 0.005047 
0.406559 	0.030960 	0.020032 	0.035187 	 0.004248 
0.427204 	0.020602 	0.014459 	0.021493 	 0.002986 
0.394394 	0.046433 	0.030638 	0.042400 	 0.005283 
0.408944 	0.034759 	0.023314 	0.032899 	 0.004382 
0.427128 	0.014363 	0.009712 	0.020955 	 0.002738 
0.384976 	0.058060 	0.038261 	0.050625 	 0.006734 
0.396009 	0.043676 	0.028941 	0.038546 	 0.004919 
0.390686 	0.045284 	0.029710 	0.042504 	 0.004977 
0.393998 	0.040314 	0.026659 	0.036556 	 0.004206 
0.371088 	0.064799 	0.042582 	0.054401 	 0.006959 
0.386979 	0.032571 	0.021488 	0.034248 	 0.005726 
0.392466 	0.048977 	0.032538 	0.040985 	 0.004695 
0.387468 	0.048519 	0.031750 	0.043751 	 0.004706 
0.361133 	0.071384 	0.046931 	0.059218 	 0.007643 
0.387529 	0.047530 	0.031091 	0.044021 	 0.005511 
0.380966 	0.039367 	0.026147 	0.036711 	 0.005424 
0.384004 	0.048047 	0.031847 	0.044749 	 0.006154 
0.382640 	0.043206 	0.028523 	0.040357 	 0.005093 
0.368592 	0.048353 	0.031982 	0.042156 	 0.005631 
0.379104 	0.039558 	0.026108 	0.036467 	 0.004714 
0.371257 	0.052715 	0.034969 	0.045602 	 0.006010 
0.389025 	0.030787 	0.020536 	0.029912 	 0.003711 
0.365905 	0.051036 	0.033967 	0.044790 	 0.006826 
0.369055 	0.056024 	0.036538 	0.050219 	 0.006248 
0.380027 	0.048953 	0.032119 	0.042589 	 0.005279 
0.358910 	0.067580 	0.044233 	0.058166 	 0.007783 
0.366091 	0.051221 	0.033442 	0.048030 	 0.006549 
0.368221 	0.050415 	0.033468 	0.045729 	 0.006504 
0.364756 	0.055900 	0.037049 	0.050021 	 0.006921 
0.371555 	0.043787 	0.029129 	0.039529 	 0.005530 
0.358699 	0.053819 	0.035453 	0.046762 	 0.006341 
0.350630 	0.062095 	0.040677 	0.053974 	 0.007289 
0.345264 	0.074924 	0.049052 	0.064521 	 0.008557 
0.344145 	0.062509 	0.041034 	0.053224 	 0.007282 
0.345263 	0.069893 	0.046209 	0.058412 	 0.008052 
0.345141 	0.069002 	0.045241 	0.058580 	 0.007242 
0.349009 	0.064638 	0.043168 	0.051805 	 0.007056 
0.336171 	0.070346 	0.046372 	0.055732 	 0.007615 
0.338881 	0.069959 	0.046384 	0.058905 	 0.007696 
0.338824 	0.065896 	0.043143 	0.056463 	 0.007039 
0.327655 	0.067506 	0.044883 	0.056409 	 0.008494 
0.348240 	0.059470 	0.039681 	0.048255 	 0.006616 
0.333323 	0.072797 	0.048346 	0.058175 	 0.007749 
0.334415 	0.066766 	0.044365 	0.054507 	 0.008304 
0.333291 	0.074716 	0.049392 	0.059257 	 0.007206 
0.332516 	0.069020 	0.045767 	0.057155 	 0.008114 
0.322682 	0.080190 	0.052697 	0.065897 	 0.008669 
0.335707 	0.073249 	0.049173 	0.057567 	 0.008628 
0.321059 	0.079712 	0.052941 	0.061714 	 0.008898 
0.310591 	0.089300 	0.058572 	0.070475 	 0.009203 
0.315362 	0.078663 	0.051909 	0.061045 	 0.009043 
0.311732 	0.091195 	0.060684 	0.068528 	 0.009582 
0.324398 	0.067869 	0.044991 	0.055424 	 0.007839 
0.329262 	0.073727 	0.049090 	0.058317 	 0.007998 
0.332270 	0.069431 	0.045938 	0.059490 	 0.007748 
0.326049 	0.075648 	0.050506 	0.057918 	 0.007590 
0.308441 	0.085182 	0.056568 	0.066583 	 0.009334 
0.312676 	0.081320 	0.053956 	0.063840 	 0.009261 
0.307665 	0.080610 	0.053270 	0.063110 	 0.008643 
0.311438 	0.082017 	0.054049 	0.065246 	 0.009141 
0.303013 	0.080932 	0.052951 	0.065716 	 0.008127 
0.319969 	0.073864 	0.049582 	0.056549 	 0.008001 
0.304265 	0.086431 	0.057019 	0.066237 	 0.008365 
0.307150 	0.082458 	0.054515 	0.063724 	 0.008902 
0.299054 	0.103315 	0.068579 	0.077480 	 0.009951 
0.300004 	0.098166 	0.064996 	0.075557 	 0.010039 
0.303217 	0.085261 	0.056895 	0.065707 	 0.009664 
0.298678 	0.091720 	0.060984 	0.069750 	 0.009265 
0.296124 	0.092631 	0.061728 	0.069033 	 0.010066 
0.296862 	0.087163 	0.058181 	0.067366 	 0.009769 
0.305423 	0.080350 	0.053156 	0.063695 	 0.008744 
0.302069 	0.084796 	0.056962 	0.063438 	 0.009500 
0.298337 	0.090781 	0.060565 	0.068653 	 0.009855 
0.299949 	0.089462 	0.059303 	0.069519 	 0.009009 
0.282836 	0.101411 	0.067514 	0.075022 	 0.011260 
0.288847 	0.099352 	0.066047 	0.072157 	 0.009733 
0.288344 	0.104785 	0.069336 	0.077985 	 0.009926 
0.281514 	0.098377 	0.065365 	0.073924 	 0.010096 
0.288561 	0.092167 	0.061776 	0.066203 	 0.009526 
0.286939 	0.095718 	0.063853 	0.070621 	 0.009698 
0.298091 	0.086136 	0.057754 	0.063491 	 0.009386 
0.296607 	0.088785 	0.059582 	0.066145 	 0.009601 
0.291162 	0.092337 	0.061441 	0.069356 	 0.008893 
0.291265 	0.089342 	0.060031 	0.065444 	 0.009916 
0.288318 	0.096943 	0.065089 	0.068262 	 0.009906 
0.283171 	0.105375 	0.070308 	0.076720 	 0.010588 
0.283764 	0.101158 	0.067350 	0.074611 	 0.010274 
0.284697 	0.093646 	0.062798 	0.069464 	 0.010072 
0.282962 	0.105212 	0.070346 	0.075648 	 0.010132 
0.278880 	0.103216 	0.068645 	0.073428 	 0.010012 
0.284110 	0.097091 	0.064842 	0.069150 	 0.009015 
0.273551 	0.106147 	0.070871 	0.075741 	 0.010567 
0.286532 	0.084239 	0.056623 	0.060766 	 0.009223 
0.275225 	0.109785 	0.073495 	0.079106 	 0.010939 
0.275424 	0.098145 	0.065350 	0.071686 	 0.009688 
0.270701 	0.111382 	0.074319 	0.079847 	 0.010759 
0.285865 	0.093219 	0.062779 	0.066270 	 0.009390 
0.269953 	0.106241 	0.071150 	0.075249 	 0.010513 
0.275026 	0.102907 	0.068634 	0.074965 	 0.010144 
0.271355 	0.104798 	0.069776 	0.077303 	 0.010611 
0.279954 	0.091811 	0.061352 	0.068964 	 0.009631 
0.277299 	0.104121 	0.070394 	0.072230 	 0.010547 
0.269881 	0.101168 	0.068093 	0.070602 	 0.010675 
0.274330 	0.106476 	0.071458 	0.075266 	 0.010132 
0.257715 	0.116774 	0.077987 	0.083017 	 0.011594 
0.266797 	0.111648 	0.074612 	0.079328 	 0.010488 
0.262741 	0.104803 	0.070363 	0.073104 	 0.010508 
0.278512 	0.101530 	0.068144 	0.070858 	 0.009952 
0.269119 	0.102998 	0.069109 	0.074720 	 0.010838 
0.264520 	0.110719 	0.074523 	0.077472 	 0.011309 
0.272841 	0.097397 	0.065414 	0.067810 	 0.009380 
0.260400 	0.107031 	0.072437 	0.072571 	 0.010918 
0.256032 	0.110385 	0.074174 	0.077097 	 0.011086 
0.257646 	0.118488 	0.079818 	0.080193 	 0.011430 
0.238386 	0.128549 	0.086035 	0.087910 	 0.011833 
0.257291 	0.110796 	0.074583 	0.075517 	 0.010777 
0.259785 	0.100838 	0.068032 	0.068924 	 0.010694 
0.253829 	0.120579 	0.080537 	0.082835 	 0.011093 
0.263836 	0.106012 	0.071651 	0.072905 	 0.010227 
0.257677 	0.104561 	0.070505 	0.070994 	 0.009964 
0.246349 	0.121313 	0.081786 	0.078806 	 0.010788 
0.254373 	0.117622 	0.079143 	0.076827 	 0.010371 
0.269428 	0.102680 	0.070082 	0.064547 	 0.009273 
0.262877 	0.110437 	0.075422 	0.069906 	 0.010100 
0.260723 	0.105975 	0.071348 	0.073588 	 0.009955 
0.235723 	0.126652 	0.084946 	0.084986 	 0.011478 
0.262065 	0.119557 	0.080511 	0.080136 	 0.010147 
0.247748 	0.112584 	0.076457 	0.072490 	 0.010986 
0.255495 	0.117803 	0.080078 	0.075863 	 0.010663 
0.245032 	0.120181 	0.081189 	0.077796 	 0.010959 
0.226472 	0.132866 	0.089308 	0.087813 	 0.012145 
0.243220 	0.117870 	0.079282 	0.079900 	 0.010903 
0.238617 	0.126435 	0.084968 	0.083263 	 0.011068 
0.236713 	0.126404 	0.085453 	0.080134 	 0.011282 
0.248154 	0.121417 	0.082170 	0.080723 	 0.011189 
0.240996 	0.122491 	0.082658 	0.081911 	 0.011582 
0.246036 	0.121213 	0.082540 	0.076024 	 0.010807 
0.221200 	0.132782 	0.089527 	0.086285 	 0.012142 
0.230719 	0.133104 	0.089811 	0.086000 	 0.011926 
0.232365 	0.124431 	0.083961 	0.083196 	 0.011651 
0.232791 	0.121974 	0.082151 	0.079139 	 0.010849 
0.239745 	0.115330 	0.078259 	0.074086 	 0.010872 
0.226643 	0.135234 	0.091543 	0.085052 	 0.012050 
0.232209 	0.129356 	0.087954 	0.081329 	 0.012179 
0.227642 	0.137338 	0.092770 	0.087849 	 0.011810 
0.240899 	0.108050 	0.073745 	0.066213 	 0.009511 
0.236757 	0.118078 	0.080547 	0.075127 	 0.011391 
0.227892 	0.135044 	0.091274 	0.088808 	 0.012427 
0.218478 	0.131288 	0.088877 	0.083567 	 0.012126 
0.214661 	0.135646 	0.091589 	0.089220 	 0.012519 
0.233223 	0.132075 	0.089694 	0.081959 	 0.011304 
0.217757 	0.136925 	0.092612 	0.087893 	 0.012227 
0.223468 	0.123122 	0.083656 	0.076228 	 0.011083 
0.208901 	0.150365 	0.101538 	0.095675 	 0.013224 
0.212229 	0.139169 	0.094142 	0.086244 	 0.012064 
0.206745 	0.138416 	0.093921 	0.085977 	 0.012894 
0.212196 	0.145744 	0.099022 	0.091426 	 0.012944 
0.220735 	0.128731 	0.088104 	0.076820 	 0.012005 
0.202583 	0.142329 	0.096319 	0.087921 	 0.012629 
0.204982 	0.155454 	0.105328 	0.096661 	 0.013594 
0.218919 	0.134592 	0.091447 	0.083681 	 0.012248 
0.210242 	0.142948 	0.097502 	0.086745 	 0.013038 
0.204251 	0.139042 	0.094425 	0.086080 	 0.012601 
0.197508 	0.153759 	0.104280 	0.094401 	 0.013232 
0.209239 	0.135064 	0.091839 	0.085966 	 0.012926 
0.208544 	0.145678 	0.099080 	0.087064 	 0.012346 
0.199609 	0.147843 	0.100170 	0.092736 	 0.012797 
0.209444 	0.135528 	0.092319 	0.080511 	 0.011171 
0.199478 	0.147320 	0.100251 	0.089793 	 0.013226 
0.205002 	0.144121 	0.097948 	0.089038 	 0.012973 
0.185856 	0.165652 	0.111885 	0.103185 	 0.014004 
0.192529 	0.156119 	0.105899 	0.096354 	 0.013852 
0.194007 	0.143062 	0.097474 	0.084022 	 0.012259 
0.198813 	0.147170 	0.100143 	0.087980 	 0.012960 
0.190277 	0.152114 	0.103326 	0.094877 	 0.013833 
0.208426 	0.143173 	0.097975 	0.084955 	 0.012292 
0.193013 	0.147012 	0.100133 	0.090242 	 0.013603 
0.191840 	0.143506 	0.097797 	0.086515 	 0.012574 
0.187248 	0.153711 	0.104939 	0.090243 	 0.013590 
0.181351 	0.155134 	0.105123 	0.094017 	 0.013419 
0.199377 	0.139853 	0.095909 	0.082777 	 0.012641 
0.190821 	0.148971 	0.101469 	0.090357 	 0.012523 
0.188439 	0.150542 	0.102850 	0.086839 	 0.013196 
0.188040 	0.152990 	0.104193 	0.092423 	 0.013158 
0.184485 	0.148798 	0.101689 	0.087658 	 0.013424 
0.180368 	0.167000 	0.113646 	0.100190 	 0.014077 
0.185792 	0.153518 	0.104645 	0.091261 	 0.012958 
0.170812 	0.171176 	0.116289 	0.104044 	 0.015432 
0.182458 	0.157342 	0.107316 	0.093115 	 0.013204 
0.177298 	0.167146 	0.113894 	0.098262 	 0.014446 
0.189108 	0.147007 	0.100552 	0.085471 	 0.012048 
0.184954 	0.153570 	0.105119 	0.087781 	 0.012537 
0.174681 	0.170465 	0.116090 	0.103411 	 0.014933 
0.179042 	0.159950 	0.109249 	0.093646 	 0.013397 
0.178401 	0.152402 	0.104080 	0.089991 	 0.012944 
0.162791 	0.161249 	0.110328 	0.095331 	 0.014805 
0.174106 	0.161176 	0.110541 	0.092252 	 0.013547 
0.159258 	0.174420 	0.118225 	0.105889 	 0.014650 
0.166470 	0.166733 	0.114088 	0.095725 	 0.013824 
0.164731 	0.165960 	0.113345 	0.097994 	 0.014448 
0.189032 	0.152368 	0.104884 	0.084790 	 0.012192 
0.176665 	0.154037 	0.105880 	0.087702 	 0.012860 
0.168708 	0.157626 	0.108218 	0.090172 	 0.013548 
0.166466 	0.162399 	0.110930 	0.094910 	 0.013842 
0.170700 	0.164639 	0.112780 	0.095112 	 0.013798 
0.164561 	0.166945 	0.114443 	0.095673 	 0.014043 
0.171773 	0.161193 	0.110518 	0.093576 	 0.013487 
0.170776 	0.171957 	0.117226 	0.101102 	 0.014020 
0.172598 	0.155523 	0.107659 	0.086779 	 0.013696 
0.161471 	0.172117 	0.117933 	0.098983 	 0.014810 
0.162302 	0.155273 	0.106618 	0.086915 	 0.012964 
0.162157 	0.172607 	0.118383 	0.098359 	 0.013889 
0.166098 	0.163936 	0.111999 	0.095467 	 0.013577 
0.155851 	0.166526 	0.113754 	0.095613 	 0.013600 
0.160831 	0.168057 	0.115188 	0.098376 	 0.014465 
0.155141 	0.170857 	0.116866 	0.099494 	 0.014580 
0.151648 	0.172463 	0.118369 	0.097121 	 0.014554 
0.146040 	0.176186 	0.120401 	0.102572 	 0.014942 
0.166911 	0.169904 	0.117001 	0.095394 	 0.014117 
0.171491 	0.158844 	0.109331 	0.090788 	 0.013185 
0.157428 	0.176327 	0.121065 	0.099066 	 0.014064 
0.145862 	0.180001 	0.123247 	0.102514 	 0.015034 
0.140595 	0.187234 	0.128126 	0.109492 	 0.016039 
0.149105 	0.180725 	0.123879 	0.101020 	 0.014871 
0.147222 	0.176184 	0.120933 	0.099531 	 0.014642 
0.148954 	0.175059 	0.119978 	0.099647 	 0.014186 
0.141269 	0.182176 	0.125012 	0.101746 	 0.014624 
0.149029 	0.180211 	0.123610 	0.102450 	 0.014544 
0.142979 	0.177774 	0.122047 	0.101508 	 0.014800 
0.159553 	0.160656 	0.110996 	0.086541 	 0.013714 
0.147244 	0.179009 	0.122829 	0.101624 	 0.014820 
0.158639 	0.164467 	0.113602 	0.086856 	 0.012843 
0.149020 	0.170280 	0.117447 	0.093478 	 0.014072 
0.142797 	0.176004 	0.121027 	0.097361 	 0.014655 
0.149310 	0.171054 	0.118067 	0.091178 	 0.013827 
0.152620 	0.177560 	0.122633 	0.097643 	 0.014398 
0.154768 	0.170144 	0.117393 	0.093006 	 0.013807 
0.147483 	0.179488 	0.123430 	0.099107 	 0.014591 
0.141649 	0.187415 	0.128669 	0.106320 	 0.015271 
0.150364 	0.169310 	0.117017 	0.092717 	 0.013913 
0.148288 	0.172761 	0.119885 	0.092415 	 0.014674 
0.145411 	0.179327 	0.123529 	0.101018 	 0.014516 
0.139524 	0.183010 	0.126164 	0.102320 	 0.015146 
0.127778 	0.194830 	0.133596 	0.108329 	 0.015436 
0.144413 	0.170688 	0.118424 	0.092835 	 0.014459 
0.151141 	0.169915 	0.117859 	0.090342 	 0.013796 
0.133503 	0.188672 	0.129991 	0.103829 	 0.014872 
0.127213 	0.180493 	0.124872 	0.097760 	 0.014948 
0.148377 	0.174522 	0.121032 	0.090357 	 0.013632 
0.133821 	0.176295 	0.121904 	0.093694 	 0.014169 
0.131899 	0.173382 	0.120245 	0.091140 	 0.014351 
0.132552 	0.180319 	0.124692 	0.096500 	 0.014821 
0.147865 	0.177351 	0.122440 	0.097404 	 0.013998 
0.123448 	0.198453 	0.136670 	0.106385 	 0.015611 
0.146642 	0.177493 	0.122828 	0.093971 	 0.013549 
0.139365 	0.179909 	0.124496 	0.095698 	 0.014016 
0.131821 	0.179611 	0.124895 	0.093482 	 0.014897 
0.127598 	0.181894 	0.125890 	0.096473 	 0.014647 
0.147943 	0.158790 	0.111061 	0.080384 	 0.013301 
0.123540 	0.180743 	0.124419 	0.100202 	 0.014656 
0.124839 	0.189137 	0.130965 	0.098358 	 0.014871 
0.127511 	0.187994 	0.130142 	0.100930 	 0.015223 
0.128003 	0.190431 	0.131528 	0.104698 	 0.014994 
0.132403 	0.177926 	0.123518 	0.093298 	 0.013917 
0.125261 	0.190582 	0.132096 	0.101196 	 0.015298 
0.125643 	0.197612 	0.136722 	0.105948 	 0.015469 
0.130503 	0.170517 	0.118912 	0.088611 	 0.014064 
0.123494 	0.189580 	0.131716 	0.098086 	 0.015047 
0.127501 	0.179510 	0.124896 	0.092299 	 0.014385 
0.128562 	0.186346 	0.129683 	0.095998 	 0.015126 
0.137999 	0.180769 	0.125855 	0.094992 	 0.014720 
0.121478 	0.188134 	0.130373 	0.100072 	 0.015495 
0.102595 	0.196002 	0.135621 	0.102926 	 0.016057 
0.116518 	0.198002 	0.137377 	0.103518 	 0.015606 
0.119911 	0.188100 	0.130788 	0.095954 	 0.014989 
0.113389 	0.203787 	0.141323 	0.107081 	 0.015997 
0.110482 	0.194383 	0.134472 	0.103515 	 0.015663 
0.128212 	0.186429 	0.129669 	0.096986 	 0.014499 
0.126626 	0.191969 	0.133589 	0.100402 	 0.015229 
0.134255 	0.173013 	0.121121 	0.086921 	 0.014138 
0.124220 	0.189733 	0.131688 	0.099034 	 0.014406 
0.103797 	0.200957 	0.139765 	0.104014 	 0.015923 
0.110245 	0.196133 	0.136332 	0.100621 	 0.015408 
0.119528 	0.189970 	0.132649 	0.096271 	 0.014988 
0.122747 	0.191508 	0.133765 	0.097476 	 0.014740 
0.122043 	0.192024 	0.133821 	0.101091 	 0.014871 
0.119976 	0.188486 	0.131137 	0.099630 	 0.015112 
0.111647 	0.184606 	0.128912 	0.093261 	 0.015002 
0.120673 	0.184345 	0.128969 	0.090858 	 0.014415 
0.104106 	0.183847 	0.128111 	0.094855 	 0.014803 
0.121805 	0.190125 	0.132882 	0.097797 	 0.014614 
0.118576 	0.190833 	0.133265 	0.095280 	 0.014661 
0.101357 	0.207366 	0.143951 	0.110879 	 0.016583 
0.102880 	0.193888 	0.135147 	0.098091 	 0.015939 
0.099257 	0.202357 	0.141175 	0.104531 	 0.016755 
0.103414 	0.200329 	0.139442 	0.103589 	 0.015877 
0.113640 	0.193274 	0.135136 	0.097306 	 0.015193 
0.106623 	0.198522 	0.138204 	0.103239 	 0.015782 
0.117367 	0.184254 	0.129421 	0.090126 	 0.014359 
0.120817 	0.176919 	0.124212 	0.086302 	 0.013194 
0.101974 	0.204683 	0.142792 	0.104262 	 0.016075 
0.104671 	0.198781 	0.138795 	0.100506 	 0.015676 
0.110125 	0.189842 	0.133304 	0.093565 	 0.014949 
0.106793 	0.193384 	0.135321 	0.096497 	 0.015235 
0.102936 	0.203037 	0.141720 	0.104663 	 0.016163 
0.116788 	0.179794 	0.126600 	0.086171 	 0.014272 
0.113934 	0.192376 	0.134889 	0.094842 	 0.014835 
0.097308 	0.202886 	0.141352 	0.102930 	 0.015616 
0.104149 	0.196730 	0.137924 	0.096737 	 0.015366 
0.116571 	0.183404 	0.129012 	0.090493 	 0.014331 
0.095188 	0.187193 	0.132092 	0.088363 	 0.015323 
0.102812 	0.200462 	0.139993 	0.103562 	 0.015749 
0.093561 	0.205511 	0.143444 	0.104508 	 0.015961 
0.091829 	0.204830 	0.143083 	0.105421 	 0.016093 
0.107428 	0.184444 	0.129930 	0.088949 	 0.014232 
0.111102 	0.180127 	0.127149 	0.086142 	 0.014659 
0.098209 	0.201167 	0.140776 	0.099861 	 0.014898 
0.098642 	0.191186 	0.134604 	0.091821 	 0.015173 
0.102344 	0.189773 	0.133567 	0.091002 	 0.014431 
0.098061 	0.205031 	0.143336 	0.104145 	 0.016201 
0.101544 	0.198520 	0.139436 	0.098539 	 0.016012 
0.095979 	0.192810 	0.135938 	0.090399 	 0.014997 
0.101219 	0.199373 	0.140144 	0.100495 	 0.016108 
0.094574 	0.197044 	0.138373 	0.096092 	 0.015434 
0.084339 	0.209105 	0.146203 	0.105685 	 0.016835 
0.098207 	0.201932 	0.142280 	0.098255 	 0.016432 
0.095399 	0.197772 	0.139242 	0.096314 	 0.016173 
0.100232 	0.203221 	0.143032 	0.096648 	 0.015282 
0.094322 	0.194883 	0.137310 	0.093539 	 0.015356 
0.098772 	0.198820 	0.139721 	0.098092 	 0.015212 
0.108210 	0.185686 	0.131731 	0.086350 	 0.014550 
0.100125 	0.191105 	0.135138 	0.092396 	 0.015215 
0.094082 	0.202647 	0.142764 	0.097663 	 0.015697 
0.100033 	0.189601 	0.134026 	0.090965 	 0.015112 
0.092344 	0.199142 	0.140731 	0.095309 	 0.015509 
0.092453 	0.202873 	0.142417 	0.099844 	 0.015497 
0.102645 	0.183137 	0.130182 	0.086359 	 0.015544 
0.091486 	0.202648 	0.142891 	0.097308 	 0.016022 
0.108744 	0.188425 	0.133489 	0.089448 	 0.014101 
0.089500 	0.195156 	0.138013 	0.092532 	 0.015542 
0.089748 	0.189183 	0.134066 	0.088873 	 0.015254 
0.092877 	0.189650 	0.134436 	0.088304 	 0.015300 
0.099482 	0.192588 	0.136483 	0.089638 	 0.015053 
0.086098 	0.201390 	0.142123 	0.095924 	 0.015475 
0.112217 	0.188388 	0.134129 	0.088708 	 0.014166 
0.084145 	0.206557 	0.145759 	0.097698 	 0.015839 
0.094010 	0.193034 	0.136792 	0.090573 	 0.015384 
0.098960 	0.189927 	0.135475 	0.083985 	 0.015050 
0.088822 	0.199349 	0.141380 	0.091413 	 0.015529 
0.072581 	0.215386 	0.151391 	0.106052 	 0.016913 
0.086837 	0.205000 	0.144851 	0.097648 	 0.015535 
0.097572 	0.198265 	0.140594 	0.090774 	 0.014859 
0.079229 	0.203921 	0.144360 	0.095548 	 0.015883 
0.097163 	0.198935 	0.141231 	0.092882 	 0.015605 
0.082037 	0.201753 	0.142715 	0.096398 	 0.016128 
0.085599 	0.213025 	0.150448 	0.102329 	 0.016150 
0.079752 	0.209062 	0.147711 	0.100792 	 0.016159 
0.083835 	0.206216 	0.145803 	0.098469 	 0.015738 
0.096158 	0.198250 	0.140706 	0.093083 	 0.014716 
0.087272 	0.199575 	0.141833 	0.091695 	 0.015464 
0.093226 	0.196752 	0.140935 	0.087842 	 0.015938 
0.084610 	0.199273 	0.141488 	0.094176 	 0.016307 
0.077409 	0.213850 	0.150899 	0.105060 	 0.016528 
0.077182 	0.208004 	0.147195 	0.098975 	 0.015984 
0.082418 	0.209752 	0.148662 	0.099178 	 0.015996 
0.085708 	0.203513 	0.145041 	0.091409 	 0.015620 
0.081872 	0.209845 	0.148721 	0.097867 	 0.015947 
0.087376 	0.200561 	0.142952 	0.089899 	 0.014872 
0.094436 	0.190002 	0.135809 	0.085347 	 0.014421 
0.087867 	0.204454 	0.145537 	0.092558 	 0.015474 
0.083356 	0.207934 	0.147730 	0.096829 	 0.015615 
0.076503 	0.206851 	0.146676 	0.097215 	 0.015708 
0.090947 	0.200022 	0.142769 	0.090933 	 0.015382 
0.096400 	0.191377 	0.137130 	0.086192 	 0.015123 
0.081255 	0.199047 	0.142392 	0.085412 	 0.015217 
0.071130 	0.210997 	0.150412 	0.096418 	 0.016859 
0.077918 	0.204683 	0.145626 	0.093264 	 0.015526 
0.078839 	0.213204 	0.151011 	0.101282 	 0.015466 
0.084082 	0.199425 	0.142780 	0.088924 	 0.014915 
0.062739 	0.214315 	0.151942 	0.099965 	 0.016201 
0.082363 	0.205293 	0.146509 	0.093761 	 0.015722 
0.080925 	0.196140 	0.140286 	0.090417 	 0.015208 
0.072552 	0.215151 	0.152746 	0.101162 	 0.016994 
0.067416 	0.222639 	0.157970 	0.104711 	 0.017189 
0.088584 	0.202520 	0.144864 	0.092438 	 0.015963 
0.082566 	0.201248 	0.143744 	0.090085 	 0.015186 
0.062794 	0.221109 	0.156874 	0.104906 	 0.017161 
0.087168 	0.199765 	0.143345 	0.086695 	 0.014459 
0.082549 	0.200610 	0.143649 	0.090095 	 0.015561 
0.067256 	0.225677 	0.159755 	0.108667 	 0.016790 
0.078147 	0.210939 	0.150416 	0.096121 	 0.015296 
0.071536 	0.208495 	0.148989 	0.093002 	 0.015942 
0.069339 	0.206287 	0.147542 	0.094144 	 0.015991 
0.063701 	0.222948 	0.158705 	0.105318 	 0.017546 
0.065637 	0.220154 	0.156812 	0.101286 	 0.016511 
0.073829 	0.211271 	0.151231 	0.093261 	 0.015870 
0.079842 	0.205345 	0.147189 	0.091507 	 0.015448 
0.063222 	0.220785 	0.156999 	0.104987 	 0.017656 
0.080078 	0.201623 	0.145217 	0.086748 	 0.015884 
0.061062 	0.225259 	0.160286 	0.104389 	 0.017239 
0.064541 	0.213137 	0.152779 	0.094436 	 0.017298 
0.076682 	0.205728 	0.147629 	0.092766 	 0.015945 
0.066845 	0.212990 	0.152037 	0.097518 	 0.016548 
0.066896 	0.218810 	0.156001 	0.099284 	 0.016184 
0.087664 	0.196879 	0.142149 	0.085739 	 0.015508 
0.072605 	0.211940 	0.152267 	0.092399 	 0.016325 
0.078831 	0.195148 	0.140385 	0.082781 	 0.013875 
0.065683 	0.216080 	0.154415 	0.099057 	 0.017080 
0.061330 	0.213446 	0.152991 	0.095864 	 0.016340 
0.070905 	0.203400 	0.146426 	0.088923 	 0.015394 
0.083382 	0.194134 	0.140140 	0.083422 	 0.014831 
0.059269 	0.221357 	0.158259 	0.100237 	 0.016809 
0.080915 	0.203567 	0.146686 	0.088771 	 0.015340 
0.073158 	0.205373 	0.147925 	0.087676 	 0.016120 
0.072463 	0.211002 	0.151879 	0.092604 	 0.015995 
0.068587 	0.200409 	0.145523 	0.082297 	 0.016658 
0.062671 	0.217833 	0.156405 	0.096662 	 0.016149 
0.083530 	0.200588 	0.145210 	0.083913 	 0.015271 
0.069011 	0.215591 	0.154663 	0.095336 	 0.015453 
0.070681 	0.197062 	0.142815 	0.081795 	 0.014895 
0.070641 	0.216441 	0.155382 	0.094061 	 0.015665 
0.067486 	0.213623 	0.153907 	0.092739 	 0.016449 
0.065492 	0.221601 	0.158879 	0.100597 	 0.016781 
0.082002 	0.196954 	0.143082 	0.079706 	 0.014510 
0.073476 	0.203223 	0.147459 	0.084847 	 0.015685 
0.069594 	0.199938 	0.144744 	0.084450 	 0.015246 
0.054233 	0.214537 	0.154269 	0.093791 	 0.016219 
0.057923 	0.214155 	0.153675 	0.096158 	 0.016315 
0.064464 	0.205507 	0.148722 	0.088253 	 0.015824 
0.064074 	0.205166 	0.148212 	0.089048 	 0.015073 
0.067188 	0.205232 	0.148655 	0.086107 	 0.015855 
0.071529 	0.201894 	0.146500 	0.084665 	 0.015217 
0.078628 	0.202957 	0.147475 	0.084261 	 0.015746 
0.082294 	0.207107 	0.150155 	0.087246 	 0.015509 
0.071983 	0.202051 	0.146225 	0.086944 	 0.015083 
0.074136 	0.200921 	0.146521 	0.079780 	 0.015325 
0.067631 	0.216353 	0.156506 	0.090098 	 0.015792 
0.061371 	0.211304 	0.152859 	0.089535 	 0.015675 
0.080759 	0.197882 	0.144384 	0.081997 	 0.015579 
0.056118 	0.217974 	0.157456 	0.093271 	 0.016421 
0.073093 	0.207223 	0.150091 	0.087164 	 0.015220 
0.074944 	0.206418 	0.149774 	0.086627 	 0.014859 
0.077265 	0.204674 	0.149006 	0.085180 	 0.015947 
0.063714 	0.219036 	0.158244 	0.094901 	 0.016330 
0.075356 	0.201157 	0.146679 	0.081950 	 0.015516 
0.079350 	0.196311 	0.143333 	0.081315 	 0.015585 
0.074874 	0.205981 	0.149911 	0.086311 	 0.016049 
0.062845 	0.216749 	0.156687 	0.093670 	 0.015996 
0.076379 	0.195744 	0.143394 	0.077501 	 0.014972 
0.067796 	0.208087 	0.151900 	0.083475 	 0.016196 
0.055997 	0.206770 	0.150846 	0.083488 	 0.016381 
0.084729 	0.194476 	0.142637 	0.077042 	 0.014348 
0.065398 	0.206875 	0.150450 	0.087723 	 0.015572 
0.061834 	0.223696 	0.161903 	0.095566 	 0.016577 
0.063894 	0.210408 	0.152743 	0.089416 	 0.015720 
0.062499 	0.206965 	0.150863 	0.085247 	 0.015418 
0.072567 	0.203854 	0.149057 	0.083316 	 0.015470 
0.053585 	0.217296 	0.157885 	0.092804 	 0.017346 
0.053580 	0.210540 	0.153451 	0.087919 	 0.016753 
0.071075 	0.207652 	0.152194 	0.082415 	 0.016192 
0.053631 	0.233644 	0.168060 	0.106637 	 0.017714 
0.059841 	0.203320 	0.148653 	0.083870 	 0.016051 
0.082718 	0.201196 	0.147906 	0.079132 	 0.015287 
0.070995 	0.201161 	0.147595 	0.080512 	 0.015849 
0.067499 	0.218010 	0.158528 	0.091924 	 0.015793 
0.084972 	0.197532 	0.145113 	0.076183 	 0.014496 
0.051326 	0.227144 	0.164737 	0.096699 	 0.017189 
0.078284 	0.206100 	0.151430 	0.079921 	 0.014942 
0.062612 	0.214450 	0.156227 	0.091250 	 0.016954 
0.079254 	0.210995 	0.154103 	0.087248 	 0.015525 
0.057795 	0.214365 	0.157141 	0.085490 	 0.016691 
0.057936 	0.214085 	0.156504 	0.087256 	 0.016644 
0.063990 	0.217866 	0.158754 	0.092594 	 0.016480 
0.060527 	0.214140 	0.156230 	0.090708 	 0.016607 
0.058562 	0.207803 	0.152126 	0.086219 	 0.016261 
0.055645 	0.211153 	0.154594 	0.088365 	 0.016790 
0.066406 	0.215760 	0.157661 	0.087740 	 0.016204 
0.078763 	0.198513 	0.147014 	0.073526 	 0.015291 
0.076018 	0.214152 	0.156861 	0.087791 	 0.015690 
0.071709 	0.211996 	0.155321 	0.087206 	 0.015920 
0.079317 	0.199492 	0.147169 	0.077932 	 0.015020 
0.080258 	0.191529 	0.142486 	0.070534 	 0.015017 
0.075556 	0.204303 	0.150594 	0.080314 	 0.015679 
0.079359 	0.192661 	0.143300 	0.071099 	 0.015221 
0.089318 	0.193919 	0.143936 	0.073961 	 0.014393 
0.076550 	0.210048 	0.154326 	0.086668 	 0.016590 
0.084720 	0.188186 	0.140026 	0.072248 	 0.014938 
0.081921 	0.202582 	0.149889 	0.077862 	 0.015393 
0.074418 	0.210297 	0.154851 	0.083591 	 0.015942 
0.070460 	0.205100 	0.151821 	0.079995 	 0.016335 
0.076099 	0.207292 	0.152863 	0.084412 	 0.016733 
0.094003 	0.195734 	0.145929 	0.073337 	 0.014714 
0.072651 	0.206054 	0.151896 	0.081845 	 0.015963 
0.080333 	0.195981 	0.145953 	0.073591 	 0.015716 
0.080234 	0.193651 	0.144206 	0.072555 	 0.015395 
0.088394 	0.200176 	0.148696 	0.074108 	 0.014108 
0.096670 	0.197415 	0.146771 	0.074876 	 0.014351 
0.086418 	0.187689 	0.140239 	0.068330 	 0.013868 
0.080380 	0.198421 	0.147335 	0.077106 	 0.015694 
0.071338 	0.211867 	0.156530 	0.084578 	 0.016537 
0.075057 	0.203949 	0.151723 	0.076550 	 0.015369 
0.081856 	0.207648 	0.153811 	0.081510 	 0.015730 
0.084473 	0.194756 	0.145404 	0.071782 	 0.014563 
0.098201 	0.188003 	0.141435 	0.064789 	 0.013941 
0.094476 	0.194098 	0.145256 	0.070881 	 0.014307 
0.089061 	0.196915 	0.147292 	0.073171 	 0.015331 
0.098795 	0.180932 	0.136706 	0.062593 	 0.014060 
0.087114 	0.201463 	0.150120 	0.077111 	 0.014214 
0.073335 	0.214416 	0.158617 	0.084806 	 0.016444 
0.105169 	0.186905 	0.140634 	0.066715 	 0.013470 
0.086172 	0.197342 	0.147634 	0.074832 	 0.015741 
0.076439 	0.203133 	0.151864 	0.075687 	 0.015705 
0.094299 	0.189230 	0.142393 	0.068401 	 0.014635 
0.086911 	0.200040 	0.149904 	0.074059 	 0.015825 
0.083130 	0.200112 	0.149542 	0.075637 	 0.015365 
0.089307 	0.204198 	0.152115 	0.081016 	 0.015568 
0.086239 	0.192611 	0.144712 	0.071078 	 0.015137 
0.096650 	0.181568 	0.137476 	0.063256 	 0.014346 
0.088235 	0.202587 	0.151942 	0.074670 	 0.015663 
0.078435 	0.204947 	0.152927 	0.076818 	 0.015377 
0.097766 	0.189729 	0.143442 	0.067243 	 0.014366 
0.100719 	0.187363 	0.141712 	0.068874 	 0.014907 
0.090324 	0.204904 	0.153204 	0.077501 	 0.015295 
0.086710 	0.203841 	0.152431 	0.076273 	 0.015157 
0.098099 	0.187362 	0.142156 	0.063222 	 0.014099 
0.087571 	0.198222 	0.149306 	0.071349 	 0.015458 
0.092180 	0.200079 	0.150151 	0.072848 	 0.015040 
0.103032 	0.183426 	0.139611 	0.061989 	 0.014639 
0.100970 	0.182098 	0.138695 	0.062263 	 0.014620 
0.106038 	0.184584 	0.140805 	0.059489 	 0.013978 
0.088414 	0.199693 	0.150170 	0.072789 	 0.015171 
0.111238 	0.171825 	0.132344 	0.053326 	 0.013616 
0.091428 	0.198550 	0.149049 	0.076029 	 0.015445 
0.108771 	0.187458 	0.142452 	0.063385 	 0.013537 
0.087995 	0.208081 	0.155356 	0.081393 	 0.015657 
0.097965 	0.191991 	0.145376 	0.066535 	 0.014124 
0.100544 	0.194674 	0.147377 	0.070095 	 0.014499 
0.096002 	0.192879 	0.145723 	0.068657 	 0.014162 
0.106202 	0.187782 	0.142782 	0.064777 	 0.013597 
0.105866 	0.189778 	0.143868 	0.064526 	 0.013625 
0.102668 	0.184652 	0.140771 	0.063778 	 0.013794 
0.108773 	0.189421 	0.144581 	0.063435 	 0.014041 
0.109000 	0.176881 	0.136553 	0.054059 	 0.013799 
0.090326 	0.204569 	0.153333 	0.077987 	 0.014805 
0.103706 	0.195278 	0.147811 	0.072489 	 0.015647 
0.073756 	0.215306 	0.161317 	0.082077 	 0.016348 
0.100729 	0.182479 	0.140041 	0.059485 	 0.014241 
0.104905 	0.181599 	0.139667 	0.058531 	 0.014282 
0.096750 	0.191594 	0.146040 	0.066152 	 0.015262 
0.097299 	0.193740 	0.147722 	0.066377 	 0.015045 
0.075758 	0.219692 	0.164111 	0.086203 	 0.017019 
0.085837 	0.201380 	0.152555 	0.073567 	 0.016346 
0.087952 	0.192521 	0.146869 	0.064486 	 0.015268 
0.094182 	0.197054 	0.150073 	0.067594 	 0.015565 
0.094643 	0.197396 	0.150253 	0.068803 	 0.015245 
0.091012 	0.194223 	0.148147 	0.067015 	 0.014798 
0.084131 	0.198619 	0.151076 	0.068032 	 0.015227 
0.077316 	0.202555 	0.153613 	0.070916 	 0.015665 
0.105332 	0.180668 	0.139047 	0.058415 	 0.013590 
0.100474 	0.185291 	0.142019 	0.061364 	 0.013371 
0.099844 	0.186426 	0.143068 	0.060845 	 0.013813 
0.084164 	0.191498 	0.146535 	0.064218 	 0.015255 
0.100717 	0.184873 	0.142293 	0.061114 	 0.013704 
0.088265 	0.188203 	0.144094 	0.065059 	 0.015553 
0.094272 	0.195297 	0.148436 	0.070519 	 0.014654 
0.082602 	0.197960 	0.151333 	0.069131 	 0.015710 
0.097051 	0.191414 	0.146994 	0.063533 	 0.015165 
0.091523 	0.182287 	0.140806 	0.059626 	 0.014865 
0.084120 	0.196184 	0.149566 	0.069779 	 0.015682 
0.082968 	0.190688 	0.146398 	0.062198 	 0.015021 
0.084518 	0.197351 	0.150736 	0.069793 	 0.016104 
0.090608 	0.194113 	0.148978 	0.067209 	 0.015534 
0.092609 	0.187119 	0.144306 	0.058255 	 0.014628 
0.114189 	0.175689 	0.136965 	0.054832 	 0.013286 
0.089155 	0.202605 	0.154225 	0.070568 	 0.015051 
0.090894 	0.175845 	0.136802 	0.052818 	 0.014153 
0.108615 	0.179694 	0.140014 	0.054579 	 0.014282 
0.098455 	0.177489 	0.138487 	0.053174 	 0.014007 
0.091766 	0.193094 	0.148450 	0.063167 	 0.014741 
0.092587 	0.193540 	0.149110 	0.063479 	 0.015740 
0.104834 	0.181339 	0.140783 	0.058444 	 0.014123 
0.092776 	0.181853 	0.140978 	0.060502 	 0.014907 
0.089350 	0.198838 	0.152676 	0.065713 	 0.015329 
0.102450 	0.179420 	0.139931 	0.056256 	 0.014480 
0.100953 	0.175752 	0.137368 	0.053714 	 0.014051 
0.095503 	0.190779 	0.147046 	0.062516 	 0.014691 
0.088613 	0.198458 	0.152304 	0.068487 	 0.015841 
0.096132 	0.185417 	0.144270 	0.055834 	 0.014820 
0.090557 	0.175886 	0.137231 	0.053330 	 0.014142 
0.111287 	0.173497 	0.136401 	0.050782 	 0.013363 
0.078478 	0.196952 	0.151564 	0.067296 	 0.016169 
0.096653 	0.184449 	0.143381 	0.059151 	 0.013835 
0.093519 	0.183256 	0.142763 	0.057430 	 0.015079 
0.086902 	0.186116 	0.144943 	0.058045 	 0.015643 
0.093817 	0.190186 	0.147929 	0.059771 	 0.015288 
0.104117 	0.170840 	0.134605 	0.052035 	 0.014037 
0.071862 	0.207816 	0.158936 	0.073925 	 0.016230 
