di 	gli 	gal 	gos3 	 gos4 
0.424009 	0.022411 	0.013438 	0.015033 	 -0.002035 
0.418736 	0.035788 	0.022166 	0.028180 	 -0.000529 
0.442671 	0.029645 	0.017027 	0.036331 	 -0.001249 
0.418748 	0.052499 	0.031974 	0.052265 	 0.000759 
0.428771 	0.052249 	0.031966 	0.052203 	 0.000149 
0.421212 	0.059849 	0.037072 	0.057236 	 0.000762 
0.410599 	0.060546 	0.037451 	0.059159 	 0.001271 
0.429619 	0.048597 	0.029642 	0.048870 	 -0.000105 
0.423853 	0.058141 	0.035764 	0.055413 	 0.000256 
0.418291 	0.058823 	0.035868 	0.057192 	 0.000267 
0.421939 	0.047756 	0.028824 	0.049777 	 0.000289 
0.407803 	0.059488 	0.036385 	0.058968 	 0.001458 
0.410926 	0.057259 	0.034683 	0.056508 	 0.000515 
0.415626 	0.049527 	0.029757 	0.053515 	 0.000600 
0.398947 	0.077314 	0.048159 	0.069089 	 0.001680 
0.416200 	0.060639 	0.036846 	0.062607 	 0.001344 
0.407334 	0.062222 	0.038389 	0.058648 	 0.001524 
0.413389 	0.067209 	0.041408 	0.063751 	 0.001032 
0.402368 	0.062397 	0.038287 	0.059691 	 0.001223 
0.405800 	0.060154 	0.037270 	0.057896 	 0.001867 
0.396508 	0.075106 	0.046612 	0.068898 	 0.002724 
0.400570 	0.071498 	0.044934 	0.062865 	 0.001804 
0.410473 	0.058861 	0.036084 	0.056271 	 0.000444 
0.387861 	0.077263 	0.047929 	0.072077 	 0.003325 
0.408329 	0.062456 	0.038050 	0.062378 	 0.001035 
0.393590 	0.077499 	0.048057 	0.070393 	 0.002241 
0.397314 	0.070690 	0.044028 	0.065257 	 0.002465 
0.393161 	0.069067 	0.042594 	0.065767 	 0.002262 
0.400984 	0.060834 	0.037648 	0.058468 	 0.002107 
0.388333 	0.080350 	0.050204 	0.072128 	 0.003152 
0.387131 	0.077573 	0.048342 	0.071672 	 0.002930 
0.386423 	0.077474 	0.047877 	0.074056 	 0.003325 
0.388368 	0.076997 	0.047752 	0.071882 	 0.002910 
0.390209 	0.075812 	0.047105 	0.070697 	 0.002877 
0.393171 	0.072246 	0.044689 	0.067060 	 0.002401 
0.394012 	0.067260 	0.041731 	0.063045 	 0.002352 
0.387211 	0.074620 	0.046070 	0.071112 	 0.002855 
0.384217 	0.075488 	0.046837 	0.071628 	 0.003166 
0.381603 	0.078927 	0.048908 	0.074829 	 0.003453 
0.375011 	0.084622 	0.052692 	0.077124 	 0.004042 
0.377881 	0.078216 	0.048498 	0.070540 	 0.003136 
0.367317 	0.082749 	0.051481 	0.073559 	 0.003719 
0.368352 	0.097340 	0.060686 	0.087745 	 0.004448 
0.383291 	0.078377 	0.048761 	0.072853 	 0.003379 
0.383515 	0.077022 	0.048165 	0.072591 	 0.003954 
0.378541 	0.080326 	0.050051 	0.075530 	 0.003581 
0.360248 	0.099969 	0.062855 	0.087058 	 0.005219 
0.370264 	0.086891 	0.054374 	0.076970 	 0.003727 
0.370995 	0.084473 	0.052971 	0.075479 	 0.003609 
0.363298 	0.098713 	0.062007 	0.084230 	 0.004276 
0.373368 	0.084019 	0.052203 	0.075240 	 0.002986 
0.363522 	0.084457 	0.052830 	0.075261 	 0.003947 
0.361091 	0.090962 	0.057136 	0.080250 	 0.004293 
0.373057 	0.087752 	0.055593 	0.074486 	 0.003820 
0.360594 	0.089685 	0.056290 	0.078218 	 0.004234 
0.349155 	0.099008 	0.062418 	0.085041 	 0.005022 
0.355507 	0.098735 	0.062404 	0.084429 	 0.004960 
0.354586 	0.096040 	0.060479 	0.082585 	 0.004736 
0.342903 	0.106331 	0.066938 	0.090631 	 0.005060 
0.363559 	0.089613 	0.056400 	0.080876 	 0.005044 
0.358754 	0.091509 	0.057946 	0.079921 	 0.004561 
0.344288 	0.109521 	0.069178 	0.093066 	 0.005694 
0.353739 	0.092687 	0.058289 	0.081761 	 0.004356 
0.358188 	0.090617 	0.056821 	0.081249 	 0.004574 
0.348537 	0.097728 	0.061500 	0.085543 	 0.005470 
0.329973 	0.116780 	0.074048 	0.097433 	 0.006856 
0.348334 	0.088712 	0.055559 	0.079001 	 0.004554 
0.342537 	0.100903 	0.063480 	0.088883 	 0.005203 
0.339731 	0.106816 	0.067582 	0.090952 	 0.006134 
0.336516 	0.110377 	0.070015 	0.093650 	 0.006488 
0.356723 	0.097384 	0.061435 	0.085878 	 0.004708 
0.345290 	0.096867 	0.060950 	0.083318 	 0.005085 
0.342857 	0.106359 	0.067255 	0.092636 	 0.005873 
0.336064 	0.114639 	0.072866 	0.096500 	 0.006295 
0.338790 	0.109130 	0.069047 	0.093418 	 0.006067 
0.347189 	0.099486 	0.062868 	0.085227 	 0.005488 
0.336891 	0.109437 	0.069202 	0.092317 	 0.005630 
0.346535 	0.103820 	0.065661 	0.088633 	 0.005274 
0.346019 	0.099787 	0.063328 	0.084519 	 0.005325 
0.327284 	0.113761 	0.072079 	0.094127 	 0.006419 
0.348553 	0.093269 	0.058857 	0.079635 	 0.004225 
0.326792 	0.108007 	0.068486 	0.090018 	 0.006251 
0.335063 	0.101724 	0.064518 	0.086765 	 0.005954 
0.336930 	0.102829 	0.066039 	0.084158 	 0.006056 
0.344642 	0.092499 	0.058380 	0.080412 	 0.004747 
0.344071 	0.098599 	0.062623 	0.084581 	 0.005970 
0.327565 	0.112237 	0.071511 	0.091323 	 0.006240 
0.328132 	0.103113 	0.065546 	0.086244 	 0.006108 
0.326111 	0.109835 	0.069568 	0.093223 	 0.005946 
0.332580 	0.105799 	0.066943 	0.089347 	 0.005589 
0.342015 	0.097407 	0.061905 	0.082937 	 0.005308 
0.330991 	0.104162 	0.066225 	0.087629 	 0.006037 
0.330677 	0.111212 	0.070589 	0.093091 	 0.006541 
0.325630 	0.120742 	0.076898 	0.100878 	 0.007098 
0.328543 	0.104762 	0.066380 	0.090669 	 0.006200 
0.334959 	0.099945 	0.063473 	0.084067 	 0.005708 
0.320234 	0.122542 	0.078185 	0.099998 	 0.007542 
0.335985 	0.105728 	0.067267 	0.090132 	 0.006248 
0.331415 	0.106961 	0.068481 	0.087342 	 0.006140 
0.318755 	0.115822 	0.073837 	0.096345 	 0.007391 
0.329780 	0.109796 	0.070099 	0.090294 	 0.006116 
0.317612 	0.122234 	0.078464 	0.095426 	 0.007003 
0.322284 	0.114712 	0.073243 	0.093912 	 0.006687 
0.322607 	0.110037 	0.070056 	0.090555 	 0.006436 
0.326454 	0.113168 	0.072248 	0.092553 	 0.005835 
0.321845 	0.110239 	0.070511 	0.090399 	 0.006721 
0.322066 	0.107630 	0.068620 	0.088376 	 0.006181 
0.325782 	0.117228 	0.075206 	0.095093 	 0.006874 
0.318417 	0.112424 	0.072106 	0.091979 	 0.006852 
0.317600 	0.118181 	0.076004 	0.094400 	 0.007037 
0.312170 	0.130847 	0.084474 	0.100781 	 0.007756 
0.323217 	0.122584 	0.078621 	0.098649 	 0.006810 
0.314298 	0.126181 	0.081171 	0.102500 	 0.008058 
0.328886 	0.109891 	0.070479 	0.088232 	 0.006039 
0.318966 	0.110319 	0.070580 	0.089362 	 0.006688 
0.307477 	0.127165 	0.081825 	0.097756 	 0.006911 
0.316163 	0.120971 	0.077607 	0.098025 	 0.007598 
0.316196 	0.115941 	0.074633 	0.092660 	 0.007360 
0.321804 	0.113262 	0.072914 	0.091980 	 0.007188 
0.318862 	0.112407 	0.072035 	0.090201 	 0.006099 
0.315228 	0.114402 	0.073510 	0.092742 	 0.007049 
0.320838 	0.118748 	0.076192 	0.096155 	 0.006419 
0.302252 	0.138008 	0.089324 	0.106128 	 0.008477 
0.297602 	0.137358 	0.088541 	0.106610 	 0.008038 
0.285423 	0.149018 	0.095665 	0.116748 	 0.008721 
0.299825 	0.139465 	0.090095 	0.109194 	 0.008515 
0.298437 	0.133609 	0.085806 	0.107511 	 0.007989 
0.316577 	0.119671 	0.077621 	0.091267 	 0.006700 
0.304119 	0.135682 	0.088236 	0.102734 	 0.008360 
0.307425 	0.123182 	0.079451 	0.095442 	 0.006652 
0.297038 	0.136971 	0.088453 	0.107738 	 0.008420 
0.287570 	0.140931 	0.091314 	0.107386 	 0.008947 
0.300662 	0.129691 	0.083675 	0.100998 	 0.007359 
0.303736 	0.133832 	0.086404 	0.105896 	 0.008016 
0.304608 	0.131575 	0.084951 	0.102933 	 0.007850 
0.304926 	0.119394 	0.076655 	0.094805 	 0.006809 
0.287419 	0.135814 	0.088166 	0.103540 	 0.008547 
0.296859 	0.139206 	0.090575 	0.103824 	 0.008363 
0.310445 	0.132394 	0.085772 	0.099092 	 0.006529 
0.297158 	0.133158 	0.086404 	0.102382 	 0.008157 
0.288020 	0.136825 	0.088441 	0.105902 	 0.008831 
0.279637 	0.148063 	0.095422 	0.115155 	 0.008854 
0.292363 	0.129960 	0.084189 	0.100873 	 0.008223 
0.307637 	0.122626 	0.079641 	0.093062 	 0.007069 
0.305233 	0.129838 	0.084408 	0.099503 	 0.007549 
0.296739 	0.140389 	0.091629 	0.104116 	 0.008352 
0.287464 	0.142491 	0.092646 	0.105926 	 0.008198 
0.290249 	0.139481 	0.090723 	0.103562 	 0.008004 
0.282854 	0.139958 	0.090748 	0.106281 	 0.009054 
0.288552 	0.128330 	0.083474 	0.095579 	 0.007811 
0.289922 	0.139693 	0.090566 	0.105228 	 0.008457 
0.293566 	0.129889 	0.084306 	0.097520 	 0.007523 
0.280320 	0.140646 	0.091291 	0.103453 	 0.007776 
0.298116 	0.130969 	0.084978 	0.101512 	 0.007804 
0.290641 	0.131419 	0.085716 	0.097272 	 0.008254 
0.293824 	0.135414 	0.087972 	0.102500 	 0.008348 
0.286671 	0.138195 	0.090209 	0.101955 	 0.008385 
0.275265 	0.148471 	0.096812 	0.108661 	 0.009104 
0.292084 	0.135720 	0.088628 	0.099143 	 0.007721 
0.286200 	0.136320 	0.088881 	0.101091 	 0.007841 
0.291284 	0.135310 	0.088193 	0.100044 	 0.007497 
0.283586 	0.137433 	0.089321 	0.102274 	 0.007817 
0.283871 	0.145402 	0.094647 	0.105916 	 0.007779 
0.280530 	0.148344 	0.096362 	0.111086 	 0.008991 
0.297727 	0.137368 	0.089836 	0.100523 	 0.007695 
0.285717 	0.138963 	0.090779 	0.100118 	 0.007985 
0.276591 	0.150973 	0.098442 	0.110415 	 0.009098 
0.285493 	0.147425 	0.096382 	0.107063 	 0.008223 
0.273990 	0.147170 	0.096179 	0.107794 	 0.008588 
0.276301 	0.151337 	0.099176 	0.109173 	 0.009108 
0.294094 	0.135012 	0.088091 	0.101210 	 0.007848 
0.266962 	0.153791 	0.100485 	0.111075 	 0.009389 
0.277629 	0.150163 	0.098282 	0.109214 	 0.009178 
0.272478 	0.148036 	0.096490 	0.109390 	 0.009150 
0.274918 	0.155266 	0.101724 	0.111372 	 0.009192 
0.269261 	0.159773 	0.104531 	0.114291 	 0.009154 
0.271156 	0.158527 	0.103758 	0.116901 	 0.009823 
0.261218 	0.157052 	0.102519 	0.112959 	 0.009080 
0.279061 	0.146740 	0.095939 	0.106313 	 0.008656 
0.273944 	0.154964 	0.101514 	0.111451 	 0.008996 
0.269927 	0.151555 	0.099623 	0.106995 	 0.008653 
0.260713 	0.158350 	0.104115 	0.111409 	 0.010122 
0.278725 	0.143648 	0.094413 	0.102203 	 0.008808 
0.256572 	0.174570 	0.114395 	0.124844 	 0.010541 
0.251388 	0.170389 	0.111807 	0.121499 	 0.011022 
0.266210 	0.153629 	0.101315 	0.106631 	 0.009674 
0.262382 	0.157685 	0.103525 	0.111830 	 0.009677 
0.264082 	0.151117 	0.099457 	0.108151 	 0.010047 
0.268156 	0.153793 	0.100690 	0.111194 	 0.009647 
0.265388 	0.164153 	0.107730 	0.120221 	 0.010625 
0.253259 	0.171264 	0.112678 	0.117775 	 0.010192 
0.251620 	0.172757 	0.113517 	0.121430 	 0.010712 
0.258913 	0.171066 	0.112243 	0.121899 	 0.010551 
0.255754 	0.174988 	0.115241 	0.121964 	 0.010934 
0.260442 	0.166447 	0.109841 	0.114134 	 0.010176 
0.270467 	0.154829 	0.102092 	0.107648 	 0.008926 
0.258561 	0.159355 	0.105057 	0.110305 	 0.009897 
0.260899 	0.167429 	0.110249 	0.114891 	 0.009417 
0.267208 	0.159897 	0.105627 	0.108852 	 0.009558 
0.266453 	0.162332 	0.107361 	0.111168 	 0.009858 
0.253638 	0.162386 	0.107101 	0.111117 	 0.009697 
0.259296 	0.171972 	0.113174 	0.118238 	 0.009469 
0.261328 	0.170626 	0.112529 	0.116870 	 0.009687 
0.255577 	0.165405 	0.109200 	0.114739 	 0.010247 
0.264517 	0.164663 	0.108913 	0.114757 	 0.009852 
0.267437 	0.158230 	0.104845 	0.108570 	 0.009462 
0.245702 	0.174167 	0.114902 	0.119810 	 0.010624 
0.249647 	0.172521 	0.114113 	0.115950 	 0.010309 
0.256982 	0.165242 	0.109216 	0.113038 	 0.009763 
0.246582 	0.175186 	0.115869 	0.119393 	 0.010552 
0.260740 	0.162396 	0.107609 	0.110138 	 0.009007 
0.254164 	0.171725 	0.113687 	0.116141 	 0.009904 
0.253819 	0.172664 	0.114036 	0.116578 	 0.009549 
0.256088 	0.163711 	0.108511 	0.111647 	 0.010181 
0.252481 	0.167737 	0.111063 	0.114864 	 0.010147 
0.258413 	0.157573 	0.104384 	0.106976 	 0.008959 
0.244915 	0.175550 	0.116150 	0.118676 	 0.010766 
0.256743 	0.164721 	0.109280 	0.110969 	 0.009477 
0.246287 	0.172501 	0.113856 	0.117584 	 0.009654 
0.255645 	0.160811 	0.106809 	0.107864 	 0.009612 
0.248461 	0.177040 	0.117387 	0.119307 	 0.010662 
0.254493 	0.162184 	0.107767 	0.109689 	 0.009946 
0.249804 	0.164502 	0.109269 	0.110575 	 0.010082 
0.253306 	0.163534 	0.108966 	0.109679 	 0.009956 
0.252931 	0.171261 	0.113586 	0.115594 	 0.010159 
0.246642 	0.174240 	0.115753 	0.115203 	 0.010102 
0.245430 	0.171370 	0.113606 	0.116542 	 0.010792 
0.249511 	0.166249 	0.110565 	0.110262 	 0.010035 
0.242946 	0.172689 	0.114843 	0.115842 	 0.010787 
0.238028 	0.174478 	0.115805 	0.117276 	 0.010511 
0.240965 	0.178542 	0.118430 	0.121228 	 0.010766 
0.236888 	0.172337 	0.114738 	0.112755 	 0.010684 
0.240191 	0.179834 	0.119517 	0.118824 	 0.010879 
0.236075 	0.178239 	0.118189 	0.121572 	 0.011409 
0.237889 	0.188293 	0.125029 	0.123127 	 0.010906 
0.229675 	0.177036 	0.117905 	0.115100 	 0.011479 
0.233620 	0.182159 	0.120549 	0.121120 	 0.010872 
0.241353 	0.167071 	0.111407 	0.107301 	 0.010045 
0.245906 	0.172837 	0.115061 	0.113590 	 0.010208 
0.233911 	0.179318 	0.119523 	0.114993 	 0.010814 
0.243127 	0.171171 	0.114309 	0.110846 	 0.010137 
0.243196 	0.171345 	0.114545 	0.109811 	 0.010416 
0.229942 	0.179038 	0.118675 	0.119763 	 0.010618 
0.224233 	0.192905 	0.127815 	0.130688 	 0.012069 
0.229330 	0.181157 	0.120510 	0.119998 	 0.011039 
0.237324 	0.169867 	0.113771 	0.107289 	 0.010405 
0.220449 	0.193631 	0.129123 	0.124987 	 0.012052 
0.233665 	0.173869 	0.116101 	0.111859 	 0.010597 
0.237238 	0.184105 	0.122846 	0.117182 	 0.010430 
0.235648 	0.183497 	0.122278 	0.118937 	 0.010343 
0.233259 	0.184712 	0.123441 	0.119544 	 0.011281 
0.223755 	0.187793 	0.125655 	0.119994 	 0.011876 
0.233225 	0.182821 	0.122021 	0.117444 	 0.010512 
0.232780 	0.192540 	0.128972 	0.122711 	 0.011871 
0.218280 	0.194520 	0.130057 	0.123381 	 0.012251 
0.231936 	0.189296 	0.126763 	0.119565 	 0.010734 
0.210671 	0.205232 	0.136963 	0.132088 	 0.012452 
0.221114 	0.198191 	0.132778 	0.125242 	 0.012456 
0.214295 	0.196665 	0.131504 	0.123590 	 0.011978 
0.230497 	0.187491 	0.125976 	0.117560 	 0.011394 
0.223261 	0.204804 	0.136531 	0.132623 	 0.011863 
0.210388 	0.197231 	0.131634 	0.125851 	 0.011946 
0.221621 	0.199471 	0.133111 	0.127552 	 0.011660 
0.243739 	0.181509 	0.122209 	0.112671 	 0.009889 
0.228098 	0.179685 	0.120550 	0.111072 	 0.010439 
0.219396 	0.196096 	0.131380 	0.123524 	 0.011540 
0.226665 	0.186366 	0.125164 	0.117531 	 0.011499 
0.227015 	0.186496 	0.124447 	0.119233 	 0.010468 
0.220652 	0.195555 	0.131271 	0.124343 	 0.012483 
0.216773 	0.194906 	0.130992 	0.123435 	 0.012527 
0.227609 	0.188958 	0.126793 	0.119331 	 0.011199 
0.219149 	0.193211 	0.129820 	0.122033 	 0.012236 
0.207852 	0.202358 	0.135725 	0.126747 	 0.012531 
0.198102 	0.223744 	0.149577 	0.140382 	 0.013690 
0.214984 	0.202663 	0.135659 	0.129849 	 0.012523 
0.219775 	0.186069 	0.125481 	0.112730 	 0.011251 
0.217346 	0.197201 	0.131969 	0.125828 	 0.011553 
0.219702 	0.197593 	0.133214 	0.120515 	 0.012162 
0.210641 	0.199686 	0.134102 	0.124379 	 0.012311 
0.225831 	0.193181 	0.130225 	0.119027 	 0.011142 
0.231713 	0.184187 	0.124392 	0.112949 	 0.010872 
0.206755 	0.203618 	0.136834 	0.128631 	 0.012611 
0.210807 	0.194832 	0.131530 	0.116786 	 0.011876 
0.214522 	0.202008 	0.135863 	0.126374 	 0.012139 
0.212985 	0.205799 	0.138532 	0.127161 	 0.012171 
0.219666 	0.199692 	0.134289 	0.125032 	 0.012143 
0.218877 	0.205107 	0.137925 	0.127023 	 0.011352 
0.201093 	0.209027 	0.140605 	0.129580 	 0.012470 
0.214447 	0.203799 	0.137170 	0.126716 	 0.012122 
0.209944 	0.205362 	0.138438 	0.125723 	 0.012410 
0.205472 	0.209448 	0.141361 	0.127218 	 0.012554 
0.210564 	0.198772 	0.134424 	0.120164 	 0.012554 
0.205134 	0.206282 	0.138931 	0.126135 	 0.012122 
0.208206 	0.202083 	0.136271 	0.122831 	 0.011850 
0.208720 	0.202144 	0.135899 	0.126070 	 0.011738 
0.213716 	0.204357 	0.138551 	0.121540 	 0.012101 
0.207803 	0.210200 	0.141944 	0.126423 	 0.012284 
0.203631 	0.209856 	0.141912 	0.124721 	 0.012290 
0.197125 	0.219454 	0.148112 	0.131086 	 0.012886 
0.209667 	0.204182 	0.138024 	0.121015 	 0.011930 
0.215587 	0.195927 	0.132766 	0.117205 	 0.011669 
0.198592 	0.208560 	0.140874 	0.126883 	 0.012652 
0.204405 	0.203894 	0.137768 	0.124681 	 0.012631 
0.207228 	0.204745 	0.138344 	0.121985 	 0.011655 
0.204369 	0.206021 	0.139448 	0.123451 	 0.012505 
0.199064 	0.211218 	0.143071 	0.127517 	 0.013292 
0.208222 	0.200360 	0.135671 	0.119616 	 0.011646 
0.208677 	0.206349 	0.139852 	0.122528 	 0.011896 
0.202762 	0.209662 	0.141975 	0.124461 	 0.011860 
0.203924 	0.209014 	0.141896 	0.123181 	 0.012333 
0.215810 	0.192420 	0.131009 	0.111427 	 0.010990 
0.218171 	0.197257 	0.134010 	0.115017 	 0.010950 
0.211228 	0.191002 	0.130046 	0.110636 	 0.011150 
0.200379 	0.205924 	0.139306 	0.124436 	 0.012690 
0.201224 	0.207944 	0.140633 	0.127166 	 0.012481 
0.207769 	0.204982 	0.139208 	0.120557 	 0.011698 
0.205666 	0.197443 	0.134077 	0.116573 	 0.012002 
0.200391 	0.201705 	0.136883 	0.118170 	 0.011728 
0.203719 	0.204510 	0.138812 	0.120392 	 0.011734 
0.203020 	0.203529 	0.138577 	0.118878 	 0.012509 
0.201482 	0.203841 	0.138174 	0.122566 	 0.012665 
0.199359 	0.208247 	0.141033 	0.124301 	 0.012269 
0.204277 	0.205033 	0.139695 	0.117302 	 0.011773 
0.194179 	0.213176 	0.144474 	0.126289 	 0.012301 
0.202060 	0.200076 	0.136071 	0.117346 	 0.012128 
0.192291 	0.203888 	0.138385 	0.119641 	 0.012032 
0.183944 	0.214708 	0.145640 	0.124959 	 0.012204 
0.200217 	0.204539 	0.139116 	0.118513 	 0.012173 
0.195304 	0.206596 	0.140430 	0.121856 	 0.012556 
0.203178 	0.207591 	0.141273 	0.120791 	 0.011868 
0.205930 	0.204717 	0.139903 	0.115450 	 0.011660 
0.197399 	0.213181 	0.145427 	0.120822 	 0.012178 
0.199933 	0.206249 	0.140794 	0.119290 	 0.012058 
0.189777 	0.223472 	0.151585 	0.132496 	 0.012804 
0.197103 	0.204738 	0.139874 	0.116564 	 0.012095 
0.195574 	0.209480 	0.142659 	0.122491 	 0.012751 
0.199293 	0.207925 	0.141608 	0.120565 	 0.011524 
0.207085 	0.198995 	0.136030 	0.112651 	 0.011235 
0.185788 	0.224248 	0.152637 	0.129811 	 0.013188 
0.199451 	0.202004 	0.138338 	0.114774 	 0.011949 
0.184859 	0.215976 	0.147297 	0.123972 	 0.012948 
0.189429 	0.224035 	0.152782 	0.129948 	 0.013224 
0.186635 	0.221459 	0.151216 	0.127014 	 0.013351 
0.199236 	0.204502 	0.140166 	0.112570 	 0.011441 
0.177152 	0.214703 	0.146827 	0.122082 	 0.013716 
0.178899 	0.217325 	0.148202 	0.123647 	 0.013349 
0.194245 	0.211961 	0.144765 	0.119836 	 0.012533 
0.186161 	0.218613 	0.149096 	0.124033 	 0.012828 
0.165294 	0.234224 	0.159087 	0.136728 	 0.014892 
0.181236 	0.216501 	0.147968 	0.121945 	 0.012973 
0.179349 	0.224298 	0.153099 	0.128196 	 0.013499 
0.184798 	0.212438 	0.145351 	0.119932 	 0.012709 
0.171916 	0.229103 	0.156111 	0.132807 	 0.013936 
0.183230 	0.216487 	0.148491 	0.121707 	 0.013597 
0.177953 	0.225375 	0.153762 	0.127937 	 0.013610 
0.182010 	0.219660 	0.150236 	0.123369 	 0.013015 
0.178211 	0.215683 	0.147690 	0.121716 	 0.013096 
0.190816 	0.210548 	0.144737 	0.115785 	 0.012395 
0.178418 	0.217960 	0.149587 	0.121218 	 0.013258 
0.178399 	0.224903 	0.153852 	0.125373 	 0.013651 
0.173932 	0.230246 	0.157380 	0.130389 	 0.013618 
0.171330 	0.231157 	0.157624 	0.131657 	 0.013942 
0.170670 	0.226221 	0.154970 	0.125505 	 0.013810 
0.186328 	0.222332 	0.152604 	0.123093 	 0.012913 
0.175215 	0.228330 	0.156912 	0.124887 	 0.013720 
0.173519 	0.224717 	0.154169 	0.124205 	 0.013549 
0.180458 	0.221938 	0.152388 	0.122355 	 0.012980 
0.194441 	0.209248 	0.144247 	0.114513 	 0.012396 
0.186203 	0.219321 	0.150597 	0.121409 	 0.013105 
0.168597 	0.232977 	0.159927 	0.129688 	 0.014343 
0.184212 	0.218097 	0.150013 	0.119456 	 0.013210 
0.168562 	0.223099 	0.153423 	0.121835 	 0.013623 
0.180504 	0.226458 	0.155611 	0.123417 	 0.012770 
0.184520 	0.217080 	0.149345 	0.117876 	 0.011916 
0.171357 	0.230825 	0.158303 	0.127808 	 0.013478 
0.161479 	0.235213 	0.161537 	0.129547 	 0.014589 
0.176917 	0.234905 	0.161923 	0.126954 	 0.014050 
0.176807 	0.231825 	0.159248 	0.127511 	 0.013246 
0.174047 	0.224496 	0.154569 	0.123823 	 0.014218 
0.178564 	0.222387 	0.152653 	0.123406 	 0.012679 
0.168545 	0.231632 	0.158963 	0.129553 	 0.014107 
0.179585 	0.226960 	0.156379 	0.124689 	 0.013553 
0.171338 	0.228950 	0.157524 	0.126347 	 0.013824 
0.179328 	0.230322 	0.158567 	0.127666 	 0.014130 
0.182186 	0.227543 	0.157204 	0.123061 	 0.013592 
0.175273 	0.231334 	0.159446 	0.125233 	 0.013847 
0.164530 	0.238513 	0.164163 	0.132612 	 0.014922 
0.175607 	0.222406 	0.153827 	0.116619 	 0.013208 
0.169280 	0.232735 	0.160245 	0.126029 	 0.013767 
0.169893 	0.231776 	0.159636 	0.126620 	 0.014012 
0.168593 	0.236266 	0.162784 	0.128612 	 0.014459 
0.184171 	0.218440 	0.151268 	0.116241 	 0.012933 
0.165968 	0.233838 	0.161357 	0.128066 	 0.014979 
0.166881 	0.235893 	0.162708 	0.125986 	 0.013620 
0.171955 	0.233044 	0.160865 	0.123586 	 0.013338 
0.157477 	0.241325 	0.166291 	0.129784 	 0.014438 
0.163744 	0.240721 	0.165827 	0.131278 	 0.015089 
0.171815 	0.235072 	0.162255 	0.127328 	 0.014045 
0.175560 	0.232318 	0.160672 	0.123934 	 0.013527 
0.159697 	0.234132 	0.161679 	0.124255 	 0.014164 
0.179088 	0.238941 	0.165324 	0.126976 	 0.013420 
0.167315 	0.237960 	0.163886 	0.130202 	 0.013646 
0.174511 	0.229581 	0.159015 	0.121410 	 0.013122 
0.165717 	0.227674 	0.157531 	0.121713 	 0.013721 
0.157597 	0.242927 	0.167806 	0.130181 	 0.014692 
0.160270 	0.247352 	0.170371 	0.133826 	 0.014153 
0.172814 	0.227472 	0.157711 	0.119624 	 0.012910 
0.188899 	0.217468 	0.151871 	0.110439 	 0.012429 
0.167877 	0.234712 	0.162674 	0.122781 	 0.013552 
0.166743 	0.242787 	0.167858 	0.128791 	 0.014025 
0.154896 	0.241485 	0.166739 	0.130471 	 0.014371 
0.156398 	0.246521 	0.170386 	0.131278 	 0.014538 
0.167631 	0.236646 	0.164084 	0.123137 	 0.014019 
0.148017 	0.248861 	0.171841 	0.133695 	 0.015146 
0.156282 	0.240675 	0.166555 	0.125757 	 0.014214 
0.166190 	0.237861 	0.164883 	0.124194 	 0.013442 
0.171048 	0.233433 	0.162321 	0.120967 	 0.013478 
0.172683 	0.232213 	0.161474 	0.120571 	 0.013533 
0.162740 	0.245596 	0.170115 	0.131795 	 0.014951 
0.173016 	0.232897 	0.162054 	0.118278 	 0.012885 
0.148277 	0.251238 	0.174021 	0.132000 	 0.015226 
0.154010 	0.250173 	0.173374 	0.130326 	 0.014396 
0.165709 	0.227257 	0.158250 	0.115735 	 0.013284 
0.171029 	0.228405 	0.158503 	0.117835 	 0.012379 
0.159705 	0.232463 	0.161780 	0.120843 	 0.013987 
0.162811 	0.241415 	0.167960 	0.125088 	 0.014087 
0.163905 	0.226559 	0.157931 	0.115413 	 0.013112 
0.158970 	0.235608 	0.163600 	0.123924 	 0.013680 
0.151671 	0.244758 	0.169370 	0.131239 	 0.014402 
0.153396 	0.244177 	0.169591 	0.128254 	 0.014455 
0.155808 	0.238365 	0.165687 	0.125686 	 0.014243 
0.154339 	0.235470 	0.163940 	0.121405 	 0.013844 
0.157832 	0.240806 	0.167109 	0.128405 	 0.014348 
0.161344 	0.239958 	0.167114 	0.121803 	 0.013369 
0.155586 	0.241714 	0.168007 	0.125991 	 0.014398 
0.147968 	0.245451 	0.170447 	0.128640 	 0.014751 
0.165015 	0.228540 	0.159770 	0.116927 	 0.013637 
0.138537 	0.258815 	0.179021 	0.137721 	 0.015485 
0.154588 	0.242975 	0.169194 	0.124846 	 0.014450 
0.139459 	0.261289 	0.180933 	0.138267 	 0.015193 
0.150032 	0.243220 	0.169424 	0.123759 	 0.014215 
0.153121 	0.240709 	0.167594 	0.126085 	 0.014482 
0.159375 	0.240196 	0.167681 	0.121353 	 0.014130 
0.149679 	0.247921 	0.172855 	0.126968 	 0.014290 
0.166706 	0.230014 	0.161089 	0.116519 	 0.013445 
0.159749 	0.241209 	0.168279 	0.124519 	 0.014244 
0.159948 	0.232260 	0.162776 	0.116015 	 0.013449 
0.159028 	0.231914 	0.162927 	0.115128 	 0.013461 
0.151314 	0.251715 	0.175289 	0.128518 	 0.014068 
0.153538 	0.246633 	0.171788 	0.129325 	 0.014436 
0.153507 	0.247055 	0.172651 	0.124329 	 0.013982 
0.149688 	0.248043 	0.173100 	0.126283 	 0.014743 
0.137403 	0.259474 	0.180522 	0.131089 	 0.014794 
0.137098 	0.261304 	0.181183 	0.137682 	 0.015391 
0.149869 	0.249867 	0.174250 	0.128306 	 0.015049 
0.157314 	0.235337 	0.165068 	0.117560 	 0.013862 
0.150276 	0.238756 	0.167121 	0.121039 	 0.014436 
0.154018 	0.244525 	0.170924 	0.123592 	 0.014042 
0.143397 	0.257364 	0.179664 	0.131145 	 0.015305 
0.144209 	0.251020 	0.175236 	0.128475 	 0.015037 
0.150297 	0.249081 	0.174621 	0.123952 	 0.015362 
0.138330 	0.253400 	0.176887 	0.127224 	 0.014852 
0.136180 	0.253599 	0.177317 	0.126993 	 0.015403 
0.162018 	0.234411 	0.164710 	0.112225 	 0.012780 
0.135627 	0.263624 	0.183397 	0.135975 	 0.015113 
0.132526 	0.259259 	0.180533 	0.134649 	 0.015617 
0.137611 	0.256271 	0.179125 	0.128227 	 0.015063 
0.151256 	0.244280 	0.171572 	0.118494 	 0.013933 
0.124888 	0.256747 	0.179555 	0.127535 	 0.015872 
0.141200 	0.254067 	0.177925 	0.123313 	 0.014174 
0.141021 	0.254871 	0.178714 	0.126117 	 0.015466 
0.135631 	0.256061 	0.179362 	0.127601 	 0.015128 
0.139238 	0.261027 	0.182656 	0.129286 	 0.015091 
0.134115 	0.250368 	0.175971 	0.123178 	 0.015545 
0.149086 	0.254673 	0.178765 	0.126197 	 0.014976 
0.137970 	0.257410 	0.180329 	0.128739 	 0.015965 
0.148450 	0.244114 	0.171749 	0.119906 	 0.014413 
0.150419 	0.242375 	0.170657 	0.118152 	 0.014178 
0.144924 	0.246329 	0.173546 	0.118442 	 0.014488 
0.132301 	0.264990 	0.185190 	0.133726 	 0.015529 
0.131546 	0.265775 	0.186142 	0.131094 	 0.015331 
0.133613 	0.262616 	0.183990 	0.130535 	 0.015937 
0.135915 	0.268377 	0.187603 	0.136502 	 0.015684 
0.145666 	0.254985 	0.179278 	0.125306 	 0.015085 
0.136598 	0.257704 	0.181267 	0.124174 	 0.014820 
0.127402 	0.261919 	0.183796 	0.129393 	 0.015677 
0.136024 	0.262185 	0.184063 	0.130738 	 0.015644 
0.125043 	0.268482 	0.188327 	0.134261 	 0.016725 
0.141253 	0.259099 	0.182136 	0.128423 	 0.015694 
0.127649 	0.267497 	0.187302 	0.134888 	 0.016477 
0.144303 	0.252505 	0.178006 	0.121406 	 0.014972 
0.141173 	0.262545 	0.184189 	0.132823 	 0.015428 
0.135241 	0.269368 	0.188875 	0.136140 	 0.016203 
0.135579 	0.263176 	0.185118 	0.127838 	 0.015649 
0.121392 	0.274171 	0.192109 	0.137840 	 0.016676 
0.144589 	0.250986 	0.177543 	0.119245 	 0.015027 
0.148983 	0.250628 	0.177406 	0.117049 	 0.014586 
0.141116 	0.257603 	0.181608 	0.125384 	 0.015458 
0.129303 	0.270548 	0.189975 	0.135428 	 0.016088 
0.128332 	0.276513 	0.193949 	0.138234 	 0.016607 
0.133492 	0.260735 	0.184013 	0.125805 	 0.015931 
0.108613 	0.284458 	0.198879 	0.145371 	 0.017558 
0.145582 	0.258328 	0.182117 	0.124986 	 0.014198 
0.141621 	0.254390 	0.179973 	0.120485 	 0.014444 
0.154583 	0.234058 	0.167083 	0.105625 	 0.013919 
0.132765 	0.261505 	0.184601 	0.126425 	 0.015544 
0.121397 	0.274399 	0.193229 	0.132141 	 0.015939 
0.134625 	0.269565 	0.189725 	0.131702 	 0.014996 
0.128730 	0.264923 	0.187162 	0.126029 	 0.015655 
0.140370 	0.265191 	0.187315 	0.128158 	 0.015598 
0.122801 	0.269270 	0.190141 	0.128024 	 0.015796 
0.129844 	0.267093 	0.188874 	0.127349 	 0.016097 
0.125893 	0.269096 	0.190087 	0.130956 	 0.016669 
0.127544 	0.266424 	0.188649 	0.125801 	 0.015789 
0.133473 	0.268149 	0.189599 	0.128709 	 0.016108 
0.129367 	0.271733 	0.192060 	0.129453 	 0.015940 
0.141693 	0.258496 	0.183114 	0.123012 	 0.015118 
0.133391 	0.266488 	0.188654 	0.124966 	 0.015488 
0.129829 	0.261406 	0.185456 	0.120728 	 0.015005 
0.128452 	0.270552 	0.191542 	0.129391 	 0.016126 
0.119210 	0.273051 	0.192740 	0.130867 	 0.016423 
0.129714 	0.262740 	0.186394 	0.122228 	 0.015301 
0.129461 	0.262983 	0.186812 	0.122928 	 0.015837 
0.115520 	0.278846 	0.197184 	0.134477 	 0.017304 
0.127889 	0.274897 	0.194785 	0.128649 	 0.016057 
0.129701 	0.271957 	0.192447 	0.128439 	 0.015644 
0.132584 	0.258663 	0.183874 	0.119839 	 0.014945 
0.127382 	0.275580 	0.194758 	0.134026 	 0.016102 
0.145816 	0.252893 	0.180062 	0.115828 	 0.014456 
0.123473 	0.275343 	0.194752 	0.134503 	 0.017079 
0.126130 	0.271726 	0.192336 	0.128192 	 0.015824 
0.112391 	0.288008 	0.203305 	0.137991 	 0.016923 
0.130939 	0.276910 	0.196221 	0.132972 	 0.016870 
0.132624 	0.261734 	0.186315 	0.120616 	 0.015740 
0.123381 	0.274587 	0.194405 	0.131777 	 0.016341 
0.138536 	0.265867 	0.189206 	0.122646 	 0.015306 
0.121769 	0.275660 	0.195482 	0.129164 	 0.016296 
0.123454 	0.273451 	0.193999 	0.128964 	 0.016158 
0.139648 	0.257880 	0.184014 	0.118564 	 0.015184 
0.122299 	0.273406 	0.194161 	0.129656 	 0.016605 
0.130255 	0.264765 	0.188633 	0.121862 	 0.015604 
0.122017 	0.272052 	0.193158 	0.128660 	 0.016227 
0.130298 	0.266565 	0.190148 	0.121968 	 0.016065 
0.122843 	0.272385 	0.193674 	0.128097 	 0.016221 
0.129460 	0.265208 	0.189486 	0.120570 	 0.015983 
0.136252 	0.255340 	0.182383 	0.115818 	 0.015072 
0.140201 	0.258675 	0.184915 	0.119392 	 0.015304 
0.129808 	0.280110 	0.199182 	0.131205 	 0.016587 
0.129009 	0.263090 	0.188213 	0.117860 	 0.015799 
0.115231 	0.279659 	0.198650 	0.133542 	 0.017117 
0.124451 	0.268056 	0.191251 	0.123498 	 0.016120 
0.118504 	0.277106 	0.196914 	0.132505 	 0.017047 
0.121790 	0.271947 	0.193347 	0.129707 	 0.016499 
0.122870 	0.277016 	0.197691 	0.126828 	 0.016984 
0.118035 	0.284881 	0.202727 	0.132260 	 0.017157 
0.121436 	0.277182 	0.197373 	0.127614 	 0.016348 
0.131027 	0.271740 	0.193695 	0.125915 	 0.015757 
0.113129 	0.285618 	0.203271 	0.134646 	 0.017719 
0.103653 	0.287766 	0.204128 	0.136328 	 0.017592 
0.128370 	0.266784 	0.190759 	0.121878 	 0.015967 
0.114820 	0.283396 	0.201813 	0.131715 	 0.016786 
0.124688 	0.275692 	0.196852 	0.126575 	 0.015616 
0.119459 	0.286417 	0.203619 	0.134496 	 0.016856 
0.119584 	0.281282 	0.200739 	0.129070 	 0.017011 
0.117817 	0.274603 	0.195860 	0.126988 	 0.016193 
0.125544 	0.275856 	0.197131 	0.125900 	 0.016277 
0.114312 	0.282551 	0.201192 	0.133228 	 0.017474 
0.128536 	0.270398 	0.193808 	0.122467 	 0.016357 
0.106558 	0.277543 	0.198507 	0.126390 	 0.017304 
0.119131 	0.279379 	0.199561 	0.129498 	 0.017208 
0.115892 	0.270637 	0.194299 	0.121588 	 0.016834 
0.112114 	0.274585 	0.195981 	0.126690 	 0.016282 
0.113152 	0.264868 	0.190326 	0.115739 	 0.016138 
0.120027 	0.271516 	0.194102 	0.126402 	 0.016231 
0.131452 	0.257036 	0.185378 	0.113968 	 0.015911 
0.112410 	0.262297 	0.187832 	0.118566 	 0.015807 
0.121503 	0.271531 	0.194457 	0.121089 	 0.015888 
0.127622 	0.256778 	0.184588 	0.115955 	 0.015219 
0.114811 	0.275443 	0.197567 	0.125652 	 0.017354 
0.130396 	0.261859 	0.188467 	0.115658 	 0.015288 
0.115569 	0.277909 	0.199181 	0.126505 	 0.016994 
0.125257 	0.264059 	0.189923 	0.118272 	 0.016066 
0.124710 	0.265346 	0.190865 	0.117684 	 0.015702 
0.109423 	0.276927 	0.198870 	0.122840 	 0.016938 
0.115473 	0.269133 	0.193187 	0.122122 	 0.016443 
0.131903 	0.257377 	0.186128 	0.111344 	 0.015849 
0.122206 	0.264802 	0.190638 	0.117212 	 0.015696 
0.129556 	0.268051 	0.193136 	0.118938 	 0.016042 
0.125100 	0.254175 	0.184572 	0.106497 	 0.015870 
0.134729 	0.259865 	0.187554 	0.113361 	 0.015156 
0.115541 	0.279384 	0.200220 	0.130059 	 0.017065 
0.111906 	0.289829 	0.207466 	0.134472 	 0.017558 
0.118521 	0.274636 	0.197425 	0.124506 	 0.016875 
0.132429 	0.269821 	0.194791 	0.120789 	 0.016134 
0.118791 	0.276445 	0.198441 	0.126870 	 0.016854 
0.114254 	0.274557 	0.197614 	0.123200 	 0.017162 
0.108442 	0.276307 	0.199099 	0.123107 	 0.017888 
0.110511 	0.284532 	0.203947 	0.130593 	 0.017978 
0.111264 	0.275247 	0.198283 	0.119781 	 0.016706 
0.119327 	0.267888 	0.194343 	0.113774 	 0.016423 
0.440290 	-0.000553 	0.001022 	-0.003069 	 0.000011 
0.440994 	0.007184 	0.005964 	0.004924 	 0.001180 
0.450397 	0.012051 	0.008826 	0.013838 	 0.001206 
0.449172 	0.010028 	0.007518 	0.013760 	 0.001749 
0.441333 	0.028483 	0.019096 	0.028429 	 0.002106 
0.446663 	0.022065 	0.015461 	0.021732 	 0.002066 
0.426707 	0.036446 	0.024591 	0.032796 	 0.003161 
0.437767 	0.025473 	0.017389 	0.027011 	 0.002589 
0.432469 	0.035136 	0.023903 	0.030613 	 0.003177 
0.428716 	0.026291 	0.017494 	0.029596 	 0.003115 
0.421997 	0.032590 	0.022373 	0.029266 	 0.004049 
0.424336 	0.034877 	0.023249 	0.035253 	 0.003589 
0.439352 	0.028517 	0.019572 	0.025862 	 0.002042 
0.450584 	0.010189 	0.007364 	0.016322 	 0.002294 
0.432464 	0.036559 	0.024800 	0.030700 	 0.002815 
0.415685 	0.048697 	0.031859 	0.044255 	 0.004167 
0.407544 	0.049788 	0.033249 	0.041801 	 0.004332 
0.420257 	0.036030 	0.024152 	0.032402 	 0.003443 
0.402891 	0.049795 	0.032736 	0.043961 	 0.004633 
0.411292 	0.043218 	0.029098 	0.037370 	 0.004913 
0.397253 	0.056831 	0.036927 	0.049294 	 0.005085 
0.394881 	0.055260 	0.036215 	0.049885 	 0.005526 
0.406882 	0.052315 	0.034789 	0.043553 	 0.005319 
0.393400 	0.055063 	0.035994 	0.047333 	 0.005593 
0.388322 	0.057152 	0.037558 	0.050732 	 0.006041 
0.395345 	0.057606 	0.038319 	0.047387 	 0.005704 
0.397691 	0.054145 	0.035769 	0.046483 	 0.005452 
0.388852 	0.048415 	0.032103 	0.043578 	 0.005628 
0.401406 	0.048397 	0.032440 	0.040632 	 0.005123 
0.379625 	0.069802 	0.045791 	0.058640 	 0.007380 
0.392757 	0.056136 	0.037032 	0.049354 	 0.005972 
0.386731 	0.060094 	0.039051 	0.054235 	 0.005979 
0.383720 	0.060629 	0.040340 	0.049506 	 0.007023 
0.396612 	0.054274 	0.035999 	0.045459 	 0.005450 
0.379817 	0.064067 	0.042383 	0.053342 	 0.007111 
0.381969 	0.061745 	0.040896 	0.050089 	 0.006039 
0.384756 	0.057923 	0.038204 	0.049643 	 0.006438 
0.385399 	0.055928 	0.036619 	0.050844 	 0.006352 
0.389002 	0.051469 	0.033858 	0.047372 	 0.006201 
0.371782 	0.064494 	0.042398 	0.054423 	 0.007216 
0.365962 	0.076030 	0.050230 	0.061698 	 0.007756 
0.366703 	0.070882 	0.046324 	0.060547 	 0.006975 
0.376843 	0.062593 	0.041045 	0.051733 	 0.006013 
0.372432 	0.072673 	0.048083 	0.058094 	 0.006877 
0.372087 	0.059639 	0.039372 	0.049738 	 0.006700 
0.376415 	0.063039 	0.042012 	0.052768 	 0.007351 
0.363399 	0.070248 	0.045726 	0.059958 	 0.006926 
0.375937 	0.061341 	0.040739 	0.052710 	 0.007071 
0.369772 	0.064552 	0.042654 	0.053389 	 0.007099 
0.357825 	0.072072 	0.047273 	0.060672 	 0.008076 
0.373332 	0.068208 	0.045099 	0.057171 	 0.006735 
0.370107 	0.060159 	0.039916 	0.048152 	 0.006480 
0.372722 	0.068344 	0.044975 	0.056715 	 0.007078 
0.376193 	0.062715 	0.041328 	0.053737 	 0.006495 
0.357652 	0.079666 	0.052514 	0.065793 	 0.008916 
0.364308 	0.071567 	0.047183 	0.060746 	 0.008004 
0.361427 	0.067520 	0.044453 	0.058776 	 0.007173 
0.348655 	0.084504 	0.055338 	0.068937 	 0.008002 
0.355369 	0.076290 	0.049963 	0.064363 	 0.008023 
0.351600 	0.078401 	0.052311 	0.061279 	 0.008554 
0.361270 	0.066168 	0.043921 	0.056026 	 0.007734 
0.362776 	0.061669 	0.041354 	0.049553 	 0.007479 
0.349931 	0.068812 	0.045759 	0.055712 	 0.008011 
0.344951 	0.074441 	0.049211 	0.060842 	 0.008775 
0.365506 	0.063342 	0.041874 	0.053321 	 0.006904 
0.350495 	0.074361 	0.048944 	0.061824 	 0.007891 
0.347871 	0.076569 	0.050702 	0.061777 	 0.008135 
0.359504 	0.073173 	0.048708 	0.060125 	 0.008668 
0.341946 	0.081616 	0.053412 	0.067806 	 0.008769 
0.335817 	0.083408 	0.054642 	0.069317 	 0.009447 
0.335726 	0.078214 	0.051339 	0.064325 	 0.008552 
0.337988 	0.086092 	0.056936 	0.067550 	 0.009132 
0.337628 	0.080463 	0.053241 	0.065133 	 0.008905 
0.341336 	0.083907 	0.055425 	0.068892 	 0.009588 
0.334214 	0.078332 	0.051739 	0.063769 	 0.008912 
0.346500 	0.066961 	0.044364 	0.056085 	 0.007703 
0.335007 	0.092013 	0.061026 	0.071292 	 0.009493 
0.333815 	0.091134 	0.060168 	0.069664 	 0.008384 
0.333976 	0.090016 	0.059375 	0.072075 	 0.009526 
0.346357 	0.075848 	0.050532 	0.060036 	 0.008179 
0.325391 	0.092442 	0.060703 	0.073364 	 0.009233 
0.330624 	0.086268 	0.057365 	0.066876 	 0.009187 
0.325921 	0.088213 	0.057878 	0.072103 	 0.009485 
0.339062 	0.084172 	0.056001 	0.064651 	 0.008340 
0.322846 	0.097881 	0.064578 	0.076825 	 0.009870 
0.323357 	0.090599 	0.059928 	0.070433 	 0.009446 
0.332691 	0.085308 	0.056733 	0.065558 	 0.008930 
0.334887 	0.075913 	0.050198 	0.060238 	 0.008333 
0.321095 	0.089207 	0.059174 	0.066765 	 0.009046 
0.325818 	0.091790 	0.060942 	0.069750 	 0.009419 
0.333293 	0.087104 	0.057578 	0.070363 	 0.009367 
0.319110 	0.094954 	0.062791 	0.072550 	 0.009543 
0.316269 	0.095557 	0.063055 	0.073235 	 0.009903 
0.325683 	0.086614 	0.057536 	0.067210 	 0.009231 
0.323566 	0.087987 	0.058378 	0.068513 	 0.009349 
0.316590 	0.098129 	0.065134 	0.074018 	 0.009705 
0.330063 	0.085868 	0.057298 	0.066378 	 0.009546 
0.315875 	0.090741 	0.060046 	0.071078 	 0.010014 
0.327330 	0.086349 	0.057478 	0.065728 	 0.008987 
0.325999 	0.092749 	0.061886 	0.070171 	 0.009101 
0.315682 	0.095000 	0.063110 	0.073942 	 0.009754 
0.321154 	0.091830 	0.060954 	0.070446 	 0.009122 
0.320205 	0.089002 	0.059546 	0.066268 	 0.009236 
0.318959 	0.084265 	0.056242 	0.064552 	 0.009402 
0.326311 	0.083342 	0.055603 	0.064424 	 0.008823 
0.304194 	0.097774 	0.064769 	0.075056 	 0.010232 
0.308200 	0.105505 	0.070394 	0.077657 	 0.010754 
0.302421 	0.106647 	0.070534 	0.080631 	 0.010707 
0.313450 	0.098134 	0.064867 	0.076078 	 0.010020 
0.310600 	0.090500 	0.059679 	0.070659 	 0.009380 
0.321213 	0.089537 	0.059579 	0.067774 	 0.008978 
0.291907 	0.106207 	0.070458 	0.079243 	 0.010892 
0.309027 	0.094688 	0.063473 	0.068767 	 0.010167 
0.307046 	0.102816 	0.068450 	0.075542 	 0.010163 
0.296850 	0.111223 	0.073768 	0.083571 	 0.011479 
0.312143 	0.100946 	0.067323 	0.076579 	 0.010042 
0.309909 	0.099090 	0.066282 	0.073743 	 0.010668 
0.317115 	0.095240 	0.063728 	0.070168 	 0.009943 
0.311032 	0.094171 	0.063380 	0.068319 	 0.010373 
0.310424 	0.098103 	0.065342 	0.074566 	 0.010653 
0.302849 	0.097756 	0.065277 	0.073098 	 0.010551 
0.300701 	0.098527 	0.065481 	0.074335 	 0.010476 
0.288068 	0.114750 	0.075944 	0.086857 	 0.011862 
0.307959 	0.103511 	0.068842 	0.076838 	 0.010204 
0.306781 	0.105069 	0.070257 	0.076464 	 0.010412 
0.282154 	0.115702 	0.076594 	0.085760 	 0.011767 
0.291397 	0.115261 	0.076518 	0.087383 	 0.011960 
0.293545 	0.106316 	0.070580 	0.079931 	 0.011070 
0.289862 	0.105620 	0.070638 	0.076801 	 0.010669 
0.289532 	0.117908 	0.078552 	0.084690 	 0.011426 
0.299115 	0.101051 	0.067173 	0.076928 	 0.010283 
0.287263 	0.113259 	0.075545 	0.081768 	 0.011301 
0.283456 	0.111516 	0.074285 	0.081480 	 0.011390 
0.299658 	0.100232 	0.067222 	0.074334 	 0.010947 
0.288126 	0.116791 	0.077710 	0.085996 	 0.012173 
0.285373 	0.111425 	0.074204 	0.081417 	 0.011315 
0.282950 	0.114214 	0.075839 	0.085940 	 0.012296 
0.288957 	0.105121 	0.070366 	0.077825 	 0.011581 
0.293280 	0.105866 	0.070658 	0.076155 	 0.010403 
0.282604 	0.109775 	0.073315 	0.078613 	 0.010995 
0.293976 	0.106370 	0.071153 	0.076878 	 0.010992 
0.301348 	0.101557 	0.068271 	0.073159 	 0.010365 
0.269981 	0.121695 	0.081071 	0.088565 	 0.012764 
0.282254 	0.104862 	0.070114 	0.076249 	 0.011193 
0.264849 	0.125823 	0.083913 	0.089512 	 0.013131 
0.272235 	0.120714 	0.080698 	0.084789 	 0.012686 
0.268479 	0.122347 	0.081603 	0.086501 	 0.011889 
0.288266 	0.114180 	0.076451 	0.081610 	 0.011633 
0.292868 	0.104272 	0.070166 	0.072951 	 0.010428 
0.283461 	0.107807 	0.072401 	0.077451 	 0.011880 
0.281734 	0.108178 	0.072345 	0.078204 	 0.011832 
0.282457 	0.110249 	0.073885 	0.078729 	 0.011782 
0.276024 	0.124283 	0.083135 	0.089567 	 0.012758 
0.287361 	0.116649 	0.078479 	0.080265 	 0.011766 
0.269311 	0.116949 	0.078213 	0.083455 	 0.012511 
0.280130 	0.115033 	0.076708 	0.084958 	 0.011621 
0.278019 	0.112278 	0.074986 	0.080813 	 0.011396 
0.279510 	0.112463 	0.075241 	0.081521 	 0.011750 
0.282584 	0.112803 	0.076152 	0.078136 	 0.012063 
0.271743 	0.119721 	0.080015 	0.086820 	 0.012032 
0.282327 	0.114673 	0.077495 	0.078082 	 0.011581 
0.284152 	0.105478 	0.071146 	0.074248 	 0.010991 
0.278624 	0.109243 	0.073249 	0.079081 	 0.011639 
0.279375 	0.112271 	0.075389 	0.081146 	 0.012102 
0.284258 	0.102368 	0.069017 	0.071255 	 0.010876 
0.279935 	0.103216 	0.069063 	0.076642 	 0.011391 
0.265721 	0.120282 	0.080734 	0.084753 	 0.012354 
0.279379 	0.110511 	0.074534 	0.075968 	 0.011692 
0.286416 	0.103148 	0.069830 	0.070450 	 0.010651 
0.278240 	0.113377 	0.076501 	0.075937 	 0.011123 
0.284010 	0.108471 	0.073260 	0.074508 	 0.011174 
0.286212 	0.105069 	0.070840 	0.074318 	 0.011138 
0.279197 	0.113880 	0.076933 	0.078870 	 0.011556 
0.277722 	0.110752 	0.074708 	0.077571 	 0.011674 
0.273691 	0.107422 	0.072823 	0.073004 	 0.011908 
0.265099 	0.117620 	0.079178 	0.080367 	 0.012112 
0.266834 	0.122359 	0.082166 	0.083699 	 0.011876 
0.264419 	0.128926 	0.086482 	0.088887 	 0.012347 
0.280747 	0.112614 	0.075884 	0.077718 	 0.011394 
0.260509 	0.131062 	0.087880 	0.091143 	 0.012990 
0.269433 	0.109694 	0.074106 	0.074266 	 0.011392 
0.267047 	0.125747 	0.084463 	0.087827 	 0.012565 
0.274561 	0.118762 	0.079801 	0.082832 	 0.011487 
0.265001 	0.121963 	0.082009 	0.083006 	 0.011766 
0.268075 	0.115187 	0.077865 	0.077622 	 0.011474 
0.271207 	0.119976 	0.081287 	0.079568 	 0.011773 
0.267483 	0.120225 	0.081317 	0.080820 	 0.012042 
0.270895 	0.115629 	0.078503 	0.076086 	 0.011836 
0.254501 	0.134427 	0.090215 	0.091927 	 0.013029 
0.272861 	0.111708 	0.075191 	0.078443 	 0.011092 
0.248291 	0.137160 	0.092162 	0.091887 	 0.012821 
0.263758 	0.123287 	0.083082 	0.084346 	 0.011941 
0.259922 	0.128254 	0.086646 	0.085488 	 0.012085 
0.250245 	0.134469 	0.090660 	0.092159 	 0.013465 
0.262658 	0.125878 	0.085075 	0.084989 	 0.012080 
0.258007 	0.120173 	0.080971 	0.083230 	 0.012502 
0.255592 	0.119972 	0.081329 	0.081027 	 0.012590 
0.257797 	0.118323 	0.080273 	0.079494 	 0.012131 
0.251369 	0.126461 	0.085407 	0.084478 	 0.012541 
0.256610 	0.121106 	0.081905 	0.080283 	 0.011896 
0.254797 	0.126186 	0.085214 	0.088572 	 0.013239 
0.258871 	0.122965 	0.083401 	0.080449 	 0.011722 
0.250225 	0.129136 	0.087553 	0.086064 	 0.012989 
0.244335 	0.135540 	0.090982 	0.095024 	 0.013290 
0.250320 	0.134195 	0.091241 	0.084789 	 0.012464 
0.250466 	0.128340 	0.086770 	0.083951 	 0.012304 
0.240489 	0.134542 	0.091140 	0.088395 	 0.013790 
0.243009 	0.132552 	0.089468 	0.088760 	 0.012816 
0.227377 	0.145218 	0.097637 	0.097507 	 0.013813 
0.239767 	0.132505 	0.089834 	0.086205 	 0.012745 
0.236540 	0.139063 	0.094303 	0.090826 	 0.013787 
0.239064 	0.139390 	0.094426 	0.091849 	 0.013165 
0.242723 	0.131728 	0.089185 	0.088339 	 0.013120 
0.234106 	0.143291 	0.096698 	0.097695 	 0.014224 
0.243318 	0.127251 	0.086495 	0.082417 	 0.012938 
0.244086 	0.129271 	0.087873 	0.084120 	 0.013296 
0.234127 	0.134562 	0.091210 	0.087388 	 0.013153 
0.228445 	0.133322 	0.090153 	0.086199 	 0.013005 
0.243357 	0.125163 	0.085570 	0.079195 	 0.012645 
0.242424 	0.138070 	0.093748 	0.087921 	 0.012830 
0.235849 	0.133800 	0.091424 	0.084987 	 0.013324 
0.228891 	0.132424 	0.089725 	0.087036 	 0.013312 
0.233055 	0.141374 	0.095581 	0.092327 	 0.013031 
0.237461 	0.135903 	0.092571 	0.086265 	 0.013093 
0.219461 	0.146475 	0.099018 	0.095305 	 0.014246 
0.232779 	0.128022 	0.087372 	0.081922 	 0.013014 
0.213070 	0.146974 	0.099820 	0.092915 	 0.014359 
0.216125 	0.144558 	0.097862 	0.093311 	 0.013817 
0.219994 	0.148147 	0.100520 	0.094953 	 0.013880 
0.225061 	0.140674 	0.095704 	0.088924 	 0.013407 
0.219802 	0.143858 	0.097666 	0.091733 	 0.013333 
0.217077 	0.151521 	0.102714 	0.098281 	 0.014448 
0.217425 	0.152545 	0.103368 	0.099912 	 0.014877 
0.216467 	0.154801 	0.104789 	0.101674 	 0.014518 
0.209570 	0.152695 	0.103363 	0.098805 	 0.014823 
0.210175 	0.146334 	0.099593 	0.092975 	 0.014758 
0.218539 	0.141584 	0.095693 	0.094417 	 0.013758 
0.209111 	0.148484 	0.101056 	0.094799 	 0.014483 
0.208382 	0.149438 	0.101593 	0.095554 	 0.014729 
0.215003 	0.146494 	0.099697 	0.092734 	 0.014316 
0.210345 	0.149977 	0.102328 	0.093912 	 0.014184 
0.215522 	0.144377 	0.098828 	0.089641 	 0.014171 
0.191032 	0.157805 	0.107313 	0.097914 	 0.015403 
0.194753 	0.153597 	0.104388 	0.096730 	 0.015065 
0.199007 	0.160950 	0.109045 	0.103577 	 0.015706 
0.214959 	0.140897 	0.096402 	0.087169 	 0.013734 
0.212243 	0.149712 	0.102098 	0.092334 	 0.013783 
0.189347 	0.164998 	0.111293 	0.107847 	 0.015051 
0.190637 	0.160267 	0.109132 	0.099756 	 0.015702 
0.197905 	0.157748 	0.107268 	0.098213 	 0.014069 
0.191749 	0.162238 	0.109901 	0.102703 	 0.015128 
0.214550 	0.146191 	0.100103 	0.092585 	 0.014648 
0.197156 	0.155761 	0.106363 	0.095297 	 0.014702 
0.202695 	0.146107 	0.100083 	0.089242 	 0.013976 
0.200581 	0.156078 	0.106611 	0.096222 	 0.014997 
0.190120 	0.162177 	0.110000 	0.101534 	 0.014711 
0.190013 	0.164510 	0.112330 	0.101956 	 0.015139 
0.188285 	0.153701 	0.104824 	0.095977 	 0.015257 
0.195047 	0.161512 	0.110452 	0.097664 	 0.014966 
0.209535 	0.149936 	0.103081 	0.089222 	 0.013827 
0.182576 	0.174642 	0.118320 	0.109506 	 0.016041 
0.182108 	0.164924 	0.112542 	0.099695 	 0.015774 
0.182800 	0.164362 	0.111652 	0.104547 	 0.015718 
0.179375 	0.172940 	0.118213 	0.105471 	 0.016478 
0.183687 	0.167956 	0.114109 	0.106126 	 0.015743 
0.183442 	0.158839 	0.108393 	0.098455 	 0.015419 
0.185062 	0.167167 	0.113736 	0.103005 	 0.015481 
0.186394 	0.162594 	0.110485 	0.100894 	 0.014697 
0.176985 	0.169905 	0.115715 	0.105293 	 0.016561 
0.180263 	0.163967 	0.111897 	0.097993 	 0.014907 
0.185175 	0.160487 	0.109503 	0.095873 	 0.014803 
0.187970 	0.166078 	0.113291 	0.101984 	 0.015333 
0.189080 	0.154662 	0.105890 	0.093015 	 0.015115 
0.197547 	0.149841 	0.102890 	0.090150 	 0.013981 
0.168549 	0.168537 	0.114801 	0.103040 	 0.015876 
0.184830 	0.156281 	0.107385 	0.093990 	 0.015406 
0.172394 	0.171910 	0.116812 	0.107658 	 0.016052 
0.178411 	0.173860 	0.118657 	0.106814 	 0.016296 
0.185380 	0.158360 	0.108385 	0.095549 	 0.015096 
0.189858 	0.167541 	0.114737 	0.100223 	 0.015162 
0.181200 	0.167019 	0.114378 	0.101251 	 0.015774 
0.178660 	0.166543 	0.113492 	0.101747 	 0.014862 
0.184014 	0.168429 	0.115166 	0.101945 	 0.015508 
0.168996 	0.175107 	0.119756 	0.104697 	 0.016259 
0.170605 	0.184048 	0.125201 	0.113525 	 0.016483 
0.180756 	0.161084 	0.110344 	0.096846 	 0.015310 
0.187263 	0.159904 	0.109948 	0.093778 	 0.014347 
0.168656 	0.175846 	0.120152 	0.105975 	 0.016540 
0.180481 	0.164978 	0.113007 	0.099489 	 0.015372 
0.176576 	0.172354 	0.118242 	0.103681 	 0.016324 
0.175963 	0.162771 	0.111562 	0.096906 	 0.015636 
0.180578 	0.149960 	0.103081 	0.090065 	 0.014581 
0.156003 	0.185079 	0.126026 	0.114375 	 0.017965 
0.185299 	0.163677 	0.112635 	0.098440 	 0.015165 
0.173785 	0.166429 	0.114337 	0.098125 	 0.015968 
0.160110 	0.186662 	0.127156 	0.114840 	 0.016808 
0.178463 	0.160717 	0.110834 	0.092663 	 0.015053 
0.166820 	0.180595 	0.123559 	0.110739 	 0.016570 
0.181932 	0.169262 	0.115855 	0.102625 	 0.015608 
0.173910 	0.174909 	0.120112 	0.103139 	 0.015838 
0.184291 	0.159802 	0.110283 	0.092828 	 0.014757 
0.177356 	0.167943 	0.115619 	0.100804 	 0.016284 
0.170597 	0.175959 	0.120963 	0.103713 	 0.016157 
0.185112 	0.168441 	0.115921 	0.099838 	 0.015200 
0.169648 	0.177932 	0.121825 	0.105795 	 0.015786 
0.196339 	0.150728 	0.104729 	0.087541 	 0.014364 
0.182374 	0.168926 	0.116439 	0.099002 	 0.015376 
0.183352 	0.166414 	0.115127 	0.096944 	 0.015413 
0.163413 	0.183372 	0.125650 	0.109907 	 0.016597 
0.180264 	0.169991 	0.117243 	0.099419 	 0.015469 
0.171872 	0.161615 	0.111564 	0.094169 	 0.015008 
0.178316 	0.164008 	0.112875 	0.098665 	 0.015586 
0.168959 	0.176590 	0.121269 	0.104221 	 0.015731 
0.181809 	0.160194 	0.110908 	0.092216 	 0.014613 
0.166824 	0.183933 	0.126441 	0.106479 	 0.016002 
0.172033 	0.172240 	0.119011 	0.099504 	 0.016015 
0.164246 	0.176338 	0.121296 	0.104029 	 0.016457 
0.170070 	0.165981 	0.114308 	0.097046 	 0.014889 
0.164174 	0.173555 	0.119090 	0.101234 	 0.015358 
0.174817 	0.171609 	0.118893 	0.096872 	 0.015706 
0.176881 	0.165246 	0.113890 	0.098801 	 0.014893 
0.181843 	0.160645 	0.111234 	0.093322 	 0.015020 
0.164153 	0.168321 	0.116160 	0.098381 	 0.015455 
0.175070 	0.160037 	0.110735 	0.091880 	 0.014722 
0.176810 	0.171600 	0.119055 	0.095706 	 0.015298 
0.176609 	0.168527 	0.117059 	0.094414 	 0.015517 
0.172359 	0.161101 	0.111945 	0.091912 	 0.015357 
0.164037 	0.181851 	0.125511 	0.103887 	 0.015563 
0.162972 	0.177272 	0.122339 	0.102578 	 0.016397 
0.170068 	0.172627 	0.119557 	0.099154 	 0.015773 
0.176807 	0.169527 	0.117638 	0.097408 	 0.015669 
0.174370 	0.171097 	0.118655 	0.097934 	 0.015703 
0.156528 	0.177732 	0.122781 	0.102670 	 0.016489 
0.163069 	0.181599 	0.125273 	0.105311 	 0.016255 
0.169585 	0.172486 	0.120089 	0.095724 	 0.015868 
0.187981 	0.165442 	0.115151 	0.093094 	 0.014914 
0.172945 	0.165467 	0.115122 	0.093933 	 0.015047 
0.171024 	0.176691 	0.122670 	0.099613 	 0.016100 
0.170167 	0.170959 	0.118969 	0.095367 	 0.015796 
0.164696 	0.173748 	0.120404 	0.099167 	 0.015862 
0.175654 	0.173877 	0.120906 	0.099076 	 0.015485 
0.168508 	0.169577 	0.118079 	0.093626 	 0.015299 
0.157995 	0.180220 	0.124846 	0.103177 	 0.016207 
0.179285 	0.167618 	0.116722 	0.093425 	 0.014928 
0.175639 	0.168369 	0.117322 	0.094378 	 0.015051 
0.169386 	0.169324 	0.117718 	0.096256 	 0.015716 
0.166008 	0.166317 	0.115781 	0.094708 	 0.015731 
0.165024 	0.163232 	0.113919 	0.089620 	 0.015229 
0.164042 	0.168058 	0.116906 	0.092641 	 0.015110 
0.155444 	0.180645 	0.125642 	0.099462 	 0.016109 
0.175872 	0.162246 	0.113724 	0.089051 	 0.015428 
0.157822 	0.180662 	0.125236 	0.102823 	 0.016273 
0.158470 	0.181394 	0.126126 	0.101705 	 0.016384 
0.154172 	0.175013 	0.121906 	0.096898 	 0.015937 
0.153154 	0.178435 	0.123814 	0.102267 	 0.016527 
0.154225 	0.180352 	0.125325 	0.101991 	 0.016500 
0.153248 	0.180473 	0.125189 	0.103945 	 0.016402 
0.152728 	0.180953 	0.126028 	0.101710 	 0.016817 
0.141727 	0.176831 	0.123176 	0.097729 	 0.016856 
0.151977 	0.186401 	0.129349 	0.106007 	 0.017061 
0.144012 	0.184301 	0.128453 	0.099821 	 0.016492 
0.151744 	0.185812 	0.129048 	0.104672 	 0.016540 
0.148070 	0.182133 	0.126619 	0.104081 	 0.016449 
0.152293 	0.183294 	0.127673 	0.101396 	 0.016570 
0.146114 	0.185686 	0.129108 	0.104931 	 0.016764 
0.144405 	0.190483 	0.132158 	0.106040 	 0.016730 
0.137973 	0.192778 	0.133723 	0.109886 	 0.017337 
0.146545 	0.191986 	0.133558 	0.106956 	 0.017278 
0.175554 	0.172041 	0.120842 	0.091732 	 0.015092 
0.147581 	0.189105 	0.131491 	0.105764 	 0.016823 
0.149588 	0.189090 	0.131721 	0.105028 	 0.016927 
0.147955 	0.183956 	0.128187 	0.101963 	 0.016531 
0.141970 	0.191661 	0.133690 	0.106322 	 0.017491 
0.158094 	0.171952 	0.120712 	0.091943 	 0.015655 
0.139489 	0.189200 	0.132010 	0.103606 	 0.017479 
0.137939 	0.188860 	0.131832 	0.102806 	 0.017224 
0.139651 	0.191526 	0.133608 	0.103548 	 0.017056 
0.144204 	0.185354 	0.129175 	0.102794 	 0.016603 
0.151081 	0.180172 	0.126192 	0.098048 	 0.016239 
0.137337 	0.194860 	0.135473 	0.109482 	 0.017588 
0.141662 	0.182285 	0.127548 	0.099861 	 0.016982 
0.135766 	0.197286 	0.137986 	0.107891 	 0.017735 
0.145288 	0.183494 	0.128218 	0.100496 	 0.016643 
0.143670 	0.179625 	0.125184 	0.101271 	 0.016421 
0.130278 	0.188499 	0.131576 	0.102157 	 0.017282 
0.138754 	0.181389 	0.127204 	0.098409 	 0.017309 
0.140591 	0.183713 	0.128565 	0.098344 	 0.016845 
0.144492 	0.179588 	0.125434 	0.097612 	 0.015732 
0.148347 	0.175938 	0.124124 	0.092342 	 0.016154 
0.134818 	0.183902 	0.129053 	0.097215 	 0.016612 
0.138372 	0.177226 	0.124407 	0.096782 	 0.016949 
0.122745 	0.200387 	0.139712 	0.109862 	 0.018150 
0.142348 	0.184689 	0.129610 	0.099412 	 0.016614 
0.137218 	0.187654 	0.131598 	0.099929 	 0.017265 
0.132628 	0.197481 	0.137830 	0.108397 	 0.017034 
0.131142 	0.189907 	0.133281 	0.101319 	 0.017240 
0.128464 	0.198009 	0.138359 	0.106472 	 0.017576 
0.135626 	0.187379 	0.131563 	0.099734 	 0.016818 
0.143457 	0.179792 	0.126969 	0.092264 	 0.016426 
0.121705 	0.193027 	0.134934 	0.103671 	 0.017381 
0.130003 	0.189896 	0.133550 	0.099798 	 0.017071 
0.119117 	0.194161 	0.135897 	0.106092 	 0.018055 
0.138336 	0.178000 	0.125931 	0.091216 	 0.016745 
0.143118 	0.168905 	0.120056 	0.085148 	 0.015588 
0.133823 	0.190399 	0.133886 	0.101542 	 0.017548 
0.130115 	0.189471 	0.133575 	0.097677 	 0.017444 
0.127967 	0.191002 	0.134444 	0.101817 	 0.017573 
0.132306 	0.185136 	0.130503 	0.096188 	 0.016573 
0.129201 	0.191978 	0.135142 	0.100759 	 0.017318 
0.120433 	0.187565 	0.131980 	0.100500 	 0.017550 
0.123302 	0.194587 	0.136616 	0.103622 	 0.017851 
0.136937 	0.181266 	0.128223 	0.094257 	 0.016603 
0.130125 	0.195424 	0.137761 	0.101382 	 0.017425 
0.128172 	0.186875 	0.132133 	0.095906 	 0.017429 
0.134108 	0.189419 	0.133326 	0.100430 	 0.016761 
0.119504 	0.196212 	0.138517 	0.097914 	 0.017715 
0.120279 	0.195785 	0.137593 	0.104137 	 0.018007 
0.118900 	0.200129 	0.140892 	0.105170 	 0.018262 
0.128847 	0.176716 	0.125682 	0.087428 	 0.016500 
0.116851 	0.195265 	0.137751 	0.101374 	 0.017975 
0.121216 	0.191609 	0.135096 	0.100337 	 0.017138 
0.115138 	0.191549 	0.135404 	0.096879 	 0.017833 
0.112504 	0.200746 	0.140954 	0.106883 	 0.018519 
0.119606 	0.189179 	0.133706 	0.096564 	 0.017230 
0.125360 	0.187518 	0.132813 	0.096568 	 0.017558 
0.114403 	0.194735 	0.137564 	0.098738 	 0.017394 
0.111091 	0.191741 	0.135366 	0.099885 	 0.018003 
0.118435 	0.190455 	0.134456 	0.098094 	 0.017246 
0.111660 	0.204866 	0.144208 	0.106022 	 0.018499 
0.116635 	0.191870 	0.135548 	0.097452 	 0.016982 
0.109048 	0.195392 	0.137602 	0.102114 	 0.017923 
0.123607 	0.192781 	0.136297 	0.098128 	 0.017138 
0.115573 	0.193717 	0.136553 	0.099303 	 0.017194 
0.114532 	0.189326 	0.133976 	0.094442 	 0.017177 
0.116999 	0.195248 	0.137923 	0.102343 	 0.017784 
0.118431 	0.198652 	0.139619 	0.107010 	 0.017609 
0.123667 	0.181811 	0.129562 	0.090640 	 0.016880 
0.113933 	0.198018 	0.139695 	0.100959 	 0.017627 
0.125670 	0.180006 	0.127939 	0.093041 	 0.017550 
0.123637 	0.199858 	0.141515 	0.102622 	 0.017129 
0.107845 	0.207155 	0.145712 	0.108691 	 0.017862 
0.098773 	0.205477 	0.144532 	0.107587 	 0.018699 
0.109373 	0.192747 	0.136914 	0.098112 	 0.018076 
0.126161 	0.185831 	0.132586 	0.089252 	 0.016482 
0.102931 	0.201103 	0.142100 	0.104761 	 0.018232 
0.113043 	0.194712 	0.138418 	0.098318 	 0.018183 
0.100867 	0.201924 	0.142615 	0.104548 	 0.018476 
0.101809 	0.204601 	0.144472 	0.107081 	 0.018642 
0.120379 	0.193489 	0.137691 	0.095584 	 0.017546 
0.099490 	0.196059 	0.138954 	0.100171 	 0.018301 
0.102071 	0.200425 	0.142049 	0.101052 	 0.018161 
0.100515 	0.200198 	0.141708 	0.101679 	 0.017952 
0.107859 	0.197322 	0.140215 	0.099171 	 0.017987 
0.103866 	0.195964 	0.139502 	0.097526 	 0.017881 
0.097791 	0.200441 	0.142117 	0.101374 	 0.017958 
0.107074 	0.205686 	0.145978 	0.105258 	 0.018910 
0.102414 	0.211534 	0.149375 	0.111851 	 0.019234 
0.100002 	0.210336 	0.149037 	0.105163 	 0.018767 
0.109376 	0.198604 	0.141273 	0.099382 	 0.017665 
0.093664 	0.210303 	0.148797 	0.107340 	 0.018714 
0.112278 	0.193896 	0.138528 	0.094970 	 0.017570 
0.078899 	0.212416 	0.150060 	0.112080 	 0.020582 
0.094570 	0.211916 	0.149866 	0.108036 	 0.019046 
0.095959 	0.200441 	0.142470 	0.099988 	 0.018294 
0.115195 	0.187444 	0.134135 	0.092511 	 0.016942 
0.105547 	0.196120 	0.139726 	0.097028 	 0.017722 
0.087620 	0.202799 	0.143701 	0.103156 	 0.018902 
0.090924 	0.200616 	0.142145 	0.104237 	 0.018983 
0.095729 	0.206158 	0.145851 	0.107732 	 0.018782 
0.101675 	0.197645 	0.140766 	0.099026 	 0.018088 
0.096482 	0.206088 	0.146550 	0.101579 	 0.018597 
0.089629 	0.209502 	0.148883 	0.105567 	 0.019111 
0.089300 	0.203856 	0.144849 	0.104116 	 0.019449 
0.103020 	0.196894 	0.140646 	0.098868 	 0.018804 
0.098381 	0.195825 	0.140026 	0.095469 	 0.018666 
0.097960 	0.189336 	0.135587 	0.092452 	 0.017704 
0.087452 	0.213431 	0.151431 	0.107541 	 0.018948 
0.090799 	0.206920 	0.147234 	0.104483 	 0.019244 
0.083315 	0.201831 	0.144060 	0.099811 	 0.019203 
0.102930 	0.189567 	0.136230 	0.091904 	 0.017984 
0.097198 	0.197573 	0.141684 	0.094929 	 0.018213 
0.089084 	0.205971 	0.146686 	0.104139 	 0.018966 
0.100592 	0.197661 	0.141756 	0.095730 	 0.018019 
0.090844 	0.202377 	0.144910 	0.099781 	 0.019142 
0.080129 	0.220574 	0.156076 	0.114192 	 0.019492 
0.093077 	0.202899 	0.144622 	0.103358 	 0.019326 
0.088146 	0.196599 	0.140526 	0.097384 	 0.018555 
0.093485 	0.201205 	0.143935 	0.098619 	 0.018493 
0.099419 	0.204245 	0.145745 	0.104565 	 0.019302 
0.097744 	0.204588 	0.146106 	0.100613 	 0.018454 
0.091647 	0.208351 	0.148711 	0.104379 	 0.019329 
0.101455 	0.202486 	0.145612 	0.098432 	 0.019025 
0.072688 	0.223018 	0.158115 	0.113782 	 0.020092 
0.089074 	0.199447 	0.143245 	0.094185 	 0.018246 
0.098354 	0.199301 	0.143437 	0.095228 	 0.018585 
0.089933 	0.202618 	0.145314 	0.098280 	 0.018668 
0.098848 	0.193270 	0.139376 	0.093333 	 0.018361 
0.085561 	0.200625 	0.144456 	0.096089 	 0.019343 
0.089398 	0.209174 	0.149572 	0.104774 	 0.020006 
0.097820 	0.191799 	0.138352 	0.090894 	 0.018198 
0.077709 	0.215930 	0.153991 	0.108243 	 0.019647 
0.093873 	0.201243 	0.144840 	0.097142 	 0.018829 
0.090447 	0.201304 	0.144721 	0.096255 	 0.018509 
0.093538 	0.187166 	0.135450 	0.087621 	 0.018347 
0.092542 	0.199503 	0.143450 	0.096675 	 0.018447 
0.077057 	0.209659 	0.150075 	0.104356 	 0.019463 
0.107191 	0.186250 	0.135442 	0.084561 	 0.017155 
0.088375 	0.195489 	0.141088 	0.091082 	 0.017715 
0.092210 	0.196389 	0.141918 	0.091789 	 0.018189 
0.090574 	0.192733 	0.139127 	0.090562 	 0.017899 
0.089237 	0.196872 	0.142178 	0.090794 	 0.018135 
0.078011 	0.205404 	0.147862 	0.096433 	 0.018591 
0.088055 	0.198428 	0.143331 	0.092559 	 0.018216 
0.075506 	0.220099 	0.157520 	0.106842 	 0.019614 
0.074466 	0.220349 	0.157507 	0.107619 	 0.019399 
0.092211 	0.198379 	0.143269 	0.094112 	 0.018286 
0.070896 	0.215922 	0.154813 	0.105569 	 0.020086 
0.096746 	0.196409 	0.142396 	0.091257 	 0.017952 
0.088344 	0.192996 	0.139884 	0.088638 	 0.018252 
0.083619 	0.208688 	0.150194 	0.101390 	 0.019490 
0.071281 	0.219873 	0.157607 	0.107624 	 0.020138 
0.078871 	0.212622 	0.153007 	0.101412 	 0.019448 
0.065783 	0.210911 	0.151065 	0.104171 	 0.019647 
0.086303 	0.196608 	0.141838 	0.094593 	 0.018450 
0.065128 	0.212286 	0.152951 	0.101016 	 0.020504 
0.075093 	0.214182 	0.154439 	0.101841 	 0.020300 
0.081028 	0.206809 	0.148939 	0.100307 	 0.019184 
0.065602 	0.221432 	0.158804 	0.108149 	 0.020602 
0.074434 	0.209907 	0.151367 	0.099815 	 0.019744 
0.084536 	0.206743 	0.149212 	0.098039 	 0.019608 
0.082947 	0.200772 	0.145594 	0.093091 	 0.018841 
0.081518 	0.205262 	0.148486 	0.096348 	 0.019009 
0.078418 	0.204900 	0.148232 	0.096655 	 0.019483 
0.070750 	0.208996 	0.150576 	0.100581 	 0.019668 
0.090906 	0.195647 	0.142278 	0.090283 	 0.018683 
0.069991 	0.212001 	0.153063 	0.101393 	 0.019968 
0.064820 	0.217870 	0.157340 	0.101464 	 0.020719 
0.059492 	0.226410 	0.162504 	0.111557 	 0.020794 
0.072323 	0.213043 	0.153753 	0.100862 	 0.019773 
0.068805 	0.221787 	0.159994 	0.104900 	 0.020658 
0.069734 	0.216165 	0.156180 	0.101505 	 0.020312 
0.081604 	0.197926 	0.144070 	0.091498 	 0.019110 
0.068867 	0.213487 	0.154039 	0.102313 	 0.020281 
0.066142 	0.212611 	0.153868 	0.099043 	 0.019523 
0.081666 	0.202482 	0.147273 	0.092097 	 0.019044 
0.054068 	0.219891 	0.158057 	0.107859 	 0.020848 
0.056620 	0.217685 	0.156996 	0.102945 	 0.020705 
0.068484 	0.210856 	0.153078 	0.097655 	 0.020558 
0.075996 	0.215074 	0.155816 	0.100291 	 0.019993 
0.079271 	0.206587 	0.150316 	0.094566 	 0.019479 
0.067084 	0.207935 	0.150936 	0.095020 	 0.019307 
0.063986 	0.219730 	0.158835 	0.105319 	 0.020834 
0.071295 	0.209419 	0.151891 	0.099429 	 0.020321 
0.078223 	0.201639 	0.147219 	0.089220 	 0.018894 
0.074134 	0.204046 	0.148294 	0.094325 	 0.019107 
0.065938 	0.213002 	0.154788 	0.097627 	 0.020290 
0.070049 	0.212300 	0.153963 	0.099485 	 0.019952 
0.061475 	0.221815 	0.160263 	0.104494 	 0.020676 
0.055239 	0.226235 	0.163214 	0.109416 	 0.021459 
0.075612 	0.211619 	0.154093 	0.095946 	 0.019907 
0.071762 	0.208285 	0.151940 	0.094144 	 0.020180 
0.063769 	0.223199 	0.161362 	0.106786 	 0.020722 
0.050272 	0.223095 	0.161349 	0.106415 	 0.021436 
0.063623 	0.215685 	0.156435 	0.101913 	 0.020314 
0.072767 	0.208647 	0.152031 	0.096458 	 0.019765 
0.070963 	0.214643 	0.156348 	0.096630 	 0.019930 
0.067598 	0.214862 	0.156507 	0.098045 	 0.020389 
0.074554 	0.223299 	0.162140 	0.103548 	 0.020118 
0.053245 	0.234648 	0.169046 	0.113970 	 0.021594 
0.075057 	0.211079 	0.154033 	0.096755 	 0.019987 
0.063795 	0.216680 	0.157488 	0.101344 	 0.020571 
0.069513 	0.199543 	0.146355 	0.089860 	 0.019789 
0.049469 	0.225792 	0.163410 	0.107448 	 0.021572 
0.062518 	0.211632 	0.154244 	0.094137 	 0.019556 
0.071335 	0.203323 	0.149057 	0.090759 	 0.020001 
0.085226 	0.195409 	0.144098 	0.083321 	 0.018549 
0.078113 	0.199700 	0.146902 	0.087503 	 0.018971 
0.086195 	0.204572 	0.150415 	0.090469 	 0.019747 
0.062253 	0.224496 	0.163538 	0.103690 	 0.021511 
0.081725 	0.211095 	0.154470 	0.095206 	 0.019596 
0.063692 	0.225836 	0.163685 	0.107813 	 0.020842 
0.059555 	0.216256 	0.157866 	0.097681 	 0.021238 
0.062112 	0.218368 	0.158989 	0.099829 	 0.020228 
0.071566 	0.215479 	0.157229 	0.099555 	 0.020887 
0.067128 	0.220362 	0.160635 	0.102421 	 0.020726 
0.074404 	0.216955 	0.158393 	0.099124 	 0.020411 
0.061547 	0.220950 	0.161109 	0.102903 	 0.021540 
0.065866 	0.223470 	0.162554 	0.104229 	 0.020845 
0.081965 	0.209127 	0.153604 	0.094040 	 0.019591 
0.066683 	0.221030 	0.161242 	0.105553 	 0.021359 
0.077689 	0.212343 	0.155936 	0.094794 	 0.019991 
0.065967 	0.226030 	0.164377 	0.107261 	 0.020886 
0.064042 	0.217594 	0.159294 	0.099635 	 0.021080 
0.066414 	0.218242 	0.159588 	0.100989 	 0.020445 
0.071837 	0.216489 	0.158583 	0.099213 	 0.020569 
0.056810 	0.230148 	0.167296 	0.110605 	 0.022330 
0.078615 	0.212344 	0.155596 	0.100155 	 0.020782 
0.068391 	0.214623 	0.157796 	0.097522 	 0.021297 
0.074424 	0.208641 	0.153709 	0.092970 	 0.020771 
0.062663 	0.231339 	0.168481 	0.109907 	 0.021579 
0.406381 	0.007365 	0.006212 	-0.001746 	 0.002358 
0.408701 	0.008056 	0.005911 	0.005430 	 0.002597 
0.411177 	0.029182 	0.019237 	0.031759 	 0.004868 
0.407089 	0.031008 	0.019968 	0.035318 	 0.004217 
0.426025 	0.022643 	0.015743 	0.023134 	 0.003015 
0.395186 	0.047653 	0.031401 	0.043462 	 0.005304 
0.409725 	0.034703 	0.023268 	0.033061 	 0.004358 
0.424203 	0.016671 	0.011257 	0.022154 	 0.002772 
0.386084 	0.058716 	0.038622 	0.050893 	 0.006639 
0.393437 	0.044826 	0.029630 	0.040083 	 0.005064 
0.390712 	0.043229 	0.028289 	0.041970 	 0.004953 
0.395520 	0.038037 	0.025159 	0.035575 	 0.003981 
0.368713 	0.066353 	0.043573 	0.055171 	 0.007011 
0.385988 	0.034084 	0.022434 	0.035059 	 0.005635 
0.389922 	0.049248 	0.032542 	0.041690 	 0.004728 
0.387498 	0.046910 	0.030712 	0.043271 	 0.004659 
0.360411 	0.071917 	0.047245 	0.059503 	 0.007597 
0.386750 	0.047460 	0.030926 	0.044095 	 0.005443 
0.379230 	0.043120 	0.028427 	0.039380 	 0.005590 
0.380653 	0.049531 	0.032630 	0.046248 	 0.006168 
0.380482 	0.045650 	0.030106 	0.042440 	 0.005135 
0.370129 	0.047695 	0.031248 	0.041776 	 0.005527 
0.377447 	0.040729 	0.026762 	0.037695 	 0.004944 
0.370715 	0.052350 	0.034651 	0.045430 	 0.005948 
0.387929 	0.031484 	0.020977 	0.030878 	 0.003710 
0.366917 	0.050029 	0.033272 	0.044106 	 0.006790 
0.365528 	0.057859 	0.037690 	0.051397 	 0.006328 
0.379974 	0.048962 	0.032253 	0.043387 	 0.005262 
0.361177 	0.066731 	0.043711 	0.058027 	 0.007756 
0.367063 	0.052627 	0.034425 	0.048973 	 0.006601 
0.369291 	0.050175 	0.033302 	0.045051 	 0.006373 
0.364091 	0.058430 	0.038647 	0.052015 	 0.007114 
0.371887 	0.043047 	0.028670 	0.038643 	 0.005563 
0.357900 	0.054493 	0.035781 	0.048262 	 0.006297 
0.350695 	0.062182 	0.040658 	0.054104 	 0.007007 
0.344786 	0.073439 	0.047897 	0.064299 	 0.008552 
0.345082 	0.062637 	0.041207 	0.053923 	 0.007228 
0.342764 	0.071259 	0.047061 	0.059682 	 0.008234 
0.344981 	0.070297 	0.046061 	0.059640 	 0.007323 
0.348239 	0.064340 	0.043046 	0.051767 	 0.007137 
0.335179 	0.070263 	0.046376 	0.056313 	 0.007681 
0.338101 	0.072203 	0.047804 	0.061143 	 0.007828 
0.339886 	0.063848 	0.041809 	0.055359 	 0.007035 
0.328021 	0.066796 	0.044270 	0.055245 	 0.008259 
0.347702 	0.059837 	0.039861 	0.048970 	 0.006640 
0.334703 	0.069266 	0.046071 	0.055811 	 0.007576 
0.334211 	0.069412 	0.046209 	0.056543 	 0.008393 
0.334960 	0.074355 	0.049182 	0.058955 	 0.007044 
0.333988 	0.069579 	0.046208 	0.057199 	 0.008222 
0.324005 	0.077170 	0.050718 	0.063658 	 0.008481 
0.334672 	0.073711 	0.049414 	0.058240 	 0.008608 
0.319298 	0.080750 	0.053501 	0.063048 	 0.009041 
0.311886 	0.087658 	0.057791 	0.069681 	 0.009064 
0.315133 	0.079374 	0.052525 	0.061260 	 0.008880 
0.310552 	0.091396 	0.060690 	0.069266 	 0.009613 
0.325516 	0.066307 	0.043924 	0.054637 	 0.007608 
0.328763 	0.075690 	0.050362 	0.059280 	 0.007899 
0.332284 	0.069715 	0.046094 	0.059750 	 0.007749 
0.324323 	0.076557 	0.051051 	0.058909 	 0.007789 
0.308265 	0.086784 	0.057570 	0.067490 	 0.009395 
0.315832 	0.081544 	0.054236 	0.063914 	 0.009235 
0.305805 	0.083160 	0.054906 	0.064253 	 0.008737 
0.310423 	0.081838 	0.054083 	0.065233 	 0.009153 
0.304973 	0.080882 	0.053034 	0.064698 	 0.008041 
0.319940 	0.074702 	0.050003 	0.056803 	 0.007993 
0.302449 	0.087361 	0.057629 	0.066838 	 0.008613 
0.307999 	0.080996 	0.053786 	0.062362 	 0.008734 
0.299784 	0.103127 	0.068204 	0.077009 	 0.009977 
0.301114 	0.097512 	0.064522 	0.075464 	 0.010147 
0.302617 	0.083806 	0.055866 	0.065271 	 0.009562 
0.299355 	0.090979 	0.060531 	0.068774 	 0.009255 
0.296675 	0.094069 	0.062756 	0.069732 	 0.009995 
0.298086 	0.088295 	0.058854 	0.067227 	 0.009692 
0.306168 	0.080076 	0.053010 	0.062472 	 0.008487 
0.301224 	0.085244 	0.057097 	0.064310 	 0.009558 
0.297411 	0.090135 	0.060041 	0.067788 	 0.009658 
0.300655 	0.089703 	0.059548 	0.069319 	 0.008992 
0.281407 	0.102519 	0.068123 	0.075837 	 0.011171 
0.290893 	0.098354 	0.065378 	0.071760 	 0.009620 
0.287281 	0.104300 	0.068905 	0.078054 	 0.009841 
0.282460 	0.097281 	0.064543 	0.073111 	 0.009978 
0.288572 	0.092095 	0.061598 	0.066667 	 0.009497 
0.288312 	0.091792 	0.061370 	0.067779 	 0.009600 
0.296093 	0.086367 	0.057750 	0.064095 	 0.009449 
0.296204 	0.090016 	0.060398 	0.066582 	 0.009501 
0.289564 	0.094255 	0.062707 	0.070473 	 0.009140 
0.292107 	0.088892 	0.059736 	0.064692 	 0.009731 
0.290310 	0.096448 	0.064701 	0.067713 	 0.009878 
0.284908 	0.105558 	0.070403 	0.076558 	 0.010511 
0.282313 	0.101082 	0.067299 	0.074519 	 0.010314 
0.284577 	0.094285 	0.063267 	0.070010 	 0.010151 
0.280240 	0.107635 	0.071759 	0.077911 	 0.010358 
0.280933 	0.101802 	0.068016 	0.073221 	 0.010142 
0.285137 	0.095657 	0.063880 	0.068237 	 0.008969 
0.272876 	0.105513 	0.070464 	0.075171 	 0.010588 
0.286758 	0.085583 	0.057486 	0.061831 	 0.009173 
0.278210 	0.105270 	0.070503 	0.075966 	 0.010615 
0.274738 	0.099327 	0.066119 	0.072942 	 0.009798 
0.269038 	0.111358 	0.074233 	0.079507 	 0.010717 
0.285358 	0.093446 	0.062954 	0.066732 	 0.009640 
0.272452 	0.104603 	0.070107 	0.073849 	 0.010281 
0.274463 	0.103381 	0.068909 	0.075047 	 0.010048 
0.272606 	0.105175 	0.070072 	0.076672 	 0.010397 
0.278440 	0.093730 	0.062604 	0.069818 	 0.009665 
0.276854 	0.103476 	0.070013 	0.072456 	 0.010477 
0.270858 	0.102942 	0.069259 	0.071150 	 0.010431 
0.275926 	0.104439 	0.070199 	0.073894 	 0.010029 
0.259841 	0.114951 	0.076998 	0.081154 	 0.011435 
0.265690 	0.112765 	0.075362 	0.080268 	 0.010658 
0.262911 	0.104108 	0.069940 	0.073132 	 0.010669 
0.276262 	0.102189 	0.068550 	0.071542 	 0.010141 
0.268450 	0.102234 	0.068588 	0.074766 	 0.010876 
0.263295 	0.114430 	0.076935 	0.080329 	 0.011317 
0.273633 	0.097630 	0.065647 	0.067845 	 0.009462 
0.260063 	0.106457 	0.071875 	0.072662 	 0.010845 
0.258379 	0.109566 	0.073585 	0.076377 	 0.010998 
0.258609 	0.118376 	0.079688 	0.080202 	 0.011393 
0.241612 	0.125304 	0.083775 	0.085451 	 0.011606 
0.258053 	0.109122 	0.073473 	0.075078 	 0.010743 
0.257386 	0.106003 	0.071390 	0.072363 	 0.010810 
0.254959 	0.121360 	0.081283 	0.083529 	 0.011111 
0.262269 	0.107030 	0.072284 	0.073469 	 0.010223 
0.259641 	0.104311 	0.070450 	0.070269 	 0.009958 
0.247174 	0.122103 	0.082253 	0.079671 	 0.010975 
0.255325 	0.114927 	0.077341 	0.075280 	 0.010223 
0.270047 	0.102418 	0.069661 	0.064180 	 0.009298 
0.262566 	0.110860 	0.075496 	0.071071 	 0.010154 
0.259438 	0.104624 	0.070340 	0.072903 	 0.010107 
0.239399 	0.124615 	0.083720 	0.083164 	 0.011268 
0.262980 	0.119278 	0.080370 	0.079731 	 0.010244 
0.252283 	0.112616 	0.076513 	0.072142 	 0.010781 
0.253826 	0.119722 	0.081107 	0.077036 	 0.010748 
0.245459 	0.118539 	0.080142 	0.076058 	 0.010866 
0.228447 	0.131528 	0.088425 	0.086902 	 0.011910 
0.246610 	0.117940 	0.079388 	0.079309 	 0.010566 
0.237580 	0.126976 	0.085414 	0.082739 	 0.011067 
0.239255 	0.125274 	0.084827 	0.079295 	 0.011194 
0.246826 	0.124850 	0.084281 	0.081931 	 0.011204 
0.239180 	0.124100 	0.083780 	0.082243 	 0.011620 
0.246633 	0.119242 	0.080982 	0.075055 	 0.010800 
0.221070 	0.132643 	0.089361 	0.086362 	 0.012246 
0.231952 	0.131489 	0.088877 	0.084961 	 0.011895 
0.231403 	0.125934 	0.084994 	0.083894 	 0.011661 
0.232563 	0.122787 	0.082676 	0.079797 	 0.010855 
0.241254 	0.115090 	0.078162 	0.073822 	 0.010962 
0.225721 	0.137096 	0.092639 	0.087238 	 0.012053 
0.230502 	0.129051 	0.087758 	0.081129 	 0.012153 
0.227057 	0.136882 	0.092450 	0.087857 	 0.011784 
0.241039 	0.106884 	0.073011 	0.065431 	 0.009595 
0.235439 	0.117646 	0.080151 	0.075360 	 0.011312 
0.228069 	0.136411 	0.092099 	0.090066 	 0.012496 
0.216900 	0.133280 	0.090119 	0.084894 	 0.012246 
0.216396 	0.134517 	0.090601 	0.088329 	 0.012399 
0.233641 	0.132645 	0.090163 	0.082067 	 0.011309 
0.217874 	0.136325 	0.092319 	0.086521 	 0.012271 
0.223036 	0.123247 	0.083768 	0.076853 	 0.011204 
0.208821 	0.149575 	0.100938 	0.095179 	 0.013246 
0.213200 	0.139871 	0.094619 	0.086578 	 0.011937 
0.207228 	0.139533 	0.094750 	0.086234 	 0.012920 
0.210363 	0.147630 	0.100088 	0.092701 	 0.013129 
0.220264 	0.129935 	0.088945 	0.077158 	 0.011961 
0.201881 	0.143994 	0.097437 	0.089238 	 0.012841 
0.203238 	0.155726 	0.105333 	0.097012 	 0.013615 
0.220467 	0.133612 	0.090866 	0.082803 	 0.012192 
0.207839 	0.143634 	0.097775 	0.088057 	 0.013177 
0.200287 	0.142028 	0.096400 	0.088330 	 0.012997 
0.191896 	0.157476 	0.106324 	0.097981 	 0.013522 
0.208929 	0.136224 	0.092535 	0.087064 	 0.013047 
0.206157 	0.146608 	0.099728 	0.087547 	 0.012577 
0.198533 	0.149658 	0.101270 	0.093572 	 0.012838 
0.211789 	0.133709 	0.091131 	0.079725 	 0.011243 
0.197165 	0.149167 	0.101384 	0.091075 	 0.013342 
0.204855 	0.143728 	0.097665 	0.088717 	 0.012795 
0.185595 	0.164305 	0.111026 	0.102375 	 0.013891 
0.188111 	0.159915 	0.108289 	0.099272 	 0.014137 
0.193061 	0.143348 	0.097708 	0.083949 	 0.012164 
0.196428 	0.148193 	0.100689 	0.088814 	 0.012966 
0.191788 	0.152111 	0.103447 	0.094972 	 0.013798 
0.207756 	0.145424 	0.099429 	0.086409 	 0.012410 
0.194962 	0.145598 	0.099278 	0.089007 	 0.013417 
0.190992 	0.144784 	0.098582 	0.086938 	 0.012571 
0.184691 	0.155000 	0.105753 	0.090772 	 0.013653 
0.180137 	0.155484 	0.105258 	0.094046 	 0.013315 
0.198542 	0.141371 	0.096853 	0.083504 	 0.012612 
0.191673 	0.147682 	0.100580 	0.088965 	 0.012470 
0.188838 	0.150818 	0.103152 	0.087335 	 0.013144 
0.189058 	0.151037 	0.102922 	0.090523 	 0.013007 
0.186663 	0.149119 	0.101864 	0.087769 	 0.013184 
0.181408 	0.166331 	0.113077 	0.100147 	 0.013980 
0.186153 	0.154343 	0.105330 	0.091582 	 0.012911 
0.171834 	0.170308 	0.115709 	0.103420 	 0.015240 
0.184121 	0.156511 	0.106832 	0.091940 	 0.013035 
0.176176 	0.167673 	0.114376 	0.098663 	 0.014457 
0.186200 	0.150795 	0.102924 	0.088373 	 0.012259 
0.184881 	0.153364 	0.104942 	0.087673 	 0.012591 
0.174182 	0.171324 	0.116557 	0.104390 	 0.014752 
0.178103 	0.159941 	0.109284 	0.094018 	 0.013544 
0.179251 	0.153032 	0.104523 	0.090310 	 0.013099 
0.162513 	0.161861 	0.110594 	0.096310 	 0.014862 
0.173886 	0.160597 	0.110015 	0.092161 	 0.013555 
0.158244 	0.173133 	0.117380 	0.105197 	 0.014723 
0.167765 	0.166711 	0.114034 	0.096036 	 0.013778 
0.163107 	0.166543 	0.113633 	0.099119 	 0.014596 
0.187542 	0.153140 	0.105431 	0.085357 	 0.012362 
0.177567 	0.157258 	0.107941 	0.089191 	 0.012831 
0.168862 	0.158854 	0.109057 	0.090598 	 0.013794 
0.165220 	0.165350 	0.112960 	0.096522 	 0.014080 
0.169687 	0.166941 	0.114228 	0.096784 	 0.013874 
0.164738 	0.167637 	0.114905 	0.096284 	 0.014060 
0.170702 	0.160949 	0.110200 	0.093961 	 0.013478 
0.170934 	0.169867 	0.115952 	0.099558 	 0.014049 
0.170570 	0.157722 	0.108667 	0.088159 	 0.013904 
0.163451 	0.171821 	0.117817 	0.098493 	 0.014779 
0.161227 	0.156388 	0.107290 	0.088146 	 0.013054 
0.160330 	0.171425 	0.117501 	0.098323 	 0.013898 
0.166663 	0.162927 	0.111371 	0.094558 	 0.013401 
0.154627 	0.166921 	0.114107 	0.095926 	 0.013807 
0.161725 	0.165807 	0.113700 	0.096461 	 0.014314 
0.157374 	0.167596 	0.114869 	0.096923 	 0.014399 
0.152323 	0.173933 	0.119505 	0.097395 	 0.014495 
0.147360 	0.175472 	0.119917 	0.102037 	 0.014820 
0.166402 	0.168342 	0.115969 	0.094376 	 0.014073 
0.169050 	0.162208 	0.111501 	0.093508 	 0.013433 
0.156537 	0.176404 	0.121002 	0.099490 	 0.014130 
0.147257 	0.179812 	0.123101 	0.102126 	 0.014726 
0.141980 	0.185980 	0.127337 	0.108531 	 0.016002 
0.150278 	0.179050 	0.122858 	0.100077 	 0.015014 
0.147682 	0.175323 	0.120431 	0.098681 	 0.014628 
0.150015 	0.173170 	0.118560 	0.097841 	 0.014037 
0.140216 	0.182941 	0.125584 	0.102169 	 0.014666 
0.145264 	0.181318 	0.124181 	0.104004 	 0.014730 
0.147181 	0.174699 	0.119954 	0.098803 	 0.014524 
0.156958 	0.160913 	0.111245 	0.086758 	 0.013829 
0.147104 	0.177569 	0.121856 	0.100488 	 0.014740 
0.159034 	0.162743 	0.112483 	0.085872 	 0.012987 
0.150068 	0.168960 	0.116782 	0.092279 	 0.014151 
0.142852 	0.175772 	0.120872 	0.096872 	 0.014599 
0.150040 	0.170048 	0.117343 	0.090934 	 0.013708 
0.152954 	0.178503 	0.123216 	0.097663 	 0.014433 
0.151629 	0.172294 	0.118593 	0.094490 	 0.013893 
0.147592 	0.179291 	0.123398 	0.098392 	 0.014696 
0.140998 	0.187823 	0.128903 	0.106863 	 0.015324 
0.151366 	0.168933 	0.116802 	0.092852 	 0.013928 
0.146975 	0.173075 	0.119989 	0.093097 	 0.014658 
0.144181 	0.179940 	0.123991 	0.101519 	 0.014707 
0.141767 	0.181984 	0.125572 	0.101770 	 0.014943 
0.128768 	0.194634 	0.133511 	0.108254 	 0.015398 
0.141961 	0.173329 	0.120192 	0.094679 	 0.014659 
0.152360 	0.167308 	0.116215 	0.089226 	 0.013741 
0.136022 	0.184781 	0.127251 	0.100812 	 0.014664 
0.130124 	0.176873 	0.122319 	0.095210 	 0.014690 
0.147917 	0.174304 	0.120906 	0.090258 	 0.013533 
0.133436 	0.178605 	0.123498 	0.094877 	 0.014404 
0.134773 	0.173093 	0.120255 	0.090014 	 0.014465 
0.133449 	0.179419 	0.124207 	0.096100 	 0.014755 
0.145714 	0.177389 	0.122457 	0.097446 	 0.014017 
0.124211 	0.196310 	0.135292 	0.105157 	 0.015509 
0.146275 	0.177323 	0.122687 	0.094223 	 0.013621 
0.138304 	0.178458 	0.123587 	0.094578 	 0.014017 
0.133640 	0.178069 	0.123896 	0.092894 	 0.014978 
0.127146 	0.184253 	0.127525 	0.098118 	 0.014765 
0.146956 	0.159877 	0.111746 	0.081409 	 0.013295 
0.122379 	0.182313 	0.125485 	0.100755 	 0.014805 
0.126340 	0.189234 	0.130975 	0.098639 	 0.014781 
0.126871 	0.189214 	0.130857 	0.101993 	 0.015175 
0.130589 	0.189474 	0.131051 	0.103032 	 0.015013 
0.131518 	0.180328 	0.125162 	0.095207 	 0.014054 
0.122969 	0.192863 	0.133525 	0.103203 	 0.015573 
0.124303 	0.198036 	0.136925 	0.106682 	 0.015513 
0.127733 	0.173725 	0.121113 	0.090959 	 0.014196 
0.125312 	0.188500 	0.131154 	0.097283 	 0.015079 
0.126019 	0.180246 	0.125365 	0.093098 	 0.014558 
0.127346 	0.184355 	0.128341 	0.094687 	 0.014913 
0.135799 	0.183989 	0.127976 	0.096817 	 0.014969 
0.119495 	0.189661 	0.131188 	0.101543 	 0.015700 
0.102562 	0.197744 	0.136749 	0.104182 	 0.016078 
0.116820 	0.198168 	0.137610 	0.103532 	 0.015652 
0.123144 	0.185425 	0.129197 	0.094037 	 0.014880 
0.112131 	0.205406 	0.142354 	0.108042 	 0.016106 
0.110934 	0.193735 	0.134052 	0.102918 	 0.015515 
0.127907 	0.185599 	0.129209 	0.096044 	 0.014550 
0.127688 	0.193473 	0.134532 	0.101411 	 0.015197 
0.132991 	0.173884 	0.121907 	0.087521 	 0.014173 
0.119871 	0.194296 	0.134769 	0.102094 	 0.014853 
0.104993 	0.199895 	0.138925 	0.103171 	 0.015862 
0.111119 	0.195446 	0.136007 	0.099721 	 0.015426 
0.120124 	0.188256 	0.131546 	0.095084 	 0.014911 
0.121693 	0.190714 	0.133310 	0.096175 	 0.014766 
0.121431 	0.191824 	0.133678 	0.100290 	 0.014962 
0.119080 	0.189492 	0.131894 	0.100133 	 0.015235 
0.112518 	0.185040 	0.129238 	0.093333 	 0.014767 
0.119964 	0.185269 	0.129525 	0.091202 	 0.014343 
0.109162 	0.181309 	0.126780 	0.092484 	 0.014686 
0.121363 	0.186543 	0.130413 	0.094944 	 0.014397 
0.115603 	0.191980 	0.133830 	0.096490 	 0.014638 
0.100675 	0.207006 	0.143513 	0.111085 	 0.016481 
0.101413 	0.195507 	0.136281 	0.099366 	 0.016082 
0.101022 	0.201583 	0.140785 	0.104335 	 0.016861 
0.102914 	0.201369 	0.140146 	0.104248 	 0.016184 
0.112796 	0.192228 	0.134348 	0.096534 	 0.015078 
0.108137 	0.196439 	0.136916 	0.101967 	 0.015674 
0.120692 	0.181265 	0.127540 	0.086963 	 0.014236 
0.119121 	0.180013 	0.126177 	0.087878 	 0.013359 
0.105279 	0.202332 	0.141387 	0.101792 	 0.015728 
0.103518 	0.196323 	0.137067 	0.099637 	 0.015631 
0.110959 	0.190158 	0.133439 	0.093851 	 0.014971 
0.109879 	0.191394 	0.134107 	0.094767 	 0.015147 
0.104581 	0.200884 	0.140317 	0.103137 	 0.016020 
0.118386 	0.179037 	0.126178 	0.085269 	 0.014020 
0.113692 	0.191291 	0.134142 	0.094022 	 0.014765 
0.098348 	0.201583 	0.140515 	0.102305 	 0.015666 
0.103783 	0.197175 	0.138162 	0.098141 	 0.015520 
0.117334 	0.183079 	0.128602 	0.090099 	 0.014284 
0.096780 	0.187023 	0.131909 	0.088943 	 0.015252 
0.102198 	0.199020 	0.139079 	0.102502 	 0.015787 
0.093168 	0.202272 	0.141268 	0.102093 	 0.015828 
0.092376 	0.204906 	0.143079 	0.105517 	 0.016143 
0.107785 	0.186272 	0.131020 	0.090333 	 0.014453 
0.114999 	0.176662 	0.125141 	0.082876 	 0.014292 
0.100373 	0.198769 	0.139111 	0.099174 	 0.014869 
0.099948 	0.192742 	0.135696 	0.092584 	 0.015203 
0.101436 	0.192082 	0.135155 	0.092724 	 0.014479 
0.100543 	0.203020 	0.142123 	0.102182 	 0.015884 
0.101124 	0.199011 	0.139655 	0.098788 	 0.016034 
0.097518 	0.194688 	0.137139 	0.092544 	 0.014954 
0.099621 	0.198636 	0.139655 	0.099468 	 0.016087 
0.094958 	0.198303 	0.139266 	0.097552 	 0.015502 
0.083812 	0.209206 	0.146309 	0.105510 	 0.016804 
0.098687 	0.203299 	0.143234 	0.099738 	 0.016400 
0.095894 	0.196198 	0.138282 	0.094553 	 0.016136 
0.099488 	0.203112 	0.142877 	0.097663 	 0.015377 
0.093047 	0.195948 	0.138016 	0.094771 	 0.015540 
0.098938 	0.197593 	0.139046 	0.097046 	 0.015179 
0.108951 	0.184956 	0.131212 	0.086296 	 0.014482 
0.100012 	0.192861 	0.136212 	0.092232 	 0.015197 
0.094033 	0.202596 	0.142668 	0.098357 	 0.015695 
0.101183 	0.189864 	0.134195 	0.090508 	 0.015120 
0.094661 	0.198004 	0.139901 	0.094207 	 0.015428 
0.087747 	0.205646 	0.144252 	0.102099 	 0.015782 
0.101910 	0.185224 	0.131697 	0.087751 	 0.015503 
0.087744 	0.205898 	0.144884 	0.100295 	 0.016144 
0.109287 	0.187625 	0.133035 	0.088543 	 0.014168 
0.090897 	0.193486 	0.136903 	0.091095 	 0.015422 
0.089256 	0.189460 	0.134289 	0.088750 	 0.015303 
0.094269 	0.188993 	0.133886 	0.088977 	 0.015166 
0.098662 	0.193670 	0.137226 	0.089726 	 0.015120 
0.087986 	0.200437 	0.141585 	0.094572 	 0.015396 
0.110722 	0.189107 	0.134165 	0.088619 	 0.014123 
0.085194 	0.203897 	0.143862 	0.096335 	 0.015609 
0.095761 	0.194026 	0.137507 	0.091162 	 0.015362 
0.097107 	0.190442 	0.135673 	0.085359 	 0.015146 
0.087513 	0.200206 	0.142096 	0.091799 	 0.015725 
0.071991 	0.216593 	0.152329 	0.106093 	 0.017048 
0.086153 	0.207696 	0.146410 	0.099870 	 0.015568 
0.096051 	0.198067 	0.140408 	0.090871 	 0.014999 
0.077608 	0.207271 	0.146601 	0.097958 	 0.015997 
0.096892 	0.197837 	0.140565 	0.092025 	 0.015643 
0.079574 	0.203899 	0.143929 	0.097602 	 0.016082 
0.084535 	0.214220 	0.151005 	0.103431 	 0.016245 
0.082024 	0.207844 	0.146759 	0.099792 	 0.016049 
0.085393 	0.204448 	0.144738 	0.097402 	 0.015852 
0.095895 	0.199437 	0.141484 	0.094470 	 0.014981 
0.087183 	0.199301 	0.141575 	0.092019 	 0.015519 
0.089972 	0.199324 	0.142455 	0.089775 	 0.016011 
0.084880 	0.199858 	0.142017 	0.093754 	 0.016218 
0.078727 	0.210516 	0.148786 	0.102741 	 0.016676 
0.076459 	0.207296 	0.146920 	0.098316 	 0.016123 
0.081038 	0.210322 	0.148966 	0.100135 	 0.016038 
0.086614 	0.203885 	0.145250 	0.091372 	 0.015671 
0.081757 	0.209669 	0.148510 	0.098533 	 0.015862 
0.087059 	0.201263 	0.143275 	0.090736 	 0.014814 
0.095039 	0.189751 	0.135654 	0.084465 	 0.014286 
0.085072 	0.206679 	0.146869 	0.094910 	 0.015680 
0.084517 	0.205547 	0.146149 	0.095049 	 0.015649 
0.077427 	0.206194 	0.146362 	0.096205 	 0.015624 
0.091978 	0.199681 	0.142649 	0.090647 	 0.015384 
0.095537 	0.192892 	0.138324 	0.086565 	 0.015303 
0.079935 	0.202302 	0.144509 	0.088428 	 0.015503 
0.072782 	0.208124 	0.148530 	0.094349 	 0.016669 
0.079455 	0.204108 	0.145410 	0.092839 	 0.015622 
0.078456 	0.213073 	0.150972 	0.100592 	 0.015445 
0.085727 	0.197097 	0.141121 	0.086450 	 0.014853 
0.061343 	0.215467 	0.152473 	0.101437 	 0.016470 
0.083907 	0.204956 	0.146473 	0.093095 	 0.015544 
0.083156 	0.196528 	0.140583 	0.089987 	 0.015276 
0.071294 	0.216442 	0.153663 	0.101839 	 0.017158 
0.072988 	0.219103 	0.155678 	0.101442 	 0.016814 
0.086272 	0.203242 	0.145341 	0.092507 	 0.015926 
0.082661 	0.199356 	0.142413 	0.089124 	 0.015119 
0.065950 	0.220039 	0.156202 	0.104030 	 0.016983 
0.089277 	0.199212 	0.142964 	0.086729 	 0.014456 
0.083791 	0.199400 	0.142843 	0.089918 	 0.015553 
0.069415 	0.221767 	0.157129 	0.105299 	 0.016441 
0.079350 	0.209208 	0.149265 	0.094746 	 0.015269 
0.071206 	0.209883 	0.149859 	0.093963 	 0.015847 
0.071887 	0.205444 	0.146971 	0.093427 	 0.015797 
0.063578 	0.222014 	0.157974 	0.105421 	 0.017529 
0.066347 	0.218036 	0.155310 	0.099855 	 0.016431 
0.073833 	0.210916 	0.150956 	0.094216 	 0.015973 
0.080087 	0.205473 	0.147301 	0.091376 	 0.015521 
0.065119 	0.220541 	0.156949 	0.103589 	 0.017391 
0.077239 	0.203923 	0.146759 	0.088003 	 0.016192 
0.063420 	0.224313 	0.159636 	0.103281 	 0.017076 
0.064232 	0.212698 	0.152466 	0.094446 	 0.017256 
0.076128 	0.208549 	0.149319 	0.094584 	 0.015927 
0.064830 	0.213300 	0.152079 	0.097798 	 0.016595 
0.068249 	0.218033 	0.155480 	0.098761 	 0.016016 
0.087741 	0.198508 	0.143278 	0.086889 	 0.015748 
0.072213 	0.213022 	0.153061 	0.092725 	 0.016406 
0.080637 	0.197720 	0.142186 	0.084407 	 0.013998 
0.067249 	0.214813 	0.153584 	0.098052 	 0.016834 
0.060707 	0.214544 	0.153680 	0.097285 	 0.016325 
0.072985 	0.204147 	0.146985 	0.088700 	 0.015277 
0.082049 	0.195381 	0.140999 	0.084525 	 0.015032 
0.059007 	0.219924 	0.157366 	0.099296 	 0.016729 
0.082742 	0.203554 	0.146752 	0.088097 	 0.015120 
0.075170 	0.204770 	0.147716 	0.087079 	 0.015697 
0.074650 	0.210021 	0.151273 	0.091046 	 0.015969 
0.068478 	0.199656 	0.144935 	0.082511 	 0.016549 
0.063727 	0.214938 	0.154402 	0.093944 	 0.016103 
0.084074 	0.201348 	0.145695 	0.084948 	 0.015410 
0.067470 	0.213430 	0.153368 	0.093753 	 0.015511 
0.072212 	0.197401 	0.143294 	0.081975 	 0.014863 
0.070342 	0.214436 	0.153983 	0.093742 	 0.015648 
0.067260 	0.213249 	0.153605 	0.092569 	 0.016324 
0.066167 	0.220097 	0.157836 	0.099446 	 0.016570 
0.082129 	0.195781 	0.142280 	0.079500 	 0.014574 
0.074245 	0.203558 	0.147628 	0.085431 	 0.015642 
0.072488 	0.197270 	0.143261 	0.082191 	 0.015169 
0.055131 	0.214533 	0.154264 	0.093887 	 0.016171 
0.060125 	0.212352 	0.152581 	0.094444 	 0.016040 
0.065973 	0.204519 	0.148043 	0.086621 	 0.015693 
0.065039 	0.204049 	0.147515 	0.088345 	 0.015074 
0.068735 	0.204978 	0.148504 	0.086318 	 0.015862 
0.070245 	0.204154 	0.147970 	0.086421 	 0.015427 
0.077884 	0.202887 	0.147464 	0.084216 	 0.015888 
0.078855 	0.210287 	0.152129 	0.089146 	 0.015437 
0.074609 	0.202015 	0.146273 	0.087360 	 0.015201 
0.072967 	0.199249 	0.145321 	0.079473 	 0.015359 
0.067466 	0.215186 	0.155612 	0.089871 	 0.015694 
0.063359 	0.209896 	0.152030 	0.087527 	 0.015674 
0.080894 	0.197083 	0.143790 	0.082135 	 0.015651 
0.057107 	0.216013 	0.156022 	0.092491 	 0.016511 
0.073686 	0.207160 	0.150179 	0.087025 	 0.015106 
0.075371 	0.205442 	0.149077 	0.086255 	 0.014757 
0.075848 	0.204724 	0.149096 	0.085004 	 0.016060 
0.063220 	0.218173 	0.157613 	0.094704 	 0.016343 
0.071884 	0.203491 	0.148292 	0.083520 	 0.015688 
0.079446 	0.198972 	0.145198 	0.082985 	 0.015815 
0.075217 	0.205954 	0.149945 	0.086097 	 0.016041 
0.063593 	0.214585 	0.155427 	0.091900 	 0.015867 
0.075412 	0.195041 	0.142976 	0.077022 	 0.015155 
0.065887 	0.209981 	0.153031 	0.085687 	 0.016325 
0.052855 	0.209145 	0.152243 	0.085719 	 0.016701 
0.085680 	0.193857 	0.142274 	0.075922 	 0.014236 
0.065190 	0.207132 	0.150538 	0.088179 	 0.015655 
0.064531 	0.222433 	0.161074 	0.094989 	 0.016405 
0.064419 	0.209020 	0.152010 	0.088299 	 0.015703 
0.065065 	0.205506 	0.149861 	0.083966 	 0.015289 
0.072711 	0.204999 	0.149705 	0.084015 	 0.015427 
0.053737 	0.218180 	0.158441 	0.093110 	 0.017250 
0.053954 	0.213476 	0.155224 	0.090685 	 0.016793 
0.069202 	0.210306 	0.153890 	0.084795 	 0.016510 
0.056647 	0.232035 	0.167055 	0.104907 	 0.017552 
0.062568 	0.202328 	0.147998 	0.083172 	 0.015836 
0.080710 	0.201470 	0.148042 	0.079468 	 0.015307 
0.068938 	0.203435 	0.149013 	0.082573 	 0.015924 
0.064807 	0.218546 	0.158800 	0.092309 	 0.015988 
0.081275 	0.200553 	0.147295 	0.078193 	 0.014473 
0.053932 	0.223742 	0.162529 	0.094583 	 0.016939 
0.078828 	0.206015 	0.151363 	0.080067 	 0.014934 
0.062576 	0.215845 	0.157208 	0.091655 	 0.016856 
0.073887 	0.211639 	0.154548 	0.088220 	 0.015698 
0.055510 	0.216475 	0.158264 	0.087537 	 0.016830 
0.057961 	0.213319 	0.155894 	0.087437 	 0.016733 
0.063075 	0.220509 	0.160549 	0.094716 	 0.016770 
0.065008 	0.211595 	0.154701 	0.088463 	 0.016291 
0.061153 	0.207464 	0.151940 	0.085781 	 0.016110 
0.058998 	0.210146 	0.153834 	0.087503 	 0.016579 
0.060501 	0.219773 	0.160294 	0.090936 	 0.016623 
0.078569 	0.199631 	0.147854 	0.074258 	 0.015332 
0.074780 	0.214406 	0.157094 	0.088531 	 0.015737 
0.071240 	0.213798 	0.156505 	0.087844 	 0.015925 
0.081691 	0.198524 	0.146755 	0.076637 	 0.015039 
0.080766 	0.194630 	0.144623 	0.072111 	 0.015161 
0.074772 	0.204318 	0.150682 	0.080065 	 0.015925 
0.080849 	0.192137 	0.142891 	0.071378 	 0.015126 
0.089512 	0.192711 	0.143178 	0.073119 	 0.014291 
0.079961 	0.208775 	0.153578 	0.084946 	 0.016113 
0.084548 	0.188527 	0.140282 	0.072498 	 0.014987 
0.081890 	0.201723 	0.149438 	0.077885 	 0.015529 
0.073912 	0.210492 	0.155058 	0.083710 	 0.015855 
0.073333 	0.204120 	0.151309 	0.079004 	 0.016209 
0.076232 	0.208347 	0.153583 	0.084797 	 0.016526 
0.092104 	0.197160 	0.146924 	0.073913 	 0.014738 
0.073366 	0.203890 	0.150453 	0.080478 	 0.015866 
0.080718 	0.198295 	0.147505 	0.074803 	 0.015850 
0.079979 	0.193717 	0.144271 	0.071934 	 0.015198 
0.090809 	0.196400 	0.146315 	0.071985 	 0.014201 
0.094643 	0.197823 	0.146889 	0.075457 	 0.014611 
0.088919 	0.188004 	0.140595 	0.068715 	 0.013907 
0.078026 	0.200320 	0.148599 	0.078053 	 0.015839 
0.070250 	0.211020 	0.155863 	0.084506 	 0.016386 
0.074563 	0.202714 	0.150925 	0.075389 	 0.015227 
0.080805 	0.205593 	0.152473 	0.080519 	 0.015818 
0.084528 	0.196066 	0.146383 	0.072648 	 0.014922 
0.098205 	0.187114 	0.141014 	0.064102 	 0.013956 
0.095504 	0.194504 	0.145254 	0.071715 	 0.014519 
0.089094 	0.197583 	0.147845 	0.073331 	 0.015389 
0.094731 	0.183597 	0.138405 	0.063755 	 0.014155 
0.087453 	0.202142 	0.150609 	0.077296 	 0.014462 
0.075467 	0.212698 	0.157713 	0.083099 	 0.016439 
0.106379 	0.185810 	0.139972 	0.065943 	 0.013490 
0.084209 	0.201124 	0.150297 	0.076552 	 0.016034 
0.077658 	0.202850 	0.151633 	0.075758 	 0.015691 
0.092924 	0.191599 	0.143934 	0.069486 	 0.014640 
0.088099 	0.199162 	0.149356 	0.073558 	 0.015607 
0.084382 	0.199157 	0.148965 	0.074358 	 0.015275 
0.087918 	0.205233 	0.152667 	0.081044 	 0.015553 
0.088236 	0.192272 	0.144615 	0.070794 	 0.015153 
0.094757 	0.183460 	0.138691 	0.064592 	 0.014228 
0.088465 	0.204197 	0.152893 	0.075556 	 0.015601 
0.080754 	0.201768 	0.150646 	0.074718 	 0.015148 
0.097615 	0.189224 	0.143190 	0.067368 	 0.014472 
0.101632 	0.184547 	0.139863 	0.066913 	 0.014812 
0.092228 	0.203891 	0.152791 	0.076388 	 0.015235 
0.086618 	0.201747 	0.150995 	0.074928 	 0.015162 
0.097940 	0.188138 	0.142672 	0.064350 	 0.014326 
0.088716 	0.196881 	0.148375 	0.070813 	 0.015372 
0.095122 	0.197330 	0.148558 	0.070626 	 0.014956 
0.101601 	0.182946 	0.139291 	0.062567 	 0.014778 
0.100973 	0.182858 	0.139155 	0.062547 	 0.014663 
0.105927 	0.183558 	0.140105 	0.059370 	 0.014049 
0.090761 	0.199215 	0.149875 	0.072479 	 0.015175 
0.112081 	0.171022 	0.131882 	0.052233 	 0.013438 
0.090744 	0.200315 	0.150188 	0.077057 	 0.015407 
0.108491 	0.186402 	0.141715 	0.062846 	 0.013413 
0.084334 	0.209227 	0.156009 	0.082831 	 0.015736 
0.096929 	0.191748 	0.145140 	0.066427 	 0.014220 
0.099379 	0.194398 	0.147235 	0.070144 	 0.014613 
0.096619 	0.191541 	0.144946 	0.067805 	 0.014156 
0.107413 	0.185343 	0.141366 	0.063361 	 0.013505 
0.101691 	0.192537 	0.145878 	0.066467 	 0.014118 
0.099638 	0.186471 	0.141779 	0.065256 	 0.014001 
0.107685 	0.189351 	0.144462 	0.063862 	 0.014168 
0.108999 	0.175746 	0.135730 	0.053678 	 0.013845 
0.090710 	0.203236 	0.152469 	0.077586 	 0.015015 
0.101369 	0.196690 	0.148822 	0.073857 	 0.015869 
0.077482 	0.212026 	0.159175 	0.079336 	 0.016060 
0.099886 	0.183044 	0.140371 	0.060178 	 0.014343 
0.106311 	0.179181 	0.138119 	0.056628 	 0.014167 
0.095701 	0.191423 	0.145919 	0.066401 	 0.015321 
0.096125 	0.195146 	0.148691 	0.067084 	 0.015122 
0.074913 	0.218129 	0.163053 	0.085139 	 0.016819 
0.088318 	0.200679 	0.152198 	0.072432 	 0.016169 
0.088349 	0.192548 	0.146778 	0.064323 	 0.015215 
0.094955 	0.194423 	0.148321 	0.066511 	 0.015388 
0.092338 	0.196920 	0.149845 	0.068554 	 0.015198 
0.091186 	0.195783 	0.149112 	0.068217 	 0.014885 
0.082149 	0.197884 	0.150512 	0.067943 	 0.015197 
0.076055 	0.202498 	0.153573 	0.071615 	 0.015797 
0.105350 	0.181608 	0.139777 	0.059421 	 0.013523 
0.099000 	0.187629 	0.143568 	0.063317 	 0.013624 
0.098120 	0.186910 	0.143311 	0.060670 	 0.013827 
0.085239 	0.192374 	0.147198 	0.064476 	 0.015348 
0.098642 	0.186327 	0.143297 	0.061441 	 0.014015 
0.087627 	0.186895 	0.143162 	0.065133 	 0.015644 
0.089809 	0.196535 	0.149232 	0.071554 	 0.014859 
0.084821 	0.193765 	0.148521 	0.066173 	 0.015640 
0.093511 	0.194816 	0.149027 	0.066661 	 0.015274 
0.092795 	0.182618 	0.141191 	0.059390 	 0.014957 
0.084184 	0.195050 	0.148920 	0.068312 	 0.015565 
0.081915 	0.191887 	0.147114 	0.063879 	 0.015171 
0.083513 	0.197044 	0.150536 	0.069313 	 0.016152 
0.091744 	0.194583 	0.149102 	0.067937 	 0.015553 
0.089530 	0.189346 	0.145618 	0.060864 	 0.015002 
0.113889 	0.175087 	0.136556 	0.054593 	 0.013370 
0.090856 	0.199693 	0.152446 	0.067752 	 0.014813 
0.089852 	0.177646 	0.137931 	0.054459 	 0.014341 
0.104166 	0.181115 	0.141013 	0.056052 	 0.014650 
0.100619 	0.179652 	0.139767 	0.054469 	 0.013915 
0.093562 	0.192517 	0.148044 	0.062262 	 0.014568 
0.092059 	0.193266 	0.148957 	0.063482 	 0.015661 
0.102460 	0.182146 	0.141185 	0.059799 	 0.014190 
0.093584 	0.181787 	0.140975 	0.060740 	 0.014966 
0.089494 	0.197167 	0.151567 	0.065188 	 0.015319 
0.100368 	0.182190 	0.141795 	0.057813 	 0.014589 
0.101414 	0.172978 	0.135384 	0.051610 	 0.013664 
0.095250 	0.190607 	0.147240 	0.062403 	 0.014828 
0.087372 	0.198883 	0.152542 	0.068857 	 0.015939 
0.095771 	0.186254 	0.144897 	0.055677 	 0.014799 
0.089979 	0.176671 	0.137826 	0.054129 	 0.014095 
0.109337 	0.174616 	0.137150 	0.052457 	 0.013656 
0.078944 	0.197114 	0.151729 	0.067273 	 0.016117 
0.097018 	0.183861 	0.142989 	0.059340 	 0.013890 
0.093100 	0.183537 	0.142929 	0.057899 	 0.015165 
0.088674 	0.186767 	0.145445 	0.058110 	 0.015670 
0.093806 	0.188845 	0.147029 	0.058659 	 0.015241 
0.101612 	0.173941 	0.136581 	0.054966 	 0.014272 
0.069445 	0.209715 	0.160225 	0.074669 	 0.016387 
