di 	gli 	gal 	gos3 	 gos4 
0.421218 	0.025570 	0.015448 	0.017220 	 -0.002028 
0.415485 	0.039113 	0.024174 	0.030504 	 -0.000239 
0.442558 	0.028521 	0.016181 	0.036022 	 -0.001303 
0.419062 	0.050967 	0.031211 	0.051590 	 0.000789 
0.428501 	0.051765 	0.031504 	0.051970 	 0.000193 
0.421222 	0.059198 	0.036604 	0.056396 	 0.000653 
0.408314 	0.061684 	0.038015 	0.059734 	 0.001295 
0.428530 	0.048454 	0.029585 	0.048812 	 -0.000001 
0.423684 	0.059540 	0.036716 	0.055963 	 0.000300 
0.417684 	0.058641 	0.035667 	0.057142 	 0.000126 
0.421551 	0.047188 	0.028384 	0.049567 	 0.000341 
0.409202 	0.057297 	0.034859 	0.057449 	 0.001276 
0.411852 	0.056673 	0.034292 	0.055905 	 0.000568 
0.414033 	0.049536 	0.029640 	0.054031 	 0.000708 
0.397389 	0.078568 	0.048921 	0.069632 	 0.001752 
0.416600 	0.059973 	0.036348 	0.062613 	 0.001271 
0.406644 	0.063010 	0.038875 	0.059377 	 0.001547 
0.413271 	0.068261 	0.042120 	0.064238 	 0.000982 
0.402401 	0.062552 	0.038498 	0.059794 	 0.001157 
0.403961 	0.060828 	0.037636 	0.058591 	 0.002031 
0.395581 	0.076624 	0.047524 	0.070022 	 0.002694 
0.402937 	0.069473 	0.043493 	0.061088 	 0.001645 
0.409319 	0.059737 	0.036638 	0.056858 	 0.000483 
0.386006 	0.077267 	0.048116 	0.072044 	 0.003409 
0.408110 	0.063699 	0.038865 	0.063876 	 0.001263 
0.394088 	0.077774 	0.048251 	0.070419 	 0.002254 
0.396120 	0.070276 	0.043674 	0.065139 	 0.002495 
0.392514 	0.069189 	0.042830 	0.066001 	 0.002288 
0.400737 	0.060664 	0.037494 	0.058718 	 0.002133 
0.389369 	0.080693 	0.050468 	0.072351 	 0.003104 
0.388009 	0.076486 	0.047656 	0.070854 	 0.003009 
0.385790 	0.078841 	0.048833 	0.075306 	 0.003501 
0.388231 	0.077143 	0.047884 	0.072358 	 0.002947 
0.391755 	0.072895 	0.045170 	0.068605 	 0.002747 
0.393238 	0.072011 	0.044501 	0.066897 	 0.002342 
0.393131 	0.068336 	0.042446 	0.063832 	 0.002453 
0.385606 	0.075205 	0.046374 	0.071939 	 0.003045 
0.384780 	0.075400 	0.046873 	0.071700 	 0.003107 
0.382793 	0.077851 	0.048278 	0.074217 	 0.003353 
0.371633 	0.087327 	0.054404 	0.079112 	 0.004233 
0.379552 	0.076285 	0.047308 	0.069141 	 0.002947 
0.366892 	0.082927 	0.051634 	0.073610 	 0.003803 
0.367947 	0.098345 	0.061484 	0.088003 	 0.004547 
0.383668 	0.078011 	0.048558 	0.072248 	 0.003320 
0.383262 	0.076447 	0.047780 	0.071926 	 0.003944 
0.377699 	0.081640 	0.050865 	0.076363 	 0.003684 
0.359666 	0.100295 	0.063058 	0.087342 	 0.005228 
0.369728 	0.086499 	0.054023 	0.076817 	 0.003706 
0.372937 	0.083578 	0.052356 	0.074715 	 0.003512 
0.362725 	0.099986 	0.062895 	0.085213 	 0.004402 
0.374207 	0.083271 	0.051858 	0.074881 	 0.002990 
0.361726 	0.084395 	0.052728 	0.075343 	 0.003874 
0.360245 	0.091333 	0.057415 	0.080347 	 0.004319 
0.374577 	0.086925 	0.055257 	0.072813 	 0.003832 
0.362158 	0.088721 	0.055640 	0.077703 	 0.004161 
0.347252 	0.101240 	0.063821 	0.086768 	 0.005331 
0.355681 	0.098842 	0.062418 	0.084687 	 0.005052 
0.354140 	0.097719 	0.061647 	0.083785 	 0.004770 
0.344266 	0.106121 	0.066803 	0.090583 	 0.004926 
0.365096 	0.089120 	0.056012 	0.080553 	 0.004984 
0.357720 	0.093049 	0.059029 	0.081126 	 0.004688 
0.343918 	0.109648 	0.069325 	0.093595 	 0.005741 
0.353268 	0.092859 	0.058301 	0.082355 	 0.004443 
0.357577 	0.090572 	0.056753 	0.080902 	 0.004495 
0.348386 	0.098297 	0.061928 	0.085838 	 0.005611 
0.330768 	0.115347 	0.073136 	0.096460 	 0.006730 
0.347089 	0.090118 	0.056502 	0.079540 	 0.004535 
0.340185 	0.102017 	0.064187 	0.089510 	 0.005300 
0.340080 	0.104911 	0.066357 	0.089467 	 0.006007 
0.337410 	0.109216 	0.069316 	0.092599 	 0.006469 
0.357283 	0.097332 	0.061399 	0.085678 	 0.004609 
0.344322 	0.097543 	0.061400 	0.083782 	 0.005189 
0.342669 	0.108118 	0.068464 	0.093721 	 0.005974 
0.336196 	0.115155 	0.073172 	0.096686 	 0.006305 
0.338115 	0.110660 	0.070038 	0.094317 	 0.006116 
0.345907 	0.100579 	0.063537 	0.086046 	 0.005602 
0.334248 	0.110737 	0.070095 	0.093260 	 0.005769 
0.349149 	0.102972 	0.065204 	0.087659 	 0.005178 
0.347722 	0.098529 	0.062506 	0.083274 	 0.005276 
0.326279 	0.114754 	0.072692 	0.094984 	 0.006448 
0.347780 	0.093805 	0.059131 	0.080224 	 0.004280 
0.328540 	0.106651 	0.067747 	0.088921 	 0.006155 
0.334400 	0.102148 	0.064826 	0.086717 	 0.005965 
0.337730 	0.102571 	0.065747 	0.084006 	 0.006052 
0.342700 	0.093313 	0.058824 	0.081455 	 0.004903 
0.344391 	0.098407 	0.062708 	0.084933 	 0.006131 
0.327457 	0.112047 	0.071490 	0.091288 	 0.006287 
0.329605 	0.101474 	0.064677 	0.085272 	 0.006062 
0.326111 	0.110547 	0.070060 	0.093607 	 0.005898 
0.333625 	0.103825 	0.065767 	0.087674 	 0.005454 
0.342801 	0.097280 	0.061842 	0.082829 	 0.005346 
0.329960 	0.105848 	0.067355 	0.089120 	 0.006045 
0.330453 	0.111054 	0.070485 	0.093296 	 0.006543 
0.324365 	0.120843 	0.076982 	0.101102 	 0.007132 
0.328618 	0.103930 	0.066030 	0.090323 	 0.006253 
0.333326 	0.100294 	0.063680 	0.084573 	 0.005895 
0.320307 	0.121259 	0.077377 	0.099546 	 0.007527 
0.337425 	0.103749 	0.065946 	0.089407 	 0.006201 
0.328988 	0.109762 	0.070290 	0.089384 	 0.006234 
0.319316 	0.114855 	0.073284 	0.095651 	 0.007411 
0.329853 	0.109467 	0.069847 	0.090138 	 0.006143 
0.318735 	0.120701 	0.077507 	0.094065 	 0.006937 
0.321119 	0.115691 	0.073878 	0.094436 	 0.006630 
0.322031 	0.110163 	0.070133 	0.090605 	 0.006479 
0.326595 	0.112971 	0.072136 	0.092699 	 0.005856 
0.322645 	0.109875 	0.070396 	0.089606 	 0.006713 
0.322633 	0.107324 	0.068484 	0.087885 	 0.006228 
0.323567 	0.118894 	0.076247 	0.096609 	 0.006959 
0.317818 	0.113937 	0.073159 	0.092542 	 0.006916 
0.317617 	0.118547 	0.076294 	0.094397 	 0.007077 
0.310738 	0.133309 	0.086094 	0.102364 	 0.007828 
0.324018 	0.121487 	0.077890 	0.098114 	 0.006786 
0.315529 	0.126473 	0.081345 	0.102589 	 0.008069 
0.326967 	0.110068 	0.070471 	0.088149 	 0.006029 
0.319327 	0.110552 	0.070664 	0.089653 	 0.006613 
0.306033 	0.128000 	0.082441 	0.098077 	 0.006868 
0.315755 	0.120190 	0.076963 	0.098087 	 0.007480 
0.315450 	0.116800 	0.075159 	0.093233 	 0.007459 
0.320022 	0.115358 	0.074311 	0.093323 	 0.007432 
0.317745 	0.113034 	0.072576 	0.090127 	 0.006137 
0.315435 	0.113927 	0.073308 	0.091871 	 0.007090 
0.320238 	0.119669 	0.076819 	0.096459 	 0.006480 
0.301352 	0.139352 	0.090144 	0.106946 	 0.008552 
0.296734 	0.138286 	0.089145 	0.107124 	 0.008122 
0.284450 	0.149215 	0.095851 	0.116765 	 0.008770 
0.299083 	0.140996 	0.090967 	0.110103 	 0.008623 
0.297671 	0.133667 	0.085761 	0.107051 	 0.008006 
0.316924 	0.119167 	0.077297 	0.090881 	 0.006705 
0.303884 	0.136875 	0.089060 	0.103568 	 0.008535 
0.308209 	0.124337 	0.080292 	0.095619 	 0.006632 
0.296799 	0.137959 	0.089099 	0.108542 	 0.008419 
0.287819 	0.140815 	0.091200 	0.107482 	 0.008948 
0.302372 	0.128978 	0.083258 	0.100145 	 0.007316 
0.304026 	0.133626 	0.086257 	0.105841 	 0.008113 
0.304686 	0.131775 	0.085142 	0.102847 	 0.007879 
0.304528 	0.119445 	0.076704 	0.094860 	 0.006856 
0.284159 	0.137122 	0.088985 	0.104951 	 0.008853 
0.296409 	0.139200 	0.090628 	0.104226 	 0.008425 
0.311580 	0.131784 	0.085396 	0.098279 	 0.006417 
0.297043 	0.134155 	0.086899 	0.102590 	 0.008070 
0.287265 	0.138038 	0.089109 	0.107222 	 0.008892 
0.280815 	0.147326 	0.094973 	0.114701 	 0.008903 
0.289514 	0.130683 	0.084541 	0.101356 	 0.008291 
0.307984 	0.122282 	0.079505 	0.092519 	 0.006933 
0.304248 	0.131102 	0.085241 	0.100417 	 0.007579 
0.295100 	0.144000 	0.093871 	0.106915 	 0.008363 
0.286047 	0.142799 	0.092953 	0.105680 	 0.008269 
0.291133 	0.140612 	0.091323 	0.103997 	 0.007986 
0.284330 	0.138119 	0.089604 	0.105473 	 0.008977 
0.290032 	0.126028 	0.082095 	0.093634 	 0.007685 
0.290130 	0.140143 	0.090926 	0.105656 	 0.008486 
0.292854 	0.131027 	0.085126 	0.097873 	 0.007554 
0.281600 	0.142372 	0.092494 	0.104200 	 0.007759 
0.296764 	0.132725 	0.086095 	0.102512 	 0.007830 
0.288019 	0.132183 	0.086241 	0.097922 	 0.008355 
0.292262 	0.136456 	0.088471 	0.103436 	 0.008296 
0.285855 	0.137836 	0.089973 	0.101888 	 0.008514 
0.271886 	0.150528 	0.098206 	0.110095 	 0.009390 
0.291274 	0.135927 	0.088706 	0.099134 	 0.007724 
0.285767 	0.136639 	0.089086 	0.101429 	 0.007942 
0.292884 	0.134164 	0.087447 	0.099417 	 0.007345 
0.282662 	0.137199 	0.089169 	0.101546 	 0.007695 
0.284039 	0.145526 	0.094841 	0.106005 	 0.007711 
0.280973 	0.147574 	0.095859 	0.110723 	 0.008970 
0.299787 	0.135631 	0.088793 	0.099553 	 0.007644 
0.285210 	0.138288 	0.090311 	0.099724 	 0.007861 
0.277034 	0.149507 	0.097487 	0.109845 	 0.009066 
0.284245 	0.149056 	0.097360 	0.108171 	 0.008271 
0.274280 	0.147048 	0.096030 	0.107475 	 0.008578 
0.276817 	0.151579 	0.099315 	0.109394 	 0.009105 
0.296032 	0.133443 	0.087041 	0.100296 	 0.007604 
0.263917 	0.156116 	0.101858 	0.112944 	 0.009605 
0.275382 	0.153006 	0.099956 	0.111008 	 0.009315 
0.274386 	0.146333 	0.095494 	0.107742 	 0.008922 
0.277514 	0.154923 	0.101502 	0.111447 	 0.009165 
0.269920 	0.159475 	0.104541 	0.113335 	 0.009126 
0.271250 	0.159311 	0.104263 	0.117408 	 0.009895 
0.260404 	0.158437 	0.103397 	0.113295 	 0.009184 
0.281655 	0.143974 	0.094188 	0.104211 	 0.008597 
0.274045 	0.154991 	0.101516 	0.111557 	 0.008951 
0.270628 	0.153465 	0.100786 	0.108286 	 0.008599 
0.262180 	0.156106 	0.102790 	0.109367 	 0.010115 
0.278487 	0.143328 	0.094240 	0.102321 	 0.008753 
0.257220 	0.174541 	0.114465 	0.124581 	 0.010506 
0.251729 	0.170904 	0.112199 	0.121725 	 0.011128 
0.267037 	0.153101 	0.100979 	0.106251 	 0.009713 
0.260634 	0.158643 	0.104109 	0.112465 	 0.009634 
0.263764 	0.151361 	0.099550 	0.108721 	 0.009950 
0.266049 	0.155844 	0.101949 	0.112643 	 0.009686 
0.264445 	0.166425 	0.109290 	0.121787 	 0.010745 
0.251909 	0.173809 	0.114362 	0.119203 	 0.010239 
0.250449 	0.175207 	0.115099 	0.122677 	 0.010864 
0.259220 	0.170984 	0.112193 	0.121869 	 0.010638 
0.257059 	0.174569 	0.115053 	0.121218 	 0.010817 
0.262341 	0.166043 	0.109569 	0.113867 	 0.010098 
0.269582 	0.155264 	0.102448 	0.107310 	 0.008955 
0.259219 	0.158139 	0.104204 	0.109604 	 0.009843 
0.261196 	0.168044 	0.110554 	0.115507 	 0.009291 
0.267640 	0.160725 	0.106328 	0.109930 	 0.009593 
0.267910 	0.162345 	0.107355 	0.111120 	 0.009813 
0.254090 	0.161185 	0.106350 	0.109570 	 0.009539 
0.260669 	0.170424 	0.112263 	0.117710 	 0.009418 
0.262781 	0.170808 	0.112683 	0.117267 	 0.009688 
0.255441 	0.165126 	0.108991 	0.114796 	 0.010325 
0.265681 	0.162473 	0.107442 	0.114035 	 0.009796 
0.268544 	0.158653 	0.105192 	0.108406 	 0.009475 
0.243477 	0.174524 	0.115141 	0.120088 	 0.010690 
0.251616 	0.170812 	0.112990 	0.114237 	 0.010125 
0.257278 	0.164504 	0.108680 	0.112802 	 0.009715 
0.245103 	0.176092 	0.116372 	0.120435 	 0.010708 
0.261840 	0.160853 	0.106593 	0.108880 	 0.008942 
0.253742 	0.172408 	0.114057 	0.117060 	 0.009901 
0.253236 	0.174024 	0.114801 	0.117600 	 0.009570 
0.258725 	0.161357 	0.107044 	0.110081 	 0.009926 
0.252028 	0.167409 	0.110781 	0.114789 	 0.010234 
0.257039 	0.157850 	0.104501 	0.107006 	 0.008942 
0.245333 	0.176158 	0.116780 	0.118273 	 0.010662 
0.257344 	0.163557 	0.108496 	0.109820 	 0.009386 
0.247529 	0.170642 	0.112632 	0.116046 	 0.009658 
0.255722 	0.160993 	0.106900 	0.108169 	 0.009561 
0.248095 	0.176814 	0.117267 	0.118895 	 0.010509 
0.255324 	0.161282 	0.107228 	0.109348 	 0.009840 
0.250957 	0.163980 	0.108816 	0.110804 	 0.009964 
0.253214 	0.163255 	0.108660 	0.109544 	 0.009937 
0.252147 	0.171394 	0.113675 	0.115385 	 0.010146 
0.245182 	0.174596 	0.116035 	0.116043 	 0.010197 
0.246896 	0.170942 	0.113345 	0.115673 	 0.010482 
0.248642 	0.165676 	0.110259 	0.109475 	 0.010034 
0.242352 	0.173517 	0.115291 	0.116431 	 0.010820 
0.237369 	0.174646 	0.115860 	0.117207 	 0.010513 
0.241402 	0.180417 	0.119794 	0.122332 	 0.010709 
0.237067 	0.171635 	0.114243 	0.112428 	 0.010662 
0.239675 	0.181446 	0.120494 	0.120000 	 0.010948 
0.238459 	0.175844 	0.116602 	0.119366 	 0.011192 
0.237886 	0.187276 	0.124361 	0.122831 	 0.010814 
0.228881 	0.176147 	0.117241 	0.114597 	 0.011385 
0.234496 	0.181367 	0.119947 	0.120367 	 0.010826 
0.241076 	0.167054 	0.111485 	0.107498 	 0.010033 
0.244903 	0.173533 	0.115566 	0.113990 	 0.010250 
0.233926 	0.179206 	0.119463 	0.115078 	 0.010748 
0.242602 	0.172765 	0.115479 	0.111714 	 0.010274 
0.243864 	0.171451 	0.114676 	0.109762 	 0.010469 
0.229967 	0.178275 	0.118070 	0.119504 	 0.010625 
0.222417 	0.194623 	0.128960 	0.131733 	 0.012244 
0.228806 	0.181110 	0.120378 	0.120035 	 0.011013 
0.240110 	0.167985 	0.112802 	0.105302 	 0.010286 
0.220908 	0.192968 	0.128689 	0.124110 	 0.011971 
0.233251 	0.173870 	0.116055 	0.111916 	 0.010461 
0.237397 	0.183741 	0.122598 	0.116229 	 0.010407 
0.234460 	0.185633 	0.123632 	0.121063 	 0.010561 
0.234352 	0.182952 	0.122202 	0.118466 	 0.011293 
0.222220 	0.189980 	0.127023 	0.121760 	 0.011925 
0.236489 	0.180507 	0.120588 	0.115716 	 0.010250 
0.231980 	0.194825 	0.130468 	0.124269 	 0.011953 
0.219421 	0.193155 	0.129118 	0.122904 	 0.012198 
0.232720 	0.190492 	0.127585 	0.119896 	 0.010707 
0.210972 	0.205795 	0.137254 	0.132142 	 0.012453 
0.222283 	0.197507 	0.132328 	0.124874 	 0.012421 
0.214029 	0.197891 	0.132247 	0.124476 	 0.011943 
0.231047 	0.187522 	0.125879 	0.117677 	 0.011397 
0.224451 	0.204107 	0.136092 	0.131875 	 0.011849 
0.209427 	0.197243 	0.131607 	0.126102 	 0.011974 
0.223074 	0.197076 	0.131520 	0.125772 	 0.011471 
0.244762 	0.183014 	0.123059 	0.113301 	 0.009866 
0.228720 	0.177901 	0.119446 	0.109829 	 0.010301 
0.218780 	0.196170 	0.131376 	0.123387 	 0.011677 
0.225013 	0.186550 	0.125259 	0.117848 	 0.011557 
0.227021 	0.188106 	0.125521 	0.120796 	 0.010577 
0.219711 	0.195943 	0.131515 	0.125016 	 0.012549 
0.215995 	0.195064 	0.131023 	0.123014 	 0.012457 
0.228143 	0.188526 	0.126538 	0.119076 	 0.011305 
0.221030 	0.190821 	0.128281 	0.120185 	 0.012121 
0.209865 	0.200852 	0.134787 	0.125358 	 0.012269 
0.199026 	0.223261 	0.149336 	0.140208 	 0.013747 
0.216063 	0.203177 	0.136111 	0.130059 	 0.012414 
0.218935 	0.184918 	0.124589 	0.111794 	 0.011087 
0.217414 	0.196907 	0.131743 	0.125879 	 0.011650 
0.219857 	0.197329 	0.133156 	0.120047 	 0.012208 
0.211681 	0.199728 	0.133989 	0.124734 	 0.012308 
0.224728 	0.194339 	0.130910 	0.119393 	 0.011238 
0.232151 	0.182752 	0.123504 	0.111775 	 0.010790 
0.206632 	0.203067 	0.136511 	0.128115 	 0.012519 
0.212498 	0.191239 	0.129262 	0.114931 	 0.011709 
0.213411 	0.203752 	0.137061 	0.127738 	 0.012234 
0.214448 	0.205629 	0.138465 	0.126920 	 0.012208 
0.217726 	0.201864 	0.135723 	0.126764 	 0.012433 
0.220068 	0.205656 	0.138312 	0.127433 	 0.011329 
0.200400 	0.210118 	0.141166 	0.130418 	 0.012485 
0.211354 	0.206417 	0.138827 	0.128308 	 0.012293 
0.208937 	0.207958 	0.140174 	0.126930 	 0.012581 
0.205245 	0.210873 	0.142392 	0.127813 	 0.012645 
0.211003 	0.197640 	0.133842 	0.118848 	 0.012554 
0.205015 	0.206616 	0.139131 	0.125829 	 0.012018 
0.208697 	0.202833 	0.136852 	0.123097 	 0.011791 
0.210050 	0.200136 	0.134533 	0.124883 	 0.011687 
0.213340 	0.205674 	0.139487 	0.122366 	 0.012142 
0.206577 	0.211598 	0.142893 	0.127863 	 0.012392 
0.203986 	0.211335 	0.142824 	0.125727 	 0.012345 
0.197261 	0.219172 	0.147938 	0.130908 	 0.012876 
0.212336 	0.202625 	0.137052 	0.119707 	 0.011811 
0.215547 	0.195996 	0.132739 	0.118008 	 0.011691 
0.198723 	0.208721 	0.140942 	0.127105 	 0.012715 
0.204332 	0.204311 	0.138012 	0.125303 	 0.012620 
0.209219 	0.203984 	0.137923 	0.121458 	 0.011482 
0.203687 	0.205878 	0.139332 	0.123323 	 0.012556 
0.199629 	0.210272 	0.142357 	0.127368 	 0.013338 
0.207577 	0.201216 	0.136219 	0.120058 	 0.011580 
0.207651 	0.208149 	0.141149 	0.123658 	 0.012063 
0.203594 	0.210295 	0.142376 	0.124552 	 0.011868 
0.203378 	0.209221 	0.141840 	0.123234 	 0.012273 
0.215598 	0.191759 	0.130594 	0.111067 	 0.011032 
0.220416 	0.194811 	0.132484 	0.113315 	 0.010719 
0.211693 	0.190004 	0.129421 	0.109646 	 0.011077 
0.201479 	0.203945 	0.138017 	0.122759 	 0.012625 
0.200698 	0.208255 	0.140754 	0.127614 	 0.012597 
0.206879 	0.204897 	0.139101 	0.120448 	 0.011698 
0.206266 	0.196081 	0.133133 	0.116079 	 0.011864 
0.202041 	0.201305 	0.136625 	0.117929 	 0.011646 
0.203751 	0.205370 	0.139373 	0.120847 	 0.011633 
0.204102 	0.202587 	0.137964 	0.117934 	 0.012461 
0.200933 	0.202663 	0.137314 	0.121547 	 0.012609 
0.198801 	0.208846 	0.141459 	0.124652 	 0.012256 
0.205468 	0.205306 	0.139932 	0.117471 	 0.011670 
0.194213 	0.213828 	0.144801 	0.126913 	 0.012295 
0.203008 	0.197989 	0.134689 	0.116436 	 0.012147 
0.193820 	0.201974 	0.137112 	0.118607 	 0.011893 
0.185861 	0.214199 	0.145324 	0.124665 	 0.012107 
0.201587 	0.203973 	0.138735 	0.118043 	 0.012005 
0.198230 	0.205192 	0.139479 	0.120848 	 0.012375 
0.205319 	0.205451 	0.140034 	0.118974 	 0.011824 
0.205474 	0.204237 	0.139638 	0.115181 	 0.011648 
0.198572 	0.213470 	0.145614 	0.120571 	 0.012087 
0.202556 	0.203933 	0.139188 	0.117996 	 0.011924 
0.188783 	0.223287 	0.151499 	0.132034 	 0.012680 
0.197066 	0.204763 	0.139898 	0.116622 	 0.012079 
0.195228 	0.211283 	0.143852 	0.123807 	 0.012822 
0.200916 	0.207042 	0.141102 	0.120200 	 0.011391 
0.207793 	0.198731 	0.135793 	0.112368 	 0.011204 
0.188969 	0.221909 	0.151101 	0.128380 	 0.013018 
0.199919 	0.202631 	0.138737 	0.114898 	 0.011880 
0.184086 	0.216793 	0.147806 	0.124914 	 0.012999 
0.189017 	0.224206 	0.152869 	0.130096 	 0.013238 
0.189204 	0.219506 	0.149961 	0.125721 	 0.013163 
0.198949 	0.203836 	0.139641 	0.112313 	 0.011388 
0.176126 	0.216744 	0.148192 	0.123735 	 0.013876 
0.177918 	0.218257 	0.148798 	0.123990 	 0.013307 
0.196747 	0.209370 	0.143110 	0.117470 	 0.012423 
0.186635 	0.219572 	0.149794 	0.124916 	 0.012994 
0.167137 	0.232598 	0.158082 	0.134988 	 0.014781 
0.181999 	0.213973 	0.146531 	0.120184 	 0.013026 
0.179993 	0.223257 	0.152349 	0.127739 	 0.013524 
0.186918 	0.208954 	0.143073 	0.117584 	 0.012490 
0.171780 	0.228959 	0.155945 	0.132669 	 0.013908 
0.183070 	0.217097 	0.148873 	0.122142 	 0.013643 
0.179093 	0.224062 	0.152811 	0.127051 	 0.013543 
0.181598 	0.220260 	0.150808 	0.123419 	 0.013046 
0.178243 	0.214203 	0.146738 	0.120462 	 0.012977 
0.191420 	0.209605 	0.144100 	0.114990 	 0.012321 
0.179740 	0.217422 	0.149290 	0.120291 	 0.013134 
0.177832 	0.225502 	0.154100 	0.125638 	 0.013497 
0.174111 	0.229833 	0.157052 	0.130217 	 0.013613 
0.170809 	0.230849 	0.157394 	0.131443 	 0.013787 
0.170592 	0.225544 	0.154545 	0.125363 	 0.013881 
0.189067 	0.221086 	0.151865 	0.122211 	 0.012806 
0.174333 	0.229049 	0.157382 	0.125037 	 0.013823 
0.174857 	0.225463 	0.154658 	0.124364 	 0.013614 
0.179717 	0.221479 	0.152131 	0.121617 	 0.012797 
0.193347 	0.208753 	0.143976 	0.114259 	 0.012357 
0.186204 	0.218796 	0.150209 	0.121446 	 0.013107 
0.166366 	0.234170 	0.160707 	0.130379 	 0.014419 
0.184887 	0.218836 	0.150610 	0.119592 	 0.012993 
0.168559 	0.221951 	0.152822 	0.120902 	 0.013684 
0.180443 	0.226988 	0.156003 	0.123396 	 0.012704 
0.185442 	0.215782 	0.148490 	0.116881 	 0.011801 
0.169801 	0.233350 	0.159915 	0.129600 	 0.013418 
0.160247 	0.236692 	0.162559 	0.130486 	 0.014725 
0.178437 	0.235557 	0.162217 	0.127400 	 0.014047 
0.176569 	0.233205 	0.160142 	0.128605 	 0.013361 
0.173979 	0.223896 	0.154353 	0.122790 	 0.014070 
0.179028 	0.221212 	0.152013 	0.122196 	 0.012530 
0.167450 	0.231401 	0.158830 	0.129428 	 0.014274 
0.176543 	0.229011 	0.157592 	0.126408 	 0.013681 
0.170157 	0.230254 	0.158373 	0.127430 	 0.013973 
0.178303 	0.233627 	0.160716 	0.130072 	 0.014238 
0.183357 	0.227149 	0.156848 	0.123219 	 0.013627 
0.174839 	0.231511 	0.159513 	0.125311 	 0.013828 
0.166413 	0.239217 	0.164495 	0.133548 	 0.014869 
0.176145 	0.221536 	0.153299 	0.115975 	 0.013223 
0.167617 	0.235178 	0.161791 	0.127799 	 0.013944 
0.169409 	0.232136 	0.159874 	0.126784 	 0.014140 
0.168634 	0.238086 	0.164038 	0.129401 	 0.014558 
0.184500 	0.219091 	0.151721 	0.116732 	 0.012966 
0.166840 	0.234102 	0.161592 	0.127787 	 0.014913 
0.164896 	0.237705 	0.163809 	0.127316 	 0.013739 
0.170525 	0.234430 	0.161743 	0.124650 	 0.013412 
0.155417 	0.242975 	0.167334 	0.130765 	 0.014488 
0.164490 	0.240400 	0.165592 	0.131228 	 0.015063 
0.173759 	0.233937 	0.161547 	0.126067 	 0.013847 
0.177221 	0.231125 	0.159934 	0.122747 	 0.013392 
0.157797 	0.234281 	0.161805 	0.124549 	 0.014158 
0.177362 	0.240459 	0.166117 	0.128002 	 0.013407 
0.166658 	0.237648 	0.163670 	0.130143 	 0.013512 
0.173601 	0.230266 	0.159454 	0.121878 	 0.013106 
0.165212 	0.227585 	0.157442 	0.122066 	 0.013858 
0.157318 	0.243297 	0.168086 	0.130549 	 0.014710 
0.160241 	0.247674 	0.170629 	0.133987 	 0.014257 
0.172193 	0.227489 	0.157741 	0.119678 	 0.012967 
0.188957 	0.218221 	0.152456 	0.111043 	 0.012514 
0.167109 	0.235096 	0.162981 	0.123037 	 0.013594 
0.165631 	0.243323 	0.168074 	0.129437 	 0.014075 
0.155089 	0.241351 	0.166670 	0.130193 	 0.014261 
0.156656 	0.246716 	0.170622 	0.131057 	 0.014479 
0.167876 	0.237983 	0.164831 	0.124397 	 0.014023 
0.146581 	0.249843 	0.172538 	0.134350 	 0.015296 
0.157407 	0.240296 	0.166298 	0.125673 	 0.014218 
0.166736 	0.236669 	0.164157 	0.123324 	 0.013491 
0.171009 	0.233903 	0.162615 	0.121028 	 0.013532 
0.171117 	0.233320 	0.162219 	0.121234 	 0.013634 
0.162282 	0.246197 	0.170458 	0.132250 	 0.014935 
0.171868 	0.234030 	0.162786 	0.119182 	 0.012861 
0.148948 	0.251062 	0.173870 	0.131916 	 0.015248 
0.155578 	0.249170 	0.172673 	0.129631 	 0.014315 
0.163690 	0.228172 	0.158720 	0.116647 	 0.013312 
0.170060 	0.229128 	0.159041 	0.118185 	 0.012433 
0.157408 	0.235471 	0.163780 	0.122874 	 0.014165 
0.164745 	0.241369 	0.167904 	0.124379 	 0.014033 
0.164747 	0.226521 	0.157857 	0.115080 	 0.012854 
0.157833 	0.236335 	0.164000 	0.124251 	 0.013717 
0.151906 	0.244659 	0.169306 	0.131458 	 0.014395 
0.152196 	0.246164 	0.170878 	0.130379 	 0.014726 
0.155172 	0.238533 	0.165873 	0.126094 	 0.014363 
0.155645 	0.234007 	0.162912 	0.120562 	 0.013676 
0.158111 	0.241270 	0.167388 	0.128565 	 0.014222 
0.162485 	0.239182 	0.166633 	0.121144 	 0.013252 
0.155336 	0.242971 	0.168855 	0.126861 	 0.014368 
0.147546 	0.245678 	0.170592 	0.128668 	 0.014664 
0.165081 	0.226807 	0.158609 	0.115792 	 0.013572 
0.138161 	0.259236 	0.179398 	0.138160 	 0.015479 
0.155938 	0.243702 	0.169704 	0.125427 	 0.014457 
0.139515 	0.261476 	0.181037 	0.138814 	 0.015211 
0.151943 	0.240551 	0.167759 	0.121855 	 0.014104 
0.152776 	0.241174 	0.167914 	0.127149 	 0.014586 
0.159678 	0.239692 	0.167375 	0.120852 	 0.014143 
0.149370 	0.246967 	0.172149 	0.126550 	 0.014271 
0.167048 	0.229354 	0.160686 	0.116577 	 0.013491 
0.160789 	0.239939 	0.167506 	0.123277 	 0.014218 
0.158561 	0.233783 	0.163774 	0.116897 	 0.013554 
0.158758 	0.231224 	0.162263 	0.114734 	 0.013521 
0.154324 	0.248774 	0.173453 	0.126058 	 0.013803 
0.151380 	0.248233 	0.172859 	0.131174 	 0.014544 
0.151949 	0.250633 	0.174957 	0.126046 	 0.014089 
0.150105 	0.248216 	0.173300 	0.126505 	 0.014829 
0.137289 	0.258843 	0.180101 	0.130831 	 0.014823 
0.137924 	0.261080 	0.181052 	0.137356 	 0.015405 
0.150440 	0.250266 	0.174448 	0.128325 	 0.015124 
0.157351 	0.234083 	0.164418 	0.116238 	 0.013818 
0.149568 	0.238398 	0.167106 	0.120854 	 0.014458 
0.154090 	0.244821 	0.171012 	0.123919 	 0.013994 
0.143150 	0.257584 	0.179837 	0.131152 	 0.015378 
0.144249 	0.250477 	0.174937 	0.127793 	 0.015014 
0.153019 	0.248457 	0.174432 	0.122904 	 0.015293 
0.135555 	0.254296 	0.177422 	0.128318 	 0.015060 
0.137393 	0.252583 	0.176652 	0.126443 	 0.015557 
0.161567 	0.233429 	0.164154 	0.111984 	 0.012707 
0.137189 	0.263391 	0.183264 	0.135669 	 0.015045 
0.131929 	0.261127 	0.181777 	0.135953 	 0.015745 
0.138390 	0.256491 	0.179278 	0.127811 	 0.014989 
0.151613 	0.245594 	0.172476 	0.119619 	 0.014036 
0.123802 	0.257507 	0.179956 	0.128229 	 0.016066 
0.141856 	0.252721 	0.177009 	0.122396 	 0.014080 
0.143185 	0.253813 	0.178086 	0.125077 	 0.015277 
0.134081 	0.256873 	0.179910 	0.128370 	 0.015249 
0.140629 	0.259380 	0.181423 	0.127885 	 0.014963 
0.134062 	0.249619 	0.175485 	0.122275 	 0.015486 
0.150006 	0.255562 	0.179403 	0.126660 	 0.014992 
0.137154 	0.257458 	0.180491 	0.128518 	 0.016059 
0.147712 	0.245225 	0.172507 	0.120300 	 0.014535 
0.150141 	0.242207 	0.170482 	0.118319 	 0.014204 
0.145953 	0.245869 	0.173378 	0.117944 	 0.014448 
0.131194 	0.267112 	0.186498 	0.135237 	 0.015627 
0.132067 	0.265967 	0.186237 	0.131118 	 0.015144 
0.133377 	0.265163 	0.185587 	0.132687 	 0.016057 
0.137039 	0.267687 	0.187331 	0.135726 	 0.015709 
0.146822 	0.253939 	0.178514 	0.124413 	 0.014957 
0.136467 	0.257757 	0.181189 	0.123656 	 0.014709 
0.128946 	0.261858 	0.183899 	0.129227 	 0.015779 
0.137595 	0.262266 	0.184179 	0.130272 	 0.015667 
0.125916 	0.267156 	0.187655 	0.133724 	 0.016741 
0.138621 	0.260503 	0.182901 	0.129800 	 0.015897 
0.126328 	0.269376 	0.188440 	0.136066 	 0.016585 
0.144393 	0.251525 	0.177326 	0.120594 	 0.014950 
0.142158 	0.261774 	0.183630 	0.132537 	 0.015400 
0.134940 	0.270353 	0.189521 	0.136947 	 0.016346 
0.136004 	0.262187 	0.184540 	0.126912 	 0.015606 
0.120194 	0.274069 	0.192015 	0.137777 	 0.016792 
0.143720 	0.251414 	0.177702 	0.119598 	 0.015171 
0.148326 	0.251123 	0.177750 	0.117000 	 0.014581 
0.139077 	0.258199 	0.181958 	0.126241 	 0.015504 
0.128255 	0.270869 	0.190151 	0.135920 	 0.016166 
0.127711 	0.277830 	0.194795 	0.138933 	 0.016728 
0.133207 	0.260798 	0.184017 	0.126321 	 0.015997 
0.107899 	0.285331 	0.199516 	0.145463 	 0.017670 
0.143166 	0.261088 	0.183866 	0.127173 	 0.014354 
0.142201 	0.253558 	0.179412 	0.119846 	 0.014368 
0.154219 	0.233582 	0.166839 	0.105031 	 0.013924 
0.132284 	0.261589 	0.184836 	0.126260 	 0.015549 
0.123909 	0.272609 	0.192161 	0.130793 	 0.015861 
0.136158 	0.268955 	0.189294 	0.130927 	 0.014836 
0.130707 	0.263670 	0.186390 	0.124701 	 0.015395 
0.140690 	0.266416 	0.188152 	0.128744 	 0.015650 
0.121390 	0.270213 	0.190802 	0.128858 	 0.015865 
0.131660 	0.264394 	0.187055 	0.125818 	 0.015966 
0.126016 	0.268918 	0.189980 	0.130789 	 0.016670 
0.126576 	0.268367 	0.189779 	0.126773 	 0.015858 
0.134809 	0.267908 	0.189515 	0.128567 	 0.016062 
0.128128 	0.272608 	0.192626 	0.130350 	 0.015963 
0.142508 	0.257826 	0.182602 	0.122521 	 0.015137 
0.132969 	0.267453 	0.189263 	0.125760 	 0.015480 
0.130651 	0.261023 	0.185228 	0.120016 	 0.014928 
0.126745 	0.272593 	0.192841 	0.130894 	 0.016334 
0.118016 	0.273969 	0.193370 	0.130946 	 0.016466 
0.130473 	0.261384 	0.185521 	0.121351 	 0.015011 
0.127715 	0.263412 	0.186983 	0.123807 	 0.015899 
0.115170 	0.278848 	0.197216 	0.133930 	 0.017320 
0.128514 	0.274483 	0.194618 	0.128240 	 0.016032 
0.129728 	0.270715 	0.191632 	0.127451 	 0.015648 
0.130980 	0.257590 	0.183112 	0.119371 	 0.014896 
0.128970 	0.275462 	0.194793 	0.133412 	 0.016233 
0.145412 	0.254272 	0.180976 	0.116195 	 0.014542 
0.123554 	0.275945 	0.195196 	0.135090 	 0.017214 
0.124221 	0.272214 	0.192655 	0.128263 	 0.015950 
0.113649 	0.287443 	0.203038 	0.136916 	 0.016877 
0.131707 	0.278457 	0.197290 	0.133893 	 0.016913 
0.133501 	0.261104 	0.185833 	0.120782 	 0.015799 
0.121112 	0.276000 	0.195307 	0.133080 	 0.016447 
0.138352 	0.267828 	0.190527 	0.123982 	 0.015520 
0.121511 	0.274418 	0.194572 	0.128790 	 0.016301 
0.123969 	0.273712 	0.194075 	0.129462 	 0.016202 
0.141225 	0.255139 	0.182182 	0.116834 	 0.014879 
0.122509 	0.274187 	0.194564 	0.130427 	 0.016594 
0.130512 	0.265153 	0.188830 	0.122274 	 0.015673 
0.119848 	0.273025 	0.193680 	0.129211 	 0.016358 
0.128836 	0.267868 	0.191071 	0.122518 	 0.016202 
0.121967 	0.272060 	0.193432 	0.127915 	 0.016263 
0.127700 	0.266713 	0.190497 	0.121526 	 0.016123 
0.135735 	0.254399 	0.181745 	0.115053 	 0.014993 
0.138995 	0.259515 	0.185437 	0.119917 	 0.015409 
0.129546 	0.280563 	0.199555 	0.131597 	 0.016668 
0.129750 	0.262074 	0.187591 	0.117355 	 0.015705 
0.113090 	0.280998 	0.199414 	0.134175 	 0.017218 
0.124959 	0.267128 	0.190726 	0.123139 	 0.016036 
0.117759 	0.276905 	0.196624 	0.132911 	 0.016989 
0.121842 	0.270971 	0.192629 	0.129278 	 0.016494 
0.121205 	0.278086 	0.198412 	0.127198 	 0.017074 
0.118038 	0.285348 	0.203091 	0.132418 	 0.017102 
0.122605 	0.275997 	0.196609 	0.126613 	 0.016359 
0.131750 	0.270307 	0.192922 	0.124731 	 0.015749 
0.112179 	0.286704 	0.203957 	0.135035 	 0.017761 
0.103572 	0.286852 	0.203650 	0.136358 	 0.017646 
0.127541 	0.267607 	0.191163 	0.122802 	 0.015942 
0.113526 	0.284254 	0.202433 	0.131621 	 0.016799 
0.123912 	0.277197 	0.197877 	0.127311 	 0.015737 
0.118951 	0.287178 	0.204125 	0.135268 	 0.016894 
0.119522 	0.281395 	0.200812 	0.129164 	 0.016965 
0.118262 	0.273103 	0.194869 	0.125960 	 0.016079 
0.124725 	0.277276 	0.198067 	0.127117 	 0.016342 
0.113915 	0.283750 	0.201833 	0.133783 	 0.017603 
0.127813 	0.270467 	0.193811 	0.122444 	 0.016398 
0.104943 	0.278183 	0.198966 	0.127006 	 0.017504 
0.118157 	0.280157 	0.200115 	0.130004 	 0.017336 
0.114590 	0.268777 	0.192877 	0.121332 	 0.016908 
0.110011 	0.276430 	0.197166 	0.127837 	 0.016564 
0.114837 	0.263802 	0.189688 	0.114697 	 0.015990 
0.120219 	0.271427 	0.194006 	0.126261 	 0.016166 
0.127589 	0.259872 	0.187160 	0.116735 	 0.016238 
0.112553 	0.261061 	0.187144 	0.117562 	 0.015849 
0.124044 	0.270000 	0.193547 	0.119942 	 0.015699 
0.127395 	0.257149 	0.184786 	0.116373 	 0.015194 
0.114906 	0.275319 	0.197637 	0.125393 	 0.017479 
0.129755 	0.262943 	0.189145 	0.116295 	 0.015329 
0.114831 	0.277750 	0.199143 	0.125879 	 0.017015 
0.124791 	0.264102 	0.189993 	0.118065 	 0.016102 
0.126428 	0.264642 	0.190528 	0.116481 	 0.015623 
0.109488 	0.277345 	0.199230 	0.122628 	 0.016967 
0.115107 	0.270011 	0.193705 	0.123043 	 0.016526 
0.133940 	0.255446 	0.185169 	0.109753 	 0.015793 
0.122882 	0.265566 	0.191117 	0.117597 	 0.015645 
0.127957 	0.269744 	0.194214 	0.120143 	 0.016141 
0.123775 	0.252696 	0.183745 	0.105022 	 0.015860 
0.135533 	0.259488 	0.187336 	0.113270 	 0.015134 
0.114189 	0.280632 	0.201043 	0.131342 	 0.017122 
0.109444 	0.292539 	0.209080 	0.136159 	 0.017714 
0.117381 	0.276012 	0.198396 	0.125447 	 0.017020 
0.131742 	0.269346 	0.194353 	0.120581 	 0.016202 
0.121438 	0.276958 	0.198863 	0.126917 	 0.016769 
0.114823 	0.274825 	0.197815 	0.123349 	 0.017118 
0.108464 	0.275103 	0.198285 	0.122359 	 0.017799 
0.110530 	0.284575 	0.204179 	0.130911 	 0.018088 
0.112145 	0.274765 	0.198037 	0.119411 	 0.016747 
0.118759 	0.269769 	0.195326 	0.115175 	 0.016497 
0.439767 	-0.000222 	0.001226 	-0.002481 	 -0.000138 
0.440775 	0.008149 	0.006767 	0.006105 	 0.001411 
0.451574 	0.011166 	0.008231 	0.013626 	 0.001138 
0.449518 	0.010902 	0.008228 	0.014353 	 0.001715 
0.442020 	0.027721 	0.018541 	0.027865 	 0.002007 
0.446101 	0.023045 	0.016074 	0.022290 	 0.002095 
0.425598 	0.038000 	0.025580 	0.033673 	 0.003088 
0.438945 	0.024621 	0.016992 	0.026315 	 0.002590 
0.433941 	0.034114 	0.023249 	0.029284 	 0.002950 
0.428483 	0.027387 	0.018351 	0.030135 	 0.003141 
0.420385 	0.034065 	0.023449 	0.030540 	 0.004220 
0.424576 	0.035279 	0.023639 	0.035473 	 0.003576 
0.438838 	0.029013 	0.019859 	0.026059 	 0.001979 
0.449731 	0.009327 	0.006916 	0.016349 	 0.002454 
0.431555 	0.038641 	0.026022 	0.032139 	 0.002880 
0.416260 	0.047991 	0.031398 	0.043609 	 0.004021 
0.406370 	0.051407 	0.034201 	0.042714 	 0.004436 
0.423753 	0.033115 	0.022366 	0.030202 	 0.003360 
0.401249 	0.050240 	0.032969 	0.044213 	 0.004608 
0.411826 	0.042685 	0.028731 	0.037047 	 0.004874 
0.399210 	0.054931 	0.035500 	0.047961 	 0.004936 
0.394165 	0.056859 	0.037308 	0.051137 	 0.005633 
0.409540 	0.050485 	0.033614 	0.042325 	 0.005287 
0.394167 	0.053523 	0.035005 	0.046424 	 0.005483 
0.386734 	0.058856 	0.038514 	0.052090 	 0.006215 
0.395962 	0.057334 	0.038100 	0.047252 	 0.005638 
0.398785 	0.053971 	0.035587 	0.046407 	 0.005375 
0.388995 	0.047045 	0.031176 	0.042804 	 0.005587 
0.398535 	0.051145 	0.034141 	0.043003 	 0.005418 
0.377989 	0.071548 	0.046943 	0.059884 	 0.007435 
0.392365 	0.056348 	0.037238 	0.050177 	 0.006228 
0.387176 	0.059909 	0.038867 	0.054506 	 0.006010 
0.385448 	0.059894 	0.039836 	0.048846 	 0.006945 
0.397702 	0.054399 	0.035997 	0.045905 	 0.005346 
0.380846 	0.061912 	0.040970 	0.052005 	 0.006997 
0.380039 	0.062777 	0.041525 	0.051115 	 0.006171 
0.385001 	0.058257 	0.038326 	0.050190 	 0.006358 
0.385241 	0.056320 	0.036868 	0.051540 	 0.006360 
0.388874 	0.051077 	0.033557 	0.047333 	 0.006291 
0.370672 	0.066002 	0.043324 	0.055286 	 0.007321 
0.364729 	0.076742 	0.050698 	0.062273 	 0.007792 
0.366547 	0.072092 	0.047042 	0.061413 	 0.007029 
0.379406 	0.060756 	0.039845 	0.050566 	 0.005847 
0.372999 	0.072147 	0.047773 	0.057486 	 0.006905 
0.370950 	0.062216 	0.041066 	0.051428 	 0.006781 
0.376271 	0.063185 	0.041997 	0.053367 	 0.007365 
0.362392 	0.070430 	0.045719 	0.060787 	 0.006979 
0.374998 	0.062134 	0.041193 	0.053455 	 0.007168 
0.369913 	0.064726 	0.042784 	0.053252 	 0.007233 
0.358146 	0.072845 	0.047804 	0.061067 	 0.008113 
0.373865 	0.067853 	0.044670 	0.056617 	 0.006693 
0.369510 	0.060543 	0.040226 	0.048213 	 0.006482 
0.374923 	0.067365 	0.044351 	0.055995 	 0.006949 
0.376007 	0.062875 	0.041452 	0.053728 	 0.006550 
0.356430 	0.080178 	0.052841 	0.066182 	 0.008947 
0.361791 	0.074540 	0.049192 	0.062500 	 0.008095 
0.359979 	0.068027 	0.044606 	0.059269 	 0.007193 
0.347949 	0.085601 	0.056019 	0.070268 	 0.007983 
0.356760 	0.074995 	0.049097 	0.063427 	 0.007936 
0.353126 	0.078860 	0.052603 	0.061896 	 0.008588 
0.360112 	0.067612 	0.044746 	0.057034 	 0.007842 
0.364206 	0.060932 	0.040928 	0.049297 	 0.007466 
0.351259 	0.067954 	0.045268 	0.055249 	 0.008060 
0.345382 	0.072612 	0.048043 	0.059330 	 0.008720 
0.364699 	0.064995 	0.042922 	0.054941 	 0.007032 
0.349953 	0.075597 	0.049698 	0.062501 	 0.008024 
0.350064 	0.074808 	0.049571 	0.059973 	 0.007930 
0.358025 	0.074097 	0.049180 	0.060956 	 0.008765 
0.342573 	0.081689 	0.053410 	0.067623 	 0.008811 
0.335590 	0.082734 	0.054187 	0.069266 	 0.009597 
0.335660 	0.077955 	0.051067 	0.064336 	 0.008509 
0.338491 	0.085818 	0.056799 	0.067262 	 0.009172 
0.340636 	0.079809 	0.052754 	0.064648 	 0.008865 
0.341293 	0.084121 	0.055568 	0.068831 	 0.009539 
0.333654 	0.077640 	0.051271 	0.063113 	 0.008909 
0.346443 	0.068118 	0.044985 	0.057168 	 0.007876 
0.333216 	0.093619 	0.061977 	0.072407 	 0.009578 
0.333926 	0.090908 	0.059888 	0.069721 	 0.008427 
0.334118 	0.089031 	0.058646 	0.071836 	 0.009441 
0.346514 	0.076818 	0.051112 	0.061198 	 0.008218 
0.325383 	0.093009 	0.061025 	0.073727 	 0.009262 
0.331935 	0.085063 	0.056628 	0.066248 	 0.009194 
0.325630 	0.087387 	0.057270 	0.071517 	 0.009431 
0.340603 	0.082735 	0.054921 	0.063684 	 0.008171 
0.323941 	0.098035 	0.064647 	0.076760 	 0.009820 
0.325173 	0.089677 	0.059311 	0.069812 	 0.009308 
0.332619 	0.085802 	0.057155 	0.066164 	 0.009113 
0.336463 	0.074862 	0.049492 	0.059113 	 0.008202 
0.319680 	0.090872 	0.060292 	0.067844 	 0.009139 
0.325010 	0.093013 	0.061767 	0.070604 	 0.009481 
0.335687 	0.084157 	0.055565 	0.068601 	 0.009091 
0.319270 	0.096825 	0.064112 	0.073639 	 0.009602 
0.315066 	0.097662 	0.064371 	0.075133 	 0.010030 
0.327037 	0.085461 	0.056698 	0.065941 	 0.009030 
0.324846 	0.088172 	0.058462 	0.069265 	 0.009261 
0.314852 	0.099578 	0.066055 	0.074992 	 0.009781 
0.329417 	0.087577 	0.058351 	0.067869 	 0.009598 
0.315160 	0.090940 	0.060151 	0.071231 	 0.009946 
0.328507 	0.085552 	0.056997 	0.065384 	 0.009015 
0.326513 	0.091997 	0.061205 	0.069698 	 0.009101 
0.314858 	0.095424 	0.063403 	0.073970 	 0.009860 
0.321006 	0.094229 	0.062515 	0.071779 	 0.009128 
0.321099 	0.088750 	0.059434 	0.065970 	 0.009254 
0.319270 	0.083000 	0.055345 	0.063477 	 0.009237 
0.325829 	0.085531 	0.056941 	0.066100 	 0.008867 
0.304801 	0.096828 	0.064196 	0.074507 	 0.010347 
0.307829 	0.106558 	0.071121 	0.078242 	 0.010818 
0.304186 	0.105783 	0.069941 	0.079679 	 0.010586 
0.315382 	0.099092 	0.065607 	0.076307 	 0.009948 
0.311174 	0.089493 	0.059159 	0.069881 	 0.009306 
0.322772 	0.089307 	0.059469 	0.067390 	 0.008901 
0.287469 	0.108476 	0.071695 	0.081157 	 0.010939 
0.310017 	0.092106 	0.061903 	0.067210 	 0.009988 
0.308717 	0.103610 	0.069208 	0.076075 	 0.010223 
0.297655 	0.111235 	0.073820 	0.083058 	 0.011471 
0.314248 	0.099901 	0.066534 	0.075641 	 0.009854 
0.310163 	0.099981 	0.066715 	0.074426 	 0.010696 
0.318261 	0.093712 	0.062701 	0.069018 	 0.009843 
0.310147 	0.095244 	0.064017 	0.068740 	 0.010289 
0.309400 	0.097894 	0.065227 	0.074669 	 0.010567 
0.301659 	0.098446 	0.065709 	0.073503 	 0.010697 
0.300072 	0.098538 	0.065501 	0.074550 	 0.010617 
0.287946 	0.116238 	0.076894 	0.087740 	 0.011823 
0.307821 	0.104195 	0.069208 	0.076774 	 0.010077 
0.307203 	0.103923 	0.069594 	0.075129 	 0.010265 
0.281969 	0.117618 	0.077746 	0.087104 	 0.011844 
0.290647 	0.115759 	0.076818 	0.087941 	 0.012100 
0.292829 	0.107282 	0.071278 	0.081040 	 0.011320 
0.291802 	0.103778 	0.069239 	0.075633 	 0.010569 
0.288873 	0.118450 	0.078834 	0.084912 	 0.011397 
0.297349 	0.101663 	0.067530 	0.077324 	 0.010362 
0.287624 	0.113434 	0.075648 	0.081868 	 0.011219 
0.281414 	0.112709 	0.075030 	0.082558 	 0.011572 
0.301315 	0.095633 	0.064159 	0.072502 	 0.010830 
0.287394 	0.117338 	0.078069 	0.086665 	 0.012242 
0.285057 	0.110804 	0.073806 	0.080826 	 0.011275 
0.282029 	0.115961 	0.076925 	0.087466 	 0.012479 
0.289581 	0.104631 	0.069981 	0.076876 	 0.011567 
0.289884 	0.108886 	0.072366 	0.078354 	 0.010636 
0.283940 	0.108537 	0.072429 	0.077747 	 0.010906 
0.294192 	0.108214 	0.072425 	0.078067 	 0.011044 
0.302933 	0.100204 	0.067389 	0.072454 	 0.010344 
0.268598 	0.122875 	0.081795 	0.089773 	 0.012957 
0.282309 	0.105163 	0.070353 	0.076066 	 0.011076 
0.262273 	0.126743 	0.084494 	0.090541 	 0.013402 
0.270690 	0.121476 	0.081175 	0.085336 	 0.012717 
0.267158 	0.122334 	0.081578 	0.086186 	 0.011930 
0.288298 	0.114434 	0.076609 	0.081584 	 0.011591 
0.292978 	0.105053 	0.070563 	0.073427 	 0.010370 
0.282868 	0.108937 	0.073178 	0.078488 	 0.012112 
0.282712 	0.106915 	0.071500 	0.077419 	 0.011750 
0.284504 	0.108957 	0.073151 	0.077789 	 0.011602 
0.275583 	0.124618 	0.083322 	0.090105 	 0.012823 
0.287230 	0.117197 	0.078768 	0.080778 	 0.011769 
0.270264 	0.117499 	0.078582 	0.084147 	 0.012489 
0.280478 	0.116244 	0.077557 	0.086231 	 0.011705 
0.277467 	0.112222 	0.074939 	0.081261 	 0.011523 
0.278859 	0.113339 	0.075924 	0.081915 	 0.011845 
0.283177 	0.112587 	0.075963 	0.077998 	 0.011927 
0.271279 	0.120780 	0.080635 	0.087997 	 0.012095 
0.284037 	0.112468 	0.075979 	0.076782 	 0.011527 
0.284995 	0.104876 	0.070826 	0.073869 	 0.010975 
0.277363 	0.109431 	0.073361 	0.079081 	 0.011674 
0.280682 	0.111260 	0.074744 	0.080568 	 0.011999 
0.284627 	0.101537 	0.068566 	0.070575 	 0.010745 
0.277161 	0.106264 	0.070976 	0.079223 	 0.011615 
0.264169 	0.121542 	0.081515 	0.085645 	 0.012318 
0.281462 	0.108147 	0.073059 	0.073881 	 0.011509 
0.288320 	0.100732 	0.068341 	0.068740 	 0.010494 
0.281296 	0.110920 	0.075127 	0.073643 	 0.010952 
0.284305 	0.109066 	0.073630 	0.074697 	 0.011100 
0.287751 	0.104993 	0.070974 	0.073977 	 0.011072 
0.278866 	0.114071 	0.077026 	0.078931 	 0.011546 
0.277460 	0.112127 	0.075587 	0.078306 	 0.011706 
0.273617 	0.108009 	0.073135 	0.073546 	 0.011853 
0.266100 	0.116160 	0.078240 	0.079011 	 0.012031 
0.267881 	0.121271 	0.081532 	0.082596 	 0.011805 
0.264202 	0.129032 	0.086682 	0.088469 	 0.012339 
0.282694 	0.111172 	0.075033 	0.077058 	 0.011433 
0.259039 	0.132051 	0.088495 	0.091918 	 0.013103 
0.270099 	0.109129 	0.073809 	0.073791 	 0.011426 
0.265218 	0.128184 	0.086071 	0.089402 	 0.012740 
0.273852 	0.119897 	0.080535 	0.083645 	 0.011455 
0.265291 	0.121183 	0.081493 	0.082682 	 0.011768 
0.267374 	0.116285 	0.078551 	0.078766 	 0.011532 
0.271294 	0.120758 	0.081929 	0.079564 	 0.011696 
0.267311 	0.120381 	0.081537 	0.081036 	 0.012092 
0.269769 	0.115609 	0.078319 	0.076252 	 0.011847 
0.252809 	0.136337 	0.091493 	0.093441 	 0.013189 
0.272832 	0.111987 	0.075385 	0.078212 	 0.010976 
0.249236 	0.137300 	0.092263 	0.092123 	 0.012715 
0.264389 	0.123026 	0.082997 	0.083800 	 0.011827 
0.258916 	0.128454 	0.086831 	0.085684 	 0.012102 
0.250817 	0.134185 	0.090446 	0.092040 	 0.013381 
0.262496 	0.126369 	0.085465 	0.084792 	 0.012112 
0.257004 	0.121499 	0.081895 	0.083752 	 0.012589 
0.254095 	0.120042 	0.081243 	0.080950 	 0.012545 
0.256724 	0.118482 	0.080412 	0.079381 	 0.012122 
0.251588 	0.126118 	0.085066 	0.084355 	 0.012476 
0.255120 	0.122695 	0.082867 	0.081565 	 0.012034 
0.255167 	0.126444 	0.085353 	0.089333 	 0.013314 
0.257293 	0.124766 	0.084636 	0.081892 	 0.011808 
0.250114 	0.128642 	0.087123 	0.085605 	 0.012874 
0.244033 	0.136487 	0.091519 	0.096244 	 0.013293 
0.250118 	0.135285 	0.092035 	0.085274 	 0.012445 
0.249176 	0.128801 	0.087077 	0.084151 	 0.012205 
0.239948 	0.134411 	0.090999 	0.088366 	 0.013804 
0.243143 	0.133433 	0.090050 	0.090085 	 0.012959 
0.228160 	0.145094 	0.097565 	0.096965 	 0.013838 
0.240153 	0.131536 	0.089016 	0.085047 	 0.012766 
0.237803 	0.139572 	0.094739 	0.090697 	 0.013806 
0.239399 	0.139473 	0.094468 	0.092129 	 0.013195 
0.243729 	0.131086 	0.088922 	0.087310 	 0.013048 
0.235056 	0.143419 	0.096768 	0.097137 	 0.014226 
0.244230 	0.126435 	0.085901 	0.081960 	 0.012808 
0.246419 	0.127566 	0.086807 	0.082751 	 0.013156 
0.233196 	0.134311 	0.091011 	0.087556 	 0.013231 
0.228402 	0.132649 	0.089613 	0.085930 	 0.012895 
0.243332 	0.124214 	0.084971 	0.078482 	 0.012580 
0.242355 	0.139301 	0.094432 	0.088572 	 0.012831 
0.235108 	0.133300 	0.091061 	0.084558 	 0.013197 
0.228717 	0.131872 	0.089374 	0.087024 	 0.013407 
0.232986 	0.141457 	0.095631 	0.092675 	 0.012990 
0.237970 	0.135044 	0.091972 	0.085927 	 0.013036 
0.218262 	0.145878 	0.098662 	0.094971 	 0.014293 
0.232524 	0.127180 	0.087146 	0.081139 	 0.013010 
0.212602 	0.147266 	0.100046 	0.092927 	 0.014400 
0.217105 	0.144406 	0.097791 	0.093120 	 0.013821 
0.221781 	0.147578 	0.100166 	0.093737 	 0.013674 
0.228847 	0.138166 	0.094060 	0.086637 	 0.013090 
0.219063 	0.143698 	0.097559 	0.091666 	 0.013386 
0.216744 	0.151258 	0.102551 	0.098159 	 0.014445 
0.217347 	0.153288 	0.103944 	0.100672 	 0.014879 
0.214101 	0.156575 	0.105977 	0.102903 	 0.014658 
0.209919 	0.151789 	0.102738 	0.098193 	 0.014613 
0.210248 	0.145436 	0.099012 	0.092396 	 0.014820 
0.216857 	0.142983 	0.096562 	0.095537 	 0.013855 
0.209006 	0.146915 	0.099935 	0.094056 	 0.014437 
0.208568 	0.148736 	0.101104 	0.095060 	 0.014728 
0.214518 	0.146357 	0.099560 	0.092552 	 0.014319 
0.211837 	0.148404 	0.101150 	0.092769 	 0.014022 
0.216534 	0.144409 	0.098778 	0.089952 	 0.014173 
0.190611 	0.157325 	0.107070 	0.097583 	 0.015288 
0.193478 	0.155770 	0.105679 	0.098864 	 0.015270 
0.197009 	0.161754 	0.109555 	0.104635 	 0.015806 
0.214972 	0.141166 	0.096488 	0.087642 	 0.013744 
0.211795 	0.148528 	0.101305 	0.091539 	 0.013720 
0.189293 	0.165320 	0.111472 	0.108001 	 0.015056 
0.194841 	0.157034 	0.107141 	0.097439 	 0.015509 
0.195972 	0.158457 	0.107643 	0.098842 	 0.014151 
0.193365 	0.162365 	0.110011 	0.102153 	 0.014962 
0.214437 	0.147918 	0.101174 	0.094008 	 0.014806 
0.198770 	0.156240 	0.106716 	0.095596 	 0.014710 
0.202845 	0.146255 	0.100058 	0.089228 	 0.013859 
0.202936 	0.154679 	0.105684 	0.095121 	 0.014774 
0.188994 	0.163005 	0.110484 	0.102144 	 0.014872 
0.191295 	0.164449 	0.112188 	0.101410 	 0.015211 
0.187941 	0.152361 	0.103892 	0.095511 	 0.015260 
0.193995 	0.163067 	0.111360 	0.099117 	 0.015011 
0.209882 	0.150056 	0.103113 	0.089237 	 0.013730 
0.182097 	0.175055 	0.118642 	0.109429 	 0.015987 
0.184309 	0.162911 	0.111375 	0.098081 	 0.015674 
0.182215 	0.164301 	0.111492 	0.105056 	 0.015703 
0.177814 	0.173584 	0.118531 	0.106102 	 0.016545 
0.184940 	0.167883 	0.114233 	0.105775 	 0.015694 
0.181714 	0.159648 	0.108854 	0.099034 	 0.015466 
0.184188 	0.169273 	0.114952 	0.104600 	 0.015483 
0.186206 	0.163063 	0.110676 	0.101877 	 0.014629 
0.178520 	0.168874 	0.115183 	0.104672 	 0.016435 
0.181687 	0.161621 	0.110584 	0.096203 	 0.014813 
0.186256 	0.157961 	0.107886 	0.094087 	 0.014659 
0.188683 	0.166338 	0.113433 	0.102273 	 0.015268 
0.190571 	0.155131 	0.106253 	0.093551 	 0.015021 
0.198545 	0.149156 	0.102580 	0.089579 	 0.013883 
0.169111 	0.168385 	0.114719 	0.103205 	 0.015895 
0.185020 	0.155915 	0.107170 	0.093921 	 0.015422 
0.172351 	0.172249 	0.117027 	0.108140 	 0.016028 
0.179282 	0.173479 	0.118453 	0.106044 	 0.016223 
0.186513 	0.157032 	0.107541 	0.094788 	 0.015067 
0.188793 	0.168425 	0.115239 	0.100880 	 0.015304 
0.179031 	0.168225 	0.115040 	0.101914 	 0.015871 
0.180106 	0.164609 	0.112241 	0.100066 	 0.014743 
0.184813 	0.166936 	0.114287 	0.100717 	 0.015435 
0.168544 	0.174913 	0.119591 	0.104581 	 0.016186 
0.169870 	0.185445 	0.126028 	0.115044 	 0.016580 
0.178615 	0.160856 	0.110049 	0.097914 	 0.015438 
0.188100 	0.159304 	0.109493 	0.093924 	 0.014237 
0.167574 	0.176010 	0.120225 	0.105463 	 0.016379 
0.180044 	0.164234 	0.112532 	0.100010 	 0.015404 
0.176368 	0.171527 	0.117732 	0.103585 	 0.016408 
0.176295 	0.161231 	0.110563 	0.095709 	 0.015562 
0.180508 	0.149901 	0.103039 	0.089938 	 0.014598 
0.155622 	0.184354 	0.125502 	0.114105 	 0.017998 
0.183904 	0.166689 	0.114538 	0.100427 	 0.015279 
0.174046 	0.166078 	0.114240 	0.097816 	 0.015938 
0.161671 	0.187464 	0.127709 	0.115381 	 0.016717 
0.178552 	0.160497 	0.110703 	0.092543 	 0.015072 
0.168790 	0.179713 	0.122857 	0.110229 	 0.016455 
0.182609 	0.170675 	0.116809 	0.103309 	 0.015592 
0.173840 	0.174444 	0.119843 	0.102541 	 0.015749 
0.187135 	0.156780 	0.108423 	0.090800 	 0.014568 
0.176639 	0.170002 	0.116957 	0.102896 	 0.016457 
0.167087 	0.176436 	0.121102 	0.104874 	 0.016275 
0.184848 	0.168077 	0.115701 	0.099691 	 0.015075 
0.170821 	0.176859 	0.121088 	0.105425 	 0.015727 
0.198092 	0.149100 	0.103706 	0.086010 	 0.014221 
0.181284 	0.170189 	0.117354 	0.099411 	 0.015398 
0.183587 	0.166772 	0.115522 	0.096142 	 0.015362 
0.165096 	0.181611 	0.124419 	0.109161 	 0.016434 
0.180252 	0.171514 	0.118198 	0.100171 	 0.015441 
0.173442 	0.159807 	0.110300 	0.092991 	 0.014808 
0.177563 	0.163865 	0.112635 	0.099153 	 0.015575 
0.169894 	0.175191 	0.120554 	0.103261 	 0.015662 
0.180269 	0.160587 	0.111200 	0.092618 	 0.014777 
0.166652 	0.184446 	0.126721 	0.107073 	 0.016065 
0.172696 	0.172178 	0.118997 	0.099137 	 0.015994 
0.164615 	0.177308 	0.121889 	0.104513 	 0.016467 
0.169554 	0.167071 	0.114970 	0.097636 	 0.014806 
0.164982 	0.173977 	0.119465 	0.101694 	 0.015345 
0.176532 	0.171492 	0.118827 	0.096953 	 0.015619 
0.177225 	0.165522 	0.114069 	0.098167 	 0.014778 
0.184233 	0.159429 	0.110440 	0.092917 	 0.014832 
0.163813 	0.167833 	0.115863 	0.098523 	 0.015449 
0.177885 	0.157012 	0.108965 	0.089586 	 0.014515 
0.177475 	0.169190 	0.117578 	0.093589 	 0.015095 
0.174962 	0.168522 	0.117157 	0.094327 	 0.015617 
0.171530 	0.161432 	0.112152 	0.092003 	 0.015314 
0.163706 	0.181645 	0.125300 	0.104327 	 0.015510 
0.161906 	0.177938 	0.122786 	0.103118 	 0.016513 
0.171705 	0.172617 	0.119593 	0.099276 	 0.015847 
0.175994 	0.170003 	0.117952 	0.097853 	 0.015724 
0.173695 	0.172050 	0.119322 	0.098754 	 0.015901 
0.156762 	0.177362 	0.122582 	0.102428 	 0.016507 
0.160641 	0.184166 	0.127016 	0.107136 	 0.016459 
0.168819 	0.173140 	0.120519 	0.095816 	 0.015906 
0.188107 	0.165176 	0.114933 	0.093286 	 0.014909 
0.173247 	0.165017 	0.114854 	0.093527 	 0.015075 
0.172816 	0.175353 	0.121781 	0.098344 	 0.015880 
0.173829 	0.168835 	0.117594 	0.093915 	 0.015656 
0.164438 	0.175424 	0.121739 	0.100193 	 0.015917 
0.176705 	0.172625 	0.119883 	0.098555 	 0.015415 
0.168521 	0.168910 	0.117646 	0.092996 	 0.015214 
0.156473 	0.181511 	0.125675 	0.104118 	 0.016312 
0.183220 	0.163787 	0.114289 	0.091564 	 0.014755 
0.175284 	0.169413 	0.118010 	0.094997 	 0.015139 
0.170246 	0.168158 	0.116854 	0.095527 	 0.015712 
0.165935 	0.164716 	0.114656 	0.093916 	 0.015724 
0.163709 	0.164171 	0.114445 	0.090675 	 0.015336 
0.163191 	0.167972 	0.116874 	0.092946 	 0.015233 
0.157569 	0.176786 	0.123307 	0.096271 	 0.015955 
0.175832 	0.162188 	0.113673 	0.088611 	 0.015362 
0.156981 	0.181216 	0.125671 	0.103070 	 0.016364 
0.157924 	0.182596 	0.127013 	0.102398 	 0.016357 
0.153829 	0.175115 	0.121967 	0.096746 	 0.015816 
0.151892 	0.180696 	0.125235 	0.104205 	 0.016515 
0.154126 	0.180432 	0.125518 	0.102431 	 0.016533 
0.150221 	0.183126 	0.126859 	0.106280 	 0.016650 
0.151946 	0.180086 	0.125431 	0.101218 	 0.016915 
0.140824 	0.177185 	0.123412 	0.097992 	 0.016857 
0.151863 	0.187421 	0.129999 	0.106848 	 0.017164 
0.143892 	0.186975 	0.130202 	0.101600 	 0.016501 
0.153661 	0.183709 	0.127677 	0.103105 	 0.016414 
0.148311 	0.181005 	0.125822 	0.103711 	 0.016344 
0.151550 	0.184214 	0.128263 	0.102105 	 0.016531 
0.146146 	0.186064 	0.129328 	0.105365 	 0.016805 
0.145752 	0.189381 	0.131364 	0.105490 	 0.016612 
0.137428 	0.193452 	0.134238 	0.110449 	 0.017451 
0.145183 	0.193423 	0.134476 	0.107975 	 0.017392 
0.176740 	0.172052 	0.120868 	0.091073 	 0.014951 
0.149687 	0.186885 	0.129984 	0.103696 	 0.016753 
0.152636 	0.187294 	0.130506 	0.103514 	 0.016774 
0.145972 	0.184787 	0.128696 	0.102826 	 0.016610 
0.141590 	0.191230 	0.133377 	0.105964 	 0.017294 
0.157872 	0.172057 	0.120737 	0.092078 	 0.015690 
0.140744 	0.187996 	0.131173 	0.102293 	 0.017246 
0.139122 	0.187997 	0.131490 	0.101730 	 0.017089 
0.141145 	0.190779 	0.133136 	0.103352 	 0.017008 
0.144133 	0.186801 	0.130077 	0.103588 	 0.016496 
0.151329 	0.179888 	0.125958 	0.098265 	 0.016231 
0.136779 	0.196051 	0.136065 	0.110428 	 0.017592 
0.142291 	0.179925 	0.126065 	0.098416 	 0.016797 
0.135844 	0.198255 	0.138298 	0.108769 	 0.017878 
0.145317 	0.183502 	0.128292 	0.100326 	 0.016738 
0.142627 	0.180119 	0.125443 	0.101809 	 0.016442 
0.129344 	0.188433 	0.131581 	0.102256 	 0.017282 
0.138464 	0.180617 	0.126779 	0.098065 	 0.017299 
0.141186 	0.184580 	0.129120 	0.098772 	 0.016821 
0.146065 	0.178357 	0.124663 	0.096892 	 0.015696 
0.148429 	0.177114 	0.124777 	0.093461 	 0.016258 
0.135378 	0.183074 	0.128519 	0.096726 	 0.016587 
0.139047 	0.176803 	0.124129 	0.096419 	 0.016907 
0.122600 	0.199558 	0.139113 	0.109596 	 0.018226 
0.142604 	0.184545 	0.129470 	0.099684 	 0.016644 
0.138235 	0.185508 	0.130081 	0.098260 	 0.017083 
0.131816 	0.199002 	0.138779 	0.109738 	 0.017099 
0.130711 	0.188949 	0.132582 	0.101395 	 0.017187 
0.130692 	0.196195 	0.137241 	0.105358 	 0.017514 
0.136380 	0.188009 	0.131923 	0.100476 	 0.016850 
0.143213 	0.179515 	0.126783 	0.092202 	 0.016486 
0.121726 	0.192520 	0.134587 	0.103108 	 0.017336 
0.130176 	0.189626 	0.133414 	0.099440 	 0.017135 
0.118942 	0.192164 	0.134587 	0.104842 	 0.017957 
0.138481 	0.177164 	0.125368 	0.090677 	 0.016747 
0.142960 	0.167830 	0.119339 	0.084183 	 0.015510 
0.135479 	0.188545 	0.132647 	0.100114 	 0.017364 
0.132407 	0.187077 	0.132069 	0.095872 	 0.017262 
0.127861 	0.190592 	0.134170 	0.101748 	 0.017575 
0.131545 	0.185174 	0.130561 	0.096255 	 0.016548 
0.130534 	0.192717 	0.135738 	0.101230 	 0.017310 
0.120578 	0.187725 	0.132020 	0.100117 	 0.017569 
0.121715 	0.196198 	0.137541 	0.105239 	 0.017925 
0.134920 	0.182714 	0.129072 	0.095194 	 0.016684 
0.131946 	0.193925 	0.136771 	0.100035 	 0.017304 
0.128382 	0.186222 	0.131691 	0.095459 	 0.017396 
0.135551 	0.188452 	0.132739 	0.099594 	 0.016757 
0.120647 	0.194648 	0.137394 	0.096870 	 0.017647 
0.120760 	0.195819 	0.137636 	0.104418 	 0.018122 
0.116836 	0.200997 	0.141485 	0.105666 	 0.018342 
0.128766 	0.176942 	0.125818 	0.087466 	 0.016567 
0.114905 	0.195612 	0.137958 	0.101578 	 0.018069 
0.122872 	0.190595 	0.134417 	0.099546 	 0.017092 
0.114839 	0.192026 	0.135620 	0.097282 	 0.017685 
0.111688 	0.202074 	0.141896 	0.108043 	 0.018700 
0.122786 	0.186673 	0.132201 	0.095089 	 0.017087 
0.126863 	0.186762 	0.132366 	0.095800 	 0.017501 
0.114389 	0.194343 	0.137462 	0.098267 	 0.017479 
0.110083 	0.191550 	0.135210 	0.099242 	 0.018010 
0.118547 	0.190474 	0.134479 	0.097543 	 0.017103 
0.111698 	0.204857 	0.144309 	0.106349 	 0.018519 
0.118231 	0.190877 	0.134951 	0.096327 	 0.016781 
0.109787 	0.195711 	0.137793 	0.101994 	 0.017915 
0.125196 	0.191219 	0.135288 	0.096941 	 0.017090 
0.116925 	0.193553 	0.136589 	0.099305 	 0.017153 
0.112124 	0.189164 	0.134038 	0.095348 	 0.017305 
0.117507 	0.192265 	0.135951 	0.100141 	 0.017730 
0.116580 	0.199829 	0.140396 	0.107482 	 0.017740 
0.122041 	0.184681 	0.131360 	0.092736 	 0.017090 
0.115694 	0.196562 	0.138855 	0.099587 	 0.017529 
0.126609 	0.178920 	0.127178 	0.092170 	 0.017562 
0.121650 	0.204060 	0.144333 	0.104697 	 0.017265 
0.109629 	0.205594 	0.144707 	0.107499 	 0.017734 
0.097983 	0.205298 	0.144363 	0.107678 	 0.018784 
0.108435 	0.193546 	0.137368 	0.099036 	 0.018165 
0.127728 	0.184139 	0.131387 	0.088880 	 0.016431 
0.102650 	0.199837 	0.141292 	0.103878 	 0.018241 
0.114598 	0.193434 	0.137612 	0.097309 	 0.017997 
0.100823 	0.200420 	0.141521 	0.103747 	 0.018316 
0.099999 	0.206492 	0.145717 	0.108069 	 0.018635 
0.118524 	0.195892 	0.139278 	0.097569 	 0.017635 
0.097659 	0.196718 	0.139394 	0.100739 	 0.018353 
0.103292 	0.197612 	0.140187 	0.099148 	 0.017871 
0.099537 	0.200117 	0.141704 	0.101633 	 0.017967 
0.105748 	0.199121 	0.141300 	0.100311 	 0.017985 
0.103323 	0.196774 	0.139998 	0.098251 	 0.017999 
0.098850 	0.198964 	0.141230 	0.100479 	 0.017926 
0.107512 	0.204294 	0.144911 	0.104870 	 0.018818 
0.103616 	0.211372 	0.149331 	0.111812 	 0.019194 
0.100993 	0.209616 	0.148639 	0.104199 	 0.018759 
0.109249 	0.198688 	0.141285 	0.099484 	 0.017603 
0.092103 	0.211472 	0.149542 	0.108459 	 0.018891 
0.110152 	0.195371 	0.139416 	0.096072 	 0.017542 
0.078676 	0.212419 	0.150111 	0.111972 	 0.020759 
0.093779 	0.212569 	0.150314 	0.108942 	 0.019184 
0.094636 	0.200935 	0.142770 	0.100375 	 0.018447 
0.114315 	0.187897 	0.134383 	0.092844 	 0.016916 
0.107276 	0.193757 	0.138391 	0.095224 	 0.017640 
0.084763 	0.203792 	0.144308 	0.103988 	 0.018930 
0.088421 	0.201995 	0.143096 	0.105502 	 0.019260 
0.095173 	0.207279 	0.146571 	0.108581 	 0.018915 
0.102307 	0.196268 	0.139863 	0.098315 	 0.018080 
0.097653 	0.206891 	0.147069 	0.101777 	 0.018517 
0.086609 	0.211489 	0.150168 	0.107209 	 0.019217 
0.090035 	0.205419 	0.145896 	0.105390 	 0.019492 
0.104426 	0.194295 	0.139020 	0.096955 	 0.018737 
0.100406 	0.193746 	0.138750 	0.094316 	 0.018594 
0.096194 	0.191015 	0.136661 	0.093468 	 0.017895 
0.086969 	0.212254 	0.150621 	0.106505 	 0.018920 
0.089223 	0.209622 	0.149006 	0.106059 	 0.019297 
0.083520 	0.201410 	0.143826 	0.099724 	 0.019237 
0.104439 	0.189315 	0.136134 	0.091320 	 0.017979 
0.096679 	0.198508 	0.142263 	0.095229 	 0.018287 
0.089259 	0.205616 	0.146404 	0.104178 	 0.018974 
0.100834 	0.196718 	0.141064 	0.094940 	 0.017855 
0.091313 	0.203170 	0.145359 	0.099620 	 0.019186 
0.077190 	0.224320 	0.158590 	0.116502 	 0.019650 
0.092122 	0.203365 	0.144865 	0.103860 	 0.019368 
0.088565 	0.195885 	0.140128 	0.096509 	 0.018548 
0.093468 	0.201290 	0.143881 	0.098572 	 0.018515 
0.100044 	0.204230 	0.145708 	0.104494 	 0.019277 
0.096966 	0.204654 	0.146133 	0.100092 	 0.018410 
0.091596 	0.207313 	0.148110 	0.103965 	 0.019294 
0.100714 	0.203777 	0.146293 	0.098777 	 0.019094 
0.070931 	0.224387 	0.158860 	0.114262 	 0.020170 
0.088583 	0.199696 	0.143387 	0.094311 	 0.018215 
0.098725 	0.198505 	0.142943 	0.094707 	 0.018569 
0.089401 	0.202766 	0.145336 	0.098361 	 0.018786 
0.100271 	0.191664 	0.138152 	0.092661 	 0.018243 
0.084258 	0.201210 	0.144888 	0.096423 	 0.019396 
0.087464 	0.208803 	0.149308 	0.104126 	 0.020038 
0.097643 	0.190826 	0.137702 	0.090287 	 0.018210 
0.076369 	0.216152 	0.154220 	0.108732 	 0.019770 
0.093620 	0.200638 	0.144599 	0.096119 	 0.018830 
0.089368 	0.202092 	0.145369 	0.096994 	 0.018537 
0.094990 	0.185459 	0.134261 	0.086433 	 0.018387 
0.091431 	0.199868 	0.143614 	0.096328 	 0.018517 
0.076085 	0.211501 	0.151255 	0.105917 	 0.019517 
0.107767 	0.185305 	0.134839 	0.083690 	 0.017054 
0.086986 	0.196384 	0.141733 	0.091748 	 0.017765 
0.091698 	0.196637 	0.142123 	0.091869 	 0.018255 
0.091379 	0.190241 	0.137449 	0.088733 	 0.017642 
0.090803 	0.196825 	0.142131 	0.090737 	 0.018088 
0.077817 	0.205527 	0.147828 	0.096360 	 0.018574 
0.091157 	0.195691 	0.141554 	0.090256 	 0.017972 
0.074688 	0.220689 	0.158071 	0.107064 	 0.019607 
0.075610 	0.218660 	0.156385 	0.106814 	 0.019286 
0.090833 	0.199084 	0.143815 	0.094761 	 0.018312 
0.071668 	0.215840 	0.155014 	0.105538 	 0.020154 
0.096883 	0.194901 	0.141327 	0.090668 	 0.017942 
0.088713 	0.191259 	0.138866 	0.087036 	 0.018165 
0.082870 	0.208211 	0.149964 	0.101533 	 0.019662 
0.071824 	0.220079 	0.157894 	0.107564 	 0.020134 
0.080236 	0.211163 	0.152047 	0.100580 	 0.019408 
0.065996 	0.210352 	0.150695 	0.103836 	 0.019552 
0.086331 	0.195277 	0.140918 	0.093666 	 0.018290 
0.062377 	0.212985 	0.153463 	0.101608 	 0.020769 
0.071734 	0.217382 	0.156492 	0.103765 	 0.020626 
0.080278 	0.207247 	0.149282 	0.100704 	 0.019271 
0.066573 	0.219725 	0.157690 	0.106903 	 0.020512 
0.075246 	0.208256 	0.150455 	0.098069 	 0.019693 
0.081525 	0.208159 	0.150196 	0.099600 	 0.019738 
0.082051 	0.200369 	0.145408 	0.092071 	 0.018710 
0.079429 	0.206354 	0.149220 	0.097300 	 0.019163 
0.079223 	0.206693 	0.149421 	0.097912 	 0.019526 
0.070031 	0.207876 	0.149888 	0.099669 	 0.019694 
0.090891 	0.195849 	0.142430 	0.090566 	 0.018701 
0.067876 	0.213509 	0.154035 	0.102845 	 0.020170 
0.064865 	0.218074 	0.157576 	0.101541 	 0.020724 
0.058870 	0.226275 	0.162452 	0.111019 	 0.020883 
0.072695 	0.211764 	0.153145 	0.100084 	 0.019823 
0.068196 	0.221728 	0.159928 	0.104608 	 0.020639 
0.069748 	0.215293 	0.155581 	0.101229 	 0.020434 
0.079488 	0.199569 	0.145114 	0.092638 	 0.019223 
0.068046 	0.213690 	0.154063 	0.102286 	 0.020390 
0.067974 	0.212716 	0.154081 	0.098932 	 0.019447 
0.083399 	0.200199 	0.145765 	0.091212 	 0.018960 
0.054309 	0.219032 	0.157425 	0.107039 	 0.020805 
0.053969 	0.219089 	0.157902 	0.103780 	 0.020884 
0.068526 	0.211243 	0.153394 	0.097508 	 0.020532 
0.074170 	0.216153 	0.156612 	0.100700 	 0.020130 
0.078797 	0.206234 	0.150148 	0.094172 	 0.019541 
0.067519 	0.206739 	0.150274 	0.094126 	 0.019158 
0.064018 	0.220238 	0.159186 	0.104866 	 0.020619 
0.070607 	0.209319 	0.151852 	0.099125 	 0.020417 
0.078936 	0.199452 	0.145877 	0.087087 	 0.018770 
0.073340 	0.205289 	0.149216 	0.095457 	 0.019236 
0.065719 	0.213904 	0.155270 	0.098532 	 0.020343 
0.068418 	0.213615 	0.154825 	0.100171 	 0.020048 
0.062378 	0.220498 	0.159471 	0.103126 	 0.020680 
0.055815 	0.225325 	0.162682 	0.108089 	 0.021464 
0.078083 	0.209792 	0.152989 	0.094827 	 0.019835 
0.070867 	0.207748 	0.151546 	0.093964 	 0.020195 
0.063043 	0.224780 	0.162452 	0.107430 	 0.020760 
0.050685 	0.223259 	0.161530 	0.106218 	 0.021525 
0.060707 	0.216269 	0.156836 	0.102696 	 0.020520 
0.073969 	0.207923 	0.151539 	0.096264 	 0.019700 
0.072497 	0.214229 	0.156213 	0.096682 	 0.019892 
0.066707 	0.216180 	0.157479 	0.098791 	 0.020436 
0.076258 	0.222845 	0.161869 	0.102833 	 0.020028 
0.052916 	0.236514 	0.170259 	0.114846 	 0.021623 
0.074012 	0.212199 	0.154847 	0.097807 	 0.020163 
0.065942 	0.217390 	0.158112 	0.101212 	 0.020535 
0.067174 	0.202525 	0.148369 	0.091041 	 0.019975 
0.049853 	0.226710 	0.163991 	0.107372 	 0.021379 
0.061763 	0.211935 	0.154297 	0.094645 	 0.019598 
0.072270 	0.201930 	0.148200 	0.089258 	 0.019902 
0.085398 	0.193719 	0.143007 	0.082311 	 0.018586 
0.076882 	0.201216 	0.147936 	0.088387 	 0.019023 
0.086114 	0.204607 	0.150401 	0.090934 	 0.019821 
0.063033 	0.225059 	0.163827 	0.103928 	 0.021309 
0.079347 	0.212548 	0.155382 	0.095922 	 0.019737 
0.064362 	0.225398 	0.163461 	0.107058 	 0.020764 
0.060091 	0.216041 	0.157807 	0.097301 	 0.021316 
0.061026 	0.218803 	0.159288 	0.100361 	 0.020410 
0.072372 	0.214566 	0.156658 	0.098655 	 0.020746 
0.068150 	0.220878 	0.161212 	0.102434 	 0.020763 
0.073228 	0.217385 	0.158554 	0.099824 	 0.020478 
0.062055 	0.219487 	0.160224 	0.101662 	 0.021572 
0.066739 	0.223582 	0.162844 	0.103243 	 0.020864 
0.080240 	0.209753 	0.153851 	0.094463 	 0.019575 
0.067021 	0.221689 	0.161801 	0.105447 	 0.021417 
0.077144 	0.213422 	0.156603 	0.095631 	 0.020032 
0.066978 	0.224432 	0.163482 	0.106087 	 0.020878 
0.062673 	0.218750 	0.160035 	0.100865 	 0.021212 
0.064707 	0.221722 	0.161926 	0.103578 	 0.020574 
0.071788 	0.217291 	0.159097 	0.100073 	 0.020629 
0.058064 	0.230067 	0.167351 	0.110294 	 0.022291 
0.077709 	0.213223 	0.156183 	0.100632 	 0.020810 
0.067627 	0.214080 	0.157371 	0.096965 	 0.021309 
0.073708 	0.208568 	0.153787 	0.092658 	 0.020836 
0.063228 	0.229992 	0.167603 	0.109349 	 0.021569 
0.404574 	0.009407 	0.007441 	-0.000179 	 0.002295 
0.407852 	0.007383 	0.005620 	0.004772 	 0.002633 
0.411395 	0.028313 	0.018491 	0.031155 	 0.004886 
0.405864 	0.031796 	0.020552 	0.035841 	 0.004343 
0.427024 	0.021661 	0.015090 	0.022191 	 0.003002 
0.394513 	0.046958 	0.030882 	0.042635 	 0.005224 
0.408935 	0.035355 	0.023737 	0.033313 	 0.004357 
0.425987 	0.015825 	0.010706 	0.021564 	 0.002866 
0.385989 	0.057593 	0.037983 	0.050129 	 0.006660 
0.395925 	0.044090 	0.029278 	0.038932 	 0.004941 
0.390651 	0.045231 	0.029692 	0.042502 	 0.005006 
0.394257 	0.039369 	0.026071 	0.036399 	 0.004145 
0.369371 	0.066502 	0.043624 	0.055519 	 0.006958 
0.386425 	0.033194 	0.021873 	0.034596 	 0.005799 
0.391625 	0.049222 	0.032637 	0.041626 	 0.004790 
0.387681 	0.047883 	0.031199 	0.043884 	 0.004740 
0.361390 	0.071565 	0.047021 	0.059267 	 0.007639 
0.387264 	0.047139 	0.030803 	0.043523 	 0.005409 
0.380891 	0.040486 	0.026840 	0.037495 	 0.005437 
0.382629 	0.048690 	0.032229 	0.045428 	 0.006135 
0.381709 	0.043386 	0.028571 	0.041004 	 0.005129 
0.368818 	0.047826 	0.031516 	0.041451 	 0.005552 
0.379454 	0.039612 	0.026081 	0.036788 	 0.004730 
0.371800 	0.052241 	0.034683 	0.045379 	 0.005937 
0.389911 	0.030251 	0.020194 	0.029410 	 0.003651 
0.366214 	0.049914 	0.033104 	0.044097 	 0.006823 
0.368907 	0.055309 	0.036059 	0.049452 	 0.006204 
0.379372 	0.049919 	0.032807 	0.043522 	 0.005317 
0.358718 	0.068888 	0.045066 	0.059330 	 0.007868 
0.367067 	0.051102 	0.033468 	0.048026 	 0.006562 
0.367973 	0.050581 	0.033446 	0.045183 	 0.006430 
0.364262 	0.056568 	0.037463 	0.050582 	 0.007040 
0.370349 	0.044974 	0.029909 	0.040000 	 0.005557 
0.357793 	0.055025 	0.036222 	0.048288 	 0.006422 
0.351023 	0.061649 	0.040459 	0.053609 	 0.007148 
0.343896 	0.074736 	0.048885 	0.064769 	 0.008686 
0.344170 	0.062544 	0.041126 	0.053529 	 0.007240 
0.344092 	0.071072 	0.046986 	0.059136 	 0.008122 
0.344617 	0.070056 	0.045923 	0.059769 	 0.007386 
0.349916 	0.064892 	0.043367 	0.051914 	 0.007048 
0.336232 	0.070031 	0.046277 	0.055715 	 0.007622 
0.339904 	0.069493 	0.046083 	0.058377 	 0.007698 
0.339962 	0.064450 	0.042217 	0.055584 	 0.007012 
0.328487 	0.066983 	0.044356 	0.055507 	 0.008349 
0.348061 	0.058960 	0.039276 	0.047930 	 0.006607 
0.333170 	0.071627 	0.047593 	0.057462 	 0.007697 
0.333224 	0.068378 	0.045550 	0.055606 	 0.008428 
0.334300 	0.074264 	0.049123 	0.058741 	 0.007160 
0.332987 	0.068948 	0.045799 	0.056838 	 0.008173 
0.322355 	0.079960 	0.052571 	0.065528 	 0.008683 
0.336007 	0.072865 	0.049012 	0.057172 	 0.008701 
0.320190 	0.080693 	0.053554 	0.062909 	 0.008972 
0.311908 	0.089223 	0.058791 	0.070744 	 0.009168 
0.315717 	0.078638 	0.052069 	0.060839 	 0.008955 
0.311407 	0.091163 	0.060586 	0.069065 	 0.009569 
0.323888 	0.067351 	0.044618 	0.055253 	 0.007791 
0.328970 	0.074958 	0.049856 	0.058834 	 0.008025 
0.332384 	0.068380 	0.045179 	0.058578 	 0.007743 
0.324613 	0.076434 	0.050980 	0.058622 	 0.007691 
0.307641 	0.086159 	0.056992 	0.067062 	 0.009399 
0.314324 	0.081527 	0.054193 	0.064046 	 0.009292 
0.306647 	0.082069 	0.054204 	0.063950 	 0.008781 
0.311169 	0.081875 	0.054019 	0.065440 	 0.009063 
0.304922 	0.079933 	0.052364 	0.064473 	 0.008080 
0.320975 	0.073103 	0.049004 	0.055939 	 0.007957 
0.303769 	0.087056 	0.057493 	0.066646 	 0.008513 
0.308218 	0.081709 	0.054279 	0.063009 	 0.008769 
0.300880 	0.101530 	0.067454 	0.075765 	 0.009855 
0.300295 	0.097450 	0.064398 	0.074877 	 0.010054 
0.302778 	0.085098 	0.056712 	0.065638 	 0.009691 
0.298344 	0.092379 	0.061405 	0.069634 	 0.009357 
0.295328 	0.093445 	0.062162 	0.069654 	 0.010062 
0.297703 	0.086752 	0.057848 	0.066147 	 0.009705 
0.306120 	0.079429 	0.052611 	0.062553 	 0.008581 
0.301508 	0.085089 	0.057049 	0.063329 	 0.009560 
0.297223 	0.091378 	0.060870 	0.069088 	 0.009879 
0.299631 	0.090793 	0.060209 	0.070508 	 0.009130 
0.281619 	0.101983 	0.067838 	0.075437 	 0.011355 
0.289914 	0.098729 	0.065675 	0.071717 	 0.009693 
0.287947 	0.105006 	0.069383 	0.078380 	 0.009993 
0.282193 	0.097611 	0.064824 	0.073753 	 0.009970 
0.288764 	0.091702 	0.061449 	0.065774 	 0.009491 
0.286419 	0.095265 	0.063553 	0.070255 	 0.009711 
0.297718 	0.085450 	0.057272 	0.063196 	 0.009362 
0.296568 	0.087942 	0.059002 	0.065563 	 0.009583 
0.289824 	0.093472 	0.062145 	0.070388 	 0.009050 
0.292060 	0.088513 	0.059592 	0.064632 	 0.009851 
0.288747 	0.096630 	0.064913 	0.068056 	 0.009930 
0.284243 	0.105257 	0.070274 	0.076219 	 0.010499 
0.283678 	0.100686 	0.067073 	0.074031 	 0.010237 
0.284120 	0.094064 	0.063106 	0.069325 	 0.010178 
0.281084 	0.106605 	0.071095 	0.076497 	 0.010263 
0.279732 	0.102364 	0.068232 	0.073425 	 0.010062 
0.285322 	0.096030 	0.064109 	0.068425 	 0.008867 
0.272727 	0.106150 	0.070866 	0.075542 	 0.010552 
0.287386 	0.083616 	0.056225 	0.060739 	 0.009143 
0.276451 	0.107844 	0.072282 	0.077729 	 0.010816 
0.274888 	0.098656 	0.065685 	0.072181 	 0.009740 
0.270195 	0.110626 	0.073779 	0.078991 	 0.010717 
0.285556 	0.093949 	0.063284 	0.067310 	 0.009583 
0.270497 	0.106259 	0.071233 	0.075162 	 0.010479 
0.273769 	0.103531 	0.069026 	0.075575 	 0.010196 
0.272045 	0.104661 	0.069689 	0.077012 	 0.010525 
0.279956 	0.092382 	0.061723 	0.069262 	 0.009645 
0.276239 	0.103738 	0.070012 	0.072226 	 0.010560 
0.269620 	0.101937 	0.068658 	0.070933 	 0.010631 
0.274408 	0.106126 	0.071056 	0.074872 	 0.010067 
0.258068 	0.116586 	0.077906 	0.082584 	 0.011480 
0.266291 	0.112242 	0.075006 	0.080011 	 0.010577 
0.262833 	0.103858 	0.069821 	0.072650 	 0.010590 
0.278328 	0.101981 	0.068295 	0.071340 	 0.009946 
0.268763 	0.103321 	0.069333 	0.075402 	 0.010862 
0.263750 	0.112632 	0.075625 	0.078679 	 0.011380 
0.273866 	0.097744 	0.065697 	0.068021 	 0.009437 
0.259687 	0.107197 	0.072428 	0.072305 	 0.010892 
0.256862 	0.110259 	0.074069 	0.076660 	 0.011072 
0.258206 	0.118790 	0.080025 	0.080407 	 0.011385 
0.238677 	0.128312 	0.085891 	0.087668 	 0.011817 
0.257166 	0.110541 	0.074454 	0.075536 	 0.010791 
0.259821 	0.102222 	0.068952 	0.069807 	 0.010746 
0.253175 	0.120908 	0.080884 	0.082868 	 0.011100 
0.262925 	0.105960 	0.071454 	0.073035 	 0.010227 
0.258378 	0.104893 	0.070800 	0.070716 	 0.009968 
0.247008 	0.121643 	0.082064 	0.079045 	 0.010910 
0.253800 	0.117188 	0.078773 	0.076709 	 0.010370 
0.269730 	0.103207 	0.070373 	0.064767 	 0.009322 
0.261537 	0.111346 	0.075903 	0.070778 	 0.010313 
0.260574 	0.105357 	0.070805 	0.073433 	 0.010037 
0.237372 	0.125435 	0.084173 	0.084014 	 0.011329 
0.262774 	0.119184 	0.080288 	0.079949 	 0.010166 
0.248360 	0.113832 	0.077329 	0.073588 	 0.011046 
0.255867 	0.118074 	0.080296 	0.075942 	 0.010648 
0.245677 	0.118929 	0.080289 	0.076872 	 0.010914 
0.227050 	0.131748 	0.088625 	0.086891 	 0.012019 
0.244561 	0.118049 	0.079441 	0.079596 	 0.010773 
0.237719 	0.127004 	0.085387 	0.083371 	 0.011073 
0.236311 	0.126955 	0.085740 	0.080432 	 0.011295 
0.247184 	0.123098 	0.083331 	0.081734 	 0.011274 
0.239848 	0.123036 	0.083075 	0.081854 	 0.011586 
0.246581 	0.120392 	0.082003 	0.075165 	 0.010800 
0.221939 	0.132082 	0.089067 	0.085960 	 0.012143 
0.231159 	0.133017 	0.089742 	0.085571 	 0.011878 
0.231709 	0.124890 	0.084262 	0.083384 	 0.011711 
0.233480 	0.120766 	0.081374 	0.078211 	 0.010830 
0.239726 	0.116302 	0.078892 	0.074518 	 0.010921 
0.226170 	0.136383 	0.092246 	0.086424 	 0.012066 
0.232861 	0.127890 	0.087057 	0.080575 	 0.012013 
0.226026 	0.138288 	0.093368 	0.088775 	 0.011896 
0.241314 	0.107614 	0.073491 	0.065966 	 0.009585 
0.235131 	0.119295 	0.081313 	0.076559 	 0.011483 
0.227619 	0.135829 	0.091808 	0.089313 	 0.012475 
0.217862 	0.132501 	0.089636 	0.084318 	 0.012268 
0.213761 	0.136811 	0.092162 	0.090115 	 0.012669 
0.233020 	0.132513 	0.089888 	0.081957 	 0.011272 
0.217458 	0.136200 	0.092166 	0.086812 	 0.012241 
0.224070 	0.122364 	0.083148 	0.075613 	 0.011052 
0.209101 	0.150304 	0.101468 	0.095875 	 0.013238 
0.211537 	0.140170 	0.094788 	0.086835 	 0.012050 
0.206744 	0.139066 	0.094402 	0.086459 	 0.012961 
0.211614 	0.146779 	0.099604 	0.092289 	 0.013046 
0.221913 	0.128020 	0.087673 	0.076071 	 0.011932 
0.202620 	0.142944 	0.096737 	0.088693 	 0.012756 
0.204601 	0.154344 	0.104602 	0.095864 	 0.013558 
0.219115 	0.134509 	0.091447 	0.083514 	 0.012248 
0.209083 	0.143688 	0.097909 	0.087735 	 0.013191 
0.203240 	0.139616 	0.094799 	0.086587 	 0.012706 
0.196022 	0.155246 	0.105095 	0.095688 	 0.013350 
0.207840 	0.136415 	0.092853 	0.087087 	 0.013079 
0.207939 	0.145497 	0.099145 	0.087062 	 0.012466 
0.200109 	0.147526 	0.099932 	0.092268 	 0.012721 
0.210068 	0.134868 	0.091855 	0.080169 	 0.011185 
0.199398 	0.146761 	0.099889 	0.089304 	 0.013210 
0.205624 	0.143442 	0.097495 	0.088321 	 0.012833 
0.185679 	0.165629 	0.111863 	0.103172 	 0.013947 
0.191297 	0.156867 	0.106296 	0.097089 	 0.013951 
0.193837 	0.142935 	0.097296 	0.084126 	 0.012167 
0.198358 	0.147597 	0.100453 	0.087978 	 0.012967 
0.191436 	0.151782 	0.103102 	0.094456 	 0.013852 
0.209065 	0.142818 	0.097801 	0.085002 	 0.012299 
0.193926 	0.146336 	0.099740 	0.089199 	 0.013505 
0.191477 	0.143711 	0.097956 	0.086197 	 0.012567 
0.185384 	0.154308 	0.105352 	0.090455 	 0.013646 
0.181279 	0.154404 	0.104583 	0.093227 	 0.013288 
0.199396 	0.139336 	0.095593 	0.082454 	 0.012557 
0.192090 	0.147979 	0.100855 	0.089501 	 0.012527 
0.189562 	0.149104 	0.102104 	0.086096 	 0.013045 
0.189414 	0.151254 	0.103052 	0.091116 	 0.012978 
0.186301 	0.148713 	0.101623 	0.088068 	 0.013338 
0.180442 	0.167304 	0.113774 	0.100596 	 0.014071 
0.186897 	0.153204 	0.104405 	0.090798 	 0.012851 
0.172840 	0.169519 	0.115211 	0.102992 	 0.015187 
0.183892 	0.156794 	0.107021 	0.092370 	 0.013093 
0.176853 	0.167833 	0.114471 	0.098844 	 0.014465 
0.187084 	0.149635 	0.102268 	0.087386 	 0.012210 
0.185198 	0.152559 	0.104512 	0.087145 	 0.012539 
0.173936 	0.170415 	0.116068 	0.103598 	 0.014860 
0.177846 	0.160482 	0.109472 	0.094344 	 0.013528 
0.179174 	0.151619 	0.103565 	0.089120 	 0.012849 
0.162736 	0.160818 	0.110017 	0.095262 	 0.014837 
0.173577 	0.161199 	0.110447 	0.092444 	 0.013598 
0.159618 	0.173135 	0.117361 	0.104732 	 0.014598 
0.168016 	0.166291 	0.113894 	0.095329 	 0.013771 
0.164134 	0.166007 	0.113362 	0.098407 	 0.014544 
0.187599 	0.153031 	0.105321 	0.085186 	 0.012286 
0.177507 	0.154620 	0.106240 	0.087846 	 0.012875 
0.169820 	0.157164 	0.107887 	0.089580 	 0.013575 
0.165585 	0.163687 	0.111842 	0.095527 	 0.013981 
0.169930 	0.165758 	0.113547 	0.095845 	 0.013857 
0.164394 	0.167067 	0.114479 	0.095939 	 0.014031 
0.171792 	0.160941 	0.110280 	0.093993 	 0.013456 
0.169832 	0.171752 	0.117004 	0.100868 	 0.014054 
0.171881 	0.156389 	0.107921 	0.087366 	 0.013838 
0.161772 	0.172157 	0.117979 	0.098819 	 0.014900 
0.161413 	0.155878 	0.106979 	0.087683 	 0.013048 
0.162156 	0.171564 	0.117732 	0.097790 	 0.013895 
0.164408 	0.164635 	0.112523 	0.096000 	 0.013639 
0.156594 	0.165529 	0.113154 	0.094626 	 0.013542 
0.160017 	0.168089 	0.115144 	0.098340 	 0.014575 
0.155555 	0.169376 	0.115984 	0.098299 	 0.014511 
0.150775 	0.173454 	0.119164 	0.097868 	 0.014589 
0.147929 	0.174130 	0.119152 	0.101124 	 0.014766 
0.167383 	0.168785 	0.116194 	0.094336 	 0.014033 
0.169589 	0.161811 	0.111247 	0.092939 	 0.013460 
0.157118 	0.176582 	0.121266 	0.099023 	 0.014066 
0.146743 	0.179041 	0.122545 	0.101710 	 0.014873 
0.141277 	0.186114 	0.127453 	0.108967 	 0.016035 
0.149186 	0.180772 	0.123957 	0.100979 	 0.014952 
0.147852 	0.175612 	0.120627 	0.099112 	 0.014566 
0.149399 	0.174414 	0.119353 	0.098744 	 0.014152 
0.141424 	0.181418 	0.124527 	0.101160 	 0.014577 
0.148941 	0.179162 	0.122857 	0.101937 	 0.014508 
0.143972 	0.176754 	0.121281 	0.100301 	 0.014690 
0.159240 	0.160270 	0.110750 	0.085881 	 0.013682 
0.146650 	0.179511 	0.123173 	0.102042 	 0.014869 
0.158974 	0.163780 	0.113190 	0.086239 	 0.012935 
0.147499 	0.171312 	0.118175 	0.094091 	 0.014225 
0.142472 	0.176079 	0.121054 	0.097272 	 0.014642 
0.149347 	0.170388 	0.117645 	0.090745 	 0.013744 
0.152541 	0.178713 	0.123407 	0.098336 	 0.014428 
0.152944 	0.171182 	0.118045 	0.093578 	 0.013896 
0.147316 	0.179533 	0.123507 	0.099020 	 0.014651 
0.142370 	0.186683 	0.128190 	0.106144 	 0.015280 
0.149800 	0.169134 	0.116865 	0.093016 	 0.013934 
0.148863 	0.171598 	0.119095 	0.091692 	 0.014608 
0.145476 	0.179929 	0.123930 	0.101642 	 0.014602 
0.139556 	0.182941 	0.126096 	0.102463 	 0.015146 
0.128278 	0.195367 	0.133972 	0.108634 	 0.015397 
0.143312 	0.171557 	0.119105 	0.093339 	 0.014550 
0.151850 	0.169156 	0.117497 	0.089878 	 0.013761 
0.133842 	0.187584 	0.129063 	0.102799 	 0.014802 
0.128439 	0.178643 	0.123573 	0.096454 	 0.014867 
0.148034 	0.174053 	0.120731 	0.089881 	 0.013576 
0.133372 	0.177671 	0.122793 	0.094405 	 0.014259 
0.134240 	0.172954 	0.120046 	0.090516 	 0.014347 
0.134202 	0.179636 	0.124297 	0.095977 	 0.014708 
0.147313 	0.177771 	0.122809 	0.097736 	 0.013953 
0.123775 	0.197623 	0.136146 	0.106063 	 0.015575 
0.146494 	0.177461 	0.122796 	0.094086 	 0.013561 
0.138067 	0.179838 	0.124439 	0.095638 	 0.014059 
0.132555 	0.179327 	0.124763 	0.093365 	 0.014994 
0.128521 	0.182437 	0.126289 	0.096764 	 0.014638 
0.147719 	0.159717 	0.111628 	0.081186 	 0.013291 
0.123623 	0.180822 	0.124451 	0.099874 	 0.014711 
0.125694 	0.188824 	0.130731 	0.098407 	 0.014845 
0.126971 	0.189300 	0.130990 	0.102163 	 0.015311 
0.128237 	0.190055 	0.131282 	0.103927 	 0.014955 
0.131730 	0.178597 	0.124040 	0.093710 	 0.014024 
0.125738 	0.190675 	0.132119 	0.101538 	 0.015316 
0.125974 	0.196537 	0.135936 	0.104825 	 0.015357 
0.128976 	0.172043 	0.119949 	0.089653 	 0.014154 
0.122579 	0.190447 	0.132259 	0.098809 	 0.015136 
0.126642 	0.180495 	0.125557 	0.093212 	 0.014497 
0.128595 	0.185099 	0.128940 	0.095035 	 0.014945 
0.138033 	0.181425 	0.126272 	0.095209 	 0.014766 
0.120513 	0.188450 	0.130529 	0.100246 	 0.015563 
0.102201 	0.196226 	0.135754 	0.103259 	 0.016074 
0.115794 	0.198732 	0.137736 	0.103963 	 0.015659 
0.121287 	0.187383 	0.130465 	0.095568 	 0.014966 
0.112692 	0.204347 	0.141629 	0.107474 	 0.015970 
0.110334 	0.194814 	0.134755 	0.103529 	 0.015581 
0.128113 	0.185464 	0.129036 	0.096082 	 0.014433 
0.127293 	0.192173 	0.133724 	0.100519 	 0.015168 
0.132968 	0.174147 	0.121800 	0.087889 	 0.014163 
0.122849 	0.191989 	0.133188 	0.100276 	 0.014603 
0.105020 	0.200025 	0.139170 	0.103105 	 0.015836 
0.111027 	0.195355 	0.135766 	0.099798 	 0.015372 
0.118142 	0.190066 	0.132680 	0.096561 	 0.015034 
0.121525 	0.192215 	0.134226 	0.097757 	 0.014864 
0.121927 	0.191458 	0.133381 	0.100576 	 0.014883 
0.119416 	0.188520 	0.131223 	0.099601 	 0.015205 
0.110978 	0.185415 	0.129325 	0.093594 	 0.014895 
0.120218 	0.184552 	0.129057 	0.090706 	 0.014345 
0.105522 	0.184417 	0.128519 	0.095034 	 0.014816 
0.122258 	0.188757 	0.131883 	0.096428 	 0.014442 
0.117446 	0.191208 	0.133497 	0.095757 	 0.014633 
0.100833 	0.207391 	0.143987 	0.110658 	 0.016523 
0.102084 	0.194247 	0.135628 	0.098391 	 0.016021 
0.099875 	0.201889 	0.140949 	0.103884 	 0.016776 
0.103142 	0.200986 	0.139845 	0.104058 	 0.016031 
0.114405 	0.191356 	0.133892 	0.096253 	 0.015042 
0.108147 	0.197817 	0.137780 	0.102762 	 0.015656 
0.118588 	0.183366 	0.128661 	0.088844 	 0.014351 
0.119776 	0.178175 	0.125014 	0.086823 	 0.013203 
0.103279 	0.203263 	0.141861 	0.102899 	 0.015921 
0.104904 	0.196825 	0.137451 	0.099345 	 0.015574 
0.110761 	0.188982 	0.132821 	0.092859 	 0.014923 
0.106651 	0.194131 	0.135740 	0.097293 	 0.015256 
0.103807 	0.201690 	0.140900 	0.103608 	 0.016084 
0.117618 	0.179190 	0.126301 	0.085739 	 0.014023 
0.113374 	0.192958 	0.135216 	0.095255 	 0.014869 
0.098840 	0.200646 	0.140021 	0.101284 	 0.015519 
0.102758 	0.198551 	0.139051 	0.098776 	 0.015575 
0.115639 	0.184099 	0.129234 	0.090943 	 0.014399 
0.095469 	0.187440 	0.132257 	0.088827 	 0.015291 
0.101644 	0.200590 	0.140027 	0.103872 	 0.015839 
0.093707 	0.204558 	0.142604 	0.103764 	 0.015832 
0.091547 	0.205593 	0.143612 	0.105654 	 0.016245 
0.107574 	0.185182 	0.130405 	0.089588 	 0.014334 
0.112387 	0.178828 	0.126309 	0.085277 	 0.014481 
0.099229 	0.201010 	0.140595 	0.100019 	 0.014840 
0.100108 	0.191225 	0.134588 	0.091937 	 0.015126 
0.100539 	0.191096 	0.134457 	0.092192 	 0.014491 
0.098734 	0.204827 	0.143149 	0.104098 	 0.016040 
0.101328 	0.198351 	0.139347 	0.098118 	 0.015995 
0.096441 	0.193906 	0.136651 	0.091844 	 0.014993 
0.100828 	0.198720 	0.139739 	0.099948 	 0.016061 
0.096709 	0.196247 	0.137939 	0.095490 	 0.015341 
0.084481 	0.209680 	0.146645 	0.106149 	 0.016850 
0.099942 	0.202246 	0.142462 	0.098177 	 0.016357 
0.095715 	0.196606 	0.138456 	0.095234 	 0.016122 
0.099122 	0.204057 	0.143534 	0.097832 	 0.015382 
0.093171 	0.195429 	0.137636 	0.094205 	 0.015422 
0.099021 	0.197824 	0.139094 	0.097538 	 0.015178 
0.109324 	0.184126 	0.130692 	0.085672 	 0.014466 
0.100924 	0.191316 	0.135146 	0.091880 	 0.015151 
0.093398 	0.202873 	0.142888 	0.098261 	 0.015731 
0.100521 	0.189813 	0.134060 	0.090712 	 0.015107 
0.093402 	0.197779 	0.139781 	0.094165 	 0.015390 
0.092151 	0.202819 	0.142539 	0.100040 	 0.015586 
0.100448 	0.184637 	0.131188 	0.087856 	 0.015659 
0.091090 	0.203219 	0.143289 	0.098394 	 0.016050 
0.108816 	0.187444 	0.132905 	0.088226 	 0.014180 
0.089483 	0.195010 	0.137989 	0.092468 	 0.015551 
0.088575 	0.189642 	0.134401 	0.088538 	 0.015323 
0.093792 	0.189748 	0.134502 	0.088688 	 0.015241 
0.099155 	0.193288 	0.136961 	0.089889 	 0.015103 
0.086804 	0.200893 	0.141872 	0.095177 	 0.015468 
0.111714 	0.188120 	0.133625 	0.087899 	 0.014076 
0.084413 	0.205471 	0.144953 	0.097427 	 0.015716 
0.094735 	0.193404 	0.137014 	0.090714 	 0.015308 
0.099427 	0.189177 	0.134931 	0.083776 	 0.014931 
0.088225 	0.200282 	0.142027 	0.092148 	 0.015565 
0.070760 	0.216909 	0.152428 	0.106833 	 0.017090 
0.087110 	0.205164 	0.144884 	0.097586 	 0.015585 
0.096293 	0.198414 	0.140627 	0.091015 	 0.014952 
0.079126 	0.204325 	0.144690 	0.096033 	 0.015877 
0.097174 	0.198344 	0.140859 	0.092258 	 0.015644 
0.081102 	0.203233 	0.143385 	0.097329 	 0.016171 
0.084640 	0.213301 	0.150393 	0.102561 	 0.016189 
0.080951 	0.208361 	0.147061 	0.100550 	 0.016123 
0.084223 	0.206262 	0.145894 	0.098468 	 0.015847 
0.096889 	0.197366 	0.140136 	0.092942 	 0.014775 
0.086375 	0.199903 	0.142045 	0.092423 	 0.015580 
0.093511 	0.195791 	0.140278 	0.087315 	 0.015811 
0.085534 	0.198201 	0.140886 	0.093575 	 0.016214 
0.077406 	0.213468 	0.150648 	0.105208 	 0.016586 
0.076835 	0.207813 	0.147016 	0.098708 	 0.015991 
0.082672 	0.209132 	0.148283 	0.099064 	 0.016034 
0.085376 	0.204357 	0.145570 	0.091811 	 0.015742 
0.083194 	0.209536 	0.148458 	0.097815 	 0.015807 
0.086548 	0.201738 	0.143663 	0.090892 	 0.014876 
0.094076 	0.189436 	0.135394 	0.084789 	 0.014382 
0.086764 	0.205925 	0.146418 	0.094055 	 0.015564 
0.083452 	0.207660 	0.147554 	0.096399 	 0.015619 
0.076582 	0.206500 	0.146491 	0.096790 	 0.015648 
0.091200 	0.200243 	0.142870 	0.091330 	 0.015422 
0.094996 	0.192529 	0.137955 	0.086965 	 0.015268 
0.081837 	0.198870 	0.142253 	0.085479 	 0.015240 
0.071676 	0.209968 	0.149786 	0.095638 	 0.016869 
0.077405 	0.204718 	0.145681 	0.093477 	 0.015613 
0.078672 	0.212542 	0.150542 	0.100627 	 0.015417 
0.084199 	0.198646 	0.142204 	0.087736 	 0.014859 
0.061646 	0.214766 	0.151991 	0.100520 	 0.016309 
0.082292 	0.205697 	0.146799 	0.094083 	 0.015710 
0.081016 	0.195757 	0.140053 	0.090129 	 0.015221 
0.072277 	0.214943 	0.152626 	0.100800 	 0.016971 
0.068947 	0.221691 	0.157087 	0.103692 	 0.017023 
0.088193 	0.202665 	0.144967 	0.092429 	 0.015982 
0.083327 	0.199704 	0.142720 	0.088891 	 0.015048 
0.064394 	0.220202 	0.156236 	0.104207 	 0.017055 
0.087789 	0.199553 	0.143145 	0.086627 	 0.014515 
0.082746 	0.200736 	0.143723 	0.090536 	 0.015592 
0.067287 	0.226035 	0.160062 	0.108497 	 0.016746 
0.078420 	0.210871 	0.150377 	0.096090 	 0.015321 
0.073134 	0.207355 	0.148323 	0.092340 	 0.015723 
0.069433 	0.206794 	0.147875 	0.094641 	 0.016080 
0.063687 	0.222062 	0.158200 	0.104473 	 0.017558 
0.064072 	0.220840 	0.157186 	0.101999 	 0.016635 
0.074805 	0.210326 	0.150707 	0.092735 	 0.015856 
0.079595 	0.205585 	0.147276 	0.091735 	 0.015528 
0.063663 	0.221872 	0.157732 	0.105219 	 0.017660 
0.077456 	0.203274 	0.146291 	0.087857 	 0.016096 
0.061808 	0.225055 	0.159960 	0.104166 	 0.017142 
0.064088 	0.212954 	0.152664 	0.094519 	 0.017272 
0.076218 	0.207204 	0.148536 	0.093763 	 0.016068 
0.065432 	0.213287 	0.152217 	0.097917 	 0.016622 
0.068390 	0.217362 	0.155047 	0.097955 	 0.016074 
0.087457 	0.198258 	0.143030 	0.086545 	 0.015609 
0.073016 	0.212298 	0.152458 	0.092306 	 0.016382 
0.078619 	0.197085 	0.141636 	0.084082 	 0.013992 
0.066362 	0.216333 	0.154615 	0.099147 	 0.016932 
0.061434 	0.213360 	0.152956 	0.096178 	 0.016337 
0.071160 	0.204565 	0.147114 	0.089121 	 0.015357 
0.082662 	0.195199 	0.140874 	0.084065 	 0.014968 
0.058466 	0.221492 	0.158286 	0.100892 	 0.016832 
0.082963 	0.201821 	0.145558 	0.087631 	 0.015175 
0.073694 	0.205895 	0.148420 	0.087847 	 0.015923 
0.074731 	0.210192 	0.151439 	0.091570 	 0.015947 
0.068231 	0.200470 	0.145554 	0.082644 	 0.016667 
0.063659 	0.216642 	0.155456 	0.095420 	 0.016135 
0.083916 	0.200827 	0.145381 	0.084170 	 0.015313 
0.067810 	0.215845 	0.154891 	0.096025 	 0.015607 
0.070899 	0.198253 	0.143591 	0.082672 	 0.014956 
0.070061 	0.216364 	0.155333 	0.094376 	 0.015649 
0.067235 	0.213678 	0.153920 	0.092461 	 0.016387 
0.066857 	0.219907 	0.157640 	0.099529 	 0.016665 
0.082534 	0.196357 	0.142679 	0.079482 	 0.014494 
0.073999 	0.203593 	0.147650 	0.085454 	 0.015632 
0.067902 	0.201088 	0.145543 	0.085450 	 0.015374 
0.055033 	0.214248 	0.154142 	0.093570 	 0.016160 
0.059088 	0.213606 	0.153498 	0.095612 	 0.016236 
0.065026 	0.203953 	0.147690 	0.086650 	 0.015642 
0.064570 	0.204874 	0.147970 	0.088919 	 0.015011 
0.067202 	0.205621 	0.148976 	0.086386 	 0.015827 
0.070987 	0.202574 	0.146889 	0.085357 	 0.015309 
0.078090 	0.202914 	0.147503 	0.084170 	 0.015887 
0.080990 	0.208635 	0.151041 	0.088408 	 0.015506 
0.072075 	0.202466 	0.146672 	0.087210 	 0.015197 
0.073175 	0.200914 	0.146515 	0.080087 	 0.015412 
0.067776 	0.216464 	0.156516 	0.090373 	 0.015717 
0.062947 	0.209410 	0.151828 	0.087782 	 0.015666 
0.080468 	0.197675 	0.144225 	0.082381 	 0.015691 
0.056254 	0.217297 	0.156985 	0.092967 	 0.016413 
0.072416 	0.207906 	0.150732 	0.087667 	 0.015244 
0.075452 	0.206619 	0.149869 	0.086936 	 0.014764 
0.075939 	0.204514 	0.148889 	0.085050 	 0.016014 
0.063218 	0.218724 	0.158032 	0.094930 	 0.016391 
0.074870 	0.200713 	0.146279 	0.082245 	 0.015513 
0.079257 	0.197507 	0.144163 	0.081869 	 0.015677 
0.075645 	0.205262 	0.149498 	0.085443 	 0.016021 
0.061837 	0.218059 	0.157585 	0.094753 	 0.015993 
0.076424 	0.195505 	0.143229 	0.077050 	 0.014961 
0.065913 	0.209291 	0.152535 	0.084636 	 0.016283 
0.054005 	0.207936 	0.151578 	0.084732 	 0.016617 
0.085150 	0.194536 	0.142678 	0.076986 	 0.014299 
0.065989 	0.205806 	0.149720 	0.086852 	 0.015560 
0.061258 	0.225181 	0.162868 	0.096855 	 0.016652 
0.063410 	0.210097 	0.152595 	0.089589 	 0.015753 
0.062977 	0.206632 	0.150581 	0.085021 	 0.015270 
0.073487 	0.202997 	0.148527 	0.082638 	 0.015389 
0.053594 	0.218035 	0.158396 	0.093060 	 0.017343 
0.053793 	0.211417 	0.154122 	0.088780 	 0.016861 
0.071014 	0.208581 	0.152787 	0.083209 	 0.016196 
0.053737 	0.234640 	0.168686 	0.106944 	 0.017746 
0.060985 	0.203017 	0.148456 	0.083758 	 0.015991 
0.081977 	0.201374 	0.148010 	0.079298 	 0.015250 
0.069947 	0.202461 	0.148406 	0.081806 	 0.015940 
0.067850 	0.217020 	0.157831 	0.091605 	 0.015762 
0.084918 	0.197313 	0.145200 	0.075979 	 0.014396 
0.052365 	0.225856 	0.163996 	0.095686 	 0.017131 
0.079383 	0.205795 	0.151198 	0.079558 	 0.014803 
0.060743 	0.216125 	0.157306 	0.092633 	 0.016955 
0.077685 	0.210901 	0.154104 	0.087382 	 0.015555 
0.055550 	0.215232 	0.157584 	0.086175 	 0.016810 
0.057935 	0.213623 	0.156158 	0.087626 	 0.016710 
0.063567 	0.218862 	0.159539 	0.093697 	 0.016655 
0.061419 	0.213576 	0.155842 	0.090563 	 0.016517 
0.059454 	0.208179 	0.152378 	0.086296 	 0.016170 
0.055495 	0.211107 	0.154387 	0.088254 	 0.016729 
0.064421 	0.217307 	0.158652 	0.089721 	 0.016394 
0.078483 	0.198174 	0.146810 	0.073479 	 0.015330 
0.076545 	0.213636 	0.156567 	0.087965 	 0.015695 
0.070812 	0.212615 	0.155676 	0.087367 	 0.015918 
0.079985 	0.200026 	0.147692 	0.078019 	 0.015054 
0.081512 	0.191159 	0.142292 	0.070192 	 0.015044 
0.074635 	0.204167 	0.150546 	0.079686 	 0.015821 
0.079775 	0.193570 	0.143883 	0.072234 	 0.015320 
0.088770 	0.193795 	0.143938 	0.074069 	 0.014441 
0.079035 	0.208696 	0.153576 	0.085386 	 0.016292 
0.084569 	0.188780 	0.140414 	0.072366 	 0.014929 
0.082408 	0.201457 	0.149192 	0.077334 	 0.015361 
0.074590 	0.210401 	0.154832 	0.083911 	 0.015857 
0.070824 	0.205068 	0.151822 	0.080052 	 0.016384 
0.076423 	0.207552 	0.153162 	0.084208 	 0.016600 
0.092339 	0.196482 	0.146235 	0.074162 	 0.014757 
0.072092 	0.205468 	0.151542 	0.081339 	 0.016049 
0.080362 	0.197054 	0.146571 	0.074278 	 0.015696 
0.081140 	0.193101 	0.143915 	0.071913 	 0.015274 
0.089895 	0.198674 	0.147863 	0.073024 	 0.014069 
0.096325 	0.197454 	0.146741 	0.074894 	 0.014359 
0.086244 	0.189893 	0.141679 	0.069880 	 0.013971 
0.080361 	0.198447 	0.147360 	0.076967 	 0.015723 
0.069899 	0.211978 	0.156589 	0.084761 	 0.016559 
0.075305 	0.202585 	0.150873 	0.075334 	 0.015267 
0.082799 	0.206761 	0.153358 	0.081063 	 0.015669 
0.085447 	0.195029 	0.145618 	0.071910 	 0.014683 
0.098494 	0.187054 	0.140864 	0.063835 	 0.013855 
0.094753 	0.193909 	0.144839 	0.070390 	 0.014383 
0.089951 	0.196954 	0.147444 	0.073017 	 0.015267 
0.098704 	0.180265 	0.136249 	0.061823 	 0.014000 
0.087124 	0.201869 	0.150364 	0.077137 	 0.014335 
0.073763 	0.214409 	0.158684 	0.084470 	 0.016456 
0.105412 	0.187160 	0.140853 	0.066899 	 0.013555 
0.084791 	0.199246 	0.148942 	0.075950 	 0.015943 
0.076193 	0.203877 	0.152221 	0.076057 	 0.015781 
0.094264 	0.189462 	0.142615 	0.068317 	 0.014576 
0.088092 	0.199352 	0.149497 	0.073756 	 0.015635 
0.084008 	0.199798 	0.149308 	0.074979 	 0.015257 
0.088643 	0.204111 	0.151961 	0.080852 	 0.015519 
0.087081 	0.192465 	0.144648 	0.071019 	 0.015151 
0.096129 	0.181745 	0.137538 	0.063053 	 0.014188 
0.088425 	0.203517 	0.152362 	0.075110 	 0.015626 
0.077021 	0.204035 	0.152264 	0.076104 	 0.015318 
0.097962 	0.189138 	0.143131 	0.067281 	 0.014370 
0.100584 	0.186236 	0.140825 	0.067864 	 0.014829 
0.090611 	0.205188 	0.153539 	0.077466 	 0.015372 
0.086452 	0.203774 	0.152315 	0.076211 	 0.015209 
0.098114 	0.187885 	0.142542 	0.063653 	 0.014243 
0.087539 	0.198087 	0.149188 	0.071428 	 0.015461 
0.092985 	0.199742 	0.149900 	0.072531 	 0.015005 
0.101704 	0.183651 	0.139773 	0.062256 	 0.014707 
0.099219 	0.183420 	0.139509 	0.063301 	 0.014722 
0.105486 	0.184234 	0.140541 	0.059301 	 0.013986 
0.088875 	0.199702 	0.150103 	0.072796 	 0.015160 
0.111641 	0.171660 	0.132282 	0.053074 	 0.013618 
0.093058 	0.198212 	0.148846 	0.075816 	 0.015365 
0.107668 	0.187195 	0.142244 	0.063078 	 0.013468 
0.086868 	0.208539 	0.155631 	0.081933 	 0.015651 
0.096333 	0.192087 	0.145525 	0.066561 	 0.014213 
0.099887 	0.195141 	0.147627 	0.070547 	 0.014546 
0.096298 	0.191988 	0.145143 	0.068292 	 0.014063 
0.106592 	0.186508 	0.141967 	0.064016 	 0.013584 
0.105587 	0.190321 	0.144592 	0.064922 	 0.013741 
0.101003 	0.185481 	0.141231 	0.064295 	 0.013963 
0.108657 	0.189434 	0.144521 	0.063707 	 0.014047 
0.110192 	0.176620 	0.136397 	0.054099 	 0.013797 
0.089067 	0.204697 	0.153343 	0.078174 	 0.014878 
0.102810 	0.196905 	0.148859 	0.073837 	 0.015734 
0.074202 	0.215415 	0.161306 	0.082070 	 0.016316 
0.099443 	0.184042 	0.140978 	0.060848 	 0.014313 
0.106773 	0.180359 	0.138899 	0.057764 	 0.014168 
0.098050 	0.190479 	0.145441 	0.065801 	 0.015241 
0.098620 	0.193495 	0.147531 	0.065839 	 0.014926 
0.075728 	0.219154 	0.163868 	0.085869 	 0.016964 
0.086629 	0.201531 	0.152717 	0.073256 	 0.016304 
0.087862 	0.192797 	0.146930 	0.064520 	 0.015206 
0.094908 	0.196191 	0.149554 	0.066835 	 0.015490 
0.092981 	0.197665 	0.150411 	0.068700 	 0.015327 
0.090504 	0.195302 	0.148684 	0.067970 	 0.014865 
0.083160 	0.197999 	0.150650 	0.067912 	 0.015233 
0.076912 	0.202691 	0.153737 	0.071321 	 0.015802 
0.105986 	0.181074 	0.139276 	0.059117 	 0.013569 
0.100413 	0.185190 	0.141923 	0.061494 	 0.013344 
0.099823 	0.186520 	0.142952 	0.060975 	 0.013771 
0.085307 	0.191123 	0.146276 	0.063951 	 0.015292 
0.100901 	0.184593 	0.142155 	0.060603 	 0.013815 
0.088016 	0.187317 	0.143489 	0.065067 	 0.015596 
0.093193 	0.196175 	0.149020 	0.071188 	 0.014660 
0.082761 	0.196620 	0.150172 	0.068143 	 0.015760 
0.096072 	0.192549 	0.147598 	0.065075 	 0.015240 
0.093187 	0.181812 	0.140757 	0.059702 	 0.014890 
0.083739 	0.195178 	0.148973 	0.068744 	 0.015582 
0.083099 	0.190408 	0.146206 	0.062239 	 0.015020 
0.083660 	0.197234 	0.150670 	0.069658 	 0.016156 
0.089729 	0.195553 	0.149841 	0.068630 	 0.015621 
0.091311 	0.188243 	0.144982 	0.059362 	 0.014796 
0.114696 	0.175532 	0.136857 	0.055023 	 0.013350 
0.091151 	0.201329 	0.153428 	0.069566 	 0.014953 
0.089985 	0.176488 	0.137217 	0.053441 	 0.014239 
0.106793 	0.181253 	0.141030 	0.055880 	 0.014460 
0.098565 	0.178062 	0.138821 	0.053167 	 0.014013 
0.092155 	0.194183 	0.149089 	0.063950 	 0.014761 
0.092409 	0.193338 	0.149030 	0.063152 	 0.015651 
0.103854 	0.181276 	0.140614 	0.058759 	 0.014143 
0.093033 	0.181345 	0.140677 	0.060382 	 0.014934 
0.090225 	0.197288 	0.151683 	0.064830 	 0.015245 
0.102815 	0.178081 	0.139026 	0.055387 	 0.014407 
0.100660 	0.174809 	0.136703 	0.053334 	 0.013935 
0.095889 	0.190662 	0.147160 	0.062532 	 0.014728 
0.089853 	0.196337 	0.150955 	0.066943 	 0.015736 
0.097350 	0.184983 	0.144030 	0.055322 	 0.014678 
0.089396 	0.177426 	0.138284 	0.054432 	 0.014233 
0.110335 	0.175806 	0.137822 	0.052998 	 0.013614 
0.078111 	0.196984 	0.151652 	0.067580 	 0.016138 
0.097452 	0.184029 	0.143070 	0.059024 	 0.013800 
0.094619 	0.181083 	0.141416 	0.056452 	 0.015011 
0.087291 	0.187437 	0.145790 	0.059015 	 0.015712 
0.093736 	0.190088 	0.147849 	0.059580 	 0.015352 
0.100994 	0.173583 	0.136343 	0.054629 	 0.014322 
0.070975 	0.208691 	0.159385 	0.074189 	 0.016244 
