di 	gli 	gal 	gos3 	gos4 	lac 	 glb 
0.474350 	0.002524 	-0.001212 	0.003153 	-0.000634 	0.474267 	 0.000084 
0.485600 	0.010711 	-0.002284 	0.012714 	-0.000106 	0.485488 	 0.000113 
0.469119 	0.005403 	-0.003038 	0.007538 	-0.000572 	0.468978 	 0.000138 
0.481722 	0.009188 	-0.000898 	0.008267 	-0.000141 	0.481618 	 0.000097 
0.480944 	0.013225 	0.000719 	0.010193 	-0.000001 	0.480840 	 0.000115 
0.471935 	0.011333 	0.000482 	0.008803 	-0.000127 	0.471849 	 0.000080 
0.475615 	0.009631 	-0.002882 	0.012099 	-0.000413 	0.475488 	 0.000118 
0.469481 	0.014690 	-0.001542 	0.013553 	-0.000070 	0.469281 	 0.000183 
0.475678 	0.009730 	-0.000142 	0.007958 	-0.000115 	0.475578 	 0.000102 
0.461690 	0.010986 	0.001332 	0.008240 	-0.000184 	0.461612 	 0.000066 
0.459652 	0.018335 	0.002211 	0.013711 	0.000056 	0.459492 	 0.000158 
0.478020 	0.011378 	0.001203 	0.008578 	-0.000242 	0.477904 	 0.000112 
0.476618 	0.010696 	0.000244 	0.009362 	-0.000181 	0.476546 	 0.000058 
0.476664 	0.010981 	-0.000568 	0.010732 	-0.000109 	0.476502 	 0.000160 
0.480692 	0.010526 	0.002171 	0.006429 	-0.000198 	0.480590 	 0.000090 
0.471219 	0.018700 	0.003196 	0.013395 	0.000225 	0.471122 	 0.000081 
0.468946 	0.021641 	0.002669 	0.015612 	0.000485 	0.468763 	 0.000190 
0.474445 	0.010866 	-0.000843 	0.009792 	-0.000099 	0.474293 	 0.000148 
0.473321 	0.016140 	-0.000713 	0.013976 	-0.000052 	0.473089 	 0.000227 
0.458999 	0.023794 	-0.000918 	0.020391 	0.000452 	0.458705 	 0.000287 
0.464875 	0.019671 	-0.000677 	0.016500 	0.000138 	0.464592 	 0.000288 
0.475326 	0.015674 	-0.002057 	0.016117 	-0.000188 	0.475109 	 0.000220 
0.466434 	0.015218 	0.000176 	0.012973 	-0.000055 	0.466235 	 0.000193 
0.458617 	0.023206 	0.000407 	0.019118 	0.000282 	0.458330 	 0.000280 
0.458942 	0.019225 	0.001618 	0.014881 	0.000222 	0.458731 	 0.000196 
0.459209 	0.020680 	0.001061 	0.016279 	0.000261 	0.458972 	 0.000233 
0.451934 	0.026215 	0.002025 	0.019869 	0.000547 	0.451703 	 0.000230 
0.457542 	0.026636 	0.002705 	0.020399 	0.000464 	0.457281 	 0.000257 
0.456901 	0.020868 	0.000821 	0.016807 	0.000370 	0.456662 	 0.000229 
0.454646 	0.026357 	0.001466 	0.020056 	0.000622 	0.454361 	 0.000293 
0.458698 	0.025935 	0.002741 	0.019899 	0.000453 	0.458484 	 0.000218 
0.456613 	0.026677 	0.002412 	0.020257 	0.000458 	0.456330 	 0.000275 
0.458876 	0.026943 	0.002114 	0.021229 	0.000614 	0.458596 	 0.000261 
0.454466 	0.031249 	0.003421 	0.022669 	0.000776 	0.454170 	 0.000296 
0.447679 	0.032013 	0.003511 	0.023347 	0.000790 	0.447397 	 0.000290 
0.455215 	0.027573 	0.002585 	0.020337 	0.000466 	0.454966 	 0.000245 
0.453116 	0.023322 	0.002749 	0.017854 	0.000180 	0.452912 	 0.000209 
0.452101 	0.025831 	0.002042 	0.019931 	0.000391 	0.451815 	 0.000287 
0.451724 	0.035525 	0.003481 	0.027018 	0.000926 	0.451386 	 0.000332 
0.457036 	0.032252 	0.004137 	0.022403 	0.000782 	0.456718 	 0.000316 
0.459195 	0.028247 	0.003290 	0.020962 	0.000636 	0.458929 	 0.000271 
0.442062 	0.031088 	0.004236 	0.022816 	0.000650 	0.441798 	 0.000253 
0.458077 	0.030840 	0.005748 	0.020601 	0.000710 	0.457864 	 0.000206 
0.446708 	0.033538 	0.003818 	0.025519 	0.000807 	0.446423 	 0.000273 
0.444565 	0.031453 	0.005319 	0.021404 	0.000706 	0.444314 	 0.000254 
0.441470 	0.038795 	0.006246 	0.026565 	0.001090 	0.441163 	 0.000308 
0.434225 	0.036762 	0.004272 	0.027107 	0.000967 	0.433868 	 0.000361 
0.442359 	0.035562 	0.004000 	0.025408 	0.000797 	0.442026 	 0.000345 
0.443770 	0.028292 	0.003204 	0.021263 	0.000372 	0.443500 	 0.000269 
0.439371 	0.037734 	0.006350 	0.024954 	0.001023 	0.439035 	 0.000343 
0.446006 	0.037748 	0.004799 	0.027009 	0.000931 	0.445648 	 0.000369 
0.450474 	0.036826 	0.005954 	0.025708 	0.000895 	0.450162 	 0.000318 
0.429098 	0.044793 	0.008255 	0.029886 	0.001328 	0.428774 	 0.000324 
0.435194 	0.037209 	0.005792 	0.025986 	0.000953 	0.434913 	 0.000280 
0.433336 	0.038470 	0.005692 	0.027463 	0.000930 	0.432982 	 0.000349 
0.441473 	0.035472 	0.005797 	0.024571 	0.000864 	0.441159 	 0.000305 
0.438555 	0.041978 	0.006841 	0.028954 	0.001137 	0.438226 	 0.000332 
0.445906 	0.039932 	0.005942 	0.028776 	0.001016 	0.445567 	 0.000343 
0.438972 	0.035741 	0.005951 	0.024679 	0.000762 	0.438630 	 0.000332 
0.444940 	0.042924 	0.006626 	0.030446 	0.001183 	0.444570 	 0.000376 
0.444615 	0.038258 	0.007244 	0.025737 	0.001032 	0.444283 	 0.000324 
0.432756 	0.038611 	0.005929 	0.026918 	0.001013 	0.432412 	 0.000350 
0.446524 	0.040618 	0.006296 	0.028141 	0.001223 	0.446199 	 0.000329 
0.438843 	0.038654 	0.005502 	0.026700 	0.001143 	0.438464 	 0.000376 
0.443155 	0.038089 	0.006404 	0.025400 	0.001077 	0.442809 	 0.000359 
0.449930 	0.038440 	0.007758 	0.024965 	0.000870 	0.449644 	 0.000279 
0.440003 	0.037774 	0.006233 	0.025178 	0.000991 	0.439657 	 0.000340 
0.443859 	0.037369 	0.007327 	0.023724 	0.000918 	0.443526 	 0.000338 
0.441808 	0.040391 	0.008157 	0.026056 	0.001060 	0.441450 	 0.000357 
0.438206 	0.042768 	0.007225 	0.028803 	0.001221 	0.437819 	 0.000392 
0.435463 	0.044005 	0.008877 	0.028277 	0.001328 	0.435107 	 0.000368 
0.425087 	0.042627 	0.008453 	0.027342 	0.001105 	0.424711 	 0.000367 
0.430693 	0.041333 	0.007569 	0.027562 	0.001161 	0.430323 	 0.000363 
0.435936 	0.040446 	0.008487 	0.025402 	0.001017 	0.435604 	 0.000336 
0.434025 	0.040679 	0.006880 	0.027474 	0.001158 	0.433642 	 0.000388 
0.428630 	0.037764 	0.007502 	0.024287 	0.000960 	0.428320 	 0.000307 
0.432568 	0.041393 	0.006890 	0.027966 	0.001090 	0.432159 	 0.000424 
0.424975 	0.042955 	0.007856 	0.028440 	0.001240 	0.424569 	 0.000399 
0.429715 	0.044201 	0.007308 	0.029929 	0.001170 	0.429286 	 0.000438 
0.438626 	0.039817 	0.007316 	0.026370 	0.000919 	0.438229 	 0.000393 
0.428709 	0.039857 	0.008705 	0.024407 	0.001054 	0.428384 	 0.000338 
0.425658 	0.047050 	0.010309 	0.028413 	0.001527 	0.425314 	 0.000345 
0.423542 	0.047952 	0.010628 	0.029347 	0.001554 	0.423160 	 0.000387 
0.432293 	0.046588 	0.007813 	0.031028 	0.001298 	0.431891 	 0.000399 
0.436037 	0.043423 	0.009317 	0.026906 	0.001241 	0.435663 	 0.000374 
0.425945 	0.048199 	0.010480 	0.030112 	0.001442 	0.425563 	 0.000374 
0.425936 	0.045973 	0.009588 	0.029320 	0.001396 	0.425593 	 0.000347 
0.440125 	0.047516 	0.009839 	0.030321 	0.001289 	0.439795 	 0.000322 
0.427679 	0.043696 	0.009891 	0.026396 	0.001250 	0.427313 	 0.000365 
0.439225 	0.043894 	0.009568 	0.027031 	0.001202 	0.438906 	 0.000316 
0.423223 	0.048496 	0.009034 	0.031662 	0.001373 	0.422765 	 0.000461 
0.422658 	0.051933 	0.010050 	0.033612 	0.001676 	0.422254 	 0.000413 
0.418314 	0.050652 	0.009379 	0.033991 	0.001518 	0.417888 	 0.000428 
0.420757 	0.049450 	0.008698 	0.032965 	0.001465 	0.420313 	 0.000441 
0.413542 	0.053510 	0.010898 	0.033847 	0.001732 	0.413103 	 0.000432 
0.417948 	0.047776 	0.009416 	0.029884 	0.001411 	0.417518 	 0.000433 
0.430011 	0.044135 	0.008829 	0.028238 	0.001233 	0.429623 	 0.000394 
0.416715 	0.050881 	0.011374 	0.031749 	0.001554 	0.416315 	 0.000395 
0.418642 	0.048867 	0.009520 	0.032526 	0.001416 	0.418226 	 0.000411 
0.423604 	0.051089 	0.010462 	0.032788 	0.001492 	0.423169 	 0.000434 
0.412130 	0.055269 	0.011214 	0.035252 	0.001838 	0.411708 	 0.000423 
0.419742 	0.051000 	0.010081 	0.032271 	0.001550 	0.419316 	 0.000431 
0.422279 	0.051010 	0.011379 	0.031109 	0.001538 	0.421892 	 0.000385 
0.402600 	0.054231 	0.011680 	0.033706 	0.001879 	0.402183 	 0.000427 
0.411891 	0.056203 	0.011701 	0.036013 	0.001801 	0.411459 	 0.000433 
0.408643 	0.057084 	0.012493 	0.035370 	0.001859 	0.408226 	 0.000416 
0.418891 	0.057503 	0.010879 	0.037491 	0.001815 	0.418431 	 0.000463 
0.409839 	0.052777 	0.011536 	0.032204 	0.001647 	0.409421 	 0.000424 
0.416848 	0.052460 	0.010155 	0.034553 	0.001514 	0.416424 	 0.000430 
0.409773 	0.056686 	0.011423 	0.035797 	0.001834 	0.409324 	 0.000447 
0.408542 	0.055577 	0.011060 	0.035692 	0.001727 	0.408126 	 0.000418 
0.396127 	0.060303 	0.012848 	0.037230 	0.001990 	0.395677 	 0.000452 
0.410324 	0.055404 	0.012935 	0.032972 	0.001695 	0.409888 	 0.000432 
0.405647 	0.058637 	0.011372 	0.037575 	0.001853 	0.405154 	 0.000488 
0.407924 	0.058628 	0.013010 	0.035543 	0.001936 	0.407466 	 0.000463 
0.404982 	0.056097 	0.012035 	0.034752 	0.001757 	0.404527 	 0.000457 
0.402444 	0.061872 	0.013827 	0.038382 	0.002064 	0.401975 	 0.000461 
0.405445 	0.053759 	0.011061 	0.034866 	0.001668 	0.405004 	 0.000427 
0.405056 	0.060192 	0.013448 	0.036632 	0.002178 	0.404593 	 0.000454 
0.412246 	0.059580 	0.012826 	0.037312 	0.001941 	0.411789 	 0.000469 
0.400769 	0.064779 	0.013915 	0.040243 	0.002301 	0.400287 	 0.000479 
0.410264 	0.053549 	0.010789 	0.033284 	0.001624 	0.409817 	 0.000445 
0.410815 	0.057230 	0.011554 	0.036096 	0.001902 	0.410313 	 0.000502 
0.405464 	0.055015 	0.011331 	0.033545 	0.001796 	0.405002 	 0.000471 
0.410842 	0.056836 	0.012272 	0.035486 	0.001871 	0.410384 	 0.000453 
0.407346 	0.055763 	0.012318 	0.034373 	0.001798 	0.406889 	 0.000455 
0.409688 	0.056898 	0.013293 	0.034290 	0.001954 	0.409280 	 0.000406 
0.402877 	0.053955 	0.011653 	0.033440 	0.001770 	0.402427 	 0.000450 
0.409085 	0.053718 	0.011165 	0.033704 	0.001586 	0.408614 	 0.000466 
0.407217 	0.058396 	0.011838 	0.036871 	0.001929 	0.406715 	 0.000508 
0.409531 	0.057310 	0.011713 	0.037025 	0.001706 	0.409044 	 0.000489 
0.412738 	0.060933 	0.013457 	0.037337 	0.001891 	0.412277 	 0.000462 
0.411582 	0.055552 	0.011864 	0.033904 	0.001631 	0.411110 	 0.000484 
0.410886 	0.053995 	0.012041 	0.033518 	0.001664 	0.410459 	 0.000427 
0.398484 	0.058505 	0.011435 	0.037023 	0.001887 	0.397976 	 0.000501 
0.404163 	0.058980 	0.011899 	0.037096 	0.002024 	0.403653 	 0.000502 
0.405534 	0.058056 	0.013920 	0.034376 	0.001999 	0.405099 	 0.000439 
0.413980 	0.057588 	0.010972 	0.037528 	0.001904 	0.413470 	 0.000521 
0.399336 	0.056449 	0.011714 	0.035121 	0.001782 	0.398866 	 0.000462 
0.406691 	0.060181 	0.013610 	0.035524 	0.002064 	0.406185 	 0.000506 
0.413148 	0.057066 	0.011681 	0.036437 	0.001757 	0.412691 	 0.000458 
0.407834 	0.053751 	0.010419 	0.033726 	0.001723 	0.407333 	 0.000495 
0.402063 	0.060757 	0.012191 	0.038663 	0.002096 	0.401576 	 0.000485 
0.407074 	0.057371 	0.012399 	0.035175 	0.001821 	0.406573 	 0.000495 
0.401801 	0.065630 	0.014734 	0.040182 	0.002247 	0.401291 	 0.000513 
0.410251 	0.056560 	0.012109 	0.034792 	0.001807 	0.409781 	 0.000469 
0.411059 	0.058137 	0.013641 	0.034414 	0.001878 	0.410609 	 0.000445 
0.409576 	0.062202 	0.013797 	0.038468 	0.002059 	0.409140 	 0.000441 
0.411268 	0.059707 	0.013563 	0.036314 	0.001964 	0.410839 	 0.000431 
0.409644 	0.061629 	0.012461 	0.039015 	0.002026 	0.409130 	 0.000511 
0.407626 	0.058469 	0.012422 	0.035617 	0.001830 	0.407137 	 0.000496 
0.391246 	0.064132 	0.013257 	0.039549 	0.002219 	0.390719 	 0.000535 
0.415653 	0.058470 	0.012552 	0.036522 	0.001862 	0.415183 	 0.000478 
0.398096 	0.061553 	0.013365 	0.036634 	0.002164 	0.397609 	 0.000497 
0.399861 	0.063946 	0.013829 	0.038062 	0.002318 	0.399339 	 0.000511 
0.392318 	0.064617 	0.014177 	0.038647 	0.002297 	0.391804 	 0.000513 
0.395361 	0.060159 	0.012111 	0.037824 	0.001995 	0.394857 	 0.000517 
0.395082 	0.061258 	0.012406 	0.038522 	0.002051 	0.394566 	 0.000517 
0.398972 	0.065385 	0.013592 	0.039775 	0.002295 	0.398436 	 0.000545 
0.394329 	0.064125 	0.013100 	0.039050 	0.002315 	0.393791 	 0.000547 
0.400722 	0.062924 	0.014086 	0.038132 	0.002165 	0.400277 	 0.000446 
0.390972 	0.066296 	0.014602 	0.039642 	0.002443 	0.390448 	 0.000526 
0.410775 	0.063573 	0.012825 	0.039945 	0.002180 	0.410259 	 0.000515 
0.391612 	0.062734 	0.014779 	0.035703 	0.002154 	0.391137 	 0.000476 
0.408358 	0.062894 	0.014803 	0.037011 	0.002189 	0.407864 	 0.000499 
0.403682 	0.061183 	0.013297 	0.036869 	0.002125 	0.403166 	 0.000520 
0.400126 	0.062462 	0.013712 	0.037409 	0.002135 	0.399621 	 0.000504 
0.402348 	0.065569 	0.014238 	0.039862 	0.002296 	0.401847 	 0.000513 
0.403564 	0.065825 	0.014926 	0.039384 	0.002243 	0.403053 	 0.000507 
0.408384 	0.061539 	0.012611 	0.037316 	0.002191 	0.407857 	 0.000531 
0.395502 	0.060188 	0.013718 	0.036068 	0.002001 	0.395012 	 0.000500 
0.393510 	0.064935 	0.013832 	0.039216 	0.002295 	0.392980 	 0.000530 
0.394072 	0.061833 	0.013534 	0.037706 	0.002210 	0.393585 	 0.000491 
0.400185 	0.065312 	0.013707 	0.040195 	0.002320 	0.399652 	 0.000530 
0.398958 	0.061355 	0.013323 	0.036419 	0.002078 	0.398451 	 0.000512 
0.407427 	0.060910 	0.013846 	0.036685 	0.002096 	0.406969 	 0.000466 
0.405059 	0.063671 	0.014716 	0.037567 	0.002169 	0.404570 	 0.000487 
0.392611 	0.069894 	0.014726 	0.042765 	0.002609 	0.392058 	 0.000551 
0.393875 	0.062782 	0.014442 	0.037463 	0.002168 	0.393399 	 0.000473 
0.390351 	0.069464 	0.015000 	0.041881 	0.002488 	0.389764 	 0.000589 
0.392841 	0.067483 	0.014084 	0.041651 	0.002321 	0.392295 	 0.000554 
0.404251 	0.064052 	0.015205 	0.036966 	0.002321 	0.403778 	 0.000478 
0.399251 	0.065680 	0.014482 	0.038851 	0.002372 	0.398694 	 0.000554 
0.405143 	0.067527 	0.015083 	0.041046 	0.002370 	0.404631 	 0.000512 
0.395623 	0.072062 	0.014208 	0.044570 	0.002624 	0.395020 	 0.000606 
0.388840 	0.064765 	0.013114 	0.040054 	0.002202 	0.388298 	 0.000548 
0.400007 	0.066033 	0.014720 	0.040112 	0.002385 	0.399487 	 0.000520 
0.389256 	0.068298 	0.014412 	0.042103 	0.002439 	0.388708 	 0.000554 
0.394659 	0.062911 	0.013227 	0.038453 	0.002239 	0.394134 	 0.000520 
0.404644 	0.067669 	0.014552 	0.040107 	0.002370 	0.404112 	 0.000540 
0.395766 	0.063731 	0.015471 	0.036651 	0.002190 	0.395275 	 0.000504 
0.405220 	0.061596 	0.013869 	0.036195 	0.002137 	0.404716 	 0.000506 
0.387959 	0.067052 	0.015327 	0.039560 	0.002431 	0.387441 	 0.000525 
0.386552 	0.064996 	0.014733 	0.038180 	0.002246 	0.386023 	 0.000541 
0.392532 	0.065175 	0.014733 	0.039250 	0.002311 	0.392017 	 0.000512 
0.398705 	0.063221 	0.013928 	0.038505 	0.002138 	0.398197 	 0.000504 
0.389739 	0.065687 	0.014058 	0.039405 	0.002380 	0.389216 	 0.000524 
0.391031 	0.067116 	0.016092 	0.038933 	0.002360 	0.390516 	 0.000524 
0.404792 	0.065560 	0.014242 	0.039257 	0.002385 	0.404247 	 0.000543 
0.400263 	0.065802 	0.014374 	0.039281 	0.002381 	0.399709 	 0.000567 
0.394968 	0.067974 	0.015476 	0.040614 	0.002448 	0.394442 	 0.000527 
0.393176 	0.065827 	0.013372 	0.039144 	0.002425 	0.392604 	 0.000579 
0.404279 	0.063351 	0.015313 	0.036570 	0.002203 	0.403796 	 0.000487 
0.386644 	0.069775 	0.016828 	0.040697 	0.002621 	0.386137 	 0.000514 
0.391427 	0.065903 	0.015208 	0.038185 	0.002415 	0.390884 	 0.000542 
0.388256 	0.070118 	0.013386 	0.043793 	0.002607 	0.387673 	 0.000587 
0.398226 	0.063461 	0.013645 	0.037991 	0.002162 	0.397713 	 0.000510 
0.383989 	0.068320 	0.016138 	0.039709 	0.002500 	0.383460 	 0.000529 
0.390220 	0.061816 	0.013140 	0.036971 	0.002129 	0.389708 	 0.000517 
0.387637 	0.065061 	0.015249 	0.037486 	0.002318 	0.387129 	 0.000508 
0.382977 	0.063917 	0.016312 	0.035890 	0.002220 	0.382521 	 0.000457 
0.454507 	0.006054 	-0.000683 	0.005080 	-0.000428 	0.454515 	 -0.000009 
0.479318 	0.003961 	-0.000407 	0.002112 	-0.000601 	0.479326 	 0.000006 
0.467389 	0.016542 	0.003220 	0.009455 	0.000158 	0.467406 	 0.000001 
0.469701 	0.012433 	0.000876 	0.008683 	-0.000010 	0.469726 	 -0.000018 
0.479163 	0.011581 	-0.000373 	0.008365 	-0.000136 	0.479106 	 0.000060 
0.483445 	0.014779 	0.000533 	0.010937 	-0.000089 	0.483443 	 0.000013 
0.477439 	0.017526 	0.000974 	0.012569 	0.000184 	0.477374 	 0.000066 
0.484800 	0.010602 	0.000099 	0.007417 	-0.000201 	0.484756 	 0.000052 
0.484308 	0.016109 	0.000637 	0.011753 	0.000065 	0.484244 	 0.000073 
0.477582 	0.017723 	0.001284 	0.012583 	0.000185 	0.477514 	 0.000073 
0.478654 	0.018247 	0.000859 	0.014252 	0.000062 	0.478609 	 0.000061 
0.490848 	0.011045 	0.000423 	0.007842 	-0.000218 	0.490834 	 0.000013 
0.478267 	0.021668 	0.000479 	0.016241 	0.000447 	0.478165 	 0.000113 
0.477833 	0.018903 	0.001706 	0.013807 	0.000108 	0.477761 	 0.000072 
0.477616 	0.021256 	0.003460 	0.014803 	0.000154 	0.477592 	 0.000022 
0.481236 	0.020125 	0.000691 	0.014965 	0.000203 	0.481109 	 0.000137 
0.473163 	0.021161 	0.001603 	0.015945 	0.000366 	0.473062 	 0.000105 
0.470102 	0.021110 	0.002852 	0.013496 	0.000513 	0.470039 	 0.000053 
0.477858 	0.018082 	0.002092 	0.012372 	0.000114 	0.477812 	 0.000066 
0.475591 	0.020416 	0.001825 	0.015273 	0.000267 	0.475499 	 0.000088 
0.461381 	0.022594 	0.001910 	0.017187 	0.000384 	0.461282 	 0.000097 
0.468490 	0.026040 	0.002823 	0.018167 	0.000469 	0.468364 	 0.000126 
0.472149 	0.014110 	0.000456 	0.011537 	-0.000211 	0.472102 	 0.000044 
0.475643 	0.026618 	0.004188 	0.017952 	0.000588 	0.475557 	 0.000089 
0.463388 	0.020394 	0.000541 	0.015700 	0.000074 	0.463248 	 0.000146 
0.461359 	0.025549 	0.002274 	0.018414 	0.000427 	0.461214 	 0.000144 
0.462845 	0.024889 	0.002333 	0.017568 	0.000375 	0.462739 	 0.000112 
0.458093 	0.029743 	0.002049 	0.022045 	0.000721 	0.457913 	 0.000183 
0.471042 	0.028722 	0.001622 	0.022920 	0.000464 	0.470878 	 0.000170 
0.459668 	0.026099 	0.001386 	0.020786 	0.000474 	0.459539 	 0.000128 
0.460976 	0.024878 	0.002563 	0.018454 	0.000242 	0.460843 	 0.000138 
0.465557 	0.024056 	0.001065 	0.018775 	0.000385 	0.465400 	 0.000150 
0.456604 	0.026210 	0.000292 	0.021799 	0.000381 	0.456405 	 0.000177 
0.461599 	0.028987 	0.003222 	0.021252 	0.000522 	0.461457 	 0.000136 
0.457616 	0.035527 	0.003332 	0.026038 	0.000910 	0.457395 	 0.000206 
0.455532 	0.029864 	0.003628 	0.021386 	0.000602 	0.455376 	 0.000151 
0.458792 	0.030134 	0.004411 	0.021186 	0.000611 	0.458669 	 0.000125 
0.463898 	0.032973 	0.003771 	0.023230 	0.000721 	0.463701 	 0.000211 
0.466370 	0.032419 	0.003849 	0.023745 	0.000782 	0.466211 	 0.000145 
0.455758 	0.034042 	0.004581 	0.024185 	0.000844 	0.455585 	 0.000170 
0.464009 	0.032310 	0.003734 	0.023527 	0.000766 	0.463816 	 0.000193 
0.467206 	0.031116 	0.003509 	0.023068 	0.000609 	0.467057 	 0.000154 
0.460443 	0.033566 	0.003398 	0.025069 	0.000787 	0.460242 	 0.000188 
0.456696 	0.037728 	0.004833 	0.028267 	0.000817 	0.456512 	 0.000174 
0.449953 	0.037126 	0.005415 	0.025409 	0.000997 	0.449723 	 0.000230 
0.438175 	0.033507 	0.003787 	0.024465 	0.000736 	0.438005 	 0.000168 
0.434078 	0.037969 	0.005203 	0.026192 	0.001092 	0.433899 	 0.000177 
0.434246 	0.038679 	0.005340 	0.027164 	0.001009 	0.434064 	 0.000201 
0.433201 	0.040599 	0.005082 	0.029695 	0.001168 	0.433013 	 0.000184 
0.438081 	0.034437 	0.004711 	0.024081 	0.000795 	0.437922 	 0.000163 
0.427698 	0.036910 	0.005259 	0.025237 	0.000945 	0.427556 	 0.000141 
0.429612 	0.042360 	0.005782 	0.030188 	0.001138 	0.429424 	 0.000186 
0.437955 	0.037439 	0.005532 	0.026578 	0.000909 	0.437806 	 0.000148 
0.416544 	0.041729 	0.006012 	0.028987 	0.001284 	0.416341 	 0.000209 
0.434997 	0.039355 	0.006366 	0.027121 	0.001033 	0.434811 	 0.000186 
0.424695 	0.040735 	0.006472 	0.027740 	0.001171 	0.424540 	 0.000155 
0.431554 	0.043181 	0.006076 	0.030299 	0.001306 	0.431360 	 0.000197 
0.425975 	0.039960 	0.006975 	0.025769 	0.001175 	0.425800 	 0.000179 
0.434025 	0.041164 	0.006273 	0.028700 	0.001136 	0.433867 	 0.000160 
0.425664 	0.041190 	0.006488 	0.029161 	0.001169 	0.425481 	 0.000185 
0.424158 	0.045733 	0.007891 	0.031100 	0.001393 	0.423986 	 0.000167 
0.423240 	0.042456 	0.006913 	0.029165 	0.001209 	0.423070 	 0.000177 
0.419657 	0.042093 	0.006433 	0.028476 	0.001309 	0.419454 	 0.000199 
0.430775 	0.040690 	0.006326 	0.027202 	0.001250 	0.430606 	 0.000175 
0.431610 	0.045257 	0.007963 	0.028937 	0.001466 	0.431413 	 0.000207 
0.419009 	0.042042 	0.006291 	0.028553 	0.001390 	0.418836 	 0.000166 
0.426736 	0.044933 	0.007947 	0.029733 	0.001503 	0.426555 	 0.000185 
0.424177 	0.041248 	0.005905 	0.028738 	0.001167 	0.423966 	 0.000205 
0.425790 	0.045260 	0.006544 	0.031409 	0.001339 	0.425539 	 0.000242 
0.419584 	0.044051 	0.007451 	0.030220 	0.001253 	0.419399 	 0.000186 
0.425692 	0.045188 	0.008006 	0.029949 	0.001389 	0.425515 	 0.000178 
0.423137 	0.046386 	0.007536 	0.031765 	0.001455 	0.422940 	 0.000197 
0.423004 	0.044755 	0.007111 	0.030683 	0.001366 	0.422811 	 0.000189 
0.429217 	0.046181 	0.008781 	0.029942 	0.001492 	0.429037 	 0.000192 
0.424076 	0.042471 	0.006641 	0.029344 	0.001212 	0.423885 	 0.000203 
0.418215 	0.048529 	0.007151 	0.034563 	0.001557 	0.417959 	 0.000252 
0.417439 	0.050131 	0.009349 	0.032647 	0.001692 	0.417263 	 0.000187 
0.425934 	0.040044 	0.007680 	0.025530 	0.001101 	0.425805 	 0.000137 
0.411278 	0.047020 	0.008351 	0.031091 	0.001512 	0.411079 	 0.000198 
0.426464 	0.045183 	0.007969 	0.030515 	0.001378 	0.426284 	 0.000185 
0.414152 	0.047389 	0.008565 	0.031993 	0.001497 	0.413956 	 0.000204 
0.420038 	0.047019 	0.008503 	0.031272 	0.001525 	0.419872 	 0.000167 
0.418510 	0.045086 	0.007135 	0.030759 	0.001459 	0.418315 	 0.000199 
0.419529 	0.044484 	0.006811 	0.031216 	0.001269 	0.419326 	 0.000197 
0.420367 	0.049510 	0.008401 	0.032887 	0.001739 	0.420149 	 0.000218 
0.422496 	0.045793 	0.008241 	0.029924 	0.001536 	0.422320 	 0.000180 
0.415001 	0.043951 	0.007434 	0.028776 	0.001226 	0.414802 	 0.000198 
0.425805 	0.049429 	0.008687 	0.032972 	0.001534 	0.425609 	 0.000193 
0.416399 	0.047273 	0.008427 	0.030175 	0.001512 	0.416170 	 0.000234 
0.410838 	0.048673 	0.007585 	0.033902 	0.001492 	0.410597 	 0.000241 
0.419875 	0.047200 	0.008777 	0.031339 	0.001440 	0.419710 	 0.000170 
0.415484 	0.048894 	0.008316 	0.032837 	0.001580 	0.415268 	 0.000221 
0.423642 	0.051052 	0.009832 	0.032463 	0.001708 	0.423455 	 0.000183 
0.413015 	0.050060 	0.010526 	0.032039 	0.001631 	0.412859 	 0.000151 
0.412364 	0.058713 	0.009893 	0.038860 	0.002124 	0.412103 	 0.000261 
0.419065 	0.052803 	0.009409 	0.034615 	0.001734 	0.418826 	 0.000234 
0.398372 	0.053545 	0.009452 	0.035907 	0.001891 	0.398144 	 0.000230 
0.419845 	0.054999 	0.010202 	0.036440 	0.001831 	0.419628 	 0.000213 
0.418070 	0.057995 	0.009787 	0.039430 	0.002042 	0.417817 	 0.000251 
0.417803 	0.055753 	0.011045 	0.036750 	0.001794 	0.417562 	 0.000246 
0.418530 	0.053182 	0.010269 	0.033968 	0.001784 	0.418290 	 0.000232 
0.410177 	0.056957 	0.009772 	0.038154 	0.001875 	0.409923 	 0.000250 
0.412527 	0.054710 	0.009345 	0.036091 	0.001968 	0.412272 	 0.000253 
0.407259 	0.054285 	0.010676 	0.035560 	0.001769 	0.407048 	 0.000198 
0.421483 	0.052874 	0.009763 	0.034939 	0.001775 	0.421256 	 0.000229 
0.414338 	0.050142 	0.009431 	0.033650 	0.001605 	0.414114 	 0.000221 
0.405707 	0.055285 	0.008843 	0.037823 	0.001929 	0.405452 	 0.000254 
0.411291 	0.052820 	0.010537 	0.034233 	0.001816 	0.411079 	 0.000203 
0.412134 	0.054546 	0.010631 	0.035489 	0.001875 	0.411928 	 0.000200 
0.413596 	0.056062 	0.009981 	0.036872 	0.002059 	0.413330 	 0.000265 
0.415028 	0.059674 	0.010055 	0.041067 	0.002111 	0.414753 	 0.000260 
0.413053 	0.053260 	0.009616 	0.036010 	0.001739 	0.412859 	 0.000183 
0.414688 	0.058839 	0.010188 	0.040049 	0.002037 	0.414405 	 0.000279 
0.409217 	0.057666 	0.010282 	0.038009 	0.001988 	0.408993 	 0.000224 
0.406445 	0.055904 	0.011517 	0.035258 	0.001990 	0.406243 	 0.000208 
0.413669 	0.059852 	0.010201 	0.040293 	0.002156 	0.413397 	 0.000283 
0.404496 	0.058860 	0.011203 	0.038323 	0.002084 	0.404253 	 0.000245 
0.408084 	0.058469 	0.011427 	0.037398 	0.002115 	0.407853 	 0.000230 
0.409759 	0.059662 	0.010445 	0.039488 	0.002130 	0.409465 	 0.000291 
0.406851 	0.059423 	0.011113 	0.039095 	0.002131 	0.406601 	 0.000253 
0.415926 	0.053810 	0.009658 	0.034898 	0.001826 	0.415707 	 0.000219 
0.407075 	0.057079 	0.010301 	0.037127 	0.001938 	0.406831 	 0.000238 
0.406469 	0.059967 	0.011916 	0.038409 	0.002091 	0.406211 	 0.000263 
0.407942 	0.056311 	0.010474 	0.036968 	0.001950 	0.407704 	 0.000244 
0.394970 	0.053468 	0.011117 	0.034357 	0.001827 	0.394796 	 0.000178 
0.394566 	0.061046 	0.011852 	0.040097 	0.002331 	0.394333 	 0.000225 
0.404521 	0.057924 	0.011554 	0.036799 	0.002156 	0.404277 	 0.000244 
0.399160 	0.058247 	0.010045 	0.038392 	0.002241 	0.398873 	 0.000288 
0.405352 	0.059777 	0.010480 	0.039172 	0.002166 	0.405103 	 0.000251 
0.392290 	0.059347 	0.012097 	0.037279 	0.002235 	0.392062 	 0.000221 
0.408282 	0.060483 	0.012091 	0.038915 	0.002269 	0.408063 	 0.000219 
0.403583 	0.059440 	0.010975 	0.038228 	0.002239 	0.403320 	 0.000267 
0.395791 	0.059811 	0.011559 	0.039005 	0.002099 	0.395512 	 0.000279 
0.408523 	0.056329 	0.010828 	0.036199 	0.001944 	0.408307 	 0.000207 
0.391057 	0.061271 	0.012045 	0.039228 	0.002341 	0.390799 	 0.000254 
0.400146 	0.062977 	0.011287 	0.040996 	0.002424 	0.399847 	 0.000297 
0.400544 	0.060642 	0.011873 	0.039534 	0.002248 	0.400307 	 0.000244 
0.405740 	0.061358 	0.012253 	0.039342 	0.002256 	0.405498 	 0.000255 
0.395998 	0.060583 	0.011444 	0.039737 	0.002217 	0.395744 	 0.000244 
0.392613 	0.066971 	0.013267 	0.042260 	0.002671 	0.392356 	 0.000257 
0.411240 	0.057932 	0.011149 	0.037626 	0.002030 	0.410988 	 0.000259 
0.396924 	0.065402 	0.012213 	0.042955 	0.002487 	0.396627 	 0.000297 
0.395532 	0.062389 	0.012683 	0.040057 	0.002254 	0.395296 	 0.000235 
0.404742 	0.061665 	0.012372 	0.039949 	0.002198 	0.404482 	 0.000263 
0.403220 	0.060717 	0.011791 	0.038647 	0.002272 	0.402959 	 0.000262 
0.407099 	0.056597 	0.011552 	0.036046 	0.002027 	0.406883 	 0.000207 
0.394317 	0.061455 	0.011342 	0.040154 	0.002270 	0.394022 	 0.000288 
0.395990 	0.059814 	0.010489 	0.039591 	0.002220 	0.395705 	 0.000285 
0.398612 	0.059103 	0.012621 	0.036316 	0.002191 	0.398343 	 0.000269 
0.409292 	0.058255 	0.011101 	0.038000 	0.002060 	0.409076 	 0.000210 
0.388216 	0.062987 	0.012164 	0.040365 	0.002450 	0.387969 	 0.000245 
0.390869 	0.062224 	0.012296 	0.039625 	0.002377 	0.390638 	 0.000229 
0.386342 	0.066933 	0.011533 	0.044432 	0.002561 	0.386072 	 0.000266 
0.390256 	0.063572 	0.013672 	0.039830 	0.002294 	0.390043 	 0.000204 
0.391303 	0.065613 	0.012619 	0.042155 	0.002621 	0.391033 	 0.000258 
0.388504 	0.063970 	0.013487 	0.039438 	0.002475 	0.388271 	 0.000233 
0.387590 	0.066166 	0.012539 	0.042434 	0.002603 	0.387296 	 0.000287 
0.388608 	0.062775 	0.012570 	0.040136 	0.002431 	0.388359 	 0.000244 
0.394275 	0.064860 	0.012533 	0.040850 	0.002573 	0.393974 	 0.000315 
0.390079 	0.064997 	0.012951 	0.041306 	0.002478 	0.389818 	 0.000254 
0.397349 	0.063925 	0.013400 	0.039619 	0.002339 	0.397105 	 0.000243 
0.389942 	0.065866 	0.012743 	0.043047 	0.002597 	0.389668 	 0.000272 
0.394784 	0.067835 	0.012866 	0.043265 	0.002709 	0.394485 	 0.000303 
0.393315 	0.063529 	0.011493 	0.041642 	0.002472 	0.393037 	 0.000277 
0.384721 	0.068607 	0.011906 	0.045729 	0.002661 	0.384425 	 0.000286 
0.395521 	0.066741 	0.012911 	0.042644 	0.002554 	0.395254 	 0.000261 
0.385101 	0.069326 	0.013697 	0.043969 	0.002770 	0.384811 	 0.000286 
0.389683 	0.069767 	0.013969 	0.044017 	0.002793 	0.389399 	 0.000290 
0.384697 	0.070593 	0.013452 	0.045509 	0.002920 	0.384395 	 0.000307 
0.399409 	0.061066 	0.011660 	0.039401 	0.002228 	0.399127 	 0.000286 
0.396550 	0.065918 	0.012388 	0.043964 	0.002464 	0.396291 	 0.000259 
0.387320 	0.064225 	0.012304 	0.041427 	0.002463 	0.387045 	 0.000281 
0.391558 	0.063105 	0.012135 	0.040045 	0.002497 	0.391293 	 0.000268 
0.392579 	0.064773 	0.014420 	0.039066 	0.002529 	0.392349 	 0.000230 
0.390435 	0.069618 	0.013069 	0.045554 	0.002733 	0.390120 	 0.000306 
0.396758 	0.061720 	0.011381 	0.040382 	0.002289 	0.396483 	 0.000266 
0.391963 	0.064510 	0.012711 	0.040868 	0.002482 	0.391696 	 0.000278 
0.398234 	0.062417 	0.011875 	0.040742 	0.002352 	0.397977 	 0.000252 
0.392061 	0.069045 	0.013238 	0.044616 	0.002688 	0.391759 	 0.000294 
0.395334 	0.065050 	0.013282 	0.041474 	0.002431 	0.395100 	 0.000229 
0.390898 	0.063724 	0.013099 	0.040098 	0.002376 	0.390656 	 0.000241 
0.388663 	0.067353 	0.012584 	0.043880 	0.002618 	0.388339 	 0.000327 
0.396754 	0.066719 	0.013229 	0.042135 	0.002649 	0.396479 	 0.000272 
0.390879 	0.069368 	0.014374 	0.044667 	0.002746 	0.390617 	 0.000268 
0.397042 	0.066452 	0.013282 	0.043136 	0.002570 	0.396748 	 0.000281 
0.388352 	0.064124 	0.011818 	0.041424 	0.002525 	0.388087 	 0.000263 
0.383520 	0.070213 	0.013360 	0.045781 	0.002806 	0.383217 	 0.000313 
0.382049 	0.065564 	0.012225 	0.041592 	0.002509 	0.381746 	 0.000301 
0.379626 	0.068960 	0.014128 	0.043057 	0.002773 	0.379362 	 0.000251 
0.387199 	0.068659 	0.012677 	0.044120 	0.002624 	0.386905 	 0.000295 
0.376954 	0.070373 	0.013587 	0.045480 	0.002771 	0.376665 	 0.000278 
0.383332 	0.068188 	0.014096 	0.042754 	0.002720 	0.383054 	 0.000284 
0.370168 	0.070981 	0.012766 	0.045620 	0.002857 	0.369853 	 0.000308 
0.385503 	0.070631 	0.014197 	0.045433 	0.002722 	0.385240 	 0.000259 
0.380690 	0.070228 	0.014227 	0.045206 	0.002775 	0.380404 	 0.000289 
0.382700 	0.070628 	0.014286 	0.044163 	0.002863 	0.382406 	 0.000281 
0.384219 	0.072685 	0.013739 	0.046877 	0.002893 	0.383905 	 0.000311 
0.389673 	0.069276 	0.012777 	0.044846 	0.002759 	0.389394 	 0.000278 
0.386505 	0.073311 	0.014907 	0.046602 	0.002976 	0.386220 	 0.000282 
0.396630 	0.069035 	0.013378 	0.043834 	0.002664 	0.396314 	 0.000309 
0.375144 	0.072082 	0.014492 	0.045378 	0.002833 	0.374853 	 0.000289 
0.381358 	0.069371 	0.014577 	0.042857 	0.002887 	0.381082 	 0.000288 
0.385506 	0.075053 	0.013770 	0.049844 	0.002935 	0.385201 	 0.000302 
0.385478 	0.070853 	0.013784 	0.046192 	0.002722 	0.385216 	 0.000262 
0.374253 	0.075095 	0.014830 	0.048514 	0.003127 	0.373952 	 0.000304 
0.385168 	0.068339 	0.013186 	0.043896 	0.002681 	0.384878 	 0.000288 
0.374844 	0.075565 	0.016271 	0.046915 	0.003087 	0.374577 	 0.000265 
0.375999 	0.073029 	0.014573 	0.045827 	0.002929 	0.375688 	 0.000310 
0.378754 	0.072466 	0.014025 	0.047192 	0.002919 	0.378478 	 0.000272 
0.381733 	0.070742 	0.013850 	0.045617 	0.002691 	0.381426 	 0.000310 
0.380932 	0.072030 	0.015577 	0.044061 	0.002958 	0.380671 	 0.000244 
0.313097 	0.011951 	0.001140 	0.007529 	-0.000094 	0.313094 	 -0.000004 
0.316068 	0.006345 	0.000492 	0.004363 	-0.000474 	0.316090 	 -0.000029 
0.318420 	0.006508 	0.001202 	0.003917 	-0.000415 	0.318471 	 -0.000052 
0.317593 	0.010878 	0.001012 	0.007253 	-0.000092 	0.317632 	 -0.000047 
0.310084 	0.013435 	0.003058 	0.006158 	0.000093 	0.310087 	 -0.000001 
0.317380 	0.007915 	0.001254 	0.004899 	-0.000283 	0.317372 	 0.000016 
0.311286 	0.014155 	0.001059 	0.009548 	0.000118 	0.311209 	 0.000073 
0.330175 	0.007579 	0.002737 	0.003965 	-0.000209 	0.330245 	 -0.000079 
0.302703 	0.017335 	0.004116 	0.009555 	0.000093 	0.302736 	 -0.000033 
0.297695 	0.018179 	0.004525 	0.009847 	0.000249 	0.297740 	 -0.000059 
0.304212 	0.016236 	0.002031 	0.010536 	0.000165 	0.304219 	 0.000001 
0.302682 	0.016830 	0.004532 	0.008812 	0.000148 	0.302759 	 -0.000080 
0.299114 	0.018027 	0.002509 	0.012334 	0.000148 	0.299124 	 -0.000015 
0.299154 	0.016122 	0.002396 	0.010422 	0.000205 	0.299191 	 -0.000042 
0.305337 	0.013507 	0.002250 	0.008737 	-0.000109 	0.305371 	 -0.000040 
0.292450 	0.018534 	0.003642 	0.011166 	0.000254 	0.292478 	 -0.000039 
0.309586 	0.017974 	0.004953 	0.010167 	0.000315 	0.309642 	 -0.000058 
0.312496 	0.012392 	0.003504 	0.007256 	-0.000045 	0.312614 	 -0.000126 
0.302648 	0.015771 	0.003400 	0.009618 	0.000114 	0.302695 	 -0.000054 
0.316547 	0.014909 	0.004488 	0.007482 	0.000109 	0.316625 	 -0.000090 
0.306977 	0.014959 	0.004380 	0.008386 	0.000071 	0.307102 	 -0.000132 
0.312597 	0.008822 	0.002102 	0.005373 	-0.000359 	0.312723 	 -0.000133 
0.310890 	0.015213 	0.004756 	0.008323 	-0.000026 	0.310983 	 -0.000100 
0.308230 	0.018319 	0.005001 	0.009792 	0.000318 	0.308300 	 -0.000074 
0.298813 	0.020023 	0.003946 	0.011374 	0.000216 	0.298844 	 -0.000031 
0.301757 	0.021295 	0.003713 	0.013522 	0.000310 	0.301780 	 -0.000026 
0.298806 	0.019415 	0.004046 	0.011640 	0.000152 	0.298802 	 -0.000004 
0.300771 	0.018525 	0.004116 	0.011610 	0.000078 	0.300823 	 -0.000057 
0.306478 	0.014249 	0.003828 	0.007243 	-0.000100 	0.306548 	 -0.000080 
0.289282 	0.021492 	0.004543 	0.013269 	0.000346 	0.289303 	 -0.000020 
0.292783 	0.017941 	0.004437 	0.008952 	0.000121 	0.292798 	 -0.000019 
0.290989 	0.023382 	0.003770 	0.014538 	0.000430 	0.290944 	 0.000044 
0.296723 	0.021061 	0.004778 	0.012639 	0.000251 	0.296741 	 -0.000022 
0.294319 	0.023755 	0.004524 	0.014720 	0.000414 	0.294278 	 0.000037 
0.280642 	0.029334 	0.006532 	0.017229 	0.000567 	0.280583 	 0.000055 
0.271030 	0.030820 	0.006004 	0.018840 	0.000625 	0.270991 	 0.000033 
0.275533 	0.023329 	0.005270 	0.013767 	0.000283 	0.275559 	 -0.000025 
0.283312 	0.028128 	0.006740 	0.016163 	0.000505 	0.283291 	 0.000021 
0.271931 	0.028760 	0.005992 	0.017856 	0.000621 	0.271936 	 -0.000016 
0.278546 	0.029987 	0.007071 	0.018250 	0.000606 	0.278553 	 -0.000005 
0.266339 	0.034074 	0.006459 	0.021962 	0.000846 	0.266279 	 0.000045 
0.286873 	0.029537 	0.006537 	0.017747 	0.000513 	0.286906 	 -0.000034 
0.272919 	0.030697 	0.005287 	0.019399 	0.000667 	0.272856 	 0.000058 
0.276043 	0.032820 	0.006621 	0.020744 	0.000763 	0.275991 	 0.000050 
0.276965 	0.030805 	0.007514 	0.017959 	0.000651 	0.276953 	 0.000000 
0.283542 	0.031318 	0.006963 	0.019172 	0.000778 	0.283577 	 -0.000034 
0.271292 	0.032971 	0.009382 	0.017725 	0.000786 	0.271309 	 -0.000036 
0.276217 	0.029004 	0.007369 	0.016857 	0.000579 	0.276230 	 -0.000018 
0.270681 	0.033541 	0.006426 	0.021594 	0.000843 	0.270625 	 0.000049 
0.271665 	0.033410 	0.008121 	0.019770 	0.000845 	0.271666 	 -0.000007 
0.275324 	0.029268 	0.007788 	0.016146 	0.000624 	0.275345 	 -0.000023 
0.266194 	0.034546 	0.008085 	0.020807 	0.000921 	0.266184 	 -0.000003 
0.266258 	0.034090 	0.008613 	0.019443 	0.000858 	0.266260 	 -0.000012 
0.272202 	0.033537 	0.007574 	0.020074 	0.000922 	0.272221 	 -0.000028 
0.275687 	0.029015 	0.007338 	0.017448 	0.000590 	0.275710 	 -0.000031 
0.271695 	0.035136 	0.008796 	0.020092 	0.000833 	0.271677 	 0.000008 
0.276813 	0.032153 	0.008480 	0.018362 	0.000800 	0.276833 	 -0.000027 
0.266629 	0.036832 	0.008519 	0.021626 	0.001062 	0.266602 	 0.000018 
0.266364 	0.039038 	0.009159 	0.023615 	0.001089 	0.266358 	 -0.000010 
0.267113 	0.037712 	0.009929 	0.021003 	0.001143 	0.267116 	 -0.000011 
0.269401 	0.029688 	0.006858 	0.017438 	0.000600 	0.269397 	 0.000000 
0.285076 	0.032442 	0.007466 	0.019376 	0.000751 	0.285042 	 0.000030 
0.269424 	0.037656 	0.008954 	0.022399 	0.001062 	0.269399 	 0.000017 
0.272300 	0.031972 	0.006056 	0.020455 	0.000733 	0.272268 	 0.000033 
0.268080 	0.035393 	0.007780 	0.022212 	0.000793 	0.268035 	 0.000049 
0.275608 	0.036050 	0.009167 	0.020646 	0.000999 	0.275620 	 -0.000003 
0.275189 	0.030595 	0.007607 	0.018008 	0.000614 	0.275192 	 -0.000007 
0.273339 	0.033899 	0.007650 	0.021511 	0.000692 	0.273314 	 0.000026 
0.266036 	0.035784 	0.008056 	0.021324 	0.000952 	0.266008 	 0.000030 
0.278672 	0.029842 	0.007579 	0.016763 	0.000562 	0.278684 	 -0.000012 
0.266082 	0.036159 	0.009331 	0.020760 	0.000916 	0.266075 	 0.000001 
0.264687 	0.033850 	0.008570 	0.019700 	0.000764 	0.264694 	 -0.000012 
0.266798 	0.037180 	0.008834 	0.022387 	0.000985 	0.266777 	 0.000022 
0.269354 	0.042306 	0.009907 	0.025334 	0.001184 	0.269332 	 0.000031 
0.259541 	0.039060 	0.010217 	0.022453 	0.001097 	0.259532 	 0.000015 
0.267477 	0.042816 	0.010191 	0.025379 	0.001395 	0.267458 	 0.000024 
0.258209 	0.040319 	0.009269 	0.025191 	0.001122 	0.258207 	 0.000002 
0.265710 	0.037794 	0.008923 	0.023167 	0.000985 	0.265655 	 0.000056 
0.270837 	0.034155 	0.008042 	0.020289 	0.000789 	0.270823 	 0.000017 
0.272925 	0.036724 	0.009790 	0.020421 	0.000999 	0.272922 	 0.000004 
0.257943 	0.037966 	0.008951 	0.023033 	0.000950 	0.257910 	 0.000030 
0.266170 	0.036983 	0.009369 	0.021608 	0.001019 	0.266167 	 0.000003 
0.254142 	0.042426 	0.010162 	0.026072 	0.001238 	0.254073 	 0.000064 
0.274044 	0.039494 	0.009032 	0.024118 	0.001096 	0.274015 	 0.000032 
0.266193 	0.036608 	0.008813 	0.021388 	0.000957 	0.266176 	 0.000015 
0.271363 	0.038904 	0.009906 	0.022157 	0.001030 	0.271339 	 0.000036 
0.262330 	0.039736 	0.010038 	0.023462 	0.001065 	0.262328 	 0.000008 
0.260142 	0.035928 	0.008658 	0.021135 	0.000818 	0.260136 	 0.000011 
0.274336 	0.034921 	0.009608 	0.020233 	0.000638 	0.274379 	 -0.000046 
0.261941 	0.041225 	0.010575 	0.023229 	0.001318 	0.261925 	 0.000022 
0.258369 	0.046365 	0.012260 	0.027022 	0.001479 	0.258320 	 0.000053 
0.264693 	0.042851 	0.011475 	0.024448 	0.001277 	0.264677 	 0.000012 
0.256647 	0.042414 	0.010225 	0.025303 	0.001291 	0.256600 	 0.000042 
0.263202 	0.042803 	0.010450 	0.025642 	0.001361 	0.263190 	 0.000014 
0.259350 	0.039184 	0.011145 	0.021910 	0.001071 	0.259398 	 -0.000052 
0.251241 	0.043324 	0.011051 	0.025021 	0.001375 	0.251193 	 0.000047 
0.259551 	0.038101 	0.010679 	0.021044 	0.001086 	0.259612 	 -0.000059 
0.264353 	0.040288 	0.010420 	0.023057 	0.001098 	0.264367 	 -0.000014 
0.260320 	0.039417 	0.010580 	0.021852 	0.001077 	0.260296 	 0.000023 
0.258779 	0.042987 	0.009709 	0.026973 	0.001195 	0.258728 	 0.000053 
0.261699 	0.038932 	0.011719 	0.020883 	0.001111 	0.261762 	 -0.000065 
0.260150 	0.043505 	0.013456 	0.023534 	0.001338 	0.260184 	 -0.000032 
0.256628 	0.042874 	0.011123 	0.026189 	0.001209 	0.256650 	 -0.000023 
0.253621 	0.044596 	0.012289 	0.023673 	0.001453 	0.253610 	 0.000018 
0.257413 	0.044049 	0.011131 	0.025611 	0.001384 	0.257415 	 0.000001 
0.254952 	0.042604 	0.010553 	0.025895 	0.001120 	0.254965 	 -0.000016 
0.258001 	0.042485 	0.011935 	0.023905 	0.001252 	0.258015 	 -0.000011 
0.259247 	0.040404 	0.010724 	0.023194 	0.001117 	0.259248 	 -0.000007 
0.253201 	0.045343 	0.011591 	0.026160 	0.001373 	0.253168 	 0.000029 
0.269690 	0.041895 	0.011584 	0.024111 	0.001109 	0.269732 	 -0.000037 
0.256700 	0.045389 	0.011713 	0.027412 	0.001257 	0.256664 	 0.000040 
0.254705 	0.044675 	0.012258 	0.025560 	0.001390 	0.254734 	 -0.000024 
0.246924 	0.046176 	0.012201 	0.026860 	0.001374 	0.246884 	 0.000031 
0.248685 	0.044400 	0.012064 	0.025032 	0.001373 	0.248687 	 0.000001 
0.261048 	0.048087 	0.012152 	0.028413 	0.001458 	0.260983 	 0.000072 
0.255585 	0.045184 	0.011521 	0.026770 	0.001336 	0.255577 	 0.000009 
0.251472 	0.044414 	0.012039 	0.025065 	0.001403 	0.251456 	 0.000011 
0.246552 	0.046641 	0.012927 	0.026511 	0.001452 	0.246555 	 -0.000008 
0.248123 	0.047000 	0.013444 	0.026206 	0.001474 	0.248119 	 -0.000003 
0.255466 	0.040032 	0.011561 	0.021988 	0.001035 	0.255501 	 -0.000050 
0.256252 	0.043100 	0.011431 	0.024050 	0.001359 	0.256263 	 -0.000008 
0.247622 	0.044951 	0.012919 	0.025580 	0.001368 	0.247624 	 -0.000005 
0.252302 	0.049991 	0.013431 	0.028386 	0.001668 	0.252259 	 0.000044 
0.254402 	0.046610 	0.011743 	0.027297 	0.001443 	0.254352 	 0.000041 
0.254381 	0.044587 	0.012945 	0.024543 	0.001356 	0.254382 	 -0.000005 
0.254011 	0.049213 	0.013857 	0.027708 	0.001514 	0.253994 	 0.000012 
0.249389 	0.047228 	0.012431 	0.028437 	0.001509 	0.249404 	 -0.000016 
0.256729 	0.046073 	0.012270 	0.025959 	0.001387 	0.256728 	 0.000004 
0.252191 	0.046498 	0.011611 	0.028008 	0.001391 	0.252180 	 0.000024 
0.249011 	0.053971 	0.014297 	0.031603 	0.001881 	0.248952 	 0.000052 
0.241571 	0.049388 	0.013592 	0.028679 	0.001517 	0.241560 	 0.000007 
0.256999 	0.045828 	0.012629 	0.025614 	0.001396 	0.257014 	 -0.000010 
0.247505 	0.043241 	0.009745 	0.027482 	0.001215 	0.247476 	 0.000030 
0.248909 	0.048259 	0.013755 	0.026391 	0.001601 	0.248902 	 0.000010 
0.249110 	0.051297 	0.012171 	0.031443 	0.001645 	0.249047 	 0.000065 
0.252964 	0.046712 	0.013559 	0.026386 	0.001393 	0.252998 	 -0.000020 
0.261614 	0.046008 	0.011137 	0.026887 	0.001428 	0.261561 	 0.000056 
0.246383 	0.048029 	0.012249 	0.028620 	0.001466 	0.246319 	 0.000062 
0.261517 	0.045443 	0.012440 	0.025518 	0.001335 	0.261485 	 0.000034 
0.255641 	0.045106 	0.012915 	0.025276 	0.001236 	0.255663 	 -0.000011 
0.259687 	0.046844 	0.013005 	0.026324 	0.001353 	0.259702 	 -0.000016 
0.255447 	0.050204 	0.012498 	0.029879 	0.001640 	0.255399 	 0.000055 
0.246075 	0.050969 	0.014152 	0.028567 	0.001615 	0.246058 	 0.000024 
0.249719 	0.048546 	0.014455 	0.026760 	0.001531 	0.249747 	 -0.000017 
0.253124 	0.046828 	0.013590 	0.025776 	0.001444 	0.253131 	 -0.000003 
0.245196 	0.046723 	0.012287 	0.027108 	0.001485 	0.245180 	 0.000020 
0.246971 	0.045284 	0.013799 	0.023184 	0.001381 	0.246993 	 -0.000024 
0.250445 	0.047647 	0.013406 	0.027360 	0.001382 	0.250432 	 0.000017 
0.250892 	0.050391 	0.013015 	0.029788 	0.001514 	0.250882 	 0.000013 
0.252408 	0.050204 	0.014210 	0.028347 	0.001595 	0.252391 	 0.000027 
0.242353 	0.049552 	0.014704 	0.026649 	0.001586 	0.242352 	 0.000002 
0.244156 	0.053040 	0.014525 	0.030297 	0.001616 	0.244127 	 0.000024 
0.254419 	0.047228 	0.012867 	0.027042 	0.001351 	0.254401 	 0.000016 
0.246310 	0.052098 	0.014552 	0.029477 	0.001687 	0.246283 	 0.000029 
0.234035 	0.053128 	0.014620 	0.030304 	0.001764 	0.234008 	 0.000026 
0.252829 	0.049016 	0.014001 	0.026829 	0.001365 	0.252817 	 0.000023 
0.243307 	0.051865 	0.014014 	0.030108 	0.001624 	0.243268 	 0.000038 
0.242358 	0.048869 	0.014079 	0.026670 	0.001495 	0.242331 	 0.000036 
0.249694 	0.052931 	0.014375 	0.030916 	0.001657 	0.249683 	 0.000014 
0.238786 	0.052671 	0.014292 	0.029481 	0.001749 	0.238745 	 0.000045 
0.236841 	0.049963 	0.013486 	0.028313 	0.001543 	0.236791 	 0.000056 
0.236475 	0.055731 	0.014778 	0.031499 	0.001902 	0.236389 	 0.000099 
0.247797 	0.051096 	0.015331 	0.027428 	0.001609 	0.247790 	 0.000016 
0.243359 	0.050832 	0.014410 	0.028082 	0.001539 	0.243344 	 0.000022 
0.238239 	0.051405 	0.013249 	0.030573 	0.001727 	0.238262 	 -0.000017 
0.249768 	0.051803 	0.014550 	0.029448 	0.001527 	0.249776 	 -0.000003 
0.247788 	0.048589 	0.014240 	0.026117 	0.001457 	0.247808 	 -0.000024 
0.245336 	0.049524 	0.014902 	0.026960 	0.001544 	0.245369 	 -0.000041 
0.248391 	0.048184 	0.013420 	0.027263 	0.001427 	0.248368 	 0.000042 
0.233459 	0.058034 	0.015713 	0.032878 	0.001944 	0.233377 	 0.000082 
0.244300 	0.052779 	0.014193 	0.030651 	0.001580 	0.244256 	 0.000051 
0.243271 	0.053907 	0.014987 	0.030507 	0.001720 	0.243273 	 -0.000000 
0.248617 	0.053128 	0.014777 	0.030027 	0.001676 	0.248587 	 0.000048 
0.241077 	0.052586 	0.015956 	0.028031 	0.001750 	0.241066 	 0.000022 
0.243288 	0.052009 	0.015619 	0.028473 	0.001578 	0.243307 	 -0.000016 
0.249523 	0.056746 	0.016035 	0.032902 	0.001848 	0.249513 	 0.000021 
0.239902 	0.054551 	0.014413 	0.031895 	0.001652 	0.239844 	 0.000060 
0.254301 	0.053051 	0.015171 	0.030125 	0.001587 	0.254269 	 0.000038 
0.239002 	0.053361 	0.016214 	0.028635 	0.001727 	0.239008 	 0.000005 
0.242324 	0.054288 	0.015610 	0.030515 	0.001728 	0.242310 	 0.000026 
0.246040 	0.051016 	0.015890 	0.027463 	0.001606 	0.246053 	 -0.000003 
0.246247 	0.052629 	0.016316 	0.028058 	0.001726 	0.246267 	 -0.000011 
0.235504 	0.051955 	0.017521 	0.026813 	0.001735 	0.235570 	 -0.000061 
0.239738 	0.055775 	0.015981 	0.031582 	0.001834 	0.239703 	 0.000041 
0.237090 	0.054501 	0.016666 	0.029972 	0.001803 	0.237129 	 -0.000041 
0.232205 	0.058063 	0.016837 	0.032714 	0.001997 	0.232189 	 0.000012 
0.239535 	0.055876 	0.017165 	0.029980 	0.001962 	0.239526 	 0.000011 
0.252876 	0.050843 	0.015212 	0.027738 	0.001557 	0.252898 	 -0.000014 
0.252735 	0.053587 	0.016403 	0.029076 	0.001635 	0.252748 	 -0.000010 
0.241703 	0.057770 	0.016833 	0.032442 	0.001888 	0.241676 	 0.000029 
0.242517 	0.053209 	0.016260 	0.029166 	0.001745 	0.242556 	 -0.000040 
0.236500 	0.057002 	0.017255 	0.030022 	0.001984 	0.236488 	 0.000007 
0.241375 	0.058553 	0.018727 	0.030543 	0.002037 	0.241392 	 -0.000020 
0.234418 	0.053364 	0.016832 	0.028305 	0.001746 	0.234411 	 0.000008 
0.236557 	0.058263 	0.017573 	0.031062 	0.002078 	0.236556 	 0.000001 
0.239815 	0.050925 	0.015596 	0.027204 	0.001538 	0.239855 	 -0.000038 
0.238788 	0.052515 	0.016677 	0.027495 	0.001695 	0.238840 	 -0.000049 
0.238316 	0.055509 	0.017221 	0.029375 	0.001859 	0.238351 	 -0.000032 
0.237086 	0.052481 	0.016871 	0.026803 	0.001717 	0.237102 	 -0.000013 
0.243286 	0.049764 	0.015961 	0.026664 	0.001492 	0.243357 	 -0.000064 
0.236008 	0.058508 	0.016575 	0.033911 	0.002001 	0.236014 	 -0.000004 
0.234244 	0.058321 	0.016442 	0.032990 	0.001954 	0.234208 	 0.000037 
0.238422 	0.054438 	0.018199 	0.028496 	0.001792 	0.238474 	 -0.000046 
0.240058 	0.055610 	0.015925 	0.031430 	0.001770 	0.240055 	 0.000003 
0.235830 	0.055208 	0.016831 	0.029208 	0.001917 	0.235816 	 0.000010 
0.234648 	0.053953 	0.016781 	0.029551 	0.001636 	0.234682 	 -0.000033 
0.242631 	0.054219 	0.018158 	0.028463 	0.001799 	0.242679 	 -0.000046 
0.237481 	0.058156 	0.017837 	0.031616 	0.001909 	0.237487 	 -0.000002 
0.233795 	0.064040 	0.018183 	0.036072 	0.002253 	0.233768 	 0.000035 
0.238285 	0.057681 	0.017826 	0.030524 	0.001962 	0.238249 	 0.000042 
0.225453 	0.060986 	0.018172 	0.033321 	0.002011 	0.225441 	 0.000012 
0.106134 	-0.006073 	0.006117 	-0.010058 	-0.000402 	0.106349 	 -0.000230 
0.081827 	0.001132 	0.003341 	-0.001482 	-0.000121 	0.081851 	 -0.000036 
0.094027 	-0.002649 	0.009157 	-0.011672 	0.000052 	0.094293 	 -0.000238 
0.110902 	-0.007172 	0.011114 	-0.014877 	-0.000336 	0.111261 	 -0.000356 
0.112650 	-0.007906 	0.008134 	-0.017623 	-0.000132 	0.112877 	 -0.000240 
0.119105 	-0.003813 	0.006265 	-0.006942 	-0.000449 	0.119287 	 -0.000184 
0.107870 	0.004984 	0.003801 	0.002295 	-0.000032 	0.107895 	 -0.000031 
0.110246 	0.001457 	0.004696 	-0.001187 	0.000004 	0.110332 	 -0.000092 
0.120055 	-0.001350 	0.006480 	-0.004637 	-0.000293 	0.120243 	 -0.000209 
0.101271 	0.002906 	0.003195 	0.001136 	-0.000198 	0.101312 	 -0.000055 
0.120462 	-0.000016 	0.005996 	-0.001865 	-0.000469 	0.120581 	 -0.000131 
0.112619 	0.006437 	0.005578 	0.002317 	-0.000294 	0.112575 	 0.000055 
0.098212 	0.009510 	0.005286 	0.004798 	-0.000024 	0.098210 	 -0.000003 
0.106035 	0.015106 	0.009592 	0.003505 	0.000572 	0.106066 	 -0.000048 
0.113002 	-0.002865 	0.005126 	-0.004996 	-0.000779 	0.113145 	 -0.000149 
0.120087 	0.004079 	0.010973 	-0.004632 	-0.000277 	0.120295 	 -0.000199 
0.099844 	0.003429 	0.006654 	-0.000549 	-0.000171 	0.099955 	 -0.000119 
0.101811 	0.007285 	0.006592 	0.002764 	0.000051 	0.101887 	 -0.000072 
0.093979 	0.004044 	0.005735 	0.000098 	-0.000139 	0.094073 	 -0.000086 
0.104738 	0.006078 	0.006325 	0.001737 	-0.000015 	0.104837 	 -0.000099 
0.086357 	0.010139 	0.007612 	0.003140 	0.000220 	0.086448 	 -0.000095 
0.093825 	0.005286 	0.007512 	-0.000222 	-0.000063 	0.093959 	 -0.000134 
0.078464 	0.009371 	0.007192 	0.002982 	0.000146 	0.078534 	 -0.000074 
0.083549 	0.009959 	0.008447 	0.003216 	0.000186 	0.083665 	 -0.000112 
0.094144 	0.007782 	0.006655 	0.003084 	0.000112 	0.094246 	 -0.000103 
0.090172 	0.009241 	0.006872 	0.003633 	0.000129 	0.090247 	 -0.000079 
0.089823 	0.011798 	0.008265 	0.005654 	0.000276 	0.089926 	 -0.000106 
0.092581 	0.007481 	0.007631 	0.001778 	-0.000049 	0.092674 	 -0.000095 
0.090295 	0.009001 	0.008627 	0.001144 	0.000034 	0.090391 	 -0.000096 
0.094036 	0.008814 	0.007892 	0.002898 	0.000197 	0.094116 	 -0.000075 
0.099812 	0.009196 	0.007486 	0.002244 	0.000335 	0.099903 	 -0.000087 
0.098003 	0.005009 	0.006777 	-0.000266 	-0.000144 	0.098050 	 -0.000031 
0.096201 	0.005930 	0.008516 	-0.001142 	-0.000007 	0.096349 	 -0.000135 
0.091016 	0.008591 	0.007135 	0.002903 	0.000125 	0.091047 	 -0.000027 
0.080297 	0.011048 	0.008360 	0.003597 	0.000246 	0.080368 	 -0.000071 
0.092966 	0.009338 	0.008949 	0.000412 	0.000220 	0.093046 	 -0.000072 
0.090255 	0.010947 	0.008775 	0.003605 	0.000183 	0.090312 	 -0.000067 
0.082641 	0.010023 	0.009234 	0.001960 	0.000235 	0.082758 	 -0.000125 
0.086734 	0.014524 	0.009314 	0.006236 	0.000301 	0.086789 	 -0.000057 
0.089852 	0.014166 	0.009358 	0.004927 	0.000357 	0.089912 	 -0.000062 
0.074800 	0.014210 	0.009810 	0.004648 	0.000401 	0.074870 	 -0.000065 
0.073483 	0.020874 	0.010536 	0.009775 	0.000800 	0.073511 	 -0.000026 
0.083170 	0.018002 	0.009678 	0.008225 	0.000588 	0.083174 	 -0.000006 
0.078084 	0.017740 	0.009426 	0.007850 	0.000546 	0.078081 	 0.000007 
0.087033 	0.014911 	0.008604 	0.007843 	0.000424 	0.087078 	 -0.000038 
0.075980 	0.010092 	0.007843 	0.003951 	0.000073 	0.076051 	 -0.000071 
0.075003 	0.018100 	0.009595 	0.008030 	0.000401 	0.075001 	 0.000002 
0.073984 	0.018007 	0.010269 	0.006933 	0.000652 	0.074008 	 -0.000035 
0.075687 	0.015798 	0.009178 	0.006724 	0.000420 	0.075727 	 -0.000037 
0.074103 	0.017494 	0.009214 	0.007865 	0.000399 	0.074086 	 0.000021 
0.082396 	0.019419 	0.011329 	0.007557 	0.000662 	0.082442 	 -0.000040 
0.083115 	0.015855 	0.010249 	0.005385 	0.000447 	0.083164 	 -0.000049 
0.074153 	0.019911 	0.011099 	0.008295 	0.000616 	0.074164 	 -0.000011 
0.073075 	0.022980 	0.011189 	0.010681 	0.000764 	0.073043 	 0.000036 
0.072248 	0.012603 	0.009761 	0.003725 	0.000157 	0.072313 	 -0.000058 
0.076677 	0.016664 	0.012591 	0.003407 	0.000538 	0.076774 	 -0.000100 
0.066836 	0.016968 	0.011073 	0.006005 	0.000442 	0.066874 	 -0.000032 
0.074487 	0.019950 	0.012260 	0.006801 	0.000660 	0.074527 	 -0.000037 
0.070401 	0.020173 	0.009859 	0.009612 	0.000687 	0.070384 	 0.000021 
0.069905 	0.017616 	0.011464 	0.004696 	0.000473 	0.069944 	 -0.000027 
0.072447 	0.027642 	0.012902 	0.013114 	0.001024 	0.072416 	 0.000038 
0.070221 	0.020008 	0.010582 	0.008180 	0.000640 	0.070212 	 0.000005 
0.063496 	0.021007 	0.011189 	0.009590 	0.000598 	0.063476 	 0.000023 
0.077270 	0.022543 	0.012708 	0.008602 	0.000734 	0.077276 	 -0.000006 
0.071705 	0.020774 	0.011031 	0.009294 	0.000566 	0.071691 	 0.000003 
0.060293 	0.025668 	0.012397 	0.011665 	0.000908 	0.060262 	 0.000024 
0.060169 	0.024187 	0.011610 	0.010577 	0.000885 	0.060131 	 0.000041 
0.074710 	0.020133 	0.010286 	0.008985 	0.000680 	0.074711 	 0.000003 
0.065019 	0.025751 	0.012275 	0.011486 	0.000919 	0.064986 	 0.000028 
0.076498 	0.026275 	0.013087 	0.011002 	0.000975 	0.076492 	 0.000009 
0.070632 	0.025947 	0.013317 	0.010259 	0.001169 	0.070623 	 0.000024 
0.071612 	0.026786 	0.013166 	0.011591 	0.001109 	0.071593 	 0.000028 
0.060609 	0.025492 	0.012808 	0.010787 	0.000846 	0.060569 	 0.000040 
0.077730 	0.025608 	0.013907 	0.010534 	0.000950 	0.077745 	 -0.000010 
0.071260 	0.023460 	0.012890 	0.008591 	0.000839 	0.071253 	 0.000017 
0.062791 	0.032316 	0.013131 	0.016112 	0.001273 	0.062691 	 0.000101 
0.068467 	0.025008 	0.013724 	0.009661 	0.000881 	0.068458 	 0.000009 
0.054453 	0.029998 	0.013899 	0.013525 	0.001171 	0.054402 	 0.000055 
0.064664 	0.024822 	0.012975 	0.009778 	0.000825 	0.064668 	 -0.000002 
0.062397 	0.027004 	0.013980 	0.010908 	0.000882 	0.062385 	 0.000007 
0.059160 	0.029322 	0.015000 	0.012004 	0.001269 	0.059154 	 0.000008 
0.069126 	0.027234 	0.014840 	0.009908 	0.001052 	0.069130 	 -0.000003 
0.062261 	0.028066 	0.013503 	0.012106 	0.000970 	0.062229 	 0.000031 
0.065228 	0.026895 	0.013820 	0.011086 	0.000892 	0.065218 	 0.000004 
0.064979 	0.031021 	0.015479 	0.013359 	0.001229 	0.064973 	 0.000015 
0.068549 	0.024560 	0.013200 	0.009350 	0.000821 	0.068513 	 0.000038 
0.061542 	0.025824 	0.014677 	0.009091 	0.000924 	0.061532 	 0.000006 
0.061101 	0.030421 	0.014377 	0.013251 	0.001209 	0.061078 	 0.000022 
0.057143 	0.033680 	0.016553 	0.014179 	0.001425 	0.057088 	 0.000050 
0.062860 	0.027053 	0.013927 	0.011147 	0.000929 	0.062832 	 0.000032 
0.064747 	0.028940 	0.014441 	0.012281 	0.001233 	0.064718 	 0.000032 
0.058525 	0.032767 	0.016019 	0.014101 	0.001311 	0.058529 	 -0.000001 
0.056764 	0.030174 	0.014616 	0.012663 	0.001084 	0.056730 	 0.000033 
0.060483 	0.023883 	0.013697 	0.009019 	0.000705 	0.060485 	 0.000007 
0.060640 	0.033795 	0.015881 	0.015026 	0.001333 	0.060614 	 0.000014 
0.067380 	0.030784 	0.015095 	0.012406 	0.001262 	0.067338 	 0.000042 
0.062775 	0.034770 	0.015068 	0.016652 	0.001402 	0.062688 	 0.000093 
0.056914 	0.025120 	0.015197 	0.007612 	0.000874 	0.056910 	 0.000012 
0.058473 	0.030068 	0.016486 	0.010283 	0.001188 	0.058474 	 -0.000003 
0.056441 	0.028443 	0.013883 	0.011874 	0.001118 	0.056408 	 0.000023 
0.068262 	0.031749 	0.016724 	0.011615 	0.001234 	0.068267 	 -0.000011 
0.064879 	0.032224 	0.016046 	0.012840 	0.001183 	0.064797 	 0.000087 
0.056895 	0.028892 	0.015923 	0.009890 	0.001186 	0.056909 	 -0.000014 
0.057206 	0.030303 	0.015120 	0.011751 	0.001138 	0.057142 	 0.000053 
0.073588 	0.028673 	0.015685 	0.009928 	0.001060 	0.073572 	 0.000018 
0.059180 	0.035632 	0.017004 	0.014947 	0.001398 	0.059135 	 0.000055 
0.073418 	0.028456 	0.016329 	0.009450 	0.001078 	0.073431 	 -0.000015 
0.061081 	0.028424 	0.016134 	0.009628 	0.001145 	0.061069 	 0.000013 
0.069586 	0.029755 	0.015675 	0.010644 	0.001115 	0.069570 	 0.000019 
0.071827 	0.031194 	0.016571 	0.011585 	0.001146 	0.071818 	 0.000010 
0.060469 	0.030029 	0.016061 	0.010808 	0.001170 	0.060472 	 0.000001 
0.058929 	0.032656 	0.017826 	0.011066 	0.001327 	0.058918 	 0.000021 
0.062961 	0.026767 	0.015250 	0.009366 	0.000928 	0.062961 	 0.000004 
0.064341 	0.030729 	0.016543 	0.010817 	0.001210 	0.064352 	 -0.000014 
0.066011 	0.032664 	0.015986 	0.012968 	0.001289 	0.065942 	 0.000068 
0.069000 	0.033762 	0.017529 	0.012827 	0.001320 	0.068969 	 0.000030 
0.059097 	0.029807 	0.017136 	0.008900 	0.001162 	0.059086 	 0.000012 
0.055182 	0.038745 	0.017333 	0.017474 	0.001584 	0.055104 	 0.000074 
0.060615 	0.032461 	0.017612 	0.010556 	0.001305 	0.060571 	 0.000051 
0.057466 	0.033762 	0.015710 	0.013792 	0.001346 	0.057374 	 0.000081 
0.074427 	0.029893 	0.015031 	0.011650 	0.001056 	0.074381 	 0.000041 
0.060382 	0.031918 	0.017531 	0.011296 	0.001321 	0.060365 	 0.000020 
0.053058 	0.029730 	0.016019 	0.010158 	0.001245 	0.053032 	 0.000027 
0.056552 	0.031998 	0.017119 	0.010803 	0.001338 	0.056556 	 -0.000012 
0.067785 	0.031559 	0.016199 	0.010836 	0.001318 	0.067750 	 0.000040 
0.069982 	0.030776 	0.016139 	0.009939 	0.001269 	0.069906 	 0.000070 
0.057644 	0.033498 	0.015984 	0.014539 	0.001331 	0.057620 	 0.000025 
0.064391 	0.033748 	0.017220 	0.013015 	0.001403 	0.064375 	 0.000011 
0.060243 	0.032960 	0.016863 	0.012999 	0.001266 	0.060180 	 0.000058 
0.059104 	0.033232 	0.017999 	0.011244 	0.001446 	0.059057 	 0.000050 
0.056401 	0.032295 	0.016903 	0.011295 	0.001338 	0.056355 	 0.000051 
0.059534 	0.037919 	0.018181 	0.015336 	0.001572 	0.059457 	 0.000073 
0.060470 	0.029608 	0.016737 	0.008781 	0.001103 	0.060455 	 0.000017 
0.056651 	0.030180 	0.017651 	0.009305 	0.001250 	0.056647 	 0.000029 
0.060945 	0.032281 	0.017189 	0.011365 	0.001293 	0.060869 	 0.000076 
0.056153 	0.035910 	0.016330 	0.014783 	0.001503 	0.056051 	 0.000107 
0.064345 	0.031707 	0.016181 	0.012009 	0.001289 	0.064317 	 0.000027 
0.051044 	0.033466 	0.015955 	0.014053 	0.001327 	0.050969 	 0.000071 
0.051948 	0.033004 	0.017363 	0.011789 	0.001285 	0.051905 	 0.000044 
0.067156 	0.030871 	0.016851 	0.010257 	0.001153 	0.067120 	 0.000028 
0.055676 	0.032872 	0.018240 	0.010546 	0.001331 	0.055665 	 0.000010 
0.061728 	0.029419 	0.016219 	0.009796 	0.001118 	0.061685 	 0.000055 
0.064332 	0.034624 	0.017255 	0.013096 	0.001339 	0.064279 	 0.000055 
0.056893 	0.033559 	0.017371 	0.011877 	0.001390 	0.056844 	 0.000058 
0.052163 	0.037860 	0.018176 	0.015266 	0.001541 	0.052104 	 0.000055 
0.063885 	0.030881 	0.016269 	0.011107 	0.001200 	0.063809 	 0.000075 
0.054351 	0.032862 	0.017753 	0.011560 	0.001280 	0.054307 	 0.000050 
0.055829 	0.031804 	0.017164 	0.011431 	0.001225 	0.055796 	 0.000034 
0.062036 	0.034073 	0.019161 	0.009831 	0.001343 	0.062036 	 -0.000001 
0.049841 	0.037994 	0.018641 	0.015049 	0.001579 	0.049781 	 0.000051 
0.063016 	0.026709 	0.017823 	0.006320 	0.000952 	0.063044 	 -0.000022 
0.051324 	0.035610 	0.019700 	0.012093 	0.001474 	0.051325 	 -0.000002 
0.061013 	0.035761 	0.017233 	0.014103 	0.001493 	0.060967 	 0.000047 
0.060729 	0.036965 	0.018314 	0.014464 	0.001409 	0.060678 	 0.000043 
0.055462 	0.031655 	0.016943 	0.010666 	0.001262 	0.055397 	 0.000064 
0.049402 	0.038092 	0.016578 	0.017263 	0.001646 	0.049271 	 0.000135 
0.047433 	0.038777 	0.019322 	0.014027 	0.001621 	0.047353 	 0.000082 
0.056667 	0.041119 	0.019024 	0.016722 	0.001683 	0.056579 	 0.000091 
0.060788 	0.035384 	0.018769 	0.012458 	0.001463 	0.060780 	 0.000009 
0.060576 	0.040092 	0.020196 	0.014481 	0.001795 	0.060530 	 0.000049 
0.050242 	0.036968 	0.019046 	0.013159 	0.001492 	0.050213 	 0.000036 
0.060076 	0.036698 	0.017418 	0.014328 	0.001418 	0.060006 	 0.000067 
0.061305 	0.034622 	0.018538 	0.011635 	0.001367 	0.061250 	 0.000048 
0.061569 	0.036385 	0.019584 	0.011779 	0.001530 	0.061551 	 0.000023 
0.058015 	0.037736 	0.018314 	0.014715 	0.001641 	0.057932 	 0.000091 
0.062371 	0.037551 	0.018208 	0.015155 	0.001509 	0.062280 	 0.000088 
0.052212 	0.037709 	0.018919 	0.013500 	0.001616 	0.052159 	 0.000057 
0.051674 	0.035204 	0.018668 	0.012083 	0.001384 	0.051616 	 0.000053 
0.060551 	0.035639 	0.019303 	0.011474 	0.001393 	0.060538 	 0.000012 
0.055481 	0.037838 	0.018572 	0.013512 	0.001690 	0.055441 	 0.000037 
0.048771 	0.036352 	0.019580 	0.010328 	0.001611 	0.048697 	 0.000073 
0.062127 	0.032619 	0.017590 	0.010795 	0.001380 	0.062076 	 0.000050 
0.050347 	0.039025 	0.018518 	0.015665 	0.001593 	0.050268 	 0.000081 
0.039653 	0.037946 	0.019109 	0.013919 	0.001641 	0.039603 	 0.000047 
0.055045 	0.036485 	0.018905 	0.013258 	0.001493 	0.055005 	 0.000036 
0.046705 	0.038280 	0.019561 	0.014013 	0.001612 	0.046642 	 0.000061 
0.051202 	0.038801 	0.019221 	0.014002 	0.001634 	0.051133 	 0.000066 
0.068638 	0.036767 	0.018437 	0.012665 	0.001569 	0.068567 	 0.000066 
0.052936 	0.039293 	0.018610 	0.015057 	0.001691 	0.052853 	 0.000082 
0.051650 	0.036601 	0.019519 	0.012536 	0.001453 	0.051611 	 0.000033 
0.052040 	0.037145 	0.020023 	0.012363 	0.001583 	0.052024 	 0.000021 
0.057676 	0.033018 	0.019701 	0.009227 	0.001300 	0.057681 	 -0.000008 
0.057460 	0.035317 	0.019309 	0.010315 	0.001415 	0.057420 	 0.000038 
0.064304 	0.034448 	0.019507 	0.010421 	0.001389 	0.064290 	 0.000008 
0.055486 	0.034415 	0.019108 	0.011230 	0.001387 	0.055436 	 0.000046 
0.061721 	0.033566 	0.019031 	0.009436 	0.001327 	0.061705 	 0.000012 
0.052135 	0.035638 	0.017900 	0.013353 	0.001425 	0.052063 	 0.000069 
0.048371 	0.033526 	0.020026 	0.009014 	0.001303 	0.048352 	 0.000010 
0.049067 	0.040350 	0.019365 	0.015881 	0.001644 	0.048967 	 0.000097 
0.052342 	0.035808 	0.018381 	0.012148 	0.001347 	0.052250 	 0.000091 
0.057945 	0.036458 	0.020411 	0.010477 	0.001629 	0.057911 	 0.000030 
0.056855 	0.034581 	0.018634 	0.011213 	0.001313 	0.056850 	 0.000000 
0.052241 	0.037685 	0.019872 	0.012947 	0.001466 	0.052181 	 0.000044 
0.053336 	0.035247 	0.019343 	0.010657 	0.001517 	0.053310 	 0.000029 
0.063343 	0.034447 	0.018094 	0.012854 	0.001336 	0.063305 	 0.000037 
0.060526 	0.030051 	0.018034 	0.008307 	0.001138 	0.060508 	 0.000011 
0.050706 	0.039297 	0.020215 	0.013790 	0.001555 	0.050641 	 0.000051 
0.047758 	0.032340 	0.018482 	0.009783 	0.001245 	0.047730 	 0.000027 
0.061618 	0.034154 	0.018402 	0.010104 	0.001406 	0.061568 	 0.000048 
0.069419 	0.031890 	0.018882 	0.009030 	0.001089 	0.069391 	 0.000022 
0.056273 	0.033347 	0.018689 	0.010469 	0.001312 	0.056237 	 0.000040 
0.051792 	0.036760 	0.018980 	0.012864 	0.001543 	0.051736 	 0.000047 
0.054593 	0.035065 	0.018458 	0.012061 	0.001404 	0.054542 	 0.000051 
0.054798 	0.034295 	0.018586 	0.011331 	0.001416 	0.054741 	 0.000050 
0.067157 	0.032138 	0.017796 	0.009617 	0.001227 	0.067126 	 0.000023 
0.051077 	0.035719 	0.019110 	0.011715 	0.001347 	0.051018 	 0.000062 
0.060493 	0.034972 	0.018548 	0.011898 	0.001424 	0.060451 	 0.000038 
0.059863 	0.037016 	0.019392 	0.012367 	0.001517 	0.059805 	 0.000054 
0.051929 	0.036634 	0.019307 	0.011461 	0.001602 	0.051886 	 0.000042 
0.052735 	0.037363 	0.019244 	0.012568 	0.001560 	0.052657 	 0.000086 
0.072735 	0.029844 	0.018668 	0.007846 	0.001155 	0.072698 	 0.000018 
