di 	gli 	gal 	gos3 	gos4 	lac 	 glb 
0.477796 	0.006339 	-0.003126 	0.007032 	-0.000498 	0.477606 	 0.000166 
0.516485 	0.007920 	-0.003748 	0.010257 	-0.000437 	0.516287 	 0.000198 
0.473623 	0.007063 	-0.003297 	0.008362 	-0.000473 	0.473430 	 0.000172 
0.495199 	0.010839 	-0.002451 	0.011015 	-0.000258 	0.494985 	 0.000187 
0.502628 	0.009570 	-0.002936 	0.009924 	-0.000359 	0.502398 	 0.000208 
0.486607 	0.014491 	-0.001232 	0.012734 	-0.000204 	0.486398 	 0.000210 
0.496913 	0.012789 	-0.001647 	0.012153 	-0.000315 	0.496726 	 0.000200 
0.498865 	0.012640 	-0.002152 	0.011918 	-0.000268 	0.498614 	 0.000241 
0.503269 	0.009274 	-0.002495 	0.009776 	-0.000376 	0.503071 	 0.000195 
0.488276 	0.006292 	-0.002576 	0.006967 	-0.000574 	0.488073 	 0.000208 
0.469188 	0.024320 	0.001295 	0.018315 	0.000256 	0.468966 	 0.000206 
0.481697 	0.014390 	-0.001360 	0.012459 	-0.000183 	0.481459 	 0.000226 
0.511508 	0.014635 	-0.000848 	0.012824 	-0.000156 	0.511309 	 0.000204 
0.499427 	0.014491 	-0.001897 	0.012641 	-0.000163 	0.499144 	 0.000265 
0.479711 	0.020256 	0.000445 	0.015588 	0.000109 	0.479451 	 0.000231 
0.502024 	0.018159 	-0.000504 	0.014809 	-0.000003 	0.501733 	 0.000278 
0.458259 	0.014941 	-0.000213 	0.012075 	-0.000041 	0.458081 	 0.000157 
0.449295 	0.013981 	-0.000204 	0.011411 	-0.000104 	0.449101 	 0.000178 
0.454290 	0.016170 	0.000088 	0.013370 	-0.000020 	0.454088 	 0.000199 
0.451416 	0.016404 	-0.000259 	0.013387 	0.000022 	0.451198 	 0.000203 
0.446933 	0.018063 	0.001633 	0.013101 	0.000080 	0.446715 	 0.000217 
0.463197 	0.017065 	0.000275 	0.013965 	0.000005 	0.462993 	 0.000204 
0.441182 	0.016472 	0.000050 	0.013393 	0.000050 	0.440974 	 0.000192 
0.442393 	0.019776 	0.001682 	0.015091 	0.000203 	0.442169 	 0.000213 
0.435587 	0.029218 	0.003758 	0.020685 	0.000635 	0.435340 	 0.000228 
0.441363 	0.022391 	0.002047 	0.016160 	0.000311 	0.441118 	 0.000219 
0.449229 	0.024012 	0.002350 	0.017316 	0.000404 	0.449015 	 0.000204 
0.453777 	0.017952 	0.000631 	0.014452 	0.000085 	0.453545 	 0.000229 
0.433945 	0.022825 	0.002286 	0.016566 	0.000368 	0.433697 	 0.000221 
0.446183 	0.019915 	0.000594 	0.015391 	0.000245 	0.445945 	 0.000221 
0.445702 	0.028891 	0.003797 	0.020123 	0.000589 	0.445482 	 0.000219 
0.435148 	0.021459 	0.001982 	0.015161 	0.000270 	0.434876 	 0.000254 
0.440265 	0.026408 	0.002328 	0.019642 	0.000516 	0.439991 	 0.000249 
0.471368 	0.020166 	0.001269 	0.015407 	0.000248 	0.471133 	 0.000239 
0.447625 	0.028487 	0.003327 	0.019945 	0.000665 	0.447337 	 0.000266 
0.446393 	0.028501 	0.003910 	0.020178 	0.000555 	0.446188 	 0.000213 
0.438873 	0.021844 	0.001525 	0.016264 	0.000314 	0.438649 	 0.000207 
0.438592 	0.028718 	0.003744 	0.019831 	0.000603 	0.438338 	 0.000239 
0.439461 	0.034113 	0.005429 	0.023615 	0.000805 	0.439191 	 0.000275 
0.439401 	0.029211 	0.004389 	0.020004 	0.000634 	0.439124 	 0.000269 
0.447577 	0.025644 	0.003064 	0.018181 	0.000498 	0.447296 	 0.000265 
0.444280 	0.028454 	0.003237 	0.020345 	0.000599 	0.443998 	 0.000275 
0.442892 	0.033251 	0.005259 	0.022460 	0.000799 	0.442603 	 0.000290 
0.453706 	0.025862 	0.003157 	0.018708 	0.000458 	0.453452 	 0.000253 
0.442277 	0.033919 	0.005601 	0.022867 	0.000830 	0.442008 	 0.000257 
0.444027 	0.032902 	0.004461 	0.022221 	0.000757 	0.443709 	 0.000302 
0.447761 	0.034196 	0.005052 	0.023210 	0.000779 	0.447435 	 0.000320 
0.442750 	0.034675 	0.005201 	0.022957 	0.000852 	0.442437 	 0.000306 
0.461218 	0.032636 	0.004633 	0.022645 	0.000673 	0.460950 	 0.000285 
0.448404 	0.036784 	0.005320 	0.024744 	0.000933 	0.448074 	 0.000317 
0.453150 	0.036739 	0.005060 	0.025775 	0.000946 	0.452809 	 0.000324 
0.456630 	0.037066 	0.005977 	0.024711 	0.000894 	0.456300 	 0.000330 
0.457153 	0.030711 	0.003472 	0.021531 	0.000656 	0.456815 	 0.000329 
0.447090 	0.040242 	0.006020 	0.027034 	0.001076 	0.446745 	 0.000340 
0.435695 	0.043353 	0.007184 	0.028564 	0.001191 	0.435335 	 0.000361 
0.448974 	0.041044 	0.006566 	0.027234 	0.001120 	0.448622 	 0.000343 
0.447539 	0.042887 	0.006761 	0.028725 	0.001196 	0.447202 	 0.000325 
0.460806 	0.040201 	0.005975 	0.027705 	0.001069 	0.460479 	 0.000331 
0.458554 	0.037635 	0.005496 	0.025709 	0.000917 	0.458190 	 0.000368 
0.437334 	0.044608 	0.007880 	0.028899 	0.001292 	0.436945 	 0.000370 
0.438085 	0.037491 	0.006493 	0.024563 	0.000951 	0.437728 	 0.000357 
0.445167 	0.043951 	0.007733 	0.028618 	0.001255 	0.444817 	 0.000348 
0.446787 	0.040401 	0.006488 	0.026988 	0.001120 	0.446453 	 0.000330 
0.443677 	0.040449 	0.006317 	0.026393 	0.001137 	0.443293 	 0.000363 
0.451017 	0.038850 	0.006665 	0.025624 	0.001084 	0.450658 	 0.000337 
0.433843 	0.048198 	0.009341 	0.030552 	0.001421 	0.433492 	 0.000350 
0.433644 	0.044687 	0.008400 	0.028614 	0.001256 	0.433297 	 0.000358 
0.436306 	0.037389 	0.006108 	0.024125 	0.000957 	0.435910 	 0.000381 
0.450773 	0.040141 	0.007294 	0.025851 	0.001082 	0.450389 	 0.000378 
0.438686 	0.038240 	0.005531 	0.026115 	0.001013 	0.438308 	 0.000382 
0.438859 	0.045154 	0.007583 	0.029635 	0.001324 	0.438461 	 0.000399 
0.418494 	0.048235 	0.008795 	0.030572 	0.001457 	0.418102 	 0.000377 
0.434140 	0.045176 	0.008146 	0.028983 	0.001306 	0.433767 	 0.000372 
0.433257 	0.048488 	0.008745 	0.031166 	0.001446 	0.432879 	 0.000369 
0.441434 	0.041640 	0.007552 	0.027070 	0.001134 	0.441070 	 0.000368 
0.436269 	0.043407 	0.007950 	0.027661 	0.001241 	0.435895 	 0.000375 
0.433994 	0.049785 	0.008968 	0.032277 	0.001503 	0.433617 	 0.000375 
0.413204 	0.048718 	0.009100 	0.030711 	0.001444 	0.412793 	 0.000412 
0.435137 	0.044135 	0.008006 	0.028384 	0.001288 	0.434719 	 0.000405 
0.444857 	0.046219 	0.008152 	0.030140 	0.001364 	0.444470 	 0.000381 
0.444202 	0.048322 	0.009174 	0.030349 	0.001464 	0.443815 	 0.000386 
0.421124 	0.049191 	0.009802 	0.030624 	0.001516 	0.420764 	 0.000367 
0.437601 	0.047019 	0.009551 	0.029847 	0.001396 	0.437210 	 0.000384 
0.429808 	0.046793 	0.008752 	0.029646 	0.001373 	0.429430 	 0.000380 
0.405345 	0.049130 	0.009614 	0.030490 	0.001461 	0.404935 	 0.000413 
0.428400 	0.048427 	0.009873 	0.029924 	0.001448 	0.427989 	 0.000409 
0.442921 	0.044763 	0.008161 	0.029245 	0.001302 	0.442573 	 0.000358 
0.436836 	0.050951 	0.009843 	0.032262 	0.001559 	0.436434 	 0.000400 
0.424060 	0.047553 	0.008394 	0.030280 	0.001485 	0.423622 	 0.000419 
0.435151 	0.048150 	0.009531 	0.030234 	0.001441 	0.434772 	 0.000384 
0.424542 	0.054532 	0.010359 	0.034410 	0.001716 	0.424096 	 0.000442 
0.433716 	0.049527 	0.009446 	0.031583 	0.001511 	0.433311 	 0.000409 
0.424920 	0.055016 	0.010749 	0.034760 	0.001742 	0.424514 	 0.000397 
0.428072 	0.050557 	0.009942 	0.032100 	0.001502 	0.427679 	 0.000407 
0.428592 	0.054019 	0.010449 	0.033929 	0.001720 	0.428134 	 0.000446 
0.425969 	0.049975 	0.009568 	0.031289 	0.001552 	0.425526 	 0.000439 
0.441551 	0.046274 	0.008264 	0.029833 	0.001363 	0.441140 	 0.000418 
0.423827 	0.053293 	0.010400 	0.033686 	0.001670 	0.423409 	 0.000416 
0.435806 	0.052981 	0.010290 	0.033824 	0.001650 	0.435389 	 0.000426 
0.431549 	0.048769 	0.009057 	0.030830 	0.001456 	0.431118 	 0.000418 
0.415987 	0.055494 	0.011096 	0.034535 	0.001807 	0.415553 	 0.000430 
0.424252 	0.054987 	0.011137 	0.033990 	0.001760 	0.423800 	 0.000443 
0.414875 	0.055252 	0.011461 	0.033969 	0.001738 	0.414444 	 0.000439 
0.434541 	0.050859 	0.009576 	0.031956 	0.001628 	0.434122 	 0.000420 
0.415525 	0.056433 	0.011607 	0.034923 	0.001838 	0.415104 	 0.000419 
0.421271 	0.053805 	0.011316 	0.033348 	0.001701 	0.420855 	 0.000427 
0.442235 	0.055773 	0.010594 	0.035540 	0.001783 	0.441798 	 0.000436 
0.416039 	0.057743 	0.012408 	0.035836 	0.001858 	0.415608 	 0.000440 
0.431019 	0.055640 	0.010022 	0.035848 	0.001845 	0.430562 	 0.000446 
0.421979 	0.056658 	0.011324 	0.035116 	0.001837 	0.421520 	 0.000455 
0.426881 	0.054266 	0.010859 	0.033915 	0.001696 	0.426460 	 0.000430 
0.395780 	0.065003 	0.013360 	0.039546 	0.002221 	0.395301 	 0.000468 
0.419666 	0.054849 	0.011358 	0.033393 	0.001754 	0.419187 	 0.000482 
0.427024 	0.052303 	0.011222 	0.032131 	0.001614 	0.426585 	 0.000449 
0.433306 	0.056183 	0.012123 	0.034284 	0.001826 	0.432856 	 0.000456 
0.435443 	0.058576 	0.010480 	0.037487 	0.001985 	0.434950 	 0.000477 
0.413548 	0.061055 	0.012745 	0.037473 	0.002023 	0.413078 	 0.000472 
0.424533 	0.060712 	0.011962 	0.038172 	0.002020 	0.424059 	 0.000465 
0.414866 	0.059125 	0.011536 	0.037122 	0.001989 	0.414374 	 0.000490 
0.429923 	0.056691 	0.011802 	0.035315 	0.001856 	0.429439 	 0.000479 
0.430604 	0.053126 	0.010829 	0.033177 	0.001688 	0.430164 	 0.000449 
0.411463 	0.057513 	0.011725 	0.035589 	0.001895 	0.411025 	 0.000440 
0.417428 	0.060086 	0.012458 	0.036987 	0.002012 	0.416956 	 0.000463 
0.406396 	0.054989 	0.011212 	0.033553 	0.001806 	0.405950 	 0.000444 
0.414782 	0.055240 	0.010785 	0.034960 	0.001780 	0.414343 	 0.000447 
0.405715 	0.059563 	0.012928 	0.036097 	0.001948 	0.405271 	 0.000457 
0.413825 	0.061170 	0.012392 	0.037353 	0.002068 	0.413345 	 0.000474 
0.405828 	0.060056 	0.012788 	0.037058 	0.002008 	0.405388 	 0.000446 
0.423701 	0.059173 	0.012545 	0.036235 	0.001934 	0.423223 	 0.000480 
0.420721 	0.059433 	0.012432 	0.036567 	0.001979 	0.420258 	 0.000468 
0.412484 	0.058408 	0.012050 	0.036066 	0.001913 	0.412023 	 0.000460 
0.417037 	0.057815 	0.012375 	0.035489 	0.001862 	0.416589 	 0.000462 
0.421199 	0.059536 	0.012834 	0.036438 	0.001962 	0.420746 	 0.000460 
0.414608 	0.062802 	0.013308 	0.038706 	0.002104 	0.414162 	 0.000453 
0.419601 	0.051670 	0.009809 	0.032531 	0.001629 	0.419137 	 0.000473 
0.408728 	0.058455 	0.012406 	0.035616 	0.001893 	0.408256 	 0.000482 
0.418901 	0.062376 	0.013202 	0.038191 	0.002120 	0.418437 	 0.000464 
0.401231 	0.063037 	0.014034 	0.037863 	0.002102 	0.400748 	 0.000485 
0.405696 	0.061973 	0.012929 	0.037947 	0.002073 	0.405217 	 0.000478 
0.428048 	0.055677 	0.011246 	0.034337 	0.001834 	0.427565 	 0.000472 
0.426651 	0.055032 	0.011257 	0.034090 	0.001734 	0.426171 	 0.000495 
0.402538 	0.055680 	0.011572 	0.033641 	0.001793 	0.402034 	 0.000495 
0.416065 	0.057414 	0.011997 	0.035160 	0.001866 	0.415605 	 0.000462 
0.423896 	0.058805 	0.011805 	0.036534 	0.001937 	0.423386 	 0.000508 
0.416777 	0.063949 	0.012653 	0.040283 	0.002230 	0.416282 	 0.000492 
0.417709 	0.060663 	0.012647 	0.036635 	0.002050 	0.417189 	 0.000511 
0.424461 	0.055257 	0.011469 	0.034318 	0.001785 	0.424015 	 0.000453 
0.406749 	0.061249 	0.013903 	0.036681 	0.002033 	0.406301 	 0.000461 
0.427353 	0.055715 	0.011931 	0.034215 	0.001807 	0.426902 	 0.000463 
0.423088 	0.059886 	0.012725 	0.036894 	0.001994 	0.422600 	 0.000503 
0.405001 	0.056246 	0.012470 	0.034267 	0.001887 	0.404551 	 0.000453 
0.375235 	0.061691 	0.013715 	0.036737 	0.002157 	0.374800 	 0.000432 
0.403883 	0.060355 	0.013179 	0.036895 	0.002043 	0.403450 	 0.000439 
0.396219 	0.059092 	0.013332 	0.035578 	0.002049 	0.395772 	 0.000448 
0.392142 	0.066245 	0.015132 	0.039649 	0.002339 	0.391638 	 0.000504 
0.384897 	0.061207 	0.014038 	0.036320 	0.002116 	0.384433 	 0.000468 
0.390965 	0.063616 	0.014050 	0.038608 	0.002207 	0.390518 	 0.000440 
0.396674 	0.061056 	0.013012 	0.037426 	0.002093 	0.396186 	 0.000494 
0.390925 	0.063147 	0.014089 	0.037807 	0.002207 	0.390451 	 0.000467 
0.391860 	0.061551 	0.013913 	0.036865 	0.002118 	0.391401 	 0.000465 
0.391679 	0.057739 	0.012664 	0.035234 	0.001946 	0.391236 	 0.000454 
0.401032 	0.058145 	0.012913 	0.034732 	0.002000 	0.400558 	 0.000471 
0.403148 	0.060053 	0.013427 	0.036359 	0.002052 	0.402687 	 0.000468 
0.375872 	0.065299 	0.015234 	0.038276 	0.002296 	0.375402 	 0.000472 
0.395530 	0.059941 	0.014019 	0.035999 	0.002040 	0.395095 	 0.000447 
0.392074 	0.059449 	0.012714 	0.036150 	0.002058 	0.391603 	 0.000468 
0.386462 	0.068276 	0.015445 	0.041257 	0.002451 	0.386002 	 0.000456 
0.387590 	0.065387 	0.015066 	0.038961 	0.002300 	0.387131 	 0.000464 
0.383120 	0.063543 	0.014285 	0.037950 	0.002223 	0.382640 	 0.000473 
0.400450 	0.059310 	0.013048 	0.036027 	0.002049 	0.399999 	 0.000449 
0.400129 	0.063012 	0.013527 	0.038742 	0.002205 	0.399663 	 0.000454 
0.387077 	0.065223 	0.014763 	0.039070 	0.002279 	0.386612 	 0.000475 
0.402569 	0.061898 	0.013172 	0.037639 	0.002194 	0.402094 	 0.000465 
0.391606 	0.066478 	0.014698 	0.040504 	0.002372 	0.391119 	 0.000490 
0.397008 	0.057174 	0.012586 	0.034554 	0.001941 	0.396572 	 0.000434 
0.398886 	0.060446 	0.013823 	0.036322 	0.002075 	0.398444 	 0.000452 
0.391891 	0.060363 	0.013829 	0.036127 	0.002053 	0.391441 	 0.000458 
0.397935 	0.062409 	0.013390 	0.038173 	0.002188 	0.397448 	 0.000485 
0.390281 	0.066259 	0.014847 	0.039757 	0.002371 	0.389796 	 0.000475 
0.398247 	0.057856 	0.013095 	0.034495 	0.001987 	0.397762 	 0.000483 
0.385892 	0.065628 	0.014441 	0.039611 	0.002329 	0.385391 	 0.000497 
0.400438 	0.062527 	0.014414 	0.037750 	0.002196 	0.399988 	 0.000462 
0.394107 	0.064523 	0.014503 	0.038759 	0.002282 	0.393599 	 0.000501 
0.399006 	0.060918 	0.013949 	0.036790 	0.002085 	0.398549 	 0.000465 
0.381107 	0.067026 	0.015174 	0.040148 	0.002405 	0.380631 	 0.000480 
0.370253 	0.065844 	0.014345 	0.039741 	0.002344 	0.369767 	 0.000481 
0.397867 	0.062108 	0.013472 	0.037764 	0.002202 	0.397394 	 0.000465 
0.369643 	0.066631 	0.015037 	0.039882 	0.002387 	0.369174 	 0.000469 
0.387647 	0.063861 	0.014077 	0.038708 	0.002251 	0.387176 	 0.000473 
0.395736 	0.062591 	0.014067 	0.037277 	0.002217 	0.395247 	 0.000490 
0.384091 	0.063374 	0.014573 	0.037684 	0.002239 	0.383620 	 0.000466 
0.395701 	0.062822 	0.014412 	0.037680 	0.002195 	0.395243 	 0.000464 
0.378440 	0.070289 	0.015439 	0.042274 	0.002594 	0.377934 	 0.000499 
0.374267 	0.064939 	0.014762 	0.038787 	0.002327 	0.373786 	 0.000483 
0.385355 	0.065364 	0.014500 	0.039413 	0.002363 	0.384862 	 0.000474 
0.381456 	0.067200 	0.015456 	0.040080 	0.002379 	0.380992 	 0.000460 
0.391079 	0.066736 	0.015110 	0.040117 	0.002396 	0.390626 	 0.000456 
0.387259 	0.066738 	0.015464 	0.039782 	0.002398 	0.386774 	 0.000476 
0.388897 	0.066357 	0.015729 	0.039553 	0.002326 	0.388416 	 0.000496 
0.389756 	0.064117 	0.014749 	0.038075 	0.002272 	0.389249 	 0.000513 
0.390081 	0.062465 	0.014048 	0.037438 	0.002217 	0.389598 	 0.000482 
0.381106 	0.061867 	0.013731 	0.036839 	0.002198 	0.380632 	 0.000460 
0.390850 	0.064718 	0.014773 	0.039072 	0.002287 	0.390403 	 0.000460 
0.388963 	0.060163 	0.014129 	0.035689 	0.002081 	0.388496 	 0.000475 
0.389539 	0.060761 	0.013899 	0.036294 	0.002122 	0.389062 	 0.000481 
0.383700 	0.067481 	0.014974 	0.040450 	0.002483 	0.383196 	 0.000497 
0.382243 	0.064085 	0.014467 	0.038319 	0.002215 	0.381780 	 0.000465 
0.384076 	0.067043 	0.015947 	0.039819 	0.002423 	0.383603 	 0.000472 
0.377423 	0.067971 	0.015239 	0.040833 	0.002469 	0.376960 	 0.000463 
0.390588 	0.061409 	0.014204 	0.036126 	0.002157 	0.390102 	 0.000491 
0.390533 	0.061677 	0.014287 	0.036522 	0.002136 	0.390058 	 0.000488 
0.443586 	0.010490 	-0.002054 	0.010313 	-0.000225 	0.443534 	 0.000028 
0.461974 	0.011183 	-0.000897 	0.010261 	-0.000153 	0.461944 	 0.000025 
0.455844 	0.017205 	0.000467 	0.014088 	0.000081 	0.455811 	 0.000039 
0.449876 	0.011429 	-0.000973 	0.010864 	-0.000193 	0.449879 	 -0.000003 
0.464542 	0.010715 	-0.001991 	0.010967 	-0.000181 	0.464485 	 0.000048 
0.472543 	0.014916 	-0.001240 	0.014095 	-0.000033 	0.472534 	 0.000008 
0.460203 	0.017645 	-0.000301 	0.015482 	0.000117 	0.460176 	 0.000022 
0.456439 	0.013372 	-0.001532 	0.012142 	-0.000008 	0.456352 	 0.000064 
0.463585 	0.016569 	-0.000538 	0.014783 	0.000023 	0.463545 	 0.000043 
0.448734 	0.019473 	-0.000133 	0.015991 	0.000234 	0.448644 	 0.000059 
0.471956 	0.015432 	-0.000944 	0.014268 	0.000066 	0.471886 	 0.000050 
0.478467 	0.016973 	-0.001035 	0.015601 	0.000116 	0.478391 	 0.000057 
0.467885 	0.016578 	-0.000809 	0.014507 	0.000059 	0.467791 	 0.000086 
0.458984 	0.023576 	0.000705 	0.018826 	0.000397 	0.458885 	 0.000080 
0.460676 	0.023696 	0.001672 	0.018543 	0.000346 	0.460614 	 0.000062 
0.460798 	0.017496 	-0.000032 	0.014807 	0.000137 	0.460703 	 0.000083 
0.452132 	0.023095 	0.001434 	0.017766 	0.000374 	0.452009 	 0.000109 
0.470114 	0.016410 	-0.000830 	0.014657 	0.000091 	0.470008 	 0.000097 
0.468276 	0.022575 	0.001175 	0.017776 	0.000335 	0.468181 	 0.000086 
0.465278 	0.025082 	0.001105 	0.019646 	0.000527 	0.465135 	 0.000116 
0.473340 	0.019509 	0.000153 	0.016657 	0.000212 	0.473249 	 0.000083 
0.452027 	0.024867 	0.002076 	0.018607 	0.000431 	0.451921 	 0.000099 
0.454437 	0.027106 	0.002427 	0.019990 	0.000514 	0.454327 	 0.000100 
0.471656 	0.023609 	0.000759 	0.019084 	0.000388 	0.471536 	 0.000107 
0.459839 	0.027016 	0.001867 	0.020599 	0.000531 	0.459712 	 0.000128 
0.472397 	0.027013 	0.002295 	0.020572 	0.000574 	0.472257 	 0.000132 
0.453172 	0.028244 	0.002378 	0.021110 	0.000636 	0.453063 	 0.000107 
0.468925 	0.021849 	0.000106 	0.018344 	0.000353 	0.468805 	 0.000119 
0.473894 	0.031688 	0.003439 	0.023890 	0.000752 	0.473775 	 0.000126 
0.471824 	0.027824 	0.001430 	0.022253 	0.000638 	0.471680 	 0.000124 
0.466281 	0.029425 	0.002454 	0.022386 	0.000625 	0.466151 	 0.000121 
0.467226 	0.028271 	0.002283 	0.021784 	0.000609 	0.467091 	 0.000130 
0.465946 	0.028738 	0.002077 	0.022214 	0.000600 	0.465795 	 0.000145 
0.476351 	0.032568 	0.004235 	0.023824 	0.000788 	0.476193 	 0.000153 
0.462564 	0.033247 	0.003403 	0.024879 	0.000838 	0.462410 	 0.000154 
0.467510 	0.028541 	0.002557 	0.021779 	0.000620 	0.467368 	 0.000133 
0.467959 	0.028964 	0.002829 	0.021613 	0.000634 	0.467802 	 0.000158 
0.486425 	0.026883 	0.002097 	0.020648 	0.000551 	0.486305 	 0.000127 
0.458519 	0.038359 	0.004490 	0.027432 	0.001067 	0.458323 	 0.000191 
0.488093 	0.029400 	0.002357 	0.023028 	0.000659 	0.487931 	 0.000158 
0.469824 	0.032140 	0.002966 	0.024083 	0.000834 	0.469652 	 0.000161 
0.461889 	0.033370 	0.003219 	0.024686 	0.000856 	0.461710 	 0.000176 
0.476919 	0.033108 	0.003635 	0.024398 	0.000837 	0.476761 	 0.000165 
0.473879 	0.035368 	0.003954 	0.025778 	0.000939 	0.473683 	 0.000192 
0.476336 	0.033547 	0.003721 	0.024859 	0.000889 	0.476148 	 0.000187 
0.414511 	0.037179 	0.005657 	0.026043 	0.001043 	0.414381 	 0.000136 
0.421564 	0.037593 	0.005852 	0.026165 	0.001068 	0.421434 	 0.000134 
0.426325 	0.039483 	0.006407 	0.027630 	0.001206 	0.426214 	 0.000116 
0.427404 	0.037525 	0.004697 	0.027040 	0.001148 	0.427236 	 0.000154 
0.424875 	0.035564 	0.004831 	0.024691 	0.001046 	0.424705 	 0.000158 
0.414736 	0.038022 	0.006483 	0.025707 	0.001119 	0.414605 	 0.000139 
0.419365 	0.044420 	0.006977 	0.030944 	0.001434 	0.419189 	 0.000170 
0.417053 	0.038934 	0.005933 	0.026779 	0.001147 	0.416884 	 0.000152 
0.420146 	0.037376 	0.006214 	0.025786 	0.001091 	0.419980 	 0.000170 
0.426884 	0.037461 	0.005358 	0.026562 	0.001132 	0.426731 	 0.000143 
0.430401 	0.042449 	0.007456 	0.029197 	0.001326 	0.430224 	 0.000175 
0.424207 	0.042463 	0.006591 	0.029238 	0.001369 	0.424029 	 0.000176 
0.403596 	0.043426 	0.008311 	0.028179 	0.001380 	0.403416 	 0.000171 
0.418013 	0.043838 	0.006699 	0.029896 	0.001410 	0.417845 	 0.000145 
0.405685 	0.040588 	0.007295 	0.027354 	0.001240 	0.405525 	 0.000162 
0.419059 	0.044539 	0.007421 	0.030363 	0.001432 	0.418892 	 0.000168 
0.407706 	0.043755 	0.007193 	0.029525 	0.001386 	0.407529 	 0.000169 
0.398093 	0.046837 	0.008708 	0.030697 	0.001527 	0.397913 	 0.000185 
0.411268 	0.047492 	0.008177 	0.031726 	0.001573 	0.411064 	 0.000206 
0.412852 	0.044556 	0.007807 	0.029325 	0.001437 	0.412653 	 0.000186 
0.409807 	0.041168 	0.007424 	0.027300 	0.001290 	0.409618 	 0.000191 
0.420872 	0.042650 	0.006576 	0.029021 	0.001383 	0.420678 	 0.000177 
0.400301 	0.047193 	0.008422 	0.031306 	0.001529 	0.400135 	 0.000175 
0.404208 	0.045148 	0.007904 	0.030069 	0.001441 	0.404024 	 0.000187 
0.427072 	0.041856 	0.007375 	0.028473 	0.001312 	0.426899 	 0.000176 
0.403471 	0.047822 	0.008057 	0.031807 	0.001589 	0.403258 	 0.000203 
0.423804 	0.048700 	0.008275 	0.032889 	0.001627 	0.423605 	 0.000202 
0.415787 	0.047774 	0.007964 	0.032019 	0.001590 	0.415592 	 0.000193 
0.423541 	0.045884 	0.007386 	0.030841 	0.001503 	0.423325 	 0.000197 
0.410370 	0.048014 	0.008957 	0.031722 	0.001577 	0.410165 	 0.000213 
0.415812 	0.047283 	0.008327 	0.031857 	0.001545 	0.415611 	 0.000202 
0.386194 	0.053081 	0.010953 	0.033593 	0.001833 	0.385986 	 0.000209 
0.418481 	0.049988 	0.009035 	0.033292 	0.001681 	0.418291 	 0.000192 
0.407211 	0.047783 	0.009057 	0.031416 	0.001581 	0.407001 	 0.000219 
0.429247 	0.045490 	0.007317 	0.031048 	0.001445 	0.429040 	 0.000205 
0.421467 	0.041986 	0.007052 	0.028178 	0.001359 	0.421268 	 0.000206 
0.417407 	0.047870 	0.008737 	0.031878 	0.001607 	0.417194 	 0.000221 
0.409941 	0.048918 	0.009067 	0.032242 	0.001607 	0.409769 	 0.000176 
0.413838 	0.048473 	0.008948 	0.032279 	0.001607 	0.413634 	 0.000197 
0.420037 	0.045522 	0.007446 	0.030935 	0.001481 	0.419833 	 0.000196 
0.428355 	0.042886 	0.006549 	0.029460 	0.001380 	0.428140 	 0.000208 
0.407170 	0.052405 	0.010032 	0.033833 	0.001740 	0.406959 	 0.000212 
0.424457 	0.050527 	0.009221 	0.033776 	0.001637 	0.424268 	 0.000202 
0.408045 	0.050357 	0.009407 	0.032692 	0.001693 	0.407806 	 0.000240 
0.418887 	0.050370 	0.009552 	0.033446 	0.001679 	0.418667 	 0.000221 
0.411019 	0.051588 	0.009390 	0.033848 	0.001742 	0.410779 	 0.000237 
0.417619 	0.053568 	0.009989 	0.035061 	0.001828 	0.417386 	 0.000240 
0.404776 	0.053217 	0.009990 	0.034503 	0.001806 	0.404571 	 0.000197 
0.422445 	0.051742 	0.009700 	0.033982 	0.001748 	0.422240 	 0.000204 
0.425567 	0.061361 	0.011114 	0.040880 	0.002189 	0.425364 	 0.000206 
0.421794 	0.052212 	0.009429 	0.034577 	0.001755 	0.421567 	 0.000240 
0.405555 	0.058341 	0.011403 	0.037621 	0.002036 	0.405303 	 0.000264 
0.418692 	0.052284 	0.009589 	0.034271 	0.001750 	0.418465 	 0.000219 
0.428248 	0.052331 	0.009017 	0.035111 	0.001741 	0.428013 	 0.000240 
0.421583 	0.055369 	0.010600 	0.036318 	0.001860 	0.421330 	 0.000264 
0.411583 	0.060977 	0.011279 	0.039840 	0.002168 	0.411334 	 0.000260 
0.417316 	0.056396 	0.010422 	0.036810 	0.001971 	0.417053 	 0.000258 
0.411545 	0.057153 	0.010060 	0.037363 	0.002002 	0.411295 	 0.000253 
0.423726 	0.054856 	0.009913 	0.036371 	0.001886 	0.423490 	 0.000230 
0.435762 	0.050259 	0.008381 	0.033688 	0.001699 	0.435500 	 0.000253 
0.418044 	0.055653 	0.010613 	0.036533 	0.001921 	0.417791 	 0.000253 
0.406196 	0.052568 	0.009806 	0.034323 	0.001760 	0.405937 	 0.000267 
0.414692 	0.057040 	0.010660 	0.037325 	0.001996 	0.414432 	 0.000262 
0.413809 	0.058122 	0.011469 	0.037739 	0.002037 	0.413595 	 0.000218 
0.427415 	0.052483 	0.008831 	0.035288 	0.001821 	0.427147 	 0.000270 
0.438851 	0.054172 	0.009403 	0.037000 	0.001874 	0.438612 	 0.000240 
0.427476 	0.058192 	0.010862 	0.038421 	0.002021 	0.427247 	 0.000232 
0.405804 	0.057550 	0.010678 	0.037883 	0.002018 	0.405531 	 0.000274 
0.434509 	0.055485 	0.009004 	0.037204 	0.001946 	0.434255 	 0.000238 
0.436664 	0.056739 	0.011228 	0.037253 	0.001972 	0.436421 	 0.000251 
0.430882 	0.059557 	0.010558 	0.040026 	0.002148 	0.430631 	 0.000253 
0.425677 	0.057389 	0.010774 	0.037773 	0.002032 	0.425399 	 0.000281 
0.408389 	0.054026 	0.010448 	0.034802 	0.001857 	0.408141 	 0.000252 
0.415113 	0.062158 	0.012240 	0.039810 	0.002202 	0.414851 	 0.000277 
0.416865 	0.059673 	0.011619 	0.038736 	0.002081 	0.416623 	 0.000247 
0.391429 	0.055599 	0.011062 	0.035298 	0.001946 	0.391175 	 0.000243 
0.405078 	0.056300 	0.010185 	0.037082 	0.002017 	0.404823 	 0.000245 
0.392198 	0.060494 	0.012592 	0.038726 	0.002171 	0.391974 	 0.000238 
0.395769 	0.061545 	0.012344 	0.039582 	0.002222 	0.395525 	 0.000246 
0.403782 	0.052682 	0.010384 	0.034202 	0.001879 	0.403545 	 0.000234 
0.389881 	0.062190 	0.012381 	0.040318 	0.002291 	0.389628 	 0.000255 
0.400569 	0.050758 	0.009829 	0.032922 	0.001794 	0.400322 	 0.000249 
0.397857 	0.055124 	0.010515 	0.035941 	0.001933 	0.397617 	 0.000244 
0.407953 	0.054553 	0.010101 	0.035824 	0.001927 	0.407705 	 0.000251 
0.389984 	0.058144 	0.011881 	0.037303 	0.002098 	0.389745 	 0.000253 
0.412163 	0.055932 	0.010267 	0.036556 	0.002026 	0.411914 	 0.000231 
0.388777 	0.058280 	0.011508 	0.037352 	0.002056 	0.388532 	 0.000247 
0.392505 	0.058925 	0.011585 	0.038207 	0.002126 	0.392229 	 0.000274 
0.404111 	0.056869 	0.011001 	0.036769 	0.002029 	0.403860 	 0.000239 
0.389980 	0.062535 	0.012885 	0.040086 	0.002322 	0.389719 	 0.000256 
0.393374 	0.059300 	0.011199 	0.038485 	0.002170 	0.393128 	 0.000252 
0.387678 	0.061941 	0.012767 	0.039506 	0.002303 	0.387421 	 0.000264 
0.400344 	0.061988 	0.012661 	0.039454 	0.002290 	0.400078 	 0.000267 
0.400740 	0.062193 	0.011922 	0.040411 	0.002292 	0.400502 	 0.000240 
0.402750 	0.059577 	0.012160 	0.037943 	0.002208 	0.402502 	 0.000249 
0.396095 	0.059168 	0.011586 	0.037919 	0.002109 	0.395831 	 0.000257 
0.405967 	0.061071 	0.011624 	0.039407 	0.002269 	0.405680 	 0.000266 
0.408571 	0.061691 	0.012669 	0.039423 	0.002245 	0.408312 	 0.000260 
0.407644 	0.056809 	0.011284 	0.036989 	0.002052 	0.407402 	 0.000252 
0.407133 	0.058685 	0.011347 	0.038113 	0.002144 	0.406879 	 0.000253 
0.411711 	0.061482 	0.012187 	0.039731 	0.002205 	0.411463 	 0.000256 
0.392545 	0.059949 	0.012343 	0.038423 	0.002133 	0.392283 	 0.000263 
0.398321 	0.058420 	0.012047 	0.037533 	0.002124 	0.398053 	 0.000272 
0.402263 	0.054958 	0.011631 	0.035084 	0.001965 	0.402000 	 0.000274 
0.389174 	0.066407 	0.013536 	0.042118 	0.002453 	0.388905 	 0.000265 
0.378706 	0.062266 	0.013184 	0.039818 	0.002344 	0.378476 	 0.000232 
0.373432 	0.058146 	0.012879 	0.036211 	0.002143 	0.373211 	 0.000233 
0.394775 	0.057821 	0.011320 	0.037457 	0.002116 	0.394530 	 0.000241 
0.391273 	0.057472 	0.012662 	0.036007 	0.002066 	0.391038 	 0.000245 
0.384091 	0.062055 	0.012873 	0.040054 	0.002315 	0.383846 	 0.000252 
0.381755 	0.058541 	0.012877 	0.036413 	0.002121 	0.381508 	 0.000257 
0.391699 	0.061594 	0.012464 	0.039829 	0.002320 	0.391454 	 0.000251 
0.379666 	0.060977 	0.013423 	0.038401 	0.002278 	0.379406 	 0.000261 
0.374967 	0.063690 	0.013141 	0.040392 	0.002434 	0.374700 	 0.000261 
0.377022 	0.062705 	0.013058 	0.039787 	0.002320 	0.376773 	 0.000264 
0.389689 	0.064397 	0.013634 	0.040642 	0.002417 	0.389445 	 0.000238 
0.405824 	0.058510 	0.012069 	0.037781 	0.002181 	0.405584 	 0.000245 
0.379263 	0.061332 	0.012390 	0.039230 	0.002304 	0.378977 	 0.000284 
0.386846 	0.059348 	0.011746 	0.038025 	0.002193 	0.386589 	 0.000265 
0.367698 	0.063806 	0.014463 	0.039511 	0.002331 	0.367455 	 0.000251 
0.390225 	0.065891 	0.013221 	0.041919 	0.002510 	0.389957 	 0.000251 
0.385956 	0.065905 	0.013576 	0.042006 	0.002506 	0.385672 	 0.000281 
0.389479 	0.066195 	0.013400 	0.042519 	0.002531 	0.389183 	 0.000300 
0.384329 	0.059705 	0.011529 	0.038038 	0.002229 	0.384060 	 0.000270 
0.390618 	0.060547 	0.012593 	0.038744 	0.002254 	0.390374 	 0.000246 
0.390366 	0.067300 	0.013602 	0.043228 	0.002533 	0.390119 	 0.000246 
0.387589 	0.058540 	0.012484 	0.037266 	0.002160 	0.387341 	 0.000255 
0.399020 	0.054556 	0.011166 	0.034853 	0.001971 	0.398749 	 0.000281 
0.385998 	0.060924 	0.012711 	0.037994 	0.002298 	0.385710 	 0.000280 
0.393140 	0.068154 	0.013804 	0.043711 	0.002592 	0.392852 	 0.000293 
0.386323 	0.061175 	0.012033 	0.039751 	0.002252 	0.386063 	 0.000259 
0.398754 	0.058393 	0.011888 	0.037393 	0.002118 	0.398473 	 0.000288 
0.393296 	0.062259 	0.012367 	0.040710 	0.002325 	0.393042 	 0.000257 
0.403539 	0.064409 	0.012807 	0.041684 	0.002422 	0.403247 	 0.000296 
0.398511 	0.061911 	0.012982 	0.039573 	0.002292 	0.398242 	 0.000270 
0.391057 	0.063566 	0.013745 	0.040111 	0.002312 	0.390814 	 0.000257 
0.391450 	0.063743 	0.013067 	0.040476 	0.002404 	0.391139 	 0.000314 
0.401089 	0.060077 	0.011476 	0.038941 	0.002242 	0.400825 	 0.000262 
0.396170 	0.062794 	0.012511 	0.040381 	0.002358 	0.395893 	 0.000274 
0.384686 	0.067095 	0.012855 	0.043676 	0.002528 	0.384362 	 0.000315 
0.383871 	0.063792 	0.012997 	0.040879 	0.002416 	0.383622 	 0.000246 
0.383021 	0.065973 	0.013561 	0.042203 	0.002536 	0.382765 	 0.000264 
0.372225 	0.064913 	0.013992 	0.040710 	0.002409 	0.371967 	 0.000262 
0.383799 	0.063514 	0.012872 	0.040405 	0.002413 	0.383508 	 0.000302 
0.380311 	0.066563 	0.014168 	0.041754 	0.002507 	0.380033 	 0.000275 
0.383672 	0.063396 	0.013542 	0.040108 	0.002395 	0.383407 	 0.000261 
0.376672 	0.061855 	0.013663 	0.039052 	0.002330 	0.376420 	 0.000253 
0.374315 	0.069665 	0.015232 	0.043873 	0.002668 	0.374061 	 0.000248 
0.375773 	0.070998 	0.015575 	0.044658 	0.002702 	0.375518 	 0.000264 
0.373407 	0.066682 	0.014774 	0.041964 	0.002525 	0.373141 	 0.000271 
0.391143 	0.059514 	0.012282 	0.037980 	0.002219 	0.390854 	 0.000288 
0.384288 	0.066431 	0.013483 	0.042109 	0.002512 	0.383990 	 0.000287 
0.387236 	0.068011 	0.013332 	0.043531 	0.002613 	0.386960 	 0.000257 
0.381612 	0.062511 	0.012796 	0.039899 	0.002340 	0.381355 	 0.000275 
0.385480 	0.061696 	0.013153 	0.038820 	0.002251 	0.385180 	 0.000308 
0.405572 	0.068214 	0.014680 	0.042994 	0.002591 	0.405301 	 0.000283 
0.395099 	0.062630 	0.012437 	0.040252 	0.002387 	0.394820 	 0.000291 
0.379284 	0.068908 	0.014327 	0.043727 	0.002608 	0.379003 	 0.000282 
0.385066 	0.072256 	0.016040 	0.045288 	0.002760 	0.384793 	 0.000281 
0.411224 	0.063286 	0.013655 	0.040218 	0.002397 	0.410928 	 0.000300 
0.387275 	0.067250 	0.013457 	0.043094 	0.002578 	0.386968 	 0.000301 
0.392879 	0.069075 	0.014882 	0.043548 	0.002638 	0.392620 	 0.000266 
0.385093 	0.069839 	0.015162 	0.044228 	0.002661 	0.384811 	 0.000277 
0.387239 	0.062983 	0.013103 	0.040338 	0.002317 	0.386964 	 0.000290 
0.376979 	0.066087 	0.014118 	0.042163 	0.002464 	0.376701 	 0.000282 
0.383026 	0.068043 	0.013356 	0.043123 	0.002619 	0.382708 	 0.000307 
0.283929 	0.023429 	0.006265 	0.013445 	0.000404 	0.283930 	 -0.000004 
0.276427 	0.024090 	0.005941 	0.013898 	0.000403 	0.276424 	 -0.000003 
0.281797 	0.028756 	0.006242 	0.017254 	0.000671 	0.281789 	 -0.000022 
0.309126 	0.024749 	0.005337 	0.015181 	0.000497 	0.309111 	 -0.000004 
0.307075 	0.022683 	0.005135 	0.013641 	0.000423 	0.307043 	 0.000014 
0.287789 	0.026087 	0.006781 	0.015002 	0.000457 	0.287775 	 0.000019 
0.303788 	0.020706 	0.004057 	0.012215 	0.000272 	0.303745 	 0.000037 
0.318227 	0.021947 	0.005356 	0.012803 	0.000314 	0.318164 	 0.000050 
0.272127 	0.028570 	0.008103 	0.015906 	0.000614 	0.272129 	 -0.000006 
0.276342 	0.025486 	0.007312 	0.014187 	0.000446 	0.276344 	 0.000001 
0.288037 	0.022645 	0.005562 	0.013077 	0.000387 	0.288020 	 -0.000005 
0.274328 	0.027884 	0.006864 	0.016352 	0.000655 	0.274338 	 -0.000033 
0.278665 	0.031081 	0.007764 	0.018032 	0.000736 	0.278655 	 0.000005 
0.293717 	0.019439 	0.003770 	0.012255 	0.000257 	0.293702 	 0.000006 
0.300103 	0.027613 	0.006882 	0.016760 	0.000536 	0.300104 	 0.000001 
0.291897 	0.027257 	0.006681 	0.016193 	0.000592 	0.291919 	 -0.000024 
0.289335 	0.029211 	0.006594 	0.017642 	0.000641 	0.289323 	 0.000005 
0.295582 	0.025814 	0.006157 	0.015660 	0.000483 	0.295590 	 -0.000007 
0.295426 	0.026865 	0.006553 	0.015865 	0.000536 	0.295422 	 0.000004 
0.310217 	0.024775 	0.005561 	0.015216 	0.000459 	0.310203 	 0.000003 
0.295345 	0.016043 	0.004078 	0.009712 	0.000010 	0.295351 	 -0.000011 
0.313841 	0.021996 	0.005504 	0.013516 	0.000242 	0.313872 	 -0.000012 
0.289320 	0.031133 	0.008533 	0.017965 	0.000634 	0.289347 	 -0.000005 
0.292353 	0.029440 	0.007130 	0.017454 	0.000690 	0.292338 	 0.000014 
0.268621 	0.035105 	0.008982 	0.019855 	0.000914 	0.268604 	 0.000003 
0.284017 	0.026307 	0.006309 	0.015698 	0.000511 	0.284029 	 -0.000023 
0.266913 	0.031040 	0.008617 	0.017404 	0.000715 	0.266931 	 -0.000004 
0.277999 	0.033384 	0.008963 	0.019737 	0.000812 	0.278032 	 -0.000023 
0.287618 	0.023762 	0.006134 	0.013425 	0.000363 	0.287614 	 -0.000010 
0.273228 	0.028954 	0.007929 	0.016559 	0.000647 	0.273255 	 -0.000029 
0.266551 	0.030106 	0.008522 	0.016603 	0.000693 	0.266557 	 -0.000003 
0.275028 	0.025581 	0.006654 	0.014642 	0.000526 	0.275002 	 0.000018 
0.276642 	0.031618 	0.008130 	0.018012 	0.000777 	0.276626 	 0.000011 
0.279685 	0.029215 	0.007270 	0.017115 	0.000692 	0.279663 	 0.000014 
0.268489 	0.031731 	0.007958 	0.017896 	0.000758 	0.268452 	 0.000043 
0.274697 	0.033737 	0.008861 	0.019506 	0.000823 	0.274693 	 0.000011 
0.258644 	0.030015 	0.008590 	0.016682 	0.000686 	0.258664 	 -0.000013 
0.271229 	0.035388 	0.009761 	0.020230 	0.000904 	0.271219 	 0.000019 
0.258333 	0.036220 	0.010195 	0.020585 	0.000937 	0.258351 	 -0.000012 
0.272327 	0.035312 	0.009394 	0.020579 	0.000912 	0.272349 	 -0.000021 
0.260056 	0.036756 	0.009876 	0.021322 	0.000970 	0.260057 	 0.000004 
0.270311 	0.040666 	0.010870 	0.023723 	0.001158 	0.270322 	 0.000004 
0.274079 	0.035557 	0.008951 	0.021129 	0.000928 	0.274059 	 0.000023 
0.258966 	0.037995 	0.009863 	0.021890 	0.001045 	0.258945 	 0.000025 
0.259452 	0.036794 	0.010019 	0.020982 	0.001001 	0.259458 	 0.000005 
0.280813 	0.032689 	0.008232 	0.019554 	0.000814 	0.280827 	 -0.000012 
0.273473 	0.038213 	0.009424 	0.022592 	0.001095 	0.273438 	 0.000025 
0.278259 	0.034014 	0.009160 	0.019830 	0.000858 	0.278275 	 -0.000015 
0.263921 	0.040429 	0.009973 	0.024222 	0.001174 	0.263932 	 -0.000019 
0.275963 	0.032087 	0.008820 	0.018525 	0.000786 	0.275991 	 -0.000027 
0.264250 	0.040258 	0.010458 	0.023663 	0.001133 	0.264259 	 0.000000 
0.255662 	0.033412 	0.008634 	0.019145 	0.000862 	0.255651 	 0.000014 
0.260301 	0.035080 	0.009462 	0.020197 	0.000900 	0.260292 	 0.000013 
0.269086 	0.033212 	0.009260 	0.018998 	0.000825 	0.269104 	 -0.000005 
0.267405 	0.034150 	0.008644 	0.020252 	0.000865 	0.267416 	 -0.000012 
0.262574 	0.038084 	0.009747 	0.022596 	0.001037 	0.262590 	 -0.000014 
0.268804 	0.037319 	0.009861 	0.021676 	0.001007 	0.268780 	 0.000030 
0.270662 	0.035186 	0.009432 	0.020328 	0.000913 	0.270674 	 -0.000001 
0.267136 	0.036523 	0.009420 	0.021515 	0.000997 	0.267155 	 -0.000023 
0.256617 	0.040439 	0.010625 	0.023455 	0.001158 	0.256627 	 -0.000011 
0.260311 	0.036624 	0.009455 	0.021144 	0.000937 	0.260323 	 -0.000009 
0.267657 	0.036606 	0.009563 	0.021033 	0.000956 	0.267645 	 0.000014 
0.262048 	0.042359 	0.011042 	0.025106 	0.001230 	0.262038 	 0.000025 
0.264055 	0.038858 	0.010332 	0.022325 	0.001077 	0.264040 	 0.000014 
0.264317 	0.038209 	0.010081 	0.022387 	0.001050 	0.264304 	 0.000026 
0.283593 	0.039566 	0.009807 	0.023439 	0.001110 	0.283587 	 -0.000001 
0.282990 	0.034760 	0.008754 	0.020699 	0.000886 	0.282982 	 0.000012 
0.255048 	0.043190 	0.011733 	0.024827 	0.001225 	0.255034 	 0.000027 
0.268527 	0.039584 	0.010253 	0.022893 	0.001137 	0.268519 	 -0.000003 
0.280683 	0.033323 	0.009267 	0.019212 	0.000822 	0.280684 	 0.000006 
0.260535 	0.038347 	0.010643 	0.021543 	0.001060 	0.260534 	 0.000001 
0.266515 	0.040110 	0.010175 	0.023620 	0.001158 	0.266501 	 0.000005 
0.274865 	0.034226 	0.008280 	0.020601 	0.000880 	0.274861 	 0.000008 
0.283775 	0.034260 	0.008725 	0.020451 	0.000887 	0.283798 	 -0.000012 
0.262216 	0.040147 	0.011329 	0.022724 	0.001115 	0.262227 	 -0.000007 
0.271261 	0.037472 	0.009598 	0.021743 	0.001018 	0.271238 	 0.000017 
0.277721 	0.039961 	0.009731 	0.024235 	0.001160 	0.277737 	 -0.000014 
0.266307 	0.038794 	0.010359 	0.022986 	0.001080 	0.266312 	 0.000004 
0.277505 	0.033248 	0.008882 	0.019394 	0.000789 	0.277516 	 -0.000001 
0.280463 	0.038385 	0.010258 	0.022755 	0.001068 	0.280460 	 0.000009 
0.256058 	0.041438 	0.011645 	0.023517 	0.001164 	0.256035 	 0.000033 
0.264898 	0.036942 	0.010200 	0.020884 	0.000971 	0.264898 	 0.000011 
0.248310 	0.039333 	0.010950 	0.022416 	0.001078 	0.248303 	 0.000017 
0.273804 	0.038560 	0.009593 	0.022738 	0.001028 	0.273784 	 0.000013 
0.249699 	0.037904 	0.010684 	0.021207 	0.001024 	0.249712 	 -0.000011 
0.269848 	0.036488 	0.009904 	0.021076 	0.000978 	0.269832 	 0.000024 
0.264625 	0.041692 	0.011741 	0.023715 	0.001174 	0.264635 	 0.000004 
0.255634 	0.041284 	0.011212 	0.023372 	0.001184 	0.255651 	 -0.000010 
0.265647 	0.039520 	0.010559 	0.023090 	0.001020 	0.265667 	 -0.000008 
0.266312 	0.040865 	0.010678 	0.023599 	0.001172 	0.266289 	 0.000021 
0.268074 	0.044701 	0.011458 	0.026343 	0.001356 	0.268044 	 0.000034 
0.276315 	0.036897 	0.009604 	0.021587 	0.001004 	0.276290 	 0.000023 
0.248875 	0.043968 	0.012492 	0.025006 	0.001299 	0.248876 	 0.000008 
0.272331 	0.036551 	0.009163 	0.021744 	0.000996 	0.272354 	 -0.000029 
0.256291 	0.041605 	0.011160 	0.023839 	0.001199 	0.256315 	 -0.000013 
0.259575 	0.035347 	0.010034 	0.019770 	0.000938 	0.259583 	 0.000004 
0.268245 	0.040925 	0.010771 	0.023849 	0.001193 	0.268276 	 -0.000040 
0.259874 	0.041144 	0.011416 	0.023480 	0.001161 	0.259894 	 -0.000007 
0.249194 	0.039341 	0.010876 	0.022142 	0.001104 	0.249183 	 0.000012 
0.264775 	0.043281 	0.011179 	0.025487 	0.001317 	0.264769 	 0.000006 
0.248624 	0.043066 	0.011068 	0.024316 	0.001277 	0.248618 	 0.000005 
0.259190 	0.042076 	0.010994 	0.024668 	0.001254 	0.259181 	 0.000014 
0.257848 	0.041331 	0.011219 	0.023835 	0.001197 	0.257854 	 -0.000005 
0.240459 	0.040114 	0.011549 	0.021788 	0.001140 	0.240451 	 0.000011 
0.258501 	0.040840 	0.010845 	0.023242 	0.001158 	0.258492 	 0.000005 
0.257276 	0.043569 	0.012091 	0.024856 	0.001253 	0.257302 	 -0.000025 
0.251812 	0.040584 	0.011560 	0.022753 	0.001160 	0.251832 	 -0.000009 
0.260890 	0.039872 	0.011258 	0.022759 	0.001118 	0.260893 	 0.000005 
0.270399 	0.042816 	0.011390 	0.025064 	0.001254 	0.270398 	 0.000015 
0.260864 	0.041471 	0.010604 	0.024204 	0.001196 	0.260857 	 0.000000 
0.262351 	0.041250 	0.011224 	0.023917 	0.001181 	0.262341 	 0.000011 
0.245716 	0.046659 	0.013116 	0.026202 	0.001413 	0.245709 	 0.000011 
0.241839 	0.048230 	0.013393 	0.027874 	0.001458 	0.241823 	 0.000024 
0.257529 	0.039618 	0.010843 	0.023138 	0.001124 	0.257529 	 0.000013 
0.264745 	0.042764 	0.011631 	0.024731 	0.001247 	0.264726 	 0.000034 
0.270080 	0.040778 	0.010014 	0.024622 	0.001209 	0.270061 	 0.000014 
0.253615 	0.042273 	0.011159 	0.024238 	0.001270 	0.253614 	 0.000001 
0.250948 	0.049873 	0.013589 	0.028716 	0.001569 	0.250938 	 0.000016 
0.260528 	0.043244 	0.011810 	0.025119 	0.001263 	0.260519 	 0.000014 
0.256158 	0.043779 	0.012388 	0.024797 	0.001253 	0.256171 	 0.000012 
0.249560 	0.041195 	0.011856 	0.022837 	0.001174 	0.249570 	 0.000001 
0.260334 	0.043236 	0.011656 	0.024845 	0.001275 	0.260319 	 0.000024 
0.248700 	0.048539 	0.012910 	0.028005 	0.001545 	0.248665 	 0.000045 
0.256955 	0.038161 	0.010263 	0.021791 	0.001032 	0.256952 	 0.000014 
0.246461 	0.044022 	0.012322 	0.024920 	0.001299 	0.246457 	 0.000002 
0.250401 	0.047650 	0.013170 	0.027334 	0.001479 	0.250392 	 0.000009 
0.245579 	0.046624 	0.012549 	0.026958 	0.001435 	0.245576 	 0.000004 
0.250488 	0.049382 	0.013530 	0.028630 	0.001509 	0.250532 	 -0.000024 
0.248168 	0.042286 	0.012258 	0.023835 	0.001207 	0.248207 	 -0.000026 
0.251155 	0.048193 	0.012442 	0.027918 	0.001514 	0.251111 	 0.000041 
0.245889 	0.043813 	0.012128 	0.025195 	0.001295 	0.245890 	 0.000008 
0.242666 	0.047634 	0.013028 	0.027428 	0.001485 	0.242667 	 0.000004 
0.247685 	0.045365 	0.012412 	0.026108 	0.001324 	0.247689 	 0.000010 
0.254599 	0.045952 	0.012502 	0.026543 	0.001393 	0.254616 	 -0.000009 
0.253369 	0.048664 	0.013090 	0.028453 	0.001458 	0.253377 	 0.000015 
0.250798 	0.046671 	0.013369 	0.026294 	0.001431 	0.250814 	 -0.000003 
0.263515 	0.043762 	0.011443 	0.025306 	0.001284 	0.263501 	 0.000009 
0.239919 	0.046062 	0.012601 	0.025919 	0.001394 	0.239903 	 0.000022 
0.261305 	0.046901 	0.012661 	0.027207 	0.001424 	0.261299 	 0.000008 
0.257614 	0.043842 	0.012281 	0.024911 	0.001289 	0.257628 	 -0.000009 
0.256043 	0.048513 	0.012904 	0.027883 	0.001480 	0.256034 	 0.000009 
0.258894 	0.046793 	0.012759 	0.027212 	0.001380 	0.258906 	 0.000004 
0.244536 	0.047131 	0.013042 	0.026980 	0.001432 	0.244543 	 0.000000 
0.248118 	0.049667 	0.014155 	0.028183 	0.001565 	0.248125 	 0.000000 
0.258198 	0.048346 	0.012864 	0.028228 	0.001508 	0.258146 	 0.000053 
0.250146 	0.046489 	0.012381 	0.026943 	0.001423 	0.250113 	 0.000038 
0.243515 	0.045608 	0.013273 	0.025175 	0.001338 	0.243527 	 -0.000004 
0.244110 	0.043618 	0.012197 	0.024822 	0.001262 	0.244090 	 0.000033 
0.244186 	0.046294 	0.012919 	0.026231 	0.001359 	0.244189 	 0.000009 
0.257618 	0.044621 	0.012015 	0.025991 	0.001335 	0.257607 	 0.000015 
0.252394 	0.045446 	0.012031 	0.026300 	0.001400 	0.252368 	 0.000030 
0.253969 	0.048805 	0.013405 	0.028322 	0.001500 	0.253971 	 0.000014 
0.254094 	0.049146 	0.013369 	0.028881 	0.001500 	0.254089 	 0.000025 
0.251180 	0.048413 	0.013495 	0.027734 	0.001504 	0.251182 	 0.000011 
0.260455 	0.045631 	0.012849 	0.026233 	0.001390 	0.260468 	 -0.000002 
0.260496 	0.045126 	0.011762 	0.026249 	0.001362 	0.260497 	 0.000012 
0.242646 	0.051223 	0.013834 	0.029762 	0.001625 	0.242635 	 0.000013 
0.250520 	0.045232 	0.012356 	0.025360 	0.001347 	0.250499 	 0.000031 
0.253058 	0.049686 	0.013019 	0.028671 	0.001584 	0.253032 	 0.000019 
0.242185 	0.048824 	0.013293 	0.027899 	0.001533 	0.242173 	 0.000022 
0.240039 	0.044742 	0.013125 	0.025083 	0.001314 	0.240053 	 0.000004 
0.236184 	0.048366 	0.013667 	0.027321 	0.001494 	0.236185 	 0.000014 
0.254924 	0.046894 	0.012442 	0.027241 	0.001462 	0.254913 	 0.000009 
0.254790 	0.042750 	0.011884 	0.024086 	0.001204 	0.254802 	 0.000011 
0.250333 	0.045949 	0.013081 	0.025847 	0.001429 	0.250352 	 -0.000014 
0.250055 	0.049361 	0.013475 	0.028677 	0.001492 	0.250062 	 0.000018 
0.256980 	0.043746 	0.012220 	0.025028 	0.001282 	0.257005 	 -0.000012 
0.249585 	0.045045 	0.013178 	0.025318 	0.001339 	0.249596 	 0.000007 
0.243992 	0.045229 	0.012315 	0.025536 	0.001355 	0.243958 	 0.000037 
0.260529 	0.047011 	0.012796 	0.026906 	0.001437 	0.260494 	 0.000051 
0.243677 	0.053556 	0.014884 	0.030541 	0.001704 	0.243687 	 0.000008 
0.260604 	0.046761 	0.012625 	0.027156 	0.001380 	0.260611 	 0.000005 
0.261438 	0.047352 	0.012764 	0.027403 	0.001467 	0.261442 	 0.000007 
0.222373 	0.050741 	0.014735 	0.028185 	0.001591 	0.222361 	 0.000033 
0.240395 	0.052561 	0.014330 	0.029933 	0.001668 	0.240395 	 0.000010 
0.250432 	0.048439 	0.013601 	0.027883 	0.001483 	0.250418 	 0.000034 
0.252742 	0.047979 	0.012986 	0.027845 	0.001417 	0.252739 	 0.000026 
0.242899 	0.052710 	0.014674 	0.030026 	0.001639 	0.242905 	 0.000007 
0.256993 	0.045678 	0.013396 	0.025727 	0.001373 	0.257002 	 -0.000001 
0.247624 	0.045241 	0.012483 	0.026088 	0.001343 	0.247646 	 -0.000002 
0.256117 	0.043593 	0.011809 	0.024860 	0.001307 	0.256103 	 0.000019 
0.254293 	0.048554 	0.013261 	0.028151 	0.001523 	0.254285 	 0.000016 
0.260707 	0.042121 	0.012170 	0.024009 	0.001247 	0.260729 	 -0.000008 
0.237992 	0.051970 	0.014333 	0.029731 	0.001666 	0.237987 	 0.000011 
0.249704 	0.043694 	0.012187 	0.024807 	0.001337 	0.249695 	 0.000007 
0.247796 	0.053840 	0.014660 	0.031578 	0.001748 	0.247804 	 0.000012 
0.242206 	0.049352 	0.014209 	0.028136 	0.001535 	0.242201 	 0.000019 
0.259323 	0.047533 	0.012383 	0.027750 	0.001495 	0.259309 	 0.000013 
0.250056 	0.048791 	0.013573 	0.027751 	0.001523 	0.250057 	 0.000006 
0.248601 	0.051220 	0.013910 	0.029382 	0.001645 	0.248585 	 0.000018 
0.250582 	0.050211 	0.013882 	0.028538 	0.001592 	0.250597 	 -0.000017 
0.241370 	0.051475 	0.013646 	0.029709 	0.001642 	0.241355 	 0.000024 
0.248864 	0.047946 	0.013229 	0.027736 	0.001484 	0.248868 	 0.000014 
0.224148 	0.051011 	0.014593 	0.028645 	0.001607 	0.224166 	 -0.000002 
0.243861 	0.047591 	0.013197 	0.026922 	0.001498 	0.243856 	 0.000008 
0.249721 	0.051532 	0.014124 	0.030012 	0.001619 	0.249742 	 0.000004 
0.246839 	0.045198 	0.013266 	0.025315 	0.001324 	0.246856 	 -0.000000 
0.251108 	0.043690 	0.012721 	0.024703 	0.001294 	0.251132 	 -0.000012 
0.251619 	0.049872 	0.013667 	0.029035 	0.001595 	0.251614 	 0.000013 
0.241056 	0.049223 	0.013699 	0.027978 	0.001575 	0.241072 	 -0.000019 
0.251037 	0.050280 	0.013296 	0.029778 	0.001589 	0.251063 	 -0.000008 
0.258537 	0.043968 	0.011662 	0.025623 	0.001289 	0.258554 	 -0.000001 
0.247296 	0.050207 	0.013670 	0.028973 	0.001598 	0.247298 	 0.000004 
0.253697 	0.047007 	0.013541 	0.026642 	0.001436 	0.253735 	 -0.000032 
0.243655 	0.049357 	0.014113 	0.027645 	0.001557 	0.243656 	 0.000018 
0.241777 	0.048267 	0.013931 	0.027370 	0.001451 	0.241814 	 -0.000025 
0.245053 	0.049498 	0.013794 	0.028421 	0.001533 	0.245049 	 0.000007 
0.259334 	0.047130 	0.012488 	0.027905 	0.001480 	0.259328 	 0.000012 
0.246068 	0.049489 	0.013779 	0.028752 	0.001524 	0.246077 	 0.000023 
0.236724 	0.050704 	0.013806 	0.028756 	0.001643 	0.236704 	 0.000024 
0.233685 	0.057515 	0.015987 	0.032833 	0.001902 	0.233682 	 0.000007 
0.116130 	-0.020051 	0.002047 	-0.016835 	-0.001092 	0.116360 	 -0.000257 
0.061975 	-0.019044 	0.002608 	-0.016449 	-0.000953 	0.062221 	 -0.000269 
0.034638 	-0.015930 	0.005341 	-0.015958 	-0.000852 	0.035034 	 -0.000402 
0.061663 	-0.015920 	0.005684 	-0.016978 	-0.000879 	0.061947 	 -0.000306 
0.091920 	-0.021700 	0.003956 	-0.020311 	-0.001152 	0.092144 	 -0.000234 
0.119807 	-0.003345 	0.005467 	-0.006325 	-0.000469 	0.119972 	 -0.000180 
0.135422 	-0.007409 	0.003593 	-0.007394 	-0.000637 	0.135581 	 -0.000166 
0.147752 	-0.002064 	0.004763 	-0.005038 	-0.000412 	0.147874 	 -0.000127 
0.148704 	-0.002052 	0.005465 	-0.005373 	-0.000500 	0.148833 	 -0.000135 
0.163002 	-0.002290 	0.004120 	-0.004938 	-0.000481 	0.163069 	 -0.000080 
0.176792 	-0.005841 	0.003239 	-0.006203 	-0.000686 	0.176916 	 -0.000122 
0.109526 	0.003268 	0.006830 	-0.003231 	-0.000302 	0.109628 	 -0.000097 
0.123697 	-0.015634 	0.003241 	-0.014292 	-0.001008 	0.123898 	 -0.000200 
0.140144 	0.000540 	0.005461 	-0.003975 	-0.000253 	0.140268 	 -0.000149 
0.146579 	0.002641 	0.006855 	-0.003163 	-0.000334 	0.146676 	 -0.000085 
0.169794 	0.000870 	0.005946 	-0.003712 	-0.000366 	0.169910 	 -0.000123 
0.099499 	0.000772 	0.006349 	-0.003847 	-0.000265 	0.099634 	 -0.000148 
0.112128 	0.000727 	0.005742 	-0.003252 	-0.000280 	0.112249 	 -0.000129 
0.096054 	0.005300 	0.007727 	-0.001588 	-0.000019 	0.096189 	 -0.000149 
0.112562 	0.002292 	0.006366 	-0.002814 	-0.000192 	0.112703 	 -0.000149 
0.111129 	0.005729 	0.007638 	-0.001047 	-0.000009 	0.111254 	 -0.000136 
0.101842 	0.004316 	0.006953 	-0.001373 	-0.000109 	0.101988 	 -0.000141 
0.085352 	0.007276 	0.008645 	-0.000631 	-0.000006 	0.085480 	 -0.000125 
0.115347 	0.003294 	0.006759 	-0.001809 	-0.000129 	0.115466 	 -0.000122 
0.116036 	0.006614 	0.006778 	0.000183 	0.000036 	0.116141 	 -0.000123 
0.102128 	0.010136 	0.008211 	0.002133 	0.000184 	0.102214 	 -0.000094 
0.110405 	0.012132 	0.008760 	0.003788 	0.000264 	0.110551 	 -0.000144 
0.102326 	0.009789 	0.008615 	0.001729 	0.000138 	0.102440 	 -0.000109 
0.107112 	0.005541 	0.008022 	-0.001274 	-0.000045 	0.107244 	 -0.000133 
0.110883 	0.002752 	0.006457 	-0.002824 	-0.000118 	0.110978 	 -0.000109 
0.112106 	0.004779 	0.007079 	-0.001305 	-0.000058 	0.112210 	 -0.000105 
0.083179 	0.008262 	0.008571 	-0.000346 	0.000138 	0.083288 	 -0.000120 
0.090274 	0.005953 	0.009032 	-0.002180 	0.000001 	0.090406 	 -0.000133 
0.107628 	0.006406 	0.007827 	-0.000654 	0.000034 	0.107723 	 -0.000108 
0.097282 	0.015751 	0.010342 	0.004415 	0.000461 	0.097315 	 -0.000055 
0.093630 	0.013217 	0.010479 	0.002896 	0.000318 	0.093742 	 -0.000112 
0.092861 	0.010997 	0.009198 	0.001717 	0.000224 	0.092930 	 -0.000084 
0.078739 	0.014573 	0.009991 	0.003789 	0.000424 	0.078790 	 -0.000064 
0.095375 	0.016562 	0.011066 	0.005166 	0.000475 	0.095445 	 -0.000076 
0.100552 	0.010890 	0.009364 	0.001409 	0.000221 	0.100629 	 -0.000082 
0.085924 	0.009002 	0.009502 	-0.000428 	0.000137 	0.086022 	 -0.000099 
0.080626 	0.017828 	0.011082 	0.005616 	0.000584 	0.080687 	 -0.000059 
0.103177 	0.012591 	0.009625 	0.003032 	0.000328 	0.103236 	 -0.000068 
0.091191 	0.015388 	0.010383 	0.004605 	0.000416 	0.091268 	 -0.000072 
0.091896 	0.010119 	0.008953 	0.001255 	0.000192 	0.091957 	 -0.000064 
0.088370 	0.012591 	0.010182 	0.002559 	0.000300 	0.088457 	 -0.000087 
0.075064 	0.015968 	0.011177 	0.004137 	0.000417 	0.075146 	 -0.000076 
0.072324 	0.016396 	0.011443 	0.004032 	0.000487 	0.072393 	 -0.000071 
0.078966 	0.014811 	0.010646 	0.003653 	0.000407 	0.079058 	 -0.000089 
0.092450 	0.011363 	0.010310 	0.001599 	0.000264 	0.092508 	 -0.000062 
0.080286 	0.016821 	0.011473 	0.004349 	0.000521 	0.080354 	 -0.000072 
0.091172 	0.013806 	0.010247 	0.003581 	0.000330 	0.091259 	 -0.000072 
0.086499 	0.016636 	0.011206 	0.004885 	0.000511 	0.086589 	 -0.000089 
0.082939 	0.015691 	0.011227 	0.003608 	0.000490 	0.082962 	 -0.000033 
0.070666 	0.018879 	0.012092 	0.005622 	0.000620 	0.070739 	 -0.000078 
0.087613 	0.012095 	0.010891 	0.001120 	0.000332 	0.087700 	 -0.000089 
0.076750 	0.022891 	0.012543 	0.008465 	0.000809 	0.076791 	 -0.000055 
0.074811 	0.023040 	0.012764 	0.008216 	0.000843 	0.074845 	 -0.000047 
0.074854 	0.021083 	0.011756 	0.007075 	0.000741 	0.074875 	 -0.000041 
0.077801 	0.021351 	0.012894 	0.007063 	0.000724 	0.077863 	 -0.000067 
0.079162 	0.022206 	0.013091 	0.007851 	0.000782 	0.079193 	 -0.000032 
0.073039 	0.018070 	0.011754 	0.005392 	0.000572 	0.073083 	 -0.000041 
0.073377 	0.024198 	0.013170 	0.009119 	0.000820 	0.073419 	 -0.000047 
0.073737 	0.021107 	0.013112 	0.006592 	0.000690 	0.073768 	 -0.000019 
0.055906 	0.024053 	0.012887 	0.008570 	0.000845 	0.055919 	 -0.000018 
0.070668 	0.023339 	0.013323 	0.008143 	0.000814 	0.070716 	 -0.000050 
0.076530 	0.019304 	0.011604 	0.005906 	0.000667 	0.076542 	 -0.000023 
0.083470 	0.019533 	0.011911 	0.006543 	0.000646 	0.083533 	 -0.000052 
0.065680 	0.026798 	0.014285 	0.009804 	0.000990 	0.065688 	 -0.000014 
0.082365 	0.020847 	0.011940 	0.006867 	0.000757 	0.082363 	 -0.000013 
0.080821 	0.021625 	0.012628 	0.007339 	0.000803 	0.080855 	 -0.000034 
0.066739 	0.023490 	0.013277 	0.008064 	0.000868 	0.066764 	 -0.000025 
0.061360 	0.028421 	0.014523 	0.011076 	0.001068 	0.061355 	 -0.000001 
0.082770 	0.022172 	0.012732 	0.007887 	0.000764 	0.082795 	 -0.000020 
0.072678 	0.019908 	0.012875 	0.005705 	0.000645 	0.072704 	 -0.000013 
0.061055 	0.024140 	0.012837 	0.008865 	0.000886 	0.061039 	 0.000011 
0.059840 	0.029115 	0.015202 	0.010911 	0.001086 	0.059817 	 0.000022 
0.075347 	0.023253 	0.013995 	0.007998 	0.000834 	0.075371 	 -0.000021 
0.071303 	0.024705 	0.014169 	0.008585 	0.000874 	0.071340 	 -0.000024 
0.058270 	0.030058 	0.015385 	0.011285 	0.001142 	0.058270 	 -0.000009 
0.059556 	0.029466 	0.014913 	0.011584 	0.001170 	0.059572 	 -0.000021 
0.056960 	0.020821 	0.013303 	0.005709 	0.000744 	0.056957 	 0.000004 
0.060778 	0.028057 	0.014926 	0.010155 	0.001032 	0.060763 	 0.000016 
0.069189 	0.027446 	0.013539 	0.010614 	0.001038 	0.069176 	 -0.000001 
0.069230 	0.025408 	0.014210 	0.009403 	0.000960 	0.069251 	 -0.000012 
0.067434 	0.028446 	0.014595 	0.011294 	0.001082 	0.067440 	 -0.000007 
0.059692 	0.030463 	0.016014 	0.011386 	0.001158 	0.059680 	 0.000016 
0.079173 	0.024144 	0.012801 	0.008967 	0.000932 	0.079153 	 0.000008 
0.065160 	0.025320 	0.014808 	0.008357 	0.000930 	0.065132 	 0.000034 
0.072161 	0.030558 	0.015309 	0.012544 	0.001196 	0.072122 	 0.000030 
0.060596 	0.025172 	0.013873 	0.008785 	0.000953 	0.060568 	 0.000019 
0.070685 	0.028979 	0.014100 	0.012107 	0.001176 	0.070680 	 -0.000015 
0.067360 	0.026705 	0.014473 	0.009827 	0.000993 	0.067345 	 0.000016 
0.051984 	0.030103 	0.015675 	0.011254 	0.001165 	0.051988 	 -0.000008 
0.063801 	0.028919 	0.015377 	0.011213 	0.001089 	0.063794 	 0.000019 
0.059306 	0.032014 	0.015700 	0.012729 	0.001256 	0.059286 	 0.000021 
0.079570 	0.030296 	0.014879 	0.012416 	0.001198 	0.079534 	 0.000038 
0.051218 	0.030147 	0.016289 	0.010854 	0.001162 	0.051209 	 0.000008 
0.049393 	0.031714 	0.016820 	0.011370 	0.001267 	0.049393 	 0.000001 
0.060149 	0.024137 	0.013450 	0.008443 	0.000936 	0.060130 	 0.000012 
0.067401 	0.027459 	0.015102 	0.009794 	0.001022 	0.067392 	 0.000019 
0.068718 	0.030340 	0.015309 	0.011416 	0.001205 	0.068657 	 0.000052 
0.063532 	0.026386 	0.014944 	0.008798 	0.001000 	0.063523 	 0.000001 
0.064403 	0.029450 	0.015319 	0.011014 	0.001126 	0.064367 	 0.000037 
0.065115 	0.026102 	0.014400 	0.008901 	0.001034 	0.065080 	 0.000024 
0.056035 	0.035693 	0.017098 	0.014754 	0.001461 	0.055982 	 0.000040 
0.071096 	0.024209 	0.014133 	0.008068 	0.000873 	0.071090 	 0.000020 
0.050308 	0.033637 	0.016861 	0.012885 	0.001340 	0.050272 	 0.000026 
0.064319 	0.031971 	0.015884 	0.011994 	0.001281 	0.064266 	 0.000041 
0.057412 	0.028696 	0.015853 	0.010125 	0.001084 	0.057389 	 0.000030 
0.042706 	0.033420 	0.017414 	0.011934 	0.001304 	0.042668 	 0.000035 
0.064989 	0.026712 	0.014866 	0.009190 	0.001047 	0.064993 	 -0.000003 
0.050818 	0.027526 	0.014811 	0.009957 	0.001047 	0.050799 	 0.000018 
0.059979 	0.028034 	0.015105 	0.009978 	0.001066 	0.059969 	 0.000011 
0.059539 	0.031745 	0.016119 	0.012118 	0.001247 	0.059499 	 0.000041 
0.056749 	0.033576 	0.016504 	0.013311 	0.001314 	0.056711 	 0.000038 
0.048443 	0.033845 	0.016958 	0.012594 	0.001389 	0.048410 	 0.000026 
0.065672 	0.031441 	0.016069 	0.012024 	0.001239 	0.065614 	 0.000065 
0.056941 	0.032201 	0.016621 	0.012021 	0.001288 	0.056885 	 0.000053 
0.052098 	0.033101 	0.016378 	0.013054 	0.001317 	0.052068 	 0.000032 
0.043904 	0.034832 	0.017070 	0.013271 	0.001349 	0.043857 	 0.000044 
0.055338 	0.037153 	0.017066 	0.015868 	0.001530 	0.055273 	 0.000052 
0.058504 	0.031651 	0.016739 	0.011634 	0.001264 	0.058476 	 0.000031 
0.053287 	0.033553 	0.017176 	0.012610 	0.001355 	0.053260 	 0.000029 
0.058840 	0.030487 	0.015842 	0.010782 	0.001182 	0.058779 	 0.000056 
0.068256 	0.030235 	0.015629 	0.011114 	0.001186 	0.068207 	 0.000045 
0.044873 	0.034247 	0.016374 	0.014228 	0.001406 	0.044848 	 0.000024 
0.053765 	0.032931 	0.016772 	0.012651 	0.001279 	0.053736 	 0.000045 
0.054319 	0.035854 	0.017239 	0.014714 	0.001447 	0.054249 	 0.000069 
0.058449 	0.033332 	0.016161 	0.012790 	0.001382 	0.058341 	 0.000089 
0.039535 	0.033735 	0.017078 	0.012451 	0.001379 	0.039483 	 0.000049 
0.049578 	0.037790 	0.017612 	0.015399 	0.001550 	0.049500 	 0.000069 
0.050158 	0.034639 	0.017145 	0.013301 	0.001402 	0.050105 	 0.000046 
0.054505 	0.037485 	0.017678 	0.014877 	0.001585 	0.054404 	 0.000090 
0.046899 	0.033854 	0.016941 	0.012521 	0.001340 	0.046828 	 0.000072 
0.072613 	0.035101 	0.015658 	0.014825 	0.001477 	0.072515 	 0.000075 
0.062424 	0.032832 	0.015955 	0.012968 	0.001340 	0.062382 	 0.000039 
0.057847 	0.037444 	0.016952 	0.016146 	0.001545 	0.057743 	 0.000095 
0.054592 	0.032726 	0.016766 	0.012310 	0.001312 	0.054537 	 0.000055 
0.065160 	0.033357 	0.016409 	0.013190 	0.001333 	0.065091 	 0.000069 
0.043489 	0.035066 	0.018183 	0.012751 	0.001419 	0.043443 	 0.000047 
0.059482 	0.034211 	0.017194 	0.013031 	0.001405 	0.059442 	 0.000042 
0.066715 	0.034529 	0.016331 	0.014026 	0.001387 	0.066653 	 0.000058 
0.039538 	0.035993 	0.017854 	0.013701 	0.001472 	0.039476 	 0.000066 
0.060056 	0.034703 	0.016433 	0.013984 	0.001440 	0.059959 	 0.000088 
0.050138 	0.033487 	0.016679 	0.013043 	0.001323 	0.050084 	 0.000063 
0.060798 	0.031755 	0.016381 	0.011829 	0.001312 	0.060747 	 0.000038 
0.033337 	0.039404 	0.018609 	0.015795 	0.001612 	0.033264 	 0.000072 
0.045907 	0.037205 	0.018390 	0.013672 	0.001506 	0.045829 	 0.000075 
0.049087 	0.037233 	0.017497 	0.015124 	0.001522 	0.049012 	 0.000079 
0.039181 	0.031237 	0.017749 	0.010244 	0.001238 	0.039127 	 0.000068 
0.045205 	0.042353 	0.019775 	0.017210 	0.001765 	0.045133 	 0.000065 
0.063587 	0.030386 	0.015341 	0.011240 	0.001235 	0.063520 	 0.000053 
0.052659 	0.040477 	0.018394 	0.017143 	0.001629 	0.052580 	 0.000082 
0.034819 	0.038870 	0.018471 	0.015617 	0.001598 	0.034736 	 0.000079 
0.047299 	0.040948 	0.018483 	0.017205 	0.001706 	0.047212 	 0.000089 
0.032069 	0.043807 	0.020233 	0.017956 	0.001827 	0.031990 	 0.000073 
0.056821 	0.036482 	0.017313 	0.014562 	0.001486 	0.056734 	 0.000089 
0.055571 	0.037356 	0.017533 	0.014915 	0.001556 	0.055500 	 0.000062 
0.053027 	0.036923 	0.017866 	0.014545 	0.001570 	0.052948 	 0.000078 
0.047819 	0.038033 	0.018399 	0.014833 	0.001603 	0.047751 	 0.000058 
0.043028 	0.042600 	0.018997 	0.018008 	0.001769 	0.042938 	 0.000084 
0.065199 	0.031713 	0.016889 	0.011819 	0.001293 	0.065135 	 0.000071 
0.036886 	0.041919 	0.019875 	0.016795 	0.001746 	0.036819 	 0.000078 
0.044196 	0.038085 	0.018371 	0.014985 	0.001567 	0.044106 	 0.000097 
0.051885 	0.038825 	0.017795 	0.016747 	0.001579 	0.051814 	 0.000068 
0.060363 	0.038808 	0.017445 	0.016196 	0.001668 	0.060275 	 0.000074 
0.040621 	0.037753 	0.018220 	0.015016 	0.001566 	0.040539 	 0.000090 
0.049953 	0.037194 	0.018147 	0.014709 	0.001519 	0.049898 	 0.000064 
0.042033 	0.031818 	0.017048 	0.011239 	0.001320 	0.041970 	 0.000062 
0.038812 	0.032686 	0.017227 	0.011175 	0.001356 	0.038751 	 0.000059 
0.061939 	0.032787 	0.016399 	0.012420 	0.001343 	0.061877 	 0.000059 
0.047605 	0.038930 	0.018509 	0.015357 	0.001602 	0.047510 	 0.000098 
0.037880 	0.045090 	0.020129 	0.019169 	0.001902 	0.037826 	 0.000051 
0.049905 	0.038922 	0.018375 	0.015528 	0.001601 	0.049820 	 0.000086 
0.044206 	0.039957 	0.018594 	0.015657 	0.001690 	0.044092 	 0.000100 
0.033845 	0.042279 	0.018834 	0.017454 	0.001771 	0.033743 	 0.000088 
0.062412 	0.037164 	0.017856 	0.015000 	0.001528 	0.062328 	 0.000098 
0.041668 	0.037956 	0.018125 	0.014691 	0.001547 	0.041587 	 0.000077 
0.036879 	0.043556 	0.020101 	0.017715 	0.001806 	0.036759 	 0.000119 
0.065878 	0.042438 	0.019586 	0.017130 	0.001694 	0.065753 	 0.000131 
0.079139 	0.038056 	0.017731 	0.015721 	0.001486 	0.079003 	 0.000145 
0.059388 	0.044397 	0.019146 	0.018739 	0.001798 	0.059236 	 0.000142 
0.079835 	0.040211 	0.017461 	0.017429 	0.001606 	0.079714 	 0.000126 
0.068236 	0.037062 	0.017936 	0.014491 	0.001466 	0.068115 	 0.000135 
0.073734 	0.040355 	0.018449 	0.016375 	0.001579 	0.073608 	 0.000135 
0.079045 	0.042603 	0.018441 	0.018656 	0.001735 	0.078926 	 0.000120 
0.064710 	0.040213 	0.019212 	0.015818 	0.001601 	0.064603 	 0.000109 
0.060306 	0.042461 	0.018774 	0.018099 	0.001720 	0.060174 	 0.000143 
0.061763 	0.043157 	0.019127 	0.018227 	0.001755 	0.061648 	 0.000119 
0.068588 	0.043192 	0.018875 	0.018154 	0.001797 	0.068450 	 0.000127 
0.065526 	0.039610 	0.018136 	0.016371 	0.001594 	0.065426 	 0.000101 
0.054886 	0.049597 	0.020655 	0.021988 	0.002024 	0.054725 	 0.000156 
0.066035 	0.039995 	0.018779 	0.016106 	0.001601 	0.065916 	 0.000129 
0.075226 	0.042644 	0.018399 	0.018369 	0.001766 	0.075057 	 0.000150 
0.058570 	0.044370 	0.019329 	0.018601 	0.001798 	0.058424 	 0.000146 
0.053106 	0.041954 	0.018744 	0.016991 	0.001700 	0.052955 	 0.000148 
0.044668 	0.043682 	0.020204 	0.017790 	0.001759 	0.044568 	 0.000099 
0.061711 	0.045027 	0.019537 	0.019001 	0.001851 	0.061582 	 0.000130 
0.069781 	0.037438 	0.017386 	0.015190 	0.001446 	0.069667 	 0.000119 
0.063895 	0.045310 	0.019809 	0.019230 	0.001878 	0.063758 	 0.000143 
0.058718 	0.043951 	0.019202 	0.019081 	0.001819 	0.058603 	 0.000117 
0.054315 	0.045874 	0.020336 	0.019331 	0.001891 	0.054188 	 0.000138 
0.057070 	0.038720 	0.018254 	0.015367 	0.001558 	0.056967 	 0.000103 
0.058690 	0.040888 	0.018459 	0.016851 	0.001618 	0.058571 	 0.000126 
0.044752 	0.044880 	0.020118 	0.018772 	0.001843 	0.044603 	 0.000158 
0.066489 	0.041931 	0.018979 	0.017624 	0.001724 	0.066356 	 0.000135 
0.056447 	0.041571 	0.019298 	0.016667 	0.001665 	0.056344 	 0.000109 
0.061271 	0.045645 	0.019620 	0.019875 	0.001905 	0.061131 	 0.000144 
0.065187 	0.042930 	0.019564 	0.017528 	0.001782 	0.065037 	 0.000152 
0.112586 	0.039842 	0.016507 	0.017088 	0.001522 	0.112369 	 0.000208 
