di 	gli 	gal 	gos3 	gos4 	lac 	 glb 
0.467607 	0.004065 	-0.000946 	0.005093 	-0.000480 	0.467493 	 0.000114 
0.478237 	0.012824 	-0.002126 	0.014180 	-0.000046 	0.478072 	 0.000148 
0.465791 	0.007410 	-0.002784 	0.009240 	-0.000374 	0.465641 	 0.000155 
0.480040 	0.009262 	-0.001589 	0.009074 	-0.000166 	0.479924 	 0.000115 
0.479072 	0.012015 	0.000282 	0.009548 	-0.000073 	0.478972 	 0.000082 
0.471782 	0.012823 	0.000356 	0.009707 	-0.000119 	0.471676 	 0.000095 
0.477886 	0.014878 	-0.001922 	0.015300 	-0.000114 	0.477706 	 0.000165 
0.478319 	0.014950 	-0.001257 	0.013456 	-0.000104 	0.478105 	 0.000205 
0.474219 	0.011042 	0.000181 	0.008085 	-0.000066 	0.474114 	 0.000085 
0.466526 	0.010599 	0.001076 	0.008328 	-0.000263 	0.466417 	 0.000093 
0.465528 	0.018981 	0.002179 	0.013205 	0.000007 	0.465382 	 0.000147 
0.483815 	0.009270 	0.000240 	0.007700 	-0.000306 	0.483706 	 0.000102 
0.480901 	0.015748 	0.001086 	0.011579 	0.000062 	0.480771 	 0.000107 
0.470654 	0.011662 	0.000268 	0.009999 	-0.000051 	0.470498 	 0.000136 
0.487678 	0.011819 	0.001784 	0.007693 	-0.000226 	0.487556 	 0.000116 
0.471743 	0.018535 	0.003105 	0.013088 	0.000231 	0.471623 	 0.000095 
0.470841 	0.021680 	0.002109 	0.014430 	0.000401 	0.470671 	 0.000173 
0.470670 	0.012045 	-0.001747 	0.010760 	-0.000148 	0.470490 	 0.000192 
0.476447 	0.017731 	-0.000333 	0.014860 	0.000056 	0.476221 	 0.000231 
0.457653 	0.022597 	-0.001213 	0.020662 	0.000474 	0.457379 	 0.000287 
0.461219 	0.019973 	-0.000034 	0.016522 	0.000180 	0.460965 	 0.000276 
0.468856 	0.016485 	-0.001482 	0.016413 	-0.000122 	0.468626 	 0.000241 
0.466519 	0.017719 	-0.000203 	0.014972 	0.000128 	0.466295 	 0.000221 
0.457479 	0.023525 	-0.000100 	0.020169 	0.000343 	0.457176 	 0.000319 
0.457824 	0.020138 	0.000888 	0.016182 	0.000246 	0.457591 	 0.000251 
0.459336 	0.020071 	0.000728 	0.015844 	0.000196 	0.459106 	 0.000235 
0.453088 	0.025614 	0.001833 	0.020493 	0.000559 	0.452846 	 0.000244 
0.459459 	0.024635 	0.001830 	0.019168 	0.000364 	0.459194 	 0.000254 
0.461573 	0.021229 	0.000575 	0.017468 	0.000364 	0.461327 	 0.000255 
0.451243 	0.025608 	0.001867 	0.020121 	0.000606 	0.450974 	 0.000271 
0.456135 	0.023917 	0.002465 	0.018950 	0.000453 	0.455918 	 0.000214 
0.456578 	0.027274 	0.002272 	0.020934 	0.000482 	0.456285 	 0.000289 
0.465056 	0.024828 	0.001301 	0.020308 	0.000483 	0.464784 	 0.000289 
0.452884 	0.030871 	0.003221 	0.023271 	0.000842 	0.452592 	 0.000291 
0.439014 	0.035767 	0.004946 	0.025130 	0.000988 	0.438701 	 0.000295 
0.458326 	0.028592 	0.002260 	0.021408 	0.000559 	0.458068 	 0.000261 
0.448635 	0.025311 	0.002966 	0.019465 	0.000370 	0.448392 	 0.000245 
0.458621 	0.026468 	0.002361 	0.019267 	0.000424 	0.458340 	 0.000284 
0.455223 	0.036321 	0.003815 	0.027548 	0.000949 	0.454894 	 0.000333 
0.456758 	0.033193 	0.003985 	0.023551 	0.000873 	0.456434 	 0.000330 
0.452998 	0.031678 	0.004221 	0.023023 	0.000796 	0.452723 	 0.000266 
0.444979 	0.030530 	0.003579 	0.023170 	0.000664 	0.444698 	 0.000280 
0.458792 	0.033849 	0.005753 	0.022236 	0.000822 	0.458540 	 0.000239 
0.447850 	0.035974 	0.004072 	0.027509 	0.000933 	0.447535 	 0.000323 
0.443519 	0.033043 	0.006070 	0.022051 	0.000855 	0.443263 	 0.000264 
0.439213 	0.039219 	0.006307 	0.027060 	0.001128 	0.438897 	 0.000312 
0.429233 	0.038003 	0.004963 	0.027576 	0.001035 	0.428882 	 0.000361 
0.435657 	0.036527 	0.005246 	0.025886 	0.000948 	0.435339 	 0.000332 
0.442440 	0.029157 	0.003712 	0.021074 	0.000429 	0.442156 	 0.000277 
0.438239 	0.039347 	0.006484 	0.025834 	0.001122 	0.437900 	 0.000328 
0.442090 	0.036072 	0.004758 	0.025600 	0.000894 	0.441740 	 0.000361 
0.445290 	0.037792 	0.006820 	0.025855 	0.000943 	0.444990 	 0.000299 
0.426117 	0.044231 	0.006919 	0.029827 	0.001246 	0.425789 	 0.000321 
0.427024 	0.039003 	0.006482 	0.027219 	0.001074 	0.426720 	 0.000298 
0.429803 	0.038543 	0.006209 	0.027383 	0.000994 	0.429440 	 0.000356 
0.443050 	0.035336 	0.005624 	0.024729 	0.000946 	0.442728 	 0.000310 
0.437077 	0.041151 	0.006696 	0.028394 	0.001085 	0.436744 	 0.000329 
0.444873 	0.038322 	0.005947 	0.027165 	0.000970 	0.444555 	 0.000322 
0.442415 	0.035078 	0.005459 	0.023846 	0.000754 	0.442062 	 0.000331 
0.441198 	0.043814 	0.007098 	0.029978 	0.001274 	0.440817 	 0.000374 
0.443108 	0.042064 	0.007130 	0.028911 	0.001182 	0.442735 	 0.000362 
0.432560 	0.038626 	0.006660 	0.026118 	0.001063 	0.432229 	 0.000331 
0.442274 	0.040550 	0.006707 	0.027565 	0.001215 	0.441954 	 0.000314 
0.438691 	0.038809 	0.005547 	0.026581 	0.001136 	0.438319 	 0.000374 
0.442407 	0.036843 	0.006979 	0.024196 	0.001050 	0.442082 	 0.000336 
0.446397 	0.038504 	0.007276 	0.025277 	0.000910 	0.446087 	 0.000302 
0.437501 	0.038350 	0.006242 	0.026140 	0.001075 	0.437154 	 0.000350 
0.438515 	0.038312 	0.007298 	0.024024 	0.000939 	0.438176 	 0.000339 
0.442462 	0.041201 	0.008102 	0.026487 	0.001112 	0.442098 	 0.000353 
0.434948 	0.043942 	0.007900 	0.029216 	0.001219 	0.434561 	 0.000380 
0.429716 	0.046233 	0.009398 	0.028821 	0.001380 	0.429349 	 0.000351 
0.426655 	0.043013 	0.008044 	0.027988 	0.001166 	0.426268 	 0.000393 
0.432725 	0.040526 	0.007389 	0.027168 	0.001109 	0.432356 	 0.000373 
0.436097 	0.040745 	0.008104 	0.025981 	0.000988 	0.435769 	 0.000333 
0.432983 	0.040291 	0.007472 	0.026894 	0.001153 	0.432629 	 0.000352 
0.429011 	0.038853 	0.008354 	0.024696 	0.001043 	0.428677 	 0.000337 
0.426924 	0.043242 	0.007777 	0.028401 	0.001094 	0.426520 	 0.000413 
0.425920 	0.041952 	0.007399 	0.027838 	0.001164 	0.425521 	 0.000407 
0.424937 	0.042897 	0.007692 	0.028208 	0.001148 	0.424526 	 0.000413 
0.444882 	0.041341 	0.007529 	0.026860 	0.001032 	0.444479 	 0.000396 
0.427094 	0.042608 	0.009558 	0.025128 	0.001110 	0.426758 	 0.000330 
0.423043 	0.047086 	0.010308 	0.028661 	0.001589 	0.422701 	 0.000347 
0.422313 	0.046091 	0.009607 	0.028326 	0.001401 	0.421936 	 0.000380 
0.434350 	0.046067 	0.007825 	0.030774 	0.001288 	0.433939 	 0.000408 
0.428492 	0.043979 	0.009566 	0.027528 	0.001291 	0.428110 	 0.000388 
0.432606 	0.050187 	0.010877 	0.030778 	0.001545 	0.432214 	 0.000390 
0.421701 	0.045865 	0.009482 	0.029053 	0.001362 	0.421348 	 0.000340 
0.438680 	0.050409 	0.010137 	0.032065 	0.001456 	0.438300 	 0.000372 
0.430161 	0.041981 	0.009027 	0.026491 	0.001242 	0.429804 	 0.000351 
0.432959 	0.044294 	0.009622 	0.027249 	0.001220 	0.432620 	 0.000333 
0.423821 	0.048593 	0.009155 	0.031432 	0.001341 	0.423375 	 0.000448 
0.417815 	0.050684 	0.010244 	0.032463 	0.001603 	0.417427 	 0.000390 
0.415247 	0.049485 	0.008886 	0.033158 	0.001434 	0.414823 	 0.000429 
0.424103 	0.050274 	0.009277 	0.033397 	0.001500 	0.423664 	 0.000448 
0.417294 	0.054487 	0.010436 	0.034891 	0.001759 	0.416834 	 0.000443 
0.415548 	0.048567 	0.009817 	0.030230 	0.001452 	0.415117 	 0.000426 
0.424523 	0.047064 	0.009378 	0.029682 	0.001410 	0.424123 	 0.000394 
0.413585 	0.050744 	0.010597 	0.032465 	0.001502 	0.413172 	 0.000412 
0.421010 	0.047407 	0.009016 	0.031221 	0.001339 	0.420597 	 0.000400 
0.426692 	0.049957 	0.009934 	0.032162 	0.001449 	0.426263 	 0.000423 
0.409852 	0.055300 	0.010913 	0.035528 	0.001820 	0.409425 	 0.000432 
0.416321 	0.051434 	0.010537 	0.031363 	0.001556 	0.415910 	 0.000421 
0.418358 	0.052315 	0.010957 	0.032779 	0.001590 	0.417959 	 0.000399 
0.400473 	0.054142 	0.011890 	0.033676 	0.001821 	0.400066 	 0.000401 
0.413297 	0.056605 	0.011988 	0.035900 	0.001842 	0.412876 	 0.000435 
0.407881 	0.058106 	0.013507 	0.035268 	0.001927 	0.407456 	 0.000421 
0.416458 	0.056628 	0.010881 	0.036953 	0.001722 	0.415985 	 0.000469 
0.406958 	0.053201 	0.011302 	0.032906 	0.001664 	0.406536 	 0.000420 
0.413872 	0.054007 	0.010811 	0.035484 	0.001614 	0.413432 	 0.000428 
0.413549 	0.055687 	0.011234 	0.034933 	0.001793 	0.413103 	 0.000445 
0.408401 	0.056932 	0.011374 	0.036701 	0.001803 	0.407975 	 0.000423 
0.400099 	0.057695 	0.012144 	0.035436 	0.001848 	0.399651 	 0.000430 
0.411972 	0.054924 	0.012342 	0.032290 	0.001675 	0.411518 	 0.000444 
0.411452 	0.060061 	0.011989 	0.038329 	0.001989 	0.410964 	 0.000475 
0.407837 	0.058635 	0.013752 	0.034218 	0.001890 	0.407399 	 0.000439 
0.409674 	0.058106 	0.012503 	0.036446 	0.001851 	0.409207 	 0.000443 
0.406404 	0.060673 	0.013510 	0.038484 	0.001999 	0.405926 	 0.000471 
0.413653 	0.053818 	0.011037 	0.034223 	0.001607 	0.413203 	 0.000439 
0.408039 	0.059381 	0.012491 	0.037302 	0.002129 	0.407564 	 0.000470 
0.408246 	0.060875 	0.013615 	0.036594 	0.001990 	0.407781 	 0.000439 
0.404754 	0.064564 	0.013914 	0.040327 	0.002237 	0.404264 	 0.000483 
0.407376 	0.054412 	0.011212 	0.033427 	0.001668 	0.406920 	 0.000460 
0.414638 	0.058536 	0.012084 	0.036567 	0.001928 	0.414135 	 0.000492 
0.401928 	0.054281 	0.011380 	0.032962 	0.001759 	0.401487 	 0.000449 
0.411664 	0.056843 	0.011831 	0.035913 	0.001862 	0.411209 	 0.000451 
0.407525 	0.055845 	0.012029 	0.034880 	0.001791 	0.407072 	 0.000458 
0.406142 	0.059591 	0.013512 	0.036195 	0.002062 	0.405710 	 0.000424 
0.401831 	0.055077 	0.012358 	0.035338 	0.001862 	0.401376 	 0.000467 
0.410401 	0.054778 	0.011643 	0.033743 	0.001645 	0.409927 	 0.000472 
0.405718 	0.056451 	0.011870 	0.035618 	0.001835 	0.405231 	 0.000492 
0.408292 	0.054794 	0.011702 	0.034999 	0.001621 	0.407821 	 0.000480 
0.413291 	0.058716 	0.013101 	0.035257 	0.001757 	0.412839 	 0.000450 
0.411949 	0.054974 	0.012457 	0.032485 	0.001606 	0.411489 	 0.000452 
0.412980 	0.053242 	0.011742 	0.032578 	0.001541 	0.412549 	 0.000432 
0.402033 	0.058839 	0.011449 	0.037306 	0.001879 	0.401522 	 0.000500 
0.409426 	0.059161 	0.011774 	0.038179 	0.001991 	0.408922 	 0.000512 
0.403697 	0.057037 	0.013519 	0.033517 	0.001897 	0.403264 	 0.000426 
0.408695 	0.055267 	0.011665 	0.035571 	0.001798 	0.408219 	 0.000477 
0.401449 	0.057417 	0.011857 	0.036050 	0.001804 	0.400955 	 0.000475 
0.408304 	0.059212 	0.013000 	0.035727 	0.001967 	0.407798 	 0.000498 
0.413386 	0.058937 	0.012176 	0.037528 	0.001876 	0.412911 	 0.000469 
0.413521 	0.053307 	0.010452 	0.032286 	0.001597 	0.413031 	 0.000495 
0.399636 	0.059052 	0.012183 	0.037147 	0.001961 	0.399162 	 0.000483 
0.413643 	0.058198 	0.012117 	0.035151 	0.001758 	0.413139 	 0.000493 
0.406632 	0.064478 	0.014818 	0.039396 	0.002167 	0.406128 	 0.000493 
0.406640 	0.060237 	0.013028 	0.037087 	0.002019 	0.406156 	 0.000477 
0.416475 	0.056642 	0.012840 	0.033551 	0.001782 	0.416035 	 0.000442 
0.405045 	0.061539 	0.013881 	0.038069 	0.002058 	0.404604 	 0.000432 
0.411491 	0.059637 	0.014011 	0.036466 	0.001974 	0.411084 	 0.000402 
0.416222 	0.061610 	0.012630 	0.038929 	0.002023 	0.415713 	 0.000511 
0.408209 	0.058148 	0.012705 	0.035442 	0.001871 	0.407731 	 0.000486 
0.393536 	0.061975 	0.013465 	0.038293 	0.002145 	0.393028 	 0.000532 
0.411300 	0.057602 	0.012442 	0.036216 	0.001837 	0.410840 	 0.000462 
0.394437 	0.061675 	0.013717 	0.036767 	0.002203 	0.393959 	 0.000493 
0.404671 	0.063750 	0.013624 	0.039026 	0.002285 	0.404158 	 0.000527 
0.390547 	0.063728 	0.014085 	0.038727 	0.002262 	0.390041 	 0.000513 
0.394006 	0.059314 	0.012622 	0.037184 	0.001990 	0.393517 	 0.000494 
0.393297 	0.061464 	0.012571 	0.037248 	0.002022 	0.392780 	 0.000514 
0.395475 	0.062116 	0.013460 	0.037561 	0.002122 	0.394971 	 0.000520 
0.392047 	0.064364 	0.013738 	0.038055 	0.002218 	0.391531 	 0.000529 
0.397738 	0.064263 	0.014728 	0.039179 	0.002281 	0.397278 	 0.000447 
0.393333 	0.064579 	0.013855 	0.038730 	0.002284 	0.392819 	 0.000520 
0.407247 	0.066366 	0.013827 	0.041846 	0.002346 	0.406712 	 0.000550 
0.393847 	0.063234 	0.014776 	0.036219 	0.002150 	0.393370 	 0.000485 
0.406469 	0.061670 	0.014869 	0.036216 	0.002185 	0.406001 	 0.000476 
0.404856 	0.059292 	0.012743 	0.036059 	0.001991 	0.404349 	 0.000511 
0.402357 	0.061759 	0.013364 	0.037317 	0.002119 	0.401860 	 0.000507 
0.396612 	0.066986 	0.014706 	0.040401 	0.002330 	0.396120 	 0.000510 
0.405987 	0.066025 	0.014498 	0.039935 	0.002252 	0.405483 	 0.000516 
0.407470 	0.061051 	0.012768 	0.037136 	0.002138 	0.406969 	 0.000509 
0.391497 	0.059239 	0.013370 	0.035681 	0.001931 	0.391029 	 0.000473 
0.392755 	0.063372 	0.013307 	0.037635 	0.002126 	0.392228 	 0.000539 
0.394733 	0.061631 	0.013671 	0.038223 	0.002211 	0.394263 	 0.000486 
0.398343 	0.066044 	0.013609 	0.041054 	0.002368 	0.397799 	 0.000557 
0.402008 	0.061749 	0.013889 	0.036444 	0.002091 	0.401533 	 0.000477 
0.401660 	0.060089 	0.013772 	0.036399 	0.002061 	0.401210 	 0.000453 
0.403862 	0.063886 	0.014466 	0.038467 	0.002161 	0.403372 	 0.000498 
0.398157 	0.067854 	0.014180 	0.042063 	0.002420 	0.397630 	 0.000537 
0.397088 	0.062670 	0.014236 	0.037267 	0.002176 	0.396618 	 0.000474 
0.395560 	0.068112 	0.014782 	0.040799 	0.002429 	0.395001 	 0.000564 
0.388956 	0.066437 	0.014381 	0.040209 	0.002320 	0.388439 	 0.000515 
0.399394 	0.065464 	0.015521 	0.038413 	0.002384 	0.398925 	 0.000472 
0.402062 	0.064868 	0.014656 	0.038852 	0.002306 	0.401535 	 0.000537 
0.403830 	0.069006 	0.015401 	0.042295 	0.002412 	0.403311 	 0.000524 
0.396121 	0.068631 	0.013931 	0.042484 	0.002455 	0.395553 	 0.000590 
0.388733 	0.065009 	0.013308 	0.039706 	0.002236 	0.388204 	 0.000523 
0.402239 	0.064372 	0.014170 	0.039171 	0.002238 	0.401737 	 0.000505 
0.393034 	0.066624 	0.014159 	0.041263 	0.002354 	0.392504 	 0.000544 
0.397212 	0.063254 	0.012930 	0.039151 	0.002200 	0.396696 	 0.000533 
0.401293 	0.065713 	0.014719 	0.038730 	0.002303 	0.400775 	 0.000532 
0.390705 	0.061337 	0.015330 	0.034854 	0.002081 	0.390234 	 0.000475 
0.405801 	0.061040 	0.013665 	0.036304 	0.002091 	0.405309 	 0.000488 
0.388794 	0.065318 	0.014935 	0.038585 	0.002369 	0.388285 	 0.000510 
0.388565 	0.062850 	0.014544 	0.038295 	0.002205 	0.388050 	 0.000520 
0.394615 	0.063260 	0.014419 	0.038068 	0.002298 	0.394122 	 0.000494 
0.401715 	0.061822 	0.013132 	0.038329 	0.002073 	0.401209 	 0.000504 
0.393302 	0.065656 	0.014136 	0.039631 	0.002372 	0.392783 	 0.000525 
0.390055 	0.066464 	0.016306 	0.038683 	0.002352 	0.389545 	 0.000513 
0.407383 	0.063259 	0.013135 	0.039098 	0.002248 	0.406856 	 0.000539 
0.396924 	0.065407 	0.014323 	0.039064 	0.002377 	0.396397 	 0.000536 
0.397085 	0.066997 	0.015347 	0.040672 	0.002410 	0.396573 	 0.000514 
0.394898 	0.063899 	0.013937 	0.038005 	0.002342 	0.394368 	 0.000556 
0.401558 	0.065732 	0.015560 	0.038314 	0.002297 	0.401074 	 0.000491 
0.387767 	0.069759 	0.016606 	0.041036 	0.002572 	0.387259 	 0.000504 
0.392812 	0.063280 	0.013837 	0.037936 	0.002269 	0.392281 	 0.000544 
0.386621 	0.067705 	0.013544 	0.043219 	0.002547 	0.386057 	 0.000584 
0.399371 	0.063885 	0.013385 	0.039518 	0.002201 	0.398857 	 0.000536 
0.387622 	0.068557 	0.016648 	0.039638 	0.002549 	0.387110 	 0.000522 
0.387231 	0.062475 	0.013410 	0.038307 	0.002178 	0.386722 	 0.000532 
0.390023 	0.063484 	0.014956 	0.036072 	0.002232 	0.389526 	 0.000503 
0.381687 	0.063167 	0.016251 	0.035178 	0.002164 	0.381232 	 0.000452 
0.452368 	0.007408 	-0.001067 	0.006150 	-0.000372 	0.452375 	 -0.000011 
0.469984 	0.005352 	-0.000476 	0.003111 	-0.000496 	0.469997 	 -0.000015 
0.459884 	0.020219 	0.003429 	0.011846 	0.000301 	0.459879 	 -0.000010 
0.462806 	0.016322 	0.001045 	0.011109 	0.000144 	0.462818 	 -0.000009 
0.478011 	0.011319 	-0.000656 	0.007848 	-0.000186 	0.477965 	 0.000027 
0.474403 	0.013606 	0.000428 	0.009725 	-0.000142 	0.474427 	 -0.000011 
0.473471 	0.018745 	0.000283 	0.014633 	0.000248 	0.473400 	 0.000077 
0.478727 	0.013133 	0.000128 	0.008923 	-0.000031 	0.478670 	 0.000040 
0.477889 	0.014253 	-0.000096 	0.011522 	-0.000008 	0.477859 	 0.000044 
0.472560 	0.017540 	0.000841 	0.012625 	0.000174 	0.472515 	 0.000050 
0.478574 	0.014965 	0.000631 	0.011171 	-0.000067 	0.478557 	 0.000016 
0.487815 	0.012592 	-0.000226 	0.009291 	-0.000149 	0.487788 	 0.000022 
0.472828 	0.018866 	0.000164 	0.014315 	0.000255 	0.472759 	 0.000067 
0.471408 	0.020793 	0.001257 	0.015231 	0.000199 	0.471328 	 0.000079 
0.478581 	0.021788 	0.002904 	0.014646 	0.000169 	0.478554 	 0.000025 
0.479330 	0.018797 	0.000782 	0.013111 	0.000143 	0.479230 	 0.000107 
0.470170 	0.020240 	0.001567 	0.015850 	0.000357 	0.470079 	 0.000091 
0.475061 	0.021392 	0.001628 	0.015052 	0.000446 	0.474973 	 0.000078 
0.471361 	0.017656 	0.001970 	0.011767 	0.000030 	0.471328 	 0.000039 
0.477799 	0.020109 	0.001458 	0.014066 	0.000246 	0.477703 	 0.000085 
0.466314 	0.020990 	0.000952 	0.017070 	0.000253 	0.466214 	 0.000097 
0.472690 	0.023278 	0.002273 	0.017215 	0.000394 	0.472599 	 0.000105 
0.477537 	0.013081 	0.000408 	0.009188 	-0.000235 	0.477509 	 0.000016 
0.475268 	0.025716 	0.003205 	0.017946 	0.000480 	0.475170 	 0.000092 
0.465446 	0.020845 	0.001051 	0.014660 	0.000067 	0.465327 	 0.000118 
0.466089 	0.024110 	0.002359 	0.018608 	0.000409 	0.465948 	 0.000147 
0.458580 	0.026785 	0.002795 	0.018492 	0.000482 	0.458471 	 0.000125 
0.459000 	0.029048 	0.002155 	0.021439 	0.000669 	0.458841 	 0.000164 
0.473026 	0.028530 	0.001987 	0.022017 	0.000458 	0.472868 	 0.000163 
0.464249 	0.024045 	0.000726 	0.019324 	0.000371 	0.464121 	 0.000122 
0.460217 	0.023890 	0.002728 	0.017277 	0.000140 	0.460084 	 0.000128 
0.469848 	0.023123 	0.000735 	0.019112 	0.000315 	0.469690 	 0.000153 
0.470636 	0.027178 	0.000397 	0.022399 	0.000414 	0.470428 	 0.000191 
0.465962 	0.028696 	0.003122 	0.021449 	0.000525 	0.465814 	 0.000168 
0.462390 	0.035320 	0.003253 	0.025891 	0.000831 	0.462159 	 0.000221 
0.460834 	0.029805 	0.003450 	0.021758 	0.000630 	0.460677 	 0.000153 
0.457059 	0.031469 	0.004798 	0.022591 	0.000722 	0.456910 	 0.000132 
0.469969 	0.029964 	0.003479 	0.021213 	0.000525 	0.469804 	 0.000163 
0.469978 	0.033068 	0.003033 	0.024281 	0.000773 	0.469792 	 0.000170 
0.460998 	0.032930 	0.004146 	0.023505 	0.000738 	0.460837 	 0.000166 
0.467955 	0.030203 	0.003175 	0.022636 	0.000626 	0.467770 	 0.000200 
0.463984 	0.029674 	0.003568 	0.021380 	0.000542 	0.463832 	 0.000150 
0.468744 	0.034504 	0.003340 	0.025580 	0.000814 	0.468537 	 0.000208 
0.463353 	0.035655 	0.004497 	0.027159 	0.000821 	0.463164 	 0.000183 
0.454328 	0.037050 	0.005325 	0.027143 	0.001037 	0.454082 	 0.000252 
0.433514 	0.033770 	0.003591 	0.024724 	0.000795 	0.433340 	 0.000177 
0.432026 	0.036152 	0.004645 	0.025552 	0.001047 	0.431863 	 0.000169 
0.429584 	0.037407 	0.005859 	0.025673 	0.000972 	0.429427 	 0.000166 
0.431773 	0.041561 	0.005372 	0.029878 	0.001244 	0.431582 	 0.000181 
0.438847 	0.034719 	0.005175 	0.023542 	0.000873 	0.438705 	 0.000137 
0.422918 	0.036620 	0.005406 	0.026338 	0.001045 	0.422777 	 0.000153 
0.426045 	0.040845 	0.005745 	0.028781 	0.001109 	0.425844 	 0.000203 
0.436107 	0.035834 	0.005506 	0.024791 	0.000855 	0.435982 	 0.000131 
0.416836 	0.040830 	0.006084 	0.028058 	0.001202 	0.416649 	 0.000187 
0.437953 	0.037786 	0.005807 	0.026511 	0.000994 	0.437765 	 0.000189 
0.421111 	0.039986 	0.006146 	0.027779 	0.001153 	0.420952 	 0.000152 
0.428090 	0.044227 	0.007000 	0.029823 	0.001387 	0.427899 	 0.000187 
0.423124 	0.038725 	0.007099 	0.024135 	0.001123 	0.422968 	 0.000171 
0.432349 	0.038982 	0.005752 	0.026826 	0.001043 	0.432198 	 0.000153 
0.427179 	0.039109 	0.005773 	0.028846 	0.001081 	0.426981 	 0.000209 
0.429192 	0.045645 	0.007643 	0.030866 	0.001414 	0.429026 	 0.000161 
0.421994 	0.042182 	0.006906 	0.028697 	0.001236 	0.421828 	 0.000148 
0.422737 	0.042464 	0.005718 	0.029166 	0.001307 	0.422533 	 0.000216 
0.422197 	0.041888 	0.007072 	0.027201 	0.001272 	0.422024 	 0.000169 
0.422377 	0.044071 	0.008312 	0.028047 	0.001402 	0.422197 	 0.000179 
0.420222 	0.042419 	0.006534 	0.028589 	0.001448 	0.420052 	 0.000170 
0.421586 	0.041662 	0.007130 	0.027737 	0.001330 	0.421430 	 0.000167 
0.423840 	0.041291 	0.005845 	0.028374 	0.001149 	0.423624 	 0.000219 
0.428698 	0.044938 	0.006392 	0.031422 	0.001328 	0.428445 	 0.000270 
0.420010 	0.043431 	0.007343 	0.029568 	0.001275 	0.419823 	 0.000188 
0.421905 	0.046342 	0.008163 	0.030171 	0.001467 	0.421730 	 0.000175 
0.421044 	0.045500 	0.007045 	0.031198 	0.001394 	0.420848 	 0.000197 
0.424494 	0.045387 	0.007423 	0.030406 	0.001405 	0.424304 	 0.000176 
0.421023 	0.046165 	0.009205 	0.029408 	0.001462 	0.420854 	 0.000168 
0.420454 	0.040827 	0.006781 	0.027760 	0.001109 	0.420267 	 0.000183 
0.422537 	0.048829 	0.006964 	0.033979 	0.001546 	0.422291 	 0.000240 
0.410472 	0.049175 	0.009955 	0.031984 	0.001747 	0.410310 	 0.000173 
0.424687 	0.041586 	0.008094 	0.026548 	0.001176 	0.424556 	 0.000132 
0.414179 	0.048384 	0.008921 	0.031534 	0.001553 	0.413979 	 0.000201 
0.420983 	0.045903 	0.007958 	0.030947 	0.001384 	0.420795 	 0.000180 
0.415130 	0.047375 	0.009121 	0.031721 	0.001592 	0.414939 	 0.000192 
0.419058 	0.045404 	0.008558 	0.029706 	0.001483 	0.418892 	 0.000169 
0.415328 	0.046332 	0.008156 	0.030737 	0.001525 	0.415140 	 0.000197 
0.424519 	0.045509 	0.006749 	0.031828 	0.001367 	0.424306 	 0.000210 
0.417923 	0.051257 	0.008757 	0.034216 	0.001805 	0.417704 	 0.000219 
0.418014 	0.045308 	0.008031 	0.029462 	0.001526 	0.417845 	 0.000166 
0.413747 	0.045032 	0.008031 	0.029098 	0.001269 	0.413544 	 0.000205 
0.425705 	0.050251 	0.009012 	0.033235 	0.001558 	0.425510 	 0.000199 
0.414463 	0.047560 	0.008131 	0.031291 	0.001540 	0.414236 	 0.000231 
0.414439 	0.049219 	0.007839 	0.034161 	0.001536 	0.414188 	 0.000239 
0.416517 	0.046000 	0.008542 	0.030377 	0.001462 	0.416353 	 0.000156 
0.416913 	0.046342 	0.008215 	0.031074 	0.001474 	0.416713 	 0.000186 
0.422681 	0.050936 	0.009773 	0.032092 	0.001699 	0.422495 	 0.000187 
0.414386 	0.050725 	0.010300 	0.032667 	0.001710 	0.414216 	 0.000161 
0.418956 	0.059824 	0.010225 	0.039456 	0.002157 	0.418696 	 0.000266 
0.418328 	0.052017 	0.009243 	0.034555 	0.001692 	0.418093 	 0.000236 
0.401316 	0.054221 	0.010002 	0.035082 	0.001783 	0.401077 	 0.000237 
0.424030 	0.054520 	0.010187 	0.036180 	0.001853 	0.423818 	 0.000210 
0.422000 	0.056043 	0.009142 	0.038481 	0.001911 	0.421756 	 0.000245 
0.420039 	0.057345 	0.011251 	0.036379 	0.001825 	0.419802 	 0.000232 
0.420354 	0.054103 	0.009871 	0.034788 	0.001817 	0.420103 	 0.000259 
0.414423 	0.055388 	0.009672 	0.037039 	0.001856 	0.414172 	 0.000251 
0.411328 	0.056097 	0.009530 	0.037611 	0.002007 	0.411064 	 0.000262 
0.413107 	0.054110 	0.010224 	0.035203 	0.001781 	0.412881 	 0.000221 
0.421341 	0.052303 	0.009891 	0.034037 	0.001760 	0.421118 	 0.000224 
0.416998 	0.050483 	0.009614 	0.033665 	0.001670 	0.416780 	 0.000219 
0.404755 	0.055880 	0.009527 	0.037621 	0.001925 	0.404508 	 0.000250 
0.409917 	0.054850 	0.010562 	0.035344 	0.001933 	0.409695 	 0.000222 
0.412893 	0.054068 	0.010530 	0.035352 	0.001921 	0.412692 	 0.000205 
0.413603 	0.057529 	0.010104 	0.038134 	0.002142 	0.413328 	 0.000270 
0.418447 	0.058889 	0.009930 	0.039432 	0.002049 	0.418189 	 0.000260 
0.417934 	0.052570 	0.009562 	0.034916 	0.001806 	0.417746 	 0.000179 
0.416800 	0.057077 	0.010029 	0.038952 	0.002006 	0.416524 	 0.000274 
0.407490 	0.057032 	0.010517 	0.036776 	0.001949 	0.407264 	 0.000218 
0.406186 	0.053537 	0.010926 	0.033675 	0.001818 	0.405996 	 0.000184 
0.411235 	0.059087 	0.010404 	0.039352 	0.002083 	0.410958 	 0.000269 
0.400790 	0.059065 	0.011200 	0.039284 	0.002106 	0.400537 	 0.000246 
0.406351 	0.058910 	0.011819 	0.037619 	0.002174 	0.406127 	 0.000231 
0.412216 	0.061313 	0.010970 	0.040070 	0.002209 	0.411919 	 0.000293 
0.405018 	0.060306 	0.011570 	0.038398 	0.002083 	0.404760 	 0.000253 
0.413996 	0.055174 	0.010475 	0.035285 	0.001913 	0.413774 	 0.000215 
0.410720 	0.056357 	0.009967 	0.036318 	0.001900 	0.410466 	 0.000253 
0.404628 	0.058230 	0.011698 	0.037241 	0.001989 	0.404377 	 0.000267 
0.403829 	0.054950 	0.010423 	0.035744 	0.001877 	0.403605 	 0.000227 
0.396563 	0.054388 	0.010912 	0.035257 	0.001948 	0.396369 	 0.000182 
0.393079 	0.060074 	0.011132 	0.040112 	0.002303 	0.392833 	 0.000247 
0.404347 	0.057543 	0.011318 	0.037289 	0.002148 	0.404091 	 0.000257 
0.402691 	0.057048 	0.009832 	0.038140 	0.002156 	0.402415 	 0.000287 
0.404206 	0.060098 	0.010516 	0.039662 	0.002198 	0.403944 	 0.000260 
0.395997 	0.058350 	0.011496 	0.037631 	0.002217 	0.395768 	 0.000220 
0.410912 	0.060605 	0.012320 	0.038169 	0.002215 	0.410687 	 0.000221 
0.401630 	0.059812 	0.010888 	0.039164 	0.002240 	0.401370 	 0.000262 
0.396278 	0.059159 	0.011418 	0.038732 	0.002070 	0.396003 	 0.000276 
0.413308 	0.056277 	0.010496 	0.036202 	0.001905 	0.413088 	 0.000218 
0.392138 	0.062202 	0.011956 	0.040468 	0.002422 	0.391873 	 0.000269 
0.397200 	0.062890 	0.011457 	0.040793 	0.002402 	0.396913 	 0.000290 
0.399383 	0.061441 	0.012216 	0.039775 	0.002335 	0.399140 	 0.000240 
0.403309 	0.061109 	0.012460 	0.038537 	0.002242 	0.403068 	 0.000233 
0.402382 	0.058980 	0.010928 	0.038642 	0.002106 	0.402130 	 0.000253 
0.394008 	0.068127 	0.013801 	0.041948 	0.002702 	0.393765 	 0.000252 
0.406558 	0.057932 	0.011393 	0.037238 	0.002055 	0.406319 	 0.000247 
0.399572 	0.062376 	0.011806 	0.040801 	0.002317 	0.399283 	 0.000287 
0.396879 	0.061863 	0.012410 	0.040121 	0.002227 	0.396629 	 0.000246 
0.404036 	0.061438 	0.012213 	0.039635 	0.002204 	0.403760 	 0.000274 
0.402698 	0.061678 	0.011976 	0.039252 	0.002334 	0.402427 	 0.000264 
0.412338 	0.058481 	0.011340 	0.037289 	0.002055 	0.412092 	 0.000238 
0.397493 	0.059739 	0.010860 	0.038654 	0.002122 	0.397203 	 0.000294 
0.395088 	0.061043 	0.010857 	0.039706 	0.002287 	0.394816 	 0.000282 
0.396070 	0.058609 	0.012339 	0.036865 	0.002159 	0.395799 	 0.000282 
0.407327 	0.060783 	0.011595 	0.039438 	0.002190 	0.407085 	 0.000246 
0.387475 	0.063014 	0.011259 	0.040554 	0.002400 	0.387231 	 0.000254 
0.391360 	0.060619 	0.012033 	0.038937 	0.002391 	0.391130 	 0.000240 
0.391142 	0.068068 	0.012155 	0.045237 	0.002635 	0.390856 	 0.000279 
0.394156 	0.064366 	0.012968 	0.041087 	0.002414 	0.393927 	 0.000226 
0.395511 	0.065905 	0.012319 	0.041693 	0.002574 	0.395251 	 0.000258 
0.388143 	0.064214 	0.013041 	0.040049 	0.002455 	0.387893 	 0.000249 
0.393055 	0.066532 	0.012455 	0.043689 	0.002606 	0.392756 	 0.000296 
0.392991 	0.063585 	0.012689 	0.040392 	0.002495 	0.392740 	 0.000247 
0.387509 	0.063113 	0.012895 	0.040156 	0.002519 	0.387225 	 0.000291 
0.392868 	0.064486 	0.013221 	0.040868 	0.002432 	0.392624 	 0.000259 
0.400209 	0.063274 	0.013534 	0.038825 	0.002333 	0.399969 	 0.000241 
0.395422 	0.067881 	0.013125 	0.043268 	0.002689 	0.395149 	 0.000271 
0.390353 	0.067224 	0.013007 	0.043904 	0.002712 	0.390053 	 0.000298 
0.394986 	0.063789 	0.011903 	0.041321 	0.002453 	0.394717 	 0.000268 
0.389745 	0.067443 	0.012106 	0.044967 	0.002653 	0.389475 	 0.000289 
0.399885 	0.065419 	0.012726 	0.041610 	0.002485 	0.399618 	 0.000274 
0.389170 	0.071981 	0.013286 	0.046713 	0.002891 	0.388851 	 0.000310 
0.385782 	0.070822 	0.014795 	0.044156 	0.002827 	0.385497 	 0.000275 
0.385748 	0.070175 	0.013681 	0.045037 	0.002881 	0.385463 	 0.000285 
0.397693 	0.062382 	0.011709 	0.040279 	0.002303 	0.397400 	 0.000287 
0.393261 	0.065271 	0.012588 	0.043351 	0.002467 	0.393006 	 0.000257 
0.387770 	0.064707 	0.012695 	0.041807 	0.002536 	0.387490 	 0.000270 
0.389920 	0.062968 	0.012577 	0.039380 	0.002427 	0.389654 	 0.000254 
0.392001 	0.064307 	0.014084 	0.038273 	0.002522 	0.391772 	 0.000225 
0.395084 	0.070427 	0.013124 	0.047237 	0.002853 	0.394754 	 0.000320 
0.398787 	0.060121 	0.010765 	0.040367 	0.002234 	0.398507 	 0.000284 
0.387020 	0.064915 	0.013177 	0.041232 	0.002478 	0.386750 	 0.000262 
0.394907 	0.064991 	0.011410 	0.043278 	0.002479 	0.394623 	 0.000283 
0.394996 	0.068480 	0.013158 	0.044011 	0.002669 	0.394702 	 0.000292 
0.392732 	0.066417 	0.013046 	0.042541 	0.002494 	0.392479 	 0.000253 
0.389823 	0.067661 	0.013510 	0.042603 	0.002550 	0.389561 	 0.000268 
0.386816 	0.066424 	0.013053 	0.044449 	0.002653 	0.386496 	 0.000319 
0.400426 	0.064276 	0.012604 	0.040930 	0.002517 	0.400171 	 0.000255 
0.388014 	0.069080 	0.014026 	0.044509 	0.002727 	0.387755 	 0.000256 
0.396216 	0.066943 	0.012276 	0.044381 	0.002588 	0.395913 	 0.000290 
0.391335 	0.063026 	0.011879 	0.040597 	0.002454 	0.391073 	 0.000255 
0.380236 	0.068857 	0.013888 	0.043653 	0.002759 	0.379969 	 0.000272 
0.386457 	0.063000 	0.011950 	0.040571 	0.002418 	0.386180 	 0.000288 
0.380295 	0.069705 	0.014067 	0.043996 	0.002780 	0.380012 	 0.000290 
0.387644 	0.068214 	0.013290 	0.043718 	0.002651 	0.387368 	 0.000279 
0.382330 	0.067585 	0.013094 	0.044671 	0.002688 	0.382057 	 0.000276 
0.383131 	0.067487 	0.014170 	0.042717 	0.002710 	0.382871 	 0.000272 
0.378457 	0.068914 	0.012065 	0.043816 	0.002663 	0.378171 	 0.000301 
0.389956 	0.069266 	0.013952 	0.044795 	0.002652 	0.389700 	 0.000248 
0.381282 	0.068808 	0.013373 	0.044120 	0.002652 	0.381002 	 0.000297 
0.386324 	0.070692 	0.013601 	0.045461 	0.002904 	0.386011 	 0.000306 
0.390572 	0.069279 	0.012932 	0.044938 	0.002682 	0.390268 	 0.000304 
0.394969 	0.068676 	0.012866 	0.044294 	0.002657 	0.394697 	 0.000275 
0.387664 	0.073457 	0.014748 	0.047743 	0.002979 	0.387383 	 0.000293 
0.399700 	0.070012 	0.013413 	0.044927 	0.002700 	0.399374 	 0.000322 
0.379534 	0.072134 	0.014780 	0.045238 	0.002843 	0.379242 	 0.000281 
0.380388 	0.070434 	0.014550 	0.044272 	0.002927 	0.380115 	 0.000274 
0.387831 	0.074789 	0.013952 	0.049515 	0.002930 	0.387527 	 0.000308 
0.388466 	0.071685 	0.014350 	0.045501 	0.002783 	0.388207 	 0.000266 
0.375744 	0.074945 	0.015316 	0.047996 	0.003048 	0.375430 	 0.000305 
0.381542 	0.068551 	0.013738 	0.044340 	0.002780 	0.381243 	 0.000283 
0.379681 	0.075381 	0.016192 	0.047230 	0.003098 	0.379410 	 0.000269 
0.380244 	0.074483 	0.014701 	0.046828 	0.002980 	0.379937 	 0.000312 
0.382200 	0.073173 	0.014404 	0.046855 	0.002957 	0.381925 	 0.000260 
0.380940 	0.071422 	0.013619 	0.046347 	0.002753 	0.380638 	 0.000291 
0.386846 	0.072093 	0.014754 	0.044850 	0.002893 	0.386553 	 0.000286 
0.312499 	0.013404 	0.001425 	0.009609 	-0.000006 	0.312489 	 0.000024 
0.317446 	0.007955 	0.001281 	0.004415 	-0.000369 	0.317478 	 -0.000022 
0.320277 	0.008899 	0.001672 	0.005079 	-0.000257 	0.320326 	 -0.000049 
0.320544 	0.013982 	0.001905 	0.009189 	-0.000008 	0.320559 	 -0.000015 
0.309309 	0.013596 	0.003334 	0.006962 	0.000161 	0.309324 	 -0.000015 
0.312247 	0.009406 	0.002179 	0.004328 	-0.000328 	0.312260 	 0.000007 
0.318722 	0.012465 	0.000931 	0.007820 	-0.000056 	0.318692 	 0.000033 
0.327989 	0.010856 	0.003345 	0.005099 	-0.000076 	0.328045 	 -0.000067 
0.298467 	0.018298 	0.004432 	0.010021 	0.000187 	0.298512 	 -0.000025 
0.302482 	0.019330 	0.004068 	0.010634 	0.000280 	0.302529 	 -0.000043 
0.301021 	0.015962 	0.002999 	0.010053 	0.000156 	0.301065 	 -0.000028 
0.302315 	0.015084 	0.004182 	0.009445 	0.000256 	0.302401 	 -0.000082 
0.300378 	0.017628 	0.002937 	0.011751 	0.000136 	0.300396 	 -0.000010 
0.296280 	0.017955 	0.002568 	0.011866 	0.000279 	0.296314 	 -0.000053 
0.307935 	0.013356 	0.002430 	0.008916 	-0.000133 	0.307972 	 -0.000043 
0.294982 	0.016518 	0.003671 	0.010563 	0.000169 	0.295034 	 -0.000029 
0.306833 	0.017130 	0.004309 	0.010807 	0.000302 	0.306899 	 -0.000059 
0.312843 	0.012983 	0.003317 	0.007544 	0.000035 	0.312967 	 -0.000117 
0.302849 	0.012939 	0.003087 	0.007845 	-0.000026 	0.302924 	 -0.000062 
0.319755 	0.014504 	0.003964 	0.007740 	0.000080 	0.319825 	 -0.000053 
0.309608 	0.014451 	0.004541 	0.007035 	0.000004 	0.309748 	 -0.000140 
0.312741 	0.007018 	0.001922 	0.004327 	-0.000425 	0.312872 	 -0.000123 
0.312403 	0.011960 	0.003153 	0.007547 	-0.000152 	0.312493 	 -0.000085 
0.307983 	0.016687 	0.004418 	0.010511 	0.000322 	0.308055 	 -0.000068 
0.294497 	0.023801 	0.005144 	0.013908 	0.000425 	0.294514 	 -0.000006 
0.301344 	0.024728 	0.004439 	0.016023 	0.000508 	0.301353 	 -0.000005 
0.300411 	0.019388 	0.003996 	0.012431 	0.000202 	0.300415 	 0.000019 
0.302913 	0.019491 	0.004398 	0.012454 	0.000181 	0.302960 	 -0.000022 
0.310251 	0.014506 	0.003711 	0.007562 	-0.000100 	0.310313 	 -0.000054 
0.288899 	0.021290 	0.004929 	0.012244 	0.000296 	0.288938 	 -0.000023 
0.292422 	0.017799 	0.004413 	0.009320 	0.000114 	0.292443 	 -0.000002 
0.288696 	0.025619 	0.004517 	0.016347 	0.000544 	0.288659 	 0.000046 
0.294800 	0.022552 	0.005126 	0.013672 	0.000401 	0.294821 	 -0.000016 
0.299239 	0.023606 	0.004892 	0.014011 	0.000462 	0.299226 	 0.000026 
0.278558 	0.030802 	0.006907 	0.018973 	0.000680 	0.278501 	 0.000065 
0.273004 	0.029997 	0.005966 	0.018282 	0.000607 	0.272979 	 0.000030 
0.274352 	0.025798 	0.006206 	0.016182 	0.000482 	0.274347 	 0.000016 
0.283297 	0.028220 	0.006525 	0.016852 	0.000524 	0.283274 	 0.000038 
0.273892 	0.030058 	0.006359 	0.017476 	0.000610 	0.273886 	 0.000015 
0.277752 	0.029792 	0.007270 	0.017896 	0.000631 	0.277773 	 -0.000021 
0.271513 	0.035972 	0.006679 	0.023105 	0.000913 	0.271450 	 0.000080 
0.277278 	0.030159 	0.006967 	0.018514 	0.000581 	0.277287 	 -0.000006 
0.274914 	0.031375 	0.006040 	0.019501 	0.000704 	0.274872 	 0.000035 
0.277654 	0.031425 	0.006392 	0.020015 	0.000695 	0.277617 	 0.000050 
0.277203 	0.033069 	0.007816 	0.019875 	0.000819 	0.277179 	 0.000048 
0.277901 	0.034002 	0.007827 	0.020544 	0.000928 	0.277915 	 -0.000011 
0.277506 	0.034697 	0.008775 	0.018955 	0.000872 	0.277501 	 -0.000004 
0.278260 	0.030279 	0.007424 	0.017339 	0.000638 	0.278264 	 -0.000003 
0.277086 	0.032037 	0.006502 	0.020576 	0.000798 	0.277062 	 0.000037 
0.276109 	0.033542 	0.008165 	0.020282 	0.000864 	0.276121 	 -0.000009 
0.278025 	0.027704 	0.007485 	0.015489 	0.000541 	0.278064 	 -0.000025 
0.273169 	0.033882 	0.007586 	0.020793 	0.000909 	0.273152 	 0.000022 
0.272410 	0.034185 	0.008377 	0.019445 	0.000848 	0.272406 	 -0.000003 
0.274438 	0.033751 	0.007693 	0.020387 	0.000945 	0.274461 	 -0.000018 
0.275620 	0.027999 	0.006361 	0.016767 	0.000469 	0.275650 	 -0.000021 
0.275193 	0.036025 	0.008611 	0.020603 	0.000871 	0.275172 	 0.000026 
0.279303 	0.032203 	0.008517 	0.018496 	0.000778 	0.279318 	 -0.000007 
0.275121 	0.034619 	0.008241 	0.020508 	0.000945 	0.275125 	 0.000010 
0.273396 	0.038487 	0.008933 	0.024006 	0.001151 	0.273391 	 0.000011 
0.273896 	0.036287 	0.009094 	0.020749 	0.001041 	0.273897 	 0.000013 
0.273088 	0.029635 	0.006976 	0.017486 	0.000573 	0.273091 	 0.000005 
0.283203 	0.032730 	0.007763 	0.019925 	0.000758 	0.283174 	 0.000036 
0.270336 	0.037998 	0.008930 	0.023357 	0.001097 	0.270317 	 0.000041 
0.267620 	0.033915 	0.006953 	0.021875 	0.000878 	0.267596 	 0.000037 
0.266944 	0.036221 	0.008908 	0.022443 	0.000929 	0.266917 	 0.000031 
0.270429 	0.037495 	0.009929 	0.021387 	0.001024 	0.270431 	 -0.000015 
0.276705 	0.030792 	0.007599 	0.017724 	0.000601 	0.276703 	 0.000004 
0.269302 	0.034514 	0.008007 	0.021636 	0.000790 	0.269278 	 0.000037 
0.265889 	0.035508 	0.008301 	0.021185 	0.000957 	0.265875 	 0.000030 
0.275590 	0.030483 	0.007960 	0.017242 	0.000657 	0.275608 	 -0.000008 
0.267905 	0.036922 	0.009891 	0.021153 	0.001018 	0.267895 	 0.000016 
0.263030 	0.036533 	0.009217 	0.021830 	0.000989 	0.263019 	 0.000003 
0.262010 	0.037056 	0.008678 	0.022942 	0.000961 	0.261978 	 0.000034 
0.269121 	0.041326 	0.010239 	0.024998 	0.001177 	0.269116 	 0.000017 
0.256875 	0.039559 	0.010896 	0.021225 	0.001063 	0.256882 	 0.000004 
0.264064 	0.041158 	0.010240 	0.024591 	0.001298 	0.264045 	 0.000030 
0.256547 	0.039269 	0.009554 	0.025302 	0.001141 	0.256546 	 -0.000001 
0.264847 	0.037681 	0.008900 	0.023748 	0.001009 	0.264793 	 0.000063 
0.268153 	0.033460 	0.008244 	0.019986 	0.000773 	0.268146 	 0.000004 
0.273150 	0.037579 	0.009681 	0.021194 	0.001045 	0.273145 	 0.000007 
0.260768 	0.037227 	0.009256 	0.022719 	0.000926 	0.260738 	 0.000030 
0.265487 	0.038337 	0.010216 	0.021810 	0.001088 	0.265488 	 0.000001 
0.259719 	0.040692 	0.009968 	0.025174 	0.001138 	0.259655 	 0.000072 
0.271110 	0.039426 	0.009421 	0.024085 	0.001076 	0.271088 	 0.000020 
0.264889 	0.035166 	0.008252 	0.021262 	0.000897 	0.264877 	 0.000033 
0.264721 	0.038955 	0.010302 	0.022655 	0.001097 	0.264702 	 0.000025 
0.261556 	0.039057 	0.010514 	0.021825 	0.000977 	0.261571 	 -0.000012 
0.260930 	0.036574 	0.009260 	0.021335 	0.000907 	0.260929 	 0.000005 
0.270057 	0.038537 	0.010092 	0.022924 	0.000871 	0.270068 	 -0.000018 
0.261154 	0.040007 	0.010023 	0.022084 	0.001149 	0.261161 	 -0.000016 
0.258494 	0.045753 	0.012000 	0.026644 	0.001437 	0.258443 	 0.000039 
0.265002 	0.042399 	0.011295 	0.024310 	0.001253 	0.264975 	 0.000028 
0.256917 	0.042963 	0.010704 	0.024867 	0.001279 	0.256885 	 0.000058 
0.266215 	0.042725 	0.010536 	0.025592 	0.001364 	0.266209 	 0.000009 
0.259096 	0.037764 	0.010365 	0.022067 	0.001032 	0.259142 	 -0.000039 
0.255407 	0.044121 	0.011578 	0.024450 	0.001381 	0.255379 	 0.000035 
0.257343 	0.037372 	0.010254 	0.021487 	0.001072 	0.257398 	 -0.000051 
0.263023 	0.040118 	0.010549 	0.022857 	0.001132 	0.263041 	 -0.000015 
0.261682 	0.037363 	0.009894 	0.021783 	0.000991 	0.261656 	 0.000038 
0.257860 	0.042906 	0.010390 	0.026548 	0.001230 	0.257820 	 0.000051 
0.259060 	0.039207 	0.011088 	0.021335 	0.001107 	0.259104 	 -0.000051 
0.261202 	0.044929 	0.013219 	0.024688 	0.001398 	0.261221 	 -0.000036 
0.258813 	0.042632 	0.011369 	0.025144 	0.001190 	0.258834 	 -0.000015 
0.252992 	0.043131 	0.011762 	0.022458 	0.001334 	0.252992 	 -0.000003 
0.255636 	0.044234 	0.011314 	0.025957 	0.001400 	0.255630 	 0.000004 
0.258107 	0.042400 	0.010656 	0.025159 	0.001171 	0.258137 	 -0.000024 
0.256681 	0.041320 	0.011956 	0.023449 	0.001216 	0.256685 	 0.000002 
0.261447 	0.039382 	0.010371 	0.022749 	0.001057 	0.261433 	 0.000004 
0.255124 	0.045128 	0.011508 	0.026219 	0.001343 	0.255084 	 0.000036 
0.262892 	0.045749 	0.012606 	0.025852 	0.001315 	0.262912 	 -0.000021 
0.256890 	0.043707 	0.011097 	0.025920 	0.001144 	0.256869 	 0.000034 
0.253933 	0.045651 	0.012475 	0.025125 	0.001357 	0.253957 	 -0.000025 
0.249783 	0.046275 	0.011571 	0.027865 	0.001352 	0.249729 	 0.000053 
0.247305 	0.043709 	0.012187 	0.024353 	0.001348 	0.247309 	 -0.000017 
0.253857 	0.048327 	0.012213 	0.029088 	0.001459 	0.253776 	 0.000078 
0.255589 	0.045256 	0.011672 	0.025937 	0.001322 	0.255569 	 0.000006 
0.256816 	0.044207 	0.011517 	0.025095 	0.001368 	0.256789 	 0.000016 
0.250614 	0.045453 	0.012502 	0.025428 	0.001408 	0.250627 	 -0.000013 
0.253269 	0.045500 	0.012448 	0.025726 	0.001317 	0.253257 	 0.000004 
0.256690 	0.042830 	0.011779 	0.024421 	0.001161 	0.256694 	 -0.000006 
0.248709 	0.044658 	0.011840 	0.025667 	0.001450 	0.248714 	 0.000004 
0.252093 	0.044640 	0.012724 	0.025559 	0.001331 	0.252091 	 -0.000019 
0.252298 	0.048934 	0.013023 	0.028278 	0.001612 	0.252251 	 0.000040 
0.257567 	0.046827 	0.011698 	0.028029 	0.001452 	0.257527 	 0.000044 
0.253982 	0.044534 	0.012671 	0.024268 	0.001326 	0.253982 	 -0.000005 
0.253635 	0.049311 	0.013290 	0.027768 	0.001494 	0.253606 	 0.000038 
0.248342 	0.047216 	0.012594 	0.027930 	0.001515 	0.248346 	 -0.000006 
0.257808 	0.046765 	0.012570 	0.026554 	0.001437 	0.257809 	 0.000005 
0.248092 	0.047493 	0.012658 	0.027062 	0.001338 	0.248095 	 0.000011 
0.252271 	0.053751 	0.014171 	0.031271 	0.001803 	0.252201 	 0.000064 
0.244878 	0.048521 	0.013502 	0.028705 	0.001504 	0.244861 	 0.000016 
0.248727 	0.046574 	0.013133 	0.025988 	0.001471 	0.248737 	 -0.000008 
0.248745 	0.045113 	0.010881 	0.027199 	0.001236 	0.248722 	 0.000029 
0.248386 	0.048904 	0.013656 	0.027410 	0.001552 	0.248372 	 0.000016 
0.255023 	0.050375 	0.011960 	0.030811 	0.001562 	0.254973 	 0.000053 
0.248435 	0.047579 	0.014100 	0.026150 	0.001478 	0.248477 	 -0.000038 
0.260196 	0.046759 	0.011780 	0.027304 	0.001428 	0.260155 	 0.000054 
0.250357 	0.047057 	0.012390 	0.027972 	0.001399 	0.250303 	 0.000059 
0.260517 	0.045524 	0.012588 	0.025514 	0.001358 	0.260490 	 0.000034 
0.250305 	0.045564 	0.013474 	0.025361 	0.001262 	0.250339 	 -0.000029 
0.258026 	0.047621 	0.012870 	0.027075 	0.001386 	0.258023 	 0.000002 
0.257113 	0.049891 	0.012925 	0.029771 	0.001598 	0.257081 	 0.000038 
0.244622 	0.050653 	0.013784 	0.028087 	0.001553 	0.244604 	 0.000009 
0.248600 	0.047809 	0.014620 	0.025763 	0.001486 	0.248641 	 -0.000033 
0.250961 	0.047595 	0.014036 	0.025484 	0.001431 	0.250963 	 -0.000014 
0.243684 	0.048486 	0.012468 	0.028243 	0.001533 	0.243654 	 0.000021 
0.246976 	0.046559 	0.013863 	0.023652 	0.001406 	0.246998 	 -0.000020 
0.246533 	0.046528 	0.012907 	0.026231 	0.001260 	0.246501 	 0.000029 
0.248202 	0.052586 	0.013627 	0.031239 	0.001672 	0.248178 	 0.000031 
0.250668 	0.051375 	0.014504 	0.028561 	0.001568 	0.250652 	 0.000011 
0.243849 	0.051991 	0.014977 	0.028607 	0.001694 	0.243818 	 0.000013 
0.249125 	0.054899 	0.014956 	0.031320 	0.001702 	0.249079 	 0.000039 
0.248531 	0.049065 	0.013007 	0.028339 	0.001428 	0.248484 	 0.000048 
0.245437 	0.052573 	0.014632 	0.029856 	0.001690 	0.245417 	 0.000027 
0.238971 	0.051357 	0.013895 	0.029871 	0.001638 	0.238952 	 0.000016 
0.250503 	0.050330 	0.014202 	0.027698 	0.001481 	0.250477 	 0.000023 
0.242824 	0.051845 	0.014119 	0.029920 	0.001609 	0.242789 	 0.000047 
0.240290 	0.045832 	0.013931 	0.024594 	0.001339 	0.240281 	 0.000015 
0.245980 	0.053739 	0.014780 	0.030746 	0.001654 	0.245957 	 0.000017 
0.236869 	0.050561 	0.013568 	0.029004 	0.001616 	0.236835 	 0.000034 
0.234698 	0.047869 	0.013062 	0.028104 	0.001426 	0.234660 	 0.000047 
0.236508 	0.054299 	0.014709 	0.030228 	0.001779 	0.236457 	 0.000070 
0.245787 	0.051502 	0.014866 	0.028002 	0.001645 	0.245787 	 -0.000011 
0.244075 	0.050592 	0.014400 	0.027977 	0.001523 	0.244072 	 0.000004 
0.237045 	0.051415 	0.013866 	0.030463 	0.001730 	0.237067 	 -0.000017 
0.247234 	0.055673 	0.015408 	0.031575 	0.001792 	0.247223 	 0.000011 
0.250248 	0.048434 	0.014241 	0.025604 	0.001482 	0.250265 	 -0.000022 
0.243972 	0.049639 	0.014545 	0.027481 	0.001542 	0.243978 	 -0.000007 
0.240648 	0.046876 	0.013838 	0.025512 	0.001346 	0.240634 	 0.000016 
0.232423 	0.057725 	0.015568 	0.033033 	0.001901 	0.232336 	 0.000090 
0.241308 	0.053278 	0.014673 	0.030449 	0.001635 	0.241276 	 0.000034 
0.244096 	0.055053 	0.014893 	0.031729 	0.001792 	0.244090 	 -0.000002 
0.244965 	0.050910 	0.015129 	0.027838 	0.001605 	0.244958 	 0.000011 
0.234196 	0.053335 	0.016708 	0.029120 	0.001816 	0.234189 	 0.000011 
0.242843 	0.052355 	0.014978 	0.028721 	0.001615 	0.242850 	 -0.000016 
0.242525 	0.055982 	0.015966 	0.032105 	0.001849 	0.242520 	 0.000002 
0.242905 	0.052447 	0.013735 	0.030759 	0.001569 	0.242852 	 0.000062 
0.250209 	0.053872 	0.015278 	0.030391 	0.001673 	0.250183 	 0.000028 
0.237233 	0.052650 	0.016800 	0.027613 	0.001706 	0.237248 	 -0.000021 
0.237672 	0.054448 	0.015344 	0.031042 	0.001736 	0.237648 	 0.000024 
0.247848 	0.049298 	0.015000 	0.026211 	0.001503 	0.247863 	 -0.000025 
0.245542 	0.053488 	0.016091 	0.028681 	0.001749 	0.245552 	 -0.000017 
0.234011 	0.051201 	0.017049 	0.026736 	0.001663 	0.234046 	 -0.000065 
0.242671 	0.056159 	0.016024 	0.030868 	0.001755 	0.242641 	 0.000031 
0.239969 	0.053161 	0.016004 	0.029744 	0.001810 	0.239994 	 -0.000041 
0.232631 	0.058320 	0.016420 	0.033203 	0.002016 	0.232600 	 0.000030 
0.238187 	0.055882 	0.016822 	0.029643 	0.001920 	0.238188 	 -0.000006 
0.250369 	0.050348 	0.015000 	0.026773 	0.001512 	0.250376 	 -0.000026 
0.247813 	0.054090 	0.016128 	0.029478 	0.001714 	0.247809 	 0.000002 
0.239645 	0.057755 	0.016767 	0.032185 	0.001918 	0.239615 	 0.000027 
0.246066 	0.051179 	0.015417 	0.028049 	0.001632 	0.246104 	 -0.000039 
0.237041 	0.055780 	0.016069 	0.030162 	0.001838 	0.237020 	 0.000022 
0.242307 	0.059897 	0.018225 	0.031445 	0.002062 	0.242306 	 0.000003 
0.238402 	0.052605 	0.016011 	0.028059 	0.001663 	0.238409 	 0.000017 
0.237634 	0.057048 	0.016707 	0.030607 	0.002020 	0.237630 	 0.000004 
0.241283 	0.049872 	0.015012 	0.027327 	0.001490 	0.241323 	 -0.000037 
0.237731 	0.054168 	0.016400 	0.028310 	0.001720 	0.237755 	 -0.000037 
0.237673 	0.056295 	0.016829 	0.030098 	0.001858 	0.237691 	 -0.000027 
0.237657 	0.052866 	0.016516 	0.026679 	0.001713 	0.237653 	 -0.000021 
0.239742 	0.051249 	0.016018 	0.027564 	0.001608 	0.239786 	 -0.000058 
0.234272 	0.058619 	0.016307 	0.034344 	0.001950 	0.234270 	 0.000003 
0.239917 	0.057210 	0.016183 	0.032756 	0.001889 	0.239895 	 0.000020 
0.234561 	0.055129 	0.017354 	0.029241 	0.001814 	0.234584 	 -0.000043 
0.242041 	0.054536 	0.015524 	0.030963 	0.001720 	0.242047 	 0.000004 
0.242433 	0.054460 	0.016092 	0.028024 	0.001778 	0.242421 	 0.000006 
0.236683 	0.051497 	0.016084 	0.027121 	0.001478 	0.236731 	 -0.000048 
0.246295 	0.055137 	0.017169 	0.028335 	0.001762 	0.246326 	 -0.000055 
0.239284 	0.057867 	0.017373 	0.030935 	0.001870 	0.239278 	 -0.000018 
0.233061 	0.062093 	0.017674 	0.035098 	0.002120 	0.233037 	 0.000013 
0.239292 	0.056627 	0.016866 	0.030035 	0.001895 	0.239259 	 0.000029 
0.226419 	0.060644 	0.018030 	0.032656 	0.001976 	0.226404 	 0.000009 
0.119917 	-0.005567 	0.005378 	-0.009167 	-0.000402 	0.120117 	 -0.000216 
0.086092 	-0.003597 	0.002976 	-0.003425 	-0.000353 	0.086155 	 -0.000027 
0.081145 	-0.000919 	0.008373 	-0.009796 	-0.000034 	0.081422 	 -0.000239 
0.108729 	-0.008567 	0.010853 	-0.016283 	-0.000321 	0.109086 	 -0.000344 
0.130335 	-0.013141 	0.006686 	-0.021345 	-0.000560 	0.130595 	 -0.000252 
0.120918 	-0.004744 	0.005894 	-0.007354 	-0.000460 	0.121104 	 -0.000187 
0.110660 	0.001729 	0.003627 	0.000977 	-0.000212 	0.110706 	 -0.000044 
0.117318 	0.000892 	0.004355 	-0.001075 	-0.000068 	0.117398 	 -0.000085 
0.129591 	-0.001159 	0.006340 	-0.004943 	-0.000243 	0.129766 	 -0.000190 
0.109215 	0.000394 	0.003220 	0.000179 	-0.000320 	0.109269 	 -0.000082 
0.127588 	0.001643 	0.006705 	-0.002626 	-0.000478 	0.127696 	 -0.000131 
0.114348 	0.005670 	0.005530 	0.002290 	-0.000323 	0.114309 	 0.000051 
0.102572 	0.002424 	0.004656 	0.000689 	-0.000185 	0.102642 	 -0.000054 
0.122976 	0.011505 	0.008709 	0.000531 	0.000316 	0.123039 	 -0.000055 
0.119323 	0.000793 	0.006897 	-0.004909 	-0.000624 	0.119448 	 -0.000142 
0.122984 	0.006520 	0.011870 	-0.005596 	-0.000210 	0.123183 	 -0.000225 
0.105361 	0.000509 	0.005691 	-0.001170 	-0.000260 	0.105492 	 -0.000134 
0.104112 	0.005685 	0.005996 	0.002551 	-0.000071 	0.104190 	 -0.000071 
0.087492 	0.004157 	0.006502 	0.000159 	-0.000084 	0.087594 	 -0.000105 
0.105716 	0.005606 	0.006555 	0.000814 	-0.000079 	0.105822 	 -0.000102 
0.088799 	0.009420 	0.007647 	0.002367 	0.000163 	0.088897 	 -0.000111 
0.092700 	0.002856 	0.006443 	-0.001213 	-0.000175 	0.092855 	 -0.000141 
0.083096 	0.006853 	0.006751 	0.001922 	-0.000030 	0.083178 	 -0.000093 
0.084540 	0.008992 	0.008860 	0.001822 	0.000083 	0.084675 	 -0.000151 
0.098259 	0.008444 	0.006596 	0.003392 	0.000083 	0.098340 	 -0.000100 
0.089057 	0.009147 	0.006871 	0.003597 	0.000079 	0.089140 	 -0.000087 
0.094737 	0.010271 	0.008013 	0.003806 	0.000151 	0.094857 	 -0.000121 
0.091599 	0.006072 	0.007721 	0.000340 	-0.000120 	0.091714 	 -0.000114 
0.097598 	0.007085 	0.008168 	-0.000123 	-0.000073 	0.097711 	 -0.000124 
0.093857 	0.007303 	0.007618 	0.002150 	0.000105 	0.093944 	 -0.000097 
0.096076 	0.011997 	0.008196 	0.004363 	0.000465 	0.096158 	 -0.000077 
0.092074 	0.005237 	0.007772 	0.000156 	-0.000023 	0.092136 	 -0.000050 
0.090369 	0.006061 	0.008988 	-0.001383 	-0.000000 	0.090527 	 -0.000144 
0.093581 	0.008360 	0.006935 	0.002333 	0.000079 	0.093630 	 -0.000056 
0.079595 	0.011810 	0.009208 	0.002799 	0.000320 	0.079667 	 -0.000087 
0.093493 	0.008786 	0.008705 	0.000557 	0.000177 	0.093588 	 -0.000097 
0.095321 	0.012480 	0.009319 	0.003542 	0.000275 	0.095391 	 -0.000075 
0.084230 	0.010223 	0.008836 	0.003131 	0.000232 	0.084314 	 -0.000088 
0.089371 	0.012727 	0.009250 	0.004469 	0.000210 	0.089437 	 -0.000068 
0.092128 	0.014843 	0.009642 	0.005143 	0.000387 	0.092174 	 -0.000051 
0.076084 	0.012470 	0.010067 	0.002401 	0.000305 	0.076174 	 -0.000097 
0.070140 	0.020794 	0.010946 	0.010353 	0.000824 	0.070163 	 -0.000025 
0.087234 	0.017537 	0.009681 	0.007715 	0.000578 	0.087240 	 -0.000020 
0.078834 	0.015142 	0.009256 	0.006223 	0.000405 	0.078852 	 -0.000013 
0.081406 	0.014387 	0.009014 	0.007049 	0.000394 	0.081463 	 -0.000057 
0.077748 	0.012162 	0.009372 	0.003671 	0.000282 	0.077838 	 -0.000097 
0.079627 	0.015824 	0.009370 	0.006206 	0.000318 	0.079657 	 -0.000023 
0.075401 	0.018499 	0.009862 	0.008013 	0.000640 	0.075411 	 0.000001 
0.075792 	0.017339 	0.009922 	0.007122 	0.000532 	0.075840 	 -0.000052 
0.077536 	0.017316 	0.010015 	0.006560 	0.000436 	0.077538 	 -0.000021 
0.079585 	0.017514 	0.011258 	0.006075 	0.000596 	0.079639 	 -0.000062 
0.083498 	0.016420 	0.010138 	0.005998 	0.000463 	0.083547 	 -0.000048 
0.074110 	0.018047 	0.011132 	0.007091 	0.000576 	0.074138 	 -0.000029 
0.073424 	0.021917 	0.011852 	0.009361 	0.000771 	0.073408 	 0.000018 
0.070266 	0.012922 	0.010509 	0.003787 	0.000281 	0.070339 	 -0.000060 
0.081418 	0.014583 	0.012031 	0.002752 	0.000492 	0.081521 	 -0.000104 
0.064936 	0.017669 	0.011155 	0.006781 	0.000533 	0.064975 	 -0.000051 
0.073966 	0.020463 	0.012489 	0.007057 	0.000733 	0.074016 	 -0.000043 
0.070541 	0.018919 	0.010209 	0.008045 	0.000630 	0.070528 	 0.000008 
0.071649 	0.015406 	0.011198 	0.003846 	0.000366 	0.071694 	 -0.000044 
0.065448 	0.024503 	0.012672 	0.011475 	0.000909 	0.065433 	 0.000038 
0.069434 	0.019527 	0.010741 	0.007975 	0.000638 	0.069428 	 0.000005 
0.064791 	0.021849 	0.011693 	0.009111 	0.000573 	0.064785 	 0.000012 
0.076491 	0.022022 	0.012880 	0.007768 	0.000686 	0.076514 	 -0.000019 
0.070779 	0.020715 	0.010590 	0.008843 	0.000540 	0.070758 	 0.000005 
0.067433 	0.022624 	0.011852 	0.010085 	0.000747 	0.067421 	 0.000020 
0.058809 	0.021432 	0.011376 	0.008645 	0.000726 	0.058780 	 0.000038 
0.069627 	0.020268 	0.010934 	0.008620 	0.000661 	0.069633 	 -0.000004 
0.070922 	0.024820 	0.012328 	0.010665 	0.000877 	0.070895 	 0.000019 
0.074840 	0.025706 	0.013254 	0.010355 	0.000932 	0.074843 	 0.000007 
0.063280 	0.025661 	0.014200 	0.009426 	0.001112 	0.063302 	 -0.000026 
0.065014 	0.027915 	0.013365 	0.012891 	0.001200 	0.064983 	 0.000031 
0.063105 	0.026017 	0.013385 	0.009910 	0.000839 	0.063063 	 0.000032 
0.074104 	0.024697 	0.013783 	0.009951 	0.000895 	0.074129 	 -0.000029 
0.063683 	0.023048 	0.013288 	0.007562 	0.000808 	0.063689 	 -0.000009 
0.062216 	0.031693 	0.013307 	0.016006 	0.001209 	0.062120 	 0.000094 
0.064171 	0.026217 	0.014040 	0.010765 	0.000944 	0.064150 	 0.000027 
0.055539 	0.030020 	0.014013 	0.013837 	0.001121 	0.055492 	 0.000051 
0.066423 	0.024292 	0.013282 	0.009221 	0.000808 	0.066435 	 -0.000010 
0.066657 	0.025839 	0.013859 	0.009860 	0.000820 	0.066652 	 -0.000007 
0.059659 	0.029100 	0.014893 	0.012173 	0.001244 	0.059652 	 0.000008 
0.067926 	0.028106 	0.014751 	0.010755 	0.001158 	0.067923 	 -0.000004 
0.064829 	0.026720 	0.013679 	0.010778 	0.000911 	0.064812 	 0.000012 
0.067525 	0.026041 	0.013189 	0.010413 	0.000824 	0.067497 	 0.000018 
0.060114 	0.031636 	0.015878 	0.013523 	0.001294 	0.060115 	 -0.000004 
0.068771 	0.021802 	0.012575 	0.008394 	0.000730 	0.068751 	 0.000033 
0.060386 	0.024995 	0.014107 	0.008696 	0.000867 	0.060358 	 0.000021 
0.062528 	0.029592 	0.014146 	0.012512 	0.001131 	0.062501 	 0.000029 
0.059100 	0.030545 	0.015375 	0.011715 	0.001150 	0.059067 	 0.000046 
0.059260 	0.027958 	0.014490 	0.010980 	0.001010 	0.059218 	 0.000026 
0.060784 	0.028711 	0.014263 	0.012571 	0.001212 	0.060753 	 0.000037 
0.057228 	0.031726 	0.015211 	0.013184 	0.001266 	0.057211 	 0.000009 
0.058010 	0.029360 	0.015334 	0.011511 	0.001073 	0.057993 	 0.000014 
0.054906 	0.024008 	0.014386 	0.009108 	0.000825 	0.054912 	 -0.000001 
0.063991 	0.033720 	0.015678 	0.014802 	0.001321 	0.063956 	 0.000039 
0.067190 	0.030561 	0.015048 	0.012584 	0.001238 	0.067155 	 0.000036 
0.064716 	0.033614 	0.015292 	0.015149 	0.001302 	0.064638 	 0.000069 
0.053456 	0.026231 	0.015170 	0.009740 	0.000984 	0.053436 	 0.000020 
0.057806 	0.031146 	0.016839 	0.010814 	0.001291 	0.057806 	 0.000014 
0.060673 	0.026826 	0.013361 	0.011278 	0.001059 	0.060636 	 0.000033 
0.070679 	0.033273 	0.016518 	0.012791 	0.001288 	0.070670 	 0.000005 
0.063102 	0.032024 	0.016202 	0.012568 	0.001199 	0.063034 	 0.000087 
0.059623 	0.030791 	0.016181 	0.010558 	0.001215 	0.059634 	 -0.000019 
0.063531 	0.029782 	0.014666 	0.011765 	0.001109 	0.063461 	 0.000060 
0.067534 	0.028569 	0.016130 	0.009202 	0.001058 	0.067530 	 0.000009 
0.058066 	0.034865 	0.017173 	0.013822 	0.001435 	0.058026 	 0.000056 
0.073823 	0.029300 	0.015823 	0.010344 	0.001075 	0.073830 	 -0.000015 
0.059709 	0.030722 	0.016644 	0.010127 	0.001276 	0.059690 	 0.000010 
0.066829 	0.031300 	0.016190 	0.011552 	0.001207 	0.066801 	 0.000032 
0.067664 	0.031339 	0.016596 	0.011322 	0.001161 	0.067656 	 0.000012 
0.060773 	0.028566 	0.016487 	0.009069 	0.001173 	0.060801 	 -0.000016 
0.058064 	0.032641 	0.017655 	0.011758 	0.001312 	0.058049 	 0.000015 
0.053403 	0.028060 	0.015393 	0.010422 	0.000999 	0.053385 	 0.000015 
0.061492 	0.030130 	0.015946 	0.011221 	0.001246 	0.061505 	 -0.000014 
0.065934 	0.031180 	0.015476 	0.012697 	0.001210 	0.065875 	 0.000068 
0.067685 	0.033771 	0.017192 	0.012988 	0.001335 	0.067663 	 0.000017 
0.061601 	0.029470 	0.016910 	0.008545 	0.001156 	0.061597 	 0.000018 
0.057692 	0.039833 	0.017405 	0.017946 	0.001640 	0.057612 	 0.000080 
0.056857 	0.031580 	0.017145 	0.010458 	0.001238 	0.056815 	 0.000058 
0.060532 	0.031754 	0.015073 	0.013200 	0.001294 	0.060459 	 0.000084 
0.072239 	0.028571 	0.014585 	0.011212 	0.001035 	0.072191 	 0.000055 
0.061546 	0.033260 	0.017415 	0.011887 	0.001328 	0.061509 	 0.000027 
0.053950 	0.029836 	0.015867 	0.010208 	0.001221 	0.053926 	 0.000025 
0.056774 	0.034811 	0.017979 	0.012162 	0.001501 	0.056770 	 -0.000001 
0.065928 	0.031377 	0.016463 	0.010641 	0.001278 	0.065914 	 0.000015 
0.076676 	0.029689 	0.015665 	0.009627 	0.001150 	0.076616 	 0.000071 
0.052502 	0.034332 	0.016334 	0.015946 	0.001397 	0.052458 	 0.000049 
0.061639 	0.034515 	0.016560 	0.014265 	0.001443 	0.061607 	 0.000036 
0.064337 	0.032649 	0.016345 	0.012602 	0.001276 	0.064268 	 0.000068 
0.056348 	0.033493 	0.018048 	0.011490 	0.001435 	0.056299 	 0.000037 
0.056095 	0.032253 	0.016743 	0.011019 	0.001318 	0.056056 	 0.000043 
0.063227 	0.036871 	0.017486 	0.014610 	0.001493 	0.063146 	 0.000088 
0.057620 	0.028380 	0.016536 	0.007771 	0.001044 	0.057604 	 0.000014 
0.047999 	0.032352 	0.018822 	0.008775 	0.001243 	0.047986 	 0.000003 
0.064722 	0.031570 	0.016361 	0.011113 	0.001284 	0.064662 	 0.000074 
0.057865 	0.036062 	0.016505 	0.014517 	0.001475 	0.057765 	 0.000094 
0.062980 	0.033192 	0.016281 	0.012949 	0.001334 	0.062934 	 0.000032 
0.049099 	0.036388 	0.016739 	0.015559 	0.001448 	0.048994 	 0.000094 
0.053189 	0.034368 	0.017626 	0.012031 	0.001351 	0.053141 	 0.000046 
0.067771 	0.032289 	0.016638 	0.011215 	0.001212 	0.067711 	 0.000059 
0.057274 	0.034798 	0.018273 	0.011145 	0.001424 	0.057250 	 0.000027 
0.053696 	0.028660 	0.016752 	0.009298 	0.001095 	0.053663 	 0.000038 
0.063266 	0.033988 	0.017178 	0.012601 	0.001290 	0.063221 	 0.000047 
0.047871 	0.032893 	0.017593 	0.011110 	0.001344 	0.047828 	 0.000048 
0.055271 	0.039219 	0.018618 	0.015447 	0.001614 	0.055196 	 0.000061 
0.060998 	0.031909 	0.016226 	0.012246 	0.001304 	0.060927 	 0.000078 
0.054180 	0.033494 	0.017906 	0.011584 	0.001365 	0.054147 	 0.000043 
0.052840 	0.032591 	0.016855 	0.011538 	0.001211 	0.052785 	 0.000059 
0.056217 	0.035951 	0.019190 	0.011597 	0.001455 	0.056193 	 0.000017 
0.053199 	0.038584 	0.017997 	0.016416 	0.001622 	0.053118 	 0.000075 
0.056417 	0.026919 	0.018166 	0.006344 	0.001051 	0.056436 	 -0.000021 
0.051713 	0.036842 	0.019551 	0.012218 	0.001513 	0.051714 	 0.000010 
0.058440 	0.038346 	0.017932 	0.015696 	0.001618 	0.058383 	 0.000058 
0.061857 	0.035616 	0.016900 	0.014900 	0.001353 	0.061784 	 0.000074 
0.052525 	0.034046 	0.017265 	0.012148 	0.001367 	0.052451 	 0.000084 
0.048549 	0.038690 	0.017062 	0.017522 	0.001685 	0.048428 	 0.000127 
0.048635 	0.038691 	0.019260 	0.014376 	0.001610 	0.048553 	 0.000084 
0.056775 	0.039940 	0.018631 	0.016133 	0.001619 	0.056690 	 0.000088 
0.056178 	0.035725 	0.018565 	0.012742 	0.001460 	0.056156 	 0.000010 
0.052034 	0.039650 	0.020026 	0.014412 	0.001760 	0.051980 	 0.000055 
0.049183 	0.035835 	0.018692 	0.012222 	0.001404 	0.049152 	 0.000040 
0.058465 	0.038732 	0.017575 	0.016320 	0.001538 	0.058382 	 0.000085 
0.064149 	0.034706 	0.018114 	0.011375 	0.001390 	0.064087 	 0.000047 
0.053202 	0.038914 	0.019818 	0.013221 	0.001628 	0.053147 	 0.000052 
0.054510 	0.037761 	0.018361 	0.014759 	0.001659 	0.054436 	 0.000077 
0.063410 	0.038606 	0.017900 	0.015753 	0.001518 	0.063318 	 0.000083 
0.052451 	0.035750 	0.018234 	0.012259 	0.001514 	0.052404 	 0.000044 
0.051038 	0.035735 	0.018435 	0.012360 	0.001401 	0.050973 	 0.000061 
0.055894 	0.037083 	0.019082 	0.012985 	0.001472 	0.055867 	 0.000024 
0.053212 	0.036166 	0.018118 	0.013102 	0.001623 	0.053176 	 0.000042 
0.051811 	0.036409 	0.018640 	0.010714 	0.001546 	0.051738 	 0.000083 
0.061914 	0.032168 	0.017126 	0.011041 	0.001338 	0.061863 	 0.000051 
0.051758 	0.038654 	0.018602 	0.014956 	0.001604 	0.051684 	 0.000074 
0.042377 	0.037658 	0.018780 	0.013626 	0.001641 	0.042330 	 0.000056 
0.058004 	0.035868 	0.018377 	0.013637 	0.001484 	0.057960 	 0.000048 
0.049493 	0.038657 	0.019554 	0.013477 	0.001642 	0.049434 	 0.000057 
0.050882 	0.037754 	0.018760 	0.013910 	0.001617 	0.050821 	 0.000070 
0.065851 	0.038419 	0.018062 	0.014440 	0.001594 	0.065764 	 0.000085 
0.053073 	0.036332 	0.017448 	0.014099 	0.001533 	0.053002 	 0.000073 
0.051576 	0.038892 	0.019699 	0.013484 	0.001626 	0.051515 	 0.000055 
0.051162 	0.039420 	0.020544 	0.011968 	0.001568 	0.051121 	 0.000031 
0.056441 	0.038522 	0.020240 	0.011581 	0.001477 	0.056398 	 0.000024 
0.057044 	0.035617 	0.019271 	0.010481 	0.001402 	0.057004 	 0.000035 
0.062081 	0.036775 	0.018644 	0.013092 	0.001490 	0.062034 	 0.000032 
0.054287 	0.035073 	0.019186 	0.011970 	0.001457 	0.054226 	 0.000051 
0.066154 	0.036587 	0.019104 	0.011518 	0.001435 	0.066119 	 0.000018 
0.057630 	0.037115 	0.018254 	0.013396 	0.001532 	0.057561 	 0.000058 
0.054844 	0.035310 	0.019806 	0.009085 	0.001312 	0.054817 	 0.000022 
0.047341 	0.039170 	0.019305 	0.015485 	0.001590 	0.047250 	 0.000090 
0.054692 	0.034152 	0.018478 	0.011255 	0.001302 	0.054606 	 0.000074 
0.058503 	0.036900 	0.020163 	0.010743 	0.001614 	0.058462 	 0.000032 
0.057406 	0.037046 	0.018928 	0.013381 	0.001477 	0.057387 	 0.000007 
0.057210 	0.038753 	0.019242 	0.013510 	0.001481 	0.057122 	 0.000070 
0.054574 	0.036567 	0.019433 	0.010609 	0.001471 	0.054544 	 0.000025 
0.060687 	0.036634 	0.018578 	0.013003 	0.001429 	0.060619 	 0.000041 
0.059475 	0.032605 	0.018599 	0.009118 	0.001280 	0.059444 	 0.000024 
0.053915 	0.040329 	0.019906 	0.014391 	0.001654 	0.053834 	 0.000074 
0.048880 	0.034396 	0.019027 	0.009332 	0.001258 	0.048853 	 0.000032 
0.062908 	0.034305 	0.018660 	0.009538 	0.001380 	0.062865 	 0.000040 
0.072033 	0.034767 	0.018577 	0.011175 	0.001266 	0.071989 	 0.000036 
0.056048 	0.036250 	0.019075 	0.011448 	0.001464 	0.055996 	 0.000042 
0.052949 	0.036220 	0.018604 	0.013176 	0.001549 	0.052888 	 0.000057 
0.057897 	0.035623 	0.018589 	0.011224 	0.001387 	0.057841 	 0.000051 
0.055649 	0.035197 	0.018720 	0.011084 	0.001390 	0.055585 	 0.000056 
0.070636 	0.032467 	0.017085 	0.010266 	0.001236 	0.070583 	 0.000045 
0.048374 	0.038831 	0.019904 	0.012628 	0.001441 	0.048293 	 0.000073 
0.059223 	0.035571 	0.018243 	0.013000 	0.001497 	0.059166 	 0.000055 
0.059756 	0.036399 	0.019062 	0.012418 	0.001462 	0.059700 	 0.000055 
0.049239 	0.038720 	0.019356 	0.013028 	0.001617 	0.049166 	 0.000066 
0.052164 	0.038966 	0.019673 	0.012725 	0.001561 	0.052072 	 0.000091 
0.083110 	0.030563 	0.017479 	0.008800 	0.001113 	0.083040 	 0.000037 
