di 	gli 	gal 	gos3 	gos4 	lac 	 glb 
0.477402 	0.002961 	-0.001710 	0.003520 	-0.000595 	0.477296 	 0.000095 
0.481943 	0.009731 	-0.003127 	0.012156 	-0.000223 	0.481773 	 0.000153 
0.473181 	0.008860 	-0.002321 	0.009585 	-0.000306 	0.473021 	 0.000146 
0.484401 	0.007858 	-0.002465 	0.009358 	-0.000269 	0.484272 	 0.000115 
0.484762 	0.008526 	-0.001063 	0.007677 	-0.000275 	0.484631 	 0.000093 
0.477527 	0.010995 	-0.000708 	0.009293 	-0.000243 	0.477407 	 0.000094 
0.483386 	0.014598 	-0.001758 	0.015103 	-0.000103 	0.483215 	 0.000194 
0.485338 	0.014249 	-0.001129 	0.012931 	-0.000124 	0.485124 	 0.000208 
0.481651 	0.011774 	-0.000435 	0.009648 	-0.000065 	0.481529 	 0.000098 
0.466691 	0.013770 	0.001071 	0.010412 	-0.000157 	0.466565 	 0.000120 
0.471187 	0.018929 	0.001646 	0.013953 	0.000014 	0.471020 	 0.000168 
0.485908 	0.009170 	-0.001180 	0.008392 	-0.000366 	0.485761 	 0.000103 
0.477125 	0.018356 	0.001579 	0.013553 	0.000172 	0.476970 	 0.000138 
0.482095 	0.009109 	-0.001060 	0.008276 	-0.000274 	0.481937 	 0.000138 
0.485061 	0.016643 	0.002516 	0.011422 	-0.000027 	0.484891 	 0.000149 
0.477696 	0.022360 	0.002918 	0.015581 	0.000330 	0.477514 	 0.000144 
0.463513 	0.018379 	0.001065 	0.014859 	0.000304 	0.463345 	 0.000180 
0.462384 	0.010391 	-0.001783 	0.010256 	-0.000215 	0.462188 	 0.000196 
0.472981 	0.017832 	-0.000055 	0.014976 	0.000047 	0.472730 	 0.000243 
0.457497 	0.017200 	-0.001229 	0.015444 	0.000183 	0.457248 	 0.000256 
0.460060 	0.018059 	-0.000064 	0.014514 	0.000084 	0.459823 	 0.000254 
0.471180 	0.013548 	-0.001515 	0.013026 	-0.000253 	0.470969 	 0.000208 
0.460224 	0.017536 	-0.000151 	0.015422 	0.000146 	0.459973 	 0.000239 
0.450182 	0.023132 	0.000547 	0.019184 	0.000354 	0.449884 	 0.000300 
0.461372 	0.019020 	0.000203 	0.015523 	0.000154 	0.461129 	 0.000243 
0.460072 	0.017522 	-0.000110 	0.014185 	0.000084 	0.459841 	 0.000233 
0.452164 	0.025127 	0.001993 	0.019122 	0.000462 	0.451907 	 0.000248 
0.447387 	0.024410 	0.002034 	0.019517 	0.000348 	0.447115 	 0.000258 
0.457753 	0.022150 	0.001209 	0.017449 	0.000392 	0.457494 	 0.000264 
0.449541 	0.024175 	0.001649 	0.018240 	0.000490 	0.449293 	 0.000235 
0.451862 	0.025577 	0.002357 	0.019249 	0.000418 	0.451611 	 0.000223 
0.450601 	0.026672 	0.002555 	0.020281 	0.000466 	0.450308 	 0.000301 
0.463242 	0.023744 	0.000850 	0.019557 	0.000387 	0.462948 	 0.000283 
0.454822 	0.030408 	0.002889 	0.022868 	0.000804 	0.454534 	 0.000275 
0.442536 	0.031189 	0.004230 	0.021846 	0.000799 	0.442229 	 0.000315 
0.456086 	0.025935 	0.002016 	0.019368 	0.000445 	0.455836 	 0.000244 
0.440775 	0.025816 	0.003255 	0.019791 	0.000452 	0.440547 	 0.000235 
0.455110 	0.025194 	0.002257 	0.018614 	0.000368 	0.454825 	 0.000295 
0.451457 	0.034607 	0.003289 	0.026304 	0.000815 	0.451115 	 0.000352 
0.453475 	0.031755 	0.003943 	0.022491 	0.000793 	0.453145 	 0.000334 
0.450044 	0.031855 	0.004519 	0.022550 	0.000788 	0.449760 	 0.000282 
0.443143 	0.030941 	0.003444 	0.023526 	0.000698 	0.442845 	 0.000293 
0.453882 	0.034376 	0.005367 	0.023342 	0.000875 	0.453577 	 0.000286 
0.446106 	0.033703 	0.003936 	0.025416 	0.000825 	0.445802 	 0.000319 
0.440135 	0.034712 	0.006350 	0.022687 	0.000910 	0.439878 	 0.000253 
0.433443 	0.040982 	0.007091 	0.027743 	0.001168 	0.433132 	 0.000306 
0.433949 	0.034746 	0.004840 	0.025070 	0.000854 	0.433625 	 0.000332 
0.437722 	0.035398 	0.005166 	0.024422 	0.000934 	0.437414 	 0.000305 
0.446694 	0.030322 	0.004252 	0.021074 	0.000515 	0.446421 	 0.000282 
0.434229 	0.038726 	0.006291 	0.026644 	0.001087 	0.433892 	 0.000341 
0.437969 	0.039025 	0.005413 	0.027934 	0.001068 	0.437618 	 0.000332 
0.442522 	0.036933 	0.006712 	0.025061 	0.000901 	0.442225 	 0.000290 
0.420871 	0.041358 	0.006902 	0.029389 	0.001175 	0.420557 	 0.000302 
0.430890 	0.041453 	0.006907 	0.027999 	0.001196 	0.430581 	 0.000300 
0.431875 	0.038359 	0.006343 	0.025975 	0.000954 	0.431517 	 0.000355 
0.436559 	0.039142 	0.006519 	0.026691 	0.001055 	0.436222 	 0.000322 
0.432348 	0.043689 	0.007505 	0.030259 	0.001165 	0.432013 	 0.000342 
0.446022 	0.039384 	0.006144 	0.027445 	0.000979 	0.445692 	 0.000308 
0.437463 	0.037044 	0.005860 	0.025492 	0.000797 	0.437099 	 0.000351 
0.442060 	0.042739 	0.006925 	0.029017 	0.001225 	0.441670 	 0.000393 
0.437117 	0.042075 	0.007237 	0.029086 	0.001159 	0.436732 	 0.000396 
0.435974 	0.038176 	0.006309 	0.025157 	0.001016 	0.435636 	 0.000323 
0.442082 	0.041058 	0.006709 	0.028210 	0.001239 	0.441760 	 0.000316 
0.443539 	0.037795 	0.005572 	0.025398 	0.001077 	0.443172 	 0.000364 
0.446571 	0.037086 	0.007277 	0.023468 	0.001077 	0.446248 	 0.000315 
0.446304 	0.040914 	0.007570 	0.026523 	0.001040 	0.445969 	 0.000317 
0.435804 	0.038498 	0.006008 	0.026020 	0.001016 	0.435449 	 0.000361 
0.437391 	0.038684 	0.007084 	0.024997 	0.001007 	0.437035 	 0.000346 
0.441673 	0.039471 	0.007695 	0.025288 	0.001006 	0.441308 	 0.000365 
0.431495 	0.042944 	0.007404 	0.029135 	0.001233 	0.431128 	 0.000370 
0.426000 	0.046611 	0.008730 	0.030385 	0.001415 	0.425629 	 0.000354 
0.427165 	0.044379 	0.008573 	0.028435 	0.001238 	0.426780 	 0.000377 
0.431835 	0.039906 	0.007226 	0.026210 	0.001046 	0.431469 	 0.000367 
0.437253 	0.042381 	0.007799 	0.028207 	0.001102 	0.436887 	 0.000368 
0.431122 	0.041540 	0.007743 	0.027884 	0.001192 	0.430771 	 0.000361 
0.421843 	0.043183 	0.009081 	0.026719 	0.001215 	0.421496 	 0.000346 
0.421161 	0.042937 	0.007800 	0.028833 	0.001098 	0.420769 	 0.000404 
0.425373 	0.040126 	0.006721 	0.026698 	0.001051 	0.424961 	 0.000409 
0.427883 	0.042543 	0.007827 	0.027454 	0.001167 	0.427484 	 0.000389 
0.441672 	0.045677 	0.008416 	0.030254 	0.001268 	0.441243 	 0.000424 
0.433492 	0.044892 	0.009021 	0.027770 	0.001235 	0.433113 	 0.000360 
0.424740 	0.046126 	0.009658 	0.028003 	0.001482 	0.424393 	 0.000338 
0.413905 	0.045817 	0.009415 	0.029101 	0.001397 	0.413534 	 0.000365 
0.433108 	0.046409 	0.008441 	0.030187 	0.001323 	0.432702 	 0.000418 
0.428383 	0.041260 	0.008534 	0.025216 	0.001083 	0.427992 	 0.000372 
0.430087 	0.051662 	0.011254 	0.031877 	0.001613 	0.429684 	 0.000408 
0.416326 	0.047171 	0.009570 	0.030638 	0.001452 	0.415977 	 0.000361 
0.429902 	0.051600 	0.010432 	0.033025 	0.001533 	0.429509 	 0.000384 
0.431209 	0.044267 	0.009045 	0.027313 	0.001298 	0.430832 	 0.000357 
0.431012 	0.046587 	0.010038 	0.028778 	0.001356 	0.430675 	 0.000336 
0.426157 	0.049584 	0.009236 	0.032312 	0.001409 	0.425703 	 0.000464 
0.414328 	0.051924 	0.010567 	0.033206 	0.001643 	0.413945 	 0.000387 
0.412995 	0.050608 	0.009750 	0.033532 	0.001515 	0.412594 	 0.000420 
0.423954 	0.049746 	0.009530 	0.032555 	0.001432 	0.423525 	 0.000447 
0.418776 	0.053661 	0.010022 	0.035238 	0.001733 	0.418311 	 0.000477 
0.417445 	0.049334 	0.010161 	0.030167 	0.001495 	0.417018 	 0.000422 
0.431371 	0.045973 	0.008525 	0.029493 	0.001379 	0.430962 	 0.000405 
0.416741 	0.049985 	0.010241 	0.031707 	0.001467 	0.416330 	 0.000396 
0.429590 	0.047113 	0.008690 	0.030925 	0.001305 	0.429154 	 0.000427 
0.423593 	0.051800 	0.010439 	0.033407 	0.001529 	0.423155 	 0.000444 
0.410723 	0.055843 	0.011308 	0.035569 	0.001871 	0.410286 	 0.000457 
0.416343 	0.051121 	0.010760 	0.031679 	0.001606 	0.415925 	 0.000420 
0.426219 	0.050899 	0.010327 	0.031334 	0.001497 	0.425811 	 0.000399 
0.410617 	0.051019 	0.010995 	0.031779 	0.001646 	0.410222 	 0.000401 
0.413151 	0.055769 	0.011725 	0.035345 	0.001800 	0.412731 	 0.000430 
0.401451 	0.057921 	0.013476 	0.035145 	0.001909 	0.401047 	 0.000407 
0.414939 	0.055632 	0.010906 	0.036410 	0.001684 	0.414506 	 0.000455 
0.404848 	0.055051 	0.011464 	0.034723 	0.001744 	0.404419 	 0.000418 
0.415548 	0.056940 	0.011098 	0.037426 	0.001808 	0.415104 	 0.000445 
0.413842 	0.057231 	0.011672 	0.035794 	0.001862 	0.413389 	 0.000450 
0.409050 	0.056709 	0.011717 	0.035871 	0.001784 	0.408633 	 0.000430 
0.398394 	0.057164 	0.012057 	0.035411 	0.001836 	0.397952 	 0.000447 
0.414561 	0.055365 	0.012024 	0.033048 	0.001752 	0.414089 	 0.000459 
0.408149 	0.058723 	0.012278 	0.037035 	0.001930 	0.407684 	 0.000489 
0.407675 	0.060952 	0.014181 	0.036212 	0.002071 	0.407237 	 0.000445 
0.416912 	0.059487 	0.012060 	0.037847 	0.001945 	0.416432 	 0.000473 
0.414049 	0.061115 	0.013269 	0.038022 	0.002001 	0.413576 	 0.000481 
0.412531 	0.056799 	0.011995 	0.036184 	0.001771 	0.412082 	 0.000449 
0.410735 	0.057906 	0.011915 	0.036369 	0.002007 	0.410263 	 0.000476 
0.403629 	0.061246 	0.013555 	0.037924 	0.002044 	0.403165 	 0.000467 
0.407352 	0.061554 	0.013216 	0.038714 	0.002096 	0.406880 	 0.000479 
0.406953 	0.054607 	0.011473 	0.033341 	0.001749 	0.406519 	 0.000439 
0.415097 	0.059779 	0.012486 	0.037399 	0.002004 	0.414593 	 0.000522 
0.400816 	0.054128 	0.012039 	0.032972 	0.001797 	0.400398 	 0.000426 
0.410937 	0.055361 	0.011187 	0.035548 	0.001800 	0.410492 	 0.000453 
0.408625 	0.056275 	0.011983 	0.034879 	0.001789 	0.408173 	 0.000452 
0.410493 	0.058536 	0.012943 	0.035479 	0.001995 	0.410054 	 0.000429 
0.406271 	0.054635 	0.012002 	0.033179 	0.001725 	0.405822 	 0.000445 
0.409491 	0.057329 	0.012328 	0.035598 	0.001789 	0.408991 	 0.000508 
0.410595 	0.054713 	0.011594 	0.033811 	0.001751 	0.410126 	 0.000469 
0.408996 	0.053856 	0.011538 	0.033494 	0.001586 	0.408543 	 0.000456 
0.406972 	0.060705 	0.013364 	0.037381 	0.001904 	0.406508 	 0.000459 
0.405283 	0.057026 	0.012985 	0.034093 	0.001737 	0.404830 	 0.000458 
0.414942 	0.055362 	0.011684 	0.034878 	0.001636 	0.414497 	 0.000443 
0.403809 	0.056736 	0.011109 	0.036578 	0.001827 	0.403306 	 0.000500 
0.410841 	0.059974 	0.012239 	0.038087 	0.001996 	0.410344 	 0.000508 
0.406464 	0.058507 	0.013409 	0.034896 	0.001913 	0.406019 	 0.000436 
0.404775 	0.057099 	0.012259 	0.035990 	0.001845 	0.404327 	 0.000468 
0.401944 	0.057528 	0.011982 	0.036103 	0.001827 	0.401466 	 0.000492 
0.412307 	0.056823 	0.012537 	0.034686 	0.001905 	0.411824 	 0.000487 
0.419624 	0.059780 	0.012318 	0.037527 	0.001917 	0.419149 	 0.000490 
0.415418 	0.052685 	0.010822 	0.031857 	0.001610 	0.414932 	 0.000485 
0.410052 	0.055169 	0.011614 	0.034339 	0.001771 	0.409597 	 0.000474 
0.412633 	0.058761 	0.012677 	0.036132 	0.001870 	0.412122 	 0.000524 
0.405890 	0.066419 	0.014620 	0.041459 	0.002252 	0.405382 	 0.000521 
0.414519 	0.059695 	0.012853 	0.036720 	0.002026 	0.414037 	 0.000492 
0.417897 	0.059431 	0.013628 	0.035753 	0.001920 	0.417461 	 0.000445 
0.405785 	0.062492 	0.014310 	0.038052 	0.002134 	0.405364 	 0.000449 
0.420881 	0.062572 	0.014567 	0.037545 	0.002109 	0.420475 	 0.000400 
0.418446 	0.063315 	0.013345 	0.039443 	0.002127 	0.417933 	 0.000525 
0.402872 	0.060864 	0.013664 	0.036500 	0.002041 	0.402397 	 0.000477 
0.391018 	0.060628 	0.013832 	0.036321 	0.002100 	0.390554 	 0.000496 
0.412092 	0.056418 	0.011993 	0.035107 	0.001792 	0.411649 	 0.000453 
0.394937 	0.059939 	0.013371 	0.035527 	0.002147 	0.394477 	 0.000464 
0.402900 	0.064315 	0.013867 	0.038591 	0.002262 	0.402368 	 0.000530 
0.386623 	0.062776 	0.014457 	0.037065 	0.002214 	0.386137 	 0.000493 
0.391419 	0.060638 	0.013365 	0.037510 	0.002056 	0.390965 	 0.000473 
0.388837 	0.060075 	0.012666 	0.036482 	0.002039 	0.388350 	 0.000487 
0.388740 	0.060383 	0.013512 	0.035782 	0.002022 	0.388260 	 0.000480 
0.390186 	0.060920 	0.013631 	0.036312 	0.002121 	0.389695 	 0.000506 
0.392103 	0.062469 	0.014080 	0.038074 	0.002178 	0.391645 	 0.000456 
0.394833 	0.063407 	0.014214 	0.038439 	0.002283 	0.394348 	 0.000511 
0.400212 	0.066409 	0.014420 	0.040780 	0.002364 	0.399696 	 0.000525 
0.387976 	0.064133 	0.015545 	0.036840 	0.002210 	0.387510 	 0.000470 
0.394466 	0.061485 	0.014697 	0.036247 	0.002147 	0.393995 	 0.000472 
0.395656 	0.060674 	0.013216 	0.036942 	0.002076 	0.395159 	 0.000503 
0.396940 	0.062930 	0.013863 	0.037954 	0.002183 	0.396438 	 0.000512 
0.392914 	0.065052 	0.014466 	0.039599 	0.002279 	0.392421 	 0.000507 
0.398802 	0.065313 	0.014660 	0.039024 	0.002228 	0.398286 	 0.000510 
0.407664 	0.058758 	0.012619 	0.035991 	0.002034 	0.407186 	 0.000490 
0.397270 	0.059279 	0.013109 	0.036375 	0.001971 	0.396807 	 0.000459 
0.392872 	0.061058 	0.013282 	0.036403 	0.002084 	0.392371 	 0.000519 
0.401646 	0.059327 	0.013152 	0.036311 	0.002101 	0.401193 	 0.000455 
0.403104 	0.063805 	0.013285 	0.039451 	0.002269 	0.402561 	 0.000542 
0.397667 	0.063002 	0.014515 	0.037579 	0.002191 	0.397200 	 0.000474 
0.401495 	0.060002 	0.013831 	0.035557 	0.002049 	0.401048 	 0.000444 
0.395829 	0.064030 	0.014878 	0.037929 	0.002156 	0.395339 	 0.000497 
0.404485 	0.066623 	0.014045 	0.041463 	0.002345 	0.403958 	 0.000533 
0.394942 	0.065599 	0.014960 	0.038978 	0.002314 	0.394469 	 0.000471 
0.393203 	0.065654 	0.014887 	0.039107 	0.002348 	0.392679 	 0.000538 
0.388071 	0.065384 	0.014484 	0.039195 	0.002296 	0.387565 	 0.000513 
0.398196 	0.064414 	0.015099 	0.038032 	0.002319 	0.397715 	 0.000468 
0.400802 	0.063701 	0.014424 	0.038142 	0.002251 	0.400280 	 0.000526 
0.399962 	0.066028 	0.015183 	0.040441 	0.002273 	0.399471 	 0.000509 
0.392703 	0.067176 	0.014431 	0.040564 	0.002395 	0.392168 	 0.000557 
0.383495 	0.062633 	0.013381 	0.039033 	0.002175 	0.382976 	 0.000524 
0.405279 	0.064404 	0.014229 	0.039172 	0.002247 	0.404757 	 0.000515 
0.381301 	0.067735 	0.015074 	0.041495 	0.002412 	0.380781 	 0.000529 
0.400432 	0.061084 	0.012787 	0.037628 	0.002091 	0.399921 	 0.000508 
0.401303 	0.063999 	0.014546 	0.036995 	0.002265 	0.400795 	 0.000501 
0.385707 	0.060532 	0.015116 	0.034546 	0.002060 	0.385255 	 0.000455 
0.402042 	0.062136 	0.013721 	0.037541 	0.002156 	0.401547 	 0.000503 
0.389315 	0.064149 	0.014127 	0.037773 	0.002276 	0.388811 	 0.000488 
0.384782 	0.063772 	0.014636 	0.037953 	0.002208 	0.384252 	 0.000519 
0.386900 	0.064833 	0.015450 	0.038122 	0.002326 	0.386407 	 0.000496 
0.398291 	0.061254 	0.013314 	0.037425 	0.002028 	0.397769 	 0.000533 
0.392853 	0.066180 	0.014613 	0.039731 	0.002399 	0.392340 	 0.000526 
0.389092 	0.067288 	0.016324 	0.039099 	0.002408 	0.388603 	 0.000501 
0.402216 	0.062363 	0.013390 	0.038258 	0.002146 	0.401698 	 0.000530 
0.398533 	0.064517 	0.014032 	0.038789 	0.002323 	0.398005 	 0.000537 
0.395084 	0.067492 	0.015725 	0.040497 	0.002426 	0.394583 	 0.000507 
0.394899 	0.062704 	0.014294 	0.036572 	0.002274 	0.394401 	 0.000506 
0.399580 	0.065843 	0.015247 	0.039076 	0.002336 	0.399090 	 0.000501 
0.375300 	0.068112 	0.016406 	0.040964 	0.002506 	0.374814 	 0.000503 
0.394539 	0.061081 	0.013501 	0.036387 	0.002155 	0.394028 	 0.000517 
0.387345 	0.067036 	0.014086 	0.041147 	0.002478 	0.386810 	 0.000543 
0.393912 	0.062696 	0.013680 	0.037766 	0.002098 	0.393404 	 0.000525 
0.384112 	0.067435 	0.016454 	0.039034 	0.002495 	0.383613 	 0.000510 
0.385395 	0.062704 	0.014103 	0.037413 	0.002173 	0.384903 	 0.000499 
0.393151 	0.061426 	0.014417 	0.034758 	0.002148 	0.392665 	 0.000475 
0.380246 	0.063649 	0.015829 	0.036246 	0.002223 	0.379797 	 0.000460 
0.452262 	0.010522 	-0.000868 	0.008705 	-0.000218 	0.452245 	 0.000010 
0.473537 	0.006450 	-0.001158 	0.004535 	-0.000420 	0.473531 	 -0.000005 
0.458829 	0.020751 	0.002337 	0.013934 	0.000322 	0.458786 	 0.000024 
0.457741 	0.014306 	0.000477 	0.010905 	0.000058 	0.457756 	 -0.000018 
0.470116 	0.014390 	-0.000272 	0.011267 	-0.000003 	0.470052 	 0.000047 
0.467324 	0.014151 	0.000213 	0.010168 	-0.000117 	0.467330 	 -0.000037 
0.468939 	0.016370 	-0.000214 	0.013537 	0.000115 	0.468888 	 0.000059 
0.472788 	0.012984 	-0.000417 	0.009888 	-0.000011 	0.472709 	 0.000069 
0.468844 	0.013119 	-0.000796 	0.010929 	-0.000127 	0.468811 	 0.000017 
0.460264 	0.018230 	0.000816 	0.014004 	0.000218 	0.460199 	 0.000052 
0.473305 	0.016466 	0.000615 	0.012677 	0.000032 	0.473276 	 0.000014 
0.482706 	0.014896 	-0.000499 	0.011942 	-0.000037 	0.482638 	 0.000036 
0.473995 	0.019117 	-0.000106 	0.015175 	0.000255 	0.473915 	 0.000066 
0.463091 	0.021158 	0.000740 	0.016185 	0.000268 	0.462978 	 0.000095 
0.468695 	0.024896 	0.003027 	0.017219 	0.000358 	0.468647 	 0.000037 
0.473084 	0.017328 	0.000540 	0.012847 	0.000105 	0.473002 	 0.000076 
0.466234 	0.023816 	0.002096 	0.017524 	0.000455 	0.466120 	 0.000103 
0.473559 	0.023590 	0.001732 	0.017621 	0.000487 	0.473470 	 0.000079 
0.471851 	0.019029 	0.001498 	0.013657 	0.000136 	0.471796 	 0.000044 
0.480059 	0.019857 	0.000847 	0.014743 	0.000256 	0.479943 	 0.000105 
0.463230 	0.024277 	0.001371 	0.019575 	0.000412 	0.463126 	 0.000114 
0.475510 	0.022608 	0.001686 	0.016346 	0.000313 	0.475409 	 0.000090 
0.473424 	0.014674 	0.000039 	0.011299 	-0.000163 	0.473375 	 0.000045 
0.468738 	0.025941 	0.002542 	0.019083 	0.000483 	0.468628 	 0.000091 
0.464094 	0.022379 	0.000922 	0.017012 	0.000148 	0.463971 	 0.000123 
0.468914 	0.029231 	0.003036 	0.020725 	0.000617 	0.468755 	 0.000149 
0.460628 	0.029202 	0.003146 	0.020422 	0.000660 	0.460531 	 0.000101 
0.459429 	0.029780 	0.002428 	0.022560 	0.000709 	0.459284 	 0.000139 
0.470060 	0.031589 	0.002590 	0.023748 	0.000624 	0.469910 	 0.000160 
0.473146 	0.026155 	0.000968 	0.020932 	0.000522 	0.472999 	 0.000137 
0.462258 	0.026053 	0.003062 	0.018393 	0.000268 	0.462138 	 0.000123 
0.472617 	0.026031 	0.001406 	0.020227 	0.000446 	0.472458 	 0.000156 
0.473442 	0.028182 	0.001266 	0.022470 	0.000463 	0.473235 	 0.000209 
0.462173 	0.032175 	0.003997 	0.023024 	0.000678 	0.462029 	 0.000149 
0.461385 	0.033635 	0.003023 	0.025328 	0.000769 	0.461159 	 0.000236 
0.463211 	0.028559 	0.003149 	0.020789 	0.000541 	0.463064 	 0.000142 
0.456609 	0.032303 	0.004406 	0.022714 	0.000738 	0.456465 	 0.000148 
0.473101 	0.030448 	0.003697 	0.021789 	0.000585 	0.472955 	 0.000164 
0.472910 	0.035017 	0.002952 	0.026291 	0.000843 	0.472692 	 0.000228 
0.464381 	0.032070 	0.003373 	0.024000 	0.000724 	0.464221 	 0.000142 
0.468332 	0.033908 	0.004235 	0.024774 	0.000842 	0.468165 	 0.000164 
0.459189 	0.031945 	0.003915 	0.023263 	0.000690 	0.459034 	 0.000145 
0.469970 	0.036207 	0.004252 	0.026212 	0.000876 	0.469782 	 0.000203 
0.467008 	0.038141 	0.004743 	0.027793 	0.000953 	0.466828 	 0.000164 
0.463625 	0.038957 	0.005284 	0.027181 	0.001077 	0.463372 	 0.000246 
0.426099 	0.033953 	0.004230 	0.023904 	0.000875 	0.425936 	 0.000179 
0.426135 	0.034932 	0.004647 	0.024489 	0.000954 	0.425983 	 0.000151 
0.431495 	0.037617 	0.006014 	0.025562 	0.001026 	0.431348 	 0.000147 
0.433152 	0.040591 	0.005192 	0.029457 	0.001233 	0.432954 	 0.000194 
0.437210 	0.034076 	0.004924 	0.023237 	0.000884 	0.437063 	 0.000141 
0.426572 	0.036764 	0.005218 	0.025270 	0.001021 	0.426440 	 0.000119 
0.421884 	0.041049 	0.005704 	0.028744 	0.001162 	0.421685 	 0.000186 
0.426315 	0.038630 	0.006078 	0.026622 	0.001024 	0.426173 	 0.000127 
0.414266 	0.040474 	0.006158 	0.028255 	0.001213 	0.414087 	 0.000182 
0.429937 	0.040340 	0.006547 	0.028273 	0.001160 	0.429752 	 0.000187 
0.422164 	0.041200 	0.006228 	0.028384 	0.001212 	0.421990 	 0.000164 
0.427385 	0.044390 	0.007100 	0.029521 	0.001415 	0.427191 	 0.000187 
0.422510 	0.038388 	0.007386 	0.023479 	0.001129 	0.422356 	 0.000143 
0.431788 	0.036746 	0.005130 	0.025915 	0.001005 	0.431646 	 0.000133 
0.415350 	0.042068 	0.006830 	0.029349 	0.001196 	0.415161 	 0.000186 
0.420556 	0.047985 	0.008131 	0.032779 	0.001516 	0.420375 	 0.000182 
0.422269 	0.043867 	0.007125 	0.029874 	0.001339 	0.422097 	 0.000171 
0.426657 	0.039713 	0.005086 	0.027188 	0.001199 	0.426432 	 0.000210 
0.424464 	0.041562 	0.006632 	0.027070 	0.001251 	0.424265 	 0.000182 
0.421659 	0.044663 	0.008410 	0.028119 	0.001425 	0.421471 	 0.000172 
0.421032 	0.041404 	0.006622 	0.027273 	0.001370 	0.420852 	 0.000171 
0.423345 	0.043544 	0.007320 	0.028550 	0.001456 	0.423182 	 0.000149 
0.416525 	0.043877 	0.006753 	0.030055 	0.001294 	0.416323 	 0.000211 
0.423240 	0.046068 	0.007287 	0.031477 	0.001420 	0.423008 	 0.000244 
0.414330 	0.046409 	0.008120 	0.031542 	0.001468 	0.414148 	 0.000189 
0.413206 	0.051304 	0.009030 	0.033901 	0.001742 	0.413005 	 0.000198 
0.424903 	0.046172 	0.007047 	0.031608 	0.001500 	0.424700 	 0.000197 
0.423709 	0.047260 	0.007799 	0.031644 	0.001508 	0.423497 	 0.000217 
0.417234 	0.044979 	0.008437 	0.029257 	0.001443 	0.417072 	 0.000155 
0.407454 	0.046023 	0.008039 	0.030788 	0.001382 	0.407262 	 0.000189 
0.420364 	0.049820 	0.007454 	0.035142 	0.001650 	0.420113 	 0.000268 
0.407196 	0.049910 	0.009747 	0.031473 	0.001731 	0.407016 	 0.000162 
0.428983 	0.044895 	0.008460 	0.028400 	0.001350 	0.428825 	 0.000139 
0.411519 	0.050943 	0.009589 	0.032882 	0.001716 	0.411323 	 0.000192 
0.421219 	0.045472 	0.007460 	0.031308 	0.001393 	0.421043 	 0.000186 
0.417192 	0.049124 	0.009162 	0.032087 	0.001672 	0.417002 	 0.000201 
0.417928 	0.047981 	0.008995 	0.030498 	0.001608 	0.417750 	 0.000161 
0.414051 	0.043290 	0.007659 	0.028423 	0.001402 	0.413896 	 0.000176 
0.416333 	0.047476 	0.007831 	0.032960 	0.001472 	0.416116 	 0.000220 
0.410089 	0.051443 	0.008880 	0.034899 	0.001813 	0.409869 	 0.000220 
0.418794 	0.046073 	0.007871 	0.030665 	0.001563 	0.418610 	 0.000174 
0.422933 	0.047146 	0.008630 	0.029850 	0.001398 	0.422724 	 0.000209 
0.433472 	0.050134 	0.008970 	0.032795 	0.001530 	0.433263 	 0.000202 
0.418639 	0.047919 	0.008110 	0.031352 	0.001551 	0.418411 	 0.000226 
0.411557 	0.052013 	0.008726 	0.035579 	0.001685 	0.411312 	 0.000253 
0.421997 	0.047321 	0.007959 	0.031224 	0.001529 	0.421799 	 0.000181 
0.414585 	0.049502 	0.008868 	0.032460 	0.001591 	0.414370 	 0.000212 
0.416924 	0.051409 	0.009818 	0.032919 	0.001755 	0.416727 	 0.000210 
0.416487 	0.053154 	0.010463 	0.034112 	0.001765 	0.416308 	 0.000169 
0.419925 	0.057837 	0.009647 	0.038736 	0.002046 	0.419669 	 0.000262 
0.423609 	0.050326 	0.008643 	0.033330 	0.001604 	0.423379 	 0.000228 
0.409850 	0.055023 	0.009917 	0.035652 	0.001890 	0.409606 	 0.000252 
0.417707 	0.056916 	0.010989 	0.037293 	0.001948 	0.417490 	 0.000210 
0.424032 	0.056572 	0.009429 	0.038367 	0.001910 	0.423789 	 0.000246 
0.417178 	0.055991 	0.010745 	0.036586 	0.001833 	0.416935 	 0.000243 
0.420424 	0.056937 	0.010052 	0.037387 	0.001970 	0.420159 	 0.000263 
0.419039 	0.055551 	0.009825 	0.036537 	0.001902 	0.418794 	 0.000244 
0.414820 	0.055549 	0.009580 	0.037244 	0.001949 	0.414569 	 0.000262 
0.416363 	0.053837 	0.009997 	0.035675 	0.001817 	0.416138 	 0.000235 
0.420028 	0.053118 	0.009834 	0.034775 	0.001835 	0.419806 	 0.000210 
0.422930 	0.051722 	0.009573 	0.034030 	0.001683 	0.422698 	 0.000231 
0.412560 	0.053143 	0.009210 	0.035069 	0.001811 	0.412330 	 0.000238 
0.418291 	0.055720 	0.010367 	0.036027 	0.001970 	0.418061 	 0.000232 
0.412545 	0.055841 	0.011091 	0.035911 	0.001948 	0.412350 	 0.000202 
0.413351 	0.057658 	0.009917 	0.039026 	0.002137 	0.413086 	 0.000264 
0.425680 	0.054936 	0.008990 	0.037461 	0.001879 	0.425435 	 0.000244 
0.414761 	0.053465 	0.009946 	0.035130 	0.001805 	0.414585 	 0.000157 
0.411332 	0.058116 	0.010478 	0.038726 	0.002030 	0.411062 	 0.000279 
0.412977 	0.057499 	0.010483 	0.037546 	0.002006 	0.412761 	 0.000211 
0.409334 	0.054256 	0.010543 	0.034867 	0.001848 	0.409145 	 0.000185 
0.413943 	0.058341 	0.010014 	0.039627 	0.002091 	0.413675 	 0.000266 
0.408533 	0.059574 	0.011056 	0.039314 	0.002129 	0.408285 	 0.000244 
0.412210 	0.056351 	0.011052 	0.035677 	0.002054 	0.412008 	 0.000198 
0.414638 	0.060892 	0.011136 	0.039675 	0.002176 	0.414354 	 0.000307 
0.402792 	0.059980 	0.011959 	0.038512 	0.002129 	0.402556 	 0.000251 
0.406960 	0.055375 	0.010429 	0.035686 	0.001928 	0.406728 	 0.000226 
0.412868 	0.057373 	0.010064 	0.037547 	0.001969 	0.412605 	 0.000252 
0.399017 	0.058683 	0.011770 	0.037330 	0.002014 	0.398782 	 0.000240 
0.407946 	0.054418 	0.009987 	0.035207 	0.001838 	0.407713 	 0.000214 
0.389936 	0.057764 	0.011413 	0.038001 	0.002124 	0.389725 	 0.000215 
0.392896 	0.060919 	0.011237 	0.040353 	0.002300 	0.392668 	 0.000233 
0.406338 	0.058572 	0.011212 	0.037792 	0.002175 	0.406090 	 0.000243 
0.402554 	0.055272 	0.009563 	0.036798 	0.002016 	0.402286 	 0.000276 
0.406115 	0.060023 	0.010554 	0.039906 	0.002221 	0.405872 	 0.000245 
0.398041 	0.059576 	0.011118 	0.038680 	0.002221 	0.397791 	 0.000243 
0.410715 	0.058925 	0.011658 	0.037894 	0.002168 	0.410498 	 0.000209 
0.404233 	0.058695 	0.010550 	0.038335 	0.002140 	0.403981 	 0.000272 
0.397158 	0.058768 	0.010968 	0.038958 	0.002049 	0.396892 	 0.000265 
0.415776 	0.057620 	0.010956 	0.037342 	0.002003 	0.415553 	 0.000227 
0.402011 	0.060988 	0.011432 	0.039160 	0.002314 	0.401749 	 0.000265 
0.400383 	0.058046 	0.010331 	0.038077 	0.002165 	0.400113 	 0.000265 
0.391493 	0.063264 	0.012651 	0.040632 	0.002393 	0.391239 	 0.000259 
0.407037 	0.060278 	0.012267 	0.037741 	0.002211 	0.406773 	 0.000251 
0.407026 	0.059577 	0.011002 	0.038700 	0.002133 	0.406773 	 0.000256 
0.401433 	0.061663 	0.012415 	0.038547 	0.002399 	0.401203 	 0.000236 
0.403064 	0.058604 	0.011288 	0.037555 	0.002078 	0.402822 	 0.000236 
0.401640 	0.062442 	0.012039 	0.040433 	0.002326 	0.401353 	 0.000282 
0.400488 	0.061771 	0.012433 	0.039718 	0.002196 	0.400226 	 0.000260 
0.402757 	0.060358 	0.012160 	0.038970 	0.002188 	0.402489 	 0.000268 
0.401116 	0.062173 	0.011823 	0.040250 	0.002362 	0.400846 	 0.000275 
0.417148 	0.058373 	0.010873 	0.037513 	0.002035 	0.416888 	 0.000255 
0.392850 	0.057999 	0.011338 	0.037508 	0.002006 	0.392584 	 0.000283 
0.395568 	0.061096 	0.011522 	0.039574 	0.002308 	0.395293 	 0.000266 
0.401814 	0.059469 	0.012515 	0.036774 	0.002179 	0.401552 	 0.000266 
0.404075 	0.061262 	0.011675 	0.039431 	0.002222 	0.403812 	 0.000264 
0.386633 	0.061339 	0.011384 	0.040256 	0.002343 	0.386381 	 0.000244 
0.389633 	0.059572 	0.011852 	0.037190 	0.002270 	0.389399 	 0.000225 
0.390299 	0.066546 	0.012490 	0.044346 	0.002576 	0.390032 	 0.000283 
0.396090 	0.063706 	0.012523 	0.041505 	0.002380 	0.395826 	 0.000257 
0.398172 	0.061061 	0.011133 	0.039765 	0.002326 	0.397905 	 0.000261 
0.388028 	0.061906 	0.012891 	0.038092 	0.002335 	0.387773 	 0.000249 
0.396468 	0.065283 	0.012554 	0.042584 	0.002537 	0.396164 	 0.000310 
0.388472 	0.064017 	0.013227 	0.040482 	0.002474 	0.388198 	 0.000267 
0.385720 	0.062811 	0.012683 	0.039337 	0.002449 	0.385458 	 0.000262 
0.394609 	0.065069 	0.013293 	0.041073 	0.002446 	0.394353 	 0.000249 
0.402866 	0.063852 	0.013444 	0.039137 	0.002394 	0.402614 	 0.000235 
0.392415 	0.067610 	0.013327 	0.044175 	0.002703 	0.392135 	 0.000297 
0.388995 	0.066336 	0.012780 	0.042726 	0.002614 	0.388697 	 0.000300 
0.392472 	0.064147 	0.012178 	0.041723 	0.002468 	0.392200 	 0.000282 
0.388950 	0.063196 	0.012366 	0.040852 	0.002369 	0.388680 	 0.000282 
0.406758 	0.065071 	0.012845 	0.040851 	0.002461 	0.406490 	 0.000251 
0.388995 	0.071992 	0.013463 	0.047402 	0.002868 	0.388657 	 0.000354 
0.388592 	0.069592 	0.014437 	0.043442 	0.002751 	0.388284 	 0.000287 
0.384175 	0.066662 	0.013199 	0.042918 	0.002687 	0.383919 	 0.000265 
0.397473 	0.060430 	0.011599 	0.039041 	0.002219 	0.397195 	 0.000297 
0.398049 	0.066578 	0.012796 	0.043384 	0.002518 	0.397790 	 0.000256 
0.389879 	0.063565 	0.012723 	0.040374 	0.002455 	0.389610 	 0.000262 
0.389169 	0.061994 	0.012708 	0.039157 	0.002383 	0.388920 	 0.000249 
0.399465 	0.060101 	0.013170 	0.036109 	0.002316 	0.399238 	 0.000223 
0.403672 	0.069645 	0.012782 	0.045971 	0.002686 	0.403339 	 0.000340 
0.398429 	0.059263 	0.010762 	0.039376 	0.002160 	0.398165 	 0.000277 
0.389306 	0.062044 	0.012394 	0.039923 	0.002334 	0.389042 	 0.000256 
0.396670 	0.064150 	0.011244 	0.043164 	0.002448 	0.396384 	 0.000284 
0.396439 	0.067913 	0.012968 	0.043561 	0.002629 	0.396135 	 0.000293 
0.391033 	0.067415 	0.013561 	0.043464 	0.002582 	0.390798 	 0.000252 
0.390765 	0.064307 	0.012891 	0.041419 	0.002437 	0.390499 	 0.000286 
0.391017 	0.067286 	0.013233 	0.043229 	0.002610 	0.390709 	 0.000304 
0.401457 	0.065142 	0.012772 	0.041615 	0.002564 	0.401203 	 0.000251 
0.390935 	0.065828 	0.013156 	0.043123 	0.002575 	0.390694 	 0.000270 
0.406552 	0.064466 	0.011242 	0.043172 	0.002446 	0.406230 	 0.000296 
0.391556 	0.061870 	0.011440 	0.040719 	0.002399 	0.391278 	 0.000282 
0.382752 	0.067208 	0.013417 	0.042525 	0.002671 	0.382491 	 0.000253 
0.389753 	0.062316 	0.012022 	0.039705 	0.002340 	0.389485 	 0.000272 
0.384685 	0.068267 	0.013705 	0.042678 	0.002686 	0.384400 	 0.000272 
0.399961 	0.064027 	0.012377 	0.040610 	0.002430 	0.399684 	 0.000270 
0.382757 	0.068324 	0.013978 	0.043740 	0.002609 	0.382498 	 0.000260 
0.381193 	0.064670 	0.013896 	0.040540 	0.002535 	0.380958 	 0.000223 
0.382195 	0.065872 	0.012265 	0.042479 	0.002555 	0.381930 	 0.000279 
0.392902 	0.071837 	0.014472 	0.046232 	0.002754 	0.392614 	 0.000285 
0.376285 	0.068419 	0.013656 	0.044296 	0.002660 	0.376005 	 0.000287 
0.384308 	0.069882 	0.013977 	0.044861 	0.002804 	0.384012 	 0.000300 
0.390372 	0.067662 	0.013008 	0.043673 	0.002566 	0.390068 	 0.000306 
0.400863 	0.066481 	0.012538 	0.043195 	0.002558 	0.400591 	 0.000272 
0.382356 	0.072792 	0.014886 	0.047025 	0.002905 	0.382086 	 0.000265 
0.399441 	0.069507 	0.013531 	0.044630 	0.002653 	0.399107 	 0.000344 
0.390519 	0.071184 	0.014615 	0.044689 	0.002767 	0.390226 	 0.000288 
0.384597 	0.072160 	0.014764 	0.045933 	0.002981 	0.384316 	 0.000280 
0.388723 	0.073399 	0.014159 	0.047781 	0.002850 	0.388414 	 0.000304 
0.382686 	0.074408 	0.015320 	0.047058 	0.002911 	0.382410 	 0.000283 
0.378517 	0.077245 	0.016341 	0.049626 	0.003178 	0.378223 	 0.000317 
0.383072 	0.067725 	0.013772 	0.042388 	0.002681 	0.382796 	 0.000266 
0.381445 	0.075656 	0.016148 	0.047840 	0.003073 	0.381175 	 0.000283 
0.384187 	0.070947 	0.014252 	0.045283 	0.002787 	0.383899 	 0.000295 
0.375638 	0.071006 	0.014277 	0.045818 	0.002835 	0.375380 	 0.000252 
0.380869 	0.069971 	0.013745 	0.045883 	0.002688 	0.380580 	 0.000287 
0.393246 	0.069789 	0.014291 	0.043559 	0.002788 	0.392940 	 0.000298 
0.317678 	0.013202 	0.002257 	0.007596 	-0.000074 	0.317670 	 -0.000004 
0.317858 	0.008107 	0.001178 	0.004007 	-0.000355 	0.317879 	 -0.000029 
0.319912 	0.009611 	0.001565 	0.005986 	-0.000245 	0.319926 	 -0.000021 
0.326738 	0.013685 	0.002091 	0.008907 	0.000015 	0.326745 	 -0.000024 
0.315283 	0.013553 	0.003316 	0.006643 	0.000061 	0.315291 	 -0.000020 
0.310318 	0.011031 	0.002384 	0.005443 	-0.000202 	0.310333 	 -0.000023 
0.324786 	0.012153 	0.001496 	0.007929 	-0.000064 	0.324753 	 0.000048 
0.329336 	0.010972 	0.003074 	0.004875 	-0.000166 	0.329367 	 -0.000060 
0.305058 	0.018381 	0.004462 	0.009373 	0.000185 	0.305105 	 -0.000055 
0.300228 	0.019812 	0.004617 	0.011009 	0.000270 	0.300234 	 -0.000015 
0.304470 	0.014083 	0.002897 	0.008062 	0.000047 	0.304503 	 -0.000053 
0.298203 	0.017242 	0.004435 	0.009374 	0.000206 	0.298250 	 -0.000073 
0.299041 	0.019934 	0.003855 	0.012250 	0.000214 	0.299050 	 -0.000005 
0.305481 	0.012427 	0.001288 	0.008896 	-0.000009 	0.305501 	 -0.000050 
0.316494 	0.013507 	0.002275 	0.008842 	-0.000168 	0.316511 	 -0.000025 
0.305173 	0.016003 	0.003629 	0.008907 	0.000114 	0.305234 	 -0.000069 
0.306500 	0.014191 	0.003069 	0.009018 	0.000034 	0.306555 	 -0.000071 
0.322267 	0.014915 	0.003236 	0.008475 	0.000065 	0.322334 	 -0.000099 
0.309460 	0.013048 	0.002714 	0.006886 	-0.000059 	0.309537 	 -0.000094 
0.321077 	0.015955 	0.004337 	0.008292 	0.000067 	0.321135 	 -0.000090 
0.298994 	0.014730 	0.004615 	0.008027 	0.000039 	0.299101 	 -0.000131 
0.330438 	0.009276 	0.002223 	0.004383 	-0.000383 	0.330562 	 -0.000139 
0.316459 	0.012560 	0.002870 	0.006886 	-0.000195 	0.316541 	 -0.000072 
0.310848 	0.018674 	0.004128 	0.010675 	0.000273 	0.310901 	 -0.000095 
0.296969 	0.022166 	0.004984 	0.012160 	0.000340 	0.297000 	 -0.000036 
0.299476 	0.022197 	0.004302 	0.014442 	0.000384 	0.299498 	 0.000006 
0.299853 	0.020654 	0.004713 	0.011886 	0.000232 	0.299859 	 -0.000002 
0.300313 	0.020845 	0.004691 	0.012738 	0.000202 	0.300355 	 -0.000039 
0.314850 	0.015385 	0.004034 	0.007434 	-0.000103 	0.314907 	 -0.000062 
0.288215 	0.021860 	0.005550 	0.012259 	0.000355 	0.288265 	 -0.000054 
0.292244 	0.018978 	0.004832 	0.009338 	0.000160 	0.292256 	 -0.000016 
0.289299 	0.025311 	0.005246 	0.015151 	0.000560 	0.289266 	 0.000035 
0.302472 	0.020826 	0.004841 	0.011550 	0.000290 	0.302478 	 -0.000017 
0.295969 	0.026650 	0.006026 	0.015694 	0.000583 	0.295944 	 0.000015 
0.282451 	0.030212 	0.007223 	0.017814 	0.000651 	0.282401 	 0.000053 
0.281705 	0.028756 	0.006011 	0.017092 	0.000574 	0.281686 	 0.000018 
0.272023 	0.028194 	0.007297 	0.015735 	0.000547 	0.272021 	 0.000003 
0.283597 	0.029347 	0.007045 	0.017027 	0.000564 	0.283575 	 0.000027 
0.264972 	0.032559 	0.008263 	0.018949 	0.000807 	0.264979 	 0.000009 
0.276395 	0.031160 	0.007717 	0.018570 	0.000674 	0.276401 	 -0.000007 
0.277968 	0.031778 	0.006571 	0.019931 	0.000734 	0.277920 	 0.000059 
0.287976 	0.030934 	0.007240 	0.017521 	0.000641 	0.287983 	 -0.000014 
0.278342 	0.028797 	0.005831 	0.018069 	0.000582 	0.278305 	 0.000027 
0.277911 	0.032689 	0.007231 	0.020123 	0.000773 	0.277862 	 0.000050 
0.279489 	0.032370 	0.007850 	0.018481 	0.000781 	0.279460 	 0.000038 
0.283608 	0.032857 	0.007515 	0.019725 	0.000884 	0.283635 	 -0.000026 
0.281072 	0.035496 	0.008652 	0.020513 	0.000925 	0.281039 	 0.000021 
0.278004 	0.029921 	0.007625 	0.017644 	0.000626 	0.278004 	 0.000003 
0.275937 	0.032299 	0.007143 	0.019981 	0.000780 	0.275943 	 0.000006 
0.276403 	0.034362 	0.008987 	0.020186 	0.000903 	0.276394 	 0.000026 
0.280451 	0.030663 	0.007706 	0.017272 	0.000644 	0.280469 	 -0.000027 
0.272940 	0.032845 	0.007731 	0.019756 	0.000841 	0.272918 	 0.000015 
0.270405 	0.036059 	0.009059 	0.021108 	0.000951 	0.270386 	 0.000014 
0.277126 	0.033423 	0.008030 	0.019750 	0.000913 	0.277150 	 -0.000029 
0.280319 	0.025485 	0.005893 	0.015739 	0.000387 	0.280354 	 -0.000039 
0.279410 	0.035236 	0.008211 	0.021013 	0.000870 	0.279391 	 0.000029 
0.278850 	0.035130 	0.008864 	0.019992 	0.000886 	0.278842 	 -0.000000 
0.276238 	0.034368 	0.008498 	0.019940 	0.000897 	0.276247 	 -0.000007 
0.275133 	0.038312 	0.009175 	0.023149 	0.001097 	0.275138 	 0.000003 
0.270206 	0.035378 	0.009156 	0.020351 	0.000982 	0.270217 	 -0.000007 
0.272953 	0.029608 	0.007341 	0.017538 	0.000561 	0.272968 	 -0.000004 
0.281415 	0.032971 	0.008316 	0.019247 	0.000756 	0.281395 	 0.000023 
0.273380 	0.039606 	0.009290 	0.023937 	0.001123 	0.273352 	 0.000014 
0.270166 	0.034300 	0.007776 	0.020906 	0.000886 	0.270148 	 0.000028 
0.268383 	0.036633 	0.009234 	0.021713 	0.000913 	0.268340 	 0.000032 
0.271157 	0.037600 	0.009620 	0.022071 	0.001039 	0.271158 	 -0.000011 
0.279151 	0.032463 	0.007901 	0.019048 	0.000706 	0.279146 	 0.000005 
0.270098 	0.034522 	0.008311 	0.020675 	0.000786 	0.270078 	 0.000020 
0.274352 	0.033658 	0.008268 	0.019617 	0.000890 	0.274365 	 -0.000008 
0.278872 	0.030100 	0.008107 	0.016438 	0.000656 	0.278890 	 -0.000028 
0.273194 	0.035835 	0.010142 	0.019167 	0.000943 	0.273205 	 -0.000006 
0.262655 	0.038083 	0.009673 	0.022568 	0.001066 	0.262647 	 0.000002 
0.262961 	0.035369 	0.008483 	0.022427 	0.000905 	0.262951 	 0.000013 
0.268242 	0.040575 	0.010584 	0.024250 	0.001160 	0.268261 	 -0.000014 
0.256315 	0.037545 	0.010914 	0.020507 	0.001028 	0.256338 	 -0.000008 
0.265915 	0.038116 	0.009897 	0.021813 	0.001108 	0.265920 	 -0.000001 
0.264221 	0.038675 	0.009387 	0.023560 	0.001052 	0.264249 	 -0.000023 
0.271295 	0.036204 	0.008761 	0.021639 	0.000896 	0.271242 	 0.000045 
0.270652 	0.034637 	0.008782 	0.020101 	0.000820 	0.270649 	 0.000007 
0.277678 	0.037550 	0.009852 	0.021340 	0.001033 	0.277658 	 0.000014 
0.261051 	0.037949 	0.009929 	0.021944 	0.000926 	0.261021 	 0.000034 
0.267508 	0.036548 	0.009876 	0.020407 	0.001002 	0.267521 	 -0.000010 
0.258713 	0.038846 	0.010079 	0.022925 	0.001027 	0.258672 	 0.000043 
0.271689 	0.037352 	0.009050 	0.022852 	0.000946 	0.271673 	 0.000023 
0.260854 	0.035116 	0.008951 	0.020352 	0.000891 	0.260855 	 0.000009 
0.263538 	0.039006 	0.010453 	0.022310 	0.001128 	0.263526 	 0.000013 
0.256167 	0.042782 	0.011574 	0.024555 	0.001196 	0.256182 	 -0.000016 
0.265190 	0.037209 	0.009803 	0.021197 	0.000970 	0.265194 	 0.000005 
0.269843 	0.037702 	0.009808 	0.022414 	0.000844 	0.269861 	 -0.000007 
0.265404 	0.039094 	0.009964 	0.022796 	0.001131 	0.265402 	 0.000001 
0.260204 	0.043748 	0.011579 	0.025239 	0.001326 	0.260161 	 0.000044 
0.256995 	0.044453 	0.012172 	0.025353 	0.001342 	0.256977 	 0.000022 
0.264681 	0.038272 	0.010148 	0.021212 	0.001043 	0.264656 	 0.000020 
0.267596 	0.040367 	0.010219 	0.024506 	0.001278 	0.267615 	 -0.000006 
0.259373 	0.039013 	0.010789 	0.022420 	0.001078 	0.259422 	 -0.000043 
0.255726 	0.042194 	0.011952 	0.023533 	0.001304 	0.255711 	 0.000025 
0.262844 	0.036480 	0.010155 	0.020786 	0.000968 	0.262901 	 -0.000052 
0.261366 	0.040642 	0.010914 	0.022682 	0.001181 	0.261389 	 -0.000016 
0.260346 	0.038352 	0.010451 	0.021118 	0.001011 	0.260331 	 0.000009 
0.263084 	0.043282 	0.010696 	0.026106 	0.001285 	0.263075 	 0.000026 
0.264262 	0.036163 	0.010298 	0.019130 	0.000961 	0.264292 	 -0.000042 
0.261803 	0.045003 	0.012504 	0.025346 	0.001409 	0.261815 	 -0.000024 
0.257360 	0.041893 	0.011424 	0.024379 	0.001206 	0.257392 	 -0.000031 
0.247086 	0.041752 	0.012192 	0.021923 	0.001266 	0.247106 	 -0.000016 
0.258890 	0.041346 	0.010787 	0.023914 	0.001262 	0.258910 	 -0.000007 
0.258506 	0.042406 	0.011029 	0.025427 	0.001190 	0.258520 	 -0.000001 
0.257713 	0.039327 	0.011543 	0.021332 	0.001084 	0.257732 	 -0.000020 
0.259478 	0.040707 	0.010745 	0.023403 	0.001142 	0.259460 	 0.000026 
0.256655 	0.044837 	0.011455 	0.026361 	0.001349 	0.256623 	 0.000045 
0.262984 	0.046390 	0.012367 	0.026916 	0.001419 	0.263003 	 -0.000023 
0.256342 	0.043963 	0.011493 	0.026335 	0.001246 	0.256324 	 0.000017 
0.251183 	0.045915 	0.012976 	0.025154 	0.001398 	0.251195 	 -0.000014 
0.251132 	0.046434 	0.011711 	0.027601 	0.001342 	0.251077 	 0.000052 
0.244458 	0.044380 	0.012207 	0.025391 	0.001366 	0.244457 	 -0.000003 
0.253050 	0.045180 	0.011659 	0.026790 	0.001334 	0.252990 	 0.000074 
0.257753 	0.046548 	0.011935 	0.027592 	0.001433 	0.257725 	 0.000018 
0.254987 	0.043840 	0.011683 	0.025150 	0.001360 	0.254970 	 0.000035 
0.255658 	0.045416 	0.012275 	0.025442 	0.001388 	0.255661 	 -0.000010 
0.253866 	0.046839 	0.012466 	0.027412 	0.001399 	0.253837 	 0.000028 
0.255271 	0.043165 	0.012168 	0.023987 	0.001164 	0.255276 	 0.000005 
0.252178 	0.042910 	0.011562 	0.023959 	0.001339 	0.252193 	 -0.000025 
0.253207 	0.045889 	0.012620 	0.026469 	0.001363 	0.253183 	 0.000028 
0.256355 	0.050285 	0.012862 	0.028771 	0.001634 	0.256298 	 0.000051 
0.255798 	0.045024 	0.011845 	0.026342 	0.001363 	0.255781 	 0.000023 
0.251245 	0.045519 	0.013073 	0.025169 	0.001394 	0.251255 	 0.000000 
0.255400 	0.047544 	0.013038 	0.026911 	0.001440 	0.255374 	 0.000022 
0.245280 	0.046869 	0.012796 	0.027067 	0.001467 	0.245296 	 -0.000013 
0.253998 	0.046891 	0.012648 	0.026854 	0.001437 	0.254010 	 0.000014 
0.240119 	0.047130 	0.013390 	0.026906 	0.001425 	0.240138 	 0.000003 
0.253033 	0.050909 	0.013439 	0.030144 	0.001685 	0.252976 	 0.000068 
0.249106 	0.049737 	0.013605 	0.028749 	0.001544 	0.249084 	 0.000033 
0.248785 	0.043610 	0.012336 	0.023693 	0.001295 	0.248800 	 -0.000025 
0.251272 	0.043268 	0.010868 	0.026121 	0.001222 	0.251254 	 0.000038 
0.247897 	0.047932 	0.013518 	0.027162 	0.001494 	0.247889 	 0.000030 
0.259472 	0.047025 	0.011413 	0.028595 	0.001379 	0.259435 	 0.000053 
0.242075 	0.049250 	0.014073 	0.027966 	0.001605 	0.242103 	 -0.000031 
0.256804 	0.044741 	0.011775 	0.025628 	0.001319 	0.256786 	 0.000021 
0.255570 	0.046516 	0.012596 	0.026499 	0.001365 	0.255529 	 0.000057 
0.256878 	0.043943 	0.012176 	0.024802 	0.001270 	0.256866 	 0.000014 
0.248593 	0.047572 	0.013705 	0.026712 	0.001414 	0.248611 	 -0.000013 
0.254270 	0.048216 	0.012981 	0.027292 	0.001404 	0.254258 	 0.000010 
0.257805 	0.049633 	0.013054 	0.029489 	0.001544 	0.257786 	 0.000034 
0.239186 	0.049837 	0.013607 	0.028788 	0.001553 	0.239178 	 0.000026 
0.244562 	0.048935 	0.014403 	0.026810 	0.001529 	0.244589 	 -0.000023 
0.255485 	0.046755 	0.013205 	0.025671 	0.001405 	0.255459 	 -0.000002 
0.244839 	0.047041 	0.012441 	0.027552 	0.001473 	0.244816 	 0.000029 
0.246489 	0.045080 	0.013757 	0.023319 	0.001346 	0.246506 	 -0.000014 
0.242536 	0.045830 	0.012524 	0.026500 	0.001312 	0.242508 	 0.000034 
0.239339 	0.052720 	0.014089 	0.030905 	0.001705 	0.239332 	 0.000039 
0.247198 	0.052429 	0.014541 	0.030692 	0.001684 	0.247183 	 0.000031 
0.246136 	0.052465 	0.014509 	0.029593 	0.001726 	0.246102 	 0.000031 
0.241756 	0.054950 	0.015098 	0.032030 	0.001728 	0.241713 	 0.000059 
0.248176 	0.048319 	0.012723 	0.027880 	0.001393 	0.248132 	 0.000041 
0.245787 	0.053581 	0.014750 	0.030691 	0.001750 	0.245774 	 0.000035 
0.244598 	0.050841 	0.013958 	0.029168 	0.001595 	0.244596 	 0.000012 
0.247642 	0.050486 	0.014043 	0.028801 	0.001541 	0.247619 	 0.000029 
0.240204 	0.050684 	0.013769 	0.029747 	0.001558 	0.240180 	 0.000031 
0.240226 	0.047528 	0.014193 	0.025297 	0.001431 	0.240230 	 0.000003 
0.252339 	0.053605 	0.014597 	0.030603 	0.001716 	0.252322 	 0.000011 
0.242607 	0.048074 	0.012842 	0.027397 	0.001494 	0.242575 	 0.000036 
0.232222 	0.046805 	0.013485 	0.026299 	0.001326 	0.232219 	 0.000013 
0.237190 	0.051731 	0.014366 	0.029059 	0.001676 	0.237165 	 0.000032 
0.244142 	0.051048 	0.014658 	0.028489 	0.001701 	0.244122 	 0.000042 
0.240106 	0.050099 	0.014283 	0.028059 	0.001509 	0.240117 	 -0.000005 
0.238874 	0.053536 	0.014604 	0.031375 	0.001831 	0.238895 	 -0.000015 
0.246301 	0.056907 	0.015400 	0.032833 	0.001869 	0.246294 	 0.000035 
0.244515 	0.050977 	0.014873 	0.027735 	0.001620 	0.244530 	 -0.000014 
0.241280 	0.050903 	0.014892 	0.027719 	0.001600 	0.241291 	 -0.000004 
0.244042 	0.046140 	0.013530 	0.024911 	0.001374 	0.244038 	 -0.000004 
0.242085 	0.055218 	0.015145 	0.030806 	0.001802 	0.242020 	 0.000068 
0.242332 	0.052936 	0.014377 	0.030300 	0.001649 	0.242304 	 0.000039 
0.247585 	0.053785 	0.014491 	0.031004 	0.001705 	0.247574 	 0.000019 
0.246147 	0.049016 	0.014480 	0.026913 	0.001549 	0.246154 	 -0.000001 
0.232485 	0.049737 	0.015220 	0.026200 	0.001534 	0.232478 	 -0.000004 
0.243495 	0.052731 	0.014741 	0.029674 	0.001665 	0.243489 	 0.000014 
0.239342 	0.055830 	0.015888 	0.031562 	0.001829 	0.239333 	 -0.000006 
0.250852 	0.051153 	0.013427 	0.029474 	0.001503 	0.250819 	 0.000030 
0.246418 	0.051426 	0.014442 	0.029088 	0.001552 	0.246401 	 0.000030 
0.231934 	0.054365 	0.016851 	0.028980 	0.001796 	0.231977 	 -0.000029 
0.236011 	0.054866 	0.015424 	0.031772 	0.001792 	0.236001 	 0.000019 
0.247617 	0.050226 	0.014718 	0.027758 	0.001582 	0.247618 	 -0.000006 
0.250063 	0.052672 	0.015174 	0.029202 	0.001726 	0.250059 	 0.000001 
0.227873 	0.055850 	0.017302 	0.030762 	0.001895 	0.227901 	 -0.000010 
0.237969 	0.056685 	0.015937 	0.032207 	0.001836 	0.237950 	 0.000035 
0.237899 	0.055250 	0.015843 	0.031367 	0.001841 	0.237901 	 -0.000019 
0.233694 	0.058431 	0.015854 	0.033924 	0.002032 	0.233658 	 0.000041 
0.233330 	0.056068 	0.016362 	0.031061 	0.001919 	0.233324 	 0.000008 
0.251037 	0.047372 	0.013756 	0.025802 	0.001413 	0.251039 	 -0.000003 
0.244207 	0.053381 	0.015585 	0.029378 	0.001721 	0.244200 	 0.000007 
0.236245 	0.057635 	0.016337 	0.032417 	0.001946 	0.236220 	 0.000027 
0.247281 	0.050858 	0.014878 	0.028029 	0.001569 	0.247313 	 -0.000041 
0.239515 	0.054288 	0.015308 	0.030125 	0.001749 	0.239485 	 0.000019 
0.236219 	0.060199 	0.017728 	0.032977 	0.002087 	0.236206 	 0.000011 
0.229249 	0.053065 	0.015889 	0.028820 	0.001663 	0.229251 	 -0.000002 
0.238487 	0.056642 	0.016386 	0.030709 	0.002004 	0.238481 	 0.000009 
0.240755 	0.053066 	0.015013 	0.029868 	0.001637 	0.240769 	 -0.000021 
0.233863 	0.054239 	0.015921 	0.030536 	0.001783 	0.233855 	 0.000019 
0.231204 	0.058063 	0.017141 	0.032798 	0.001990 	0.231208 	 0.000013 
0.234695 	0.056991 	0.016718 	0.030574 	0.001948 	0.234662 	 0.000028 
0.235516 	0.053868 	0.016169 	0.029634 	0.001761 	0.235539 	 -0.000023 
0.238260 	0.058790 	0.015897 	0.034965 	0.001964 	0.238264 	 0.000009 
0.236581 	0.056471 	0.015837 	0.033028 	0.001857 	0.236579 	 0.000015 
0.233614 	0.055317 	0.016275 	0.030960 	0.001837 	0.233629 	 -0.000023 
0.240418 	0.053392 	0.015564 	0.030871 	0.001709 	0.240429 	 0.000010 
0.236380 	0.054732 	0.015799 	0.029709 	0.001828 	0.236347 	 0.000039 
0.230562 	0.053964 	0.016186 	0.030368 	0.001657 	0.230603 	 -0.000029 
0.232529 	0.057164 	0.017292 	0.031854 	0.001886 	0.232539 	 -0.000011 
0.235816 	0.059117 	0.017038 	0.033575 	0.001984 	0.235791 	 0.000023 
0.225914 	0.062352 	0.017376 	0.036070 	0.002113 	0.225885 	 0.000033 
0.236002 	0.057206 	0.016523 	0.031236 	0.001938 	0.235959 	 0.000043 
0.226616 	0.059208 	0.017484 	0.032442 	0.001918 	0.226616 	 0.000013 
0.113259 	-0.005132 	0.005990 	-0.007855 	-0.000355 	0.113460 	 -0.000203 
0.087410 	-0.008315 	0.003331 	-0.008782 	-0.000516 	0.087522 	 -0.000096 
0.069124 	-0.009578 	0.006361 	-0.012315 	-0.000384 	0.069385 	 -0.000215 
0.096624 	-0.010640 	0.008992 	-0.017350 	-0.000500 	0.096944 	 -0.000330 
0.117112 	-0.009934 	0.007513 	-0.017370 	-0.000393 	0.117336 	 -0.000250 
0.115460 	-0.005288 	0.005447 	-0.007390 	-0.000483 	0.115646 	 -0.000196 
0.107125 	-0.000912 	0.003652 	-0.001409 	-0.000328 	0.107208 	 -0.000076 
0.126719 	-0.000457 	0.004416 	-0.002044 	-0.000179 	0.126817 	 -0.000081 
0.126987 	0.001407 	0.007379 	-0.002732 	-0.000213 	0.127131 	 -0.000137 
0.138627 	-0.003607 	0.003411 	-0.004502 	-0.000519 	0.138720 	 -0.000107 
0.132102 	0.003587 	0.007115 	-0.000712 	-0.000232 	0.132223 	 -0.000095 
0.111217 	0.003436 	0.005918 	0.000146 	-0.000339 	0.111217 	 0.000027 
0.106231 	-0.004551 	0.004498 	-0.005333 	-0.000487 	0.106348 	 -0.000099 
0.136612 	0.007586 	0.007793 	-0.001080 	0.000192 	0.136692 	 -0.000064 
0.125270 	0.004757 	0.007943 	-0.002237 	-0.000316 	0.125374 	 -0.000103 
0.126523 	0.005920 	0.011346 	-0.004499 	-0.000160 	0.126729 	 -0.000225 
0.104681 	0.000158 	0.005972 	-0.002571 	-0.000350 	0.104804 	 -0.000128 
0.096636 	0.004004 	0.005945 	0.001376 	-0.000156 	0.096741 	 -0.000086 
0.088611 	0.003452 	0.007011 	-0.001647 	-0.000136 	0.088736 	 -0.000126 
0.109309 	0.003078 	0.006559 	-0.001418 	-0.000173 	0.109437 	 -0.000129 
0.088627 	0.010232 	0.008450 	0.003120 	0.000216 	0.088732 	 -0.000097 
0.094946 	0.002714 	0.006520 	-0.001841 	-0.000195 	0.095105 	 -0.000163 
0.083528 	0.005442 	0.007023 	0.000244 	-0.000130 	0.083625 	 -0.000110 
0.087543 	0.010181 	0.009240 	0.002730 	0.000176 	0.087685 	 -0.000134 
0.100428 	0.008039 	0.006561 	0.003630 	0.000121 	0.100508 	 -0.000076 
0.094724 	0.010071 	0.007299 	0.004521 	0.000148 	0.094797 	 -0.000076 
0.095920 	0.010947 	0.008515 	0.004385 	0.000206 	0.096045 	 -0.000120 
0.093776 	0.008953 	0.008513 	0.001943 	0.000022 	0.093890 	 -0.000112 
0.090302 	0.008628 	0.008550 	0.001675 	0.000023 	0.090417 	 -0.000111 
0.095770 	0.007877 	0.007972 	0.001879 	0.000146 	0.095870 	 -0.000099 
0.102533 	0.008285 	0.007547 	0.001972 	0.000237 	0.102648 	 -0.000113 
0.096273 	0.003079 	0.007368 	-0.002832 	-0.000151 	0.096365 	 -0.000097 
0.086456 	0.006394 	0.008790 	-0.000664 	0.000061 	0.086599 	 -0.000151 
0.093075 	0.008130 	0.007440 	0.002649 	0.000090 	0.093119 	 -0.000043 
0.089315 	0.008617 	0.008290 	0.000749 	0.000162 	0.089375 	 -0.000068 
0.094019 	0.009685 	0.008767 	0.001557 	0.000196 	0.094100 	 -0.000076 
0.093956 	0.013484 	0.009732 	0.004747 	0.000333 	0.094003 	 -0.000050 
0.088983 	0.012176 	0.008830 	0.003943 	0.000266 	0.089053 	 -0.000080 
0.089758 	0.011914 	0.009177 	0.003487 	0.000171 	0.089822 	 -0.000063 
0.086130 	0.016129 	0.010517 	0.005876 	0.000476 	0.086206 	 -0.000061 
0.071646 	0.011983 	0.010478 	0.001962 	0.000289 	0.071762 	 -0.000111 
0.075248 	0.021587 	0.011060 	0.009760 	0.000810 	0.075289 	 -0.000038 
0.085789 	0.016174 	0.009560 	0.007028 	0.000524 	0.085802 	 -0.000001 
0.081691 	0.016356 	0.009782 	0.007232 	0.000469 	0.081734 	 -0.000030 
0.076543 	0.015780 	0.009886 	0.007413 	0.000500 	0.076618 	 -0.000061 
0.078261 	0.012854 	0.009364 	0.004090 	0.000326 	0.078337 	 -0.000082 
0.077395 	0.017303 	0.010628 	0.006481 	0.000390 	0.077435 	 -0.000027 
0.074562 	0.017655 	0.010420 	0.007087 	0.000600 	0.074602 	 -0.000023 
0.075314 	0.016402 	0.010224 	0.006418 	0.000520 	0.075384 	 -0.000051 
0.067103 	0.021680 	0.011919 	0.009467 	0.000710 	0.067122 	 -0.000028 
0.077982 	0.017682 	0.011315 	0.006082 	0.000604 	0.078047 	 -0.000069 
0.086775 	0.015808 	0.010192 	0.005528 	0.000373 	0.086811 	 -0.000049 
0.073387 	0.016422 	0.011039 	0.005895 	0.000476 	0.073433 	 -0.000032 
0.069864 	0.021168 	0.012099 	0.008099 	0.000767 	0.069870 	 0.000003 
0.067318 	0.013562 	0.010589 	0.003233 	0.000294 	0.067403 	 -0.000085 
0.078862 	0.016085 	0.012227 	0.003436 	0.000483 	0.078947 	 -0.000099 
0.064055 	0.019157 	0.011160 	0.007871 	0.000612 	0.064087 	 -0.000042 
0.073604 	0.020824 	0.012462 	0.007322 	0.000727 	0.073631 	 -0.000041 
0.073294 	0.017425 	0.010256 	0.007034 	0.000597 	0.073305 	 0.000004 
0.073025 	0.016857 	0.011700 	0.004426 	0.000452 	0.073078 	 -0.000048 
0.068542 	0.022180 	0.012651 	0.008461 	0.000804 	0.068562 	 -0.000023 
0.062348 	0.020209 	0.011494 	0.008073 	0.000654 	0.062364 	 -0.000008 
0.062470 	0.020403 	0.011705 	0.008765 	0.000534 	0.062476 	 0.000013 
0.074625 	0.023630 	0.013478 	0.008525 	0.000769 	0.074653 	 -0.000029 
0.069132 	0.018496 	0.010736 	0.007067 	0.000472 	0.069112 	 0.000018 
0.067320 	0.022872 	0.012586 	0.009465 	0.000726 	0.067328 	 0.000006 
0.065437 	0.020495 	0.011891 	0.007454 	0.000689 	0.065442 	 -0.000002 
0.078864 	0.019530 	0.011261 	0.007519 	0.000626 	0.078898 	 -0.000026 
0.067114 	0.024595 	0.012786 	0.010047 	0.000866 	0.067088 	 0.000041 
0.080061 	0.022811 	0.012745 	0.008456 	0.000831 	0.080085 	 -0.000030 
0.064811 	0.024611 	0.013876 	0.009072 	0.001046 	0.064840 	 -0.000032 
0.060480 	0.027514 	0.013532 	0.012530 	0.001163 	0.060462 	 0.000035 
0.060448 	0.027082 	0.013753 	0.011216 	0.000922 	0.060398 	 0.000048 
0.070242 	0.024129 	0.013350 	0.009735 	0.000823 	0.070266 	 -0.000032 
0.063587 	0.019391 	0.012661 	0.005161 	0.000651 	0.063619 	 -0.000036 
0.055737 	0.030440 	0.013528 	0.015423 	0.001166 	0.055654 	 0.000088 
0.067433 	0.027311 	0.014335 	0.010347 	0.000962 	0.067410 	 0.000018 
0.049878 	0.030558 	0.014547 	0.014419 	0.001168 	0.049841 	 0.000035 
0.065975 	0.024393 	0.013436 	0.008918 	0.000810 	0.065984 	 -0.000010 
0.058425 	0.029055 	0.015100 	0.011309 	0.000996 	0.058393 	 0.000024 
0.059834 	0.029077 	0.014837 	0.012002 	0.001189 	0.059834 	 0.000009 
0.061402 	0.027725 	0.014595 	0.010647 	0.001141 	0.061381 	 0.000013 
0.063533 	0.028035 	0.014424 	0.010934 	0.000950 	0.063509 	 0.000017 
0.069073 	0.024894 	0.012916 	0.009866 	0.000807 	0.069041 	 0.000031 
0.055692 	0.031836 	0.015774 	0.014011 	0.001293 	0.055693 	 -0.000003 
0.073052 	0.022447 	0.012541 	0.008230 	0.000749 	0.073021 	 0.000025 
0.055068 	0.026573 	0.014677 	0.009245 	0.000917 	0.055040 	 0.000034 
0.060634 	0.028765 	0.014424 	0.012118 	0.001116 	0.060621 	 0.000012 
0.055977 	0.031680 	0.015907 	0.012865 	0.001239 	0.055933 	 0.000043 
0.061322 	0.028757 	0.014409 	0.011839 	0.001063 	0.061273 	 0.000048 
0.063531 	0.027710 	0.014142 	0.011759 	0.001163 	0.063507 	 0.000028 
0.057441 	0.031788 	0.015211 	0.014130 	0.001336 	0.057430 	 0.000007 
0.056322 	0.029011 	0.015236 	0.011416 	0.001073 	0.056306 	 0.000019 
0.059608 	0.024221 	0.014362 	0.007832 	0.000804 	0.059628 	 -0.000021 
0.057155 	0.034229 	0.016051 	0.015010 	0.001336 	0.057118 	 0.000034 
0.066275 	0.030336 	0.014870 	0.012418 	0.001219 	0.066248 	 0.000034 
0.068088 	0.032613 	0.015125 	0.014854 	0.001278 	0.068024 	 0.000066 
0.048171 	0.028258 	0.015496 	0.010754 	0.001049 	0.048146 	 0.000015 
0.054094 	0.031524 	0.016910 	0.010887 	0.001299 	0.054095 	 -0.000009 
0.057882 	0.027775 	0.014186 	0.011069 	0.001121 	0.057867 	 0.000016 
0.070797 	0.033766 	0.016760 	0.013258 	0.001292 	0.070790 	 0.000010 
0.071809 	0.029163 	0.015460 	0.010465 	0.001109 	0.071762 	 0.000046 
0.053557 	0.032863 	0.017048 	0.012465 	0.001336 	0.053535 	 0.000030 
0.064393 	0.029926 	0.015040 	0.011476 	0.001065 	0.064316 	 0.000078 
0.064038 	0.030939 	0.016668 	0.010928 	0.001223 	0.064038 	 -0.000017 
0.060624 	0.033055 	0.016634 	0.012952 	0.001393 	0.060585 	 0.000033 
0.068573 	0.029844 	0.015841 	0.011061 	0.001086 	0.068564 	 0.000002 
0.055098 	0.030931 	0.016490 	0.011144 	0.001293 	0.055062 	 0.000036 
0.063649 	0.030788 	0.016189 	0.010854 	0.001225 	0.063627 	 0.000016 
0.063730 	0.031521 	0.016627 	0.011984 	0.001197 	0.063712 	 0.000015 
0.063846 	0.028646 	0.016508 	0.007928 	0.001153 	0.063852 	 -0.000021 
0.053112 	0.032901 	0.017245 	0.012706 	0.001333 	0.053103 	 0.000015 
0.054809 	0.026838 	0.014979 	0.009779 	0.000969 	0.054797 	 -0.000003 
0.061108 	0.030563 	0.015860 	0.011347 	0.001231 	0.061118 	 -0.000002 
0.070549 	0.029166 	0.015178 	0.010816 	0.001096 	0.070492 	 0.000048 
0.061834 	0.034336 	0.016913 	0.014012 	0.001334 	0.061784 	 0.000040 
0.059540 	0.029971 	0.016881 	0.008997 	0.001181 	0.059506 	 0.000026 
0.058452 	0.036465 	0.016717 	0.015832 	0.001465 	0.058378 	 0.000076 
0.053923 	0.031930 	0.017138 	0.010882 	0.001263 	0.053899 	 0.000023 
0.064745 	0.030408 	0.014831 	0.012305 	0.001196 	0.064698 	 0.000051 
0.064498 	0.030456 	0.015312 	0.011318 	0.001098 	0.064440 	 0.000062 
0.059428 	0.036607 	0.017484 	0.015513 	0.001494 	0.059357 	 0.000067 
0.053500 	0.028530 	0.015521 	0.009849 	0.001153 	0.053471 	 0.000031 
0.060357 	0.033396 	0.017546 	0.011207 	0.001406 	0.060341 	 0.000009 
0.060958 	0.031930 	0.016445 	0.011046 	0.001267 	0.060937 	 0.000011 
0.071268 	0.030764 	0.016304 	0.010223 	0.001171 	0.071210 	 0.000055 
0.049699 	0.034574 	0.016460 	0.015141 	0.001395 	0.049667 	 0.000042 
0.058485 	0.032831 	0.016301 	0.012909 	0.001329 	0.058460 	 0.000036 
0.058781 	0.034479 	0.016422 	0.014464 	0.001369 	0.058694 	 0.000082 
0.060408 	0.031635 	0.017138 	0.010658 	0.001310 	0.060344 	 0.000044 
0.053868 	0.031134 	0.016566 	0.010635 	0.001279 	0.053825 	 0.000024 
0.055250 	0.038221 	0.017938 	0.015948 	0.001562 	0.055175 	 0.000078 
0.057423 	0.027736 	0.015966 	0.007829 	0.001037 	0.057403 	 0.000021 
0.054557 	0.032821 	0.018240 	0.009584 	0.001376 	0.054532 	 0.000001 
0.066516 	0.029524 	0.015579 	0.010286 	0.001165 	0.066452 	 0.000071 
0.056564 	0.037526 	0.016632 	0.016784 	0.001588 	0.056473 	 0.000094 
0.062456 	0.035052 	0.016654 	0.014319 	0.001442 	0.062396 	 0.000059 
0.051003 	0.037582 	0.016817 	0.017051 	0.001516 	0.050896 	 0.000110 
0.048872 	0.037253 	0.018250 	0.014483 	0.001537 	0.048823 	 0.000054 
0.061102 	0.032734 	0.016638 	0.012565 	0.001233 	0.061037 	 0.000064 
0.049133 	0.036123 	0.018658 	0.012657 	0.001509 	0.049081 	 0.000040 
0.058208 	0.028100 	0.016277 	0.008008 	0.001027 	0.058180 	 0.000009 
0.063153 	0.035689 	0.017381 	0.013715 	0.001358 	0.063092 	 0.000054 
0.052062 	0.032809 	0.017211 	0.010634 	0.001325 	0.052017 	 0.000032 
0.052340 	0.038913 	0.018298 	0.016140 	0.001624 	0.052255 	 0.000078 
0.054256 	0.033363 	0.016340 	0.013215 	0.001350 	0.054173 	 0.000090 
0.055271 	0.034954 	0.018132 	0.012784 	0.001478 	0.055241 	 0.000026 
0.053275 	0.033686 	0.016893 	0.012227 	0.001297 	0.053208 	 0.000061 
0.062171 	0.033494 	0.018036 	0.009934 	0.001341 	0.062145 	 0.000013 
0.044034 	0.040040 	0.018253 	0.017574 	0.001666 	0.043956 	 0.000086 
0.045784 	0.030532 	0.018189 	0.008225 	0.001188 	0.045771 	 -0.000016 
0.058188 	0.037900 	0.019233 	0.013653 	0.001587 	0.058156 	 0.000030 
0.058456 	0.034747 	0.017077 	0.013992 	0.001472 	0.058427 	 0.000042 
0.058174 	0.036190 	0.016913 	0.015053 	0.001341 	0.058088 	 0.000089 
0.049702 	0.032823 	0.017123 	0.011513 	0.001305 	0.049626 	 0.000081 
0.051069 	0.036708 	0.016747 	0.015359 	0.001569 	0.050952 	 0.000109 
0.049129 	0.038722 	0.019039 	0.014603 	0.001583 	0.049050 	 0.000094 
0.056268 	0.038920 	0.018283 	0.015662 	0.001595 	0.056199 	 0.000078 
0.054097 	0.037327 	0.018534 	0.014072 	0.001560 	0.054054 	 0.000035 
0.051609 	0.040960 	0.019911 	0.015142 	0.001826 	0.051558 	 0.000036 
0.050935 	0.036359 	0.018722 	0.012891 	0.001487 	0.050907 	 0.000024 
0.053742 	0.038566 	0.017614 	0.016514 	0.001545 	0.053654 	 0.000092 
0.054832 	0.037027 	0.018557 	0.013768 	0.001528 	0.054742 	 0.000080 
0.052469 	0.040129 	0.019485 	0.014713 	0.001718 	0.052378 	 0.000084 
0.053898 	0.038298 	0.018291 	0.014957 	0.001649 	0.053818 	 0.000084 
0.057662 	0.038465 	0.018139 	0.016531 	0.001527 	0.057557 	 0.000124 
0.051165 	0.037063 	0.018020 	0.014183 	0.001617 	0.051108 	 0.000035 
0.052314 	0.039056 	0.018945 	0.014669 	0.001607 	0.052217 	 0.000087 
0.051610 	0.037683 	0.018929 	0.013788 	0.001525 	0.051572 	 0.000046 
0.045841 	0.035938 	0.018610 	0.012554 	0.001587 	0.045805 	 0.000032 
0.046449 	0.034493 	0.018332 	0.011013 	0.001505 	0.046373 	 0.000072 
0.062506 	0.032180 	0.017001 	0.011454 	0.001358 	0.062459 	 0.000051 
0.051505 	0.038349 	0.018592 	0.014511 	0.001585 	0.051431 	 0.000076 
0.046864 	0.036039 	0.018307 	0.012626 	0.001516 	0.046824 	 0.000042 
0.056579 	0.035954 	0.018156 	0.013432 	0.001476 	0.056524 	 0.000052 
0.055810 	0.035229 	0.018572 	0.011342 	0.001503 	0.055749 	 0.000054 
0.051058 	0.037336 	0.018384 	0.013696 	0.001555 	0.050968 	 0.000077 
0.069927 	0.038361 	0.017767 	0.014924 	0.001580 	0.069822 	 0.000092 
0.054073 	0.034180 	0.017024 	0.012576 	0.001395 	0.054003 	 0.000072 
0.044819 	0.039472 	0.019577 	0.014337 	0.001653 	0.044736 	 0.000078 
0.055928 	0.039338 	0.020258 	0.013164 	0.001627 	0.055864 	 0.000054 
0.060699 	0.037658 	0.019181 	0.013766 	0.001513 	0.060630 	 0.000056 
0.061577 	0.036809 	0.019083 	0.011901 	0.001448 	0.061522 	 0.000022 
0.063061 	0.038261 	0.018150 	0.015019 	0.001528 	0.062985 	 0.000064 
0.057250 	0.036736 	0.018596 	0.012848 	0.001478 	0.057174 	 0.000060 
0.068288 	0.038936 	0.019034 	0.014046 	0.001532 	0.068232 	 0.000054 
0.057417 	0.036909 	0.017812 	0.014830 	0.001504 	0.057348 	 0.000071 
0.056860 	0.038707 	0.020244 	0.012924 	0.001533 	0.056798 	 0.000058 
0.063724 	0.037004 	0.017853 	0.013615 	0.001459 	0.063622 	 0.000073 
0.056330 	0.035662 	0.018286 	0.011974 	0.001335 	0.056236 	 0.000088 
0.061690 	0.038071 	0.019613 	0.012359 	0.001623 	0.061625 	 0.000041 
0.059543 	0.040301 	0.019343 	0.015781 	0.001634 	0.059508 	 0.000033 
0.055161 	0.040585 	0.019040 	0.015902 	0.001547 	0.055051 	 0.000110 
0.059869 	0.035520 	0.018694 	0.011516 	0.001453 	0.059820 	 0.000027 
0.066966 	0.036004 	0.017977 	0.013013 	0.001436 	0.066888 	 0.000073 
0.061043 	0.035292 	0.018619 	0.011033 	0.001375 	0.060993 	 0.000036 
0.049600 	0.042663 	0.019935 	0.016868 	0.001770 	0.049511 	 0.000089 
0.046236 	0.036529 	0.019611 	0.011852 	0.001436 	0.046189 	 0.000046 
0.076839 	0.035911 	0.018483 	0.010787 	0.001439 	0.076781 	 0.000044 
0.072069 	0.034961 	0.017886 	0.012617 	0.001258 	0.071999 	 0.000071 
0.067885 	0.038076 	0.018330 	0.013395 	0.001553 	0.067797 	 0.000066 
0.057644 	0.037930 	0.018470 	0.014172 	0.001561 	0.057569 	 0.000068 
0.062610 	0.037928 	0.018425 	0.013175 	0.001516 	0.062517 	 0.000073 
0.058471 	0.035306 	0.018558 	0.011809 	0.001401 	0.058411 	 0.000067 
0.071221 	0.035937 	0.017304 	0.013049 	0.001365 	0.071134 	 0.000083 
0.052030 	0.041122 	0.019786 	0.014763 	0.001608 	0.051923 	 0.000093 
0.060871 	0.038809 	0.018587 	0.014683 	0.001616 	0.060793 	 0.000061 
0.061252 	0.038889 	0.019613 	0.013693 	0.001544 	0.061198 	 0.000064 
0.062965 	0.038681 	0.018484 	0.014230 	0.001627 	0.062876 	 0.000080 
0.061725 	0.038735 	0.018966 	0.013758 	0.001587 	0.061609 	 0.000109 
0.087304 	0.035831 	0.017985 	0.013993 	0.001344 	0.087210 	 0.000086 
