1.903852e-001 4.473154e-002 3.236352e-002 2.700783e-003 2.237231e-002 
1.901405e-001 4.488405e-002 3.211917e-002 6.191711e-003 2.237717e-002 
1.898960e-001 4.503660e-002 3.188913e-002 9.550192e-003 2.238204e-002 
1.896516e-001 4.518918e-002 3.167276e-002 1.278089e-002 2.238690e-002 
1.894073e-001 4.534181e-002 3.146944e-002 1.588831e-002 2.239177e-002 
1.891632e-001 4.549447e-002 3.127858e-002 1.887679e-002 2.239663e-002 
1.889192e-001 4.564718e-002 3.109963e-002 2.175052e-002 2.240150e-002 
1.886753e-001 4.579992e-002 3.093205e-002 2.451355e-002 2.240637e-002 
1.884316e-001 4.595270e-002 3.077534e-002 2.716978e-002 2.241124e-002 
1.881880e-001 4.610552e-002 3.062900e-002 2.972298e-002 2.241611e-002 
1.879446e-001 4.625838e-002 3.049257e-002 3.217678e-002 2.242098e-002 
1.877013e-001 4.641128e-002 3.036562e-002 3.453469e-002 2.242585e-002 
1.874582e-001 4.656422e-002 3.024771e-002 3.680009e-002 2.243072e-002 
1.872151e-001 4.671720e-002 3.013845e-002 3.897626e-002 2.243559e-002 
1.869723e-001 4.687021e-002 3.003744e-002 4.106633e-002 2.244047e-002 
1.867295e-001 4.702327e-002 2.994433e-002 4.307336e-002 2.244534e-002 
1.864869e-001 4.717636e-002 2.985876e-002 4.500027e-002 2.245022e-002 
1.862445e-001 4.732950e-002 2.978039e-002 4.684991e-002 2.245509e-002 
1.860022e-001 4.748267e-002 2.970891e-002 4.862499e-002 2.245997e-002 
1.857600e-001 4.763588e-002 2.964401e-002 5.032817e-002 2.246484e-002 
1.855180e-001 4.778913e-002 2.958540e-002 5.196197e-002 2.246972e-002 
1.852761e-001 4.794243e-002 2.953280e-002 5.352887e-002 2.247460e-002 
1.850343e-001 4.809576e-002 2.948595e-002 5.503122e-002 2.247948e-002 
1.847927e-001 4.824912e-002 2.944460e-002 5.647132e-002 2.248436e-002 
1.845512e-001 4.840253e-002 2.940850e-002 5.785137e-002 2.248924e-002 
1.843098e-001 4.855598e-002 2.937742e-002 5.917350e-002 2.249412e-002 
1.840686e-001 4.870947e-002 2.935114e-002 6.043976e-002 2.249900e-002 
1.838276e-001 4.886300e-002 2.932946e-002 6.165214e-002 2.250388e-002 
1.835866e-001 4.901656e-002 2.931217e-002 6.281255e-002 2.250877e-002 
1.833459e-001 4.917017e-002 2.929908e-002 6.392284e-002 2.251365e-002 
1.831052e-001 4.932381e-002 2.929001e-002 6.498478e-002 2.251854e-002 
1.828647e-001 4.947750e-002 2.928478e-002 6.600010e-002 2.252342e-002 
1.826243e-001 4.963122e-002 2.928323e-002 6.697046e-002 2.252831e-002 
1.823841e-001 4.978499e-002 2.928521e-002 6.789745e-002 2.253319e-002 
1.821440e-001 4.993879e-002 2.929055e-002 6.878263e-002 2.253808e-002 
1.819040e-001 5.009263e-002 2.929911e-002 6.962747e-002 2.254297e-002 
1.816642e-001 5.024652e-002 2.931076e-002 7.043342e-002 2.254786e-002 
1.814245e-001 5.040044e-002 2.932537e-002 7.120187e-002 2.255275e-002 
1.811850e-001 5.055440e-002 2.934281e-002 7.193415e-002 2.255764e-002 
1.809455e-001 5.070840e-002 2.936295e-002 7.263157e-002 2.256253e-002 
1.807063e-001 5.086245e-002 2.938570e-002 7.329535e-002 2.256742e-002 
1.804671e-001 5.101653e-002 2.941092e-002 7.392672e-002 2.257231e-002 
1.802281e-001 5.117065e-002 2.943853e-002 7.452682e-002 2.257721e-002 
1.799893e-001 5.132481e-002 2.946843e-002 7.509679e-002 2.258210e-002 
1.797506e-001 5.147901e-002 2.950051e-002 7.563769e-002 2.258699e-002 
1.795120e-001 5.163325e-002 2.953469e-002 7.615057e-002 2.259189e-002 
1.792735e-001 5.178753e-002 2.957088e-002 7.663645e-002 2.259679e-002 
1.790352e-001 5.194185e-002 2.960899e-002 7.709629e-002 2.260168e-002 
1.787970e-001 5.209621e-002 2.964896e-002 7.753102e-002 2.260658e-002 
1.785590e-001 5.225061e-002 2.969071e-002 7.794156e-002 2.261148e-002 
1.783211e-001 5.240505e-002 2.973416e-002 7.832877e-002 2.261638e-002 
1.780833e-001 5.255953e-002 2.977924e-002 7.869350e-002 2.262128e-002 
1.778457e-001 5.271406e-002 2.982590e-002 7.903656e-002 2.262618e-002 
1.776082e-001 5.286862e-002 2.987406e-002 7.935873e-002 2.263108e-002 
1.773708e-001 5.302322e-002 2.992368e-002 7.966077e-002 2.263598e-002 
1.771336e-001 5.317786e-002 2.997468e-002 7.994341e-002 2.264088e-002 
1.768965e-001 5.333254e-002 3.002703e-002 8.020736e-002 2.264578e-002 
1.766596e-001 5.348726e-002 3.008066e-002 8.045328e-002 2.265069e-002 
1.764228e-001 5.364202e-002 3.013553e-002 8.068185e-002 2.265559e-002 
1.761861e-001 5.379682e-002 3.019159e-002 8.089369e-002 2.266050e-002 
1.759496e-001 5.395167e-002 3.024880e-002 8.108941e-002 2.266540e-002 
1.757132e-001 5.410655e-002 3.030712e-002 8.126960e-002 2.267031e-002 
1.754769e-001 5.426147e-002 3.036649e-002 8.143483e-002 2.267522e-002 
1.752408e-001 5.441643e-002 3.042689e-002 8.158564e-002 2.268012e-002 
1.750048e-001 5.457144e-002 3.048828e-002 8.172258e-002 2.268503e-002 
1.747689e-001 5.472648e-002 3.055062e-002 8.184614e-002 2.268994e-002 
1.745332e-001 5.488156e-002 3.061388e-002 8.195682e-002 2.269485e-002 
1.742976e-001 5.503669e-002 3.067803e-002 8.205510e-002 2.269976e-002 
1.740622e-001 5.519185e-002 3.074303e-002 8.214143e-002 2.270467e-002 
1.738269e-001 5.534706e-002 3.080886e-002 8.221626e-002 2.270958e-002 
1.735917e-001 5.550230e-002 3.087549e-002 8.228001e-002 2.271450e-002 
1.733566e-001 5.565759e-002 3.094289e-002 8.233309e-002 2.271941e-002 
1.731217e-001 5.581292e-002 3.101103e-002 8.237591e-002 2.272432e-002 
1.728869e-001 5.596828e-002 3.107990e-002 8.240884e-002 2.272924e-002 
1.726523e-001 5.612369e-002 3.114947e-002 8.243226e-002 2.273415e-002 
1.724178e-001 5.627914e-002 3.121972e-002 8.244652e-002 2.273907e-002 
1.721834e-001 5.643463e-002 3.129063e-002 8.245197e-002 2.274399e-002 
1.719492e-001 5.659016e-002 3.136217e-002 8.244894e-002 2.274891e-002 
1.717151e-001 5.674573e-002 3.143433e-002 8.243775e-002 2.275382e-002 
1.714811e-001 5.690134e-002 3.150709e-002 8.241871e-002 2.275874e-002 
1.712473e-001 5.705699e-002 3.158043e-002 8.239211e-002 2.276366e-002 
1.710136e-001 5.721269e-002 3.165434e-002 8.235825e-002 2.276858e-002 
1.707800e-001 5.736842e-002 3.172880e-002 8.231740e-002 2.277350e-002 
1.705466e-001 5.752420e-002 3.180380e-002 8.226984e-002 2.277843e-002 
1.703133e-001 5.768001e-002 3.187932e-002 8.221581e-002 2.278335e-002 
1.700802e-001 5.783587e-002 3.195534e-002 8.215557e-002 2.278827e-002 
1.698471e-001 5.799176e-002 3.203186e-002 8.208937e-002 2.279320e-002 
1.696142e-001 5.814770e-002 3.210887e-002 8.201742e-002 2.279812e-002 
1.693815e-001 5.830368e-002 3.218634e-002 8.193996e-002 2.280305e-002 
1.691489e-001 5.845970e-002 3.226428e-002 8.185720e-002 2.280797e-002 
1.689164e-001 5.861576e-002 3.234266e-002 8.176935e-002 2.281290e-002 
1.686840e-001 5.877186e-002 3.242148e-002 8.167661e-002 2.281783e-002 
1.684518e-001 5.892801e-002 3.250074e-002 8.157918e-002 2.282275e-002 
1.682197e-001 5.908419e-002 3.258041e-002 8.147724e-002 2.282768e-002 
1.679878e-001 5.924042e-002 3.266050e-002 8.137097e-002 2.283261e-002 
1.677559e-001 5.939668e-002 3.274098e-002 8.126055e-002 2.283754e-002 
1.675243e-001 5.955299e-002 3.282187e-002 8.114614e-002 2.284247e-002 
1.672927e-001 5.970934e-002 3.290314e-002 8.102791e-002 2.284740e-002 
1.670613e-001 5.986573e-002 3.298479e-002 8.090601e-002 2.285234e-002 
1.668300e-001 6.002216e-002 3.306682e-002 8.078060e-002 2.285727e-002 
1.665988e-001 6.017863e-002 3.314922e-002 8.065181e-002 2.286220e-002 
1.663678e-001 6.033515e-002 3.323197e-002 8.051980e-002 2.286714e-002 
1.661369e-001 6.049170e-002 3.331509e-002 8.038468e-002 2.287207e-002 
1.659062e-001 6.064830e-002 3.339855e-002 8.024660e-002 2.287701e-002 
1.656756e-001 6.080493e-002 3.348236e-002 8.010569e-002 2.288194e-002 
1.654451e-001 6.096161e-002 3.356650e-002 7.996205e-002 2.288688e-002 
1.652147e-001 6.111833e-002 3.365099e-002 7.981581e-002 2.289182e-002 
1.649845e-001 6.127509e-002 3.373580e-002 7.966709e-002 2.289676e-002 
1.647544e-001 6.143190e-002 3.382094e-002 7.951599e-002 2.290170e-002 
1.645244e-001 6.158874e-002 3.390641e-002 7.936261e-002 2.290664e-002 
1.642946e-001 6.174563e-002 3.399219e-002 7.920706e-002 2.291158e-002 
1.640649e-001 6.190256e-002 3.407829e-002 7.904943e-002 2.291652e-002 
1.638354e-001 6.205952e-002 3.416470e-002 7.888982e-002 2.292146e-002 
1.636059e-001 6.221654e-002 3.425142e-002 7.872833e-002 2.292640e-002 
1.633766e-001 6.237359e-002 3.433844e-002 7.856503e-002 2.293135e-002 
1.631475e-001 6.253068e-002 3.442577e-002 7.840001e-002 2.293629e-002 
1.629184e-001 6.268782e-002 3.451339e-002 7.823335e-002 2.294124e-002 
1.626895e-001 6.284500e-002 3.460131e-002 7.806514e-002 2.294618e-002 
1.624608e-001 6.300221e-002 3.468953e-002 7.789544e-002 2.295113e-002 
1.622321e-001 6.315947e-002 3.477804e-002 7.772434e-002 2.295607e-002 
1.620036e-001 6.331678e-002 3.486684e-002 7.755189e-002 2.296102e-002 
1.617753e-001 6.347412e-002 3.495593e-002 7.737818e-002 2.296597e-002 
1.615470e-001 6.363151e-002 3.504531e-002 7.720326e-002 2.297092e-002 
1.613189e-001 6.378894e-002 3.513497e-002 7.702719e-002 2.297587e-002 
1.610909e-001 6.394641e-002 3.522491e-002 7.685005e-002 2.298082e-002 
1.608631e-001 6.410392e-002 3.531514e-002 7.667188e-002 2.298577e-002 
1.606354e-001 6.426147e-002 3.540564e-002 7.649274e-002 2.299072e-002 
1.604078e-001 6.441907e-002 3.549643e-002 7.631269e-002 2.299567e-002 
1.601803e-001 6.457670e-002 3.558749e-002 7.613178e-002 2.300063e-002 
1.599530e-001 6.473438e-002 3.567883e-002 7.595007e-002 2.300558e-002 
1.597258e-001 6.489210e-002 3.577044e-002 7.576759e-002 2.301054e-002 
1.594988e-001 6.504987e-002 3.586232e-002 7.558440e-002 2.301549e-002 
1.592718e-001 6.520767e-002 3.595448e-002 7.540054e-002 2.302045e-002 
1.590450e-001 6.536552e-002 3.604691e-002 7.521606e-002 2.302540e-002 
1.588184e-001 6.552341e-002 3.613962e-002 7.503099e-002 2.303036e-002 
1.585918e-001 6.568134e-002 3.623259e-002 7.484539e-002 2.303532e-002 
1.583654e-001 6.583932e-002 3.632583e-002 7.465928e-002 2.304028e-002 
1.581392e-001 6.599733e-002 3.641934e-002 7.447270e-002 2.304524e-002 
1.579130e-001 6.615539e-002 3.651312e-002 7.428570e-002 2.305020e-002 
1.576870e-001 6.631349e-002 3.660717e-002 7.409830e-002 2.305516e-002 
1.574611e-001 6.647163e-002 3.670149e-002 7.391055e-002 2.306012e-002 
1.572354e-001 6.662982e-002 3.679607e-002 7.372246e-002 2.306508e-002 
1.570097e-001 6.678805e-002 3.689092e-002 7.353408e-002 2.307004e-002 
1.567842e-001 6.694632e-002 3.698604e-002 7.334544e-002 2.307501e-002 
1.565589e-001 6.710463e-002 3.708142e-002 7.315655e-002 2.307997e-002 
1.563336e-001 6.726298e-002 3.717707e-002 7.296746e-002 2.308493e-002 
1.561085e-001 6.742138e-002 3.727299e-002 7.277818e-002 2.308990e-002 
1.558836e-001 6.757982e-002 3.736917e-002 7.258875e-002 2.309487e-002 
1.556587e-001 6.773830e-002 3.746562e-002 7.239919e-002 2.309983e-002 
1.554340e-001 6.789683e-002 3.756233e-002 7.220952e-002 2.310480e-002 
1.552094e-001 6.805539e-002 3.765931e-002 7.201976e-002 2.310977e-002 
1.549850e-001 6.821400e-002 3.775655e-002 7.182994e-002 2.311474e-002 
1.547606e-001 6.837266e-002 3.785406e-002 7.164008e-002 2.311971e-002 
1.545364e-001 6.853135e-002 3.795184e-002 7.145020e-002 2.312468e-002 
1.543124e-001 6.869009e-002 3.804988e-002 7.126032e-002 2.312965e-002 
1.540884e-001 6.884887e-002 3.814818e-002 7.107046e-002 2.313462e-002 
1.538646e-001 6.900769e-002 3.824676e-002 7.088064e-002 2.313959e-002 
1.536410e-001 6.916655e-002 3.834560e-002 7.069087e-002 2.314457e-002 
1.534174e-001 6.932546e-002 3.844470e-002 7.050117e-002 2.314954e-002 
1.531940e-001 6.948441e-002 3.854407e-002 7.031156e-002 2.315451e-002 
1.529707e-001 6.964341e-002 3.864371e-002 7.012206e-002 2.315949e-002 
1.527475e-001 6.980244e-002 3.874362e-002 6.993267e-002 2.316447e-002 
1.525245e-001 6.996152e-002 3.884379e-002 6.974341e-002 2.316944e-002 
1.523016e-001 7.012064e-002 3.894423e-002 6.955431e-002 2.317442e-002 
1.520788e-001 7.027981e-002 3.904494e-002 6.936536e-002 2.317940e-002 
1.518562e-001 7.043902e-002 3.914592e-002 6.917659e-002 2.318438e-002 
1.516337e-001 7.059827e-002 3.924717e-002 6.898800e-002 2.318935e-002 
1.514113e-001 7.075756e-002 3.934868e-002 6.879961e-002 2.319433e-002 
1.511890e-001 7.091690e-002 3.945047e-002 6.861143e-002 2.319932e-002 
1.509669e-001 7.107628e-002 3.955252e-002 6.842347e-002 2.320430e-002 
1.507449e-001 7.123570e-002 3.965485e-002 6.823574e-002 2.320928e-002 
1.505230e-001 7.139517e-002 3.975745e-002 6.804825e-002 2.321426e-002 
1.503012e-001 7.155468e-002 3.986031e-002 6.786102e-002 2.321924e-002 
1.500796e-001 7.171423e-002 3.996345e-002 6.767404e-002 2.322423e-002 
1.498581e-001 7.187382e-002 4.006686e-002 6.748733e-002 2.322921e-002 
1.496368e-001 7.203346e-002 4.017055e-002 6.730090e-002 2.323420e-002 
1.494155e-001 7.219314e-002 4.027450e-002 6.711476e-002 2.323918e-002 
1.491944e-001 7.235287e-002 4.037873e-002 6.692890e-002 2.324417e-002 
1.489734e-001 7.251264e-002 4.048324e-002 6.674335e-002 2.324916e-002 
1.487526e-001 7.267245e-002 4.058802e-002 6.655811e-002 2.325415e-002 
1.485319e-001 7.283230e-002 4.069307e-002 6.637318e-002 2.325914e-002 
1.483113e-001 7.299220e-002 4.079840e-002 6.618858e-002 2.326413e-002 
1.480908e-001 7.315214e-002 4.090401e-002 6.600430e-002 2.326912e-002 
1.478704e-001 7.331213e-002 4.100989e-002 6.582036e-002 2.327411e-002 
1.476502e-001 7.347215e-002 4.111605e-002 6.563676e-002 2.327910e-002 
1.474301e-001 7.363222e-002 4.122249e-002 6.545351e-002 2.328409e-002 
1.472102e-001 7.379234e-002 4.132920e-002 6.527060e-002 2.328908e-002 
1.469903e-001 7.395250e-002 4.143620e-002 6.508805e-002 2.329408e-002 
1.467706e-001 7.411270e-002 4.154347e-002 6.490587e-002 2.329907e-002 
1.465510e-001 7.427295e-002 4.165103e-002 6.472405e-002 2.330407e-002 
1.463316e-001 7.443323e-002 4.175887e-002 6.454260e-002 2.330906e-002 
1.461123e-001 7.459357e-002 4.186699e-002 6.436152e-002 2.331406e-002 
1.458931e-001 7.475394e-002 4.197539e-002 6.418082e-002 2.331906e-002 
1.456740e-001 7.491436e-002 4.208407e-002 6.400051e-002 2.332405e-002 
1.454550e-001 7.507483e-002 4.219304e-002 6.382058e-002 2.332905e-002 
1.452362e-001 7.523533e-002 4.230229e-002 6.364104e-002 2.333405e-002 
1.450175e-001 7.539588e-002 4.241182e-002 6.346189e-002 2.333905e-002 
1.447990e-001 7.555648e-002 4.252164e-002 6.328314e-002 2.334405e-002 
1.445805e-001 7.571712e-002 4.263175e-002 6.310479e-002 2.334905e-002 
1.443622e-001 7.587780e-002 4.274214e-002 6.292684e-002 2.335405e-002 
1.441440e-001 7.603853e-002 4.285282e-002 6.274929e-002 2.335906e-002 
1.439260e-001 7.619930e-002 4.296379e-002 6.257215e-002 2.336406e-002 
1.437080e-001 7.636011e-002 4.307505e-002 6.239543e-002 2.336906e-002 
1.434902e-001 7.652097e-002 4.318660e-002 6.221911e-002 2.337407e-002 
1.432725e-001 7.668187e-002 4.329844e-002 6.204320e-002 2.337907e-002 
1.430550e-001 7.684281e-002 4.341056e-002 6.186772e-002 2.338408e-002 
1.428375e-001 7.700380e-002 4.352298e-002 6.169265e-002 2.338909e-002 
1.426202e-001 7.716484e-002 4.363570e-002 6.151800e-002 2.339409e-002 
1.424030e-001 7.732591e-002 4.374870e-002 6.134377e-002 2.339910e-002 
1.421860e-001 7.748704e-002 4.386200e-002 6.116996e-002 2.340411e-002 
1.419691e-001 7.764820e-002 4.397559e-002 6.099658e-002 2.340912e-002 
1.417523e-001 7.780941e-002 4.408948e-002 6.082362e-002 2.341413e-002 
1.415356e-001 7.797066e-002 4.420367e-002 6.065109e-002 2.341914e-002 
1.413190e-001 7.813196e-002 4.431815e-002 6.047899e-002 2.342415e-002 
1.411026e-001 7.829330e-002 4.443293e-002 6.030732e-002 2.342916e-002 
1.408863e-001 7.845469e-002 4.454800e-002 6.013608e-002 2.343417e-002 
1.406701e-001 7.861612e-002 4.466338e-002 5.996527e-002 2.343919e-002 
1.404541e-001 7.877760e-002 4.477905e-002 5.979489e-002 2.344420e-002 
1.402381e-001 7.893912e-002 4.489503e-002 5.962494e-002 2.344922e-002 
1.400223e-001 7.910068e-002 4.501130e-002 5.945543e-002 2.345423e-002 
1.398066e-001 7.926229e-002 4.512788e-002 5.928635e-002 2.345925e-002 
1.395911e-001 7.942394e-002 4.524476e-002 5.911771e-002 2.346426e-002 
1.393757e-001 7.958564e-002 4.536194e-002 5.894950e-002 2.346928e-002 
1.391604e-001 7.974738e-002 4.547943e-002 5.878173e-002 2.347430e-002 
1.389452e-001 7.990916e-002 4.559722e-002 5.861439e-002 2.347932e-002 
1.387301e-001 8.007099e-002 4.571532e-002 5.844750e-002 2.348434e-002 
1.385152e-001 8.023287e-002 4.583372e-002 5.828103e-002 2.348936e-002 
1.383004e-001 8.039479e-002 4.595244e-002 5.811501e-002 2.349438e-002 
1.380857e-001 8.055675e-002 4.607145e-002 5.794942e-002 2.349940e-002 
1.378711e-001 8.071876e-002 4.619078e-002 5.778427e-002 2.350442e-002 
1.376567e-001 8.088081e-002 4.631042e-002 5.761955e-002 2.350945e-002 
1.374424e-001 8.104291e-002 4.643037e-002 5.745528e-002 2.351447e-002 
1.372282e-001 8.120505e-002 4.655062e-002 5.729144e-002 2.351949e-002 
1.370142e-001 8.136724e-002 4.667119e-002 5.712803e-002 2.352452e-002 
1.368002e-001 8.152947e-002 4.679208e-002 5.696507e-002 2.352954e-002 
1.365864e-001 8.169174e-002 4.691327e-002 5.680254e-002 2.353457e-002 
1.363727e-001 8.185407e-002 4.703478e-002 5.664045e-002 2.353960e-002 
1.361592e-001 8.201643e-002 4.715661e-002 5.647879e-002 2.354462e-002 
1.359457e-001 8.217884e-002 4.727875e-002 5.631757e-002 2.354965e-002 
1.357324e-001 8.234130e-002 4.740121e-002 5.615679e-002 2.355468e-002 
1.355192e-001 8.250380e-002 4.752398e-002 5.599644e-002 2.355971e-002 
1.353061e-001 8.266634e-002 4.764708e-002 5.583653e-002 2.356474e-002 
1.350932e-001 8.282893e-002 4.777049e-002 5.567705e-002 2.356977e-002 
1.348804e-001 8.299157e-002 4.789422e-002 5.551801e-002 2.357480e-002 
1.346677e-001 8.315425e-002 4.801828e-002 5.535940e-002 2.357984e-002 
1.344551e-001 8.331697e-002 4.814265e-002 5.520123e-002 2.358487e-002 
1.342426e-001 8.347974e-002 4.826735e-002 5.504349e-002 2.358990e-002 
1.340303e-001 8.364256e-002 4.839237e-002 5.488618e-002 2.359494e-002 
1.338181e-001 8.380542e-002 4.851771e-002 5.472930e-002 2.359997e-002 
1.336060e-001 8.396832e-002 4.864338e-002 5.457285e-002 2.360501e-002 
1.333940e-001 8.413128e-002 4.876937e-002 5.441684e-002 2.361004e-002 
1.331822e-001 8.429427e-002 4.889570e-002 5.426125e-002 2.361508e-002 
1.329705e-001 8.445731e-002 4.902234e-002 5.410610e-002 2.362012e-002 
1.327589e-001 8.462040e-002 4.914932e-002 5.395137e-002 2.362516e-002 
1.325474e-001 8.478353e-002 4.927663e-002 5.379707e-002 2.363020e-002 
1.323361e-001 8.494671e-002 4.940426e-002 5.364320e-002 2.363524e-002 
1.321248e-001 8.510993e-002 4.953223e-002 5.348976e-002 2.364028e-002 
1.319137e-001 8.527320e-002 4.966052e-002 5.333674e-002 2.364532e-002 
1.317027e-001 8.543651e-002 4.978915e-002 5.318415e-002 2.365036e-002 
1.314919e-001 8.559987e-002 4.991812e-002 5.303198e-002 2.365540e-002 
1.312811e-001 8.576327e-002 5.004742e-002 5.288024e-002 2.366044e-002 
1.310705e-001 8.592672e-002 5.017705e-002 5.272892e-002 2.366549e-002 
1.308600e-001 8.609021e-002 5.030702e-002 5.257802e-002 2.367053e-002 
1.306497e-001 8.625375e-002 5.043732e-002 5.242754e-002 2.367558e-002 
1.304394e-001 8.641734e-002 5.056796e-002 5.227748e-002 2.368062e-002 
1.302293e-001 8.658097e-002 5.069895e-002 5.212785e-002 2.368567e-002 
1.300193e-001 8.674465e-002 5.083027e-002 5.197863e-002 2.369072e-002 
1.298094e-001 8.690837e-002 5.096193e-002 5.182983e-002 2.369576e-002 
1.295996e-001 8.707214e-002 5.109393e-002 5.168145e-002 2.370081e-002 
1.293900e-001 8.723595e-002 5.122627e-002 5.153349e-002 2.370586e-002 
1.291805e-001 8.739981e-002 5.135896e-002 5.138594e-002 2.371091e-002 
1.289711e-001 8.756371e-002 5.149199e-002 5.123880e-002 2.371596e-002 
1.287618e-001 8.772766e-002 5.162536e-002 5.109208e-002 2.372101e-002 
1.285526e-001 8.789166e-002 5.175908e-002 5.094577e-002 2.372606e-002 
1.283436e-001 8.805570e-002 5.189315e-002 5.079988e-002 2.373112e-002 
1.281347e-001 8.821979e-002 5.202757e-002 5.065439e-002 2.373617e-002 
1.279259e-001 8.838392e-002 5.216233e-002 5.050932e-002 2.374122e-002 
1.277172e-001 8.854810e-002 5.229744e-002 5.036465e-002 2.374628e-002 
1.275087e-001 8.871233e-002 5.243290e-002 5.022040e-002 2.375133e-002 
1.273003e-001 8.887660e-002 5.256871e-002 5.007655e-002 2.375639e-002 
1.270920e-001 8.904092e-002 5.270488e-002 4.993310e-002 2.376144e-002 
1.268838e-001 8.920528e-002 5.284140e-002 4.979006e-002 2.376650e-002 
1.266757e-001 8.936969e-002 5.297827e-002 4.964743e-002 2.377156e-002 
1.264678e-001 8.953415e-002 5.311549e-002 4.950520e-002 2.377662e-002 
1.262599e-001 8.969865e-002 5.325307e-002 4.936337e-002 2.378168e-002 
1.260522e-001 8.986320e-002 5.339101e-002 4.922195e-002 2.378674e-002 
1.258446e-001 9.002779e-002 5.352930e-002 4.908092e-002 2.379180e-002 
1.256372e-001 9.019243e-002 5.366796e-002 4.894030e-002 2.379686e-002 
1.254298e-001 9.035711e-002 5.380697e-002 4.880007e-002 2.380192e-002 
1.252226e-001 9.052185e-002 5.394634e-002 4.866024e-002 2.380698e-002 
1.250155e-001 9.068663e-002 5.408607e-002 4.852081e-002 2.381204e-002 
1.248085e-001 9.085145e-002 5.422617e-002 4.838177e-002 2.381711e-002 
1.246017e-001 9.101632e-002 5.436663e-002 4.824313e-002 2.382217e-002 
1.243949e-001 9.118124e-002 5.450745e-002 4.810488e-002 2.382724e-002 
1.241883e-001 9.134620e-002 5.464863e-002 4.796703e-002 2.383230e-002 
1.239818e-001 9.151121e-002 5.479019e-002 4.782956e-002 2.383737e-002 
1.237754e-001 9.167627e-002 5.493210e-002 4.769249e-002 2.384244e-002 
1.235692e-001 9.184137e-002 5.507439e-002 4.755581e-002 2.384750e-002 
1.233630e-001 9.200652e-002 5.521705e-002 4.741951e-002 2.385257e-002 
1.231570e-001 9.217172e-002 5.536007e-002 4.728361e-002 2.385764e-002 
1.229511e-001 9.233696e-002 5.550347e-002 4.714809e-002 2.386271e-002 
1.227453e-001 9.250225e-002 5.564723e-002 4.701295e-002 2.386778e-002 
1.225397e-001 9.266758e-002 5.579137e-002 4.687821e-002 2.387285e-002 
1.223341e-001 9.283296e-002 5.593588e-002 4.674384e-002 2.387792e-002 
1.221287e-001 9.299839e-002 5.608077e-002 4.660986e-002 2.388300e-002 
1.219234e-001 9.316387e-002 5.622603e-002 4.647626e-002 2.388807e-002 
1.217182e-001 9.332939e-002 5.637167e-002 4.634304e-002 2.389314e-002 
1.215131e-001 9.349496e-002 5.651768e-002 4.621019e-002 2.389822e-002 
1.213082e-001 9.366057e-002 5.666408e-002 4.607773e-002 2.390329e-002 
1.211034e-001 9.382623e-002 5.681085e-002 4.594565e-002 2.390837e-002 
1.208986e-001 9.399194e-002 5.695800e-002 4.581394e-002 2.391344e-002 
1.206941e-001 9.415770e-002 5.710554e-002 4.568261e-002 2.391852e-002 
1.204896e-001 9.432350e-002 5.725345e-002 4.555165e-002 2.392360e-002 
1.202852e-001 9.448935e-002 5.740175e-002 4.542107e-002 2.392868e-002 
1.200810e-001 9.465524e-002 5.755044e-002 4.529086e-002 2.393376e-002 
1.198769e-001 9.482119e-002 5.769951e-002 4.516102e-002 2.393884e-002 
1.196729e-001 9.498718e-002 5.784896e-002 4.503155e-002 2.394392e-002 
1.194690e-001 9.515321e-002 5.799880e-002 4.490245e-002 2.394900e-002 
1.192652e-001 9.531930e-002 5.814903e-002 4.477372e-002 2.395408e-002 
1.190616e-001 9.548543e-002 5.829965e-002 4.464536e-002 2.395916e-002 
1.188581e-001 9.565161e-002 5.845066e-002 4.451736e-002 2.396424e-002 
1.186547e-001 9.581783e-002 5.860206e-002 4.438973e-002 2.396933e-002 
1.184514e-001 9.598410e-002 5.875385e-002 4.426247e-002 2.397441e-002 
1.182482e-001 9.615042e-002 5.890604e-002 4.413557e-002 2.397950e-002 
1.180452e-001 9.631679e-002 5.905862e-002 4.400903e-002 2.398458e-002 
1.178422e-001 9.648320e-002 5.921160e-002 4.388285e-002 2.398967e-002 
1.176394e-001 9.664966e-002 5.936497e-002 4.375703e-002 2.399475e-002 
1.174367e-001 9.681617e-002 5.951874e-002 4.363158e-002 2.399984e-002 
1.172341e-001 9.698272e-002 5.967290e-002 4.350648e-002 2.400493e-002 
1.170317e-001 9.714933e-002 5.982747e-002 4.338174e-002 2.401002e-002 
1.168293e-001 9.731598e-002 5.998244e-002 4.325735e-002 2.401511e-002 
1.166271e-001 9.748267e-002 6.013781e-002 4.313332e-002 2.402020e-002 
1.164250e-001 9.764942e-002 6.029358e-002 4.300965e-002 2.402529e-002 
1.162230e-001 9.781621e-002 6.044975e-002 4.288633e-002 2.403038e-002 
1.160211e-001 9.798305e-002 6.060633e-002 4.276336e-002 2.403547e-002 
1.158194e-001 9.814994e-002 6.076331e-002 4.264075e-002 2.404056e-002 
1.156177e-001 9.831687e-002 6.092070e-002 4.251848e-002 2.404566e-002 
1.154162e-001 9.848385e-002 6.107850e-002 4.239657e-002 2.405075e-002 
1.152148e-001 9.865088e-002 6.123671e-002 4.227500e-002 2.405585e-002 
1.150135e-001 9.881796e-002 6.139533e-002 4.215378e-002 2.406094e-002 
1.148124e-001 9.898508e-002 6.155435e-002 4.203291e-002 2.406604e-002 
1.146113e-001 9.915225e-002 6.171379e-002 4.191239e-002 2.407114e-002 
1.144104e-001 9.931947e-002 6.187365e-002 4.179221e-002 2.407623e-002 
1.142096e-001 9.948674e-002 6.203391e-002 4.167237e-002 2.408133e-002 
1.140089e-001 9.965406e-002 6.219460e-002 4.155288e-002 2.408643e-002 
1.138083e-001 9.982142e-002 6.235569e-002 4.143373e-002 2.409153e-002 
1.136078e-001 9.998883e-002 6.251721e-002 4.131492e-002 2.409663e-002 
1.134074e-001 1.001563e-001 6.267914e-002 4.119645e-002 2.410173e-002 
1.132072e-001 1.003238e-001 6.284150e-002 4.107832e-002 2.410683e-002 
1.130071e-001 1.004913e-001 6.300427e-002 4.096053e-002 2.411193e-002 
1.128071e-001 1.006590e-001 6.316747e-002 4.084307e-002 2.411703e-002 
1.126072e-001 1.008266e-001 6.333108e-002 4.072595e-002 2.412214e-002 
1.124074e-001 1.009943e-001 6.349513e-002 4.060917e-002 2.412724e-002 
1.122078e-001 1.011620e-001 6.365959e-002 4.049272e-002 2.413235e-002 
1.120082e-001 1.013298e-001 6.382449e-002 4.037661e-002 2.413745e-002 
1.118088e-001 1.014977e-001 6.398981e-002 4.026082e-002 2.414256e-002 
1.116095e-001 1.016656e-001 6.415556e-002 4.014537e-002 2.414766e-002 
1.114103e-001 1.018335e-001 6.432173e-002 4.003025e-002 2.415277e-002 
1.112113e-001 1.020015e-001 6.448834e-002 3.991546e-002 2.415788e-002 
1.110123e-001 1.021695e-001 6.465538e-002 3.980100e-002 2.416299e-002 
1.108135e-001 1.023376e-001 6.482285e-002 3.968687e-002 2.416810e-002 
1.106147e-001 1.025057e-001 6.499076e-002 3.957306e-002 2.417321e-002 
1.104161e-001 1.026739e-001 6.515910e-002 3.945958e-002 2.417832e-002 
1.102176e-001 1.028421e-001 6.532788e-002 3.934642e-002 2.418343e-002 
1.100192e-001 1.030104e-001 6.549709e-002 3.923359e-002 2.418854e-002 
1.098210e-001 1.031787e-001 6.566674e-002 3.912108e-002 2.419365e-002 
1.096228e-001 1.033471e-001 6.583684e-002 3.900890e-002 2.419876e-002 
1.094248e-001 1.035155e-001 6.600737e-002 3.889703e-002 2.420388e-002 
1.092269e-001 1.036840e-001 6.617834e-002 3.878549e-002 2.420899e-002 
1.090291e-001 1.038525e-001 6.634976e-002 3.867427e-002 2.421411e-002 
1.088314e-001 1.040211e-001 6.652162e-002 3.856336e-002 2.421922e-002 
1.086338e-001 1.041897e-001 6.669393e-002 3.845277e-002 2.422434e-002 
1.084364e-001 1.043584e-001 6.686668e-002 3.834250e-002 2.422946e-002 
1.082390e-001 1.045271e-001 6.703988e-002 3.823255e-002 2.423457e-002 
1.080418e-001 1.046958e-001 6.721353e-002 3.812291e-002 2.423969e-002 
1.078447e-001 1.048646e-001 6.738763e-002 3.801358e-002 2.424481e-002 
1.076477e-001 1.050335e-001 6.756218e-002 3.790457e-002 2.424993e-002 
1.074508e-001 1.052024e-001 6.773718e-002 3.779587e-002 2.425505e-002 
1.072540e-001 1.053714e-001 6.791263e-002 3.768748e-002 2.426017e-002 
1.070574e-001 1.055404e-001 6.808854e-002 3.757941e-002 2.426529e-002 
1.068609e-001 1.057094e-001 6.826491e-002 3.747164e-002 2.427041e-002 
1.066644e-001 1.058785e-001 6.844173e-002 3.736418e-002 2.427554e-002 
1.064681e-001 1.060477e-001 6.861901e-002 3.725703e-002 2.428066e-002 
1.062719e-001 1.062169e-001 6.879675e-002 3.715019e-002 2.428578e-002 
1.060758e-001 1.063861e-001 6.897495e-002 3.704365e-002 2.429091e-002 
1.058799e-001 1.065554e-001 6.915361e-002 3.693742e-002 2.429603e-002 
1.056840e-001 1.067247e-001 6.933273e-002 3.683149e-002 2.430116e-002 
1.054883e-001 1.068941e-001 6.951232e-002 3.672587e-002 2.430629e-002 
1.052927e-001 1.070636e-001 6.969237e-002 3.662054e-002 2.431141e-002 
1.050972e-001 1.072331e-001 6.987289e-002 3.651553e-002 2.431654e-002 
1.049018e-001 1.074026e-001 7.005388e-002 3.641081e-002 2.432167e-002 
1.047065e-001 1.075722e-001 7.023533e-002 3.630639e-002 2.432680e-002 
1.045113e-001 1.077418e-001 7.041726e-002 3.620227e-002 2.433193e-002 
1.043163e-001 1.079115e-001 7.059966e-002 3.609845e-002 2.433706e-002 
1.041213e-001 1.080813e-001 7.078252e-002 3.599493e-002 2.434219e-002 
1.039265e-001 1.082510e-001 7.096587e-002 3.589170e-002 2.434732e-002 
1.037318e-001 1.084209e-001 7.114969e-002 3.578877e-002 2.435245e-002 
1.035372e-001 1.085908e-001 7.133398e-002 3.568614e-002 2.435759e-002 
1.033427e-001 1.087607e-001 7.151875e-002 3.558380e-002 2.436272e-002 
1.031483e-001 1.089307e-001 7.170400e-002 3.548175e-002 2.436786e-002 
1.029541e-001 1.091007e-001 7.188973e-002 3.538000e-002 2.437299e-002 
1.027599e-001 1.092708e-001 7.207594e-002 3.527854e-002 2.437813e-002 
1.025659e-001 1.094409e-001 7.226263e-002 3.517736e-002 2.438326e-002 
1.023720e-001 1.096111e-001 7.244981e-002 3.507648e-002 2.438840e-002 
1.021782e-001 1.097813e-001 7.263747e-002 3.497589e-002 2.439354e-002 
1.019845e-001 1.099516e-001 7.282562e-002 3.487559e-002 2.439867e-002 
1.017909e-001 1.101219e-001 7.301426e-002 3.477557e-002 2.440381e-002 
1.015974e-001 1.102923e-001 7.320338e-002 3.467584e-002 2.440895e-002 
1.014041e-001 1.104627e-001 7.339299e-002 3.457640e-002 2.441409e-002 
1.012108e-001 1.106332e-001 7.358310e-002 3.447724e-002 2.441923e-002 
1.010177e-001 1.108037e-001 7.377370e-002 3.437837e-002 2.442438e-002 
1.008247e-001 1.109743e-001 7.396479e-002 3.427977e-002 2.442952e-002 
1.006318e-001 1.111449e-001 7.415637e-002 3.418147e-002 2.443466e-002 
1.004390e-001 1.113156e-001 7.434845e-002 3.408344e-002 2.443980e-002 
1.002463e-001 1.114863e-001 7.454103e-002 3.398570e-002 2.444495e-002 
1.000537e-001 1.116571e-001 7.473411e-002 3.388823e-002 2.445009e-002 
9.986128e-002 1.118279e-001 7.492769e-002 3.379105e-002 2.445524e-002 
9.966894e-002 1.119988e-001 7.512177e-002 3.369414e-002 2.446038e-002 
9.947671e-002 1.121697e-001 7.531635e-002 3.359751e-002 2.446553e-002 
9.928459e-002 1.123407e-001 7.551144e-002 3.350116e-002 2.447068e-002 
9.909259e-002 1.125117e-001 7.570703e-002 3.340508e-002 2.447582e-002 
9.890069e-002 1.126828e-001 7.590313e-002 3.330928e-002 2.448097e-002 
9.870891e-002 1.128539e-001 7.609974e-002 3.321376e-002 2.448612e-002 
9.851724e-002 1.130251e-001 7.629685e-002 3.311851e-002 2.449127e-002 
9.832569e-002 1.131963e-001 7.649448e-002 3.302353e-002 2.449642e-002 
9.813424e-002 1.133676e-001 7.669262e-002 3.292882e-002 2.450157e-002 
9.794291e-002 1.135389e-001 7.689127e-002 3.283439e-002 2.450672e-002 
9.775169e-002 1.137103e-001 7.709043e-002 3.274023e-002 2.451188e-002 
9.756058e-002 1.138817e-001 7.729012e-002 3.264633e-002 2.451703e-002 
9.736958e-002 1.140532e-001 7.749032e-002 3.255271e-002 2.452218e-002 
9.717869e-002 1.142247e-001 7.769103e-002 3.245935e-002 2.452734e-002 
9.698792e-002 1.143963e-001 7.789227e-002 3.236626e-002 2.453249e-002 
9.679725e-002 1.145679e-001 7.809403e-002 3.227344e-002 2.453765e-002 
9.660670e-002 1.147396e-001 7.829631e-002 3.218089e-002 2.454280e-002 
9.641626e-002 1.149113e-001 7.849912e-002 3.208860e-002 2.454796e-002 
9.622593e-002 1.150831e-001 7.870245e-002 3.199657e-002 2.455312e-002 
9.603571e-002 1.152549e-001 7.890630e-002 3.190481e-002 2.455827e-002 
9.584560e-002 1.154268e-001 7.911069e-002 3.181332e-002 2.456343e-002 
9.565561e-002 1.155987e-001 7.931561e-002 3.172208e-002 2.456859e-002 
9.546572e-002 1.157707e-001 7.952105e-002 3.163111e-002 2.457375e-002 
9.527595e-002 1.159427e-001 7.972703e-002 3.154039e-002 2.457891e-002 
9.508628e-002 1.161148e-001 7.993354e-002 3.144994e-002 2.458407e-002 
9.489673e-002 1.162869e-001 8.014059e-002 3.135975e-002 2.458924e-002 
9.470729e-002 1.164591e-001 8.034817e-002 3.126981e-002 2.459440e-002 
9.451796e-002 1.166313e-001 8.055629e-002 3.118014e-002 2.459956e-002 
9.432874e-002 1.168036e-001 8.076495e-002 3.109072e-002 2.460472e-002 
9.413963e-002 1.169759e-001 8.097415e-002 3.100155e-002 2.460989e-002 
9.395063e-002 1.171483e-001 8.118389e-002 3.091265e-002 2.461505e-002 
9.376174e-002 1.173207e-001 8.139417e-002 3.082399e-002 2.462022e-002 
9.357296e-002 1.174932e-001 8.160500e-002 3.073560e-002 2.462539e-002 
9.338429e-002 1.176657e-001 8.181638e-002 3.064745e-002 2.463055e-002 
9.319573e-002 1.178383e-001 8.202830e-002 3.055956e-002 2.463572e-002 
9.300728e-002 1.180109e-001 8.224077e-002 3.047192e-002 2.464089e-002 
9.281895e-002 1.181836e-001 8.245380e-002 3.038453e-002 2.464606e-002 
9.263072e-002 1.183564e-001 8.266737e-002 3.029739e-002 2.465123e-002 
9.244260e-002 1.185292e-001 8.288150e-002 3.021050e-002 2.465640e-002 
9.225459e-002 1.187020e-001 8.309618e-002 3.012386e-002 2.466157e-002 
9.206670e-002 1.188749e-001 8.331142e-002 3.003747e-002 2.466674e-002 
9.187891e-002 1.190478e-001 8.352722e-002 2.995133e-002 2.467191e-002 
9.169123e-002 1.192208e-001 8.374357e-002 2.986543e-002 2.467708e-002 
9.150366e-002 1.193938e-001 8.396048e-002 2.977979e-002 2.468226e-002 
9.131620e-002 1.195669e-001 8.417796e-002 2.969438e-002 2.468743e-002 
9.112886e-002 1.197401e-001 8.439600e-002 2.960922e-002 2.469260e-002 
9.094162e-002 1.199133e-001 8.461461e-002 2.952431e-002 2.469778e-002 
9.075449e-002 1.200865e-001 8.483378e-002 2.943964e-002 2.470295e-002 
9.056747e-002 1.202598e-001 8.505352e-002 2.935521e-002 2.470813e-002 
9.038056e-002 1.204332e-001 8.527383e-002 2.927102e-002 2.471331e-002 
9.019375e-002 1.206066e-001 8.549470e-002 2.918708e-002 2.471848e-002 
9.000706e-002 1.207800e-001 8.571616e-002 2.910337e-002 2.472366e-002 
8.982048e-002 1.209535e-001 8.593818e-002 2.901991e-002 2.472884e-002 
8.963401e-002 1.211271e-001 8.616078e-002 2.893668e-002 2.473402e-002 
8.944764e-002 1.213007e-001 8.638396e-002 2.885370e-002 2.473920e-002 
8.926138e-002 1.214743e-001 8.660771e-002 2.877095e-002 2.474438e-002 
8.907524e-002 1.216480e-001 8.683204e-002 2.868844e-002 2.474956e-002 
8.888920e-002 1.218218e-001 8.705696e-002 2.860617e-002 2.475474e-002 
8.870327e-002 1.219956e-001 8.728246e-002 2.852413e-002 2.475993e-002 
8.851745e-002 1.221695e-001 8.750854e-002 2.844232e-002 2.476511e-002 
8.833174e-002 1.223434e-001 8.773520e-002 2.836076e-002 2.477029e-002 
8.814614e-002 1.225173e-001 8.796246e-002 2.827942e-002 2.477548e-002 
8.796064e-002 1.226913e-001 8.819030e-002 2.819832e-002 2.478066e-002 
8.777526e-002 1.228654e-001 8.841874e-002 2.811745e-002 2.478585e-002 
8.758998e-002 1.230395e-001 8.864776e-002 2.803681e-002 2.479104e-002 
8.740481e-002 1.232137e-001 8.887738e-002 2.795641e-002 2.479622e-002 
8.721975e-002 1.233879e-001 8.910759e-002 2.787623e-002 2.480141e-002 
8.703480e-002 1.235622e-001 8.933840e-002 2.779629e-002 2.480660e-002 
8.684996e-002 1.237365e-001 8.956981e-002 2.771657e-002 2.481179e-002 
8.666522e-002 1.239109e-001 8.980181e-002 2.763709e-002 2.481698e-002 
8.648060e-002 1.240853e-001 9.003442e-002 2.755783e-002 2.482217e-002 
8.629608e-002 1.242598e-001 9.026763e-002 2.747880e-002 2.482736e-002 
8.611167e-002 1.244343e-001 9.050144e-002 2.739999e-002 2.483255e-002 
8.592736e-002 1.246089e-001 9.073586e-002 2.732141e-002 2.483774e-002 
8.574317e-002 1.247836e-001 9.097089e-002 2.724306e-002 2.484293e-002 
8.555908e-002 1.249582e-001 9.120653e-002 2.716493e-002 2.484813e-002 
8.537510e-002 1.251330e-001 9.144277e-002 2.708702e-002 2.485332e-002 
8.519123e-002 1.253078e-001 9.167963e-002 2.700934e-002 2.485851e-002 
8.500747e-002 1.254826e-001 9.191710e-002 2.693188e-002 2.486371e-002 
8.482381e-002 1.256575e-001 9.215519e-002 2.685465e-002 2.486890e-002 
8.464027e-002 1.258325e-001 9.239389e-002 2.677763e-002 2.487410e-002 
8.445682e-002 1.260075e-001 9.263321e-002 2.670084e-002 2.487930e-002 
8.427349e-002 1.261825e-001 9.287315e-002 2.662426e-002 2.488449e-002 
8.409027e-002 1.263576e-001 9.311372e-002 2.654791e-002 2.488969e-002 
8.390715e-002 1.265328e-001 9.335490e-002 2.647177e-002 2.489489e-002 
8.372414e-002 1.267080e-001 9.359671e-002 2.639586e-002 2.490009e-002 
8.354123e-002 1.268832e-001 9.383915e-002 2.632016e-002 2.490529e-002 
8.335843e-002 1.270586e-001 9.408221e-002 2.624467e-002 2.491049e-002 
8.317575e-002 1.272339e-001 9.432591e-002 2.616941e-002 2.491569e-002 
8.299316e-002 1.274093e-001 9.457023e-002 2.609436e-002 2.492089e-002 
8.281069e-002 1.275848e-001 9.481519e-002 2.601952e-002 2.492610e-002 
8.262832e-002 1.277603e-001 9.506079e-002 2.594490e-002 2.493130e-002 
8.244606e-002 1.279359e-001 9.530702e-002 2.587050e-002 2.493650e-002 
8.226390e-002 1.281115e-001 9.555388e-002 2.579630e-002 2.494171e-002 
8.208185e-002 1.282872e-001 9.580139e-002 2.572232e-002 2.494691e-002 
8.189991e-002 1.284630e-001 9.604954e-002 2.564856e-002 2.495212e-002 
8.171808e-002 1.286387e-001 9.629833e-002 2.557500e-002 2.495732e-002 
8.153635e-002 1.288146e-001 9.654776e-002 2.550166e-002 2.496253e-002 
8.135473e-002 1.289905e-001 9.679784e-002 2.542852e-002 2.496774e-002 
8.117321e-002 1.291664e-001 9.704857e-002 2.535559e-002 2.497295e-002 
8.099180e-002 1.293424e-001 9.729995e-002 2.528288e-002 2.497816e-002 
8.081050e-002 1.295185e-001 9.755198e-002 2.521037e-002 2.498336e-002 
8.062931e-002 1.296946e-001 9.780466e-002 2.513807e-002 2.498857e-002 
8.044822e-002 1.298707e-001 9.805800e-002 2.506598e-002 2.499378e-002 
8.026723e-002 1.300469e-001 9.831199e-002 2.499409e-002 2.499900e-002 
8.008636e-002 1.302232e-001 9.856664e-002 2.492241e-002 2.500421e-002 
7.990559e-002 1.303995e-001 9.882195e-002 2.485094e-002 2.500942e-002 
7.972492e-002 1.305759e-001 9.907792e-002 2.477967e-002 2.501463e-002 
7.954436e-002 1.307523e-001 9.933456e-002 2.470861e-002 2.501985e-002 
7.936391e-002 1.309288e-001 9.959186e-002 2.463775e-002 2.502506e-002 
7.918356e-002 1.311053e-001 9.984982e-002 2.456709e-002 2.503028e-002 
7.900332e-002 1.312819e-001 1.001085e-001 2.449663e-002 2.503549e-002 
7.882318e-002 1.314585e-001 1.003678e-001 2.442638e-002 2.504071e-002 
7.864315e-002 1.316352e-001 1.006277e-001 2.435633e-002 2.504592e-002 
7.846323e-002 1.318119e-001 1.008884e-001 2.428648e-002 2.505114e-002 
7.828341e-002 1.319887e-001 1.011497e-001 2.421683e-002 2.505636e-002 
7.810370e-002 1.321655e-001 1.014117e-001 2.414738e-002 2.506158e-002 
7.792409e-002 1.323424e-001 1.016744e-001 2.407813e-002 2.506680e-002 
7.774459e-002 1.325194e-001 1.019377e-001 2.400908e-002 2.507202e-002 
7.756519e-002 1.326964e-001 1.022018e-001 2.394022e-002 2.507724e-002 
7.738590e-002 1.328734e-001 1.024665e-001 2.387156e-002 2.508246e-002 
7.720671e-002 1.330506e-001 1.027319e-001 2.380310e-002 2.508768e-002 
7.702763e-002 1.332277e-001 1.029980e-001 2.373484e-002 2.509290e-002 
7.684865e-002 1.334049e-001 1.032648e-001 2.366677e-002 2.509812e-002 
7.666978e-002 1.335822e-001 1.035323e-001 2.359890e-002 2.510335e-002 
7.649102e-002 1.337595e-001 1.038005e-001 2.353122e-002 2.510857e-002 
7.631236e-002 1.339369e-001 1.040693e-001 2.346374e-002 2.511379e-002 
7.613380e-002 1.341143e-001 1.043389e-001 2.339645e-002 2.511902e-002 
7.595535e-002 1.342918e-001 1.046092e-001 2.332935e-002 2.512425e-002 
7.577700e-002 1.344694e-001 1.048801e-001 2.326244e-002 2.512947e-002 
7.559876e-002 1.346469e-001 1.051518e-001 2.319573e-002 2.513470e-002 
7.542062e-002 1.348246e-001 1.054242e-001 2.312921e-002 2.513993e-002 
7.524259e-002 1.350023e-001 1.056972e-001 2.306288e-002 2.514515e-002 
7.506466e-002 1.351800e-001 1.059710e-001 2.299674e-002 2.515038e-002 
7.488684e-002 1.353578e-001 1.062455e-001 2.293078e-002 2.515561e-002 
7.470912e-002 1.355357e-001 1.065207e-001 2.286502e-002 2.516084e-002 
7.453151e-002 1.357136e-001 1.067966e-001 2.279945e-002 2.516607e-002 
7.435400e-002 1.358916e-001 1.070732e-001 2.273406e-002 2.517130e-002 
7.417659e-002 1.360696e-001 1.073506e-001 2.266886e-002 2.517654e-002 
7.399929e-002 1.362477e-001 1.076286e-001 2.260385e-002 2.518177e-002 
7.382209e-002 1.364258e-001 1.079074e-001 2.253903e-002 2.518700e-002 
7.364500e-002 1.366040e-001 1.081869e-001 2.247439e-002 2.519223e-002 
7.346801e-002 1.367822e-001 1.084672e-001 2.240994e-002 2.519747e-002 
7.329112e-002 1.369605e-001 1.087481e-001 2.234567e-002 2.520270e-002 
7.311434e-002 1.371389e-001 1.090298e-001 2.228158e-002 2.520794e-002 
7.293766e-002 1.373173e-001 1.093122e-001 2.221768e-002 2.521318e-002 
7.276109e-002 1.374957e-001 1.095954e-001 2.215397e-002 2.521841e-002 
7.258462e-002 1.376742e-001 1.098792e-001 2.209043e-002 2.522365e-002 
7.240825e-002 1.378528e-001 1.101638e-001 2.202708e-002 2.522889e-002 
7.223199e-002 1.380314e-001 1.104492e-001 2.196391e-002 2.523413e-002 
7.205583e-002 1.382101e-001 1.107353e-001 2.190092e-002 2.523936e-002 
7.187978e-002 1.383888e-001 1.110221e-001 2.183811e-002 2.524460e-002 
7.170383e-002 1.385676e-001 1.113097e-001 2.177548e-002 2.524984e-002 
7.152798e-002 1.387464e-001 1.115980e-001 2.171303e-002 2.525509e-002 
7.135223e-002 1.389253e-001 1.118871e-001 2.165076e-002 2.526033e-002 
7.117659e-002 1.391042e-001 1.121769e-001 2.158867e-002 2.526557e-002 
7.100105e-002 1.392832e-001 1.124674e-001 2.152676e-002 2.527081e-002 
7.082562e-002 1.394623e-001 1.127588e-001 2.146502e-002 2.527606e-002 
7.065029e-002 1.396414e-001 1.130508e-001 2.140347e-002 2.528130e-002 
7.047506e-002 1.398205e-001 1.133437e-001 2.134208e-002 2.528654e-002 
7.029993e-002 1.399997e-001 1.136372e-001 2.128088e-002 2.529179e-002 
7.012491e-002 1.401790e-001 1.139316e-001 2.121985e-002 2.529703e-002 
6.994999e-002 1.403583e-001 1.142267e-001 2.115899e-002 2.530228e-002 
6.977517e-002 1.405377e-001 1.145226e-001 2.109831e-002 2.530753e-002 
6.960046e-002 1.407171e-001 1.148192e-001 2.103780e-002 2.531278e-002 
6.942585e-002 1.408966e-001 1.151166e-001 2.097747e-002 2.531802e-002 
6.925134e-002 1.410762e-001 1.154148e-001 2.091731e-002 2.532327e-002 
6.907693e-002 1.412557e-001 1.157138e-001 2.085732e-002 2.532852e-002 
6.890263e-002 1.414354e-001 1.160135e-001 2.079751e-002 2.533377e-002 
6.872843e-002 1.416151e-001 1.163140e-001 2.073786e-002 2.533902e-002 
6.855433e-002 1.417949e-001 1.166153e-001 2.067839e-002 2.534427e-002 
6.838033e-002 1.419747e-001 1.169173e-001 2.061909e-002 2.534952e-002 
6.820644e-002 1.421545e-001 1.172202e-001 2.055995e-002 2.535478e-002 
6.803265e-002 1.423345e-001 1.175238e-001 2.050099e-002 2.536003e-002 
6.785896e-002 1.425144e-001 1.178282e-001 2.044220e-002 2.536528e-002 
6.768537e-002 1.426945e-001 1.181334e-001 2.038357e-002 2.537054e-002 
6.751189e-002 1.428746e-001 1.184394e-001 2.032511e-002 2.537579e-002 
6.733851e-002 1.430547e-001 1.187462e-001 2.026683e-002 2.538105e-002 
6.716523e-002 1.432349e-001 1.190538e-001 2.020870e-002 2.538630e-002 
6.699205e-002 1.434152e-001 1.193621e-001 2.015075e-002 2.539156e-002 
6.681897e-002 1.435955e-001 1.196713e-001 2.009296e-002 2.539682e-002 
6.664600e-002 1.437758e-001 1.199813e-001 2.003533e-002 2.540207e-002 
6.647313e-002 1.439562e-001 1.202921e-001 1.997788e-002 2.540733e-002 
