di 	gli 	gal 	gos3 	 gos4 
0.422201 	0.023690 	0.014302 	0.015631 	 -0.002052 
0.417435 	0.038228 	0.023607 	0.029144 	 -0.000362 
0.443302 	0.029375 	0.016790 	0.036322 	 -0.001281 
0.418871 	0.052167 	0.031717 	0.052066 	 0.000730 
0.427844 	0.052785 	0.032167 	0.052630 	 0.000182 
0.421554 	0.059602 	0.036860 	0.057089 	 0.000668 
0.410280 	0.061143 	0.037789 	0.059160 	 0.001281 
0.429470 	0.048507 	0.029648 	0.048627 	 -0.000100 
0.424869 	0.057790 	0.035499 	0.054765 	 0.000193 
0.418036 	0.059144 	0.036022 	0.057340 	 0.000222 
0.422971 	0.047250 	0.028464 	0.049426 	 0.000261 
0.408345 	0.058997 	0.035959 	0.058550 	 0.001377 
0.410226 	0.058028 	0.035102 	0.056916 	 0.000581 
0.415289 	0.049564 	0.029746 	0.053707 	 0.000625 
0.398271 	0.077743 	0.048382 	0.069339 	 0.001691 
0.416477 	0.060392 	0.036688 	0.062234 	 0.001308 
0.407382 	0.062430 	0.038519 	0.058491 	 0.001537 
0.413264 	0.068072 	0.041942 	0.064373 	 0.001056 
0.402410 	0.062078 	0.038187 	0.059640 	 0.001177 
0.405374 	0.060489 	0.037405 	0.058188 	 0.001921 
0.397090 	0.074913 	0.046496 	0.068775 	 0.002655 
0.401473 	0.071654 	0.044950 	0.062460 	 0.001797 
0.409720 	0.059243 	0.036290 	0.056362 	 0.000521 
0.387294 	0.077400 	0.047988 	0.072310 	 0.003295 
0.408425 	0.062807 	0.038286 	0.063089 	 0.001148 
0.393893 	0.077246 	0.047968 	0.070118 	 0.002249 
0.397187 	0.070332 	0.043783 	0.064978 	 0.002448 
0.394203 	0.069129 	0.042581 	0.065931 	 0.002242 
0.401761 	0.059642 	0.036856 	0.057903 	 0.002067 
0.389401 	0.080243 	0.050179 	0.072210 	 0.003104 
0.386094 	0.077699 	0.048428 	0.071497 	 0.003002 
0.386241 	0.077614 	0.047970 	0.074270 	 0.003347 
0.388427 	0.077064 	0.047827 	0.072050 	 0.002928 
0.390325 	0.075259 	0.046727 	0.069971 	 0.002859 
0.393523 	0.072364 	0.044737 	0.067100 	 0.002398 
0.394268 	0.067144 	0.041786 	0.063299 	 0.002364 
0.387470 	0.074784 	0.046204 	0.071283 	 0.002915 
0.385112 	0.075481 	0.046803 	0.071827 	 0.003080 
0.382745 	0.078135 	0.048426 	0.074161 	 0.003384 
0.374712 	0.084958 	0.052940 	0.077383 	 0.004078 
0.378437 	0.077828 	0.048220 	0.070212 	 0.003117 
0.368122 	0.082422 	0.051285 	0.073554 	 0.003695 
0.368208 	0.097095 	0.060646 	0.087056 	 0.004497 
0.383410 	0.078326 	0.048751 	0.072619 	 0.003339 
0.383110 	0.077428 	0.048400 	0.072905 	 0.003973 
0.377957 	0.081029 	0.050460 	0.075941 	 0.003609 
0.360142 	0.100299 	0.063075 	0.087435 	 0.005248 
0.369880 	0.086663 	0.054129 	0.076847 	 0.003700 
0.371274 	0.084399 	0.052936 	0.075352 	 0.003603 
0.362951 	0.098689 	0.062001 	0.084291 	 0.004297 
0.374539 	0.083110 	0.051593 	0.074549 	 0.002891 
0.362602 	0.084980 	0.053112 	0.075857 	 0.003897 
0.361408 	0.090691 	0.057009 	0.079916 	 0.004236 
0.373427 	0.087653 	0.055594 	0.074139 	 0.003834 
0.361530 	0.089130 	0.055883 	0.077657 	 0.004158 
0.348746 	0.100149 	0.063089 	0.085691 	 0.005108 
0.355266 	0.098695 	0.062337 	0.084514 	 0.004950 
0.354363 	0.095561 	0.060403 	0.082656 	 0.004746 
0.342740 	0.106596 	0.067086 	0.090856 	 0.004986 
0.363905 	0.089625 	0.056431 	0.080580 	 0.004975 
0.358672 	0.092116 	0.058383 	0.080340 	 0.004617 
0.344976 	0.108916 	0.068704 	0.092802 	 0.005646 
0.353647 	0.093319 	0.058348 	0.082181 	 0.004357 
0.357566 	0.090751 	0.056918 	0.081200 	 0.004589 
0.348283 	0.098244 	0.061929 	0.086093 	 0.005539 
0.329982 	0.116615 	0.074012 	0.097385 	 0.006864 
0.347736 	0.089586 	0.056196 	0.079366 	 0.004585 
0.342386 	0.101332 	0.063763 	0.088564 	 0.005204 
0.339583 	0.106921 	0.067651 	0.090888 	 0.006100 
0.335613 	0.110466 	0.070151 	0.093424 	 0.006607 
0.357959 	0.096614 	0.060897 	0.085457 	 0.004639 
0.344456 	0.097136 	0.061131 	0.083542 	 0.005167 
0.342623 	0.106980 	0.067689 	0.093070 	 0.005895 
0.335617 	0.115823 	0.073527 	0.097586 	 0.006334 
0.339284 	0.109602 	0.069055 	0.093121 	 0.006054 
0.346404 	0.100497 	0.063467 	0.086044 	 0.005536 
0.335616 	0.110512 	0.069918 	0.093231 	 0.005739 
0.347744 	0.102998 	0.065110 	0.088194 	 0.005246 
0.347139 	0.099177 	0.062983 	0.083274 	 0.005331 
0.328040 	0.113562 	0.071991 	0.094329 	 0.006467 
0.348592 	0.093588 	0.059050 	0.080026 	 0.004265 
0.327437 	0.107908 	0.068467 	0.089913 	 0.006221 
0.334519 	0.102107 	0.064748 	0.086886 	 0.005978 
0.336934 	0.102696 	0.065740 	0.083826 	 0.006045 
0.344231 	0.092925 	0.058561 	0.080798 	 0.004770 
0.344510 	0.098342 	0.062414 	0.084542 	 0.005918 
0.327948 	0.110919 	0.070598 	0.090347 	 0.006247 
0.328418 	0.102310 	0.065338 	0.086063 	 0.006093 
0.325963 	0.110500 	0.069974 	0.093873 	 0.005955 
0.332289 	0.105469 	0.066927 	0.089357 	 0.005556 
0.342616 	0.097448 	0.061952 	0.082876 	 0.005319 
0.331171 	0.104396 	0.066266 	0.087973 	 0.006015 
0.330833 	0.111226 	0.070604 	0.093187 	 0.006513 
0.324446 	0.121177 	0.077115 	0.100987 	 0.007111 
0.328799 	0.104467 	0.066152 	0.090121 	 0.006175 
0.334807 	0.099614 	0.063273 	0.083817 	 0.005784 
0.320002 	0.122161 	0.078004 	0.100238 	 0.007535 
0.336313 	0.105305 	0.066926 	0.089784 	 0.006243 
0.331495 	0.107283 	0.068597 	0.087654 	 0.006108 
0.318807 	0.114677 	0.073407 	0.096000 	 0.007411 
0.329888 	0.109426 	0.069841 	0.090308 	 0.006129 
0.317635 	0.121503 	0.078022 	0.095038 	 0.007054 
0.322072 	0.114530 	0.073270 	0.094054 	 0.006666 
0.322613 	0.110195 	0.070137 	0.090788 	 0.006449 
0.327351 	0.112981 	0.072092 	0.092609 	 0.005778 
0.322266 	0.109177 	0.069823 	0.089691 	 0.006682 
0.322522 	0.107812 	0.068758 	0.088250 	 0.006200 
0.325906 	0.117311 	0.075249 	0.095314 	 0.006860 
0.318318 	0.113021 	0.072559 	0.092015 	 0.006883 
0.317965 	0.118324 	0.076081 	0.094627 	 0.007017 
0.311810 	0.130807 	0.084645 	0.101035 	 0.007785 
0.323386 	0.122297 	0.078418 	0.098589 	 0.006837 
0.314059 	0.126316 	0.081217 	0.102746 	 0.008021 
0.328182 	0.110327 	0.070792 	0.088670 	 0.006117 
0.319047 	0.110391 	0.070695 	0.089546 	 0.006686 
0.306965 	0.128022 	0.082445 	0.098310 	 0.006985 
0.315633 	0.121466 	0.077853 	0.098318 	 0.007578 
0.316150 	0.115993 	0.074623 	0.092830 	 0.007365 
0.320561 	0.114179 	0.073518 	0.092585 	 0.007259 
0.318037 	0.113060 	0.072544 	0.090709 	 0.006116 
0.314368 	0.114716 	0.073790 	0.092732 	 0.007118 
0.320072 	0.119528 	0.076692 	0.096595 	 0.006496 
0.301176 	0.139474 	0.090229 	0.107456 	 0.008523 
0.297759 	0.137456 	0.088626 	0.106755 	 0.008009 
0.285366 	0.148764 	0.095532 	0.116503 	 0.008724 
0.299344 	0.139781 	0.090353 	0.109293 	 0.008589 
0.298222 	0.133730 	0.085953 	0.107324 	 0.008080 
0.317096 	0.119033 	0.077184 	0.090942 	 0.006661 
0.303675 	0.136488 	0.088781 	0.102904 	 0.008492 
0.307892 	0.123674 	0.079790 	0.095606 	 0.006656 
0.297617 	0.137499 	0.088768 	0.108405 	 0.008439 
0.287779 	0.140718 	0.091121 	0.107916 	 0.008916 
0.301199 	0.128748 	0.083067 	0.100060 	 0.007337 
0.303399 	0.133766 	0.086413 	0.105543 	 0.008049 
0.304898 	0.131968 	0.085236 	0.102986 	 0.007872 
0.306254 	0.118272 	0.075895 	0.094351 	 0.006804 
0.286234 	0.136762 	0.088793 	0.104151 	 0.008697 
0.296961 	0.139377 	0.090550 	0.104066 	 0.008392 
0.311123 	0.131744 	0.085390 	0.098594 	 0.006461 
0.296322 	0.133685 	0.086754 	0.102881 	 0.008167 
0.287504 	0.137641 	0.089033 	0.106855 	 0.008883 
0.279460 	0.148000 	0.095339 	0.115389 	 0.008874 
0.291206 	0.131375 	0.084992 	0.101470 	 0.008332 
0.308105 	0.122259 	0.079476 	0.092710 	 0.006976 
0.305638 	0.129574 	0.084219 	0.099536 	 0.007475 
0.296678 	0.140949 	0.091988 	0.104995 	 0.008324 
0.287138 	0.142181 	0.092481 	0.105426 	 0.008244 
0.290840 	0.139656 	0.090906 	0.103431 	 0.007968 
0.283534 	0.139106 	0.090214 	0.105892 	 0.008997 
0.288490 	0.127653 	0.083269 	0.095056 	 0.007797 
0.290185 	0.140061 	0.090843 	0.105759 	 0.008444 
0.292388 	0.130586 	0.084792 	0.098020 	 0.007527 
0.280835 	0.140726 	0.091457 	0.103379 	 0.007729 
0.297036 	0.132077 	0.085688 	0.102044 	 0.007864 
0.290612 	0.131184 	0.085524 	0.097217 	 0.008267 
0.293491 	0.135289 	0.087835 	0.102338 	 0.008352 
0.286171 	0.138441 	0.090371 	0.102164 	 0.008459 
0.274493 	0.148982 	0.097172 	0.108893 	 0.009180 
0.291860 	0.135398 	0.088333 	0.098617 	 0.007722 
0.286580 	0.135786 	0.088506 	0.100536 	 0.007860 
0.291576 	0.134392 	0.087617 	0.099398 	 0.007459 
0.282650 	0.137299 	0.089295 	0.101903 	 0.007778 
0.283670 	0.145151 	0.094593 	0.106267 	 0.007795 
0.280725 	0.148084 	0.096189 	0.110855 	 0.008964 
0.298215 	0.136876 	0.089563 	0.100548 	 0.007709 
0.286142 	0.138568 	0.090526 	0.099822 	 0.007925 
0.276815 	0.150713 	0.098304 	0.110261 	 0.009150 
0.284855 	0.147762 	0.096491 	0.107388 	 0.008209 
0.273521 	0.147410 	0.096232 	0.107682 	 0.008582 
0.276293 	0.151831 	0.099345 	0.109702 	 0.009089 
0.294736 	0.134803 	0.087980 	0.100949 	 0.007770 
0.265759 	0.154553 	0.100913 	0.111583 	 0.009482 
0.277592 	0.150168 	0.098268 	0.109413 	 0.009204 
0.272978 	0.147528 	0.096206 	0.109282 	 0.009057 
0.276153 	0.155098 	0.101711 	0.111627 	 0.009175 
0.268563 	0.159514 	0.104378 	0.113844 	 0.009137 
0.271861 	0.157836 	0.103156 	0.116023 	 0.009806 
0.260603 	0.158061 	0.103277 	0.113688 	 0.009163 
0.280780 	0.145339 	0.095077 	0.105270 	 0.008623 
0.274835 	0.154422 	0.101155 	0.111245 	 0.008956 
0.270227 	0.152632 	0.100282 	0.107774 	 0.008663 
0.261166 	0.157669 	0.103893 	0.110747 	 0.010171 
0.278779 	0.143598 	0.094371 	0.102225 	 0.008774 
0.256745 	0.174363 	0.114347 	0.124351 	 0.010457 
0.251895 	0.170073 	0.111623 	0.121053 	 0.011062 
0.267165 	0.153648 	0.101255 	0.106667 	 0.009646 
0.262241 	0.157784 	0.103407 	0.111914 	 0.009615 
0.263426 	0.151783 	0.099853 	0.108504 	 0.010048 
0.267126 	0.155188 	0.101565 	0.112304 	 0.009647 
0.265474 	0.164357 	0.107940 	0.120302 	 0.010645 
0.253182 	0.171622 	0.112969 	0.117961 	 0.010204 
0.251385 	0.174426 	0.114473 	0.122256 	 0.010773 
0.259930 	0.170680 	0.111989 	0.121721 	 0.010540 
0.255538 	0.175064 	0.115327 	0.121786 	 0.010920 
0.261762 	0.165899 	0.109492 	0.113922 	 0.010076 
0.270096 	0.155123 	0.102374 	0.107849 	 0.008950 
0.259376 	0.158599 	0.104616 	0.109599 	 0.009895 
0.261279 	0.167192 	0.110064 	0.114791 	 0.009379 
0.267960 	0.159784 	0.105653 	0.109334 	 0.009549 
0.267168 	0.161363 	0.106767 	0.110659 	 0.009801 
0.253663 	0.162147 	0.106959 	0.110458 	 0.009671 
0.260056 	0.171865 	0.113111 	0.118660 	 0.009465 
0.262341 	0.170443 	0.112262 	0.116946 	 0.009690 
0.255291 	0.165195 	0.109024 	0.114731 	 0.010281 
0.264444 	0.164267 	0.108658 	0.115241 	 0.009849 
0.267622 	0.158927 	0.105324 	0.108633 	 0.009452 
0.245608 	0.173666 	0.114439 	0.119669 	 0.010580 
0.250406 	0.171759 	0.113554 	0.115544 	 0.010258 
0.257129 	0.165719 	0.109506 	0.113357 	 0.009745 
0.245981 	0.175651 	0.116080 	0.120120 	 0.010645 
0.261095 	0.161891 	0.107227 	0.109718 	 0.009003 
0.254087 	0.172403 	0.114155 	0.116931 	 0.009922 
0.254244 	0.172209 	0.113785 	0.116210 	 0.009532 
0.257034 	0.162872 	0.108058 	0.111000 	 0.010117 
0.251848 	0.167156 	0.110647 	0.114537 	 0.010193 
0.256942 	0.158332 	0.104932 	0.107288 	 0.009039 
0.245152 	0.174840 	0.115952 	0.118448 	 0.010713 
0.256216 	0.164317 	0.108974 	0.110550 	 0.009426 
0.246695 	0.172019 	0.113626 	0.117096 	 0.009705 
0.256082 	0.161169 	0.107030 	0.108169 	 0.009608 
0.248471 	0.177490 	0.117798 	0.119355 	 0.010610 
0.254605 	0.162324 	0.107801 	0.109811 	 0.009866 
0.249688 	0.164943 	0.109508 	0.111089 	 0.010049 
0.253447 	0.163400 	0.108854 	0.109342 	 0.009925 
0.252085 	0.171860 	0.114009 	0.115482 	 0.010184 
0.245800 	0.174726 	0.116032 	0.115948 	 0.010171 
0.246466 	0.171248 	0.113487 	0.116263 	 0.010678 
0.249291 	0.165880 	0.110384 	0.110103 	 0.010009 
0.242346 	0.173074 	0.115028 	0.115965 	 0.010805 
0.237272 	0.174996 	0.116072 	0.117289 	 0.010535 
0.242024 	0.178003 	0.118091 	0.120939 	 0.010692 
0.236943 	0.172109 	0.114553 	0.113010 	 0.010743 
0.239609 	0.180795 	0.120085 	0.119344 	 0.010928 
0.235964 	0.178208 	0.118221 	0.121085 	 0.011380 
0.238714 	0.187885 	0.124661 	0.123218 	 0.010864 
0.229895 	0.176186 	0.117359 	0.114463 	 0.011437 
0.233815 	0.181498 	0.120120 	0.121031 	 0.010836 
0.241330 	0.167197 	0.111441 	0.107880 	 0.010062 
0.246119 	0.172871 	0.115079 	0.113688 	 0.010228 
0.235160 	0.178625 	0.119042 	0.114711 	 0.010760 
0.243228 	0.171050 	0.114246 	0.110522 	 0.010166 
0.243450 	0.171372 	0.114540 	0.109832 	 0.010427 
0.230664 	0.178402 	0.118254 	0.119385 	 0.010594 
0.224478 	0.193110 	0.127973 	0.130674 	 0.012113 
0.229002 	0.181242 	0.120564 	0.120068 	 0.011027 
0.237634 	0.169736 	0.113756 	0.106885 	 0.010387 
0.219728 	0.194311 	0.129577 	0.125285 	 0.012035 
0.233771 	0.173363 	0.115743 	0.111265 	 0.010489 
0.236939 	0.184064 	0.122839 	0.117222 	 0.010455 
0.236436 	0.183548 	0.122244 	0.119476 	 0.010396 
0.233517 	0.184104 	0.122993 	0.119148 	 0.011311 
0.224376 	0.187852 	0.125628 	0.120222 	 0.011854 
0.235044 	0.181415 	0.121129 	0.116248 	 0.010393 
0.231922 	0.194560 	0.130285 	0.124369 	 0.011948 
0.219015 	0.193824 	0.129589 	0.123111 	 0.012207 
0.232029 	0.189625 	0.126944 	0.119610 	 0.010705 
0.210787 	0.204597 	0.136454 	0.131681 	 0.012350 
0.221485 	0.197359 	0.132285 	0.124729 	 0.012469 
0.215079 	0.195649 	0.130854 	0.123023 	 0.011897 
0.230713 	0.188246 	0.126425 	0.118106 	 0.011408 
0.224286 	0.204014 	0.136042 	0.131743 	 0.011830 
0.210306 	0.197212 	0.131594 	0.126142 	 0.011977 
0.221081 	0.199320 	0.133031 	0.127270 	 0.011642 
0.243903 	0.182791 	0.122890 	0.113208 	 0.009866 
0.229214 	0.178313 	0.119612 	0.110032 	 0.010359 
0.219259 	0.196241 	0.131491 	0.123606 	 0.011608 
0.225949 	0.186835 	0.125460 	0.117809 	 0.011534 
0.228134 	0.186533 	0.124421 	0.119432 	 0.010437 
0.219865 	0.196181 	0.131708 	0.124925 	 0.012562 
0.216375 	0.195340 	0.131165 	0.123293 	 0.012565 
0.228063 	0.188777 	0.126681 	0.119068 	 0.011235 
0.219135 	0.193230 	0.129861 	0.121978 	 0.012271 
0.207963 	0.201688 	0.135283 	0.125973 	 0.012453 
0.198611 	0.223498 	0.149449 	0.140074 	 0.013699 
0.214903 	0.203720 	0.136322 	0.130764 	 0.012504 
0.218921 	0.185367 	0.125085 	0.112199 	 0.011182 
0.217981 	0.195902 	0.131162 	0.124993 	 0.011538 
0.219082 	0.197455 	0.133077 	0.120226 	 0.012176 
0.211905 	0.198170 	0.133185 	0.123258 	 0.012272 
0.224971 	0.193961 	0.130747 	0.119707 	 0.011216 
0.232216 	0.183829 	0.124125 	0.112553 	 0.010804 
0.206671 	0.203469 	0.136735 	0.128362 	 0.012523 
0.211682 	0.193490 	0.130857 	0.116526 	 0.011845 
0.214270 	0.202163 	0.135942 	0.126835 	 0.012150 
0.213637 	0.205220 	0.138222 	0.126874 	 0.012172 
0.218994 	0.200125 	0.134581 	0.125165 	 0.012253 
0.219512 	0.204702 	0.137692 	0.126513 	 0.011300 
0.200772 	0.209688 	0.140902 	0.130117 	 0.012501 
0.213584 	0.204616 	0.137662 	0.127415 	 0.012131 
0.210186 	0.205290 	0.138428 	0.125348 	 0.012337 
0.205435 	0.209528 	0.141646 	0.127216 	 0.012591 
0.210891 	0.197718 	0.133760 	0.119049 	 0.012503 
0.204823 	0.206575 	0.139110 	0.126238 	 0.012134 
0.208025 	0.202244 	0.136561 	0.122493 	 0.011858 
0.209432 	0.201158 	0.135213 	0.125694 	 0.011705 
0.214030 	0.204331 	0.138485 	0.121593 	 0.012131 
0.207696 	0.210148 	0.141981 	0.126753 	 0.012292 
0.203759 	0.211355 	0.142763 	0.125794 	 0.012286 
0.197049 	0.219211 	0.147956 	0.131001 	 0.012889 
0.210331 	0.203471 	0.137562 	0.120328 	 0.011895 
0.214668 	0.196982 	0.133441 	0.117995 	 0.011711 
0.198880 	0.208317 	0.140653 	0.126998 	 0.012660 
0.204446 	0.203605 	0.137583 	0.124629 	 0.012599 
0.208616 	0.203686 	0.137950 	0.121781 	 0.011560 
0.203489 	0.206045 	0.139514 	0.123393 	 0.012609 
0.199690 	0.210657 	0.142608 	0.127545 	 0.013302 
0.207928 	0.200545 	0.135763 	0.119755 	 0.011636 
0.208821 	0.206226 	0.139926 	0.122284 	 0.011959 
0.203333 	0.209945 	0.142039 	0.124518 	 0.011918 
0.203842 	0.209348 	0.141970 	0.123124 	 0.012303 
0.216026 	0.192394 	0.131036 	0.111050 	 0.010994 
0.217817 	0.197127 	0.133906 	0.115340 	 0.010896 
0.210523 	0.190858 	0.129912 	0.110632 	 0.011105 
0.200759 	0.204944 	0.138684 	0.123199 	 0.012657 
0.200769 	0.207679 	0.140397 	0.127180 	 0.012496 
0.207116 	0.204896 	0.139242 	0.120290 	 0.011692 
0.205484 	0.197159 	0.133884 	0.116481 	 0.011980 
0.201060 	0.201434 	0.136746 	0.117696 	 0.011678 
0.203010 	0.205109 	0.139228 	0.120459 	 0.011740 
0.202251 	0.204313 	0.139045 	0.119414 	 0.012568 
0.200819 	0.204095 	0.138430 	0.122461 	 0.012630 
0.199227 	0.208128 	0.141038 	0.124002 	 0.012230 
0.205060 	0.204755 	0.139505 	0.117212 	 0.011712 
0.194032 	0.213627 	0.144658 	0.127043 	 0.012266 
0.202414 	0.199765 	0.135778 	0.117130 	 0.012138 
0.193087 	0.203340 	0.137984 	0.119398 	 0.011967 
0.184297 	0.215159 	0.145880 	0.125372 	 0.012238 
0.200984 	0.204047 	0.138728 	0.118347 	 0.012081 
0.197000 	0.205677 	0.139734 	0.121092 	 0.012405 
0.203560 	0.207337 	0.141077 	0.120455 	 0.011838 
0.205971 	0.204826 	0.140042 	0.115598 	 0.011681 
0.197844 	0.212868 	0.145118 	0.120637 	 0.012164 
0.200669 	0.205582 	0.140454 	0.119248 	 0.012029 
0.188866 	0.224027 	0.151863 	0.132325 	 0.012817 
0.197329 	0.203889 	0.139560 	0.116391 	 0.012065 
0.195847 	0.209515 	0.142635 	0.122673 	 0.012741 
0.200281 	0.207625 	0.141455 	0.120540 	 0.011481 
0.206738 	0.198718 	0.135745 	0.112563 	 0.011226 
0.186611 	0.224554 	0.152863 	0.130309 	 0.013205 
0.199644 	0.202165 	0.138510 	0.114624 	 0.011862 
0.184317 	0.216418 	0.147606 	0.124421 	 0.012957 
0.188970 	0.223637 	0.152457 	0.129704 	 0.013193 
0.186982 	0.220757 	0.150973 	0.126643 	 0.013308 
0.198700 	0.204348 	0.140005 	0.112550 	 0.011434 
0.176566 	0.215693 	0.147493 	0.123055 	 0.013871 
0.178355 	0.217760 	0.148475 	0.124108 	 0.013368 
0.194533 	0.211458 	0.144457 	0.119234 	 0.012495 
0.186065 	0.219020 	0.149356 	0.124335 	 0.012924 
0.165435 	0.233786 	0.158816 	0.136263 	 0.014833 
0.181466 	0.215792 	0.147532 	0.120933 	 0.012962 
0.179687 	0.223863 	0.152788 	0.128120 	 0.013491 
0.185168 	0.211197 	0.144607 	0.119171 	 0.012651 
0.172390 	0.229412 	0.156041 	0.132465 	 0.013873 
0.183785 	0.216934 	0.148780 	0.122279 	 0.013614 
0.178644 	0.224932 	0.153487 	0.127408 	 0.013602 
0.181945 	0.219633 	0.150312 	0.122984 	 0.013003 
0.178247 	0.215440 	0.147473 	0.121287 	 0.013014 
0.190430 	0.210848 	0.144831 	0.116105 	 0.012401 
0.178514 	0.218416 	0.149846 	0.121525 	 0.013237 
0.178858 	0.224298 	0.153418 	0.125326 	 0.013554 
0.173174 	0.230852 	0.157833 	0.130651 	 0.013640 
0.171518 	0.231165 	0.157588 	0.131775 	 0.013845 
0.170461 	0.226261 	0.154983 	0.125647 	 0.013872 
0.187300 	0.222464 	0.152447 	0.123105 	 0.012890 
0.174352 	0.228929 	0.157293 	0.124954 	 0.013801 
0.173318 	0.224371 	0.153978 	0.123662 	 0.013598 
0.180085 	0.221696 	0.152314 	0.121852 	 0.012928 
0.194820 	0.209227 	0.144144 	0.114263 	 0.012381 
0.186365 	0.219039 	0.150417 	0.121277 	 0.013114 
0.168729 	0.232864 	0.159871 	0.129925 	 0.014348 
0.184007 	0.218924 	0.150585 	0.119997 	 0.013162 
0.167873 	0.222995 	0.153425 	0.121792 	 0.013694 
0.180218 	0.226429 	0.155691 	0.123419 	 0.012775 
0.184217 	0.216975 	0.149313 	0.117305 	 0.011909 
0.171295 	0.231136 	0.158447 	0.128081 	 0.013466 
0.160930 	0.235841 	0.162017 	0.129847 	 0.014661 
0.177696 	0.235413 	0.161970 	0.127005 	 0.014076 
0.177087 	0.232335 	0.159577 	0.127959 	 0.013340 
0.173265 	0.224801 	0.154814 	0.123647 	 0.014242 
0.177798 	0.222641 	0.152758 	0.123657 	 0.012630 
0.168300 	0.231773 	0.159056 	0.129744 	 0.014164 
0.177983 	0.228039 	0.156973 	0.125657 	 0.013635 
0.172035 	0.228758 	0.157353 	0.126386 	 0.013777 
0.179546 	0.231366 	0.159236 	0.128254 	 0.014189 
0.182117 	0.227882 	0.157446 	0.123357 	 0.013680 
0.174787 	0.231426 	0.159476 	0.125322 	 0.013836 
0.165794 	0.238994 	0.164338 	0.133499 	 0.014834 
0.176533 	0.221161 	0.153024 	0.115733 	 0.013130 
0.169240 	0.233233 	0.160544 	0.126214 	 0.013789 
0.169271 	0.232361 	0.159989 	0.127143 	 0.014043 
0.168671 	0.236812 	0.163147 	0.128821 	 0.014470 
0.184288 	0.218221 	0.151189 	0.115788 	 0.012897 
0.166930 	0.233584 	0.161220 	0.127851 	 0.014903 
0.167300 	0.236036 	0.162711 	0.126547 	 0.013581 
0.171708 	0.233259 	0.161049 	0.123425 	 0.013318 
0.156753 	0.241748 	0.166540 	0.130003 	 0.014474 
0.164167 	0.240192 	0.165288 	0.130923 	 0.015086 
0.172288 	0.235093 	0.162285 	0.127430 	 0.014023 
0.176075 	0.232200 	0.160717 	0.123835 	 0.013522 
0.159450 	0.233384 	0.161178 	0.124030 	 0.014112 
0.178863 	0.239475 	0.165443 	0.127236 	 0.013367 
0.166799 	0.237989 	0.163903 	0.130432 	 0.013548 
0.173438 	0.229548 	0.159029 	0.121175 	 0.013164 
0.165323 	0.228175 	0.157852 	0.122251 	 0.013829 
0.158025 	0.242482 	0.167507 	0.130127 	 0.014671 
0.159253 	0.248111 	0.170903 	0.134125 	 0.014281 
0.172253 	0.227472 	0.157702 	0.119749 	 0.012953 
0.188354 	0.218121 	0.152180 	0.110879 	 0.012512 
0.167595 	0.235569 	0.163076 	0.123288 	 0.013537 
0.165923 	0.242870 	0.167918 	0.128735 	 0.014039 
0.155371 	0.241425 	0.166729 	0.130168 	 0.014303 
0.156381 	0.246423 	0.170427 	0.130997 	 0.014560 
0.168514 	0.236306 	0.163751 	0.123186 	 0.013933 
0.148518 	0.247952 	0.171285 	0.132861 	 0.015168 
0.157142 	0.239965 	0.166050 	0.125417 	 0.014132 
0.166425 	0.237416 	0.164600 	0.123925 	 0.013488 
0.170556 	0.233674 	0.162500 	0.121081 	 0.013528 
0.172396 	0.232474 	0.161707 	0.120349 	 0.013625 
0.162390 	0.246166 	0.170480 	0.132384 	 0.014983 
0.173150 	0.232920 	0.162074 	0.118477 	 0.012864 
0.149189 	0.250583 	0.173533 	0.131604 	 0.015184 
0.154209 	0.249905 	0.173144 	0.130585 	 0.014397 
0.164361 	0.228249 	0.158907 	0.116549 	 0.013342 
0.170609 	0.228880 	0.158877 	0.118026 	 0.012415 
0.159189 	0.232814 	0.162084 	0.121016 	 0.014041 
0.163730 	0.241474 	0.167746 	0.124980 	 0.014060 
0.163416 	0.226940 	0.158159 	0.115630 	 0.013076 
0.158056 	0.236433 	0.164041 	0.124556 	 0.013713 
0.151031 	0.244653 	0.169259 	0.131240 	 0.014372 
0.153734 	0.244714 	0.169805 	0.128817 	 0.014528 
0.155477 	0.238806 	0.165912 	0.125877 	 0.014265 
0.154084 	0.235641 	0.163951 	0.121681 	 0.013848 
0.157364 	0.241775 	0.167695 	0.129134 	 0.014329 
0.161372 	0.239616 	0.166949 	0.121451 	 0.013350 
0.155168 	0.242945 	0.168801 	0.126821 	 0.014420 
0.147426 	0.246186 	0.170927 	0.128830 	 0.014781 
0.164197 	0.228738 	0.159916 	0.116852 	 0.013599 
0.139264 	0.258428 	0.178772 	0.137495 	 0.015437 
0.155205 	0.243195 	0.169313 	0.125526 	 0.014406 
0.139815 	0.261352 	0.180842 	0.138375 	 0.015191 
0.150061 	0.242759 	0.169122 	0.123437 	 0.014180 
0.152808 	0.241270 	0.168242 	0.127206 	 0.014478 
0.159191 	0.240913 	0.168156 	0.121936 	 0.014137 
0.149087 	0.248103 	0.172914 	0.127479 	 0.014279 
0.166982 	0.229553 	0.160648 	0.116163 	 0.013427 
0.159809 	0.240857 	0.168048 	0.123781 	 0.014221 
0.159878 	0.232260 	0.162603 	0.115901 	 0.013507 
0.159227 	0.232058 	0.162774 	0.115080 	 0.013466 
0.152407 	0.250592 	0.174588 	0.127135 	 0.013937 
0.153493 	0.247226 	0.171996 	0.130030 	 0.014412 
0.153065 	0.248093 	0.173183 	0.124753 	 0.014015 
0.150105 	0.248385 	0.173458 	0.126338 	 0.014788 
0.137584 	0.259086 	0.180315 	0.131168 	 0.014834 
0.136739 	0.261157 	0.181097 	0.137297 	 0.015366 
0.150490 	0.249155 	0.173804 	0.127887 	 0.015073 
0.157503 	0.234765 	0.164691 	0.116998 	 0.013795 
0.150399 	0.237767 	0.166419 	0.120079 	 0.014296 
0.153427 	0.244451 	0.170791 	0.123521 	 0.014026 
0.143558 	0.257101 	0.179422 	0.130948 	 0.015290 
0.144417 	0.250454 	0.174811 	0.127762 	 0.014988 
0.151676 	0.249002 	0.174712 	0.123617 	 0.015364 
0.137636 	0.253769 	0.177129 	0.127404 	 0.014924 
0.136461 	0.253942 	0.177458 	0.127561 	 0.015498 
0.162383 	0.233596 	0.164510 	0.112135 	 0.012704 
0.136852 	0.263019 	0.183027 	0.135519 	 0.015040 
0.132705 	0.259577 	0.180768 	0.134535 	 0.015573 
0.138226 	0.256631 	0.179295 	0.128698 	 0.015068 
0.152652 	0.244647 	0.171667 	0.118782 	 0.013942 
0.124978 	0.256577 	0.179551 	0.127827 	 0.016014 
0.141528 	0.253493 	0.177489 	0.123145 	 0.014127 
0.142107 	0.254006 	0.178188 	0.125459 	 0.015358 
0.135480 	0.257067 	0.180046 	0.128638 	 0.015238 
0.139281 	0.261007 	0.182576 	0.129092 	 0.015067 
0.133794 	0.250794 	0.176215 	0.123518 	 0.015564 
0.149821 	0.255068 	0.179026 	0.126613 	 0.014927 
0.137365 	0.257606 	0.180574 	0.128587 	 0.016033 
0.148302 	0.244049 	0.171722 	0.119946 	 0.014482 
0.150655 	0.242058 	0.170404 	0.118027 	 0.014147 
0.146145 	0.246275 	0.173549 	0.118518 	 0.014470 
0.132121 	0.265331 	0.185501 	0.133691 	 0.015563 
0.131756 	0.266065 	0.186311 	0.131478 	 0.015313 
0.134161 	0.262598 	0.183846 	0.130946 	 0.015873 
0.135940 	0.268399 	0.187725 	0.136304 	 0.015718 
0.146249 	0.255067 	0.179327 	0.125459 	 0.015050 
0.135450 	0.258458 	0.181736 	0.124704 	 0.014941 
0.127975 	0.262003 	0.183955 	0.129332 	 0.015732 
0.136251 	0.262343 	0.184136 	0.130995 	 0.015668 
0.125990 	0.267356 	0.187821 	0.134190 	 0.016734 
0.140679 	0.259277 	0.182268 	0.128444 	 0.015746 
0.126857 	0.268089 	0.187703 	0.135503 	 0.016497 
0.143710 	0.252990 	0.178288 	0.121726 	 0.015015 
0.141009 	0.263140 	0.184549 	0.133040 	 0.015462 
0.135409 	0.269701 	0.189055 	0.136297 	 0.016233 
0.135790 	0.262922 	0.184966 	0.127645 	 0.015637 
0.121925 	0.273456 	0.191706 	0.137133 	 0.016654 
0.144951 	0.250152 	0.177130 	0.119116 	 0.015037 
0.148850 	0.250742 	0.177519 	0.116728 	 0.014577 
0.140321 	0.258011 	0.181950 	0.125571 	 0.015454 
0.129227 	0.270565 	0.189937 	0.135591 	 0.016084 
0.128723 	0.276685 	0.194080 	0.138286 	 0.016648 
0.133613 	0.261125 	0.184307 	0.126289 	 0.015968 
0.108088 	0.284424 	0.198971 	0.145376 	 0.017587 
0.145756 	0.258273 	0.182103 	0.125169 	 0.014165 
0.141481 	0.254261 	0.179870 	0.120597 	 0.014382 
0.154284 	0.234177 	0.167193 	0.105929 	 0.013934 
0.131865 	0.262222 	0.185334 	0.126782 	 0.015560 
0.122458 	0.273655 	0.192818 	0.131199 	 0.015930 
0.134506 	0.269651 	0.189843 	0.131983 	 0.015001 
0.128627 	0.264817 	0.187109 	0.125840 	 0.015650 
0.140807 	0.265165 	0.187317 	0.128134 	 0.015565 
0.122420 	0.269832 	0.190472 	0.128804 	 0.015791 
0.130435 	0.266452 	0.188380 	0.127052 	 0.016075 
0.125583 	0.269225 	0.190196 	0.131101 	 0.016690 
0.128127 	0.266162 	0.188526 	0.125268 	 0.015778 
0.134094 	0.268250 	0.189687 	0.128575 	 0.016100 
0.129133 	0.272176 	0.192095 	0.129780 	 0.015991 
0.141462 	0.258338 	0.183054 	0.123240 	 0.015122 
0.132982 	0.266736 	0.188802 	0.125083 	 0.015458 
0.130056 	0.260938 	0.185167 	0.120106 	 0.014975 
0.127209 	0.272216 	0.192569 	0.130633 	 0.016242 
0.119250 	0.272952 	0.192669 	0.130426 	 0.016430 
0.131503 	0.261226 	0.185475 	0.121387 	 0.015098 
0.129240 	0.262840 	0.186720 	0.123082 	 0.015797 
0.115895 	0.278720 	0.197093 	0.134217 	 0.017267 
0.127800 	0.274216 	0.194437 	0.128002 	 0.016014 
0.128760 	0.272258 	0.192702 	0.128323 	 0.015707 
0.132319 	0.258096 	0.183490 	0.119379 	 0.014925 
0.127188 	0.276094 	0.195184 	0.133982 	 0.016229 
0.145899 	0.253064 	0.180146 	0.115861 	 0.014440 
0.123452 	0.276041 	0.195188 	0.134795 	 0.017133 
0.125071 	0.271587 	0.192293 	0.127726 	 0.015805 
0.111871 	0.287639 	0.203136 	0.137593 	 0.016943 
0.131185 	0.277327 	0.196473 	0.133233 	 0.016818 
0.133550 	0.261386 	0.186071 	0.120611 	 0.015746 
0.122941 	0.274760 	0.194516 	0.131989 	 0.016363 
0.138148 	0.266285 	0.189474 	0.123268 	 0.015429 
0.121612 	0.274695 	0.194875 	0.128524 	 0.016336 
0.123688 	0.272959 	0.193711 	0.128732 	 0.016117 
0.138969 	0.257285 	0.183635 	0.117946 	 0.015144 
0.121541 	0.273830 	0.194428 	0.130270 	 0.016622 
0.130354 	0.265362 	0.188899 	0.122270 	 0.015622 
0.121065 	0.272558 	0.193480 	0.128616 	 0.016328 
0.128737 	0.267137 	0.190575 	0.121956 	 0.016128 
0.122181 	0.272844 	0.193978 	0.128219 	 0.016248 
0.128986 	0.265768 	0.189926 	0.120705 	 0.016033 
0.136423 	0.254419 	0.181865 	0.115296 	 0.015067 
0.139636 	0.258653 	0.184826 	0.119584 	 0.015256 
0.129167 	0.280694 	0.199567 	0.131342 	 0.016635 
0.130547 	0.261374 	0.187168 	0.116907 	 0.015664 
0.114624 	0.280915 	0.199079 	0.133910 	 0.017076 
0.125316 	0.266854 	0.190579 	0.122777 	 0.016062 
0.118244 	0.277535 	0.197137 	0.133000 	 0.017086 
0.121297 	0.272100 	0.193420 	0.130001 	 0.016558 
0.121895 	0.277401 	0.197975 	0.126840 	 0.017015 
0.117773 	0.284759 	0.202734 	0.132078 	 0.017150 
0.121730 	0.276848 	0.197137 	0.127574 	 0.016308 
0.129843 	0.271951 	0.193856 	0.125996 	 0.015756 
0.112468 	0.286339 	0.203713 	0.134579 	 0.017741 
0.104030 	0.287104 	0.203770 	0.136219 	 0.017581 
0.127492 	0.267863 	0.191458 	0.122668 	 0.016044 
0.113850 	0.283734 	0.202019 	0.131336 	 0.016796 
0.124683 	0.277489 	0.197990 	0.127935 	 0.015670 
0.120124 	0.286427 	0.203609 	0.134871 	 0.016862 
0.120203 	0.281200 	0.200630 	0.129178 	 0.016987 
0.117709 	0.275103 	0.196213 	0.127262 	 0.016231 
0.125337 	0.275813 	0.197047 	0.125781 	 0.016232 
0.113913 	0.282573 	0.201317 	0.133198 	 0.017493 
0.127969 	0.269543 	0.193225 	0.121821 	 0.016314 
0.106822 	0.277507 	0.198554 	0.126287 	 0.017337 
0.117845 	0.279442 	0.199659 	0.129380 	 0.017246 
0.115242 	0.270619 	0.193938 	0.121737 	 0.016882 
0.110729 	0.275753 	0.196718 	0.127712 	 0.016405 
0.112537 	0.264618 	0.190145 	0.115672 	 0.016053 
0.119603 	0.271949 	0.194355 	0.126576 	 0.016295 
0.130627 	0.256948 	0.185317 	0.113911 	 0.015922 
0.112173 	0.262325 	0.187959 	0.118308 	 0.015853 
0.122062 	0.270929 	0.194070 	0.120562 	 0.015798 
0.127500 	0.257463 	0.184992 	0.116848 	 0.015233 
0.114039 	0.275199 	0.197398 	0.125569 	 0.017370 
0.129719 	0.262484 	0.188862 	0.115754 	 0.015338 
0.115746 	0.277015 	0.198958 	0.126201 	 0.016993 
0.125385 	0.263814 	0.189804 	0.118141 	 0.016068 
0.125022 	0.265749 	0.191186 	0.117793 	 0.015683 
0.108607 	0.277541 	0.199296 	0.123012 	 0.016989 
0.115514 	0.269356 	0.193307 	0.122510 	 0.016412 
0.132076 	0.257385 	0.186128 	0.111103 	 0.015758 
0.123109 	0.264666 	0.190522 	0.117374 	 0.015581 
0.129562 	0.268292 	0.193161 	0.119020 	 0.016061 
0.124967 	0.253181 	0.184002 	0.105384 	 0.015854 
0.134790 	0.260151 	0.187832 	0.113286 	 0.015179 
0.115320 	0.279713 	0.200421 	0.130165 	 0.017008 
0.110434 	0.291028 	0.208199 	0.135113 	 0.017641 
0.118514 	0.274829 	0.197555 	0.125010 	 0.016848 
0.131259 	0.270904 	0.195187 	0.121588 	 0.016175 
0.119052 	0.278138 	0.199515 	0.127949 	 0.016866 
0.115611 	0.273799 	0.197087 	0.122717 	 0.017095 
0.109348 	0.274851 	0.198147 	0.122018 	 0.017777 
0.110839 	0.283951 	0.203569 	0.130471 	 0.017920 
0.111999 	0.274122 	0.197640 	0.118885 	 0.016695 
0.119175 	0.268886 	0.194702 	0.114034 	 0.016498 
0.439980 	-0.000330 	0.001267 	-0.002818 	 0.000016 
0.441032 	0.006927 	0.005808 	0.004558 	 0.001273 
0.451578 	0.010585 	0.007837 	0.012606 	 0.001168 
0.449556 	0.010088 	0.007591 	0.014174 	 0.001755 
0.440896 	0.029167 	0.019452 	0.029012 	 0.002169 
0.446847 	0.022349 	0.015631 	0.021816 	 0.002036 
0.426035 	0.037314 	0.025172 	0.032933 	 0.003168 
0.438004 	0.024848 	0.017022 	0.026396 	 0.002571 
0.432636 	0.034612 	0.023607 	0.030376 	 0.003118 
0.429583 	0.026134 	0.017405 	0.029363 	 0.003102 
0.421636 	0.032230 	0.022222 	0.029283 	 0.004092 
0.424457 	0.034338 	0.022794 	0.034803 	 0.003514 
0.439424 	0.028253 	0.019380 	0.025399 	 0.001969 
0.450784 	0.009643 	0.006975 	0.016249 	 0.002262 
0.432346 	0.037370 	0.025081 	0.031201 	 0.002851 
0.415418 	0.048782 	0.031945 	0.044215 	 0.004132 
0.407597 	0.049621 	0.032958 	0.041660 	 0.004346 
0.421435 	0.035117 	0.023616 	0.031772 	 0.003498 
0.401535 	0.050439 	0.033134 	0.044235 	 0.004681 
0.411349 	0.042750 	0.028766 	0.037518 	 0.004857 
0.398133 	0.055682 	0.036188 	0.049073 	 0.005085 
0.394934 	0.055560 	0.036417 	0.050542 	 0.005557 
0.407345 	0.051982 	0.034583 	0.043144 	 0.005347 
0.394094 	0.053825 	0.035157 	0.046391 	 0.005537 
0.387250 	0.058063 	0.037993 	0.051481 	 0.006122 
0.395720 	0.057361 	0.038109 	0.047468 	 0.005666 
0.397601 	0.054589 	0.036039 	0.046976 	 0.005471 
0.388376 	0.048080 	0.031844 	0.043249 	 0.005614 
0.400805 	0.049323 	0.033022 	0.041287 	 0.005166 
0.378951 	0.070704 	0.046372 	0.059615 	 0.007414 
0.393281 	0.055459 	0.036521 	0.048994 	 0.005953 
0.386891 	0.060271 	0.039100 	0.054369 	 0.005937 
0.384196 	0.060499 	0.040240 	0.049733 	 0.007016 
0.396522 	0.053992 	0.035762 	0.045359 	 0.005422 
0.379878 	0.063433 	0.041917 	0.052671 	 0.007070 
0.382507 	0.061674 	0.040864 	0.050044 	 0.006037 
0.385030 	0.057541 	0.037950 	0.049498 	 0.006393 
0.385228 	0.055604 	0.036409 	0.050826 	 0.006352 
0.389131 	0.050950 	0.033527 	0.046888 	 0.006186 
0.370923 	0.065359 	0.043040 	0.055377 	 0.007288 
0.365935 	0.076260 	0.050393 	0.061949 	 0.007777 
0.366073 	0.071845 	0.046880 	0.061281 	 0.007050 
0.377793 	0.061727 	0.040470 	0.051294 	 0.005975 
0.372176 	0.072871 	0.048195 	0.058127 	 0.006906 
0.371897 	0.060296 	0.039804 	0.050016 	 0.006779 
0.376340 	0.063338 	0.042073 	0.053303 	 0.007358 
0.362907 	0.070415 	0.045834 	0.060173 	 0.006958 
0.375877 	0.062049 	0.041182 	0.053309 	 0.007120 
0.370252 	0.064119 	0.042371 	0.053108 	 0.007118 
0.357644 	0.072247 	0.047422 	0.060787 	 0.008077 
0.373408 	0.068290 	0.045011 	0.056819 	 0.006739 
0.368741 	0.060498 	0.040185 	0.048207 	 0.006516 
0.373464 	0.067626 	0.044492 	0.056567 	 0.007032 
0.376080 	0.063077 	0.041515 	0.053959 	 0.006529 
0.357559 	0.079663 	0.052463 	0.065741 	 0.008947 
0.363275 	0.072223 	0.047629 	0.060949 	 0.007956 
0.361056 	0.067311 	0.044099 	0.058895 	 0.007115 
0.348763 	0.084744 	0.055329 	0.069428 	 0.007928 
0.355770 	0.075687 	0.049522 	0.063912 	 0.007973 
0.351831 	0.079276 	0.052935 	0.061924 	 0.008559 
0.360914 	0.066713 	0.044125 	0.056060 	 0.007773 
0.362780 	0.061443 	0.041174 	0.049449 	 0.007501 
0.350490 	0.068974 	0.045841 	0.056042 	 0.008024 
0.345325 	0.074085 	0.048915 	0.060090 	 0.008723 
0.365226 	0.064161 	0.042431 	0.053867 	 0.006949 
0.349237 	0.075756 	0.049808 	0.062640 	 0.008038 
0.348153 	0.076933 	0.050830 	0.062222 	 0.008108 
0.359058 	0.073451 	0.048830 	0.060742 	 0.008707 
0.341751 	0.081964 	0.053675 	0.067842 	 0.008861 
0.335861 	0.082931 	0.054287 	0.069341 	 0.009482 
0.335643 	0.078071 	0.051174 	0.064280 	 0.008530 
0.337844 	0.086134 	0.056979 	0.067793 	 0.009142 
0.338073 	0.080439 	0.053117 	0.065026 	 0.008935 
0.341556 	0.083190 	0.054953 	0.068345 	 0.009471 
0.333743 	0.078257 	0.051676 	0.063550 	 0.008935 
0.346823 	0.067213 	0.044504 	0.056711 	 0.007798 
0.333351 	0.093082 	0.061685 	0.072208 	 0.009551 
0.333447 	0.091934 	0.060638 	0.070315 	 0.008459 
0.333842 	0.090372 	0.059586 	0.072341 	 0.009507 
0.346885 	0.076354 	0.050739 	0.060607 	 0.008192 
0.324913 	0.092589 	0.060782 	0.073512 	 0.009226 
0.330507 	0.086376 	0.057480 	0.066822 	 0.009223 
0.325661 	0.088800 	0.058171 	0.072642 	 0.009469 
0.339713 	0.083955 	0.055893 	0.064313 	 0.008309 
0.323403 	0.098114 	0.064555 	0.076965 	 0.009798 
0.324289 	0.090240 	0.059701 	0.070353 	 0.009422 
0.333466 	0.085329 	0.056766 	0.065471 	 0.008997 
0.336282 	0.074664 	0.049357 	0.059476 	 0.008238 
0.321040 	0.089945 	0.059683 	0.067452 	 0.009127 
0.326454 	0.091412 	0.060709 	0.069426 	 0.009357 
0.333937 	0.086632 	0.057260 	0.070188 	 0.009325 
0.319868 	0.094703 	0.062544 	0.072066 	 0.009572 
0.316990 	0.095379 	0.062941 	0.073107 	 0.009902 
0.325251 	0.086357 	0.057400 	0.066905 	 0.009280 
0.323861 	0.088251 	0.058471 	0.069253 	 0.009337 
0.315390 	0.099455 	0.065915 	0.074748 	 0.009780 
0.330135 	0.086514 	0.057637 	0.066842 	 0.009563 
0.315120 	0.091233 	0.060392 	0.071092 	 0.010000 
0.328263 	0.085702 	0.057098 	0.065513 	 0.009005 
0.326378 	0.092904 	0.061857 	0.070012 	 0.009097 
0.315918 	0.094290 	0.062717 	0.073156 	 0.009719 
0.319980 	0.093103 	0.061735 	0.071700 	 0.009204 
0.320317 	0.088954 	0.059341 	0.066042 	 0.009201 
0.318941 	0.083353 	0.055594 	0.063782 	 0.009299 
0.326852 	0.083191 	0.055490 	0.064697 	 0.008810 
0.305320 	0.096606 	0.064103 	0.074347 	 0.010228 
0.308108 	0.105619 	0.070556 	0.077686 	 0.010756 
0.303066 	0.105605 	0.069872 	0.079836 	 0.010629 
0.314127 	0.098385 	0.065021 	0.076054 	 0.009987 
0.310040 	0.090491 	0.059648 	0.070420 	 0.009299 
0.321112 	0.089719 	0.059683 	0.068105 	 0.008977 
0.290820 	0.106250 	0.070414 	0.079594 	 0.010841 
0.308994 	0.094116 	0.063116 	0.068413 	 0.010145 
0.307501 	0.103063 	0.068571 	0.075850 	 0.010167 
0.296818 	0.111135 	0.073703 	0.083331 	 0.011461 
0.312814 	0.101248 	0.067377 	0.076825 	 0.010009 
0.309389 	0.099821 	0.066651 	0.074432 	 0.010702 
0.317086 	0.094796 	0.063436 	0.069791 	 0.009904 
0.310252 	0.094065 	0.063326 	0.068365 	 0.010330 
0.310171 	0.098087 	0.065193 	0.074399 	 0.010592 
0.302732 	0.097889 	0.065235 	0.072940 	 0.010574 
0.300603 	0.098273 	0.065333 	0.074272 	 0.010518 
0.288887 	0.114478 	0.075758 	0.086855 	 0.011822 
0.307398 	0.104184 	0.069319 	0.077349 	 0.010204 
0.306747 	0.104718 	0.070027 	0.075998 	 0.010390 
0.280853 	0.117069 	0.077484 	0.086953 	 0.011856 
0.291294 	0.115304 	0.076482 	0.087524 	 0.011960 
0.293745 	0.106301 	0.070557 	0.080154 	 0.011096 
0.290218 	0.105701 	0.070628 	0.076842 	 0.010653 
0.288960 	0.118452 	0.078637 	0.084805 	 0.011421 
0.298721 	0.101203 	0.067234 	0.077016 	 0.010290 
0.288052 	0.112926 	0.075311 	0.081771 	 0.011238 
0.283135 	0.111857 	0.074465 	0.081990 	 0.011438 
0.299444 	0.100071 	0.067222 	0.074934 	 0.010953 
0.287766 	0.117346 	0.078063 	0.086919 	 0.012196 
0.285466 	0.111300 	0.074108 	0.081116 	 0.011278 
0.282759 	0.115592 	0.076674 	0.087360 	 0.012391 
0.288725 	0.106233 	0.070825 	0.078028 	 0.011610 
0.293001 	0.105976 	0.070785 	0.076175 	 0.010458 
0.282729 	0.109666 	0.073436 	0.078710 	 0.011010 
0.293846 	0.107027 	0.071638 	0.077219 	 0.010997 
0.301960 	0.100828 	0.067728 	0.072998 	 0.010341 
0.269934 	0.121937 	0.081176 	0.089011 	 0.012787 
0.282386 	0.104831 	0.070131 	0.076344 	 0.011178 
0.264976 	0.125338 	0.083598 	0.089286 	 0.013172 
0.271740 	0.121099 	0.080926 	0.084981 	 0.012666 
0.267127 	0.122858 	0.081936 	0.086562 	 0.011933 
0.288056 	0.114315 	0.076612 	0.081425 	 0.011651 
0.293082 	0.104055 	0.070080 	0.072987 	 0.010382 
0.283429 	0.108022 	0.072514 	0.077518 	 0.011899 
0.280797 	0.108528 	0.072547 	0.078350 	 0.011826 
0.282662 	0.110272 	0.073862 	0.078301 	 0.011720 
0.275957 	0.124291 	0.083111 	0.089743 	 0.012800 
0.287200 	0.117416 	0.078878 	0.080646 	 0.011731 
0.269467 	0.117164 	0.078306 	0.083596 	 0.012468 
0.280008 	0.115676 	0.077126 	0.085304 	 0.011660 
0.277723 	0.112820 	0.075336 	0.080992 	 0.011418 
0.279883 	0.110993 	0.074626 	0.080390 	 0.011695 
0.282657 	0.112971 	0.076366 	0.078531 	 0.012021 
0.272262 	0.120054 	0.080134 	0.087427 	 0.012018 
0.282016 	0.114589 	0.077405 	0.078716 	 0.011600 
0.284827 	0.104889 	0.070741 	0.073680 	 0.010954 
0.278871 	0.108725 	0.072903 	0.078762 	 0.011611 
0.278813 	0.112446 	0.075521 	0.081301 	 0.012107 
0.284919 	0.102575 	0.069114 	0.071456 	 0.010843 
0.279842 	0.103793 	0.069392 	0.077222 	 0.011362 
0.266047 	0.120513 	0.080873 	0.084983 	 0.012301 
0.279042 	0.110674 	0.074616 	0.076466 	 0.011695 
0.286138 	0.102817 	0.069677 	0.070212 	 0.010634 
0.278875 	0.112485 	0.076098 	0.075301 	 0.011103 
0.283900 	0.109009 	0.073602 	0.074614 	 0.011152 
0.286812 	0.105575 	0.071122 	0.074461 	 0.011096 
0.279013 	0.114248 	0.077164 	0.079237 	 0.011575 
0.278431 	0.110852 	0.074741 	0.077766 	 0.011600 
0.273614 	0.108098 	0.073250 	0.073331 	 0.011899 
0.265386 	0.117226 	0.078848 	0.079874 	 0.012090 
0.267476 	0.121464 	0.081608 	0.082893 	 0.011783 
0.263640 	0.130125 	0.087215 	0.089050 	 0.012384 
0.281019 	0.112665 	0.076107 	0.078073 	 0.011429 
0.259559 	0.131810 	0.088364 	0.091757 	 0.013087 
0.270476 	0.108424 	0.073329 	0.073179 	 0.011391 
0.267537 	0.125513 	0.084230 	0.087689 	 0.012517 
0.274500 	0.118981 	0.079945 	0.083005 	 0.011449 
0.264432 	0.122150 	0.082139 	0.083337 	 0.011790 
0.268630 	0.115174 	0.077755 	0.078083 	 0.011461 
0.271056 	0.119935 	0.081428 	0.079592 	 0.011735 
0.267489 	0.119434 	0.081141 	0.080567 	 0.012062 
0.270527 	0.115937 	0.078642 	0.076538 	 0.011835 
0.254093 	0.135153 	0.090681 	0.092446 	 0.013065 
0.272518 	0.112019 	0.075399 	0.078602 	 0.011023 
0.247772 	0.137535 	0.092476 	0.092475 	 0.012824 
0.264329 	0.123038 	0.082936 	0.083956 	 0.011861 
0.259871 	0.127813 	0.086418 	0.085377 	 0.012058 
0.250362 	0.134545 	0.090582 	0.092612 	 0.013419 
0.262657 	0.125987 	0.085242 	0.084702 	 0.012073 
0.258228 	0.120223 	0.080980 	0.083163 	 0.012474 
0.253908 	0.120703 	0.081706 	0.081428 	 0.012611 
0.257822 	0.118443 	0.080282 	0.079359 	 0.012101 
0.251581 	0.126109 	0.085103 	0.084395 	 0.012475 
0.257249 	0.121949 	0.082353 	0.080572 	 0.011916 
0.255098 	0.125664 	0.084876 	0.088504 	 0.013231 
0.259051 	0.122861 	0.083331 	0.080562 	 0.011707 
0.250288 	0.128541 	0.087066 	0.085779 	 0.012919 
0.243708 	0.136705 	0.091701 	0.095813 	 0.013328 
0.249751 	0.134439 	0.091327 	0.084955 	 0.012440 
0.250648 	0.127897 	0.086590 	0.083540 	 0.012256 
0.239503 	0.134528 	0.091118 	0.088285 	 0.013765 
0.243289 	0.132736 	0.089507 	0.089180 	 0.012816 
0.226825 	0.145506 	0.097865 	0.097425 	 0.013848 
0.239095 	0.133106 	0.089863 	0.085769 	 0.012748 
0.236408 	0.138982 	0.094569 	0.090822 	 0.013792 
0.239180 	0.139345 	0.094301 	0.091568 	 0.013154 
0.242395 	0.131851 	0.089303 	0.088355 	 0.013109 
0.233652 	0.143848 	0.097011 	0.097544 	 0.014250 
0.244196 	0.126711 	0.086129 	0.082234 	 0.012868 
0.244992 	0.128842 	0.087533 	0.084006 	 0.013246 
0.234173 	0.134728 	0.091356 	0.087618 	 0.013194 
0.228015 	0.133458 	0.090239 	0.086538 	 0.013019 
0.242963 	0.124964 	0.085679 	0.079137 	 0.012623 
0.242887 	0.137880 	0.093569 	0.087741 	 0.012774 
0.235678 	0.133424 	0.091180 	0.084650 	 0.013300 
0.230120 	0.131452 	0.089105 	0.086386 	 0.013269 
0.232710 	0.141442 	0.095671 	0.092353 	 0.013042 
0.237312 	0.135479 	0.092335 	0.086245 	 0.013116 
0.219213 	0.145633 	0.098750 	0.095138 	 0.014272 
0.233586 	0.127199 	0.086840 	0.081219 	 0.012923 
0.212631 	0.147280 	0.100046 	0.092933 	 0.014363 
0.216110 	0.144372 	0.097825 	0.092875 	 0.013873 
0.219749 	0.148682 	0.100838 	0.095098 	 0.013839 
0.225863 	0.140016 	0.095229 	0.088320 	 0.013349 
0.219811 	0.143847 	0.097605 	0.092162 	 0.013355 
0.216330 	0.151063 	0.102543 	0.097601 	 0.014468 
0.217248 	0.152710 	0.103750 	0.100239 	 0.014913 
0.215572 	0.155647 	0.105389 	0.102227 	 0.014593 
0.209800 	0.152046 	0.102907 	0.098527 	 0.014688 
0.210229 	0.145894 	0.099318 	0.092231 	 0.014742 
0.217929 	0.141642 	0.095708 	0.094587 	 0.013715 
0.208780 	0.148600 	0.101122 	0.094732 	 0.014492 
0.207928 	0.149489 	0.101633 	0.095551 	 0.014764 
0.215258 	0.146925 	0.099945 	0.093194 	 0.014291 
0.210519 	0.149900 	0.102211 	0.093899 	 0.014125 
0.215870 	0.144582 	0.098871 	0.090262 	 0.014143 
0.190843 	0.157263 	0.107018 	0.097593 	 0.015370 
0.194481 	0.154538 	0.104972 	0.097875 	 0.015175 
0.198324 	0.161360 	0.109264 	0.104146 	 0.015713 
0.214146 	0.141141 	0.096449 	0.087570 	 0.013749 
0.212225 	0.149180 	0.101766 	0.091857 	 0.013791 
0.189210 	0.165168 	0.111420 	0.107707 	 0.015095 
0.191935 	0.159609 	0.108776 	0.099301 	 0.015656 
0.196017 	0.159099 	0.108061 	0.098846 	 0.014109 
0.191892 	0.162470 	0.110031 	0.102712 	 0.015081 
0.214629 	0.146918 	0.100552 	0.093144 	 0.014685 
0.198451 	0.155158 	0.105944 	0.094731 	 0.014656 
0.202371 	0.146462 	0.100224 	0.089465 	 0.013953 
0.201445 	0.155583 	0.106237 	0.095918 	 0.014930 
0.188326 	0.163253 	0.110664 	0.102172 	 0.014877 
0.191091 	0.163865 	0.111930 	0.100899 	 0.015131 
0.187531 	0.153232 	0.104511 	0.095714 	 0.015234 
0.194816 	0.161908 	0.110588 	0.098223 	 0.014971 
0.209117 	0.150237 	0.103252 	0.089591 	 0.013825 
0.182668 	0.174491 	0.118227 	0.109202 	 0.015994 
0.183333 	0.164249 	0.112265 	0.098835 	 0.015757 
0.182873 	0.164256 	0.111475 	0.104775 	 0.015709 
0.178626 	0.173352 	0.118346 	0.105595 	 0.016528 
0.183790 	0.167645 	0.114108 	0.105872 	 0.015716 
0.183114 	0.158972 	0.108482 	0.098501 	 0.015424 
0.184853 	0.167197 	0.113798 	0.102996 	 0.015484 
0.186860 	0.162492 	0.110356 	0.100999 	 0.014676 
0.176435 	0.170453 	0.116053 	0.105978 	 0.016520 
0.181298 	0.163288 	0.111444 	0.096997 	 0.014905 
0.185784 	0.159244 	0.108684 	0.094516 	 0.014746 
0.188700 	0.165506 	0.112923 	0.101650 	 0.015267 
0.188995 	0.155263 	0.106185 	0.093243 	 0.015031 
0.197301 	0.150129 	0.103067 	0.090093 	 0.013923 
0.168513 	0.168561 	0.114945 	0.103522 	 0.015905 
0.184543 	0.156460 	0.107469 	0.094171 	 0.015462 
0.173508 	0.171287 	0.116362 	0.107263 	 0.016029 
0.178448 	0.174317 	0.118919 	0.107016 	 0.016272 
0.185164 	0.159146 	0.108885 	0.096017 	 0.015109 
0.189328 	0.167027 	0.114354 	0.099817 	 0.015206 
0.179998 	0.168063 	0.115061 	0.101889 	 0.015839 
0.179342 	0.165962 	0.113148 	0.101416 	 0.014820 
0.184702 	0.168205 	0.115020 	0.101440 	 0.015452 
0.168974 	0.175657 	0.120285 	0.105364 	 0.016268 
0.170204 	0.184988 	0.125767 	0.114429 	 0.016527 
0.180367 	0.160989 	0.110257 	0.097205 	 0.015345 
0.187582 	0.159793 	0.109802 	0.093745 	 0.014343 
0.167708 	0.176530 	0.120622 	0.106465 	 0.016548 
0.180487 	0.165066 	0.113106 	0.100316 	 0.015416 
0.175850 	0.172464 	0.118312 	0.103829 	 0.016381 
0.176438 	0.162391 	0.111291 	0.096659 	 0.015564 
0.180451 	0.150271 	0.103315 	0.090072 	 0.014634 
0.155615 	0.185076 	0.126054 	0.114341 	 0.017974 
0.184862 	0.165078 	0.113327 	0.099103 	 0.015181 
0.173539 	0.166631 	0.114452 	0.098434 	 0.015955 
0.159862 	0.187372 	0.127656 	0.115284 	 0.016802 
0.178124 	0.160662 	0.110784 	0.092661 	 0.015027 
0.167210 	0.180633 	0.123417 	0.110550 	 0.016533 
0.182133 	0.170056 	0.116372 	0.103047 	 0.015557 
0.173658 	0.174989 	0.120202 	0.103286 	 0.015831 
0.185055 	0.159279 	0.109914 	0.092446 	 0.014734 
0.176843 	0.168528 	0.115985 	0.101081 	 0.016323 
0.169964 	0.176646 	0.121038 	0.103950 	 0.016161 
0.185108 	0.168442 	0.115945 	0.099986 	 0.015132 
0.170065 	0.177732 	0.121698 	0.105791 	 0.015729 
0.197338 	0.149821 	0.104208 	0.086768 	 0.014247 
0.182780 	0.168804 	0.116436 	0.098739 	 0.015329 
0.182863 	0.166691 	0.115503 	0.096544 	 0.015378 
0.164299 	0.183036 	0.125372 	0.110329 	 0.016576 
0.179643 	0.170812 	0.117754 	0.100063 	 0.015498 
0.172576 	0.161248 	0.111278 	0.093720 	 0.014925 
0.178516 	0.163707 	0.112570 	0.098726 	 0.015512 
0.168898 	0.176453 	0.121167 	0.103827 	 0.015713 
0.181175 	0.160995 	0.111464 	0.092713 	 0.014787 
0.167160 	0.184087 	0.126574 	0.106357 	 0.016056 
0.172147 	0.172131 	0.118939 	0.099217 	 0.015947 
0.164526 	0.176336 	0.121261 	0.103932 	 0.016381 
0.170477 	0.166108 	0.114397 	0.096919 	 0.014767 
0.164083 	0.174363 	0.119544 	0.102000 	 0.015407 
0.176132 	0.170835 	0.118386 	0.096547 	 0.015645 
0.176586 	0.165997 	0.114379 	0.098889 	 0.014906 
0.182710 	0.160164 	0.110898 	0.093516 	 0.015008 
0.164769 	0.167552 	0.115629 	0.098247 	 0.015441 
0.176141 	0.159107 	0.110114 	0.090843 	 0.014632 
0.176763 	0.171309 	0.118850 	0.095227 	 0.015252 
0.176396 	0.168735 	0.117301 	0.094617 	 0.015575 
0.172116 	0.161191 	0.111966 	0.092007 	 0.015351 
0.164195 	0.181141 	0.125025 	0.103700 	 0.015561 
0.162839 	0.177334 	0.122437 	0.102655 	 0.016426 
0.171810 	0.172388 	0.119428 	0.099054 	 0.015721 
0.175983 	0.169435 	0.117617 	0.097375 	 0.015654 
0.174180 	0.171414 	0.118903 	0.098092 	 0.015830 
0.157320 	0.177664 	0.122787 	0.102280 	 0.016448 
0.162662 	0.182305 	0.125753 	0.105782 	 0.016277 
0.169368 	0.173100 	0.120528 	0.095778 	 0.015878 
0.187616 	0.165989 	0.115545 	0.093637 	 0.014912 
0.173449 	0.165370 	0.114884 	0.093616 	 0.015035 
0.170852 	0.177263 	0.122974 	0.099981 	 0.016103 
0.172194 	0.169989 	0.118092 	0.094443 	 0.015727 
0.165796 	0.173370 	0.120162 	0.098732 	 0.015773 
0.176026 	0.174116 	0.120716 	0.098930 	 0.015514 
0.168261 	0.169564 	0.118065 	0.093714 	 0.015279 
0.157518 	0.180737 	0.125001 	0.103302 	 0.016195 
0.180953 	0.166156 	0.115772 	0.092879 	 0.014856 
0.174454 	0.169299 	0.117920 	0.095137 	 0.015106 
0.169782 	0.168888 	0.117434 	0.095872 	 0.015715 
0.166066 	0.166010 	0.115585 	0.094733 	 0.015706 
0.164557 	0.163105 	0.113798 	0.089931 	 0.015305 
0.164229 	0.167711 	0.116702 	0.092460 	 0.015171 
0.155420 	0.179976 	0.125262 	0.098742 	 0.016122 
0.176244 	0.161299 	0.113190 	0.088413 	 0.015302 
0.157696 	0.180868 	0.125388 	0.102841 	 0.016293 
0.158273 	0.181534 	0.126206 	0.101806 	 0.016337 
0.154682 	0.174372 	0.121552 	0.096259 	 0.015847 
0.153198 	0.178899 	0.124119 	0.102564 	 0.016519 
0.154269 	0.180372 	0.125323 	0.101722 	 0.016451 
0.153006 	0.181210 	0.125493 	0.104374 	 0.016454 
0.152762 	0.180256 	0.125618 	0.101250 	 0.016847 
0.141133 	0.177603 	0.123719 	0.098096 	 0.016901 
0.152467 	0.186445 	0.129448 	0.106259 	 0.017117 
0.144566 	0.184624 	0.128633 	0.100420 	 0.016445 
0.152039 	0.186096 	0.129259 	0.104742 	 0.016584 
0.148226 	0.181972 	0.126469 	0.104129 	 0.016413 
0.152606 	0.183257 	0.127659 	0.101428 	 0.016533 
0.146326 	0.185610 	0.129017 	0.104677 	 0.016779 
0.145407 	0.189598 	0.131510 	0.105780 	 0.016604 
0.137475 	0.193669 	0.134256 	0.110251 	 0.017339 
0.145776 	0.192197 	0.133728 	0.107042 	 0.017348 
0.175887 	0.172290 	0.121040 	0.091813 	 0.015032 
0.147464 	0.189052 	0.131398 	0.105542 	 0.016852 
0.150420 	0.188637 	0.131470 	0.104627 	 0.016922 
0.146993 	0.184548 	0.128512 	0.102781 	 0.016622 
0.142055 	0.191278 	0.133363 	0.106219 	 0.017381 
0.158125 	0.172043 	0.120679 	0.092230 	 0.015606 
0.140082 	0.188653 	0.131636 	0.103386 	 0.017408 
0.138266 	0.188477 	0.131846 	0.102790 	 0.017157 
0.140648 	0.191407 	0.133495 	0.103570 	 0.017038 
0.144786 	0.185994 	0.129532 	0.103327 	 0.016539 
0.151395 	0.179988 	0.126003 	0.098013 	 0.016220 
0.137832 	0.194381 	0.135197 	0.109430 	 0.017590 
0.141808 	0.181421 	0.127043 	0.099274 	 0.016948 
0.136036 	0.197647 	0.137956 	0.107715 	 0.017783 
0.144643 	0.183354 	0.128171 	0.100334 	 0.016650 
0.144042 	0.179333 	0.124980 	0.101129 	 0.016359 
0.129274 	0.188963 	0.131818 	0.102422 	 0.017287 
0.138286 	0.181911 	0.127653 	0.098685 	 0.017277 
0.140783 	0.183361 	0.128337 	0.098109 	 0.016798 
0.145619 	0.178237 	0.124554 	0.096409 	 0.015652 
0.148640 	0.176098 	0.124133 	0.092341 	 0.016176 
0.134749 	0.184142 	0.129254 	0.097513 	 0.016707 
0.138578 	0.177481 	0.124614 	0.096936 	 0.016973 
0.122757 	0.200695 	0.139887 	0.110231 	 0.018213 
0.142861 	0.184318 	0.129445 	0.099427 	 0.016607 
0.137084 	0.186828 	0.131068 	0.099167 	 0.017223 
0.132443 	0.197771 	0.138005 	0.108742 	 0.017034 
0.130843 	0.189582 	0.132937 	0.101567 	 0.017229 
0.128274 	0.197752 	0.138245 	0.106467 	 0.017588 
0.136268 	0.187749 	0.131722 	0.100530 	 0.016810 
0.143355 	0.179224 	0.126490 	0.091860 	 0.016435 
0.121877 	0.192830 	0.134637 	0.103447 	 0.017332 
0.129124 	0.190056 	0.133672 	0.099780 	 0.017150 
0.119277 	0.193239 	0.135307 	0.105285 	 0.018011 
0.138103 	0.177186 	0.125396 	0.090538 	 0.016670 
0.142090 	0.169083 	0.120099 	0.085254 	 0.015598 
0.134164 	0.190729 	0.134035 	0.101763 	 0.017522 
0.130152 	0.189360 	0.133588 	0.097446 	 0.017477 
0.127844 	0.190881 	0.134335 	0.101975 	 0.017576 
0.131236 	0.185191 	0.130591 	0.096076 	 0.016576 
0.129126 	0.192778 	0.135701 	0.101438 	 0.017362 
0.120575 	0.187260 	0.131822 	0.100296 	 0.017508 
0.123467 	0.194863 	0.136803 	0.104160 	 0.017850 
0.136691 	0.181439 	0.128293 	0.094202 	 0.016569 
0.130292 	0.194808 	0.137679 	0.101086 	 0.017450 
0.128371 	0.186819 	0.132135 	0.096153 	 0.017475 
0.134810 	0.189327 	0.133280 	0.100233 	 0.016803 
0.119673 	0.195410 	0.138088 	0.097456 	 0.017722 
0.120813 	0.196019 	0.137736 	0.104508 	 0.018043 
0.117581 	0.200838 	0.141502 	0.105687 	 0.018262 
0.128958 	0.176573 	0.125559 	0.087355 	 0.016493 
0.116375 	0.195065 	0.137650 	0.100949 	 0.017958 
0.122079 	0.191936 	0.135257 	0.100768 	 0.017135 
0.114864 	0.192348 	0.135895 	0.097448 	 0.017853 
0.112704 	0.200361 	0.140821 	0.106445 	 0.018561 
0.120081 	0.188358 	0.133351 	0.096119 	 0.017244 
0.125177 	0.187951 	0.133107 	0.096849 	 0.017561 
0.113890 	0.195098 	0.137944 	0.099166 	 0.017443 
0.109572 	0.192698 	0.135935 	0.100232 	 0.018085 
0.118181 	0.190686 	0.134627 	0.098188 	 0.017234 
0.111337 	0.204622 	0.144102 	0.105981 	 0.018503 
0.117552 	0.190813 	0.134915 	0.096668 	 0.016922 
0.109216 	0.195587 	0.137794 	0.102294 	 0.017945 
0.123607 	0.192633 	0.136209 	0.097849 	 0.017111 
0.115593 	0.193954 	0.136703 	0.099659 	 0.017173 
0.113835 	0.189317 	0.134066 	0.095107 	 0.017237 
0.115141 	0.195164 	0.137996 	0.102283 	 0.017864 
0.118430 	0.198603 	0.139607 	0.107092 	 0.017676 
0.122728 	0.183030 	0.130347 	0.092070 	 0.016916 
0.114350 	0.197554 	0.139394 	0.100178 	 0.017553 
0.125419 	0.180327 	0.128066 	0.093015 	 0.017534 
0.123970 	0.200966 	0.142049 	0.102853 	 0.017053 
0.108049 	0.207043 	0.145652 	0.108751 	 0.017825 
0.098305 	0.205664 	0.144611 	0.107711 	 0.018768 
0.109333 	0.193190 	0.137183 	0.098281 	 0.018138 
0.126424 	0.185367 	0.132481 	0.089850 	 0.016523 
0.103481 	0.200384 	0.141618 	0.104178 	 0.018168 
0.113432 	0.193982 	0.138040 	0.097911 	 0.018134 
0.100372 	0.201230 	0.142044 	0.104078 	 0.018395 
0.101174 	0.205163 	0.144887 	0.106912 	 0.018610 
0.120151 	0.194317 	0.138283 	0.096335 	 0.017555 
0.099299 	0.195711 	0.138777 	0.100005 	 0.018288 
0.101219 	0.199200 	0.141268 	0.100396 	 0.018103 
0.100668 	0.200244 	0.141627 	0.101811 	 0.017913 
0.107126 	0.197902 	0.140552 	0.099492 	 0.017971 
0.103200 	0.196781 	0.139950 	0.098774 	 0.018025 
0.098940 	0.199875 	0.141735 	0.100747 	 0.017897 
0.107342 	0.205677 	0.145700 	0.105033 	 0.018885 
0.101969 	0.212660 	0.149994 	0.112451 	 0.019210 
0.099717 	0.210165 	0.148983 	0.104875 	 0.018840 
0.108690 	0.198678 	0.141257 	0.099362 	 0.017642 
0.093292 	0.210733 	0.149072 	0.108008 	 0.018796 
0.111462 	0.194309 	0.138705 	0.095459 	 0.017537 
0.079250 	0.212473 	0.150121 	0.112109 	 0.020586 
0.094924 	0.211214 	0.149453 	0.107318 	 0.019038 
0.095412 	0.200838 	0.142686 	0.100410 	 0.018405 
0.115304 	0.187547 	0.134163 	0.092780 	 0.016946 
0.106415 	0.195364 	0.139332 	0.096363 	 0.017672 
0.087151 	0.202538 	0.143512 	0.102912 	 0.018866 
0.090679 	0.200526 	0.142004 	0.104334 	 0.018987 
0.095251 	0.207035 	0.146437 	0.108445 	 0.018858 
0.100966 	0.197465 	0.140756 	0.098544 	 0.018097 
0.097663 	0.206344 	0.146688 	0.101738 	 0.018538 
0.088579 	0.210369 	0.149470 	0.106289 	 0.019217 
0.089835 	0.203985 	0.144965 	0.104120 	 0.019392 
0.103738 	0.196202 	0.140385 	0.098265 	 0.018833 
0.098826 	0.194838 	0.139553 	0.095294 	 0.018705 
0.097756 	0.190212 	0.136133 	0.093314 	 0.017747 
0.086690 	0.213456 	0.151394 	0.107296 	 0.018983 
0.089983 	0.208032 	0.148087 	0.104790 	 0.019318 
0.083880 	0.201068 	0.143640 	0.099307 	 0.019175 
0.104107 	0.188887 	0.135757 	0.091435 	 0.017947 
0.096596 	0.198566 	0.142358 	0.095048 	 0.018278 
0.087793 	0.206777 	0.147173 	0.104834 	 0.019083 
0.100608 	0.197241 	0.141482 	0.095436 	 0.017996 
0.089977 	0.202837 	0.145353 	0.099469 	 0.019181 
0.080121 	0.221572 	0.156740 	0.114893 	 0.019548 
0.092790 	0.202470 	0.144335 	0.102955 	 0.019321 
0.087496 	0.197371 	0.141102 	0.097510 	 0.018618 
0.092643 	0.201599 	0.144133 	0.098923 	 0.018494 
0.099071 	0.204768 	0.146051 	0.104901 	 0.019322 
0.096242 	0.205392 	0.146715 	0.100587 	 0.018523 
0.092251 	0.207043 	0.147912 	0.104103 	 0.019311 
0.101310 	0.202530 	0.145451 	0.097751 	 0.019035 
0.072156 	0.223250 	0.158352 	0.113747 	 0.020156 
0.089500 	0.199237 	0.143088 	0.094317 	 0.018199 
0.098880 	0.198663 	0.143048 	0.094657 	 0.018530 
0.089798 	0.202221 	0.145081 	0.098089 	 0.018711 
0.099504 	0.193147 	0.139274 	0.093564 	 0.018344 
0.084592 	0.201365 	0.144986 	0.096376 	 0.019439 
0.088962 	0.208734 	0.149317 	0.104381 	 0.019970 
0.097365 	0.192244 	0.138646 	0.091031 	 0.018238 
0.076340 	0.216171 	0.154270 	0.108206 	 0.019703 
0.091871 	0.201375 	0.145095 	0.096661 	 0.018924 
0.090200 	0.202089 	0.145118 	0.096835 	 0.018491 
0.094570 	0.185240 	0.134239 	0.086415 	 0.018273 
0.091940 	0.199326 	0.143477 	0.096271 	 0.018561 
0.075372 	0.210539 	0.150670 	0.104864 	 0.019504 
0.107114 	0.186161 	0.135391 	0.084244 	 0.017148 
0.088702 	0.195221 	0.140940 	0.090708 	 0.017685 
0.091486 	0.196957 	0.142315 	0.091987 	 0.018215 
0.090542 	0.192758 	0.139135 	0.090502 	 0.017833 
0.089850 	0.197205 	0.142362 	0.091069 	 0.018125 
0.078753 	0.205294 	0.147782 	0.096006 	 0.018545 
0.088599 	0.198082 	0.143223 	0.092033 	 0.018179 
0.075032 	0.220413 	0.157960 	0.107380 	 0.019611 
0.075117 	0.219755 	0.157071 	0.107380 	 0.019333 
0.092318 	0.197384 	0.142665 	0.093750 	 0.018249 
0.071073 	0.215570 	0.154618 	0.105105 	 0.020059 
0.096568 	0.195940 	0.141815 	0.091058 	 0.018014 
0.088531 	0.191995 	0.139321 	0.087833 	 0.018211 
0.084044 	0.207032 	0.149185 	0.099900 	 0.019483 
0.071710 	0.218928 	0.157150 	0.107368 	 0.020170 
0.079204 	0.212471 	0.152933 	0.101147 	 0.019410 
0.066538 	0.210987 	0.151058 	0.104547 	 0.019592 
0.085634 	0.196746 	0.141938 	0.094464 	 0.018400 
0.064046 	0.212724 	0.153353 	0.101611 	 0.020697 
0.073296 	0.215759 	0.155484 	0.102107 	 0.020477 
0.080801 	0.207067 	0.149130 	0.100401 	 0.019278 
0.065704 	0.221501 	0.158838 	0.108343 	 0.020645 
0.074542 	0.209838 	0.151375 	0.099484 	 0.019705 
0.083498 	0.207239 	0.149518 	0.098262 	 0.019686 
0.082172 	0.200579 	0.145557 	0.092205 	 0.018766 
0.082380 	0.204141 	0.147911 	0.095698 	 0.019003 
0.078749 	0.204930 	0.148275 	0.096859 	 0.019455 
0.069311 	0.209597 	0.150996 	0.100571 	 0.019783 
0.092014 	0.195668 	0.142280 	0.090089 	 0.018636 
0.069434 	0.212147 	0.153202 	0.101713 	 0.020049 
0.064368 	0.218608 	0.157969 	0.101894 	 0.020793 
0.058650 	0.226327 	0.162463 	0.110922 	 0.020809 
0.072178 	0.212442 	0.153732 	0.100733 	 0.019845 
0.068954 	0.221178 	0.159671 	0.104660 	 0.020689 
0.069431 	0.216389 	0.156293 	0.101961 	 0.020441 
0.081148 	0.198117 	0.144436 	0.091646 	 0.019124 
0.066937 	0.214380 	0.154672 	0.102889 	 0.020416 
0.065765 	0.213107 	0.154205 	0.099150 	 0.019521 
0.082686 	0.201652 	0.146589 	0.092008 	 0.019028 
0.052882 	0.220279 	0.158385 	0.108296 	 0.020921 
0.056038 	0.217546 	0.156868 	0.103176 	 0.020666 
0.068729 	0.210904 	0.153160 	0.097889 	 0.020567 
0.075072 	0.215070 	0.155842 	0.100171 	 0.020036 
0.079282 	0.206415 	0.150236 	0.094660 	 0.019529 
0.067387 	0.207214 	0.150654 	0.094046 	 0.019321 
0.063850 	0.219667 	0.158818 	0.104684 	 0.020743 
0.071612 	0.208254 	0.151155 	0.098626 	 0.020281 
0.078790 	0.201221 	0.146999 	0.088774 	 0.018850 
0.074362 	0.204285 	0.148549 	0.094694 	 0.019136 
0.065754 	0.212977 	0.154751 	0.097570 	 0.020324 
0.069958 	0.211676 	0.153591 	0.098931 	 0.019975 
0.061840 	0.221269 	0.159904 	0.104079 	 0.020685 
0.055208 	0.225538 	0.162773 	0.108725 	 0.021405 
0.076947 	0.210277 	0.153293 	0.094911 	 0.019854 
0.071035 	0.207955 	0.151658 	0.094259 	 0.020175 
0.064059 	0.222978 	0.161391 	0.106721 	 0.020734 
0.049914 	0.223192 	0.161479 	0.106565 	 0.021472 
0.063110 	0.215606 	0.156472 	0.101896 	 0.020356 
0.072335 	0.208875 	0.152142 	0.096941 	 0.019758 
0.070245 	0.214502 	0.156420 	0.096912 	 0.019951 
0.067452 	0.215375 	0.156953 	0.098372 	 0.020380 
0.075037 	0.222858 	0.161935 	0.102899 	 0.020095 
0.052732 	0.235897 	0.169859 	0.114694 	 0.021660 
0.074098 	0.211075 	0.154096 	0.097147 	 0.020067 
0.064704 	0.216273 	0.157446 	0.101292 	 0.020558 
0.069036 	0.199621 	0.146701 	0.089644 	 0.019827 
0.049395 	0.225587 	0.163322 	0.107119 	 0.021512 
0.061793 	0.212088 	0.154552 	0.094862 	 0.019598 
0.072859 	0.202073 	0.148308 	0.089599 	 0.019919 
0.086135 	0.194106 	0.143262 	0.082580 	 0.018586 
0.077449 	0.200454 	0.147426 	0.088073 	 0.019051 
0.085545 	0.204572 	0.150472 	0.091048 	 0.019891 
0.062330 	0.224847 	0.163723 	0.103962 	 0.021424 
0.080417 	0.212384 	0.155316 	0.096321 	 0.019657 
0.063874 	0.225686 	0.163602 	0.107393 	 0.020765 
0.060924 	0.215143 	0.157201 	0.096895 	 0.021166 
0.063215 	0.217031 	0.158157 	0.099139 	 0.020251 
0.070997 	0.216226 	0.157706 	0.100020 	 0.020883 
0.067334 	0.220663 	0.161045 	0.102393 	 0.020820 
0.074721 	0.215821 	0.157679 	0.098295 	 0.020370 
0.061642 	0.220448 	0.160771 	0.102425 	 0.021559 
0.066175 	0.223626 	0.162860 	0.104290 	 0.020893 
0.080836 	0.210087 	0.154270 	0.094539 	 0.019657 
0.066289 	0.221154 	0.161384 	0.105168 	 0.021360 
0.077724 	0.212573 	0.156124 	0.095143 	 0.020020 
0.065929 	0.225424 	0.164371 	0.107224 	 0.020930 
0.064094 	0.217117 	0.158996 	0.099608 	 0.021062 
0.065321 	0.219996 	0.160756 	0.102268 	 0.020491 
0.072087 	0.216229 	0.158384 	0.099744 	 0.020552 
0.057636 	0.229341 	0.166885 	0.109685 	 0.022311 
0.077487 	0.213192 	0.156217 	0.100588 	 0.020844 
0.068085 	0.214632 	0.157741 	0.097557 	 0.021362 
0.074382 	0.209062 	0.154120 	0.093097 	 0.020850 
0.063075 	0.230774 	0.168039 	0.109882 	 0.021536 
0.405475 	0.008678 	0.007050 	-0.000798 	 0.002350 
0.407494 	0.008765 	0.006458 	0.005743 	 0.002660 
0.410268 	0.029786 	0.019637 	0.032315 	 0.004958 
0.406691 	0.031910 	0.020650 	0.035537 	 0.004296 
0.425965 	0.022779 	0.015781 	0.023212 	 0.003032 
0.395548 	0.046378 	0.030496 	0.042785 	 0.005159 
0.409432 	0.035125 	0.023486 	0.033252 	 0.004394 
0.424377 	0.016770 	0.011326 	0.021775 	 0.002854 
0.387077 	0.058147 	0.038284 	0.050859 	 0.006634 
0.393454 	0.046040 	0.030509 	0.040287 	 0.005112 
0.390195 	0.043806 	0.028667 	0.041953 	 0.005015 
0.394140 	0.039116 	0.025959 	0.036266 	 0.004119 
0.368747 	0.066755 	0.043774 	0.055870 	 0.007013 
0.386209 	0.033219 	0.021845 	0.034344 	 0.005562 
0.391554 	0.047950 	0.031805 	0.040880 	 0.004704 
0.388536 	0.047539 	0.031011 	0.043638 	 0.004669 
0.361045 	0.071161 	0.046769 	0.058875 	 0.007526 
0.387523 	0.046360 	0.030264 	0.043389 	 0.005309 
0.380588 	0.042281 	0.027972 	0.038954 	 0.005541 
0.380882 	0.049795 	0.032880 	0.046287 	 0.006251 
0.381755 	0.044233 	0.029116 	0.041588 	 0.005067 
0.369965 	0.047009 	0.031157 	0.041213 	 0.005465 
0.378501 	0.039391 	0.025947 	0.036752 	 0.004868 
0.371554 	0.052355 	0.034674 	0.045084 	 0.005919 
0.388534 	0.031181 	0.020904 	0.030392 	 0.003730 
0.366638 	0.049549 	0.032993 	0.043949 	 0.006783 
0.365844 	0.057622 	0.037591 	0.051375 	 0.006350 
0.379003 	0.050192 	0.033094 	0.044009 	 0.005306 
0.360030 	0.067865 	0.044400 	0.058611 	 0.007825 
0.367575 	0.052006 	0.033960 	0.048622 	 0.006565 
0.369194 	0.049921 	0.033139 	0.044632 	 0.006351 
0.363954 	0.058150 	0.038481 	0.051805 	 0.007078 
0.371926 	0.042715 	0.028319 	0.038494 	 0.005478 
0.358359 	0.054426 	0.035849 	0.048159 	 0.006385 
0.350587 	0.062462 	0.040853 	0.054213 	 0.007080 
0.343939 	0.073595 	0.048067 	0.064630 	 0.008591 
0.344420 	0.062259 	0.041012 	0.053225 	 0.007215 
0.343233 	0.070902 	0.046854 	0.059275 	 0.008163 
0.343916 	0.070330 	0.046105 	0.059335 	 0.007385 
0.349404 	0.064396 	0.043021 	0.051650 	 0.007045 
0.335436 	0.069725 	0.046086 	0.055810 	 0.007641 
0.336630 	0.072949 	0.048643 	0.061337 	 0.007885 
0.339757 	0.064238 	0.042077 	0.055478 	 0.007036 
0.327988 	0.066507 	0.044127 	0.054892 	 0.008225 
0.347143 	0.059392 	0.039588 	0.048617 	 0.006696 
0.335808 	0.068765 	0.045775 	0.055584 	 0.007496 
0.334039 	0.069236 	0.046161 	0.056233 	 0.008413 
0.333736 	0.075503 	0.049967 	0.059393 	 0.007227 
0.333953 	0.069598 	0.046313 	0.057267 	 0.008197 
0.323485 	0.077477 	0.050902 	0.063879 	 0.008533 
0.334399 	0.073490 	0.049503 	0.057932 	 0.008712 
0.319322 	0.081035 	0.053749 	0.062859 	 0.008967 
0.312373 	0.087670 	0.057850 	0.069513 	 0.009101 
0.314851 	0.080089 	0.052908 	0.061831 	 0.008910 
0.310656 	0.090975 	0.060477 	0.068850 	 0.009587 
0.324589 	0.066382 	0.044042 	0.054472 	 0.007662 
0.328767 	0.075682 	0.050395 	0.059284 	 0.007970 
0.331519 	0.069406 	0.046250 	0.059220 	 0.007792 
0.324377 	0.076875 	0.051305 	0.058805 	 0.007714 
0.307592 	0.086681 	0.057491 	0.067230 	 0.009394 
0.314488 	0.081807 	0.054356 	0.063810 	 0.009263 
0.306608 	0.081993 	0.054170 	0.063653 	 0.008685 
0.310858 	0.081940 	0.054132 	0.065383 	 0.009131 
0.304919 	0.080492 	0.052785 	0.064321 	 0.008030 
0.320476 	0.074362 	0.049904 	0.056622 	 0.008022 
0.303251 	0.086168 	0.056876 	0.066053 	 0.008507 
0.308206 	0.080871 	0.053706 	0.062334 	 0.008700 
0.299544 	0.102608 	0.067964 	0.076669 	 0.009992 
0.300362 	0.097555 	0.064604 	0.075025 	 0.010128 
0.302915 	0.084310 	0.056155 	0.065476 	 0.009579 
0.299130 	0.091143 	0.060699 	0.068970 	 0.009287 
0.296069 	0.093827 	0.062545 	0.070118 	 0.010044 
0.297005 	0.088174 	0.058828 	0.067238 	 0.009731 
0.306470 	0.079689 	0.052737 	0.062002 	 0.008474 
0.300627 	0.085572 	0.057487 	0.064058 	 0.009586 
0.298312 	0.090219 	0.060126 	0.068360 	 0.009692 
0.300106 	0.091298 	0.060490 	0.070376 	 0.009084 
0.281012 	0.102761 	0.068265 	0.075734 	 0.011197 
0.290757 	0.098076 	0.065244 	0.071580 	 0.009626 
0.287854 	0.103847 	0.068630 	0.077713 	 0.009874 
0.283565 	0.096628 	0.064218 	0.072982 	 0.009947 
0.288688 	0.091548 	0.061217 	0.065928 	 0.009476 
0.287371 	0.092688 	0.061950 	0.068339 	 0.009705 
0.296728 	0.085810 	0.057552 	0.063238 	 0.009409 
0.295687 	0.090180 	0.060462 	0.066655 	 0.009581 
0.289379 	0.093726 	0.062264 	0.070402 	 0.009099 
0.291331 	0.089178 	0.059969 	0.064888 	 0.009777 
0.290008 	0.096175 	0.064705 	0.067812 	 0.009923 
0.284678 	0.105366 	0.070458 	0.076589 	 0.010517 
0.282779 	0.100847 	0.067178 	0.074268 	 0.010260 
0.284063 	0.094575 	0.063285 	0.069363 	 0.010155 
0.281538 	0.106728 	0.071106 	0.077127 	 0.010298 
0.279732 	0.102483 	0.068453 	0.074169 	 0.010160 
0.284869 	0.095688 	0.063947 	0.068126 	 0.008923 
0.272144 	0.106201 	0.070946 	0.075762 	 0.010673 
0.285904 	0.085722 	0.057621 	0.061840 	 0.009241 
0.277815 	0.105520 	0.070602 	0.075942 	 0.010659 
0.274724 	0.098743 	0.065767 	0.072374 	 0.009676 
0.269928 	0.110622 	0.073772 	0.079149 	 0.010648 
0.285860 	0.093185 	0.062747 	0.066829 	 0.009600 
0.272031 	0.105553 	0.070797 	0.074534 	 0.010384 
0.275371 	0.102385 	0.068324 	0.074402 	 0.010006 
0.272337 	0.104927 	0.069899 	0.076448 	 0.010435 
0.278844 	0.092910 	0.062034 	0.069323 	 0.009626 
0.275578 	0.104666 	0.070484 	0.072545 	 0.010567 
0.270766 	0.102134 	0.068780 	0.070791 	 0.010467 
0.275221 	0.105184 	0.070705 	0.073964 	 0.010124 
0.258713 	0.116417 	0.077868 	0.082348 	 0.011485 
0.265725 	0.112244 	0.075035 	0.079646 	 0.010637 
0.262609 	0.104446 	0.070203 	0.073335 	 0.010661 
0.276761 	0.102210 	0.068534 	0.071742 	 0.010088 
0.268749 	0.102595 	0.068845 	0.074838 	 0.010867 
0.262923 	0.114571 	0.076876 	0.080109 	 0.011345 
0.273928 	0.097276 	0.065449 	0.067521 	 0.009511 
0.258949 	0.107178 	0.072421 	0.072949 	 0.010883 
0.258648 	0.109272 	0.073404 	0.076468 	 0.010993 
0.258351 	0.118090 	0.079512 	0.080145 	 0.011350 
0.241065 	0.125433 	0.084019 	0.085684 	 0.011658 
0.257387 	0.109713 	0.073863 	0.075329 	 0.010839 
0.258004 	0.105058 	0.070823 	0.071578 	 0.010844 
0.254937 	0.121067 	0.081087 	0.083246 	 0.011091 
0.262706 	0.106825 	0.072023 	0.073795 	 0.010234 
0.259373 	0.104169 	0.070405 	0.070214 	 0.009984 
0.246718 	0.122646 	0.082694 	0.080030 	 0.011002 
0.254566 	0.115654 	0.077822 	0.075594 	 0.010264 
0.270025 	0.102778 	0.069875 	0.064758 	 0.009318 
0.261462 	0.111319 	0.075829 	0.070951 	 0.010223 
0.259659 	0.104757 	0.070448 	0.072529 	 0.010048 
0.238397 	0.125178 	0.084088 	0.083578 	 0.011325 
0.262480 	0.119806 	0.080702 	0.079936 	 0.010257 
0.250642 	0.112766 	0.076640 	0.072130 	 0.010863 
0.254861 	0.118844 	0.080805 	0.076803 	 0.010701 
0.244751 	0.119031 	0.080472 	0.076884 	 0.010922 
0.228011 	0.131555 	0.088504 	0.086687 	 0.011913 
0.246062 	0.117655 	0.079133 	0.079333 	 0.010573 
0.238082 	0.126334 	0.085008 	0.082336 	 0.011010 
0.238615 	0.125914 	0.085142 	0.080030 	 0.011236 
0.247372 	0.123753 	0.083699 	0.081693 	 0.011192 
0.239392 	0.124195 	0.083831 	0.082618 	 0.011638 
0.246310 	0.119045 	0.081030 	0.074744 	 0.010772 
0.221262 	0.132323 	0.089198 	0.086058 	 0.012204 
0.231481 	0.132637 	0.089421 	0.085273 	 0.011911 
0.231437 	0.125854 	0.084991 	0.083724 	 0.011684 
0.232823 	0.122061 	0.082218 	0.079259 	 0.010839 
0.240769 	0.116163 	0.078857 	0.074342 	 0.010942 
0.225196 	0.137103 	0.092666 	0.087126 	 0.012125 
0.232210 	0.128281 	0.087272 	0.080561 	 0.012038 
0.226659 	0.137864 	0.093093 	0.088448 	 0.011826 
0.241225 	0.106920 	0.073016 	0.065388 	 0.009587 
0.235497 	0.118584 	0.080848 	0.075857 	 0.011428 
0.227730 	0.136344 	0.092234 	0.089984 	 0.012531 
0.218004 	0.132625 	0.089732 	0.084269 	 0.012228 
0.216299 	0.134967 	0.090866 	0.088613 	 0.012381 
0.233783 	0.132138 	0.089715 	0.081881 	 0.011318 
0.217617 	0.136649 	0.092513 	0.086861 	 0.012344 
0.222507 	0.122927 	0.083743 	0.076787 	 0.011202 
0.208856 	0.148856 	0.100889 	0.095023 	 0.013262 
0.212622 	0.140215 	0.094860 	0.086886 	 0.012046 
0.206342 	0.140313 	0.095330 	0.087091 	 0.012983 
0.210986 	0.146881 	0.099961 	0.092989 	 0.013089 
0.220531 	0.129434 	0.088610 	0.076682 	 0.011970 
0.201927 	0.144122 	0.097504 	0.089443 	 0.012821 
0.202305 	0.155589 	0.105503 	0.097242 	 0.013675 
0.220037 	0.134144 	0.091218 	0.083073 	 0.012232 
0.208142 	0.143321 	0.097695 	0.087429 	 0.013200 
0.201001 	0.141853 	0.096298 	0.088062 	 0.012968 
0.193624 	0.155656 	0.105562 	0.097380 	 0.013430 
0.209458 	0.135994 	0.092368 	0.086946 	 0.012990 
0.207169 	0.146838 	0.099779 	0.087614 	 0.012489 
0.199141 	0.148490 	0.100507 	0.092891 	 0.012774 
0.211502 	0.133974 	0.091158 	0.079567 	 0.011228 
0.197648 	0.148258 	0.100787 	0.090565 	 0.013290 
0.204289 	0.144666 	0.098194 	0.089154 	 0.012853 
0.185976 	0.164426 	0.111114 	0.102541 	 0.013873 
0.188576 	0.158727 	0.107477 	0.098480 	 0.014130 
0.193734 	0.142396 	0.097037 	0.083209 	 0.012068 
0.196481 	0.148523 	0.101007 	0.089051 	 0.013012 
0.192094 	0.151622 	0.103109 	0.094310 	 0.013830 
0.208130 	0.144325 	0.098846 	0.085871 	 0.012386 
0.194062 	0.145859 	0.099456 	0.088895 	 0.013450 
0.191327 	0.144489 	0.098506 	0.086288 	 0.012582 
0.184148 	0.155169 	0.106013 	0.091214 	 0.013747 
0.180603 	0.154697 	0.104741 	0.093742 	 0.013273 
0.198548 	0.141311 	0.096861 	0.083727 	 0.012691 
0.192884 	0.146883 	0.100076 	0.088822 	 0.012409 
0.189357 	0.149424 	0.102327 	0.086264 	 0.013126 
0.190065 	0.150396 	0.102482 	0.090313 	 0.012876 
0.186493 	0.149046 	0.101783 	0.087572 	 0.013192 
0.181864 	0.165552 	0.112647 	0.099592 	 0.013988 
0.186184 	0.154611 	0.105463 	0.091729 	 0.012955 
0.171837 	0.169997 	0.115485 	0.103418 	 0.015189 
0.184916 	0.156022 	0.106548 	0.091618 	 0.012949 
0.176542 	0.168006 	0.114509 	0.098985 	 0.014441 
0.186929 	0.149567 	0.102309 	0.088081 	 0.012251 
0.184373 	0.153143 	0.104919 	0.087614 	 0.012612 
0.172903 	0.171453 	0.116861 	0.104361 	 0.014835 
0.177901 	0.160088 	0.109224 	0.094301 	 0.013529 
0.178378 	0.153397 	0.104764 	0.090478 	 0.013092 
0.162196 	0.161437 	0.110356 	0.095845 	 0.014873 
0.174020 	0.160142 	0.109632 	0.091668 	 0.013547 
0.158913 	0.172985 	0.117257 	0.105250 	 0.014659 
0.167978 	0.166059 	0.113808 	0.095591 	 0.013825 
0.164208 	0.165566 	0.113104 	0.097823 	 0.014539 
0.187622 	0.152730 	0.105172 	0.085052 	 0.012341 
0.177865 	0.156526 	0.107369 	0.088970 	 0.012832 
0.169760 	0.157668 	0.108287 	0.089755 	 0.013666 
0.165531 	0.165451 	0.113015 	0.096558 	 0.014116 
0.169826 	0.166558 	0.113830 	0.096277 	 0.013837 
0.164237 	0.168066 	0.115139 	0.096616 	 0.014102 
0.170840 	0.160552 	0.110003 	0.093572 	 0.013481 
0.170822 	0.169602 	0.115764 	0.099739 	 0.014022 
0.170675 	0.157546 	0.108550 	0.088127 	 0.013943 
0.161918 	0.172336 	0.118144 	0.098945 	 0.014886 
0.161433 	0.156122 	0.107143 	0.088028 	 0.013095 
0.160769 	0.171455 	0.117572 	0.097648 	 0.013902 
0.167090 	0.162694 	0.111166 	0.094511 	 0.013405 
0.154981 	0.166347 	0.113683 	0.095555 	 0.013716 
0.162317 	0.165910 	0.113704 	0.096929 	 0.014348 
0.155159 	0.168939 	0.115739 	0.097888 	 0.014587 
0.151743 	0.173799 	0.119306 	0.097364 	 0.014542 
0.148001 	0.175178 	0.119804 	0.101837 	 0.014827 
0.166052 	0.168855 	0.116163 	0.094683 	 0.014120 
0.168906 	0.162357 	0.111595 	0.093416 	 0.013446 
0.156899 	0.176050 	0.120832 	0.099060 	 0.014094 
0.147124 	0.178953 	0.122508 	0.101534 	 0.014722 
0.142020 	0.185050 	0.126870 	0.108233 	 0.016000 
0.149831 	0.179065 	0.122841 	0.100177 	 0.014976 
0.147924 	0.175500 	0.120506 	0.099252 	 0.014624 
0.150085 	0.173144 	0.118561 	0.097745 	 0.014040 
0.139589 	0.183563 	0.125998 	0.102424 	 0.014662 
0.145606 	0.180987 	0.124240 	0.103626 	 0.014703 
0.145975 	0.175429 	0.120411 	0.099813 	 0.014593 
0.157100 	0.161035 	0.111444 	0.086857 	 0.013861 
0.148466 	0.176901 	0.121338 	0.100296 	 0.014721 
0.159794 	0.161859 	0.111923 	0.085536 	 0.012990 
0.148905 	0.170917 	0.117958 	0.094094 	 0.014204 
0.142872 	0.176143 	0.121110 	0.096965 	 0.014654 
0.149368 	0.170314 	0.117624 	0.090891 	 0.013786 
0.152850 	0.178731 	0.123303 	0.098203 	 0.014403 
0.152870 	0.170966 	0.117723 	0.093715 	 0.013841 
0.147782 	0.179227 	0.123352 	0.098465 	 0.014680 
0.141486 	0.186646 	0.128159 	0.106004 	 0.015280 
0.151512 	0.168621 	0.116682 	0.092692 	 0.013914 
0.147328 	0.172063 	0.119295 	0.092072 	 0.014710 
0.144997 	0.180017 	0.123929 	0.101850 	 0.014645 
0.140799 	0.183552 	0.126308 	0.102309 	 0.015063 
0.129398 	0.194421 	0.133366 	0.107983 	 0.015371 
0.141571 	0.173330 	0.120478 	0.094341 	 0.014670 
0.153471 	0.167041 	0.115922 	0.088401 	 0.013649 
0.135326 	0.185705 	0.127871 	0.101597 	 0.014741 
0.129657 	0.177071 	0.122570 	0.095438 	 0.014765 
0.147389 	0.174668 	0.121095 	0.090514 	 0.013526 
0.133512 	0.178909 	0.123665 	0.095325 	 0.014443 
0.135560 	0.172402 	0.119762 	0.089745 	 0.014426 
0.133666 	0.179167 	0.124024 	0.095797 	 0.014728 
0.147157 	0.176513 	0.121879 	0.096612 	 0.013930 
0.125007 	0.195797 	0.134901 	0.104979 	 0.015492 
0.146179 	0.177351 	0.122764 	0.094222 	 0.013569 
0.138804 	0.178421 	0.123500 	0.094900 	 0.014048 
0.132751 	0.178968 	0.124501 	0.093478 	 0.014990 
0.127463 	0.183881 	0.127159 	0.097616 	 0.014724 
0.146968 	0.159690 	0.111682 	0.081430 	 0.013357 
0.123060 	0.181137 	0.124761 	0.100034 	 0.014769 
0.126882 	0.188446 	0.130478 	0.098115 	 0.014746 
0.127638 	0.189108 	0.130864 	0.101628 	 0.015200 
0.129678 	0.189510 	0.130896 	0.103090 	 0.014974 
0.131214 	0.179458 	0.124598 	0.094145 	 0.014026 
0.123472 	0.192544 	0.133311 	0.102761 	 0.015535 
0.124862 	0.196735 	0.136212 	0.105284 	 0.015471 
0.127990 	0.174215 	0.121532 	0.091255 	 0.014180 
0.124268 	0.189527 	0.131604 	0.098050 	 0.015120 
0.125619 	0.180023 	0.125287 	0.092865 	 0.014576 
0.128233 	0.184264 	0.128398 	0.094404 	 0.014867 
0.136446 	0.183801 	0.127687 	0.096665 	 0.014848 
0.119298 	0.189270 	0.130992 	0.101001 	 0.015644 
0.102884 	0.196549 	0.136000 	0.103640 	 0.015996 
0.116677 	0.199501 	0.138370 	0.104394 	 0.015670 
0.123040 	0.185770 	0.129398 	0.094954 	 0.014896 
0.111836 	0.205610 	0.142491 	0.108817 	 0.016088 
0.111231 	0.194255 	0.134271 	0.103237 	 0.015450 
0.127685 	0.185481 	0.129077 	0.095819 	 0.014509 
0.126519 	0.192967 	0.134325 	0.101386 	 0.015201 
0.133216 	0.173404 	0.121412 	0.086965 	 0.014178 
0.120816 	0.193764 	0.134381 	0.101687 	 0.014841 
0.105574 	0.198900 	0.138304 	0.102814 	 0.015821 
0.111600 	0.195302 	0.135772 	0.099787 	 0.015407 
0.119774 	0.188410 	0.131608 	0.095207 	 0.014911 
0.122021 	0.191093 	0.133522 	0.096838 	 0.014771 
0.122094 	0.192187 	0.133929 	0.100887 	 0.014967 
0.119330 	0.188816 	0.131429 	0.099662 	 0.015222 
0.112167 	0.185036 	0.129247 	0.093231 	 0.014871 
0.120141 	0.185147 	0.129477 	0.090960 	 0.014419 
0.108280 	0.182331 	0.127100 	0.092754 	 0.014660 
0.122127 	0.187012 	0.130885 	0.095499 	 0.014368 
0.116132 	0.191659 	0.133746 	0.096442 	 0.014632 
0.100257 	0.206555 	0.143308 	0.110156 	 0.016451 
0.101402 	0.195494 	0.136249 	0.099430 	 0.016095 
0.100125 	0.201280 	0.140582 	0.103595 	 0.016873 
0.102728 	0.201426 	0.140277 	0.104163 	 0.016161 
0.113252 	0.192249 	0.134478 	0.096500 	 0.015082 
0.108486 	0.196556 	0.136919 	0.101854 	 0.015675 
0.119754 	0.182135 	0.128199 	0.088165 	 0.014305 
0.118723 	0.179304 	0.125897 	0.087379 	 0.013283 
0.105119 	0.202010 	0.141138 	0.101993 	 0.015788 
0.104034 	0.196267 	0.137121 	0.099321 	 0.015617 
0.109815 	0.191252 	0.134107 	0.094050 	 0.015010 
0.110390 	0.191392 	0.134028 	0.094850 	 0.015080 
0.103737 	0.201938 	0.140969 	0.103604 	 0.016067 
0.118912 	0.178840 	0.126007 	0.085311 	 0.013992 
0.114274 	0.190754 	0.133797 	0.093402 	 0.014752 
0.098866 	0.200918 	0.140052 	0.101526 	 0.015615 
0.103719 	0.197229 	0.138191 	0.098089 	 0.015526 
0.116340 	0.183183 	0.128683 	0.090567 	 0.014351 
0.096602 	0.186520 	0.131643 	0.088856 	 0.015217 
0.102060 	0.199415 	0.139189 	0.103206 	 0.015745 
0.093407 	0.202488 	0.141435 	0.102336 	 0.015877 
0.091352 	0.205923 	0.143741 	0.106534 	 0.016240 
0.107112 	0.186607 	0.131368 	0.090772 	 0.014442 
0.115187 	0.176824 	0.125116 	0.083645 	 0.014255 
0.100450 	0.199170 	0.139397 	0.099352 	 0.014786 
0.100228 	0.192186 	0.135343 	0.092502 	 0.015192 
0.101377 	0.192044 	0.134846 	0.092516 	 0.014486 
0.099832 	0.203574 	0.142462 	0.103126 	 0.015937 
0.101808 	0.199112 	0.139727 	0.098751 	 0.016028 
0.096745 	0.194250 	0.136943 	0.091666 	 0.014974 
0.100048 	0.198238 	0.139391 	0.099644 	 0.016082 
0.095252 	0.197611 	0.138769 	0.096464 	 0.015477 
0.084634 	0.208248 	0.145696 	0.105273 	 0.016757 
0.098950 	0.203353 	0.142961 	0.098969 	 0.016388 
0.095619 	0.196399 	0.138399 	0.094737 	 0.016118 
0.098383 	0.204010 	0.143496 	0.098018 	 0.015425 
0.093897 	0.195070 	0.137394 	0.094201 	 0.015430 
0.098583 	0.197807 	0.139083 	0.097404 	 0.015180 
0.109391 	0.183999 	0.130356 	0.085641 	 0.014410 
0.100044 	0.192776 	0.136122 	0.092584 	 0.015173 
0.092676 	0.203113 	0.143119 	0.098408 	 0.015814 
0.100781 	0.190719 	0.134777 	0.091147 	 0.015169 
0.093620 	0.198507 	0.140270 	0.094473 	 0.015481 
0.089067 	0.204789 	0.143636 	0.101211 	 0.015723 
0.101562 	0.185220 	0.131606 	0.087976 	 0.015551 
0.089072 	0.204825 	0.144163 	0.099618 	 0.016135 
0.109809 	0.187448 	0.132920 	0.088481 	 0.014217 
0.090900 	0.193846 	0.137255 	0.091311 	 0.015472 
0.089256 	0.188690 	0.133766 	0.088056 	 0.015271 
0.094907 	0.188651 	0.133780 	0.088512 	 0.015164 
0.099445 	0.193249 	0.136979 	0.089464 	 0.015146 
0.087843 	0.200445 	0.141623 	0.094819 	 0.015455 
0.110497 	0.189261 	0.134267 	0.088361 	 0.014112 
0.085221 	0.204472 	0.144253 	0.096633 	 0.015656 
0.095884 	0.193677 	0.137221 	0.090825 	 0.015268 
0.097551 	0.190663 	0.135831 	0.085467 	 0.015080 
0.087986 	0.200528 	0.142236 	0.092168 	 0.015698 
0.072457 	0.216252 	0.152055 	0.105936 	 0.017063 
0.087359 	0.206600 	0.145667 	0.098826 	 0.015524 
0.096088 	0.198541 	0.140761 	0.091232 	 0.014999 
0.077695 	0.206602 	0.145925 	0.097325 	 0.015930 
0.096247 	0.198546 	0.141020 	0.092576 	 0.015704 
0.080267 	0.204053 	0.144020 	0.097703 	 0.016136 
0.084453 	0.213708 	0.150637 	0.102844 	 0.016245 
0.081610 	0.207883 	0.146732 	0.099601 	 0.016070 
0.084272 	0.205013 	0.145126 	0.097748 	 0.015929 
0.096623 	0.197809 	0.140494 	0.093049 	 0.014905 
0.086630 	0.199998 	0.142173 	0.091826 	 0.015589 
0.091377 	0.197386 	0.141074 	0.088699 	 0.015903 
0.085311 	0.198901 	0.141169 	0.093003 	 0.016225 
0.078766 	0.211352 	0.149252 	0.103414 	 0.016630 
0.076094 	0.208034 	0.147152 	0.098892 	 0.016047 
0.081546 	0.210118 	0.148822 	0.099944 	 0.016035 
0.086230 	0.203499 	0.145016 	0.091038 	 0.015604 
0.082063 	0.209274 	0.148220 	0.098133 	 0.015790 
0.087154 	0.201219 	0.143341 	0.090386 	 0.014827 
0.094665 	0.189375 	0.135396 	0.084634 	 0.014342 
0.086296 	0.206079 	0.146487 	0.094540 	 0.015611 
0.084079 	0.206699 	0.146859 	0.095374 	 0.015624 
0.077361 	0.205940 	0.146202 	0.096064 	 0.015620 
0.092726 	0.199072 	0.142164 	0.090378 	 0.015269 
0.095939 	0.193261 	0.138543 	0.086778 	 0.015271 
0.080701 	0.201022 	0.143586 	0.087492 	 0.015389 
0.072570 	0.208464 	0.148764 	0.094282 	 0.016736 
0.079016 	0.203975 	0.145275 	0.092854 	 0.015596 
0.078481 	0.212770 	0.150666 	0.100922 	 0.015388 
0.084614 	0.197937 	0.141697 	0.087218 	 0.014836 
0.060499 	0.216232 	0.152911 	0.102312 	 0.016524 
0.083628 	0.205623 	0.146588 	0.093203 	 0.015545 
0.083040 	0.196264 	0.140445 	0.090146 	 0.015239 
0.071757 	0.215658 	0.153127 	0.101426 	 0.017139 
0.071961 	0.219577 	0.156021 	0.101982 	 0.016892 
0.087388 	0.203263 	0.145357 	0.092495 	 0.015895 
0.082884 	0.199221 	0.142368 	0.088953 	 0.015084 
0.065138 	0.219871 	0.156185 	0.104027 	 0.016986 
0.088353 	0.199996 	0.143390 	0.087105 	 0.014473 
0.084008 	0.199184 	0.142705 	0.089894 	 0.015542 
0.068284 	0.223036 	0.157964 	0.106372 	 0.016498 
0.079088 	0.210034 	0.149727 	0.095568 	 0.015279 
0.071824 	0.208350 	0.148962 	0.092756 	 0.015793 
0.070868 	0.206937 	0.147951 	0.094305 	 0.015963 
0.063150 	0.221229 	0.157536 	0.104572 	 0.017538 
0.066008 	0.218463 	0.155552 	0.100653 	 0.016448 
0.074139 	0.209533 	0.150078 	0.092867 	 0.015942 
0.079764 	0.205499 	0.147241 	0.091354 	 0.015536 
0.064560 	0.222112 	0.157904 	0.104795 	 0.017484 
0.076926 	0.203876 	0.146664 	0.088147 	 0.016183 
0.063207 	0.224245 	0.159645 	0.103302 	 0.017131 
0.063984 	0.213127 	0.152776 	0.094493 	 0.017338 
0.076536 	0.207684 	0.148803 	0.093923 	 0.015918 
0.066057 	0.212795 	0.151787 	0.097639 	 0.016569 
0.068687 	0.217313 	0.154998 	0.098239 	 0.016029 
0.087661 	0.198819 	0.143428 	0.087338 	 0.015742 
0.071340 	0.213332 	0.153300 	0.092913 	 0.016482 
0.079931 	0.197672 	0.142033 	0.084522 	 0.014028 
0.066500 	0.215984 	0.154366 	0.098846 	 0.016894 
0.060731 	0.214710 	0.153659 	0.097149 	 0.016377 
0.071915 	0.205275 	0.147578 	0.089951 	 0.015350 
0.082777 	0.194721 	0.140573 	0.084074 	 0.014974 
0.058379 	0.220237 	0.157602 	0.099701 	 0.016781 
0.082596 	0.203400 	0.146609 	0.088226 	 0.015164 
0.074787 	0.205140 	0.147980 	0.087254 	 0.015715 
0.075095 	0.210774 	0.151573 	0.091681 	 0.015971 
0.068417 	0.200127 	0.145285 	0.082465 	 0.016562 
0.063276 	0.215835 	0.154955 	0.094840 	 0.016138 
0.083075 	0.202372 	0.146468 	0.084837 	 0.015469 
0.068645 	0.212708 	0.152800 	0.093885 	 0.015442 
0.072684 	0.197957 	0.143548 	0.082047 	 0.014902 
0.070023 	0.215078 	0.154406 	0.093890 	 0.015652 
0.066230 	0.214247 	0.154181 	0.092927 	 0.016421 
0.065515 	0.220270 	0.157927 	0.099721 	 0.016621 
0.082494 	0.196440 	0.142663 	0.079724 	 0.014493 
0.074243 	0.203541 	0.147606 	0.085207 	 0.015638 
0.071703 	0.198653 	0.143822 	0.082804 	 0.015175 
0.054634 	0.214843 	0.154503 	0.094023 	 0.016141 
0.059459 	0.211992 	0.152344 	0.094259 	 0.016025 
0.065503 	0.204995 	0.148258 	0.087277 	 0.015661 
0.064154 	0.205025 	0.148065 	0.088727 	 0.015092 
0.067904 	0.205249 	0.148680 	0.086119 	 0.015823 
0.070301 	0.204218 	0.148021 	0.086575 	 0.015485 
0.077824 	0.203051 	0.147554 	0.084434 	 0.015956 
0.079776 	0.210452 	0.152188 	0.089215 	 0.015527 
0.073998 	0.201922 	0.146192 	0.086991 	 0.015156 
0.073441 	0.199181 	0.145352 	0.079320 	 0.015342 
0.066840 	0.216560 	0.156471 	0.090953 	 0.015779 
0.064078 	0.209827 	0.151938 	0.087467 	 0.015640 
0.080788 	0.196917 	0.143633 	0.081946 	 0.015623 
0.057329 	0.215228 	0.155537 	0.092210 	 0.016427 
0.073501 	0.207468 	0.150347 	0.087174 	 0.015122 
0.075290 	0.206267 	0.149637 	0.086955 	 0.014838 
0.076882 	0.204222 	0.148698 	0.084900 	 0.016038 
0.063714 	0.218164 	0.157422 	0.094091 	 0.016324 
0.072459 	0.204197 	0.148335 	0.084084 	 0.015668 
0.078954 	0.199503 	0.145467 	0.083376 	 0.015827 
0.075944 	0.206488 	0.150147 	0.086748 	 0.016005 
0.063064 	0.216320 	0.156465 	0.093433 	 0.015955 
0.075254 	0.196095 	0.143616 	0.077889 	 0.015112 
0.065959 	0.209410 	0.152597 	0.085292 	 0.016291 
0.053671 	0.208412 	0.151919 	0.084657 	 0.016663 
0.086095 	0.193706 	0.142135 	0.075700 	 0.014183 
0.064957 	0.207580 	0.150618 	0.088011 	 0.015631 
0.063406 	0.223564 	0.161795 	0.095747 	 0.016511 
0.063872 	0.209838 	0.152750 	0.089531 	 0.015788 
0.064969 	0.206188 	0.150317 	0.084593 	 0.015341 
0.072013 	0.205518 	0.149929 	0.084400 	 0.015425 
0.054612 	0.217622 	0.158066 	0.092995 	 0.017312 
0.053902 	0.212782 	0.154815 	0.089842 	 0.016748 
0.070180 	0.209101 	0.153116 	0.083889 	 0.016347 
0.057063 	0.232439 	0.167268 	0.104746 	 0.017541 
0.062484 	0.202133 	0.147859 	0.083052 	 0.015865 
0.081112 	0.201199 	0.147822 	0.079422 	 0.015273 
0.069476 	0.202528 	0.148458 	0.081765 	 0.015908 
0.066403 	0.218037 	0.158212 	0.092020 	 0.015910 
0.082406 	0.199898 	0.146935 	0.077673 	 0.014470 
0.053774 	0.225452 	0.163403 	0.094856 	 0.017020 
0.079089 	0.205961 	0.151258 	0.080139 	 0.014884 
0.062227 	0.215766 	0.157046 	0.091888 	 0.016859 
0.074424 	0.211664 	0.154570 	0.088194 	 0.015663 
0.055730 	0.215549 	0.157715 	0.086975 	 0.016848 
0.057184 	0.213760 	0.156226 	0.087633 	 0.016738 
0.062576 	0.220133 	0.160345 	0.094382 	 0.016781 
0.064594 	0.211695 	0.154706 	0.088721 	 0.016303 
0.060100 	0.209271 	0.153150 	0.086980 	 0.016148 
0.057629 	0.210688 	0.154174 	0.087888 	 0.016655 
0.061717 	0.220055 	0.160526 	0.091377 	 0.016595 
0.079741 	0.199199 	0.147537 	0.074406 	 0.015333 
0.074979 	0.215526 	0.157567 	0.089052 	 0.015766 
0.070514 	0.214291 	0.156725 	0.088272 	 0.015978 
0.082992 	0.197911 	0.146344 	0.076020 	 0.014946 
0.080564 	0.194088 	0.144282 	0.072097 	 0.015150 
0.073991 	0.204562 	0.150758 	0.080094 	 0.015890 
0.080691 	0.192079 	0.142890 	0.071287 	 0.015121 
0.088834 	0.193154 	0.143470 	0.073258 	 0.014355 
0.080890 	0.208113 	0.153153 	0.084639 	 0.016093 
0.084430 	0.188119 	0.139954 	0.072066 	 0.014900 
0.082630 	0.200280 	0.148503 	0.076952 	 0.015397 
0.074276 	0.210498 	0.154914 	0.083856 	 0.015842 
0.073536 	0.204294 	0.151124 	0.078697 	 0.016213 
0.075926 	0.208378 	0.153726 	0.084226 	 0.016590 
0.092628 	0.197712 	0.147025 	0.074483 	 0.014720 
0.072823 	0.204878 	0.151106 	0.081317 	 0.015884 
0.079897 	0.198392 	0.147665 	0.075108 	 0.015815 
0.081229 	0.193018 	0.143828 	0.071987 	 0.015244 
0.090834 	0.196669 	0.146332 	0.071902 	 0.014145 
0.095245 	0.197110 	0.146460 	0.074964 	 0.014497 
0.088622 	0.188909 	0.141154 	0.069134 	 0.013856 
0.078891 	0.199778 	0.148226 	0.077783 	 0.015754 
0.070263 	0.211423 	0.156206 	0.084600 	 0.016471 
0.074115 	0.203116 	0.151179 	0.075486 	 0.015247 
0.080148 	0.206463 	0.153086 	0.081117 	 0.015825 
0.084294 	0.195788 	0.146164 	0.072895 	 0.014830 
0.097164 	0.188087 	0.141556 	0.064678 	 0.014022 
0.094838 	0.194890 	0.145511 	0.071663 	 0.014519 
0.089143 	0.197323 	0.147660 	0.073244 	 0.015337 
0.096239 	0.182999 	0.137970 	0.063538 	 0.014132 
0.087150 	0.202604 	0.150786 	0.077823 	 0.014412 
0.075465 	0.212985 	0.157853 	0.083361 	 0.016435 
0.107201 	0.185601 	0.139396 	0.065322 	 0.013443 
0.083836 	0.200920 	0.150112 	0.076677 	 0.016056 
0.078070 	0.202570 	0.151385 	0.075414 	 0.015661 
0.092540 	0.192342 	0.144350 	0.070349 	 0.014677 
0.088272 	0.198556 	0.148965 	0.072943 	 0.015576 
0.083627 	0.200414 	0.149716 	0.075612 	 0.015302 
0.088890 	0.204509 	0.151905 	0.080722 	 0.015518 
0.087367 	0.193666 	0.145415 	0.071890 	 0.015182 
0.094910 	0.182747 	0.138290 	0.063798 	 0.014198 
0.087920 	0.204930 	0.153323 	0.076195 	 0.015659 
0.079129 	0.202403 	0.151027 	0.075315 	 0.015211 
0.097350 	0.189520 	0.143385 	0.067318 	 0.014452 
0.101151 	0.184875 	0.140117 	0.066861 	 0.014815 
0.092359 	0.203399 	0.152216 	0.075449 	 0.015243 
0.087425 	0.201430 	0.150909 	0.075061 	 0.015181 
0.098283 	0.187903 	0.142593 	0.063846 	 0.014284 
0.087696 	0.197494 	0.148807 	0.071340 	 0.015461 
0.094565 	0.197717 	0.148833 	0.071288 	 0.014963 
0.100836 	0.183536 	0.139706 	0.062746 	 0.014804 
0.100824 	0.183386 	0.139462 	0.062770 	 0.014609 
0.104950 	0.183637 	0.140158 	0.059226 	 0.014096 
0.090335 	0.199167 	0.149858 	0.072406 	 0.015180 
0.112710 	0.170882 	0.131722 	0.052465 	 0.013481 
0.090932 	0.200711 	0.150474 	0.077382 	 0.015397 
0.108648 	0.186432 	0.141710 	0.062671 	 0.013420 
0.085753 	0.208627 	0.155654 	0.082361 	 0.015747 
0.098226 	0.191531 	0.145007 	0.066149 	 0.014148 
0.098529 	0.195578 	0.147830 	0.071269 	 0.014588 
0.096395 	0.191832 	0.144997 	0.068153 	 0.014066 
0.106765 	0.186138 	0.141656 	0.063818 	 0.013516 
0.102300 	0.192663 	0.145875 	0.066241 	 0.013990 
0.100301 	0.185862 	0.141387 	0.064600 	 0.013995 
0.107604 	0.189019 	0.144292 	0.063493 	 0.014142 
0.108805 	0.176792 	0.136237 	0.054165 	 0.013844 
0.090423 	0.203320 	0.152552 	0.077430 	 0.014988 
0.101266 	0.196470 	0.148628 	0.073689 	 0.015843 
0.078024 	0.212801 	0.159384 	0.080107 	 0.016138 
0.099343 	0.183539 	0.140649 	0.060310 	 0.014335 
0.106167 	0.178924 	0.138178 	0.056846 	 0.014192 
0.096302 	0.191711 	0.146184 	0.066362 	 0.015315 
0.097235 	0.194590 	0.148203 	0.067042 	 0.015052 
0.075889 	0.218659 	0.163523 	0.085331 	 0.016823 
0.087174 	0.201277 	0.152584 	0.072886 	 0.016236 
0.088771 	0.193059 	0.147076 	0.064777 	 0.015152 
0.094708 	0.195228 	0.148896 	0.066186 	 0.015435 
0.091865 	0.197913 	0.150526 	0.069644 	 0.015259 
0.091349 	0.195105 	0.148736 	0.068149 	 0.014830 
0.083160 	0.197308 	0.150127 	0.067662 	 0.015111 
0.076990 	0.202303 	0.153524 	0.071273 	 0.015808 
0.105686 	0.181172 	0.139502 	0.058790 	 0.013555 
0.099628 	0.186830 	0.143036 	0.062835 	 0.013572 
0.100020 	0.186602 	0.143057 	0.060960 	 0.013775 
0.086088 	0.191255 	0.146408 	0.063897 	 0.015231 
0.099672 	0.185736 	0.142825 	0.061376 	 0.013957 
0.087363 	0.186027 	0.142647 	0.064450 	 0.015542 
0.090352 	0.196623 	0.149354 	0.071751 	 0.014861 
0.083744 	0.195443 	0.149651 	0.067463 	 0.015760 
0.094838 	0.194235 	0.148652 	0.066579 	 0.015218 
0.093400 	0.181893 	0.140702 	0.058965 	 0.014931 
0.084590 	0.195298 	0.149066 	0.068517 	 0.015559 
0.083214 	0.190946 	0.146615 	0.063064 	 0.015131 
0.083537 	0.198059 	0.151236 	0.069853 	 0.016169 
0.090970 	0.194665 	0.149324 	0.068374 	 0.015601 
0.089874 	0.189484 	0.145769 	0.060343 	 0.014959 
0.113471 	0.174593 	0.136273 	0.054303 	 0.013420 
0.092074 	0.199760 	0.152396 	0.068131 	 0.014864 
0.089074 	0.177713 	0.137954 	0.054534 	 0.014361 
0.106023 	0.181260 	0.141000 	0.056023 	 0.014521 
0.099195 	0.179583 	0.139815 	0.054152 	 0.013990 
0.093424 	0.192115 	0.148026 	0.062732 	 0.014638 
0.091417 	0.193652 	0.149165 	0.063504 	 0.015637 
0.102520 	0.182203 	0.141214 	0.059702 	 0.014213 
0.093655 	0.181829 	0.140958 	0.061084 	 0.014986 
0.089962 	0.196974 	0.151472 	0.065080 	 0.015256 
0.101270 	0.181153 	0.141079 	0.057178 	 0.014543 
0.100666 	0.173279 	0.135672 	0.051831 	 0.013676 
0.096182 	0.189683 	0.146611 	0.061647 	 0.014718 
0.088352 	0.197781 	0.151858 	0.068117 	 0.015891 
0.096157 	0.185884 	0.144612 	0.055768 	 0.014744 
0.090181 	0.176588 	0.137868 	0.054325 	 0.014136 
0.109815 	0.175049 	0.137567 	0.052936 	 0.013699 
0.078473 	0.197094 	0.151708 	0.067564 	 0.016137 
0.096777 	0.184715 	0.143465 	0.059814 	 0.013910 
0.094092 	0.181932 	0.141869 	0.057172 	 0.015138 
0.088290 	0.186505 	0.145257 	0.057894 	 0.015612 
0.092756 	0.189567 	0.147521 	0.058916 	 0.015365 
0.101014 	0.174207 	0.136809 	0.055284 	 0.014258 
0.070050 	0.208898 	0.159532 	0.074539 	 0.016273 
