di 	gli 	gal 	gos3 	 gos4 
0.421996 	0.024640 	0.014908 	0.016616 	 -0.002017 
0.415633 	0.038783 	0.023840 	0.030465 	 -0.000262 
0.442519 	0.028763 	0.016349 	0.036301 	 -0.001274 
0.419344 	0.050792 	0.030839 	0.051029 	 0.000733 
0.428164 	0.052309 	0.031883 	0.052273 	 0.000239 
0.421018 	0.059779 	0.036956 	0.056881 	 0.000671 
0.409026 	0.061605 	0.037872 	0.059480 	 0.001251 
0.428923 	0.048635 	0.029710 	0.048833 	 -0.000029 
0.423859 	0.059553 	0.036735 	0.055835 	 0.000284 
0.417955 	0.058505 	0.035592 	0.057011 	 0.000126 
0.421577 	0.047714 	0.028748 	0.049566 	 0.000356 
0.409110 	0.057582 	0.035048 	0.057285 	 0.001275 
0.411188 	0.057019 	0.034462 	0.056159 	 0.000599 
0.414239 	0.049841 	0.029900 	0.054317 	 0.000695 
0.397306 	0.078721 	0.049032 	0.069679 	 0.001738 
0.416738 	0.059839 	0.036266 	0.062542 	 0.001282 
0.407169 	0.062696 	0.038697 	0.059273 	 0.001556 
0.413297 	0.068139 	0.042014 	0.064291 	 0.001004 
0.402702 	0.062423 	0.038364 	0.059589 	 0.001174 
0.403890 	0.060979 	0.037673 	0.058587 	 0.002017 
0.395651 	0.075611 	0.046885 	0.069300 	 0.002657 
0.402767 	0.070509 	0.044105 	0.061689 	 0.001686 
0.409583 	0.059711 	0.036639 	0.057004 	 0.000504 
0.386099 	0.077853 	0.048286 	0.072302 	 0.003412 
0.407527 	0.063789 	0.038843 	0.063759 	 0.001222 
0.394908 	0.077013 	0.047820 	0.070032 	 0.002196 
0.395946 	0.070215 	0.043684 	0.064918 	 0.002489 
0.392830 	0.068585 	0.042214 	0.065538 	 0.002213 
0.401160 	0.060745 	0.037553 	0.058614 	 0.002149 
0.389090 	0.080707 	0.050487 	0.072159 	 0.003133 
0.387161 	0.076932 	0.047929 	0.071291 	 0.003018 
0.385863 	0.078335 	0.048407 	0.074716 	 0.003446 
0.388035 	0.077660 	0.048100 	0.072903 	 0.002960 
0.391765 	0.073269 	0.045437 	0.068641 	 0.002769 
0.393403 	0.071763 	0.044420 	0.066610 	 0.002357 
0.393812 	0.067768 	0.042085 	0.063332 	 0.002420 
0.385861 	0.075243 	0.046450 	0.071925 	 0.003080 
0.384582 	0.075344 	0.046733 	0.071413 	 0.003121 
0.383223 	0.077206 	0.047812 	0.073601 	 0.003324 
0.372484 	0.086529 	0.053912 	0.078617 	 0.004235 
0.378609 	0.077219 	0.047848 	0.069483 	 0.003012 
0.367167 	0.082672 	0.051477 	0.073622 	 0.003796 
0.367423 	0.098879 	0.061736 	0.088182 	 0.004529 
0.384237 	0.077536 	0.048242 	0.072023 	 0.003328 
0.383411 	0.076602 	0.047850 	0.072071 	 0.003949 
0.377540 	0.081699 	0.050912 	0.076500 	 0.003694 
0.359788 	0.100349 	0.063084 	0.087468 	 0.005240 
0.369540 	0.086791 	0.054234 	0.076700 	 0.003744 
0.372915 	0.083554 	0.052276 	0.074496 	 0.003493 
0.362967 	0.099246 	0.062349 	0.084599 	 0.004333 
0.374184 	0.083621 	0.051875 	0.075140 	 0.002967 
0.362118 	0.084436 	0.052798 	0.075598 	 0.003877 
0.360622 	0.090873 	0.057130 	0.080026 	 0.004301 
0.374351 	0.086920 	0.055241 	0.073018 	 0.003847 
0.362084 	0.088988 	0.055856 	0.077266 	 0.004181 
0.347088 	0.101379 	0.063897 	0.086825 	 0.005296 
0.355456 	0.098946 	0.062523 	0.084782 	 0.005065 
0.354151 	0.097580 	0.061620 	0.083385 	 0.004724 
0.344251 	0.105734 	0.066547 	0.090468 	 0.004949 
0.365612 	0.088359 	0.055588 	0.080172 	 0.004976 
0.357770 	0.093124 	0.058987 	0.081221 	 0.004662 
0.343753 	0.109386 	0.069033 	0.093197 	 0.005734 
0.353108 	0.092710 	0.058224 	0.082208 	 0.004444 
0.357624 	0.090744 	0.056893 	0.081147 	 0.004547 
0.348254 	0.098259 	0.061869 	0.086120 	 0.005598 
0.330674 	0.115146 	0.073064 	0.096493 	 0.006758 
0.347071 	0.090109 	0.056466 	0.079617 	 0.004553 
0.340051 	0.102460 	0.064493 	0.089490 	 0.005307 
0.339896 	0.105162 	0.066519 	0.089570 	 0.006011 
0.337054 	0.109578 	0.069536 	0.092970 	 0.006517 
0.356922 	0.097569 	0.061506 	0.085736 	 0.004640 
0.344384 	0.097504 	0.061417 	0.083852 	 0.005200 
0.342402 	0.108201 	0.068476 	0.093748 	 0.005970 
0.336104 	0.115244 	0.073197 	0.096900 	 0.006303 
0.338343 	0.110325 	0.069862 	0.094451 	 0.006081 
0.345577 	0.101027 	0.063816 	0.086231 	 0.005613 
0.334717 	0.110310 	0.069852 	0.092849 	 0.005714 
0.348722 	0.103155 	0.065266 	0.087814 	 0.005215 
0.347592 	0.098513 	0.062599 	0.083381 	 0.005301 
0.326288 	0.114760 	0.072836 	0.094957 	 0.006450 
0.347370 	0.093986 	0.059283 	0.080273 	 0.004326 
0.328223 	0.106275 	0.067357 	0.088727 	 0.006087 
0.334041 	0.102561 	0.065039 	0.086968 	 0.005955 
0.337616 	0.102321 	0.065544 	0.083777 	 0.006063 
0.342865 	0.093469 	0.058914 	0.081578 	 0.004885 
0.344436 	0.098453 	0.062549 	0.084511 	 0.006081 
0.327078 	0.112200 	0.071574 	0.091261 	 0.006297 
0.329584 	0.101685 	0.064744 	0.085285 	 0.006055 
0.325869 	0.110384 	0.069862 	0.093804 	 0.005891 
0.333889 	0.103591 	0.065701 	0.087838 	 0.005483 
0.342345 	0.097472 	0.061949 	0.082972 	 0.005371 
0.330036 	0.105772 	0.067240 	0.089124 	 0.006069 
0.330582 	0.110944 	0.070368 	0.093257 	 0.006575 
0.324415 	0.120694 	0.076917 	0.101105 	 0.007135 
0.328861 	0.104139 	0.065972 	0.090356 	 0.006211 
0.333214 	0.100381 	0.063740 	0.084538 	 0.005874 
0.320021 	0.121567 	0.077544 	0.099763 	 0.007536 
0.336945 	0.104117 	0.066141 	0.089497 	 0.006198 
0.329190 	0.109708 	0.070315 	0.089145 	 0.006214 
0.319569 	0.114780 	0.073197 	0.095323 	 0.007379 
0.329390 	0.109549 	0.069939 	0.090317 	 0.006171 
0.318732 	0.120848 	0.077615 	0.094246 	 0.006969 
0.321828 	0.115084 	0.073566 	0.093981 	 0.006604 
0.321922 	0.110324 	0.070294 	0.090690 	 0.006466 
0.326433 	0.113091 	0.072191 	0.092545 	 0.005875 
0.322619 	0.109533 	0.070142 	0.089383 	 0.006680 
0.322667 	0.107691 	0.068732 	0.088142 	 0.006232 
0.324293 	0.118182 	0.075817 	0.096102 	 0.006948 
0.317608 	0.113994 	0.073184 	0.092768 	 0.006920 
0.317936 	0.118500 	0.076361 	0.094635 	 0.007080 
0.311169 	0.132796 	0.085860 	0.101919 	 0.007788 
0.323858 	0.121680 	0.077968 	0.098122 	 0.006795 
0.315029 	0.126526 	0.081401 	0.103038 	 0.008088 
0.327245 	0.109927 	0.070532 	0.087930 	 0.006027 
0.318252 	0.110962 	0.071013 	0.089633 	 0.006699 
0.306693 	0.127789 	0.082352 	0.097886 	 0.006834 
0.315583 	0.120333 	0.077056 	0.098054 	 0.007475 
0.315437 	0.116967 	0.075273 	0.093326 	 0.007469 
0.319802 	0.115423 	0.074330 	0.093579 	 0.007416 
0.317279 	0.112971 	0.072473 	0.089984 	 0.006120 
0.315223 	0.114169 	0.073423 	0.091919 	 0.007065 
0.320305 	0.119662 	0.076852 	0.096774 	 0.006487 
0.301286 	0.139248 	0.090118 	0.106973 	 0.008535 
0.296837 	0.138532 	0.089341 	0.107402 	 0.008105 
0.284787 	0.149051 	0.095729 	0.116741 	 0.008736 
0.299342 	0.140377 	0.090729 	0.109713 	 0.008556 
0.297565 	0.133590 	0.085911 	0.107073 	 0.008023 
0.317108 	0.119069 	0.077224 	0.090774 	 0.006631 
0.304235 	0.136530 	0.088801 	0.103485 	 0.008505 
0.308027 	0.124140 	0.080099 	0.095875 	 0.006631 
0.297503 	0.137613 	0.088844 	0.108332 	 0.008384 
0.287781 	0.140384 	0.090945 	0.107405 	 0.008970 
0.302489 	0.129224 	0.083406 	0.100510 	 0.007341 
0.304094 	0.133690 	0.086387 	0.105718 	 0.008093 
0.304604 	0.131790 	0.085154 	0.102952 	 0.007881 
0.304804 	0.119432 	0.076674 	0.094786 	 0.006823 
0.284201 	0.137116 	0.088967 	0.104869 	 0.008901 
0.296161 	0.139762 	0.090975 	0.104558 	 0.008405 
0.311097 	0.132557 	0.085937 	0.098854 	 0.006457 
0.296872 	0.134025 	0.086973 	0.102645 	 0.008053 
0.287121 	0.137823 	0.089007 	0.107137 	 0.008925 
0.280503 	0.147559 	0.095106 	0.114940 	 0.008915 
0.290274 	0.131006 	0.084714 	0.101317 	 0.008272 
0.308202 	0.122101 	0.079394 	0.092555 	 0.006927 
0.304529 	0.130913 	0.085171 	0.100158 	 0.007568 
0.295154 	0.143466 	0.093609 	0.106634 	 0.008396 
0.285990 	0.142963 	0.093086 	0.105820 	 0.008279 
0.291575 	0.140147 	0.091098 	0.103797 	 0.008010 
0.283983 	0.138019 	0.089483 	0.105355 	 0.009005 
0.289869 	0.126640 	0.082470 	0.094165 	 0.007696 
0.290501 	0.139896 	0.090747 	0.105591 	 0.008472 
0.292488 	0.130958 	0.085007 	0.097809 	 0.007516 
0.281936 	0.141521 	0.091987 	0.103796 	 0.007757 
0.296587 	0.132596 	0.086005 	0.102444 	 0.007868 
0.288060 	0.132459 	0.086377 	0.098140 	 0.008383 
0.292656 	0.136606 	0.088712 	0.103657 	 0.008330 
0.285587 	0.138145 	0.090189 	0.101999 	 0.008482 
0.271828 	0.150564 	0.098199 	0.110087 	 0.009388 
0.290800 	0.136114 	0.088916 	0.099118 	 0.007747 
0.285413 	0.136974 	0.089275 	0.101495 	 0.007998 
0.292268 	0.134318 	0.087551 	0.099458 	 0.007374 
0.282950 	0.137021 	0.089086 	0.101373 	 0.007693 
0.283704 	0.145490 	0.094814 	0.105830 	 0.007752 
0.280910 	0.147792 	0.095985 	0.110961 	 0.008978 
0.299261 	0.135526 	0.088724 	0.099568 	 0.007655 
0.285416 	0.138442 	0.090427 	0.099770 	 0.007843 
0.277132 	0.149403 	0.097464 	0.109686 	 0.009077 
0.284432 	0.148798 	0.097210 	0.108113 	 0.008228 
0.274398 	0.146901 	0.095869 	0.107290 	 0.008573 
0.276751 	0.151583 	0.099255 	0.109527 	 0.009129 
0.295955 	0.133317 	0.086983 	0.100247 	 0.007637 
0.263577 	0.156267 	0.101993 	0.112912 	 0.009648 
0.276119 	0.152551 	0.099839 	0.111055 	 0.009296 
0.274935 	0.145818 	0.095075 	0.107472 	 0.008930 
0.277386 	0.155392 	0.101816 	0.111763 	 0.009182 
0.269111 	0.159426 	0.104461 	0.113265 	 0.009153 
0.271077 	0.159512 	0.104270 	0.117299 	 0.009896 
0.260353 	0.157618 	0.102947 	0.113026 	 0.009191 
0.281008 	0.144061 	0.094258 	0.104331 	 0.008602 
0.274101 	0.154710 	0.101320 	0.111284 	 0.008949 
0.270454 	0.153371 	0.100747 	0.108049 	 0.008610 
0.262312 	0.156622 	0.103116 	0.110087 	 0.010115 
0.278934 	0.143227 	0.094104 	0.102302 	 0.008727 
0.257408 	0.174380 	0.114363 	0.124641 	 0.010515 
0.251980 	0.170581 	0.111953 	0.121492 	 0.011051 
0.267043 	0.153296 	0.101063 	0.106356 	 0.009695 
0.260786 	0.158086 	0.103773 	0.112119 	 0.009647 
0.263247 	0.151446 	0.099604 	0.108553 	 0.010031 
0.266461 	0.155550 	0.101755 	0.112529 	 0.009671 
0.264646 	0.166115 	0.109097 	0.121451 	 0.010705 
0.252197 	0.173563 	0.114217 	0.119085 	 0.010253 
0.250417 	0.175390 	0.115238 	0.122990 	 0.010864 
0.259335 	0.170983 	0.112228 	0.121960 	 0.010617 
0.256646 	0.174585 	0.115040 	0.121060 	 0.010844 
0.262374 	0.165874 	0.109535 	0.113826 	 0.010083 
0.269515 	0.155464 	0.102576 	0.107505 	 0.008951 
0.258945 	0.158303 	0.104334 	0.109619 	 0.009873 
0.261356 	0.167707 	0.110302 	0.115103 	 0.009253 
0.267398 	0.160778 	0.106404 	0.109887 	 0.009605 
0.268175 	0.162239 	0.107273 	0.111418 	 0.009789 
0.253534 	0.161657 	0.106679 	0.110144 	 0.009561 
0.260114 	0.170422 	0.112337 	0.117867 	 0.009474 
0.262764 	0.170879 	0.112867 	0.117285 	 0.009714 
0.255431 	0.165431 	0.109160 	0.114920 	 0.010269 
0.265068 	0.162693 	0.107538 	0.113749 	 0.009822 
0.268388 	0.158873 	0.105324 	0.108618 	 0.009472 
0.243848 	0.173876 	0.114776 	0.119929 	 0.010687 
0.251511 	0.170848 	0.112938 	0.114389 	 0.010159 
0.257227 	0.164635 	0.108759 	0.112829 	 0.009687 
0.245253 	0.175759 	0.116177 	0.120103 	 0.010679 
0.261651 	0.161247 	0.106821 	0.109186 	 0.008924 
0.254229 	0.172178 	0.113960 	0.117045 	 0.009881 
0.253644 	0.172830 	0.114104 	0.116748 	 0.009526 
0.258757 	0.161443 	0.107136 	0.110086 	 0.009907 
0.251909 	0.167414 	0.110795 	0.114816 	 0.010208 
0.257203 	0.158205 	0.104798 	0.107347 	 0.008941 
0.245347 	0.176067 	0.116767 	0.118476 	 0.010675 
0.257164 	0.163904 	0.108715 	0.110170 	 0.009391 
0.247218 	0.171091 	0.113015 	0.116640 	 0.009693 
0.256050 	0.160934 	0.106823 	0.107886 	 0.009575 
0.248079 	0.177139 	0.117477 	0.119203 	 0.010505 
0.256179 	0.160902 	0.106890 	0.109214 	 0.009808 
0.251146 	0.164084 	0.108890 	0.110996 	 0.009983 
0.252723 	0.163813 	0.109001 	0.109597 	 0.009966 
0.252062 	0.171639 	0.113876 	0.115449 	 0.010147 
0.245026 	0.174242 	0.115752 	0.115576 	 0.010164 
0.247539 	0.170307 	0.112897 	0.115563 	 0.010516 
0.248367 	0.165988 	0.110502 	0.109776 	 0.010033 
0.242339 	0.173433 	0.115261 	0.116410 	 0.010816 
0.237221 	0.175042 	0.116113 	0.117476 	 0.010509 
0.241767 	0.180066 	0.119454 	0.122062 	 0.010728 
0.236983 	0.172202 	0.114614 	0.112960 	 0.010688 
0.239353 	0.181449 	0.120500 	0.119919 	 0.010948 
0.238171 	0.176083 	0.116812 	0.119880 	 0.011207 
0.238195 	0.187346 	0.124557 	0.123302 	 0.010841 
0.229666 	0.175553 	0.116937 	0.114313 	 0.011362 
0.234722 	0.180924 	0.119800 	0.119951 	 0.010866 
0.241376 	0.167231 	0.111472 	0.107532 	 0.010010 
0.245094 	0.173515 	0.115470 	0.113946 	 0.010230 
0.234085 	0.179596 	0.119668 	0.115350 	 0.010761 
0.242508 	0.173006 	0.115513 	0.112098 	 0.010241 
0.243996 	0.171352 	0.114549 	0.109768 	 0.010442 
0.229692 	0.179207 	0.118723 	0.120211 	 0.010641 
0.222543 	0.194421 	0.128829 	0.131550 	 0.012236 
0.228748 	0.181719 	0.120839 	0.120419 	 0.011055 
0.239359 	0.168628 	0.112997 	0.105673 	 0.010274 
0.221126 	0.193102 	0.128785 	0.124287 	 0.011953 
0.233245 	0.173800 	0.115948 	0.111754 	 0.010451 
0.237138 	0.184146 	0.122945 	0.116719 	 0.010472 
0.234550 	0.185984 	0.123842 	0.121224 	 0.010511 
0.233643 	0.183985 	0.122834 	0.119074 	 0.011341 
0.222933 	0.189141 	0.126484 	0.121208 	 0.011856 
0.236381 	0.180070 	0.120216 	0.115506 	 0.010281 
0.231403 	0.195027 	0.130619 	0.124271 	 0.011969 
0.219670 	0.193007 	0.129073 	0.122680 	 0.012215 
0.232552 	0.190458 	0.127591 	0.119908 	 0.010700 
0.211266 	0.205365 	0.136998 	0.132222 	 0.012401 
0.221998 	0.197367 	0.132247 	0.124664 	 0.012482 
0.214753 	0.197070 	0.131765 	0.124017 	 0.011954 
0.230784 	0.187693 	0.126054 	0.118075 	 0.011402 
0.224267 	0.203917 	0.136020 	0.131840 	 0.011842 
0.209694 	0.197111 	0.131508 	0.126005 	 0.011959 
0.223020 	0.196647 	0.131255 	0.125437 	 0.011480 
0.245087 	0.183087 	0.123114 	0.113327 	 0.009880 
0.229129 	0.178137 	0.119505 	0.110314 	 0.010302 
0.219021 	0.195742 	0.131228 	0.122974 	 0.011616 
0.224944 	0.187129 	0.125664 	0.118269 	 0.011557 
0.227085 	0.187438 	0.125054 	0.120218 	 0.010564 
0.220000 	0.195529 	0.131295 	0.124559 	 0.012536 
0.215918 	0.195006 	0.130970 	0.123121 	 0.012490 
0.228166 	0.188720 	0.126689 	0.119202 	 0.011269 
0.220486 	0.191464 	0.128703 	0.120609 	 0.012116 
0.209589 	0.200793 	0.134721 	0.125202 	 0.012282 
0.199082 	0.223131 	0.149234 	0.140070 	 0.013680 
0.215320 	0.203222 	0.136007 	0.130068 	 0.012477 
0.219484 	0.184810 	0.124479 	0.111779 	 0.011082 
0.217647 	0.196604 	0.131600 	0.125799 	 0.011643 
0.219742 	0.197361 	0.133158 	0.120142 	 0.012203 
0.212547 	0.198525 	0.133400 	0.123903 	 0.012276 
0.224751 	0.194156 	0.130893 	0.119393 	 0.011189 
0.232787 	0.181992 	0.122972 	0.111253 	 0.010724 
0.206335 	0.202871 	0.136343 	0.128069 	 0.012560 
0.212226 	0.191787 	0.129581 	0.115188 	 0.011729 
0.213805 	0.203776 	0.137001 	0.127592 	 0.012249 
0.214685 	0.205558 	0.138527 	0.127236 	 0.012215 
0.217627 	0.201819 	0.135709 	0.126717 	 0.012417 
0.219954 	0.205500 	0.138188 	0.127273 	 0.011379 
0.200330 	0.210136 	0.141176 	0.130373 	 0.012510 
0.211438 	0.206949 	0.139217 	0.128801 	 0.012328 
0.209017 	0.207847 	0.140106 	0.127134 	 0.012533 
0.205656 	0.210922 	0.142379 	0.127779 	 0.012593 
0.210909 	0.197660 	0.133847 	0.118966 	 0.012538 
0.204872 	0.207418 	0.139699 	0.126665 	 0.012094 
0.208089 	0.202911 	0.136904 	0.122887 	 0.011813 
0.210232 	0.200319 	0.134662 	0.125155 	 0.011689 
0.213862 	0.204758 	0.138871 	0.121637 	 0.012076 
0.206265 	0.212102 	0.143210 	0.127991 	 0.012411 
0.204505 	0.210947 	0.142595 	0.125647 	 0.012335 
0.196998 	0.219436 	0.148187 	0.131185 	 0.012871 
0.212553 	0.202629 	0.137026 	0.119727 	 0.011789 
0.215646 	0.195928 	0.132688 	0.117841 	 0.011657 
0.198536 	0.209076 	0.141159 	0.127468 	 0.012683 
0.204762 	0.203839 	0.137740 	0.124934 	 0.012656 
0.209256 	0.203731 	0.137773 	0.121314 	 0.011483 
0.203274 	0.205790 	0.139320 	0.123600 	 0.012585 
0.199208 	0.210871 	0.142797 	0.127987 	 0.013386 
0.207745 	0.200868 	0.136005 	0.119874 	 0.011597 
0.208013 	0.207963 	0.141001 	0.123758 	 0.012036 
0.203584 	0.210212 	0.142468 	0.124761 	 0.011881 
0.203560 	0.209254 	0.141872 	0.123406 	 0.012272 
0.216274 	0.191735 	0.130617 	0.110718 	 0.011007 
0.220116 	0.195162 	0.132627 	0.113363 	 0.010775 
0.211354 	0.189816 	0.129311 	0.109928 	 0.011027 
0.201931 	0.203297 	0.137647 	0.122309 	 0.012521 
0.201019 	0.208038 	0.140600 	0.127552 	 0.012541 
0.206880 	0.204916 	0.139167 	0.120096 	 0.011703 
0.206212 	0.195968 	0.133041 	0.115951 	 0.011885 
0.201662 	0.201560 	0.136814 	0.118014 	 0.011675 
0.204093 	0.205106 	0.139221 	0.120550 	 0.011624 
0.203078 	0.203124 	0.138321 	0.118525 	 0.012538 
0.200819 	0.202121 	0.137083 	0.121099 	 0.012590 
0.198760 	0.208494 	0.141245 	0.124284 	 0.012289 
0.205783 	0.204959 	0.139636 	0.117199 	 0.011651 
0.194114 	0.213854 	0.144830 	0.127194 	 0.012276 
0.202838 	0.198316 	0.134788 	0.116198 	 0.012129 
0.194083 	0.201692 	0.136906 	0.118443 	 0.011881 
0.185685 	0.214381 	0.145423 	0.124789 	 0.012098 
0.201953 	0.203785 	0.138602 	0.118047 	 0.012004 
0.197957 	0.205207 	0.139459 	0.120644 	 0.012371 
0.205904 	0.205202 	0.139714 	0.119083 	 0.011761 
0.205509 	0.204415 	0.139785 	0.115088 	 0.011660 
0.198748 	0.213005 	0.145314 	0.120086 	 0.012077 
0.202634 	0.204384 	0.139519 	0.117996 	 0.011915 
0.188221 	0.223862 	0.151790 	0.132442 	 0.012712 
0.197819 	0.203986 	0.139441 	0.116166 	 0.012035 
0.195545 	0.210773 	0.143482 	0.123506 	 0.012796 
0.200483 	0.207214 	0.141190 	0.120081 	 0.011362 
0.208005 	0.198645 	0.135759 	0.112187 	 0.011174 
0.188430 	0.222368 	0.151475 	0.128755 	 0.013067 
0.200175 	0.202711 	0.138786 	0.114941 	 0.011881 
0.183587 	0.217045 	0.148000 	0.124948 	 0.013021 
0.189316 	0.223436 	0.152346 	0.129578 	 0.013225 
0.188722 	0.219557 	0.149967 	0.125718 	 0.013208 
0.198668 	0.203868 	0.139685 	0.112330 	 0.011448 
0.176380 	0.216291 	0.147862 	0.123266 	 0.013873 
0.178490 	0.217702 	0.148508 	0.123840 	 0.013260 
0.196947 	0.209630 	0.143374 	0.117583 	 0.012418 
0.186714 	0.219260 	0.149593 	0.124772 	 0.012948 
0.167121 	0.232387 	0.157904 	0.134996 	 0.014724 
0.182011 	0.214169 	0.146528 	0.120194 	 0.013013 
0.179811 	0.223374 	0.152397 	0.127920 	 0.013482 
0.186428 	0.209553 	0.143380 	0.117750 	 0.012506 
0.171420 	0.229334 	0.156039 	0.132500 	 0.013910 
0.183063 	0.216942 	0.148770 	0.122276 	 0.013638 
0.179007 	0.223700 	0.152718 	0.126685 	 0.013555 
0.181804 	0.220426 	0.150864 	0.123507 	 0.013021 
0.178561 	0.214199 	0.146619 	0.120592 	 0.012989 
0.191514 	0.209536 	0.144033 	0.115136 	 0.012268 
0.179122 	0.218150 	0.149747 	0.120846 	 0.013150 
0.178254 	0.224654 	0.153615 	0.125249 	 0.013540 
0.174085 	0.230132 	0.157240 	0.130143 	 0.013599 
0.171141 	0.230651 	0.157273 	0.131254 	 0.013768 
0.170558 	0.225672 	0.154639 	0.125225 	 0.013910 
0.188506 	0.220662 	0.151521 	0.122043 	 0.012810 
0.174492 	0.229086 	0.157394 	0.125084 	 0.013802 
0.174597 	0.225316 	0.154646 	0.124343 	 0.013595 
0.180051 	0.221533 	0.152157 	0.121658 	 0.012826 
0.193567 	0.208833 	0.143961 	0.114280 	 0.012359 
0.186450 	0.218817 	0.150208 	0.121517 	 0.013073 
0.166926 	0.234208 	0.160742 	0.130288 	 0.014401 
0.184440 	0.219121 	0.150668 	0.119747 	 0.013077 
0.168403 	0.221847 	0.152699 	0.121005 	 0.013672 
0.180510 	0.227147 	0.156146 	0.123495 	 0.012712 
0.185399 	0.215985 	0.148676 	0.116667 	 0.011824 
0.170708 	0.232323 	0.159182 	0.129044 	 0.013392 
0.160672 	0.236733 	0.162572 	0.130530 	 0.014733 
0.177977 	0.235745 	0.162367 	0.127418 	 0.014080 
0.176484 	0.233572 	0.160391 	0.128930 	 0.013343 
0.173738 	0.224589 	0.154688 	0.123151 	 0.014136 
0.179470 	0.221140 	0.151868 	0.122054 	 0.012549 
0.167174 	0.231965 	0.159235 	0.129806 	 0.014263 
0.176795 	0.228556 	0.157328 	0.126114 	 0.013642 
0.170654 	0.229927 	0.158114 	0.127363 	 0.013987 
0.178781 	0.232802 	0.160169 	0.129495 	 0.014224 
0.182878 	0.227520 	0.157086 	0.123300 	 0.013657 
0.174799 	0.231307 	0.159421 	0.125209 	 0.013842 
0.166631 	0.238878 	0.164348 	0.133119 	 0.014903 
0.176339 	0.221547 	0.153310 	0.115884 	 0.013198 
0.168284 	0.234827 	0.161597 	0.127848 	 0.013933 
0.169749 	0.231871 	0.159710 	0.126693 	 0.014092 
0.169311 	0.237510 	0.163686 	0.129268 	 0.014534 
0.184847 	0.218921 	0.151623 	0.116510 	 0.012920 
0.166631 	0.234044 	0.161516 	0.128314 	 0.014900 
0.165132 	0.237516 	0.163713 	0.127383 	 0.013739 
0.170443 	0.234864 	0.162057 	0.124877 	 0.013442 
0.156003 	0.242512 	0.167062 	0.130439 	 0.014461 
0.164883 	0.240210 	0.165495 	0.131135 	 0.015055 
0.173874 	0.233753 	0.161445 	0.126043 	 0.013857 
0.177417 	0.230831 	0.159838 	0.122729 	 0.013428 
0.158631 	0.233420 	0.161186 	0.123767 	 0.014114 
0.177958 	0.239839 	0.165823 	0.127656 	 0.013420 
0.166912 	0.237451 	0.163561 	0.130122 	 0.013481 
0.173607 	0.229984 	0.159262 	0.121744 	 0.013123 
0.165251 	0.227645 	0.157488 	0.122305 	 0.013831 
0.157227 	0.243271 	0.168093 	0.130307 	 0.014688 
0.160041 	0.247940 	0.170775 	0.133934 	 0.014254 
0.172566 	0.227354 	0.157686 	0.119613 	 0.012930 
0.188615 	0.218464 	0.152631 	0.111357 	 0.012536 
0.167514 	0.234573 	0.162631 	0.122694 	 0.013569 
0.165231 	0.243091 	0.168052 	0.128962 	 0.014071 
0.155447 	0.241060 	0.166489 	0.130012 	 0.014212 
0.156633 	0.246463 	0.170466 	0.131030 	 0.014442 
0.168455 	0.237328 	0.164438 	0.123992 	 0.014008 
0.146753 	0.249806 	0.172353 	0.134175 	 0.015236 
0.157403 	0.240082 	0.166197 	0.125559 	 0.014182 
0.167208 	0.236332 	0.163954 	0.123203 	 0.013444 
0.170797 	0.234030 	0.162763 	0.121248 	 0.013532 
0.171556 	0.233214 	0.162135 	0.121259 	 0.013608 
0.162501 	0.246235 	0.170490 	0.132584 	 0.014986 
0.172113 	0.233804 	0.162625 	0.118846 	 0.012873 
0.149092 	0.251135 	0.173849 	0.132116 	 0.015205 
0.155530 	0.249120 	0.172706 	0.129714 	 0.014321 
0.163878 	0.228252 	0.158869 	0.116904 	 0.013339 
0.170135 	0.228796 	0.158837 	0.118007 	 0.012432 
0.157579 	0.235242 	0.163643 	0.122773 	 0.014214 
0.164730 	0.241397 	0.168003 	0.124869 	 0.014079 
0.164133 	0.226572 	0.157928 	0.115004 	 0.012919 
0.156985 	0.236973 	0.164408 	0.124551 	 0.013733 
0.151690 	0.244667 	0.169246 	0.131056 	 0.014340 
0.152572 	0.245770 	0.170536 	0.130271 	 0.014629 
0.154736 	0.239422 	0.166290 	0.126915 	 0.014359 
0.155015 	0.234568 	0.163232 	0.120799 	 0.013698 
0.157939 	0.241100 	0.167264 	0.128741 	 0.014201 
0.162269 	0.239502 	0.166835 	0.121486 	 0.013287 
0.155540 	0.242552 	0.168577 	0.126451 	 0.014372 
0.147287 	0.246002 	0.170760 	0.128879 	 0.014721 
0.165456 	0.227025 	0.158674 	0.115771 	 0.013572 
0.139043 	0.258629 	0.178847 	0.137773 	 0.015424 
0.156169 	0.243494 	0.169494 	0.125302 	 0.014390 
0.139639 	0.260993 	0.180846 	0.138777 	 0.015226 
0.151826 	0.241126 	0.168091 	0.121980 	 0.014108 
0.152725 	0.241278 	0.167870 	0.126907 	 0.014584 
0.159019 	0.239823 	0.167435 	0.121093 	 0.014138 
0.149607 	0.246884 	0.172125 	0.126327 	 0.014290 
0.166462 	0.229271 	0.160609 	0.116120 	 0.013478 
0.160984 	0.240532 	0.167805 	0.123744 	 0.014179 
0.158588 	0.233765 	0.163780 	0.116803 	 0.013534 
0.159097 	0.231015 	0.162086 	0.114665 	 0.013511 
0.154376 	0.248918 	0.173530 	0.126315 	 0.013800 
0.151559 	0.248771 	0.173034 	0.131588 	 0.014548 
0.152541 	0.249760 	0.174565 	0.125765 	 0.014051 
0.150220 	0.248177 	0.173264 	0.126770 	 0.014806 
0.137054 	0.259336 	0.180471 	0.131155 	 0.014849 
0.137651 	0.261011 	0.181044 	0.137357 	 0.015409 
0.151053 	0.249955 	0.174377 	0.128346 	 0.015091 
0.157779 	0.233394 	0.163856 	0.115727 	 0.013741 
0.150158 	0.237413 	0.166257 	0.119797 	 0.014371 
0.153356 	0.244912 	0.171082 	0.123691 	 0.014023 
0.143023 	0.257593 	0.179843 	0.131078 	 0.015353 
0.144712 	0.250109 	0.174646 	0.127781 	 0.015001 
0.152277 	0.248968 	0.174703 	0.123185 	 0.015330 
0.135885 	0.254345 	0.177469 	0.128278 	 0.015072 
0.136896 	0.253093 	0.176971 	0.126960 	 0.015567 
0.161988 	0.234013 	0.164588 	0.112179 	 0.012692 
0.137347 	0.263031 	0.183072 	0.135503 	 0.015081 
0.132232 	0.260517 	0.181433 	0.135619 	 0.015714 
0.138195 	0.256507 	0.179268 	0.128040 	 0.015023 
0.151394 	0.245865 	0.172765 	0.120075 	 0.014053 
0.123654 	0.257579 	0.180136 	0.128295 	 0.016042 
0.141708 	0.253178 	0.177310 	0.122552 	 0.014107 
0.143166 	0.253558 	0.177894 	0.125102 	 0.015225 
0.134184 	0.256383 	0.179578 	0.128184 	 0.015221 
0.141383 	0.258904 	0.181276 	0.127894 	 0.014939 
0.134051 	0.249591 	0.175410 	0.122408 	 0.015495 
0.150174 	0.255302 	0.179224 	0.126565 	 0.014981 
0.137716 	0.257096 	0.180229 	0.128536 	 0.016025 
0.147645 	0.245368 	0.172620 	0.120581 	 0.014543 
0.150253 	0.242396 	0.170604 	0.118318 	 0.014239 
0.145922 	0.245807 	0.173217 	0.117889 	 0.014414 
0.131368 	0.266426 	0.186152 	0.134739 	 0.015623 
0.131715 	0.266136 	0.186377 	0.131331 	 0.015221 
0.133938 	0.264165 	0.184897 	0.132094 	 0.015979 
0.135950 	0.268531 	0.187799 	0.136081 	 0.015775 
0.146605 	0.253786 	0.178526 	0.124452 	 0.015046 
0.136285 	0.258201 	0.181618 	0.124072 	 0.014775 
0.128890 	0.261569 	0.183648 	0.129512 	 0.015693 
0.137868 	0.261778 	0.183857 	0.129946 	 0.015626 
0.125287 	0.267769 	0.188012 	0.134113 	 0.016738 
0.138711 	0.260719 	0.183177 	0.129958 	 0.015896 
0.126278 	0.269133 	0.188343 	0.135876 	 0.016571 
0.144316 	0.252119 	0.177735 	0.121183 	 0.014958 
0.141606 	0.262050 	0.183869 	0.132328 	 0.015440 
0.135357 	0.270026 	0.189317 	0.136652 	 0.016333 
0.135660 	0.262466 	0.184660 	0.127082 	 0.015590 
0.120926 	0.273605 	0.191783 	0.137689 	 0.016729 
0.143717 	0.251649 	0.178004 	0.119597 	 0.015176 
0.148474 	0.251279 	0.177883 	0.116998 	 0.014588 
0.139643 	0.257842 	0.181714 	0.126001 	 0.015455 
0.128550 	0.270678 	0.190043 	0.135703 	 0.016133 
0.127720 	0.278260 	0.195142 	0.139078 	 0.016746 
0.132821 	0.261203 	0.184370 	0.126594 	 0.016030 
0.107546 	0.285670 	0.199810 	0.145745 	 0.017740 
0.143728 	0.260773 	0.183736 	0.127001 	 0.014280 
0.142527 	0.253523 	0.179414 	0.119874 	 0.014330 
0.154562 	0.233430 	0.166766 	0.105067 	 0.013959 
0.131876 	0.262070 	0.185058 	0.126422 	 0.015549 
0.124180 	0.272519 	0.192109 	0.130629 	 0.015833 
0.136200 	0.268654 	0.189215 	0.130716 	 0.014874 
0.130198 	0.263786 	0.186505 	0.124819 	 0.015428 
0.140939 	0.266341 	0.188148 	0.128785 	 0.015604 
0.122140 	0.269488 	0.190370 	0.128815 	 0.015835 
0.131299 	0.265121 	0.187479 	0.126345 	 0.015933 
0.126264 	0.268774 	0.189881 	0.131079 	 0.016654 
0.127545 	0.267985 	0.189704 	0.126938 	 0.015863 
0.135125 	0.267772 	0.189405 	0.128495 	 0.016057 
0.128073 	0.272341 	0.192458 	0.130253 	 0.015984 
0.142774 	0.257531 	0.182568 	0.122236 	 0.015159 
0.133089 	0.267413 	0.189196 	0.125763 	 0.015468 
0.130869 	0.261043 	0.185221 	0.120218 	 0.014935 
0.126889 	0.272286 	0.192602 	0.130729 	 0.016301 
0.118375 	0.273979 	0.193390 	0.131070 	 0.016463 
0.130557 	0.261156 	0.185377 	0.121198 	 0.015040 
0.127838 	0.263603 	0.187094 	0.124077 	 0.015914 
0.115632 	0.278860 	0.197228 	0.134159 	 0.017274 
0.129214 	0.273837 	0.194246 	0.127591 	 0.015996 
0.129690 	0.270899 	0.191745 	0.127417 	 0.015641 
0.131268 	0.257215 	0.182840 	0.118897 	 0.014856 
0.129072 	0.275432 	0.194772 	0.133760 	 0.016210 
0.145462 	0.254378 	0.181086 	0.116520 	 0.014474 
0.123508 	0.275775 	0.195035 	0.135042 	 0.017194 
0.124375 	0.272226 	0.192687 	0.128563 	 0.015897 
0.113373 	0.287584 	0.203074 	0.137168 	 0.016904 
0.131826 	0.278309 	0.197179 	0.133673 	 0.016921 
0.133464 	0.261238 	0.185944 	0.120735 	 0.015828 
0.121257 	0.275684 	0.195126 	0.132707 	 0.016416 
0.138433 	0.267845 	0.190610 	0.123883 	 0.015471 
0.122002 	0.274374 	0.194634 	0.128663 	 0.016253 
0.123908 	0.273909 	0.194276 	0.129610 	 0.016193 
0.140813 	0.255517 	0.182467 	0.117127 	 0.014934 
0.122458 	0.274323 	0.194703 	0.130628 	 0.016647 
0.130861 	0.264918 	0.188668 	0.122119 	 0.015619 
0.119267 	0.273155 	0.193917 	0.128982 	 0.016366 
0.128651 	0.268057 	0.191100 	0.123008 	 0.016186 
0.122024 	0.272202 	0.193491 	0.128000 	 0.016220 
0.128060 	0.266686 	0.190464 	0.121509 	 0.016108 
0.136138 	0.254512 	0.181859 	0.114970 	 0.015028 
0.139639 	0.259016 	0.185143 	0.119464 	 0.015311 
0.129749 	0.280636 	0.199633 	0.131706 	 0.016672 
0.130244 	0.261679 	0.187352 	0.117309 	 0.015699 
0.113446 	0.280639 	0.199143 	0.134530 	 0.017238 
0.125526 	0.266575 	0.190373 	0.122757 	 0.016027 
0.117546 	0.277672 	0.197197 	0.133299 	 0.017063 
0.121737 	0.271220 	0.192848 	0.129395 	 0.016485 
0.121541 	0.277990 	0.198387 	0.127106 	 0.017056 
0.118380 	0.284907 	0.202812 	0.132108 	 0.017102 
0.122414 	0.276065 	0.196652 	0.127156 	 0.016343 
0.131702 	0.270812 	0.193156 	0.125213 	 0.015742 
0.112473 	0.286871 	0.204046 	0.134998 	 0.017733 
0.103553 	0.287197 	0.203733 	0.136444 	 0.017614 
0.127180 	0.268091 	0.191479 	0.123085 	 0.015971 
0.113594 	0.284189 	0.202388 	0.131783 	 0.016785 
0.124023 	0.277181 	0.197868 	0.127278 	 0.015727 
0.118796 	0.287712 	0.204513 	0.135594 	 0.016936 
0.119946 	0.281076 	0.200647 	0.129208 	 0.016957 
0.118282 	0.273102 	0.194852 	0.125912 	 0.016098 
0.124777 	0.277142 	0.197932 	0.126905 	 0.016307 
0.113981 	0.283840 	0.202084 	0.134107 	 0.017562 
0.127884 	0.270362 	0.193770 	0.122542 	 0.016343 
0.105709 	0.277953 	0.198854 	0.126808 	 0.017496 
0.118156 	0.279745 	0.199849 	0.129727 	 0.017330 
0.114118 	0.269127 	0.193092 	0.121363 	 0.016903 
0.109374 	0.276433 	0.197164 	0.128285 	 0.016572 
0.114238 	0.263726 	0.189677 	0.114908 	 0.016026 
0.120805 	0.270975 	0.193738 	0.125859 	 0.016086 
0.128366 	0.259774 	0.187099 	0.116402 	 0.016189 
0.112149 	0.261016 	0.187103 	0.117424 	 0.015888 
0.123171 	0.269865 	0.193425 	0.119585 	 0.015713 
0.127140 	0.257665 	0.185095 	0.116699 	 0.015224 
0.115320 	0.274471 	0.197113 	0.124772 	 0.017459 
0.129798 	0.263051 	0.189241 	0.116453 	 0.015313 
0.114943 	0.277405 	0.198952 	0.125642 	 0.016990 
0.124791 	0.264094 	0.189976 	0.118060 	 0.016112 
0.126009 	0.265093 	0.190893 	0.116853 	 0.015653 
0.109846 	0.277012 	0.198998 	0.122362 	 0.016929 
0.115285 	0.269692 	0.193542 	0.122685 	 0.016513 
0.134160 	0.255701 	0.185112 	0.109855 	 0.015777 
0.122231 	0.265811 	0.191326 	0.117689 	 0.015682 
0.127739 	0.269801 	0.194273 	0.120202 	 0.016129 
0.123853 	0.252883 	0.183709 	0.104982 	 0.015820 
0.135407 	0.259595 	0.187435 	0.113202 	 0.015160 
0.114459 	0.280485 	0.200887 	0.131094 	 0.017114 
0.110102 	0.292154 	0.208960 	0.136154 	 0.017654 
0.117652 	0.275669 	0.198128 	0.125415 	 0.016989 
0.131335 	0.269110 	0.194162 	0.120439 	 0.016187 
0.120626 	0.276814 	0.198696 	0.126863 	 0.016774 
0.115128 	0.274263 	0.197360 	0.123073 	 0.017113 
0.108623 	0.275157 	0.198349 	0.122179 	 0.017834 
0.110979 	0.285047 	0.204210 	0.131266 	 0.018078 
0.111882 	0.274798 	0.198054 	0.119537 	 0.016774 
0.118658 	0.269586 	0.195262 	0.115176 	 0.016493 
0.440047 	-0.000684 	0.001000 	-0.002619 	 -0.000074 
0.440804 	0.008012 	0.006459 	0.006138 	 0.001349 
0.452149 	0.010934 	0.008058 	0.013284 	 0.001109 
0.449801 	0.009828 	0.007413 	0.013342 	 0.001674 
0.442414 	0.027923 	0.018722 	0.028309 	 0.001993 
0.446386 	0.023169 	0.016177 	0.022316 	 0.002077 
0.425996 	0.038308 	0.025829 	0.033232 	 0.003124 
0.438703 	0.025012 	0.017117 	0.026636 	 0.002581 
0.433983 	0.033856 	0.023069 	0.029214 	 0.002949 
0.428844 	0.026606 	0.017710 	0.029530 	 0.003073 
0.420173 	0.033801 	0.023118 	0.030172 	 0.004174 
0.424440 	0.034867 	0.023189 	0.035006 	 0.003559 
0.438938 	0.029092 	0.019923 	0.025711 	 0.001962 
0.449704 	0.009306 	0.006689 	0.016164 	 0.002374 
0.432050 	0.038420 	0.025913 	0.031891 	 0.002876 
0.416768 	0.047576 	0.031104 	0.043477 	 0.004030 
0.406668 	0.050828 	0.033940 	0.042374 	 0.004410 
0.422872 	0.033633 	0.022697 	0.030330 	 0.003393 
0.401334 	0.050269 	0.033003 	0.044056 	 0.004621 
0.411388 	0.042879 	0.028869 	0.037244 	 0.004891 
0.399316 	0.054813 	0.035606 	0.048030 	 0.005004 
0.394114 	0.056513 	0.037026 	0.051146 	 0.005597 
0.409530 	0.050219 	0.033431 	0.042380 	 0.005264 
0.394092 	0.053573 	0.035030 	0.046057 	 0.005482 
0.386327 	0.059159 	0.038685 	0.052133 	 0.006191 
0.396092 	0.057596 	0.038278 	0.047335 	 0.005615 
0.398411 	0.054401 	0.035890 	0.046698 	 0.005390 
0.389285 	0.047179 	0.031248 	0.042729 	 0.005557 
0.399094 	0.050863 	0.034049 	0.042223 	 0.005404 
0.377809 	0.071411 	0.046787 	0.059660 	 0.007467 
0.392627 	0.056580 	0.037294 	0.050128 	 0.006136 
0.386897 	0.060239 	0.039076 	0.054728 	 0.006046 
0.385315 	0.060046 	0.039962 	0.048980 	 0.006916 
0.397618 	0.054419 	0.036039 	0.045867 	 0.005336 
0.380434 	0.062555 	0.041343 	0.052480 	 0.007057 
0.380767 	0.062730 	0.041531 	0.050898 	 0.006157 
0.385367 	0.058091 	0.038231 	0.050136 	 0.006371 
0.385536 	0.056120 	0.036716 	0.051288 	 0.006366 
0.388890 	0.051072 	0.033623 	0.047442 	 0.006320 
0.370394 	0.066250 	0.043568 	0.055590 	 0.007336 
0.364954 	0.076816 	0.050747 	0.062151 	 0.007764 
0.366454 	0.072119 	0.047081 	0.061259 	 0.007015 
0.379431 	0.060533 	0.039693 	0.050382 	 0.005819 
0.373019 	0.072171 	0.047784 	0.057463 	 0.006864 
0.370994 	0.062154 	0.041021 	0.051419 	 0.006778 
0.376353 	0.062881 	0.041858 	0.052898 	 0.007367 
0.362651 	0.070533 	0.045824 	0.060771 	 0.006999 
0.375470 	0.061990 	0.041062 	0.053498 	 0.007114 
0.369658 	0.065052 	0.042998 	0.053668 	 0.007235 
0.357636 	0.073113 	0.047990 	0.061343 	 0.008140 
0.373851 	0.067695 	0.044685 	0.056847 	 0.006716 
0.369128 	0.060710 	0.040351 	0.048114 	 0.006495 
0.374512 	0.067324 	0.044290 	0.056332 	 0.006951 
0.376116 	0.062841 	0.041432 	0.053653 	 0.006515 
0.356743 	0.079975 	0.052705 	0.066081 	 0.008952 
0.362816 	0.073254 	0.048316 	0.061468 	 0.008060 
0.359962 	0.067874 	0.044465 	0.059364 	 0.007155 
0.347823 	0.084743 	0.055463 	0.069747 	 0.008017 
0.356424 	0.075432 	0.049367 	0.063677 	 0.007935 
0.353100 	0.078582 	0.052448 	0.061626 	 0.008603 
0.360245 	0.067386 	0.044646 	0.057024 	 0.007840 
0.363874 	0.061096 	0.040982 	0.049150 	 0.007423 
0.350904 	0.068445 	0.045552 	0.055661 	 0.008084 
0.345423 	0.072755 	0.048182 	0.059666 	 0.008720 
0.364359 	0.065092 	0.042995 	0.054832 	 0.007028 
0.350104 	0.075623 	0.049698 	0.062746 	 0.007998 
0.350108 	0.074919 	0.049622 	0.060063 	 0.007906 
0.357944 	0.074338 	0.049430 	0.061016 	 0.008775 
0.342585 	0.081491 	0.053412 	0.067404 	 0.008762 
0.335268 	0.082596 	0.054025 	0.068842 	 0.009536 
0.335742 	0.078133 	0.051187 	0.064438 	 0.008501 
0.337806 	0.086937 	0.057511 	0.067850 	 0.009212 
0.340153 	0.079889 	0.052804 	0.064906 	 0.008916 
0.341625 	0.083953 	0.055455 	0.068637 	 0.009534 
0.333253 	0.078023 	0.051491 	0.063197 	 0.008907 
0.346415 	0.068208 	0.045177 	0.057252 	 0.007881 
0.333300 	0.093513 	0.061955 	0.072413 	 0.009592 
0.334003 	0.090802 	0.059943 	0.069727 	 0.008449 
0.333945 	0.089230 	0.058788 	0.071878 	 0.009476 
0.346441 	0.076452 	0.050901 	0.060944 	 0.008248 
0.325239 	0.092817 	0.060935 	0.073944 	 0.009262 
0.330977 	0.086159 	0.057191 	0.066576 	 0.009197 
0.325963 	0.087372 	0.057251 	0.071523 	 0.009377 
0.340390 	0.082969 	0.055107 	0.063792 	 0.008170 
0.323847 	0.098050 	0.064638 	0.076720 	 0.009819 
0.325314 	0.089392 	0.059136 	0.069679 	 0.009309 
0.331090 	0.087315 	0.058036 	0.066845 	 0.009144 
0.336307 	0.075105 	0.049647 	0.059450 	 0.008203 
0.319761 	0.090856 	0.060295 	0.067732 	 0.009135 
0.325709 	0.092082 	0.061145 	0.069950 	 0.009464 
0.335321 	0.084787 	0.055943 	0.068966 	 0.009154 
0.319442 	0.096435 	0.063829 	0.073181 	 0.009526 
0.315435 	0.096927 	0.063935 	0.074336 	 0.009961 
0.326748 	0.086369 	0.057389 	0.066813 	 0.009132 
0.324766 	0.087793 	0.058177 	0.068818 	 0.009297 
0.315176 	0.099375 	0.065909 	0.074863 	 0.009771 
0.329406 	0.087464 	0.058306 	0.067879 	 0.009617 
0.315177 	0.090694 	0.059992 	0.070822 	 0.009913 
0.328637 	0.085662 	0.057051 	0.065649 	 0.008997 
0.326186 	0.092360 	0.061408 	0.069546 	 0.009094 
0.315250 	0.095119 	0.063109 	0.073625 	 0.009793 
0.320487 	0.094569 	0.062681 	0.072009 	 0.009122 
0.320798 	0.089191 	0.059611 	0.065918 	 0.009250 
0.319039 	0.083433 	0.055611 	0.063888 	 0.009255 
0.325936 	0.085168 	0.056730 	0.066017 	 0.008869 
0.304815 	0.096809 	0.064221 	0.074539 	 0.010348 
0.308137 	0.106476 	0.071042 	0.078234 	 0.010765 
0.303711 	0.105890 	0.070045 	0.079982 	 0.010615 
0.314888 	0.098797 	0.065305 	0.076167 	 0.009933 
0.310830 	0.089805 	0.059192 	0.069916 	 0.009318 
0.322754 	0.089025 	0.059276 	0.067311 	 0.008868 
0.288662 	0.107415 	0.071138 	0.080449 	 0.010926 
0.309380 	0.092106 	0.061871 	0.067434 	 0.010021 
0.308071 	0.103941 	0.069175 	0.076173 	 0.010225 
0.297527 	0.111310 	0.073871 	0.083187 	 0.011447 
0.313940 	0.100024 	0.066714 	0.075924 	 0.009887 
0.310097 	0.100086 	0.066759 	0.074377 	 0.010701 
0.318320 	0.094198 	0.063084 	0.069221 	 0.009860 
0.310217 	0.095554 	0.064194 	0.069119 	 0.010287 
0.309551 	0.098187 	0.065281 	0.074527 	 0.010566 
0.301612 	0.098761 	0.065872 	0.073691 	 0.010706 
0.299799 	0.098463 	0.065446 	0.074174 	 0.010610 
0.288144 	0.115670 	0.076514 	0.087229 	 0.011846 
0.307662 	0.103826 	0.069063 	0.076608 	 0.010098 
0.306871 	0.104626 	0.070028 	0.075861 	 0.010317 
0.281683 	0.117459 	0.077712 	0.086998 	 0.011849 
0.290433 	0.116239 	0.077128 	0.088226 	 0.012063 
0.292482 	0.107820 	0.071523 	0.081295 	 0.011293 
0.291793 	0.103896 	0.069374 	0.075859 	 0.010595 
0.289101 	0.118122 	0.078652 	0.084957 	 0.011408 
0.297731 	0.101840 	0.067661 	0.077482 	 0.010355 
0.287548 	0.113349 	0.075608 	0.081695 	 0.011250 
0.281476 	0.112645 	0.075003 	0.082614 	 0.011564 
0.300426 	0.097220 	0.065117 	0.073027 	 0.010887 
0.287268 	0.117323 	0.078002 	0.086319 	 0.012206 
0.284962 	0.111212 	0.074029 	0.080725 	 0.011298 
0.281970 	0.115695 	0.076717 	0.087522 	 0.012471 
0.289319 	0.104714 	0.070047 	0.077409 	 0.011604 
0.290563 	0.108551 	0.072384 	0.078462 	 0.010598 
0.283727 	0.109317 	0.072927 	0.078086 	 0.010933 
0.293966 	0.108193 	0.072481 	0.078043 	 0.011038 
0.302946 	0.099680 	0.067091 	0.072119 	 0.010300 
0.268835 	0.122909 	0.081811 	0.089680 	 0.012942 
0.282576 	0.105109 	0.070263 	0.076017 	 0.011085 
0.262718 	0.126659 	0.084410 	0.090485 	 0.013368 
0.270687 	0.121548 	0.081174 	0.085372 	 0.012671 
0.267459 	0.121992 	0.081357 	0.086181 	 0.011908 
0.288618 	0.114262 	0.076582 	0.081548 	 0.011585 
0.293084 	0.105046 	0.070629 	0.073487 	 0.010406 
0.282877 	0.108857 	0.073177 	0.078394 	 0.012069 
0.282632 	0.107195 	0.071662 	0.077593 	 0.011759 
0.284983 	0.108694 	0.072867 	0.077677 	 0.011578 
0.275507 	0.124405 	0.083144 	0.089934 	 0.012834 
0.287301 	0.116974 	0.078625 	0.080706 	 0.011799 
0.270060 	0.117447 	0.078460 	0.084037 	 0.012508 
0.280250 	0.115943 	0.077308 	0.085662 	 0.011709 
0.277721 	0.112238 	0.074965 	0.081341 	 0.011501 
0.279468 	0.112753 	0.075488 	0.081305 	 0.011797 
0.283536 	0.112833 	0.076114 	0.078183 	 0.011936 
0.271460 	0.120564 	0.080436 	0.087858 	 0.012088 
0.283355 	0.113150 	0.076508 	0.077516 	 0.011588 
0.285123 	0.104539 	0.070540 	0.073689 	 0.010963 
0.277406 	0.109563 	0.073460 	0.079154 	 0.011714 
0.280597 	0.111048 	0.074553 	0.080291 	 0.011970 
0.284196 	0.101784 	0.068626 	0.070581 	 0.010790 
0.277332 	0.105977 	0.070747 	0.078933 	 0.011572 
0.264409 	0.121393 	0.081502 	0.085294 	 0.012340 
0.280718 	0.108787 	0.073471 	0.074317 	 0.011568 
0.287976 	0.101284 	0.068630 	0.069116 	 0.010539 
0.280764 	0.111345 	0.075367 	0.074124 	 0.010966 
0.284229 	0.108662 	0.073424 	0.074445 	 0.011090 
0.286938 	0.105314 	0.070975 	0.074104 	 0.011075 
0.279193 	0.113626 	0.076675 	0.078682 	 0.011537 
0.277980 	0.111743 	0.075302 	0.078165 	 0.011649 
0.273282 	0.108102 	0.073244 	0.073520 	 0.011921 
0.266029 	0.116648 	0.078539 	0.079523 	 0.012043 
0.267827 	0.121425 	0.081603 	0.082836 	 0.011795 
0.263652 	0.129255 	0.086724 	0.088716 	 0.012318 
0.282447 	0.111763 	0.075461 	0.077388 	 0.011421 
0.258859 	0.132418 	0.088721 	0.091988 	 0.013084 
0.270611 	0.108803 	0.073612 	0.073661 	 0.011367 
0.265787 	0.128429 	0.086263 	0.089572 	 0.012701 
0.273281 	0.120275 	0.080711 	0.083967 	 0.011492 
0.265271 	0.121378 	0.081621 	0.082861 	 0.011782 
0.267560 	0.116008 	0.078294 	0.078643 	 0.011503 
0.271468 	0.120895 	0.082055 	0.079772 	 0.011690 
0.267185 	0.120403 	0.081497 	0.080728 	 0.012080 
0.269516 	0.115863 	0.078600 	0.076482 	 0.011877 
0.252778 	0.136626 	0.091750 	0.093912 	 0.013192 
0.272743 	0.111655 	0.075161 	0.078122 	 0.010973 
0.249165 	0.137539 	0.092435 	0.092318 	 0.012718 
0.264106 	0.123226 	0.083102 	0.083845 	 0.011833 
0.258750 	0.128714 	0.086944 	0.085550 	 0.012105 
0.250997 	0.133727 	0.090143 	0.091972 	 0.013367 
0.262603 	0.126426 	0.085482 	0.084772 	 0.012103 
0.257371 	0.121225 	0.081732 	0.083656 	 0.012548 
0.254032 	0.119951 	0.081234 	0.081043 	 0.012561 
0.257170 	0.118742 	0.080495 	0.079709 	 0.012103 
0.251292 	0.126043 	0.085033 	0.084583 	 0.012470 
0.255110 	0.122733 	0.083021 	0.081560 	 0.012009 
0.254820 	0.126652 	0.085485 	0.089426 	 0.013286 
0.257556 	0.124428 	0.084471 	0.081692 	 0.011764 
0.249094 	0.129259 	0.087525 	0.086060 	 0.012948 
0.244202 	0.136217 	0.091359 	0.095855 	 0.013311 
0.249746 	0.135400 	0.092058 	0.085324 	 0.012471 
0.249780 	0.128507 	0.086870 	0.083917 	 0.012194 
0.240164 	0.134236 	0.090901 	0.088319 	 0.013754 
0.243072 	0.133892 	0.090267 	0.090362 	 0.012967 
0.228314 	0.144707 	0.097391 	0.096814 	 0.013836 
0.240513 	0.131619 	0.089185 	0.085317 	 0.012752 
0.238009 	0.139806 	0.094940 	0.090804 	 0.013813 
0.239066 	0.139717 	0.094557 	0.092105 	 0.013211 
0.243422 	0.131429 	0.089075 	0.087388 	 0.013113 
0.234811 	0.143614 	0.096840 	0.097718 	 0.014201 
0.244137 	0.126336 	0.085862 	0.082075 	 0.012829 
0.246463 	0.127585 	0.086798 	0.082841 	 0.013179 
0.233322 	0.134318 	0.091087 	0.087533 	 0.013228 
0.227937 	0.133320 	0.090028 	0.086407 	 0.012910 
0.243670 	0.124022 	0.084900 	0.078384 	 0.012562 
0.242853 	0.138309 	0.093930 	0.088063 	 0.012805 
0.235499 	0.133083 	0.090934 	0.084546 	 0.013191 
0.228888 	0.131940 	0.089396 	0.087243 	 0.013407 
0.232326 	0.141585 	0.095725 	0.092627 	 0.013034 
0.237666 	0.135318 	0.092238 	0.086080 	 0.013078 
0.218607 	0.145749 	0.098702 	0.094917 	 0.014309 
0.232565 	0.127755 	0.087176 	0.081435 	 0.012997 
0.212336 	0.147547 	0.100190 	0.093308 	 0.014396 
0.216590 	0.144548 	0.097915 	0.092829 	 0.013847 
0.221691 	0.147428 	0.100116 	0.093801 	 0.013678 
0.228931 	0.137985 	0.094011 	0.086699 	 0.013103 
0.218849 	0.143959 	0.097684 	0.092035 	 0.013397 
0.216361 	0.151807 	0.102938 	0.098513 	 0.014451 
0.216774 	0.153814 	0.104341 	0.100870 	 0.014908 
0.214304 	0.156217 	0.105749 	0.102836 	 0.014637 
0.209666 	0.151935 	0.102834 	0.098447 	 0.014643 
0.210563 	0.145816 	0.099284 	0.092286 	 0.014818 
0.217009 	0.142747 	0.096425 	0.095579 	 0.013804 
0.209182 	0.147032 	0.099941 	0.094013 	 0.014437 
0.208566 	0.148613 	0.101025 	0.095182 	 0.014710 
0.214806 	0.146623 	0.099821 	0.092815 	 0.014341 
0.211522 	0.148718 	0.101264 	0.092661 	 0.014043 
0.216327 	0.144133 	0.098633 	0.089796 	 0.014190 
0.190670 	0.156983 	0.106880 	0.097178 	 0.015331 
0.193054 	0.155875 	0.105762 	0.098800 	 0.015208 
0.197266 	0.161470 	0.109296 	0.104233 	 0.015773 
0.215013 	0.141151 	0.096500 	0.087521 	 0.013719 
0.211571 	0.148957 	0.101607 	0.091740 	 0.013729 
0.189573 	0.165472 	0.111507 	0.107978 	 0.015053 
0.194327 	0.157268 	0.107291 	0.097629 	 0.015578 
0.196458 	0.158579 	0.107756 	0.098856 	 0.014128 
0.193813 	0.161943 	0.109756 	0.102034 	 0.014946 
0.214699 	0.147004 	0.100638 	0.093383 	 0.014733 
0.198536 	0.156298 	0.106692 	0.095692 	 0.014693 
0.202762 	0.146386 	0.100159 	0.089625 	 0.013863 
0.202490 	0.155017 	0.105836 	0.095365 	 0.014777 
0.188566 	0.163164 	0.110570 	0.102349 	 0.014866 
0.191124 	0.164769 	0.112328 	0.101472 	 0.015159 
0.188124 	0.152488 	0.104028 	0.095604 	 0.015265 
0.194179 	0.162624 	0.111231 	0.098821 	 0.015007 
0.209539 	0.150276 	0.103328 	0.089435 	 0.013746 
0.181975 	0.175045 	0.118618 	0.109563 	 0.016013 
0.184646 	0.163105 	0.111486 	0.098076 	 0.015654 
0.182426 	0.164323 	0.111497 	0.104965 	 0.015735 
0.177506 	0.173716 	0.118659 	0.106178 	 0.016548 
0.184574 	0.167530 	0.114006 	0.105443 	 0.015701 
0.181957 	0.159441 	0.108755 	0.098866 	 0.015456 
0.184061 	0.168666 	0.114653 	0.104363 	 0.015474 
0.186301 	0.162667 	0.110493 	0.101536 	 0.014630 
0.177291 	0.169971 	0.115730 	0.104928 	 0.016501 
0.181115 	0.162837 	0.111169 	0.097027 	 0.014853 
0.186189 	0.158295 	0.108100 	0.094028 	 0.014693 
0.188554 	0.166413 	0.113499 	0.102308 	 0.015253 
0.190592 	0.154576 	0.105741 	0.093246 	 0.014946 
0.198475 	0.149233 	0.102498 	0.089477 	 0.013911 
0.168870 	0.168734 	0.114931 	0.103329 	 0.015911 
0.184861 	0.156109 	0.107206 	0.094151 	 0.015446 
0.173031 	0.171627 	0.116596 	0.107729 	 0.016006 
0.179114 	0.173592 	0.118472 	0.106272 	 0.016217 
0.186687 	0.156919 	0.107472 	0.094704 	 0.015048 
0.188815 	0.168644 	0.115421 	0.101092 	 0.015299 
0.179317 	0.167898 	0.114972 	0.101649 	 0.015854 
0.180285 	0.164549 	0.112250 	0.100229 	 0.014740 
0.185080 	0.166651 	0.114029 	0.100785 	 0.015429 
0.168861 	0.174837 	0.119500 	0.104560 	 0.016154 
0.170279 	0.185098 	0.125759 	0.115031 	 0.016555 
0.178765 	0.161187 	0.110292 	0.098042 	 0.015421 
0.187641 	0.159684 	0.109732 	0.094092 	 0.014312 
0.167425 	0.176046 	0.120278 	0.105436 	 0.016418 
0.179383 	0.164666 	0.112764 	0.100010 	 0.015432 
0.176275 	0.171926 	0.117874 	0.103423 	 0.016401 
0.176409 	0.161553 	0.110721 	0.095861 	 0.015586 
0.180110 	0.150106 	0.103192 	0.089986 	 0.014591 
0.155390 	0.184442 	0.125610 	0.114113 	 0.018007 
0.184250 	0.166230 	0.114348 	0.100285 	 0.015266 
0.173788 	0.166378 	0.114311 	0.097897 	 0.015978 
0.161482 	0.186846 	0.127269 	0.114997 	 0.016688 
0.178236 	0.160761 	0.110825 	0.092538 	 0.015090 
0.168673 	0.179297 	0.122556 	0.109824 	 0.016448 
0.182976 	0.170208 	0.116500 	0.103066 	 0.015558 
0.173860 	0.174368 	0.119806 	0.102595 	 0.015792 
0.186831 	0.156947 	0.108438 	0.090565 	 0.014596 
0.177056 	0.169286 	0.116519 	0.102241 	 0.016403 
0.167239 	0.176784 	0.121266 	0.104917 	 0.016269 
0.184996 	0.168094 	0.115719 	0.099628 	 0.015087 
0.171122 	0.176757 	0.121053 	0.105517 	 0.015736 
0.197634 	0.149475 	0.103969 	0.086342 	 0.014212 
0.181611 	0.169906 	0.117208 	0.099453 	 0.015413 
0.183544 	0.166551 	0.115252 	0.095871 	 0.015355 
0.165234 	0.181755 	0.124573 	0.109132 	 0.016465 
0.180135 	0.171019 	0.117922 	0.100008 	 0.015451 
0.173657 	0.160173 	0.110546 	0.092954 	 0.014827 
0.178144 	0.163764 	0.112570 	0.099215 	 0.015583 
0.169075 	0.175513 	0.120567 	0.103338 	 0.015683 
0.180400 	0.160505 	0.111109 	0.092519 	 0.014788 
0.166900 	0.184525 	0.126799 	0.106873 	 0.016084 
0.173419 	0.171760 	0.118599 	0.098805 	 0.015955 
0.165159 	0.176896 	0.121623 	0.104398 	 0.016434 
0.170457 	0.166299 	0.114474 	0.097440 	 0.014796 
0.164545 	0.174456 	0.119639 	0.101885 	 0.015341 
0.176528 	0.171815 	0.118997 	0.097151 	 0.015634 
0.177361 	0.165484 	0.114004 	0.098258 	 0.014758 
0.184355 	0.159461 	0.110455 	0.092669 	 0.014885 
0.163746 	0.168422 	0.116153 	0.098741 	 0.015495 
0.177157 	0.157737 	0.109270 	0.090090 	 0.014548 
0.177414 	0.170320 	0.118212 	0.094546 	 0.015159 
0.175805 	0.168245 	0.116991 	0.094375 	 0.015563 
0.171360 	0.161599 	0.112183 	0.091979 	 0.015337 
0.163772 	0.181644 	0.125336 	0.103872 	 0.015528 
0.162655 	0.177393 	0.122536 	0.102974 	 0.016495 
0.171622 	0.172583 	0.119545 	0.099305 	 0.015872 
0.175863 	0.170148 	0.118100 	0.097830 	 0.015720 
0.173910 	0.172079 	0.119311 	0.098650 	 0.015886 
0.156741 	0.177452 	0.122594 	0.102347 	 0.016499 
0.161475 	0.183029 	0.126259 	0.106426 	 0.016436 
0.168982 	0.173182 	0.120531 	0.095980 	 0.015870 
0.188341 	0.165432 	0.115187 	0.093561 	 0.014941 
0.172707 	0.165187 	0.114884 	0.093495 	 0.015075 
0.172520 	0.175686 	0.122009 	0.098360 	 0.015901 
0.173667 	0.168484 	0.117379 	0.093870 	 0.015669 
0.164097 	0.175365 	0.121404 	0.100041 	 0.015886 
0.176679 	0.172460 	0.119741 	0.098485 	 0.015459 
0.168191 	0.169036 	0.117765 	0.093374 	 0.015252 
0.156089 	0.182002 	0.125922 	0.104188 	 0.016308 
0.182273 	0.164514 	0.114746 	0.091894 	 0.014820 
0.175427 	0.169364 	0.118019 	0.094939 	 0.015153 
0.170261 	0.168013 	0.116899 	0.095336 	 0.015697 
0.165656 	0.165109 	0.114964 	0.094245 	 0.015743 
0.164073 	0.164100 	0.114452 	0.090662 	 0.015313 
0.163154 	0.167922 	0.116829 	0.092658 	 0.015242 
0.157026 	0.177866 	0.123927 	0.096945 	 0.016020 
0.176738 	0.161200 	0.112993 	0.087822 	 0.015320 
0.157009 	0.181021 	0.125503 	0.102877 	 0.016351 
0.157629 	0.182493 	0.126765 	0.102267 	 0.016355 
0.153562 	0.175096 	0.121993 	0.096746 	 0.015829 
0.151977 	0.180219 	0.124912 	0.103880 	 0.016587 
0.154424 	0.179848 	0.124971 	0.101781 	 0.016462 
0.150567 	0.182896 	0.126697 	0.106026 	 0.016614 
0.152123 	0.180756 	0.125952 	0.101326 	 0.016932 
0.141050 	0.176967 	0.123306 	0.098023 	 0.016868 
0.151837 	0.187342 	0.130012 	0.106599 	 0.017163 
0.144655 	0.185979 	0.129576 	0.101039 	 0.016475 
0.153668 	0.183473 	0.127491 	0.102838 	 0.016404 
0.148630 	0.180847 	0.125737 	0.103738 	 0.016310 
0.152030 	0.183790 	0.128038 	0.101728 	 0.016527 
0.146339 	0.186122 	0.129333 	0.105003 	 0.016811 
0.145824 	0.189598 	0.131528 	0.105577 	 0.016604 
0.137626 	0.193698 	0.134289 	0.110571 	 0.017396 
0.145352 	0.193180 	0.134360 	0.107676 	 0.017403 
0.177271 	0.171773 	0.120737 	0.090836 	 0.014945 
0.149879 	0.187332 	0.130374 	0.104308 	 0.016755 
0.151944 	0.187125 	0.130524 	0.103443 	 0.016770 
0.146312 	0.184492 	0.128480 	0.102503 	 0.016615 
0.142376 	0.190903 	0.133111 	0.105702 	 0.017333 
0.157909 	0.172341 	0.120919 	0.092104 	 0.015669 
0.141087 	0.187868 	0.131127 	0.102296 	 0.017304 
0.138930 	0.188042 	0.131417 	0.101614 	 0.017086 
0.140768 	0.190919 	0.133184 	0.103454 	 0.016965 
0.144768 	0.186706 	0.130039 	0.103662 	 0.016488 
0.151431 	0.180047 	0.126076 	0.098170 	 0.016257 
0.137243 	0.194495 	0.135215 	0.109105 	 0.017552 
0.142271 	0.180230 	0.126270 	0.098334 	 0.016852 
0.136210 	0.198068 	0.138235 	0.108900 	 0.017885 
0.145287 	0.183414 	0.128274 	0.100316 	 0.016709 
0.142949 	0.179935 	0.125326 	0.101825 	 0.016443 
0.129424 	0.188576 	0.131495 	0.102399 	 0.017274 
0.139059 	0.180545 	0.126685 	0.097870 	 0.017250 
0.141494 	0.184062 	0.128796 	0.098520 	 0.016794 
0.146097 	0.178050 	0.124448 	0.096743 	 0.015644 
0.147868 	0.177605 	0.125065 	0.093601 	 0.016291 
0.135013 	0.183138 	0.128528 	0.096783 	 0.016608 
0.138636 	0.177009 	0.124278 	0.096680 	 0.016917 
0.122472 	0.199949 	0.139367 	0.109768 	 0.018201 
0.142562 	0.184596 	0.129480 	0.099575 	 0.016627 
0.138185 	0.185807 	0.130453 	0.098449 	 0.017091 
0.131723 	0.198939 	0.138751 	0.109421 	 0.017125 
0.130595 	0.188551 	0.132264 	0.100774 	 0.017191 
0.130556 	0.196649 	0.137587 	0.105763 	 0.017538 
0.135897 	0.188355 	0.132174 	0.100302 	 0.016854 
0.143325 	0.179500 	0.126730 	0.092154 	 0.016470 
0.121889 	0.192483 	0.134654 	0.103337 	 0.017355 
0.130166 	0.189480 	0.133325 	0.099423 	 0.017112 
0.119016 	0.192539 	0.134767 	0.104993 	 0.017953 
0.138107 	0.177089 	0.125377 	0.090539 	 0.016750 
0.142720 	0.167963 	0.119392 	0.084541 	 0.015502 
0.135679 	0.188594 	0.132715 	0.100203 	 0.017375 
0.132297 	0.187222 	0.132208 	0.095843 	 0.017296 
0.128114 	0.190017 	0.133815 	0.101545 	 0.017546 
0.131412 	0.184973 	0.130474 	0.095844 	 0.016578 
0.130284 	0.192717 	0.135718 	0.101201 	 0.017328 
0.121349 	0.186971 	0.131622 	0.099824 	 0.017530 
0.121833 	0.196001 	0.137460 	0.104921 	 0.017933 
0.135194 	0.182651 	0.129009 	0.094969 	 0.016675 
0.131956 	0.194323 	0.137090 	0.100423 	 0.017324 
0.128135 	0.186813 	0.132111 	0.095910 	 0.017434 
0.134703 	0.189315 	0.133293 	0.100394 	 0.016751 
0.120656 	0.194443 	0.137451 	0.096661 	 0.017678 
0.120886 	0.195805 	0.137608 	0.104621 	 0.018120 
0.117443 	0.201176 	0.141546 	0.105765 	 0.018316 
0.128746 	0.177276 	0.126089 	0.087846 	 0.016549 
0.115251 	0.195487 	0.137898 	0.101547 	 0.018058 
0.122278 	0.191202 	0.134734 	0.100329 	 0.017142 
0.114371 	0.192928 	0.136262 	0.097963 	 0.017811 
0.111193 	0.202502 	0.142128 	0.108002 	 0.018693 
0.122137 	0.186999 	0.132267 	0.094947 	 0.017121 
0.126810 	0.186687 	0.132353 	0.096024 	 0.017510 
0.114315 	0.194289 	0.137402 	0.098366 	 0.017477 
0.109841 	0.191915 	0.135432 	0.099606 	 0.018003 
0.118445 	0.190618 	0.134621 	0.097763 	 0.017104 
0.111006 	0.204967 	0.144374 	0.106225 	 0.018556 
0.118525 	0.190586 	0.134779 	0.096077 	 0.016818 
0.109725 	0.195982 	0.138020 	0.102337 	 0.017946 
0.124784 	0.191631 	0.135565 	0.097418 	 0.017130 
0.116439 	0.193094 	0.136163 	0.098588 	 0.017124 
0.111118 	0.189859 	0.134310 	0.095374 	 0.017305 
0.116997 	0.192389 	0.136043 	0.100293 	 0.017746 
0.116624 	0.199994 	0.140571 	0.107715 	 0.017773 
0.122146 	0.184156 	0.131057 	0.092575 	 0.017063 
0.115781 	0.196420 	0.138687 	0.099480 	 0.017489 
0.126943 	0.178854 	0.127160 	0.092180 	 0.017518 
0.122065 	0.203755 	0.144057 	0.104331 	 0.017206 
0.109485 	0.205789 	0.144808 	0.107534 	 0.017738 
0.097955 	0.205375 	0.144454 	0.107709 	 0.018714 
0.108730 	0.193467 	0.137295 	0.098815 	 0.018182 
0.128098 	0.183580 	0.131229 	0.088718 	 0.016411 
0.103091 	0.199798 	0.141218 	0.103987 	 0.018207 
0.114260 	0.193556 	0.137726 	0.097410 	 0.018066 
0.100886 	0.200395 	0.141515 	0.103610 	 0.018339 
0.099827 	0.206044 	0.145407 	0.107714 	 0.018615 
0.118925 	0.195676 	0.139251 	0.097312 	 0.017587 
0.097572 	0.196782 	0.139488 	0.100540 	 0.018385 
0.102885 	0.197722 	0.140342 	0.099281 	 0.017959 
0.100309 	0.200535 	0.141874 	0.102322 	 0.017976 
0.105427 	0.198909 	0.141199 	0.100095 	 0.018037 
0.102807 	0.196726 	0.139966 	0.098317 	 0.018034 
0.099287 	0.198287 	0.140700 	0.100038 	 0.017929 
0.106998 	0.204697 	0.145050 	0.104770 	 0.018824 
0.102751 	0.212222 	0.149772 	0.112507 	 0.019231 
0.101011 	0.209839 	0.148767 	0.104476 	 0.018756 
0.109175 	0.198893 	0.141400 	0.099319 	 0.017641 
0.092281 	0.211411 	0.149500 	0.108456 	 0.018874 
0.110604 	0.195048 	0.139221 	0.095762 	 0.017502 
0.078775 	0.212453 	0.150100 	0.112114 	 0.020776 
0.094100 	0.211978 	0.149949 	0.108275 	 0.019119 
0.094711 	0.201201 	0.142975 	0.100786 	 0.018456 
0.114159 	0.188282 	0.134595 	0.093082 	 0.016920 
0.106653 	0.194856 	0.138956 	0.095784 	 0.017640 
0.085497 	0.203179 	0.143940 	0.103333 	 0.018884 
0.088937 	0.202248 	0.143131 	0.105942 	 0.019249 
0.094518 	0.207526 	0.146789 	0.108546 	 0.018928 
0.101976 	0.196696 	0.140126 	0.098387 	 0.018072 
0.097936 	0.206449 	0.146794 	0.101597 	 0.018489 
0.086973 	0.211283 	0.150002 	0.106650 	 0.019242 
0.090541 	0.204461 	0.145248 	0.104905 	 0.019438 
0.103887 	0.194601 	0.139238 	0.097036 	 0.018725 
0.100030 	0.193673 	0.138644 	0.094199 	 0.018607 
0.096791 	0.190899 	0.136619 	0.093616 	 0.017841 
0.087221 	0.212523 	0.150797 	0.106703 	 0.018945 
0.089045 	0.209637 	0.149114 	0.106360 	 0.019348 
0.083370 	0.201517 	0.143935 	0.099597 	 0.019247 
0.104528 	0.189207 	0.135964 	0.091459 	 0.017963 
0.096698 	0.198433 	0.142261 	0.095216 	 0.018277 
0.088786 	0.205833 	0.146536 	0.104222 	 0.019022 
0.100586 	0.197288 	0.141475 	0.095040 	 0.017878 
0.091042 	0.202706 	0.144979 	0.099323 	 0.019202 
0.076736 	0.224669 	0.158738 	0.116971 	 0.019688 
0.092162 	0.203236 	0.144856 	0.103679 	 0.019342 
0.088529 	0.196433 	0.140471 	0.097065 	 0.018551 
0.093232 	0.201203 	0.143872 	0.098917 	 0.018470 
0.100312 	0.203796 	0.145378 	0.104083 	 0.019232 
0.097230 	0.204369 	0.146043 	0.100191 	 0.018457 
0.091826 	0.206521 	0.147682 	0.103616 	 0.019276 
0.101007 	0.204218 	0.146546 	0.099109 	 0.019055 
0.071574 	0.223452 	0.158462 	0.113954 	 0.020149 
0.088756 	0.199436 	0.143242 	0.094236 	 0.018194 
0.098635 	0.198599 	0.142963 	0.094742 	 0.018580 
0.089280 	0.203105 	0.145724 	0.098599 	 0.018820 
0.100309 	0.192230 	0.138554 	0.092893 	 0.018259 
0.084144 	0.201411 	0.145026 	0.096476 	 0.019382 
0.087441 	0.209287 	0.149653 	0.104834 	 0.020098 
0.097899 	0.190893 	0.137735 	0.090437 	 0.018212 
0.076424 	0.215953 	0.154122 	0.108380 	 0.019756 
0.093140 	0.200660 	0.144691 	0.096268 	 0.018890 
0.089373 	0.202150 	0.145162 	0.097283 	 0.018527 
0.095386 	0.184614 	0.133855 	0.085995 	 0.018309 
0.091701 	0.199540 	0.143594 	0.096466 	 0.018474 
0.076243 	0.211170 	0.151069 	0.105609 	 0.019504 
0.107649 	0.185269 	0.134770 	0.084196 	 0.017037 
0.087381 	0.195574 	0.141150 	0.091100 	 0.017692 
0.090744 	0.197758 	0.142772 	0.092662 	 0.018292 
0.091128 	0.190523 	0.137647 	0.088919 	 0.017677 
0.090225 	0.196513 	0.141878 	0.090583 	 0.018020 
0.078028 	0.205299 	0.147790 	0.096408 	 0.018574 
0.090463 	0.196044 	0.141821 	0.090679 	 0.018009 
0.074706 	0.221219 	0.158386 	0.107360 	 0.019585 
0.075251 	0.218952 	0.156538 	0.106882 	 0.019324 
0.091606 	0.197847 	0.142854 	0.093688 	 0.018246 
0.072013 	0.215156 	0.154297 	0.105094 	 0.020095 
0.096159 	0.195427 	0.141724 	0.091083 	 0.017964 
0.088398 	0.191556 	0.139053 	0.087616 	 0.018194 
0.083367 	0.208149 	0.149891 	0.101448 	 0.019629 
0.070957 	0.220641 	0.158153 	0.107698 	 0.020156 
0.080416 	0.211317 	0.152163 	0.100747 	 0.019395 
0.065754 	0.210698 	0.150867 	0.103897 	 0.019581 
0.086127 	0.195265 	0.140842 	0.093613 	 0.018316 
0.061977 	0.213124 	0.153505 	0.102089 	 0.020795 
0.071974 	0.217248 	0.156418 	0.103477 	 0.020617 
0.080206 	0.206908 	0.148993 	0.100290 	 0.019256 
0.066485 	0.220066 	0.157889 	0.107193 	 0.020515 
0.074443 	0.209324 	0.151003 	0.099208 	 0.019750 
0.081324 	0.208863 	0.150634 	0.099958 	 0.019723 
0.082150 	0.200644 	0.145598 	0.092176 	 0.018738 
0.080066 	0.205774 	0.148868 	0.096788 	 0.019086 
0.078669 	0.206701 	0.149409 	0.097893 	 0.019515 
0.070140 	0.207899 	0.149823 	0.099863 	 0.019676 
0.090518 	0.195869 	0.142383 	0.090732 	 0.018739 
0.068158 	0.213034 	0.153731 	0.102437 	 0.020175 
0.064365 	0.218514 	0.157850 	0.101738 	 0.020735 
0.059056 	0.226554 	0.162518 	0.110983 	 0.020830 
0.072159 	0.212463 	0.153617 	0.100573 	 0.019867 
0.068642 	0.221424 	0.159819 	0.105051 	 0.020640 
0.069249 	0.216050 	0.156009 	0.101571 	 0.020418 
0.080573 	0.199259 	0.145128 	0.092894 	 0.019194 
0.067885 	0.213971 	0.154391 	0.102566 	 0.020391 
0.067292 	0.212872 	0.153981 	0.099139 	 0.019363 
0.083450 	0.200022 	0.145688 	0.091408 	 0.018965 
0.053457 	0.219397 	0.157755 	0.107184 	 0.020826 
0.053701 	0.218905 	0.157785 	0.103757 	 0.020916 
0.068319 	0.211265 	0.153406 	0.098004 	 0.020551 
0.074270 	0.215992 	0.156450 	0.100753 	 0.020112 
0.078766 	0.206318 	0.150202 	0.094344 	 0.019541 
0.067652 	0.206534 	0.150090 	0.093996 	 0.019192 
0.064275 	0.219745 	0.158853 	0.104720 	 0.020643 
0.070716 	0.209270 	0.151813 	0.099037 	 0.020414 
0.078996 	0.199695 	0.146019 	0.087495 	 0.018819 
0.073227 	0.205044 	0.149028 	0.095223 	 0.019221 
0.065544 	0.214349 	0.155525 	0.099001 	 0.020350 
0.068774 	0.213529 	0.154742 	0.100342 	 0.019986 
0.061932 	0.220772 	0.159612 	0.103318 	 0.020709 
0.055486 	0.225454 	0.162735 	0.108653 	 0.021461 
0.077453 	0.210128 	0.153197 	0.094813 	 0.019907 
0.070488 	0.207472 	0.151342 	0.093944 	 0.020213 
0.063777 	0.223940 	0.161993 	0.107169 	 0.020730 
0.050741 	0.223094 	0.161409 	0.106272 	 0.021510 
0.061107 	0.216246 	0.156853 	0.102640 	 0.020482 
0.073678 	0.208055 	0.151636 	0.096250 	 0.019724 
0.072468 	0.214241 	0.156258 	0.096589 	 0.019879 
0.067110 	0.215861 	0.157268 	0.098608 	 0.020408 
0.076492 	0.222794 	0.161861 	0.102918 	 0.020008 
0.052827 	0.236714 	0.170342 	0.115192 	 0.021673 
0.074157 	0.212300 	0.154984 	0.097888 	 0.020137 
0.065972 	0.217228 	0.158091 	0.101376 	 0.020538 
0.067906 	0.201291 	0.147579 	0.090490 	 0.019929 
0.049789 	0.226686 	0.164028 	0.107522 	 0.021457 
0.062209 	0.211988 	0.154432 	0.094835 	 0.019607 
0.072000 	0.202262 	0.148418 	0.089647 	 0.019965 
0.085386 	0.194150 	0.143305 	0.082645 	 0.018603 
0.076737 	0.200783 	0.147605 	0.088333 	 0.019019 
0.086355 	0.204049 	0.150318 	0.091344 	 0.019833 
0.063041 	0.224817 	0.163671 	0.104014 	 0.021347 
0.079569 	0.212806 	0.155628 	0.096213 	 0.019706 
0.064926 	0.224384 	0.162754 	0.106612 	 0.020679 
0.060013 	0.215801 	0.157637 	0.097078 	 0.021317 
0.061695 	0.218239 	0.158872 	0.100367 	 0.020316 
0.072185 	0.214642 	0.156677 	0.098662 	 0.020713 
0.068536 	0.220374 	0.160865 	0.102378 	 0.020759 
0.073533 	0.217671 	0.158759 	0.100118 	 0.020460 
0.062296 	0.219769 	0.160402 	0.102089 	 0.021550 
0.066551 	0.223306 	0.162776 	0.103803 	 0.020883 
0.079612 	0.210375 	0.154400 	0.094930 	 0.019691 
0.067132 	0.221877 	0.161858 	0.105761 	 0.021377 
0.077444 	0.213132 	0.156461 	0.095576 	 0.020043 
0.066305 	0.225031 	0.163798 	0.106516 	 0.020914 
0.062653 	0.218751 	0.159981 	0.100857 	 0.021205 
0.064653 	0.221562 	0.161712 	0.103338 	 0.020526 
0.071519 	0.217014 	0.158931 	0.099895 	 0.020672 
0.058164 	0.229448 	0.166987 	0.109658 	 0.022299 
0.077703 	0.213001 	0.156093 	0.100478 	 0.020834 
0.067418 	0.214605 	0.157663 	0.097366 	 0.021357 
0.074151 	0.208202 	0.153510 	0.092730 	 0.020825 
0.062730 	0.230227 	0.167699 	0.109421 	 0.021569 
0.404411 	0.009303 	0.007351 	-0.000211 	 0.002391 
0.408323 	0.007564 	0.005628 	0.005015 	 0.002620 
0.411818 	0.027834 	0.018441 	0.031042 	 0.004871 
0.405964 	0.031809 	0.020509 	0.035911 	 0.004343 
0.426692 	0.021833 	0.015345 	0.022561 	 0.003005 
0.395006 	0.046297 	0.030514 	0.042478 	 0.005181 
0.409127 	0.034784 	0.023365 	0.033058 	 0.004333 
0.425399 	0.016513 	0.011175 	0.022281 	 0.002886 
0.386257 	0.057247 	0.037771 	0.049922 	 0.006592 
0.395299 	0.044573 	0.029571 	0.039173 	 0.005020 
0.390277 	0.044513 	0.029135 	0.042142 	 0.005039 
0.394034 	0.038607 	0.025527 	0.035800 	 0.004099 
0.369795 	0.066282 	0.043476 	0.055675 	 0.006977 
0.386330 	0.033179 	0.021811 	0.034586 	 0.005753 
0.391835 	0.048277 	0.032145 	0.041324 	 0.004713 
0.387519 	0.047850 	0.031177 	0.043790 	 0.004701 
0.360977 	0.071784 	0.047147 	0.059222 	 0.007619 
0.386531 	0.047152 	0.030804 	0.043793 	 0.005404 
0.381389 	0.040972 	0.027061 	0.037812 	 0.005468 
0.382453 	0.048726 	0.032159 	0.045221 	 0.006111 
0.381070 	0.044021 	0.028932 	0.041168 	 0.005137 
0.369392 	0.047667 	0.031488 	0.041627 	 0.005477 
0.379015 	0.039452 	0.026016 	0.036518 	 0.004775 
0.371830 	0.051685 	0.034241 	0.044909 	 0.005916 
0.390272 	0.030010 	0.019962 	0.029238 	 0.003594 
0.366819 	0.049944 	0.033309 	0.044063 	 0.006928 
0.368718 	0.055364 	0.036155 	0.049627 	 0.006178 
0.378754 	0.049884 	0.032895 	0.043520 	 0.005301 
0.358283 	0.069448 	0.045400 	0.059514 	 0.007866 
0.367324 	0.050615 	0.033081 	0.047544 	 0.006516 
0.368476 	0.049816 	0.033203 	0.045225 	 0.006419 
0.363968 	0.056684 	0.037530 	0.050850 	 0.007103 
0.370819 	0.043835 	0.029273 	0.039346 	 0.005509 
0.357507 	0.055096 	0.036255 	0.048241 	 0.006483 
0.350836 	0.061621 	0.040342 	0.053594 	 0.007114 
0.343850 	0.074235 	0.048523 	0.064531 	 0.008609 
0.344954 	0.062227 	0.041034 	0.053474 	 0.007250 
0.343825 	0.071273 	0.047122 	0.059356 	 0.008144 
0.344715 	0.069867 	0.045780 	0.059534 	 0.007367 
0.350112 	0.064691 	0.043307 	0.051556 	 0.007038 
0.336051 	0.070351 	0.046472 	0.056053 	 0.007671 
0.340249 	0.069561 	0.046146 	0.058529 	 0.007626 
0.339828 	0.064363 	0.042145 	0.055526 	 0.007037 
0.328703 	0.066475 	0.044123 	0.055035 	 0.008328 
0.347860 	0.059360 	0.039582 	0.048446 	 0.006628 
0.333557 	0.071339 	0.047495 	0.057062 	 0.007670 
0.333340 	0.069115 	0.046043 	0.056317 	 0.008464 
0.333504 	0.075044 	0.049586 	0.059014 	 0.007159 
0.333046 	0.069246 	0.045976 	0.057047 	 0.008174 
0.322959 	0.079210 	0.052059 	0.064988 	 0.008591 
0.335389 	0.073218 	0.049218 	0.057699 	 0.008734 
0.320103 	0.080707 	0.053525 	0.062811 	 0.008963 
0.311710 	0.089144 	0.058785 	0.070816 	 0.009121 
0.315158 	0.079447 	0.052564 	0.061587 	 0.008993 
0.311260 	0.090948 	0.060472 	0.068923 	 0.009578 
0.323906 	0.067372 	0.044649 	0.055200 	 0.007798 
0.329043 	0.075092 	0.050003 	0.059199 	 0.008005 
0.332356 	0.068262 	0.045216 	0.058866 	 0.007736 
0.324720 	0.076481 	0.051075 	0.058475 	 0.007699 
0.307747 	0.086241 	0.057228 	0.067241 	 0.009429 
0.314009 	0.081706 	0.054240 	0.063787 	 0.009275 
0.306706 	0.081951 	0.054056 	0.063808 	 0.008770 
0.310758 	0.082429 	0.054429 	0.065920 	 0.009153 
0.304881 	0.080032 	0.052451 	0.064449 	 0.008037 
0.320642 	0.073467 	0.049290 	0.056365 	 0.007961 
0.303683 	0.086775 	0.057297 	0.066640 	 0.008507 
0.308680 	0.081482 	0.054126 	0.062909 	 0.008762 
0.300694 	0.101553 	0.067568 	0.076099 	 0.009861 
0.300593 	0.097059 	0.064320 	0.074517 	 0.010040 
0.302768 	0.084822 	0.056481 	0.065746 	 0.009665 
0.298531 	0.092782 	0.061697 	0.070430 	 0.009378 
0.296092 	0.093707 	0.062466 	0.069768 	 0.010091 
0.297620 	0.086495 	0.057823 	0.066752 	 0.009746 
0.306190 	0.079117 	0.052361 	0.062083 	 0.008541 
0.301807 	0.085048 	0.057098 	0.063931 	 0.009561 
0.296938 	0.091339 	0.060833 	0.069097 	 0.009865 
0.299094 	0.091315 	0.060452 	0.070570 	 0.009062 
0.281634 	0.102152 	0.067946 	0.075567 	 0.011327 
0.290216 	0.098652 	0.065660 	0.071686 	 0.009678 
0.288067 	0.104765 	0.069259 	0.078460 	 0.009951 
0.282608 	0.097132 	0.064508 	0.073204 	 0.009968 
0.288682 	0.091585 	0.061309 	0.065727 	 0.009453 
0.286132 	0.095458 	0.063652 	0.070233 	 0.009743 
0.297561 	0.085555 	0.057326 	0.063473 	 0.009395 
0.295841 	0.088806 	0.059637 	0.066240 	 0.009628 
0.289334 	0.093942 	0.062385 	0.070375 	 0.009093 
0.291990 	0.088787 	0.059677 	0.064720 	 0.009842 
0.288883 	0.097345 	0.065354 	0.068552 	 0.009927 
0.284558 	0.104925 	0.070073 	0.076178 	 0.010492 
0.283755 	0.100593 	0.067014 	0.074193 	 0.010244 
0.284182 	0.094061 	0.063009 	0.069501 	 0.010176 
0.281448 	0.106926 	0.071362 	0.077313 	 0.010274 
0.279793 	0.102298 	0.068292 	0.073378 	 0.010085 
0.285194 	0.095803 	0.063986 	0.068173 	 0.008861 
0.271996 	0.106677 	0.071139 	0.075769 	 0.010524 
0.286926 	0.083839 	0.056328 	0.060605 	 0.009165 
0.276319 	0.108030 	0.072400 	0.077792 	 0.010804 
0.274743 	0.098647 	0.065644 	0.072118 	 0.009710 
0.270215 	0.110862 	0.073942 	0.079154 	 0.010699 
0.285605 	0.093676 	0.063139 	0.067083 	 0.009566 
0.271022 	0.106301 	0.071235 	0.075206 	 0.010468 
0.273668 	0.103400 	0.068921 	0.075433 	 0.010208 
0.271734 	0.104900 	0.069847 	0.077114 	 0.010533 
0.279501 	0.092665 	0.061826 	0.069390 	 0.009625 
0.275609 	0.104005 	0.070197 	0.072696 	 0.010576 
0.269743 	0.101734 	0.068491 	0.070670 	 0.010593 
0.274490 	0.105865 	0.071115 	0.075000 	 0.010071 
0.257915 	0.116511 	0.077941 	0.082629 	 0.011517 
0.265500 	0.112852 	0.075364 	0.080193 	 0.010623 
0.262212 	0.103920 	0.069868 	0.072535 	 0.010662 
0.278601 	0.101571 	0.068193 	0.071120 	 0.009997 
0.268156 	0.103201 	0.069227 	0.075028 	 0.010824 
0.263769 	0.112972 	0.075927 	0.079416 	 0.011379 
0.273856 	0.097860 	0.065775 	0.068006 	 0.009415 
0.259834 	0.106581 	0.072061 	0.072269 	 0.010883 
0.256721 	0.110088 	0.073920 	0.077001 	 0.011089 
0.258465 	0.118239 	0.079640 	0.079818 	 0.011345 
0.239331 	0.127564 	0.085425 	0.087294 	 0.011787 
0.257239 	0.110062 	0.074110 	0.075490 	 0.010786 
0.259521 	0.102823 	0.069329 	0.070171 	 0.010744 
0.253274 	0.121124 	0.081160 	0.083181 	 0.011136 
0.262644 	0.106170 	0.071603 	0.073334 	 0.010246 
0.258581 	0.104602 	0.070610 	0.070535 	 0.009998 
0.246853 	0.121781 	0.082098 	0.079400 	 0.010908 
0.253730 	0.117356 	0.078889 	0.076726 	 0.010396 
0.269614 	0.102929 	0.070389 	0.065167 	 0.009339 
0.261468 	0.111771 	0.076167 	0.071190 	 0.010290 
0.260424 	0.104886 	0.070501 	0.073219 	 0.010045 
0.237499 	0.125495 	0.084184 	0.083919 	 0.011298 
0.262740 	0.119046 	0.080230 	0.079818 	 0.010160 
0.248694 	0.113299 	0.076948 	0.072890 	 0.010999 
0.255717 	0.118211 	0.080330 	0.076103 	 0.010647 
0.245157 	0.119300 	0.080638 	0.076985 	 0.010977 
0.227342 	0.131611 	0.088509 	0.086856 	 0.011967 
0.244945 	0.118227 	0.079533 	0.079718 	 0.010721 
0.237881 	0.126754 	0.085198 	0.082988 	 0.011072 
0.237187 	0.126337 	0.085387 	0.080433 	 0.011291 
0.246644 	0.124009 	0.083777 	0.082076 	 0.011262 
0.239684 	0.123198 	0.083190 	0.081934 	 0.011619 
0.246803 	0.120182 	0.081774 	0.075119 	 0.010773 
0.221852 	0.132116 	0.089071 	0.085826 	 0.012183 
0.231617 	0.132918 	0.089835 	0.085889 	 0.011929 
0.231519 	0.125974 	0.084893 	0.084162 	 0.011723 
0.233293 	0.120901 	0.081461 	0.078398 	 0.010863 
0.239876 	0.116261 	0.078780 	0.074585 	 0.010953 
0.225980 	0.136162 	0.092108 	0.086376 	 0.012074 
0.232740 	0.127975 	0.087089 	0.080356 	 0.012031 
0.226148 	0.138021 	0.093186 	0.088714 	 0.011873 
0.241249 	0.107491 	0.073357 	0.065780 	 0.009546 
0.235446 	0.119095 	0.081140 	0.076645 	 0.011455 
0.227445 	0.136106 	0.091936 	0.089654 	 0.012501 
0.217808 	0.132505 	0.089656 	0.084577 	 0.012255 
0.213861 	0.136312 	0.091754 	0.089749 	 0.012608 
0.233662 	0.132611 	0.090072 	0.082318 	 0.011268 
0.217470 	0.136784 	0.092582 	0.087214 	 0.012262 
0.224174 	0.122065 	0.082928 	0.075578 	 0.011071 
0.209586 	0.150782 	0.101815 	0.096120 	 0.013229 
0.211914 	0.139762 	0.094544 	0.086694 	 0.012045 
0.206054 	0.139408 	0.094599 	0.086555 	 0.013005 
0.211391 	0.146663 	0.099558 	0.092262 	 0.013056 
0.221423 	0.128260 	0.087839 	0.076024 	 0.011930 
0.202503 	0.142990 	0.096748 	0.088655 	 0.012800 
0.204263 	0.154446 	0.104701 	0.096056 	 0.013542 
0.219060 	0.134556 	0.091480 	0.083341 	 0.012289 
0.208640 	0.143891 	0.098032 	0.088152 	 0.013220 
0.203067 	0.139752 	0.094867 	0.086477 	 0.012739 
0.196498 	0.155406 	0.105264 	0.095923 	 0.013301 
0.207722 	0.137102 	0.093051 	0.087643 	 0.013162 
0.207461 	0.145912 	0.099254 	0.087325 	 0.012510 
0.200008 	0.147916 	0.100134 	0.092248 	 0.012741 
0.209904 	0.134542 	0.091642 	0.080017 	 0.011200 
0.199319 	0.146725 	0.099798 	0.089423 	 0.013197 
0.205492 	0.143681 	0.097571 	0.088577 	 0.012824 
0.185948 	0.165380 	0.111773 	0.103124 	 0.013960 
0.190820 	0.156897 	0.106222 	0.097371 	 0.014002 
0.193373 	0.143204 	0.097544 	0.083850 	 0.012174 
0.198073 	0.147756 	0.100549 	0.088404 	 0.012982 
0.191714 	0.151395 	0.102852 	0.094514 	 0.013853 
0.209075 	0.143079 	0.097937 	0.084699 	 0.012264 
0.193906 	0.145974 	0.099465 	0.089386 	 0.013475 
0.191476 	0.144022 	0.098130 	0.086416 	 0.012583 
0.185003 	0.154477 	0.105543 	0.090661 	 0.013671 
0.180643 	0.154337 	0.104540 	0.093264 	 0.013320 
0.199043 	0.140016 	0.095958 	0.082879 	 0.012582 
0.192429 	0.147739 	0.100663 	0.089282 	 0.012482 
0.189028 	0.149640 	0.102456 	0.086232 	 0.013091 
0.189306 	0.151139 	0.102956 	0.090619 	 0.012993 
0.186223 	0.148623 	0.101478 	0.087789 	 0.013288 
0.180577 	0.167528 	0.113920 	0.100492 	 0.014037 
0.187098 	0.153107 	0.104413 	0.090978 	 0.012851 
0.172752 	0.169443 	0.115131 	0.102902 	 0.015217 
0.183699 	0.156658 	0.106913 	0.092428 	 0.013053 
0.176815 	0.167714 	0.114278 	0.098917 	 0.014391 
0.186822 	0.149885 	0.102415 	0.087655 	 0.012202 
0.184660 	0.152910 	0.104761 	0.087320 	 0.012532 
0.173526 	0.170833 	0.116284 	0.103679 	 0.014866 
0.177746 	0.160268 	0.109329 	0.094312 	 0.013502 
0.179490 	0.151357 	0.103361 	0.088943 	 0.012858 
0.162673 	0.160913 	0.110043 	0.095344 	 0.014836 
0.173681 	0.160766 	0.110178 	0.092491 	 0.013598 
0.159655 	0.173107 	0.117341 	0.104964 	 0.014601 
0.167842 	0.166770 	0.114185 	0.095514 	 0.013770 
0.164317 	0.166122 	0.113439 	0.098418 	 0.014562 
0.187122 	0.153633 	0.105690 	0.085376 	 0.012288 
0.177284 	0.155339 	0.106728 	0.088589 	 0.012884 
0.169562 	0.157266 	0.107955 	0.089793 	 0.013575 
0.164930 	0.164155 	0.112093 	0.095743 	 0.014054 
0.169947 	0.165948 	0.113567 	0.096039 	 0.013887 
0.164108 	0.167127 	0.114455 	0.096231 	 0.014066 
0.171889 	0.160868 	0.110226 	0.093598 	 0.013445 
0.169766 	0.171578 	0.117017 	0.100697 	 0.014116 
0.171270 	0.156807 	0.108051 	0.087502 	 0.013800 
0.161511 	0.172455 	0.118185 	0.099178 	 0.014902 
0.161455 	0.155846 	0.106962 	0.087657 	 0.013060 
0.161774 	0.171860 	0.117818 	0.097938 	 0.013899 
0.164640 	0.164877 	0.112602 	0.096296 	 0.013567 
0.156020 	0.166136 	0.113486 	0.094904 	 0.013577 
0.160249 	0.167990 	0.115076 	0.098017 	 0.014539 
0.155427 	0.169248 	0.115848 	0.098273 	 0.014513 
0.150109 	0.173690 	0.119221 	0.097578 	 0.014583 
0.147944 	0.174308 	0.119192 	0.100971 	 0.014788 
0.167321 	0.168252 	0.115961 	0.094355 	 0.014057 
0.169233 	0.161960 	0.111375 	0.093052 	 0.013446 
0.156847 	0.176440 	0.121114 	0.099068 	 0.014108 
0.146461 	0.179230 	0.122670 	0.102045 	 0.014854 
0.141253 	0.186602 	0.127823 	0.108926 	 0.016016 
0.149347 	0.180465 	0.123747 	0.100846 	 0.014947 
0.148618 	0.175122 	0.120298 	0.098983 	 0.014535 
0.149766 	0.173663 	0.118861 	0.098382 	 0.014146 
0.141100 	0.181784 	0.124745 	0.101391 	 0.014599 
0.148796 	0.179791 	0.123259 	0.102343 	 0.014537 
0.143950 	0.176763 	0.121281 	0.100442 	 0.014731 
0.159292 	0.159628 	0.110513 	0.085694 	 0.013689 
0.146663 	0.179258 	0.122989 	0.101702 	 0.014843 
0.159561 	0.163030 	0.112705 	0.086064 	 0.012901 
0.147559 	0.171488 	0.118351 	0.094168 	 0.014253 
0.142567 	0.175957 	0.121005 	0.097176 	 0.014643 
0.148536 	0.170858 	0.117958 	0.090962 	 0.013805 
0.152382 	0.178418 	0.123211 	0.098115 	 0.014418 
0.152649 	0.171903 	0.118360 	0.094119 	 0.013915 
0.147425 	0.179426 	0.123468 	0.098731 	 0.014671 
0.142129 	0.187057 	0.128428 	0.106377 	 0.015317 
0.150082 	0.169234 	0.116952 	0.092941 	 0.013908 
0.148118 	0.171252 	0.118936 	0.091669 	 0.014645 
0.144828 	0.180105 	0.124012 	0.101735 	 0.014609 
0.139323 	0.183325 	0.126362 	0.102662 	 0.015128 
0.127738 	0.195796 	0.134220 	0.108777 	 0.015418 
0.143105 	0.171897 	0.119236 	0.093531 	 0.014553 
0.152381 	0.168878 	0.117281 	0.089607 	 0.013696 
0.133890 	0.187751 	0.129114 	0.103113 	 0.014804 
0.128496 	0.178518 	0.123429 	0.096165 	 0.014850 
0.147964 	0.174247 	0.120872 	0.090021 	 0.013578 
0.133383 	0.178225 	0.123137 	0.095039 	 0.014330 
0.134298 	0.173093 	0.120126 	0.090230 	 0.014370 
0.134219 	0.179440 	0.124195 	0.095846 	 0.014708 
0.147514 	0.177619 	0.122621 	0.097705 	 0.013963 
0.123887 	0.197339 	0.135912 	0.105939 	 0.015557 
0.146381 	0.177612 	0.122940 	0.094367 	 0.013602 
0.137723 	0.180043 	0.124527 	0.095881 	 0.014055 
0.132255 	0.178780 	0.124337 	0.093086 	 0.014948 
0.128243 	0.182584 	0.126391 	0.096733 	 0.014668 
0.147451 	0.160015 	0.111869 	0.081619 	 0.013352 
0.123556 	0.181008 	0.124543 	0.100061 	 0.014718 
0.126117 	0.188772 	0.130682 	0.098364 	 0.014854 
0.127229 	0.189142 	0.130841 	0.102046 	 0.015247 
0.128742 	0.189514 	0.130961 	0.103692 	 0.014978 
0.131836 	0.178705 	0.124057 	0.093740 	 0.014031 
0.125146 	0.190915 	0.132284 	0.101482 	 0.015374 
0.126162 	0.196773 	0.136177 	0.105291 	 0.015389 
0.128699 	0.172881 	0.120335 	0.090151 	 0.014160 
0.123013 	0.190086 	0.132073 	0.098623 	 0.015135 
0.126601 	0.180210 	0.125412 	0.092952 	 0.014468 
0.128454 	0.185238 	0.129042 	0.095124 	 0.014911 
0.138722 	0.180860 	0.125894 	0.094826 	 0.014763 
0.120928 	0.187958 	0.130173 	0.099594 	 0.015531 
0.102153 	0.196058 	0.135689 	0.103431 	 0.016060 
0.116022 	0.198883 	0.137816 	0.104193 	 0.015650 
0.121257 	0.187144 	0.130267 	0.095324 	 0.014956 
0.112863 	0.204380 	0.141614 	0.107578 	 0.015967 
0.110549 	0.194836 	0.134695 	0.103674 	 0.015525 
0.128005 	0.185493 	0.129026 	0.095988 	 0.014479 
0.127507 	0.191716 	0.133477 	0.100389 	 0.015126 
0.133163 	0.173862 	0.121699 	0.087669 	 0.014184 
0.122003 	0.192972 	0.133758 	0.100958 	 0.014653 
0.104771 	0.199362 	0.138727 	0.102881 	 0.015834 
0.111372 	0.195171 	0.135895 	0.100119 	 0.015407 
0.118198 	0.190325 	0.132864 	0.096396 	 0.015028 
0.121699 	0.192371 	0.134341 	0.097673 	 0.014841 
0.121888 	0.191959 	0.133790 	0.100895 	 0.014887 
0.119302 	0.188597 	0.131265 	0.099687 	 0.015220 
0.111241 	0.185262 	0.129389 	0.093667 	 0.014865 
0.120452 	0.184471 	0.128999 	0.090770 	 0.014365 
0.106034 	0.183742 	0.128153 	0.094466 	 0.014793 
0.122754 	0.188490 	0.131815 	0.096345 	 0.014470 
0.117204 	0.191196 	0.133437 	0.095992 	 0.014615 
0.100589 	0.207437 	0.143891 	0.110670 	 0.016510 
0.101356 	0.195006 	0.135938 	0.098786 	 0.016055 
0.100199 	0.201190 	0.140476 	0.103445 	 0.016742 
0.103484 	0.200348 	0.139458 	0.103635 	 0.015999 
0.114115 	0.191609 	0.134061 	0.095901 	 0.015047 
0.108658 	0.197235 	0.137332 	0.102228 	 0.015624 
0.118563 	0.182938 	0.128551 	0.088728 	 0.014364 
0.119783 	0.178492 	0.125204 	0.087101 	 0.013190 
0.103118 	0.203668 	0.142139 	0.103243 	 0.015892 
0.104981 	0.196234 	0.137104 	0.098947 	 0.015539 
0.110705 	0.189481 	0.133053 	0.093285 	 0.014949 
0.106936 	0.193766 	0.135541 	0.097018 	 0.015268 
0.104218 	0.201917 	0.140992 	0.103428 	 0.016032 
0.117817 	0.178996 	0.126123 	0.085395 	 0.014043 
0.114929 	0.191511 	0.134320 	0.094028 	 0.014761 
0.099145 	0.200965 	0.140110 	0.101456 	 0.015523 
0.102709 	0.198421 	0.138982 	0.098666 	 0.015552 
0.116454 	0.183770 	0.129075 	0.090605 	 0.014339 
0.095452 	0.186911 	0.131874 	0.088531 	 0.015282 
0.101765 	0.200407 	0.139903 	0.103711 	 0.015842 
0.094048 	0.203304 	0.141935 	0.102997 	 0.015815 
0.091348 	0.205675 	0.143634 	0.106163 	 0.016243 
0.107715 	0.185134 	0.130330 	0.089668 	 0.014332 
0.113390 	0.178191 	0.126018 	0.084895 	 0.014454 
0.099438 	0.200955 	0.140624 	0.100111 	 0.014887 
0.100463 	0.191347 	0.134741 	0.092096 	 0.015121 
0.100571 	0.190944 	0.134332 	0.091974 	 0.014514 
0.098415 	0.204894 	0.143277 	0.103830 	 0.016075 
0.101056 	0.198435 	0.139256 	0.098408 	 0.016007 
0.096859 	0.193953 	0.136752 	0.091435 	 0.014960 
0.101223 	0.198336 	0.139494 	0.099719 	 0.016032 
0.096482 	0.196665 	0.138214 	0.095857 	 0.015394 
0.084610 	0.209578 	0.146536 	0.105925 	 0.016814 
0.099955 	0.202225 	0.142562 	0.098568 	 0.016424 
0.095484 	0.197105 	0.138802 	0.095604 	 0.016154 
0.099263 	0.204001 	0.143506 	0.097904 	 0.015370 
0.093175 	0.195633 	0.137731 	0.094211 	 0.015440 
0.099152 	0.197760 	0.138981 	0.097053 	 0.015202 
0.109583 	0.183698 	0.130345 	0.085118 	 0.014467 
0.101178 	0.191943 	0.135507 	0.092455 	 0.015204 
0.093619 	0.202795 	0.142942 	0.098226 	 0.015728 
0.100686 	0.189596 	0.134001 	0.090706 	 0.015094 
0.092760 	0.198800 	0.140433 	0.094613 	 0.015473 
0.092072 	0.202571 	0.142305 	0.099959 	 0.015609 
0.099775 	0.185085 	0.131443 	0.087887 	 0.015701 
0.090231 	0.203577 	0.143413 	0.098513 	 0.016099 
0.109087 	0.187515 	0.132941 	0.088510 	 0.014187 
0.089841 	0.195026 	0.137970 	0.092440 	 0.015507 
0.089081 	0.189321 	0.134230 	0.088498 	 0.015325 
0.093724 	0.189606 	0.134433 	0.088668 	 0.015281 
0.099126 	0.193294 	0.136942 	0.089809 	 0.015080 
0.086342 	0.201286 	0.142161 	0.095305 	 0.015473 
0.111365 	0.188493 	0.133810 	0.088101 	 0.014105 
0.084626 	0.204967 	0.144657 	0.097172 	 0.015752 
0.094916 	0.193594 	0.137179 	0.091066 	 0.015321 
0.099563 	0.188856 	0.134752 	0.083702 	 0.014911 
0.087868 	0.199985 	0.141905 	0.091882 	 0.015570 
0.070922 	0.216817 	0.152363 	0.106735 	 0.017094 
0.087426 	0.205135 	0.144822 	0.097816 	 0.015550 
0.095928 	0.198755 	0.140818 	0.091204 	 0.015008 
0.078549 	0.204342 	0.144420 	0.095760 	 0.015861 
0.096763 	0.198351 	0.140881 	0.092510 	 0.015637 
0.081276 	0.202744 	0.143252 	0.097055 	 0.016109 
0.084195 	0.213877 	0.150809 	0.102803 	 0.016225 
0.081605 	0.207939 	0.146777 	0.100016 	 0.016086 
0.084561 	0.206074 	0.145841 	0.098406 	 0.015885 
0.096533 	0.197512 	0.140176 	0.092921 	 0.014778 
0.086617 	0.200202 	0.142288 	0.092237 	 0.015595 
0.093106 	0.195833 	0.140351 	0.087370 	 0.015843 
0.084807 	0.198395 	0.140943 	0.093168 	 0.016226 
0.077142 	0.212693 	0.150100 	0.104399 	 0.016581 
0.076975 	0.207546 	0.146884 	0.098818 	 0.015974 
0.082834 	0.209017 	0.148139 	0.098932 	 0.016003 
0.085683 	0.204404 	0.145573 	0.092111 	 0.015729 
0.083130 	0.209506 	0.148443 	0.098033 	 0.015743 
0.086720 	0.201955 	0.143832 	0.090948 	 0.014860 
0.094185 	0.189450 	0.135482 	0.084810 	 0.014344 
0.087128 	0.205495 	0.146117 	0.093899 	 0.015552 
0.083699 	0.207500 	0.147484 	0.096143 	 0.015616 
0.076629 	0.206560 	0.146580 	0.096677 	 0.015685 
0.090959 	0.200426 	0.143047 	0.091201 	 0.015450 
0.095007 	0.192520 	0.137938 	0.086858 	 0.015280 
0.081850 	0.198938 	0.142296 	0.085521 	 0.015236 
0.071804 	0.209862 	0.149708 	0.095554 	 0.016841 
0.077417 	0.204783 	0.145734 	0.093517 	 0.015650 
0.078452 	0.212713 	0.150671 	0.100417 	 0.015443 
0.084099 	0.198520 	0.141987 	0.087715 	 0.014902 
0.061812 	0.214362 	0.151753 	0.100245 	 0.016350 
0.082083 	0.206266 	0.147110 	0.094124 	 0.015679 
0.080850 	0.196432 	0.140414 	0.090377 	 0.015244 
0.071944 	0.215413 	0.152973 	0.101309 	 0.017071 
0.068906 	0.221798 	0.157399 	0.103840 	 0.017058 
0.088393 	0.202427 	0.144824 	0.092344 	 0.015899 
0.083590 	0.199313 	0.142506 	0.088803 	 0.015050 
0.064680 	0.220088 	0.156146 	0.104281 	 0.017026 
0.088036 	0.199773 	0.143271 	0.086931 	 0.014508 
0.083213 	0.200285 	0.143448 	0.090290 	 0.015592 
0.067738 	0.225536 	0.159521 	0.108174 	 0.016679 
0.078375 	0.211189 	0.150506 	0.096242 	 0.015332 
0.073111 	0.207300 	0.148262 	0.092098 	 0.015675 
0.069954 	0.206744 	0.147804 	0.094550 	 0.016009 
0.063822 	0.222016 	0.158140 	0.104729 	 0.017565 
0.064173 	0.220401 	0.156831 	0.101599 	 0.016609 
0.074672 	0.210005 	0.150498 	0.092489 	 0.015848 
0.079369 	0.206001 	0.147517 	0.091745 	 0.015534 
0.064157 	0.221989 	0.157846 	0.105170 	 0.017638 
0.077488 	0.203192 	0.146210 	0.087888 	 0.016086 
0.062254 	0.224877 	0.160018 	0.104007 	 0.017168 
0.063827 	0.212987 	0.152679 	0.094322 	 0.017285 
0.075820 	0.208041 	0.149028 	0.094400 	 0.016074 
0.065825 	0.212900 	0.151842 	0.097556 	 0.016612 
0.068807 	0.217104 	0.154888 	0.097819 	 0.016020 
0.087604 	0.198650 	0.143327 	0.086931 	 0.015636 
0.073606 	0.211579 	0.152198 	0.091894 	 0.016369 
0.078898 	0.197518 	0.141940 	0.084272 	 0.014006 
0.066515 	0.216283 	0.154622 	0.098949 	 0.016936 
0.061418 	0.212885 	0.152637 	0.095736 	 0.016301 
0.071293 	0.204242 	0.146903 	0.089319 	 0.015334 
0.082705 	0.195200 	0.140911 	0.084053 	 0.014956 
0.058317 	0.221333 	0.158275 	0.100634 	 0.016881 
0.082286 	0.203283 	0.146473 	0.088322 	 0.015208 
0.073440 	0.206082 	0.148576 	0.087921 	 0.015929 
0.074846 	0.210431 	0.151595 	0.091930 	 0.015974 
0.068090 	0.200537 	0.145554 	0.082594 	 0.016671 
0.063564 	0.216221 	0.155180 	0.095358 	 0.016115 
0.083720 	0.201158 	0.145635 	0.084233 	 0.015361 
0.067689 	0.216164 	0.155029 	0.096133 	 0.015604 
0.071481 	0.198291 	0.143653 	0.082735 	 0.014913 
0.070695 	0.215654 	0.154914 	0.093897 	 0.015619 
0.067956 	0.213183 	0.153641 	0.092475 	 0.016360 
0.066737 	0.220290 	0.157988 	0.099660 	 0.016655 
0.082472 	0.196412 	0.142703 	0.079609 	 0.014503 
0.074113 	0.203641 	0.147658 	0.085383 	 0.015621 
0.068098 	0.201300 	0.145641 	0.085185 	 0.015379 
0.054534 	0.214300 	0.154157 	0.093406 	 0.016215 
0.059554 	0.213133 	0.153040 	0.095312 	 0.016158 
0.065531 	0.204248 	0.147751 	0.086851 	 0.015673 
0.064864 	0.204174 	0.147523 	0.088467 	 0.014995 
0.067693 	0.205095 	0.148603 	0.086023 	 0.015802 
0.070283 	0.203395 	0.147386 	0.085849 	 0.015351 
0.077926 	0.202865 	0.147445 	0.084162 	 0.015864 
0.080711 	0.209243 	0.151443 	0.088879 	 0.015480 
0.071774 	0.203003 	0.146867 	0.087680 	 0.015234 
0.072978 	0.201198 	0.146657 	0.080391 	 0.015446 
0.067926 	0.216236 	0.156401 	0.090305 	 0.015707 
0.062832 	0.209332 	0.151573 	0.087641 	 0.015627 
0.080699 	0.197353 	0.144047 	0.082170 	 0.015635 
0.056287 	0.217202 	0.156854 	0.092822 	 0.016430 
0.071895 	0.208800 	0.151219 	0.088383 	 0.015279 
0.075336 	0.206587 	0.149866 	0.086945 	 0.014737 
0.076326 	0.204256 	0.148796 	0.084894 	 0.015997 
0.062932 	0.219264 	0.158332 	0.095265 	 0.016416 
0.073877 	0.201228 	0.146561 	0.082352 	 0.015572 
0.079457 	0.197523 	0.144132 	0.081852 	 0.015655 
0.075822 	0.205059 	0.149283 	0.085435 	 0.015991 
0.062235 	0.217600 	0.157348 	0.094176 	 0.016001 
0.076612 	0.195073 	0.142939 	0.076884 	 0.014992 
0.065885 	0.209629 	0.152752 	0.084847 	 0.016260 
0.054529 	0.208265 	0.151786 	0.084580 	 0.016653 
0.085095 	0.194730 	0.142747 	0.076978 	 0.014253 
0.065743 	0.206032 	0.149871 	0.087404 	 0.015572 
0.061543 	0.225122 	0.162874 	0.096609 	 0.016613 
0.063525 	0.210127 	0.152584 	0.089377 	 0.015741 
0.062776 	0.206927 	0.150715 	0.085147 	 0.015265 
0.073421 	0.204127 	0.149111 	0.083269 	 0.015396 
0.053402 	0.218103 	0.158382 	0.093119 	 0.017380 
0.054095 	0.211875 	0.154228 	0.089120 	 0.016844 
0.071446 	0.208511 	0.152764 	0.083110 	 0.016206 
0.054128 	0.234961 	0.168943 	0.107374 	 0.017754 
0.061212 	0.202599 	0.148203 	0.083450 	 0.015996 
0.081776 	0.201288 	0.147926 	0.079250 	 0.015243 
0.069529 	0.202788 	0.148645 	0.081993 	 0.016006 
0.067772 	0.217018 	0.157762 	0.091460 	 0.015744 
0.084565 	0.197820 	0.145602 	0.076218 	 0.014448 
0.052361 	0.225882 	0.163955 	0.095866 	 0.017114 
0.079635 	0.205259 	0.150859 	0.079478 	 0.014806 
0.060852 	0.216116 	0.157209 	0.092404 	 0.016926 
0.076703 	0.210760 	0.154047 	0.087259 	 0.015615 
0.055536 	0.216046 	0.158112 	0.086504 	 0.016846 
0.057212 	0.213617 	0.156144 	0.087560 	 0.016728 
0.063551 	0.219183 	0.159630 	0.093627 	 0.016636 
0.061038 	0.214021 	0.156210 	0.090533 	 0.016501 
0.059588 	0.208443 	0.152430 	0.086522 	 0.016158 
0.055966 	0.211018 	0.154366 	0.088251 	 0.016667 
0.063043 	0.218190 	0.159268 	0.090235 	 0.016455 
0.078183 	0.199106 	0.147437 	0.074092 	 0.015351 
0.075881 	0.213838 	0.156617 	0.087957 	 0.015711 
0.070560 	0.213372 	0.156277 	0.088076 	 0.015980 
0.080283 	0.199364 	0.147180 	0.077824 	 0.015035 
0.081462 	0.191145 	0.142323 	0.070218 	 0.015058 
0.074767 	0.204219 	0.150519 	0.079926 	 0.015801 
0.079958 	0.193190 	0.143592 	0.072058 	 0.015301 
0.089017 	0.193746 	0.143906 	0.073866 	 0.014381 
0.079065 	0.209003 	0.153721 	0.085401 	 0.016262 
0.084407 	0.189132 	0.140693 	0.072601 	 0.014957 
0.082656 	0.201694 	0.149446 	0.077498 	 0.015423 
0.074518 	0.210122 	0.154693 	0.083746 	 0.015842 
0.070776 	0.205583 	0.152142 	0.080236 	 0.016403 
0.076197 	0.207538 	0.153160 	0.084351 	 0.016604 
0.092114 	0.196882 	0.146592 	0.074147 	 0.014768 
0.072309 	0.205443 	0.151581 	0.081393 	 0.015998 
0.080891 	0.196569 	0.146273 	0.074039 	 0.015718 
0.080794 	0.193182 	0.143976 	0.071906 	 0.015326 
0.090286 	0.198050 	0.147410 	0.072469 	 0.014063 
0.095793 	0.197976 	0.147092 	0.075293 	 0.014430 
0.087120 	0.189300 	0.141312 	0.069587 	 0.013947 
0.079833 	0.198618 	0.147444 	0.077069 	 0.015706 
0.070157 	0.211727 	0.156436 	0.084619 	 0.016520 
0.074915 	0.202818 	0.151014 	0.075306 	 0.015271 
0.082964 	0.206406 	0.153018 	0.080681 	 0.015690 
0.085670 	0.194852 	0.145561 	0.071834 	 0.014641 
0.098402 	0.187217 	0.141009 	0.063926 	 0.013875 
0.094459 	0.194163 	0.145071 	0.070812 	 0.014388 
0.089861 	0.196837 	0.147333 	0.072851 	 0.015245 
0.098273 	0.180772 	0.136587 	0.062287 	 0.014005 
0.087303 	0.201950 	0.150422 	0.077245 	 0.014337 
0.073952 	0.214184 	0.158526 	0.083996 	 0.016463 
0.105442 	0.186538 	0.140496 	0.066691 	 0.013575 
0.084499 	0.199690 	0.149262 	0.076277 	 0.015976 
0.076700 	0.203135 	0.151872 	0.075922 	 0.015757 
0.094206 	0.189627 	0.142653 	0.068384 	 0.014526 
0.088270 	0.199197 	0.149339 	0.073682 	 0.015595 
0.084230 	0.199845 	0.149391 	0.075140 	 0.015271 
0.088519 	0.204119 	0.151925 	0.080886 	 0.015532 
0.087539 	0.192326 	0.144590 	0.070791 	 0.015144 
0.096288 	0.181190 	0.137274 	0.062917 	 0.014175 
0.088468 	0.203448 	0.152414 	0.075149 	 0.015598 
0.076692 	0.203949 	0.152336 	0.076247 	 0.015325 
0.098068 	0.189282 	0.143255 	0.066915 	 0.014374 
0.101268 	0.185108 	0.140294 	0.067239 	 0.014845 
0.090716 	0.205189 	0.153465 	0.077235 	 0.015346 
0.085660 	0.204137 	0.152551 	0.076546 	 0.015264 
0.098418 	0.188153 	0.142745 	0.063893 	 0.014247 
0.087895 	0.197811 	0.149058 	0.071140 	 0.015490 
0.092841 	0.199130 	0.149673 	0.072094 	 0.015044 
0.101162 	0.183800 	0.139846 	0.062403 	 0.014761 
0.099655 	0.183219 	0.139343 	0.063045 	 0.014705 
0.105318 	0.184468 	0.140669 	0.059601 	 0.014024 
0.089430 	0.199371 	0.150020 	0.072884 	 0.015162 
0.112081 	0.171305 	0.132028 	0.052908 	 0.013585 
0.092896 	0.198055 	0.148752 	0.075760 	 0.015380 
0.107440 	0.187426 	0.142376 	0.063193 	 0.013503 
0.086525 	0.208764 	0.155747 	0.082404 	 0.015630 
0.096587 	0.191989 	0.145271 	0.066669 	 0.014157 
0.099789 	0.195029 	0.147576 	0.070625 	 0.014532 
0.096627 	0.191995 	0.145111 	0.067812 	 0.014051 
0.107020 	0.186397 	0.141848 	0.063765 	 0.013549 
0.105030 	0.191101 	0.144866 	0.065524 	 0.013838 
0.101275 	0.185522 	0.141233 	0.064590 	 0.013994 
0.108183 	0.189643 	0.144682 	0.063641 	 0.014075 
0.109383 	0.176696 	0.136355 	0.054077 	 0.013825 
0.089791 	0.203950 	0.152935 	0.077646 	 0.014890 
0.103118 	0.196477 	0.148663 	0.073520 	 0.015768 
0.074586 	0.214877 	0.161066 	0.081881 	 0.016313 
0.099736 	0.183967 	0.140940 	0.060735 	 0.014334 
0.106601 	0.180411 	0.139017 	0.057563 	 0.014187 
0.098207 	0.190510 	0.145431 	0.065726 	 0.015249 
0.098662 	0.192948 	0.147104 	0.065760 	 0.014883 
0.076183 	0.218753 	0.163580 	0.085418 	 0.016897 
0.087235 	0.200896 	0.152366 	0.073056 	 0.016253 
0.088399 	0.192841 	0.146997 	0.064766 	 0.015174 
0.095921 	0.195972 	0.149375 	0.067000 	 0.015401 
0.092442 	0.198454 	0.150892 	0.069345 	 0.015326 
0.090629 	0.195637 	0.149112 	0.068450 	 0.014891 
0.083172 	0.197976 	0.150604 	0.067645 	 0.015208 
0.076646 	0.202352 	0.153526 	0.071092 	 0.015796 
0.106113 	0.180803 	0.139251 	0.058856 	 0.013525 
0.100233 	0.185606 	0.142216 	0.061737 	 0.013395 
0.100155 	0.186497 	0.143104 	0.061124 	 0.013757 
0.085502 	0.191031 	0.146158 	0.063743 	 0.015238 
0.100975 	0.184696 	0.142206 	0.060691 	 0.013818 
0.087857 	0.186898 	0.143214 	0.064655 	 0.015603 
0.093088 	0.195919 	0.148884 	0.071245 	 0.014713 
0.082333 	0.196598 	0.150369 	0.068071 	 0.015796 
0.095816 	0.193174 	0.148082 	0.065479 	 0.015235 
0.092814 	0.182360 	0.140901 	0.059671 	 0.014878 
0.083980 	0.194868 	0.148781 	0.068448 	 0.015613 
0.082082 	0.191055 	0.146645 	0.062758 	 0.015112 
0.083759 	0.196964 	0.150559 	0.069331 	 0.016160 
0.089338 	0.195497 	0.149830 	0.068640 	 0.015599 
0.091036 	0.187885 	0.144715 	0.059083 	 0.014820 
0.114400 	0.175250 	0.136701 	0.054600 	 0.013362 
0.091494 	0.200996 	0.153236 	0.068968 	 0.014938 
0.090555 	0.176735 	0.137338 	0.053587 	 0.014189 
0.106832 	0.181465 	0.141142 	0.056247 	 0.014465 
0.098966 	0.178354 	0.138962 	0.053490 	 0.013964 
0.092983 	0.193597 	0.148820 	0.063598 	 0.014693 
0.092928 	0.192663 	0.148602 	0.062990 	 0.015566 
0.103299 	0.182228 	0.141255 	0.059602 	 0.014171 
0.093019 	0.181794 	0.140861 	0.060901 	 0.014943 
0.090271 	0.197316 	0.151661 	0.064753 	 0.015242 
0.101612 	0.179503 	0.139895 	0.056159 	 0.014452 
0.100663 	0.174087 	0.136221 	0.052744 	 0.013854 
0.095764 	0.190601 	0.147202 	0.062100 	 0.014774 
0.089682 	0.196258 	0.150899 	0.066886 	 0.015750 
0.097282 	0.184738 	0.143820 	0.055024 	 0.014673 
0.089379 	0.176990 	0.138082 	0.054112 	 0.014237 
0.110416 	0.175090 	0.137574 	0.052701 	 0.013645 
0.078215 	0.196889 	0.151572 	0.067555 	 0.016105 
0.097164 	0.184237 	0.143140 	0.059229 	 0.013804 
0.094115 	0.181723 	0.141794 	0.056539 	 0.015040 
0.087553 	0.187033 	0.145525 	0.058661 	 0.015692 
0.093333 	0.189972 	0.147788 	0.059531 	 0.015408 
0.100625 	0.174022 	0.136663 	0.054726 	 0.014385 
0.070768 	0.208526 	0.159283 	0.074252 	 0.016240 
