di 	gli 	gal 	gos3 	 gos4 
0.421609 	0.024219 	0.014589 	0.015796 	 -0.002115 
0.416101 	0.039109 	0.024291 	0.029687 	 -0.000317 
0.442924 	0.029171 	0.016713 	0.036303 	 -0.001256 
0.419153 	0.051785 	0.031676 	0.051841 	 0.000725 
0.428319 	0.052443 	0.031942 	0.052589 	 0.000168 
0.420929 	0.060235 	0.037284 	0.057364 	 0.000700 
0.410584 	0.060752 	0.037487 	0.059087 	 0.001263 
0.429111 	0.048808 	0.029833 	0.048913 	 -0.000080 
0.424575 	0.058283 	0.035918 	0.055309 	 0.000215 
0.418245 	0.058511 	0.035597 	0.057017 	 0.000182 
0.422628 	0.047607 	0.028696 	0.049917 	 0.000302 
0.408317 	0.059016 	0.035992 	0.058387 	 0.001367 
0.410479 	0.057926 	0.035060 	0.056666 	 0.000568 
0.415528 	0.049682 	0.029766 	0.053897 	 0.000616 
0.397783 	0.078170 	0.048692 	0.069339 	 0.001734 
0.416491 	0.060235 	0.036533 	0.062324 	 0.001281 
0.407223 	0.062273 	0.038432 	0.058824 	 0.001549 
0.412693 	0.068562 	0.042276 	0.064470 	 0.001060 
0.403104 	0.061507 	0.037777 	0.059488 	 0.001149 
0.404955 	0.060819 	0.037644 	0.058266 	 0.001909 
0.396964 	0.074985 	0.046437 	0.069501 	 0.002573 
0.401928 	0.071784 	0.045039 	0.062675 	 0.001792 
0.408841 	0.059501 	0.036429 	0.056809 	 0.000558 
0.386924 	0.078076 	0.048588 	0.072441 	 0.003380 
0.408033 	0.063577 	0.038819 	0.063291 	 0.001214 
0.394165 	0.077333 	0.048009 	0.070050 	 0.002277 
0.397247 	0.070389 	0.043821 	0.064939 	 0.002452 
0.393627 	0.069297 	0.042832 	0.066050 	 0.002281 
0.401716 	0.060356 	0.037331 	0.058271 	 0.002069 
0.389055 	0.080505 	0.050375 	0.072234 	 0.003160 
0.386685 	0.077135 	0.048060 	0.071283 	 0.002978 
0.386201 	0.078001 	0.048274 	0.074376 	 0.003381 
0.387264 	0.077550 	0.048134 	0.072626 	 0.002979 
0.390585 	0.074867 	0.046462 	0.069896 	 0.002852 
0.393812 	0.071838 	0.044392 	0.066911 	 0.002378 
0.394693 	0.067138 	0.041737 	0.062905 	 0.002384 
0.387380 	0.074565 	0.046040 	0.071333 	 0.002947 
0.384765 	0.075225 	0.046717 	0.071622 	 0.003098 
0.382723 	0.078641 	0.048782 	0.074960 	 0.003361 
0.374114 	0.085703 	0.053412 	0.077849 	 0.004136 
0.377876 	0.077806 	0.048255 	0.070506 	 0.003085 
0.367864 	0.082550 	0.051377 	0.073661 	 0.003716 
0.368244 	0.098037 	0.061211 	0.087690 	 0.004516 
0.383515 	0.078176 	0.048619 	0.072308 	 0.003325 
0.383085 	0.077174 	0.048228 	0.072682 	 0.003967 
0.378121 	0.081053 	0.050470 	0.075970 	 0.003617 
0.360213 	0.099821 	0.062745 	0.087112 	 0.005249 
0.369815 	0.086616 	0.054099 	0.076879 	 0.003705 
0.371803 	0.084161 	0.052729 	0.075158 	 0.003597 
0.362958 	0.098881 	0.062157 	0.084400 	 0.004301 
0.374226 	0.083289 	0.051761 	0.074843 	 0.002916 
0.362108 	0.084936 	0.053128 	0.075685 	 0.003915 
0.361626 	0.091237 	0.057370 	0.080137 	 0.004234 
0.374005 	0.087598 	0.055618 	0.074099 	 0.003854 
0.361478 	0.089122 	0.055867 	0.077711 	 0.004137 
0.348798 	0.099856 	0.062905 	0.085731 	 0.005109 
0.355576 	0.098630 	0.062317 	0.084553 	 0.004975 
0.354391 	0.095912 	0.060499 	0.082092 	 0.004733 
0.342409 	0.106836 	0.067184 	0.091222 	 0.005023 
0.364587 	0.089149 	0.056040 	0.080687 	 0.004910 
0.358228 	0.092451 	0.058594 	0.080919 	 0.004620 
0.344622 	0.109281 	0.069108 	0.093014 	 0.005692 
0.353607 	0.092460 	0.058087 	0.082266 	 0.004372 
0.357760 	0.091054 	0.057090 	0.081101 	 0.004591 
0.348439 	0.098737 	0.062198 	0.086119 	 0.005563 
0.329730 	0.116466 	0.073892 	0.097277 	 0.006896 
0.347711 	0.089672 	0.056164 	0.079473 	 0.004538 
0.342311 	0.101218 	0.063706 	0.088700 	 0.005190 
0.340042 	0.106968 	0.067704 	0.090952 	 0.006090 
0.335585 	0.110308 	0.070048 	0.093348 	 0.006600 
0.357814 	0.096897 	0.061109 	0.085603 	 0.004631 
0.344446 	0.097094 	0.061098 	0.083513 	 0.005145 
0.342906 	0.107395 	0.067932 	0.093253 	 0.005891 
0.335875 	0.115796 	0.073523 	0.097349 	 0.006363 
0.338727 	0.109568 	0.069382 	0.093488 	 0.006038 
0.346188 	0.100882 	0.063744 	0.086152 	 0.005557 
0.335538 	0.110373 	0.069854 	0.092795 	 0.005763 
0.348480 	0.102661 	0.064915 	0.088004 	 0.005237 
0.346959 	0.098829 	0.062720 	0.083721 	 0.005327 
0.327770 	0.114230 	0.072408 	0.094533 	 0.006410 
0.348031 	0.093893 	0.059238 	0.080264 	 0.004339 
0.327019 	0.107846 	0.068412 	0.089966 	 0.006243 
0.334706 	0.101511 	0.064377 	0.086484 	 0.005960 
0.337585 	0.101823 	0.065338 	0.083459 	 0.006017 
0.344076 	0.092427 	0.058255 	0.080758 	 0.004740 
0.344229 	0.098599 	0.062746 	0.084722 	 0.005959 
0.327735 	0.111187 	0.070951 	0.090583 	 0.006249 
0.328418 	0.102376 	0.065214 	0.085824 	 0.006093 
0.325705 	0.110840 	0.070199 	0.094040 	 0.005940 
0.332895 	0.105197 	0.066622 	0.088955 	 0.005554 
0.342360 	0.097713 	0.062113 	0.083041 	 0.005338 
0.330691 	0.104934 	0.066770 	0.088384 	 0.006026 
0.331157 	0.110750 	0.070278 	0.092855 	 0.006488 
0.323931 	0.120935 	0.077088 	0.101020 	 0.007146 
0.328402 	0.104111 	0.066073 	0.089950 	 0.006232 
0.334783 	0.099542 	0.063227 	0.083956 	 0.005816 
0.320156 	0.121847 	0.077737 	0.099723 	 0.007512 
0.336158 	0.104823 	0.066661 	0.089996 	 0.006279 
0.331151 	0.107720 	0.068999 	0.087777 	 0.006126 
0.319293 	0.115209 	0.073446 	0.095826 	 0.007398 
0.330171 	0.109211 	0.069733 	0.090091 	 0.006132 
0.317505 	0.121431 	0.078001 	0.094690 	 0.007080 
0.322307 	0.113678 	0.072559 	0.093584 	 0.006652 
0.322536 	0.110330 	0.070333 	0.090581 	 0.006475 
0.327589 	0.112963 	0.072119 	0.092524 	 0.005765 
0.322966 	0.109410 	0.070062 	0.089448 	 0.006664 
0.323224 	0.107468 	0.068578 	0.088011 	 0.006173 
0.325332 	0.117585 	0.075502 	0.095832 	 0.006893 
0.318140 	0.113419 	0.072809 	0.092337 	 0.006882 
0.317773 	0.118833 	0.076498 	0.094727 	 0.007022 
0.311631 	0.131128 	0.084681 	0.100724 	 0.007768 
0.323315 	0.122603 	0.078581 	0.098533 	 0.006810 
0.313993 	0.126491 	0.081361 	0.102737 	 0.008044 
0.328408 	0.110563 	0.070864 	0.088059 	 0.006100 
0.319020 	0.110467 	0.070620 	0.089624 	 0.006617 
0.307426 	0.127876 	0.082359 	0.098130 	 0.006939 
0.315642 	0.120885 	0.077470 	0.098324 	 0.007544 
0.315938 	0.116466 	0.074942 	0.093005 	 0.007402 
0.320284 	0.114426 	0.073681 	0.092772 	 0.007319 
0.317744 	0.113352 	0.072708 	0.090423 	 0.006095 
0.315144 	0.114588 	0.073671 	0.092274 	 0.007055 
0.320366 	0.119301 	0.076577 	0.096322 	 0.006477 
0.301436 	0.139354 	0.090127 	0.107187 	 0.008552 
0.298027 	0.137019 	0.088278 	0.106490 	 0.007972 
0.285022 	0.148728 	0.095486 	0.116466 	 0.008727 
0.298801 	0.139969 	0.090367 	0.109372 	 0.008554 
0.297916 	0.134322 	0.086257 	0.107684 	 0.008040 
0.317099 	0.119676 	0.077626 	0.090923 	 0.006656 
0.304329 	0.135925 	0.088384 	0.102738 	 0.008398 
0.307576 	0.123956 	0.079971 	0.096088 	 0.006645 
0.297032 	0.137765 	0.088921 	0.108384 	 0.008414 
0.287194 	0.141171 	0.091417 	0.107819 	 0.008975 
0.302094 	0.128516 	0.082934 	0.099783 	 0.007318 
0.304001 	0.133359 	0.086185 	0.105196 	 0.008054 
0.304614 	0.132773 	0.085801 	0.103622 	 0.007902 
0.305842 	0.118799 	0.076323 	0.094363 	 0.006846 
0.285647 	0.136903 	0.088856 	0.104477 	 0.008710 
0.296553 	0.139319 	0.090774 	0.104086 	 0.008387 
0.311238 	0.131874 	0.085423 	0.098509 	 0.006435 
0.296438 	0.134411 	0.087120 	0.102922 	 0.008110 
0.287432 	0.137813 	0.089004 	0.106771 	 0.008913 
0.279604 	0.147777 	0.095198 	0.115382 	 0.008936 
0.291256 	0.130950 	0.084681 	0.101493 	 0.008260 
0.308342 	0.122188 	0.079429 	0.092747 	 0.006973 
0.305956 	0.129538 	0.084195 	0.099519 	 0.007504 
0.296602 	0.141408 	0.092291 	0.105063 	 0.008315 
0.286639 	0.142547 	0.092716 	0.105707 	 0.008245 
0.291175 	0.139976 	0.090878 	0.103650 	 0.007962 
0.283596 	0.139235 	0.090336 	0.106021 	 0.009000 
0.288927 	0.127761 	0.083216 	0.094925 	 0.007783 
0.290203 	0.140645 	0.091211 	0.106267 	 0.008488 
0.293042 	0.130815 	0.084894 	0.097740 	 0.007509 
0.281003 	0.141005 	0.091501 	0.103531 	 0.007744 
0.296818 	0.132387 	0.085898 	0.102198 	 0.007862 
0.289253 	0.131578 	0.085845 	0.097737 	 0.008342 
0.293178 	0.135292 	0.087838 	0.102447 	 0.008338 
0.285981 	0.138533 	0.090503 	0.102036 	 0.008473 
0.274170 	0.149051 	0.097232 	0.109114 	 0.009227 
0.292024 	0.135299 	0.088345 	0.098568 	 0.007729 
0.286723 	0.135517 	0.088368 	0.100586 	 0.007879 
0.291555 	0.134689 	0.087821 	0.099618 	 0.007471 
0.283035 	0.137175 	0.089156 	0.101436 	 0.007731 
0.283885 	0.145598 	0.094846 	0.106232 	 0.007820 
0.280678 	0.148452 	0.096430 	0.111118 	 0.008957 
0.298093 	0.136620 	0.089426 	0.100268 	 0.007695 
0.286454 	0.137928 	0.090102 	0.099437 	 0.007877 
0.276859 	0.150417 	0.098149 	0.110330 	 0.009138 
0.285147 	0.147533 	0.096339 	0.107500 	 0.008192 
0.274191 	0.146773 	0.095875 	0.107278 	 0.008589 
0.276652 	0.152225 	0.099755 	0.109895 	 0.009119 
0.294413 	0.134886 	0.088043 	0.100940 	 0.007816 
0.265746 	0.154616 	0.100951 	0.111682 	 0.009470 
0.276490 	0.150952 	0.098694 	0.110045 	 0.009249 
0.273436 	0.148183 	0.096611 	0.109191 	 0.009036 
0.276599 	0.155191 	0.101646 	0.111595 	 0.009168 
0.268474 	0.160648 	0.105255 	0.114071 	 0.009147 
0.272070 	0.158448 	0.103710 	0.116494 	 0.009790 
0.259889 	0.158880 	0.103664 	0.113867 	 0.009179 
0.280670 	0.145207 	0.094926 	0.105614 	 0.008586 
0.274855 	0.154792 	0.101420 	0.111338 	 0.008959 
0.270230 	0.153117 	0.100618 	0.107829 	 0.008692 
0.261167 	0.158140 	0.104100 	0.110632 	 0.010176 
0.279187 	0.143062 	0.094067 	0.102234 	 0.008734 
0.257239 	0.174387 	0.114283 	0.124648 	 0.010476 
0.252999 	0.169550 	0.111325 	0.120553 	 0.011012 
0.266946 	0.153259 	0.101008 	0.106568 	 0.009654 
0.262052 	0.157576 	0.103451 	0.112039 	 0.009645 
0.263246 	0.151653 	0.099771 	0.108764 	 0.010057 
0.266912 	0.155286 	0.101630 	0.111967 	 0.009643 
0.265288 	0.164758 	0.108196 	0.120475 	 0.010617 
0.253295 	0.172064 	0.113225 	0.118080 	 0.010199 
0.251174 	0.174591 	0.114645 	0.122640 	 0.010814 
0.259897 	0.170507 	0.111888 	0.121627 	 0.010574 
0.255950 	0.174644 	0.115021 	0.121591 	 0.010880 
0.262277 	0.165953 	0.109541 	0.113700 	 0.010081 
0.270492 	0.154989 	0.102178 	0.107650 	 0.008933 
0.259172 	0.158885 	0.104785 	0.109826 	 0.009883 
0.261007 	0.167268 	0.110045 	0.114591 	 0.009322 
0.267240 	0.160731 	0.106318 	0.109801 	 0.009579 
0.267140 	0.161884 	0.107028 	0.111653 	 0.009752 
0.254210 	0.161442 	0.106459 	0.110332 	 0.009599 
0.259466 	0.172134 	0.113306 	0.119144 	 0.009456 
0.262665 	0.170817 	0.112678 	0.117532 	 0.009704 
0.255329 	0.165395 	0.109166 	0.114646 	 0.010277 
0.264886 	0.163255 	0.107946 	0.114869 	 0.009840 
0.267877 	0.158891 	0.105304 	0.108676 	 0.009425 
0.245073 	0.173726 	0.114662 	0.119714 	 0.010607 
0.250731 	0.171841 	0.113640 	0.115361 	 0.010229 
0.256981 	0.165332 	0.109284 	0.113085 	 0.009738 
0.245648 	0.175715 	0.116117 	0.120118 	 0.010677 
0.261000 	0.161626 	0.107103 	0.109567 	 0.009000 
0.253610 	0.171834 	0.113706 	0.116829 	 0.009916 
0.254410 	0.172088 	0.113638 	0.115826 	 0.009476 
0.257613 	0.162475 	0.107793 	0.110771 	 0.010061 
0.252105 	0.166706 	0.110361 	0.114192 	 0.010193 
0.256743 	0.158380 	0.104865 	0.107239 	 0.009028 
0.245281 	0.175220 	0.116132 	0.118043 	 0.010709 
0.256665 	0.163859 	0.108669 	0.110190 	 0.009418 
0.246327 	0.171974 	0.113502 	0.117095 	 0.009718 
0.255838 	0.161185 	0.107140 	0.108361 	 0.009609 
0.247530 	0.178228 	0.118177 	0.119594 	 0.010600 
0.254898 	0.161828 	0.107545 	0.109855 	 0.009861 
0.249977 	0.164761 	0.109397 	0.110924 	 0.010043 
0.253740 	0.162990 	0.108545 	0.109039 	 0.009917 
0.252597 	0.171170 	0.113578 	0.115032 	 0.010142 
0.245432 	0.174539 	0.116000 	0.115911 	 0.010204 
0.245897 	0.171252 	0.113520 	0.116616 	 0.010678 
0.249205 	0.165934 	0.110443 	0.109886 	 0.010046 
0.242525 	0.172990 	0.114947 	0.116078 	 0.010789 
0.237814 	0.174390 	0.115676 	0.117236 	 0.010498 
0.242055 	0.178830 	0.118772 	0.121056 	 0.010769 
0.237017 	0.172193 	0.114618 	0.113056 	 0.010718 
0.239282 	0.181051 	0.120224 	0.119546 	 0.010912 
0.237076 	0.177595 	0.117717 	0.120774 	 0.011284 
0.237658 	0.187868 	0.124780 	0.123245 	 0.010851 
0.229795 	0.176076 	0.117254 	0.114648 	 0.011405 
0.233939 	0.182456 	0.120677 	0.120875 	 0.010843 
0.240762 	0.167767 	0.111909 	0.108299 	 0.010110 
0.245557 	0.173521 	0.115562 	0.114257 	 0.010244 
0.234734 	0.178916 	0.119245 	0.115315 	 0.010759 
0.242810 	0.171549 	0.114645 	0.111012 	 0.010211 
0.244073 	0.170983 	0.114284 	0.109632 	 0.010372 
0.230587 	0.178249 	0.118123 	0.119248 	 0.010580 
0.224585 	0.193261 	0.128072 	0.130674 	 0.012140 
0.229357 	0.181134 	0.120424 	0.119895 	 0.010978 
0.238274 	0.170024 	0.113925 	0.106832 	 0.010321 
0.220393 	0.193298 	0.128882 	0.124550 	 0.011978 
0.233612 	0.173761 	0.116001 	0.111652 	 0.010492 
0.236605 	0.184740 	0.123200 	0.117505 	 0.010449 
0.236064 	0.183727 	0.122451 	0.119405 	 0.010433 
0.233435 	0.184212 	0.123047 	0.119199 	 0.011356 
0.224986 	0.187442 	0.125398 	0.119922 	 0.011817 
0.235172 	0.181173 	0.121000 	0.116292 	 0.010378 
0.232071 	0.194715 	0.130383 	0.124186 	 0.011901 
0.219115 	0.193693 	0.129496 	0.123080 	 0.012243 
0.231889 	0.190113 	0.127294 	0.119947 	 0.010742 
0.211119 	0.204307 	0.136268 	0.131373 	 0.012334 
0.221644 	0.197393 	0.132309 	0.124546 	 0.012437 
0.215385 	0.195951 	0.131039 	0.123091 	 0.011845 
0.230112 	0.188107 	0.126238 	0.118192 	 0.011419 
0.224533 	0.203796 	0.135863 	0.131770 	 0.011759 
0.209899 	0.197415 	0.131715 	0.126119 	 0.011992 
0.222088 	0.198652 	0.132533 	0.126947 	 0.011560 
0.244398 	0.182341 	0.122640 	0.113257 	 0.009871 
0.228728 	0.178257 	0.119663 	0.110387 	 0.010394 
0.218859 	0.196434 	0.131574 	0.123391 	 0.011629 
0.225706 	0.186845 	0.125501 	0.117768 	 0.011554 
0.228116 	0.186277 	0.124306 	0.119961 	 0.010448 
0.219652 	0.196492 	0.131914 	0.125097 	 0.012561 
0.216450 	0.195109 	0.131060 	0.123226 	 0.012506 
0.228111 	0.188691 	0.126673 	0.118858 	 0.011243 
0.219480 	0.193226 	0.129823 	0.121716 	 0.012220 
0.208466 	0.201762 	0.135306 	0.125872 	 0.012387 
0.198552 	0.223347 	0.149399 	0.140217 	 0.013680 
0.214716 	0.204070 	0.136570 	0.130994 	 0.012500 
0.219225 	0.184686 	0.124420 	0.111774 	 0.011166 
0.218334 	0.196146 	0.131293 	0.125060 	 0.011542 
0.219422 	0.197135 	0.132959 	0.120037 	 0.012185 
0.212736 	0.197838 	0.132931 	0.123040 	 0.012236 
0.225113 	0.194156 	0.130811 	0.119333 	 0.011215 
0.232288 	0.183116 	0.123691 	0.112035 	 0.010784 
0.207028 	0.203332 	0.136702 	0.128184 	 0.012525 
0.211516 	0.193475 	0.130707 	0.116360 	 0.011784 
0.214394 	0.202653 	0.136388 	0.126693 	 0.012203 
0.213666 	0.205790 	0.138531 	0.127088 	 0.012185 
0.218655 	0.200415 	0.134793 	0.125663 	 0.012289 
0.219633 	0.204383 	0.137412 	0.126659 	 0.011319 
0.200946 	0.209728 	0.140910 	0.130194 	 0.012484 
0.213212 	0.205316 	0.138133 	0.127445 	 0.012144 
0.209823 	0.205845 	0.138832 	0.125477 	 0.012393 
0.205709 	0.209619 	0.141510 	0.127082 	 0.012592 
0.211126 	0.196869 	0.133275 	0.118635 	 0.012492 
0.204743 	0.206453 	0.139017 	0.126546 	 0.012113 
0.208359 	0.202322 	0.136497 	0.122500 	 0.011845 
0.209691 	0.201196 	0.135227 	0.125685 	 0.011691 
0.213729 	0.204564 	0.138774 	0.121684 	 0.012102 
0.207880 	0.210615 	0.142235 	0.127086 	 0.012311 
0.203713 	0.211261 	0.142774 	0.125820 	 0.012309 
0.196931 	0.219001 	0.147775 	0.130941 	 0.012848 
0.210671 	0.203500 	0.137551 	0.120482 	 0.011879 
0.214936 	0.196354 	0.132992 	0.117891 	 0.011673 
0.198804 	0.208445 	0.140746 	0.127313 	 0.012696 
0.204109 	0.203906 	0.137785 	0.124710 	 0.012590 
0.208892 	0.203715 	0.137668 	0.121460 	 0.011540 
0.203432 	0.205897 	0.139416 	0.123265 	 0.012612 
0.199615 	0.210828 	0.142710 	0.127434 	 0.013286 
0.207522 	0.200541 	0.135810 	0.119810 	 0.011657 
0.208849 	0.206353 	0.139990 	0.122372 	 0.011954 
0.203174 	0.210158 	0.142336 	0.124669 	 0.011898 
0.203677 	0.208677 	0.141527 	0.122931 	 0.012303 
0.216516 	0.191950 	0.130731 	0.110915 	 0.010976 
0.218017 	0.197284 	0.134049 	0.114930 	 0.010895 
0.210723 	0.190252 	0.129531 	0.110158 	 0.011053 
0.201715 	0.204115 	0.138143 	0.122620 	 0.012612 
0.200368 	0.207859 	0.140496 	0.127299 	 0.012559 
0.207032 	0.204963 	0.139098 	0.120570 	 0.011722 
0.205658 	0.196209 	0.133287 	0.115938 	 0.011930 
0.201290 	0.201193 	0.136592 	0.117817 	 0.011649 
0.203224 	0.205071 	0.139176 	0.120566 	 0.011711 
0.202591 	0.204031 	0.138895 	0.119257 	 0.012568 
0.201054 	0.203874 	0.138132 	0.122016 	 0.012551 
0.199280 	0.208266 	0.141104 	0.124066 	 0.012267 
0.205300 	0.204644 	0.139408 	0.117110 	 0.011685 
0.194076 	0.213740 	0.144746 	0.126990 	 0.012255 
0.202376 	0.199714 	0.135890 	0.117405 	 0.012158 
0.192697 	0.202788 	0.137635 	0.119323 	 0.011992 
0.185271 	0.214411 	0.145439 	0.124998 	 0.012215 
0.201336 	0.203060 	0.138090 	0.117827 	 0.012005 
0.197554 	0.205422 	0.139570 	0.120871 	 0.012342 
0.203787 	0.206971 	0.140920 	0.120319 	 0.011884 
0.205705 	0.205062 	0.140182 	0.115674 	 0.011684 
0.198079 	0.212533 	0.145072 	0.120203 	 0.012148 
0.201870 	0.204297 	0.139492 	0.118331 	 0.011988 
0.189465 	0.223118 	0.151384 	0.132270 	 0.012778 
0.197265 	0.203754 	0.139234 	0.116031 	 0.012061 
0.195840 	0.209778 	0.142796 	0.122758 	 0.012719 
0.200340 	0.207775 	0.141559 	0.120694 	 0.011481 
0.207417 	0.198211 	0.135435 	0.112337 	 0.011201 
0.186875 	0.224343 	0.152671 	0.130164 	 0.013184 
0.200283 	0.201559 	0.138050 	0.114329 	 0.011876 
0.183501 	0.216853 	0.147876 	0.124874 	 0.013040 
0.189216 	0.222874 	0.152007 	0.129265 	 0.013181 
0.187588 	0.220214 	0.150336 	0.126229 	 0.013298 
0.198685 	0.204307 	0.139946 	0.112523 	 0.011414 
0.175784 	0.216560 	0.148042 	0.123513 	 0.013929 
0.178541 	0.217137 	0.148112 	0.123540 	 0.013349 
0.195217 	0.211481 	0.144458 	0.119273 	 0.012474 
0.185924 	0.219119 	0.149482 	0.124669 	 0.012981 
0.166037 	0.233608 	0.158645 	0.136000 	 0.014789 
0.181538 	0.215236 	0.147300 	0.120932 	 0.012981 
0.179599 	0.224149 	0.152979 	0.128182 	 0.013510 
0.185859 	0.210314 	0.144007 	0.118492 	 0.012621 
0.172821 	0.229039 	0.156005 	0.132785 	 0.013894 
0.183252 	0.217408 	0.149088 	0.122406 	 0.013642 
0.179265 	0.224215 	0.152998 	0.126615 	 0.013553 
0.182003 	0.220194 	0.150716 	0.123478 	 0.013037 
0.178237 	0.215119 	0.147305 	0.121363 	 0.013047 
0.190719 	0.210595 	0.144664 	0.115790 	 0.012346 
0.178499 	0.218484 	0.149977 	0.121394 	 0.013245 
0.178220 	0.225184 	0.153907 	0.126094 	 0.013518 
0.173977 	0.230262 	0.157401 	0.130347 	 0.013633 
0.171267 	0.230863 	0.157412 	0.131666 	 0.013832 
0.170197 	0.226159 	0.154958 	0.125616 	 0.013918 
0.187231 	0.221890 	0.152323 	0.123258 	 0.012875 
0.174799 	0.228356 	0.156935 	0.124706 	 0.013758 
0.173541 	0.224528 	0.154042 	0.123665 	 0.013565 
0.179530 	0.221945 	0.152494 	0.121865 	 0.012900 
0.194820 	0.208375 	0.143708 	0.113749 	 0.012405 
0.186621 	0.218789 	0.150239 	0.121213 	 0.013077 
0.167517 	0.234028 	0.160654 	0.130385 	 0.014446 
0.184488 	0.218876 	0.150596 	0.120029 	 0.013112 
0.167859 	0.222334 	0.153053 	0.121422 	 0.013688 
0.180799 	0.226555 	0.155705 	0.123313 	 0.012765 
0.185016 	0.216376 	0.148905 	0.117161 	 0.011874 
0.171165 	0.231232 	0.158599 	0.128381 	 0.013483 
0.160689 	0.236061 	0.162175 	0.129759 	 0.014670 
0.177972 	0.235604 	0.162264 	0.127421 	 0.014060 
0.176747 	0.232520 	0.159701 	0.128248 	 0.013362 
0.174163 	0.224530 	0.154715 	0.123324 	 0.014180 
0.178465 	0.222210 	0.152608 	0.123003 	 0.012653 
0.167687 	0.231535 	0.158923 	0.129824 	 0.014189 
0.177663 	0.227950 	0.156916 	0.125406 	 0.013614 
0.171304 	0.229186 	0.157669 	0.126663 	 0.013870 
0.178979 	0.231960 	0.159592 	0.128905 	 0.014193 
0.182572 	0.227713 	0.157277 	0.123006 	 0.013657 
0.174849 	0.231341 	0.159415 	0.125249 	 0.013837 
0.166164 	0.239046 	0.164401 	0.133359 	 0.014837 
0.177177 	0.220714 	0.152758 	0.115555 	 0.013106 
0.168487 	0.233912 	0.161036 	0.126925 	 0.013873 
0.169833 	0.232290 	0.159960 	0.126573 	 0.014096 
0.168835 	0.236794 	0.163121 	0.128940 	 0.014476 
0.184298 	0.218319 	0.151213 	0.116043 	 0.012915 
0.166821 	0.233794 	0.161370 	0.128051 	 0.014878 
0.166818 	0.236085 	0.162782 	0.126462 	 0.013644 
0.171212 	0.233965 	0.161503 	0.124086 	 0.013338 
0.156329 	0.242150 	0.166748 	0.130502 	 0.014474 
0.163989 	0.240087 	0.165422 	0.131135 	 0.015094 
0.172814 	0.234782 	0.162066 	0.126963 	 0.013998 
0.176145 	0.232376 	0.160697 	0.123797 	 0.013494 
0.158788 	0.233767 	0.161494 	0.124229 	 0.014150 
0.178613 	0.239267 	0.165384 	0.127399 	 0.013381 
0.167037 	0.237768 	0.163785 	0.130265 	 0.013529 
0.173407 	0.229438 	0.158981 	0.121207 	 0.013160 
0.164852 	0.228468 	0.158102 	0.122411 	 0.013864 
0.157959 	0.242539 	0.167596 	0.130176 	 0.014682 
0.159542 	0.248074 	0.170782 	0.134127 	 0.014230 
0.172822 	0.226987 	0.157422 	0.119463 	 0.012957 
0.188203 	0.218554 	0.152662 	0.111265 	 0.012506 
0.167091 	0.234908 	0.162863 	0.123431 	 0.013577 
0.165946 	0.242828 	0.167809 	0.128895 	 0.013973 
0.156120 	0.241080 	0.166484 	0.129874 	 0.014228 
0.156695 	0.246224 	0.170284 	0.131015 	 0.014534 
0.170092 	0.235869 	0.163492 	0.122795 	 0.013887 
0.148394 	0.248608 	0.171659 	0.133205 	 0.015142 
0.156699 	0.239845 	0.166075 	0.125087 	 0.014189 
0.166272 	0.237293 	0.164509 	0.123932 	 0.013491 
0.170812 	0.233679 	0.162514 	0.121015 	 0.013546 
0.172592 	0.232170 	0.161481 	0.120424 	 0.013566 
0.162486 	0.245942 	0.170270 	0.132258 	 0.014931 
0.172804 	0.233272 	0.162304 	0.118649 	 0.012829 
0.149371 	0.250521 	0.173476 	0.131508 	 0.015210 
0.154737 	0.249870 	0.173172 	0.130266 	 0.014428 
0.164036 	0.228388 	0.159012 	0.116634 	 0.013340 
0.170622 	0.228611 	0.158689 	0.117966 	 0.012377 
0.159402 	0.233036 	0.162201 	0.121164 	 0.014025 
0.163374 	0.241690 	0.168089 	0.125165 	 0.014062 
0.163328 	0.227214 	0.158339 	0.115562 	 0.013052 
0.157827 	0.236557 	0.164135 	0.124777 	 0.013740 
0.151589 	0.244378 	0.169081 	0.131086 	 0.014321 
0.154232 	0.244306 	0.169637 	0.128714 	 0.014552 
0.155752 	0.238240 	0.165568 	0.125864 	 0.014283 
0.154298 	0.235502 	0.163877 	0.121773 	 0.013855 
0.157559 	0.241539 	0.167509 	0.128760 	 0.014277 
0.161594 	0.239420 	0.166786 	0.121442 	 0.013331 
0.155241 	0.242328 	0.168399 	0.126487 	 0.014380 
0.147502 	0.246032 	0.170818 	0.128916 	 0.014745 
0.164163 	0.228091 	0.159478 	0.116722 	 0.013617 
0.138906 	0.259014 	0.179236 	0.138095 	 0.015486 
0.156119 	0.243524 	0.169529 	0.125589 	 0.014395 
0.138909 	0.261881 	0.181331 	0.139063 	 0.015211 
0.151037 	0.242497 	0.168979 	0.122783 	 0.014153 
0.153121 	0.241506 	0.168023 	0.126958 	 0.014497 
0.159482 	0.240839 	0.168107 	0.121751 	 0.014127 
0.149462 	0.248021 	0.172966 	0.127122 	 0.014324 
0.167064 	0.229150 	0.160552 	0.116361 	 0.013428 
0.160356 	0.240327 	0.167704 	0.123802 	 0.014199 
0.159745 	0.232766 	0.163261 	0.116093 	 0.013489 
0.159638 	0.231156 	0.162360 	0.114464 	 0.013514 
0.154067 	0.249189 	0.173659 	0.127039 	 0.013824 
0.153468 	0.247006 	0.171989 	0.130284 	 0.014456 
0.152976 	0.248148 	0.173399 	0.124612 	 0.014017 
0.150605 	0.248262 	0.173361 	0.126330 	 0.014771 
0.137899 	0.258993 	0.180256 	0.131101 	 0.014773 
0.137223 	0.260586 	0.180733 	0.136973 	 0.015318 
0.151097 	0.249327 	0.173847 	0.128047 	 0.015069 
0.157429 	0.234577 	0.164649 	0.116683 	 0.013811 
0.150739 	0.237219 	0.166284 	0.119797 	 0.014324 
0.153576 	0.244289 	0.170680 	0.123487 	 0.013977 
0.143437 	0.257119 	0.179516 	0.130981 	 0.015301 
0.144140 	0.250215 	0.174736 	0.127738 	 0.015058 
0.151537 	0.249382 	0.174970 	0.123866 	 0.015370 
0.137739 	0.253230 	0.176779 	0.127274 	 0.014899 
0.135875 	0.254284 	0.177742 	0.127712 	 0.015566 
0.162514 	0.233000 	0.163873 	0.111791 	 0.012685 
0.136859 	0.262902 	0.182955 	0.135357 	 0.015054 
0.132578 	0.259330 	0.180648 	0.134460 	 0.015608 
0.138135 	0.256654 	0.179330 	0.128572 	 0.015060 
0.151846 	0.245063 	0.172162 	0.119220 	 0.013936 
0.124050 	0.257402 	0.179934 	0.128287 	 0.016019 
0.141116 	0.253627 	0.177583 	0.123389 	 0.014155 
0.141806 	0.254154 	0.178307 	0.125384 	 0.015388 
0.134900 	0.257575 	0.180330 	0.128985 	 0.015285 
0.140738 	0.260044 	0.181858 	0.128791 	 0.014983 
0.133570 	0.250787 	0.176169 	0.123558 	 0.015562 
0.149827 	0.254772 	0.178833 	0.126634 	 0.014947 
0.137758 	0.257181 	0.180294 	0.128360 	 0.015991 
0.148929 	0.243885 	0.171616 	0.119700 	 0.014474 
0.151202 	0.242046 	0.170435 	0.117883 	 0.014166 
0.145637 	0.246780 	0.173852 	0.118949 	 0.014447 
0.131807 	0.265308 	0.185374 	0.133859 	 0.015535 
0.131560 	0.266059 	0.186337 	0.131450 	 0.015310 
0.134582 	0.262356 	0.183704 	0.130738 	 0.015876 
0.136159 	0.268867 	0.188041 	0.136372 	 0.015760 
0.145978 	0.255195 	0.179360 	0.125242 	 0.015043 
0.135358 	0.258694 	0.181821 	0.124535 	 0.014914 
0.128431 	0.261480 	0.183608 	0.129179 	 0.015700 
0.136974 	0.262594 	0.184318 	0.130522 	 0.015661 
0.125679 	0.267630 	0.187908 	0.134005 	 0.016725 
0.140232 	0.259004 	0.182005 	0.128245 	 0.015761 
0.126354 	0.268757 	0.188047 	0.135774 	 0.016542 
0.143082 	0.252815 	0.178214 	0.121826 	 0.015031 
0.141189 	0.262576 	0.184174 	0.132700 	 0.015406 
0.135464 	0.269654 	0.189088 	0.136304 	 0.016243 
0.135586 	0.262968 	0.185009 	0.127788 	 0.015639 
0.120933 	0.273669 	0.191745 	0.137729 	 0.016684 
0.144438 	0.251462 	0.177791 	0.119469 	 0.015022 
0.148775 	0.250763 	0.177524 	0.116815 	 0.014576 
0.139650 	0.258591 	0.182166 	0.126135 	 0.015444 
0.129177 	0.270388 	0.189845 	0.135612 	 0.016113 
0.128176 	0.277423 	0.194508 	0.138866 	 0.016682 
0.133515 	0.261666 	0.184598 	0.126683 	 0.016010 
0.107414 	0.285389 	0.199511 	0.145703 	 0.017625 
0.145229 	0.259086 	0.182688 	0.125455 	 0.014221 
0.141761 	0.254241 	0.179865 	0.120326 	 0.014378 
0.153924 	0.234007 	0.167044 	0.105748 	 0.013932 
0.131770 	0.262013 	0.185023 	0.126560 	 0.015520 
0.123239 	0.272992 	0.192375 	0.131068 	 0.015874 
0.134824 	0.269888 	0.189909 	0.131670 	 0.014961 
0.129953 	0.263814 	0.186509 	0.125131 	 0.015565 
0.140973 	0.265661 	0.187686 	0.128272 	 0.015593 
0.121994 	0.269171 	0.190157 	0.128451 	 0.015819 
0.130599 	0.266096 	0.188177 	0.126953 	 0.016046 
0.125956 	0.268909 	0.189982 	0.131076 	 0.016673 
0.128088 	0.266102 	0.188374 	0.125016 	 0.015783 
0.134588 	0.267325 	0.189175 	0.128171 	 0.016079 
0.128434 	0.272514 	0.192651 	0.130054 	 0.015947 
0.141605 	0.258737 	0.183248 	0.122676 	 0.015153 
0.132745 	0.266939 	0.188942 	0.125515 	 0.015462 
0.130439 	0.260863 	0.185126 	0.120123 	 0.014931 
0.127432 	0.271997 	0.192468 	0.130346 	 0.016252 
0.119078 	0.272867 	0.192604 	0.130649 	 0.016435 
0.130748 	0.261784 	0.185816 	0.121718 	 0.015126 
0.129155 	0.262628 	0.186528 	0.122832 	 0.015803 
0.115653 	0.278567 	0.197030 	0.133926 	 0.017265 
0.128453 	0.273646 	0.194107 	0.127484 	 0.015969 
0.128859 	0.272021 	0.192489 	0.128530 	 0.015698 
0.132013 	0.257529 	0.183122 	0.119327 	 0.014913 
0.128017 	0.275574 	0.194873 	0.133483 	 0.016207 
0.145863 	0.253255 	0.180301 	0.115890 	 0.014467 
0.123052 	0.276140 	0.195270 	0.135281 	 0.017164 
0.125591 	0.271163 	0.192023 	0.127594 	 0.015792 
0.112467 	0.287296 	0.202822 	0.137161 	 0.016917 
0.131139 	0.277492 	0.196564 	0.133453 	 0.016835 
0.133382 	0.261708 	0.186254 	0.121075 	 0.015777 
0.122144 	0.275081 	0.194783 	0.132268 	 0.016464 
0.138525 	0.266610 	0.189696 	0.123063 	 0.015434 
0.121401 	0.274776 	0.194948 	0.128754 	 0.016324 
0.123564 	0.273140 	0.193728 	0.128773 	 0.016104 
0.139210 	0.256907 	0.183376 	0.118075 	 0.015126 
0.120771 	0.274266 	0.194660 	0.130146 	 0.016667 
0.129734 	0.264999 	0.188699 	0.122279 	 0.015668 
0.120704 	0.272378 	0.193331 	0.128090 	 0.016343 
0.128066 	0.267517 	0.190804 	0.122169 	 0.016116 
0.121510 	0.272797 	0.193901 	0.128087 	 0.016294 
0.128619 	0.265984 	0.190056 	0.120826 	 0.016063 
0.136006 	0.255393 	0.182471 	0.115627 	 0.015021 
0.139833 	0.258920 	0.185001 	0.119351 	 0.015238 
0.128603 	0.280369 	0.199384 	0.131641 	 0.016642 
0.130260 	0.261561 	0.187287 	0.117049 	 0.015676 
0.113941 	0.280804 	0.199295 	0.134069 	 0.017144 
0.125206 	0.266854 	0.190541 	0.122842 	 0.016047 
0.117816 	0.277217 	0.196907 	0.132921 	 0.017070 
0.121069 	0.272260 	0.193534 	0.129676 	 0.016566 
0.122087 	0.276813 	0.197580 	0.126419 	 0.016979 
0.117567 	0.284933 	0.202837 	0.132293 	 0.017146 
0.122220 	0.276428 	0.196841 	0.127339 	 0.016289 
0.129627 	0.271773 	0.193838 	0.125810 	 0.015783 
0.112411 	0.286219 	0.203635 	0.134637 	 0.017731 
0.103838 	0.286696 	0.203509 	0.136048 	 0.017562 
0.127145 	0.268130 	0.191582 	0.122766 	 0.016026 
0.113709 	0.283887 	0.202198 	0.131443 	 0.016846 
0.125067 	0.277276 	0.197911 	0.127653 	 0.015700 
0.119957 	0.287030 	0.204091 	0.135167 	 0.016862 
0.119352 	0.281453 	0.200864 	0.129314 	 0.017000 
0.117407 	0.274619 	0.195871 	0.127150 	 0.016248 
0.125082 	0.276239 	0.197382 	0.126177 	 0.016252 
0.114196 	0.283206 	0.201536 	0.133027 	 0.017469 
0.128110 	0.269147 	0.193000 	0.121466 	 0.016314 
0.107014 	0.277446 	0.198533 	0.126252 	 0.017371 
0.117945 	0.279514 	0.199715 	0.129216 	 0.017227 
0.114253 	0.270351 	0.193945 	0.121910 	 0.016906 
0.110122 	0.276085 	0.196937 	0.127979 	 0.016492 
0.113170 	0.264171 	0.189909 	0.115346 	 0.016038 
0.120100 	0.271580 	0.194124 	0.126502 	 0.016264 
0.130432 	0.257240 	0.185560 	0.114372 	 0.015997 
0.111882 	0.262338 	0.187983 	0.118528 	 0.015867 
0.122286 	0.270781 	0.194023 	0.120295 	 0.015750 
0.127726 	0.257787 	0.185202 	0.116507 	 0.015211 
0.113869 	0.275215 	0.197477 	0.125427 	 0.017421 
0.129554 	0.262266 	0.188696 	0.115841 	 0.015350 
0.115333 	0.277610 	0.199024 	0.125679 	 0.017012 
0.126264 	0.262985 	0.189234 	0.117527 	 0.015994 
0.125606 	0.265439 	0.191065 	0.117282 	 0.015676 
0.108820 	0.277364 	0.199159 	0.123160 	 0.017004 
0.115468 	0.269492 	0.193391 	0.122648 	 0.016461 
0.132524 	0.257162 	0.186119 	0.110716 	 0.015818 
0.122848 	0.265245 	0.190925 	0.117530 	 0.015643 
0.129238 	0.268248 	0.193259 	0.118934 	 0.016061 
0.124782 	0.252725 	0.183722 	0.105074 	 0.015844 
0.135012 	0.259913 	0.187610 	0.113496 	 0.015177 
0.114837 	0.280203 	0.200733 	0.130786 	 0.017013 
0.110825 	0.290864 	0.208072 	0.134932 	 0.017685 
0.118009 	0.275094 	0.197737 	0.125099 	 0.016899 
0.131227 	0.270319 	0.195061 	0.120986 	 0.016203 
0.119289 	0.278136 	0.199545 	0.128180 	 0.016880 
0.115971 	0.273118 	0.196680 	0.122480 	 0.017078 
0.109766 	0.274691 	0.198036 	0.122066 	 0.017759 
0.110461 	0.284816 	0.204228 	0.130917 	 0.017989 
0.112219 	0.274052 	0.197607 	0.118977 	 0.016684 
0.119203 	0.268815 	0.194719 	0.114212 	 0.016475 
0.439823 	-0.000063 	0.001539 	-0.002840 	 -0.000006 
0.440503 	0.006266 	0.005496 	0.004637 	 0.001311 
0.452007 	0.009779 	0.007394 	0.012457 	 0.001123 
0.449449 	0.010096 	0.007686 	0.013981 	 0.001734 
0.440549 	0.028768 	0.019249 	0.028756 	 0.002162 
0.447111 	0.022409 	0.015692 	0.021688 	 0.001997 
0.426000 	0.037429 	0.025304 	0.032865 	 0.003157 
0.438970 	0.024181 	0.016653 	0.026093 	 0.002539 
0.432641 	0.035435 	0.024053 	0.030219 	 0.003104 
0.429543 	0.026080 	0.017468 	0.029031 	 0.003097 
0.421549 	0.032709 	0.022531 	0.029306 	 0.004074 
0.424750 	0.034428 	0.023055 	0.034971 	 0.003530 
0.439546 	0.028393 	0.019497 	0.025478 	 0.001920 
0.450523 	0.009503 	0.006975 	0.016127 	 0.002284 
0.432897 	0.037277 	0.025170 	0.031290 	 0.002856 
0.415459 	0.049237 	0.032173 	0.044373 	 0.004125 
0.407710 	0.049643 	0.033125 	0.041588 	 0.004368 
0.421462 	0.034870 	0.023473 	0.031316 	 0.003469 
0.401221 	0.050535 	0.033171 	0.044252 	 0.004672 
0.411552 	0.042938 	0.028910 	0.037236 	 0.004880 
0.397876 	0.056580 	0.036701 	0.048916 	 0.005114 
0.395062 	0.055923 	0.036661 	0.050663 	 0.005563 
0.407854 	0.051856 	0.034508 	0.043254 	 0.005373 
0.394273 	0.053543 	0.035066 	0.046435 	 0.005495 
0.387121 	0.058129 	0.038065 	0.051516 	 0.006126 
0.396231 	0.057292 	0.038092 	0.047283 	 0.005697 
0.397937 	0.054842 	0.036204 	0.046983 	 0.005474 
0.389157 	0.047677 	0.031594 	0.043239 	 0.005608 
0.400390 	0.049895 	0.033395 	0.041543 	 0.005199 
0.378341 	0.071683 	0.047000 	0.060202 	 0.007419 
0.394049 	0.054735 	0.036169 	0.048531 	 0.005989 
0.386108 	0.060882 	0.039476 	0.054915 	 0.005954 
0.384539 	0.060518 	0.040271 	0.049415 	 0.007009 
0.396500 	0.053662 	0.035525 	0.045254 	 0.005392 
0.380316 	0.062592 	0.041441 	0.052504 	 0.007059 
0.381742 	0.062283 	0.041245 	0.050613 	 0.006082 
0.384911 	0.057607 	0.037930 	0.049506 	 0.006381 
0.385454 	0.055375 	0.036207 	0.050562 	 0.006334 
0.389118 	0.050728 	0.033411 	0.047292 	 0.006208 
0.370953 	0.066307 	0.043530 	0.055603 	 0.007284 
0.365794 	0.076490 	0.050552 	0.061998 	 0.007781 
0.366450 	0.071906 	0.046920 	0.061254 	 0.007055 
0.378048 	0.061769 	0.040463 	0.051523 	 0.005958 
0.372494 	0.072812 	0.048191 	0.057981 	 0.006888 
0.371500 	0.060354 	0.039880 	0.050404 	 0.006803 
0.377308 	0.062725 	0.041658 	0.053005 	 0.007278 
0.362441 	0.070844 	0.046078 	0.060458 	 0.006969 
0.375777 	0.062627 	0.041514 	0.053762 	 0.007131 
0.370603 	0.063957 	0.042254 	0.053292 	 0.007144 
0.357762 	0.072458 	0.047551 	0.061032 	 0.008077 
0.373970 	0.067421 	0.044460 	0.056476 	 0.006723 
0.368899 	0.060442 	0.040122 	0.048318 	 0.006483 
0.373367 	0.067533 	0.044450 	0.056413 	 0.007003 
0.375974 	0.063270 	0.041699 	0.054076 	 0.006556 
0.356747 	0.079891 	0.052692 	0.065920 	 0.008912 
0.363528 	0.072060 	0.047463 	0.060934 	 0.007951 
0.361364 	0.066929 	0.043858 	0.058734 	 0.007088 
0.348056 	0.084855 	0.055491 	0.069832 	 0.007935 
0.355675 	0.076195 	0.049849 	0.064099 	 0.008002 
0.352192 	0.079092 	0.052717 	0.061985 	 0.008562 
0.361003 	0.066608 	0.044160 	0.056088 	 0.007751 
0.363046 	0.061013 	0.040963 	0.049126 	 0.007510 
0.350806 	0.069042 	0.045984 	0.055763 	 0.008096 
0.344791 	0.073937 	0.048909 	0.060174 	 0.008740 
0.364922 	0.064459 	0.042606 	0.053957 	 0.006970 
0.349815 	0.075666 	0.049769 	0.062538 	 0.008042 
0.348372 	0.076339 	0.050497 	0.061586 	 0.008068 
0.359200 	0.073476 	0.048827 	0.060659 	 0.008695 
0.342817 	0.081456 	0.053277 	0.067139 	 0.008798 
0.336510 	0.082854 	0.054293 	0.068847 	 0.009468 
0.335607 	0.078161 	0.051221 	0.064437 	 0.008522 
0.338142 	0.086537 	0.057246 	0.067851 	 0.009150 
0.339190 	0.079921 	0.052746 	0.064917 	 0.008890 
0.342209 	0.082906 	0.054738 	0.068110 	 0.009444 
0.333505 	0.078308 	0.051707 	0.063622 	 0.008951 
0.346695 	0.067653 	0.044753 	0.056579 	 0.007814 
0.333789 	0.093097 	0.061668 	0.072020 	 0.009567 
0.333506 	0.091822 	0.060505 	0.070367 	 0.008478 
0.333518 	0.090319 	0.059510 	0.072612 	 0.009510 
0.346420 	0.076775 	0.051035 	0.061185 	 0.008215 
0.324749 	0.092761 	0.060861 	0.073691 	 0.009245 
0.330946 	0.086411 	0.057451 	0.067001 	 0.009246 
0.325748 	0.088407 	0.057970 	0.072197 	 0.009470 
0.339822 	0.083424 	0.055409 	0.064137 	 0.008272 
0.323602 	0.097971 	0.064530 	0.077188 	 0.009835 
0.324818 	0.090423 	0.059835 	0.070342 	 0.009414 
0.333271 	0.085384 	0.056857 	0.065457 	 0.009008 
0.336523 	0.074629 	0.049341 	0.059289 	 0.008247 
0.320767 	0.090277 	0.059906 	0.067522 	 0.009152 
0.326389 	0.091226 	0.060614 	0.069312 	 0.009387 
0.333961 	0.086638 	0.057170 	0.070341 	 0.009322 
0.319913 	0.094970 	0.062937 	0.072367 	 0.009553 
0.317353 	0.095301 	0.062877 	0.073497 	 0.009831 
0.325539 	0.086534 	0.057467 	0.066811 	 0.009289 
0.323876 	0.088338 	0.058557 	0.069188 	 0.009333 
0.315810 	0.099182 	0.065760 	0.074551 	 0.009724 
0.329949 	0.086485 	0.057646 	0.067088 	 0.009542 
0.315258 	0.090555 	0.059930 	0.070702 	 0.009952 
0.328419 	0.085675 	0.057056 	0.065623 	 0.009004 
0.327016 	0.091956 	0.061183 	0.069855 	 0.009094 
0.315989 	0.093843 	0.062379 	0.072745 	 0.009732 
0.320156 	0.093414 	0.061969 	0.071053 	 0.009231 
0.320546 	0.089042 	0.059574 	0.066258 	 0.009243 
0.318507 	0.083452 	0.055654 	0.064113 	 0.009327 
0.326825 	0.083452 	0.055664 	0.064647 	 0.008843 
0.304832 	0.097031 	0.064345 	0.074869 	 0.010295 
0.307816 	0.105722 	0.070528 	0.077629 	 0.010779 
0.303137 	0.105666 	0.069901 	0.079873 	 0.010618 
0.314601 	0.097826 	0.064692 	0.075585 	 0.009958 
0.310103 	0.090210 	0.059533 	0.070596 	 0.009325 
0.320848 	0.090270 	0.060019 	0.068280 	 0.008991 
0.290376 	0.106640 	0.070651 	0.079759 	 0.010856 
0.308459 	0.094199 	0.063187 	0.068669 	 0.010142 
0.307685 	0.103021 	0.068713 	0.075911 	 0.010233 
0.296751 	0.111292 	0.073803 	0.083177 	 0.011448 
0.313056 	0.100954 	0.067288 	0.076478 	 0.009960 
0.309906 	0.099269 	0.066324 	0.073880 	 0.010700 
0.317514 	0.094306 	0.063097 	0.069562 	 0.009881 
0.310422 	0.094830 	0.063763 	0.068592 	 0.010303 
0.310387 	0.097350 	0.064864 	0.074137 	 0.010582 
0.302805 	0.098008 	0.065451 	0.072915 	 0.010590 
0.300556 	0.098638 	0.065521 	0.074381 	 0.010526 
0.287787 	0.115666 	0.076534 	0.087446 	 0.011836 
0.307000 	0.104780 	0.069577 	0.077799 	 0.010164 
0.306920 	0.104297 	0.069831 	0.075643 	 0.010400 
0.281216 	0.117634 	0.077777 	0.086798 	 0.011887 
0.290946 	0.115821 	0.076852 	0.088032 	 0.012031 
0.293815 	0.106530 	0.070755 	0.080256 	 0.011158 
0.290554 	0.104966 	0.070130 	0.076390 	 0.010664 
0.288549 	0.118253 	0.078763 	0.084861 	 0.011413 
0.299383 	0.100380 	0.066676 	0.076615 	 0.010252 
0.287199 	0.113688 	0.075805 	0.082166 	 0.011279 
0.283065 	0.111929 	0.074522 	0.082047 	 0.011464 
0.299953 	0.098880 	0.066291 	0.074526 	 0.010928 
0.287059 	0.118162 	0.078600 	0.086876 	 0.012230 
0.285263 	0.111490 	0.074223 	0.081414 	 0.011290 
0.282227 	0.115955 	0.076887 	0.087527 	 0.012410 
0.288339 	0.106329 	0.071049 	0.078470 	 0.011648 
0.293067 	0.106405 	0.070911 	0.076382 	 0.010452 
0.283546 	0.109756 	0.073237 	0.078435 	 0.011004 
0.293656 	0.107255 	0.071843 	0.077428 	 0.011035 
0.301675 	0.100524 	0.067575 	0.072803 	 0.010329 
0.269361 	0.122393 	0.081477 	0.089288 	 0.012820 
0.281341 	0.105997 	0.070864 	0.077054 	 0.011197 
0.264477 	0.125368 	0.083570 	0.089484 	 0.013167 
0.271502 	0.121388 	0.081151 	0.085278 	 0.012644 
0.267191 	0.122637 	0.081747 	0.086398 	 0.011918 
0.287588 	0.114791 	0.076824 	0.081695 	 0.011648 
0.293702 	0.104149 	0.069969 	0.072767 	 0.010364 
0.283293 	0.107985 	0.072568 	0.077806 	 0.011953 
0.281447 	0.108106 	0.072286 	0.078359 	 0.011812 
0.283208 	0.109534 	0.073441 	0.078522 	 0.011685 
0.275781 	0.124479 	0.083233 	0.089632 	 0.012799 
0.287483 	0.117284 	0.078809 	0.080871 	 0.011756 
0.269396 	0.117559 	0.078602 	0.083756 	 0.012514 
0.280185 	0.115801 	0.077262 	0.085602 	 0.011682 
0.277531 	0.112099 	0.074868 	0.081179 	 0.011442 
0.280198 	0.111343 	0.074623 	0.080122 	 0.011689 
0.282974 	0.112711 	0.076050 	0.078017 	 0.011985 
0.271606 	0.120637 	0.080508 	0.087724 	 0.012033 
0.282608 	0.114013 	0.076979 	0.077982 	 0.011574 
0.284594 	0.104638 	0.070683 	0.073249 	 0.011019 
0.279049 	0.108943 	0.073087 	0.078670 	 0.011604 
0.280066 	0.111773 	0.075008 	0.080666 	 0.012021 
0.284508 	0.102620 	0.069224 	0.071363 	 0.010847 
0.280100 	0.103903 	0.069427 	0.077186 	 0.011370 
0.265580 	0.120697 	0.081003 	0.085100 	 0.012340 
0.279686 	0.110667 	0.074592 	0.075820 	 0.011708 
0.286305 	0.102523 	0.069495 	0.069956 	 0.010587 
0.278922 	0.112642 	0.076190 	0.075245 	 0.011099 
0.284087 	0.108120 	0.072970 	0.074369 	 0.011100 
0.287639 	0.104991 	0.070843 	0.073991 	 0.011097 
0.279602 	0.113874 	0.076923 	0.078827 	 0.011565 
0.278775 	0.110964 	0.074803 	0.077438 	 0.011591 
0.273343 	0.108365 	0.073366 	0.073682 	 0.011868 
0.265201 	0.117123 	0.078889 	0.079686 	 0.012123 
0.267543 	0.121362 	0.081548 	0.082902 	 0.011788 
0.263572 	0.129128 	0.086674 	0.088648 	 0.012412 
0.281207 	0.112373 	0.075785 	0.077763 	 0.011387 
0.259911 	0.131937 	0.088379 	0.091715 	 0.013047 
0.270378 	0.108048 	0.073094 	0.073214 	 0.011388 
0.267578 	0.125211 	0.084185 	0.087528 	 0.012530 
0.273604 	0.119443 	0.080236 	0.083489 	 0.011477 
0.264739 	0.121672 	0.081806 	0.083066 	 0.011764 
0.268397 	0.115058 	0.077784 	0.077851 	 0.011489 
0.271140 	0.120309 	0.081606 	0.079393 	 0.011715 
0.267725 	0.119194 	0.080666 	0.080112 	 0.012019 
0.270969 	0.115445 	0.078288 	0.076183 	 0.011804 
0.253121 	0.136166 	0.091348 	0.093143 	 0.013076 
0.272934 	0.112352 	0.075620 	0.078638 	 0.011005 
0.247687 	0.138012 	0.092713 	0.092429 	 0.012814 
0.264275 	0.123041 	0.082978 	0.083964 	 0.011856 
0.259722 	0.128222 	0.086641 	0.085632 	 0.012059 
0.250962 	0.133972 	0.090236 	0.092234 	 0.013357 
0.262973 	0.126002 	0.085142 	0.084809 	 0.012098 
0.258108 	0.120508 	0.081220 	0.083218 	 0.012508 
0.253828 	0.120486 	0.081540 	0.081262 	 0.012571 
0.258193 	0.118544 	0.080438 	0.079636 	 0.012130 
0.252008 	0.125811 	0.084904 	0.084159 	 0.012450 
0.256268 	0.122566 	0.082827 	0.081291 	 0.011939 
0.255393 	0.126325 	0.085331 	0.088770 	 0.013267 
0.258551 	0.122785 	0.083315 	0.080519 	 0.011699 
0.249694 	0.128855 	0.087289 	0.085865 	 0.012940 
0.243673 	0.136430 	0.091494 	0.095646 	 0.013309 
0.249591 	0.134994 	0.091797 	0.085052 	 0.012462 
0.250284 	0.128419 	0.086859 	0.084118 	 0.012218 
0.239636 	0.134076 	0.090799 	0.087984 	 0.013760 
0.244018 	0.132274 	0.089312 	0.089041 	 0.012858 
0.226845 	0.145488 	0.097826 	0.097364 	 0.013841 
0.239648 	0.132057 	0.089365 	0.085788 	 0.012767 
0.237489 	0.139141 	0.094408 	0.090439 	 0.013811 
0.238973 	0.139731 	0.094586 	0.092123 	 0.013164 
0.242295 	0.132274 	0.089606 	0.088087 	 0.013102 
0.234144 	0.143374 	0.096707 	0.097284 	 0.014188 
0.244089 	0.126719 	0.086121 	0.082243 	 0.012855 
0.244995 	0.129019 	0.087718 	0.084018 	 0.013250 
0.233850 	0.134870 	0.091412 	0.087607 	 0.013208 
0.228371 	0.133500 	0.090220 	0.086458 	 0.012972 
0.243229 	0.124643 	0.085289 	0.078450 	 0.012588 
0.242969 	0.137730 	0.093460 	0.088068 	 0.012771 
0.235829 	0.133232 	0.091059 	0.084510 	 0.013248 
0.229988 	0.131017 	0.088814 	0.086435 	 0.013311 
0.232412 	0.141508 	0.095652 	0.092488 	 0.013040 
0.237232 	0.135476 	0.092234 	0.086089 	 0.013080 
0.219067 	0.145828 	0.098621 	0.094861 	 0.014271 
0.233294 	0.127450 	0.087172 	0.081268 	 0.012965 
0.212527 	0.147433 	0.100150 	0.093058 	 0.014364 
0.216395 	0.144619 	0.097957 	0.092906 	 0.013848 
0.219999 	0.148463 	0.100663 	0.094981 	 0.013767 
0.227184 	0.138969 	0.094622 	0.087544 	 0.013309 
0.219526 	0.144064 	0.097754 	0.092426 	 0.013393 
0.215867 	0.151092 	0.102362 	0.097885 	 0.014463 
0.217223 	0.153437 	0.103999 	0.100436 	 0.014901 
0.215072 	0.156096 	0.105644 	0.102298 	 0.014592 
0.209629 	0.152031 	0.102897 	0.098506 	 0.014655 
0.210490 	0.145698 	0.099207 	0.092545 	 0.014782 
0.217524 	0.142368 	0.096173 	0.095254 	 0.013772 
0.209135 	0.147516 	0.100379 	0.094356 	 0.014484 
0.207975 	0.149225 	0.101435 	0.095400 	 0.014741 
0.216152 	0.146542 	0.099707 	0.092900 	 0.014261 
0.211105 	0.149416 	0.101817 	0.093640 	 0.014078 
0.215607 	0.144890 	0.099079 	0.090173 	 0.014183 
0.190822 	0.157185 	0.106967 	0.097552 	 0.015378 
0.195049 	0.154799 	0.105090 	0.097689 	 0.015178 
0.198395 	0.161241 	0.109236 	0.104159 	 0.015711 
0.214308 	0.140985 	0.096337 	0.087622 	 0.013773 
0.211771 	0.149253 	0.101815 	0.092101 	 0.013809 
0.188872 	0.165586 	0.111676 	0.107881 	 0.015070 
0.192589 	0.159201 	0.108533 	0.098963 	 0.015610 
0.196661 	0.158482 	0.107664 	0.098729 	 0.014070 
0.192221 	0.162421 	0.110025 	0.102589 	 0.015069 
0.214592 	0.147002 	0.100574 	0.093144 	 0.014705 
0.198689 	0.155022 	0.105912 	0.094626 	 0.014679 
0.202315 	0.146309 	0.100117 	0.089443 	 0.013926 
0.201672 	0.155923 	0.106438 	0.096149 	 0.014934 
0.188781 	0.163007 	0.110493 	0.102167 	 0.014827 
0.191987 	0.163422 	0.111455 	0.100583 	 0.015124 
0.188006 	0.152720 	0.104198 	0.095449 	 0.015209 
0.194730 	0.161513 	0.110426 	0.098167 	 0.014968 
0.209473 	0.150051 	0.103127 	0.089449 	 0.013821 
0.182528 	0.175140 	0.118682 	0.109722 	 0.016008 
0.183411 	0.164331 	0.112293 	0.099062 	 0.015764 
0.183147 	0.164520 	0.111748 	0.104845 	 0.015708 
0.178051 	0.173257 	0.118346 	0.105661 	 0.016517 
0.183957 	0.167592 	0.113992 	0.105683 	 0.015689 
0.183062 	0.159522 	0.108805 	0.098725 	 0.015400 
0.184847 	0.167750 	0.114037 	0.103649 	 0.015429 
0.186204 	0.162708 	0.110534 	0.101433 	 0.014696 
0.176361 	0.171101 	0.116505 	0.106136 	 0.016503 
0.181300 	0.162487 	0.111035 	0.097317 	 0.014914 
0.186310 	0.158727 	0.108436 	0.094343 	 0.014703 
0.188858 	0.165779 	0.113101 	0.101559 	 0.015255 
0.189726 	0.154589 	0.105826 	0.093191 	 0.014998 
0.197376 	0.149649 	0.102832 	0.089937 	 0.013944 
0.169230 	0.168269 	0.114609 	0.103270 	 0.015909 
0.184862 	0.156021 	0.107223 	0.094178 	 0.015430 
0.173015 	0.171515 	0.116579 	0.107625 	 0.016062 
0.178312 	0.174574 	0.119114 	0.107222 	 0.016288 
0.185436 	0.158262 	0.108329 	0.095760 	 0.015086 
0.189239 	0.167033 	0.114383 	0.099819 	 0.015231 
0.179945 	0.168221 	0.115110 	0.101820 	 0.015828 
0.179139 	0.165893 	0.113045 	0.101344 	 0.014842 
0.184914 	0.167270 	0.114482 	0.101084 	 0.015468 
0.169188 	0.175307 	0.119829 	0.104958 	 0.016235 
0.169656 	0.185436 	0.126038 	0.114780 	 0.016565 
0.179412 	0.161017 	0.110280 	0.097329 	 0.015380 
0.187934 	0.158976 	0.109317 	0.093734 	 0.014355 
0.167970 	0.176794 	0.120733 	0.106136 	 0.016529 
0.180030 	0.165359 	0.113256 	0.100525 	 0.015404 
0.175677 	0.172520 	0.118421 	0.103895 	 0.016396 
0.176596 	0.162095 	0.111065 	0.096483 	 0.015552 
0.180851 	0.149632 	0.102872 	0.089718 	 0.014589 
0.155586 	0.184894 	0.125941 	0.114235 	 0.017956 
0.184492 	0.165172 	0.113558 	0.099421 	 0.015176 
0.172709 	0.167092 	0.114802 	0.098810 	 0.016010 
0.159729 	0.187742 	0.127815 	0.115623 	 0.016782 
0.178068 	0.161126 	0.111079 	0.092764 	 0.015052 
0.167615 	0.179939 	0.123065 	0.110352 	 0.016507 
0.182562 	0.170081 	0.116390 	0.103000 	 0.015512 
0.173464 	0.175110 	0.120278 	0.103174 	 0.015830 
0.185749 	0.158553 	0.109508 	0.092083 	 0.014670 
0.176777 	0.168573 	0.116030 	0.101294 	 0.016342 
0.168781 	0.176559 	0.121306 	0.104508 	 0.016185 
0.184466 	0.168920 	0.116227 	0.100224 	 0.015158 
0.170040 	0.177490 	0.121546 	0.105866 	 0.015755 
0.196857 	0.150282 	0.104491 	0.087133 	 0.014302 
0.182411 	0.169298 	0.116767 	0.099037 	 0.015336 
0.183053 	0.167481 	0.115919 	0.096689 	 0.015364 
0.164518 	0.182957 	0.125311 	0.110359 	 0.016609 
0.179611 	0.170603 	0.117589 	0.100380 	 0.015513 
0.172974 	0.161029 	0.111122 	0.093812 	 0.014905 
0.178647 	0.163447 	0.112368 	0.098604 	 0.015492 
0.169395 	0.175689 	0.120818 	0.103601 	 0.015721 
0.181239 	0.161051 	0.111499 	0.092875 	 0.014783 
0.166867 	0.184498 	0.126827 	0.106553 	 0.016060 
0.172242 	0.171477 	0.118523 	0.098912 	 0.015974 
0.165231 	0.176205 	0.121145 	0.103776 	 0.016360 
0.170855 	0.165705 	0.114043 	0.096667 	 0.014695 
0.164511 	0.174453 	0.119690 	0.102178 	 0.015389 
0.176049 	0.171163 	0.118627 	0.096657 	 0.015620 
0.176923 	0.166226 	0.114460 	0.098856 	 0.014865 
0.182611 	0.160679 	0.111296 	0.093645 	 0.015013 
0.164579 	0.167979 	0.115936 	0.098453 	 0.015457 
0.176860 	0.158298 	0.109709 	0.090742 	 0.014648 
0.176844 	0.170966 	0.118641 	0.095407 	 0.015225 
0.176756 	0.168589 	0.117209 	0.094302 	 0.015593 
0.171369 	0.161870 	0.112403 	0.092363 	 0.015356 
0.163588 	0.181599 	0.125334 	0.103980 	 0.015584 
0.162902 	0.177117 	0.122224 	0.102802 	 0.016436 
0.172166 	0.172611 	0.119589 	0.099209 	 0.015762 
0.176239 	0.169458 	0.117599 	0.097217 	 0.015640 
0.174216 	0.171572 	0.119017 	0.098241 	 0.015822 
0.157038 	0.178028 	0.123009 	0.102641 	 0.016455 
0.162198 	0.183073 	0.126319 	0.106207 	 0.016322 
0.168963 	0.173322 	0.120653 	0.095932 	 0.015890 
0.187987 	0.165339 	0.115061 	0.093654 	 0.014907 
0.173133 	0.165557 	0.115209 	0.093962 	 0.015098 
0.171601 	0.176804 	0.122679 	0.099677 	 0.016062 
0.171745 	0.170013 	0.118392 	0.094781 	 0.015742 
0.165293 	0.173704 	0.120501 	0.099261 	 0.015804 
0.176459 	0.173068 	0.120271 	0.099016 	 0.015472 
0.168475 	0.169257 	0.117867 	0.093482 	 0.015264 
0.157842 	0.180634 	0.125119 	0.103624 	 0.016226 
0.180969 	0.166277 	0.115905 	0.093145 	 0.014881 
0.175495 	0.169286 	0.117976 	0.094580 	 0.015167 
0.169865 	0.168760 	0.117268 	0.095649 	 0.015686 
0.165973 	0.165866 	0.115473 	0.094589 	 0.015717 
0.163846 	0.163740 	0.114236 	0.090023 	 0.015324 
0.163592 	0.168000 	0.116867 	0.092792 	 0.015214 
0.155731 	0.179621 	0.125052 	0.098296 	 0.016090 
0.177079 	0.160464 	0.112585 	0.087676 	 0.015285 
0.157596 	0.180538 	0.125152 	0.102756 	 0.016279 
0.158271 	0.181713 	0.126435 	0.101561 	 0.016370 
0.154342 	0.174704 	0.121800 	0.096406 	 0.015862 
0.152531 	0.179699 	0.124611 	0.103249 	 0.016528 
0.154485 	0.179983 	0.125171 	0.101713 	 0.016449 
0.152027 	0.181883 	0.126136 	0.104864 	 0.016538 
0.152287 	0.180916 	0.126021 	0.101326 	 0.016814 
0.140991 	0.178141 	0.124113 	0.098581 	 0.016917 
0.152873 	0.186629 	0.129508 	0.106111 	 0.017111 
0.144737 	0.185012 	0.128892 	0.100370 	 0.016424 
0.152174 	0.185309 	0.128745 	0.104326 	 0.016567 
0.148510 	0.181653 	0.126259 	0.104046 	 0.016387 
0.152404 	0.183410 	0.127756 	0.101661 	 0.016526 
0.146652 	0.185558 	0.128980 	0.104989 	 0.016777 
0.145836 	0.189622 	0.131572 	0.105690 	 0.016590 
0.137812 	0.192586 	0.133651 	0.110154 	 0.017323 
0.145657 	0.192325 	0.133814 	0.107013 	 0.017360 
0.176504 	0.171998 	0.120808 	0.091190 	 0.014975 
0.149585 	0.188125 	0.130810 	0.104577 	 0.016814 
0.151230 	0.187999 	0.130940 	0.104078 	 0.016833 
0.146294 	0.184920 	0.128740 	0.102758 	 0.016624 
0.141823 	0.191416 	0.133518 	0.106133 	 0.017406 
0.158441 	0.171620 	0.120442 	0.091807 	 0.015579 
0.140318 	0.188425 	0.131422 	0.103062 	 0.017380 
0.138930 	0.188509 	0.131754 	0.102428 	 0.017147 
0.140047 	0.191671 	0.133736 	0.104014 	 0.017110 
0.144975 	0.185938 	0.129490 	0.103309 	 0.016515 
0.151570 	0.179958 	0.126070 	0.098425 	 0.016273 
0.138683 	0.194504 	0.135182 	0.109197 	 0.017506 
0.142218 	0.180990 	0.126780 	0.099160 	 0.016914 
0.136738 	0.196808 	0.137411 	0.107451 	 0.017791 
0.144977 	0.182854 	0.127798 	0.100078 	 0.016622 
0.144049 	0.179446 	0.125034 	0.101336 	 0.016381 
0.129007 	0.188853 	0.131834 	0.102423 	 0.017325 
0.138384 	0.181527 	0.127349 	0.098586 	 0.017277 
0.140987 	0.183988 	0.128721 	0.098374 	 0.016816 
0.145639 	0.177937 	0.124405 	0.096672 	 0.015646 
0.149157 	0.175956 	0.124094 	0.092171 	 0.016172 
0.134714 	0.183962 	0.129115 	0.097477 	 0.016701 
0.138385 	0.177825 	0.124843 	0.097286 	 0.017025 
0.122441 	0.200935 	0.140047 	0.110145 	 0.018210 
0.143431 	0.183630 	0.128933 	0.098958 	 0.016588 
0.137649 	0.186231 	0.130627 	0.098527 	 0.017154 
0.132033 	0.198610 	0.138561 	0.109344 	 0.017093 
0.130822 	0.189039 	0.132686 	0.101318 	 0.017222 
0.129065 	0.197148 	0.137937 	0.106112 	 0.017593 
0.135982 	0.188492 	0.132254 	0.100886 	 0.016868 
0.143328 	0.178643 	0.126236 	0.091710 	 0.016426 
0.121742 	0.193064 	0.134954 	0.103811 	 0.017364 
0.130118 	0.189142 	0.133085 	0.099050 	 0.017100 
0.119177 	0.193170 	0.135244 	0.105599 	 0.017985 
0.138701 	0.176685 	0.125097 	0.090203 	 0.016634 
0.142426 	0.168891 	0.119980 	0.085132 	 0.015584 
0.135159 	0.190122 	0.133669 	0.101161 	 0.017510 
0.130954 	0.188913 	0.133243 	0.097431 	 0.017399 
0.128658 	0.190145 	0.133847 	0.101443 	 0.017544 
0.131195 	0.185113 	0.130523 	0.096070 	 0.016591 
0.129255 	0.192753 	0.135706 	0.101374 	 0.017364 
0.120869 	0.187783 	0.132031 	0.100282 	 0.017477 
0.123045 	0.195307 	0.137038 	0.104703 	 0.017847 
0.137324 	0.181295 	0.128127 	0.094303 	 0.016554 
0.130707 	0.194369 	0.137090 	0.100172 	 0.017377 
0.128875 	0.186510 	0.131912 	0.095970 	 0.017454 
0.134555 	0.189119 	0.133127 	0.100499 	 0.016790 
0.119494 	0.195498 	0.138018 	0.097550 	 0.017673 
0.120493 	0.196197 	0.137867 	0.104771 	 0.018056 
0.117191 	0.201109 	0.141541 	0.105611 	 0.018279 
0.128688 	0.176579 	0.125568 	0.087482 	 0.016506 
0.116204 	0.195243 	0.137761 	0.101100 	 0.017981 
0.122533 	0.191899 	0.135246 	0.100838 	 0.017122 
0.113681 	0.192872 	0.136183 	0.098068 	 0.017875 
0.111420 	0.201632 	0.141647 	0.107479 	 0.018605 
0.120216 	0.188757 	0.133524 	0.096485 	 0.017253 
0.125452 	0.187673 	0.132936 	0.096672 	 0.017570 
0.113952 	0.194877 	0.137788 	0.098672 	 0.017452 
0.109862 	0.192360 	0.135702 	0.099934 	 0.018038 
0.118567 	0.190762 	0.134681 	0.097951 	 0.017192 
0.111355 	0.204846 	0.144262 	0.106234 	 0.018534 
0.118001 	0.191046 	0.135029 	0.096683 	 0.016901 
0.109412 	0.195686 	0.137739 	0.102068 	 0.017920 
0.124508 	0.191957 	0.135784 	0.097471 	 0.017104 
0.115402 	0.194278 	0.136999 	0.099387 	 0.017192 
0.112652 	0.190041 	0.134576 	0.095524 	 0.017241 
0.115586 	0.194326 	0.137216 	0.101700 	 0.017812 
0.117872 	0.199320 	0.140123 	0.107219 	 0.017736 
0.122654 	0.183652 	0.130654 	0.092337 	 0.016938 
0.115764 	0.196372 	0.138679 	0.099498 	 0.017533 
0.125587 	0.179764 	0.127715 	0.092829 	 0.017544 
0.123859 	0.200778 	0.142107 	0.103181 	 0.017109 
0.108355 	0.207160 	0.145672 	0.108508 	 0.017763 
0.098178 	0.206143 	0.144970 	0.107974 	 0.018771 
0.108991 	0.193376 	0.137260 	0.098641 	 0.018125 
0.126668 	0.184816 	0.131776 	0.089426 	 0.016468 
0.103477 	0.200199 	0.141475 	0.104051 	 0.018149 
0.114007 	0.193617 	0.137742 	0.097653 	 0.018107 
0.100618 	0.200616 	0.141637 	0.103776 	 0.018363 
0.101349 	0.205191 	0.144887 	0.106865 	 0.018590 
0.119540 	0.195102 	0.138813 	0.096584 	 0.017558 
0.098714 	0.195817 	0.138864 	0.100034 	 0.018347 
0.101277 	0.198784 	0.141012 	0.100041 	 0.018090 
0.101294 	0.199512 	0.141270 	0.101666 	 0.017957 
0.106550 	0.198273 	0.140776 	0.099601 	 0.017971 
0.102974 	0.197028 	0.140132 	0.098847 	 0.018069 
0.098826 	0.199446 	0.141522 	0.100586 	 0.017965 
0.106848 	0.205614 	0.145888 	0.105156 	 0.018825 
0.102962 	0.211264 	0.149185 	0.112104 	 0.019225 
0.099843 	0.210359 	0.149152 	0.104819 	 0.018891 
0.109548 	0.198239 	0.140977 	0.099161 	 0.017611 
0.093006 	0.211001 	0.149250 	0.108049 	 0.018866 
0.111766 	0.194163 	0.138669 	0.095177 	 0.017503 
0.079512 	0.212139 	0.149890 	0.111849 	 0.020597 
0.094823 	0.210844 	0.149202 	0.107518 	 0.019041 
0.095051 	0.201436 	0.143119 	0.100637 	 0.018387 
0.115432 	0.187668 	0.134252 	0.092572 	 0.016925 
0.106590 	0.195322 	0.139429 	0.096236 	 0.017685 
0.086971 	0.202702 	0.143637 	0.103226 	 0.018904 
0.089668 	0.201024 	0.142455 	0.105196 	 0.019131 
0.095164 	0.207695 	0.146859 	0.108957 	 0.018873 
0.101564 	0.196436 	0.139953 	0.098263 	 0.018092 
0.098216 	0.206358 	0.146706 	0.101469 	 0.018496 
0.087865 	0.211017 	0.149851 	0.106493 	 0.019224 
0.089524 	0.204322 	0.145135 	0.104516 	 0.019404 
0.103452 	0.195897 	0.140018 	0.098110 	 0.018834 
0.098833 	0.194847 	0.139440 	0.094923 	 0.018670 
0.097722 	0.190175 	0.136111 	0.093086 	 0.017746 
0.087399 	0.212703 	0.150918 	0.106848 	 0.018939 
0.089499 	0.209227 	0.148710 	0.105498 	 0.019301 
0.084386 	0.200683 	0.143400 	0.099029 	 0.019184 
0.104367 	0.189049 	0.135881 	0.091438 	 0.017950 
0.096733 	0.198350 	0.142161 	0.094828 	 0.018255 
0.087164 	0.207029 	0.147296 	0.105016 	 0.019096 
0.100905 	0.197642 	0.141687 	0.095364 	 0.017959 
0.090984 	0.202663 	0.144908 	0.099276 	 0.019164 
0.078396 	0.222497 	0.157319 	0.115792 	 0.019612 
0.092906 	0.202741 	0.144493 	0.103344 	 0.019323 
0.088598 	0.196839 	0.140693 	0.097106 	 0.018574 
0.092193 	0.201712 	0.144196 	0.098923 	 0.018557 
0.099606 	0.204324 	0.145727 	0.104487 	 0.019313 
0.095845 	0.205356 	0.146621 	0.100872 	 0.018510 
0.092251 	0.206689 	0.147756 	0.103672 	 0.019290 
0.101295 	0.202217 	0.145352 	0.097718 	 0.019027 
0.071602 	0.223975 	0.158642 	0.114112 	 0.020123 
0.089277 	0.199550 	0.143289 	0.094374 	 0.018236 
0.098689 	0.198222 	0.142751 	0.094595 	 0.018549 
0.089630 	0.202484 	0.145238 	0.097870 	 0.018735 
0.100308 	0.192422 	0.138711 	0.093175 	 0.018272 
0.084984 	0.200985 	0.144744 	0.096084 	 0.019397 
0.088236 	0.209401 	0.149671 	0.104859 	 0.019975 
0.098131 	0.191648 	0.138263 	0.090657 	 0.018276 
0.076018 	0.215988 	0.154132 	0.108105 	 0.019743 
0.092640 	0.200535 	0.144554 	0.096095 	 0.018897 
0.089955 	0.201538 	0.144910 	0.096811 	 0.018528 
0.094172 	0.185391 	0.134199 	0.086741 	 0.018238 
0.091547 	0.199377 	0.143345 	0.096090 	 0.018524 
0.075953 	0.210320 	0.150472 	0.104923 	 0.019455 
0.107537 	0.185667 	0.135063 	0.084162 	 0.017090 
0.088704 	0.194794 	0.140700 	0.090568 	 0.017691 
0.091629 	0.197033 	0.142292 	0.092208 	 0.018154 
0.090568 	0.192173 	0.138704 	0.090174 	 0.017781 
0.090135 	0.196863 	0.142064 	0.091136 	 0.018062 
0.078982 	0.204838 	0.147406 	0.096015 	 0.018549 
0.088825 	0.198190 	0.143173 	0.092130 	 0.018106 
0.075113 	0.219694 	0.157332 	0.106823 	 0.019567 
0.074869 	0.219254 	0.156799 	0.107196 	 0.019327 
0.092233 	0.197324 	0.142625 	0.093684 	 0.018235 
0.069993 	0.215971 	0.154976 	0.105434 	 0.020155 
0.096057 	0.195492 	0.141784 	0.091018 	 0.018003 
0.088522 	0.191670 	0.139140 	0.087505 	 0.018157 
0.083602 	0.207410 	0.149519 	0.100570 	 0.019543 
0.071742 	0.219910 	0.157678 	0.107411 	 0.020130 
0.079384 	0.212005 	0.152616 	0.101026 	 0.019378 
0.066628 	0.211096 	0.151187 	0.104262 	 0.019595 
0.085481 	0.196703 	0.141832 	0.094468 	 0.018353 
0.062515 	0.213694 	0.153966 	0.102077 	 0.020819 
0.073318 	0.215656 	0.155406 	0.101983 	 0.020444 
0.080429 	0.206713 	0.148915 	0.100415 	 0.019324 
0.065355 	0.221280 	0.158675 	0.108101 	 0.020664 
0.074476 	0.210087 	0.151518 	0.100004 	 0.019705 
0.082410 	0.207516 	0.149835 	0.098662 	 0.019671 
0.081836 	0.200694 	0.145663 	0.092024 	 0.018787 
0.081546 	0.204405 	0.147994 	0.095883 	 0.018966 
0.078514 	0.205727 	0.148735 	0.097407 	 0.019470 
0.069014 	0.209460 	0.150855 	0.100619 	 0.019760 
0.090912 	0.195579 	0.142217 	0.090494 	 0.018683 
0.069025 	0.212321 	0.153294 	0.101857 	 0.020065 
0.064039 	0.219535 	0.158469 	0.102371 	 0.020798 
0.058921 	0.226293 	0.162472 	0.110725 	 0.020831 
0.072028 	0.213534 	0.154249 	0.101049 	 0.019877 
0.068566 	0.221076 	0.159510 	0.104167 	 0.020668 
0.069384 	0.216719 	0.156475 	0.101985 	 0.020422 
0.081011 	0.198523 	0.144446 	0.091602 	 0.019106 
0.067325 	0.214477 	0.154597 	0.102921 	 0.020387 
0.066904 	0.212550 	0.153820 	0.099096 	 0.019437 
0.082210 	0.201255 	0.146528 	0.092003 	 0.019030 
0.051955 	0.221193 	0.158825 	0.108266 	 0.020861 
0.055837 	0.217793 	0.157047 	0.103148 	 0.020730 
0.068738 	0.210959 	0.153205 	0.097860 	 0.020591 
0.075323 	0.214963 	0.155794 	0.100054 	 0.020003 
0.079141 	0.206772 	0.150506 	0.094468 	 0.019539 
0.067432 	0.207238 	0.150654 	0.094227 	 0.019295 
0.063399 	0.220033 	0.159046 	0.105211 	 0.020680 
0.071700 	0.208543 	0.151314 	0.098605 	 0.020315 
0.079246 	0.200097 	0.146245 	0.088288 	 0.018822 
0.074133 	0.204279 	0.148554 	0.094682 	 0.019149 
0.066114 	0.213198 	0.154892 	0.097678 	 0.020314 
0.069415 	0.212342 	0.154051 	0.099357 	 0.020007 
0.061733 	0.220965 	0.159768 	0.103808 	 0.020695 
0.055294 	0.225457 	0.162750 	0.108432 	 0.021428 
0.077137 	0.210234 	0.153303 	0.094864 	 0.019871 
0.071190 	0.207511 	0.151362 	0.093715 	 0.020120 
0.063399 	0.224466 	0.162208 	0.107035 	 0.020702 
0.050273 	0.224023 	0.162026 	0.106683 	 0.021476 
0.062881 	0.215388 	0.156339 	0.101853 	 0.020395 
0.072901 	0.208608 	0.152052 	0.096593 	 0.019727 
0.070450 	0.214184 	0.156165 	0.096828 	 0.019931 
0.067053 	0.215787 	0.157219 	0.098357 	 0.020409 
0.075123 	0.222709 	0.161786 	0.102636 	 0.020104 
0.052140 	0.236481 	0.170206 	0.115146 	 0.021692 
0.073775 	0.211433 	0.154346 	0.097081 	 0.020062 
0.064492 	0.217039 	0.157784 	0.101320 	 0.020571 
0.068940 	0.200426 	0.146936 	0.089590 	 0.019818 
0.049908 	0.225517 	0.163235 	0.106770 	 0.021454 
0.061698 	0.212622 	0.154783 	0.095168 	 0.019597 
0.072706 	0.202021 	0.148299 	0.089559 	 0.019935 
0.085581 	0.194266 	0.143403 	0.082553 	 0.018628 
0.077360 	0.200450 	0.147444 	0.088024 	 0.019111 
0.085201 	0.204666 	0.150525 	0.090668 	 0.019876 
0.062417 	0.224867 	0.163724 	0.103638 	 0.021379 
0.080498 	0.212851 	0.155599 	0.096404 	 0.019706 
0.064083 	0.225199 	0.163295 	0.107181 	 0.020759 
0.060629 	0.215516 	0.157455 	0.096845 	 0.021208 
0.062888 	0.217110 	0.158193 	0.099135 	 0.020266 
0.071403 	0.216236 	0.157721 	0.099982 	 0.020861 
0.067480 	0.220679 	0.161030 	0.102420 	 0.020860 
0.074692 	0.216155 	0.157865 	0.098539 	 0.020399 
0.061664 	0.220283 	0.160708 	0.102940 	 0.021599 
0.066092 	0.224588 	0.163453 	0.103917 	 0.020927 
0.080608 	0.210350 	0.154312 	0.094703 	 0.019628 
0.067176 	0.220838 	0.161177 	0.104665 	 0.021365 
0.077766 	0.212364 	0.155897 	0.095069 	 0.020013 
0.066067 	0.226239 	0.164513 	0.107237 	 0.020921 
0.064100 	0.217710 	0.159379 	0.099782 	 0.021068 
0.065443 	0.220202 	0.160888 	0.102717 	 0.020495 
0.071167 	0.216793 	0.158798 	0.099874 	 0.020665 
0.057718 	0.229079 	0.166712 	0.109367 	 0.022303 
0.077396 	0.213393 	0.156332 	0.100291 	 0.020823 
0.067740 	0.214597 	0.157723 	0.097681 	 0.021407 
0.074204 	0.209240 	0.154226 	0.092938 	 0.020846 
0.062533 	0.230908 	0.168201 	0.109890 	 0.021593 
0.404506 	0.008873 	0.007180 	-0.000891 	 0.002366 
0.406231 	0.009417 	0.006856 	0.006185 	 0.002744 
0.411183 	0.028785 	0.018891 	0.031376 	 0.004921 
0.406263 	0.032300 	0.020845 	0.035890 	 0.004276 
0.426524 	0.021826 	0.015198 	0.022699 	 0.003010 
0.395045 	0.046528 	0.030610 	0.042523 	 0.005181 
0.408737 	0.035148 	0.023642 	0.033187 	 0.004372 
0.424789 	0.016929 	0.011396 	0.021989 	 0.002881 
0.387468 	0.057097 	0.037678 	0.050521 	 0.006589 
0.393795 	0.046052 	0.030505 	0.040053 	 0.005051 
0.390626 	0.044454 	0.029090 	0.041995 	 0.005024 
0.394260 	0.039011 	0.025828 	0.036062 	 0.004103 
0.368632 	0.066706 	0.043721 	0.056054 	 0.007025 
0.386761 	0.032278 	0.021279 	0.033697 	 0.005581 
0.391074 	0.047281 	0.031337 	0.040390 	 0.004700 
0.388541 	0.047531 	0.030955 	0.043832 	 0.004655 
0.361564 	0.071614 	0.047049 	0.058765 	 0.007512 
0.387157 	0.046520 	0.030355 	0.043547 	 0.005331 
0.380364 	0.042361 	0.028025 	0.039150 	 0.005584 
0.381218 	0.049848 	0.032895 	0.046189 	 0.006205 
0.382466 	0.043418 	0.028556 	0.041054 	 0.005022 
0.369601 	0.046580 	0.030569 	0.040933 	 0.005464 
0.379714 	0.038620 	0.025469 	0.036172 	 0.004745 
0.371203 	0.052330 	0.034709 	0.045727 	 0.005994 
0.389917 	0.030143 	0.020114 	0.029588 	 0.003701 
0.366594 	0.049946 	0.033180 	0.044447 	 0.006791 
0.367095 	0.056629 	0.036918 	0.050592 	 0.006296 
0.379471 	0.050034 	0.032825 	0.043741 	 0.005280 
0.359873 	0.067773 	0.044350 	0.058163 	 0.007805 
0.367551 	0.051555 	0.033788 	0.048501 	 0.006569 
0.368546 	0.049151 	0.032598 	0.044067 	 0.006372 
0.364275 	0.057737 	0.038194 	0.051788 	 0.007071 
0.371668 	0.042073 	0.028061 	0.038290 	 0.005444 
0.358233 	0.054905 	0.036151 	0.048570 	 0.006430 
0.350472 	0.062253 	0.040768 	0.054239 	 0.007112 
0.343861 	0.073627 	0.048151 	0.063786 	 0.008592 
0.344658 	0.062033 	0.040834 	0.052788 	 0.007228 
0.343724 	0.070612 	0.046712 	0.059035 	 0.008138 
0.343997 	0.070007 	0.045858 	0.059467 	 0.007389 
0.350197 	0.064212 	0.042948 	0.051404 	 0.007010 
0.334795 	0.070294 	0.046410 	0.056452 	 0.007647 
0.337636 	0.071689 	0.047479 	0.060115 	 0.007859 
0.340062 	0.063796 	0.041793 	0.055193 	 0.007025 
0.328302 	0.066771 	0.044244 	0.055309 	 0.008221 
0.347463 	0.059383 	0.039595 	0.048459 	 0.006679 
0.335839 	0.069002 	0.045963 	0.055702 	 0.007521 
0.334012 	0.069268 	0.046133 	0.056100 	 0.008431 
0.333430 	0.075628 	0.050042 	0.059382 	 0.007207 
0.333947 	0.069268 	0.045986 	0.057018 	 0.008178 
0.323638 	0.078041 	0.051282 	0.064137 	 0.008555 
0.334836 	0.073921 	0.049615 	0.057719 	 0.008728 
0.319510 	0.080828 	0.053607 	0.062851 	 0.008944 
0.311937 	0.087946 	0.057956 	0.069951 	 0.009109 
0.314974 	0.079308 	0.052430 	0.061733 	 0.008954 
0.310893 	0.090538 	0.060208 	0.068545 	 0.009576 
0.324662 	0.066802 	0.044253 	0.054420 	 0.007639 
0.329000 	0.075391 	0.050176 	0.059366 	 0.008011 
0.332230 	0.068420 	0.045124 	0.058466 	 0.007724 
0.324890 	0.076707 	0.051210 	0.058554 	 0.007708 
0.307314 	0.086689 	0.057418 	0.067515 	 0.009389 
0.314684 	0.081468 	0.054106 	0.063785 	 0.009239 
0.306675 	0.082334 	0.054396 	0.063760 	 0.008728 
0.311441 	0.081882 	0.054045 	0.065216 	 0.009116 
0.304819 	0.080320 	0.052655 	0.064197 	 0.008060 
0.320158 	0.074656 	0.049904 	0.056723 	 0.007968 
0.303844 	0.086277 	0.057040 	0.066122 	 0.008533 
0.308666 	0.080873 	0.053695 	0.062708 	 0.008703 
0.298067 	0.103300 	0.068528 	0.077187 	 0.010046 
0.299858 	0.097775 	0.064682 	0.075300 	 0.010094 
0.302795 	0.085597 	0.056962 	0.065783 	 0.009611 
0.298674 	0.091663 	0.060966 	0.069234 	 0.009313 
0.296636 	0.093994 	0.062663 	0.069722 	 0.010055 
0.296590 	0.088054 	0.058661 	0.067048 	 0.009724 
0.306338 	0.079317 	0.052508 	0.062243 	 0.008498 
0.300575 	0.085980 	0.057603 	0.063829 	 0.009568 
0.297668 	0.090911 	0.060592 	0.068757 	 0.009810 
0.299986 	0.091051 	0.060392 	0.070388 	 0.009088 
0.280554 	0.102166 	0.067864 	0.075775 	 0.011242 
0.290735 	0.098071 	0.065277 	0.071414 	 0.009665 
0.288061 	0.103836 	0.068621 	0.077634 	 0.009909 
0.282875 	0.097149 	0.064568 	0.073216 	 0.009983 
0.288595 	0.091145 	0.061015 	0.065611 	 0.009479 
0.287175 	0.093860 	0.062644 	0.068877 	 0.009709 
0.296832 	0.085795 	0.057500 	0.063419 	 0.009382 
0.295961 	0.090024 	0.060473 	0.066604 	 0.009619 
0.289460 	0.093409 	0.062094 	0.070302 	 0.009102 
0.291472 	0.089026 	0.059881 	0.064867 	 0.009796 
0.289636 	0.097056 	0.065149 	0.068066 	 0.009907 
0.284473 	0.105487 	0.070369 	0.076340 	 0.010512 
0.282522 	0.101111 	0.067335 	0.074376 	 0.010240 
0.283717 	0.094808 	0.063604 	0.069610 	 0.010151 
0.281185 	0.106619 	0.071131 	0.076976 	 0.010290 
0.278607 	0.103461 	0.068987 	0.074521 	 0.010145 
0.284902 	0.095977 	0.064105 	0.068364 	 0.008942 
0.272251 	0.106658 	0.071230 	0.075763 	 0.010638 
0.286016 	0.085167 	0.057275 	0.061393 	 0.009228 
0.277946 	0.106139 	0.071146 	0.076468 	 0.010703 
0.275372 	0.098500 	0.065624 	0.071891 	 0.009666 
0.270196 	0.110378 	0.073592 	0.079040 	 0.010674 
0.286103 	0.092977 	0.062658 	0.066620 	 0.009586 
0.271361 	0.105908 	0.071013 	0.074863 	 0.010435 
0.275238 	0.102385 	0.068327 	0.074689 	 0.010066 
0.271512 	0.105116 	0.070089 	0.076823 	 0.010494 
0.278861 	0.092942 	0.062089 	0.069400 	 0.009675 
0.275860 	0.104342 	0.070373 	0.072662 	 0.010531 
0.270767 	0.102020 	0.068784 	0.070243 	 0.010481 
0.274877 	0.104982 	0.070427 	0.073932 	 0.010096 
0.258478 	0.116287 	0.077729 	0.082514 	 0.011540 
0.266024 	0.112054 	0.074930 	0.079906 	 0.010614 
0.262230 	0.104603 	0.070243 	0.073189 	 0.010645 
0.277739 	0.102035 	0.068352 	0.072100 	 0.009978 
0.268463 	0.102952 	0.069132 	0.074955 	 0.010896 
0.263035 	0.114643 	0.076980 	0.079855 	 0.011341 
0.273975 	0.097001 	0.065212 	0.067706 	 0.009512 
0.258664 	0.107299 	0.072429 	0.072446 	 0.010927 
0.258273 	0.109387 	0.073505 	0.076427 	 0.010995 
0.258217 	0.118456 	0.079692 	0.080046 	 0.011320 
0.239816 	0.126527 	0.084750 	0.086018 	 0.011712 
0.257569 	0.109478 	0.073715 	0.075319 	 0.010813 
0.258353 	0.104749 	0.070596 	0.071335 	 0.010852 
0.254603 	0.120810 	0.080894 	0.083009 	 0.011112 
0.262412 	0.107022 	0.072128 	0.073671 	 0.010243 
0.259168 	0.104616 	0.070686 	0.070013 	 0.009999 
0.246400 	0.122970 	0.082873 	0.080254 	 0.011014 
0.253962 	0.116289 	0.078243 	0.075936 	 0.010326 
0.268783 	0.103286 	0.070429 	0.065014 	 0.009345 
0.262228 	0.110738 	0.075472 	0.070504 	 0.010221 
0.259544 	0.104836 	0.070449 	0.073212 	 0.010041 
0.237275 	0.125770 	0.084423 	0.083993 	 0.011371 
0.261888 	0.119465 	0.080514 	0.080021 	 0.010272 
0.250317 	0.112775 	0.076716 	0.072190 	 0.010893 
0.254782 	0.119060 	0.080862 	0.076667 	 0.010679 
0.244844 	0.119572 	0.080761 	0.077264 	 0.010927 
0.227632 	0.131646 	0.088542 	0.086784 	 0.011954 
0.246013 	0.117229 	0.078926 	0.078971 	 0.010618 
0.237848 	0.126206 	0.084882 	0.082333 	 0.011024 
0.238065 	0.125654 	0.084971 	0.079629 	 0.011240 
0.246830 	0.124035 	0.083881 	0.081979 	 0.011229 
0.239290 	0.123626 	0.083516 	0.082292 	 0.011669 
0.246226 	0.119887 	0.081595 	0.074882 	 0.010823 
0.221497 	0.132349 	0.089211 	0.086244 	 0.012199 
0.231765 	0.132939 	0.089739 	0.085779 	 0.011929 
0.231530 	0.126209 	0.085141 	0.083792 	 0.011701 
0.232839 	0.121821 	0.082049 	0.078988 	 0.010853 
0.240467 	0.115805 	0.078532 	0.074397 	 0.010914 
0.224973 	0.137180 	0.092801 	0.086967 	 0.012148 
0.232382 	0.128154 	0.087187 	0.080667 	 0.011984 
0.226150 	0.138134 	0.093281 	0.088546 	 0.011878 
0.241349 	0.107033 	0.073098 	0.065198 	 0.009559 
0.235042 	0.118846 	0.080994 	0.076065 	 0.011443 
0.227950 	0.136817 	0.092430 	0.089828 	 0.012512 
0.217630 	0.132510 	0.089608 	0.084253 	 0.012242 
0.215379 	0.135145 	0.091047 	0.089097 	 0.012443 
0.233706 	0.131943 	0.089655 	0.081614 	 0.011333 
0.217286 	0.136612 	0.092494 	0.087092 	 0.012320 
0.223523 	0.123273 	0.083705 	0.076268 	 0.011153 
0.209173 	0.150015 	0.101237 	0.095168 	 0.013242 
0.212381 	0.140151 	0.094815 	0.086627 	 0.012037 
0.206487 	0.140155 	0.095069 	0.087128 	 0.012976 
0.210887 	0.147246 	0.099799 	0.092588 	 0.013069 
0.220912 	0.128941 	0.088309 	0.076427 	 0.011947 
0.201749 	0.143681 	0.097196 	0.089626 	 0.012826 
0.202549 	0.154998 	0.104878 	0.096652 	 0.013609 
0.219838 	0.134080 	0.091217 	0.083232 	 0.012265 
0.208273 	0.143240 	0.097636 	0.087509 	 0.013185 
0.201772 	0.140732 	0.095552 	0.087380 	 0.012864 
0.194336 	0.155702 	0.105343 	0.096517 	 0.013449 
0.207446 	0.137148 	0.093253 	0.087525 	 0.013111 
0.207264 	0.146179 	0.099521 	0.088014 	 0.012524 
0.199625 	0.148074 	0.100227 	0.092910 	 0.012742 
0.210727 	0.134481 	0.091571 	0.079951 	 0.011226 
0.197595 	0.147466 	0.100325 	0.090094 	 0.013270 
0.204431 	0.144283 	0.097933 	0.088973 	 0.012774 
0.185777 	0.164753 	0.111314 	0.102866 	 0.013943 
0.188394 	0.158460 	0.107306 	0.098426 	 0.014075 
0.193679 	0.142530 	0.097085 	0.083509 	 0.012080 
0.196380 	0.148543 	0.101018 	0.088825 	 0.013047 
0.192097 	0.151896 	0.103241 	0.094235 	 0.013832 
0.208285 	0.144002 	0.098567 	0.085839 	 0.012352 
0.194330 	0.145721 	0.099347 	0.088611 	 0.013391 
0.191591 	0.144010 	0.098136 	0.086329 	 0.012522 
0.183795 	0.155251 	0.106087 	0.091009 	 0.013792 
0.180952 	0.154345 	0.104481 	0.093579 	 0.013241 
0.197873 	0.141858 	0.097226 	0.084022 	 0.012724 
0.192694 	0.146982 	0.100152 	0.088889 	 0.012445 
0.189109 	0.149375 	0.102278 	0.086153 	 0.013054 
0.189592 	0.150893 	0.102828 	0.090638 	 0.012901 
0.185782 	0.148940 	0.101743 	0.087739 	 0.013215 
0.181221 	0.166468 	0.113151 	0.100152 	 0.014009 
0.186480 	0.154125 	0.105011 	0.091465 	 0.012939 
0.171847 	0.169670 	0.115265 	0.103295 	 0.015174 
0.184474 	0.156103 	0.106572 	0.091828 	 0.012981 
0.176462 	0.167885 	0.114455 	0.098663 	 0.014466 
0.186996 	0.149964 	0.102475 	0.087708 	 0.012240 
0.184255 	0.153336 	0.104981 	0.087613 	 0.012623 
0.172928 	0.171823 	0.116931 	0.104324 	 0.014830 
0.177254 	0.160588 	0.109535 	0.094546 	 0.013569 
0.178344 	0.153490 	0.104729 	0.090549 	 0.013047 
0.161933 	0.161510 	0.110384 	0.095936 	 0.014883 
0.173590 	0.160399 	0.109880 	0.091812 	 0.013557 
0.159506 	0.172851 	0.117196 	0.104863 	 0.014630 
0.168028 	0.166712 	0.114141 	0.095650 	 0.013806 
0.164515 	0.165366 	0.112994 	0.097726 	 0.014513 
0.187881 	0.152741 	0.105195 	0.084868 	 0.012298 
0.177251 	0.156349 	0.107373 	0.088869 	 0.012845 
0.169992 	0.157505 	0.108156 	0.089950 	 0.013652 
0.165328 	0.165436 	0.112995 	0.096785 	 0.014116 
0.169210 	0.167013 	0.114346 	0.096855 	 0.013857 
0.164091 	0.168248 	0.115222 	0.096661 	 0.014082 
0.171650 	0.160157 	0.109774 	0.093289 	 0.013458 
0.170276 	0.170784 	0.116492 	0.100638 	 0.014019 
0.170786 	0.157634 	0.108649 	0.088447 	 0.013900 
0.161121 	0.172700 	0.118397 	0.098996 	 0.014962 
0.161077 	0.156656 	0.107479 	0.088002 	 0.013130 
0.160850 	0.172252 	0.118061 	0.098295 	 0.013933 
0.166702 	0.162735 	0.111273 	0.094778 	 0.013441 
0.155319 	0.166040 	0.113465 	0.095205 	 0.013692 
0.162176 	0.166248 	0.113927 	0.097286 	 0.014388 
0.155279 	0.169198 	0.115915 	0.097853 	 0.014583 
0.151302 	0.173418 	0.119177 	0.097588 	 0.014544 
0.147769 	0.175285 	0.119887 	0.102110 	 0.014882 
0.166348 	0.168768 	0.116196 	0.094544 	 0.014102 
0.168641 	0.162333 	0.111553 	0.093308 	 0.013461 
0.156611 	0.176984 	0.121496 	0.099327 	 0.014099 
0.147003 	0.178665 	0.122331 	0.101529 	 0.014760 
0.142113 	0.185343 	0.126995 	0.108078 	 0.015980 
0.150155 	0.179258 	0.122972 	0.100067 	 0.014921 
0.147772 	0.175358 	0.120428 	0.099058 	 0.014612 
0.149851 	0.173540 	0.118821 	0.097609 	 0.014076 
0.139753 	0.183181 	0.125625 	0.102239 	 0.014653 
0.146469 	0.180854 	0.123881 	0.103339 	 0.014701 
0.145184 	0.176353 	0.121059 	0.100162 	 0.014669 
0.157225 	0.161244 	0.111391 	0.086628 	 0.013840 
0.147974 	0.177127 	0.121620 	0.100480 	 0.014696 
0.159533 	0.162772 	0.112564 	0.085884 	 0.013001 
0.147892 	0.171879 	0.118593 	0.094782 	 0.014319 
0.142316 	0.176050 	0.121021 	0.097086 	 0.014648 
0.149026 	0.171077 	0.118100 	0.091342 	 0.013832 
0.152280 	0.178796 	0.123376 	0.098426 	 0.014406 
0.153040 	0.171137 	0.117964 	0.093787 	 0.013888 
0.147507 	0.179368 	0.123412 	0.098601 	 0.014680 
0.142275 	0.186216 	0.127868 	0.105960 	 0.015293 
0.151222 	0.168671 	0.116632 	0.092422 	 0.013901 
0.147284 	0.172474 	0.119590 	0.092466 	 0.014718 
0.145002 	0.179933 	0.123908 	0.101754 	 0.014609 
0.140355 	0.183233 	0.126287 	0.102803 	 0.015079 
0.129096 	0.195328 	0.133951 	0.108294 	 0.015391 
0.141957 	0.172588 	0.119684 	0.094179 	 0.014659 
0.153064 	0.167044 	0.116144 	0.088560 	 0.013693 
0.134927 	0.186347 	0.128254 	0.101904 	 0.014757 
0.128698 	0.178277 	0.123364 	0.095810 	 0.014821 
0.147637 	0.174447 	0.120972 	0.090330 	 0.013519 
0.133142 	0.179160 	0.123818 	0.095661 	 0.014442 
0.135683 	0.172652 	0.119916 	0.090218 	 0.014408 
0.133664 	0.179431 	0.124194 	0.095741 	 0.014720 
0.146881 	0.176719 	0.122101 	0.097342 	 0.013949 
0.124532 	0.196307 	0.135269 	0.105495 	 0.015523 
0.146377 	0.177515 	0.122898 	0.094150 	 0.013584 
0.138396 	0.178883 	0.123829 	0.095247 	 0.014065 
0.132130 	0.179486 	0.124792 	0.093761 	 0.014997 
0.127697 	0.183811 	0.127225 	0.097697 	 0.014728 
0.146429 	0.160246 	0.112036 	0.081435 	 0.013414 
0.123463 	0.181381 	0.124800 	0.099968 	 0.014721 
0.127077 	0.187737 	0.130049 	0.097847 	 0.014758 
0.128295 	0.188783 	0.130633 	0.101743 	 0.015192 
0.128842 	0.189843 	0.131228 	0.103294 	 0.014991 
0.131041 	0.179576 	0.124717 	0.094198 	 0.014046 
0.123994 	0.192045 	0.132989 	0.102551 	 0.015470 
0.125172 	0.196739 	0.135994 	0.105123 	 0.015415 
0.128305 	0.174332 	0.121397 	0.090996 	 0.014216 
0.123830 	0.189567 	0.131749 	0.097926 	 0.015105 
0.125842 	0.180060 	0.125334 	0.092878 	 0.014579 
0.128547 	0.184300 	0.128445 	0.094338 	 0.014849 
0.136872 	0.182359 	0.126911 	0.096379 	 0.014837 
0.120186 	0.189177 	0.130976 	0.100803 	 0.015609 
0.102349 	0.196530 	0.135989 	0.103564 	 0.016018 
0.116477 	0.199082 	0.137978 	0.104314 	 0.015649 
0.122984 	0.186492 	0.129874 	0.095067 	 0.014905 
0.112024 	0.204374 	0.141697 	0.107843 	 0.016041 
0.111158 	0.193566 	0.133913 	0.102764 	 0.015457 
0.127654 	0.185369 	0.129024 	0.095927 	 0.014497 
0.126070 	0.192120 	0.133644 	0.100600 	 0.015193 
0.133652 	0.173189 	0.121268 	0.086911 	 0.014123 
0.121080 	0.194070 	0.134572 	0.101525 	 0.014829 
0.104821 	0.199206 	0.138570 	0.102767 	 0.015851 
0.111414 	0.194934 	0.135618 	0.099659 	 0.015418 
0.119656 	0.188542 	0.131684 	0.095526 	 0.014917 
0.122045 	0.191470 	0.133737 	0.097274 	 0.014816 
0.121397 	0.192468 	0.134051 	0.101243 	 0.014949 
0.119537 	0.188836 	0.131465 	0.099504 	 0.015217 
0.112376 	0.184782 	0.129000 	0.092977 	 0.014845 
0.119747 	0.185122 	0.129446 	0.091206 	 0.014473 
0.108085 	0.182341 	0.127296 	0.093232 	 0.014688 
0.122476 	0.187728 	0.131139 	0.095782 	 0.014383 
0.115477 	0.192294 	0.134153 	0.096796 	 0.014717 
0.100096 	0.207170 	0.143713 	0.110654 	 0.016523 
0.101275 	0.195531 	0.136349 	0.099589 	 0.016142 
0.100362 	0.200765 	0.140247 	0.103305 	 0.016822 
0.102958 	0.201361 	0.140116 	0.104472 	 0.016065 
0.112955 	0.192492 	0.134634 	0.096649 	 0.015117 
0.108729 	0.196709 	0.137185 	0.101940 	 0.015635 
0.119420 	0.182938 	0.128480 	0.088423 	 0.014281 
0.118961 	0.178718 	0.125342 	0.087041 	 0.013225 
0.104229 	0.202452 	0.141425 	0.101950 	 0.015856 
0.104469 	0.196258 	0.137008 	0.099115 	 0.015606 
0.110249 	0.189825 	0.133322 	0.093738 	 0.015019 
0.109811 	0.191321 	0.133951 	0.095377 	 0.015064 
0.104315 	0.201713 	0.140841 	0.103481 	 0.016052 
0.117706 	0.178819 	0.126040 	0.085569 	 0.014030 
0.114824 	0.190678 	0.133826 	0.093805 	 0.014739 
0.098526 	0.201076 	0.140298 	0.101809 	 0.015643 
0.103249 	0.197978 	0.138678 	0.098592 	 0.015574 
0.116351 	0.183646 	0.129007 	0.090454 	 0.014375 
0.096999 	0.187011 	0.131967 	0.088448 	 0.015249 
0.101934 	0.199507 	0.139265 	0.103281 	 0.015728 
0.093452 	0.203113 	0.141743 	0.102595 	 0.015856 
0.091107 	0.206164 	0.143896 	0.106395 	 0.016252 
0.106697 	0.186480 	0.131223 	0.090633 	 0.014442 
0.114204 	0.177242 	0.125407 	0.084005 	 0.014332 
0.099988 	0.199826 	0.139842 	0.099402 	 0.014811 
0.100164 	0.191566 	0.134878 	0.092263 	 0.015209 
0.101245 	0.191887 	0.135057 	0.092876 	 0.014496 
0.099222 	0.204510 	0.143090 	0.103182 	 0.015979 
0.101853 	0.198944 	0.139701 	0.098811 	 0.016034 
0.096893 	0.193787 	0.136672 	0.091241 	 0.014971 
0.100512 	0.198037 	0.139278 	0.099533 	 0.016061 
0.095651 	0.197712 	0.138906 	0.096881 	 0.015512 
0.085671 	0.208664 	0.145964 	0.105550 	 0.016696 
0.099275 	0.203624 	0.143360 	0.099381 	 0.016406 
0.095961 	0.195974 	0.138052 	0.094520 	 0.016063 
0.098581 	0.203377 	0.143045 	0.097780 	 0.015406 
0.092956 	0.195802 	0.137848 	0.094803 	 0.015485 
0.099232 	0.197931 	0.139204 	0.097500 	 0.015215 
0.110198 	0.182791 	0.129814 	0.085504 	 0.014444 
0.100469 	0.192517 	0.135951 	0.092394 	 0.015217 
0.092440 	0.202925 	0.143014 	0.097991 	 0.015805 
0.101251 	0.190311 	0.134437 	0.090797 	 0.015128 
0.093258 	0.198857 	0.140497 	0.094693 	 0.015475 
0.089318 	0.203906 	0.143167 	0.100930 	 0.015725 
0.101737 	0.184995 	0.131471 	0.087818 	 0.015547 
0.089082 	0.205187 	0.144518 	0.099986 	 0.016114 
0.109220 	0.187595 	0.132994 	0.088705 	 0.014251 
0.090794 	0.194016 	0.137364 	0.091682 	 0.015500 
0.089381 	0.189134 	0.134080 	0.088158 	 0.015253 
0.094902 	0.189074 	0.134042 	0.088471 	 0.015154 
0.099737 	0.193359 	0.137028 	0.089712 	 0.015120 
0.087580 	0.200601 	0.141754 	0.094967 	 0.015489 
0.110315 	0.188621 	0.133929 	0.088097 	 0.014184 
0.084256 	0.204449 	0.144200 	0.096945 	 0.015670 
0.095470 	0.193467 	0.137092 	0.090751 	 0.015289 
0.098195 	0.190201 	0.135610 	0.084815 	 0.015041 
0.088875 	0.199699 	0.141677 	0.092089 	 0.015611 
0.071681 	0.216507 	0.152213 	0.106347 	 0.017091 
0.086967 	0.206323 	0.145575 	0.098712 	 0.015562 
0.095999 	0.198877 	0.140909 	0.091581 	 0.014977 
0.077647 	0.205826 	0.145607 	0.097133 	 0.015918 
0.096613 	0.198461 	0.140958 	0.092625 	 0.015707 
0.080988 	0.203240 	0.143394 	0.097807 	 0.016074 
0.084940 	0.213247 	0.150446 	0.102396 	 0.016275 
0.082144 	0.207447 	0.146518 	0.099564 	 0.016055 
0.084414 	0.205188 	0.145183 	0.097873 	 0.015899 
0.096160 	0.197934 	0.140463 	0.093005 	 0.014871 
0.086480 	0.200023 	0.142151 	0.092041 	 0.015569 
0.092275 	0.196581 	0.140782 	0.088479 	 0.015883 
0.085273 	0.198707 	0.141297 	0.093687 	 0.016216 
0.078065 	0.211275 	0.149257 	0.103734 	 0.016619 
0.076175 	0.207725 	0.146917 	0.098749 	 0.015989 
0.082544 	0.209253 	0.148301 	0.099246 	 0.016013 
0.086138 	0.203721 	0.145128 	0.091405 	 0.015588 
0.082200 	0.209221 	0.148228 	0.097721 	 0.015781 
0.087490 	0.201120 	0.143289 	0.090440 	 0.014813 
0.094630 	0.189462 	0.135421 	0.084475 	 0.014311 
0.086736 	0.205736 	0.146235 	0.094352 	 0.015586 
0.083872 	0.206920 	0.147089 	0.096033 	 0.015626 
0.077033 	0.206015 	0.146231 	0.096185 	 0.015622 
0.091875 	0.199647 	0.142521 	0.090703 	 0.015316 
0.095752 	0.192365 	0.137904 	0.086790 	 0.015240 
0.080668 	0.200926 	0.143582 	0.086909 	 0.015371 
0.072583 	0.208566 	0.148842 	0.094685 	 0.016763 
0.079423 	0.203387 	0.144884 	0.092672 	 0.015578 
0.078372 	0.213094 	0.150910 	0.100980 	 0.015418 
0.084291 	0.198020 	0.141755 	0.087152 	 0.014851 
0.060665 	0.216657 	0.153196 	0.102165 	 0.016509 
0.082831 	0.205673 	0.146820 	0.093652 	 0.015600 
0.082586 	0.195687 	0.140051 	0.090080 	 0.015227 
0.071638 	0.216074 	0.153408 	0.101815 	 0.017136 
0.071761 	0.219657 	0.155950 	0.102076 	 0.016885 
0.088003 	0.202990 	0.145197 	0.092349 	 0.015900 
0.083269 	0.198899 	0.142200 	0.088792 	 0.015050 
0.064987 	0.219290 	0.155551 	0.103606 	 0.016974 
0.088824 	0.199611 	0.143144 	0.086913 	 0.014434 
0.083722 	0.199394 	0.142808 	0.089922 	 0.015552 
0.067956 	0.223834 	0.158596 	0.106604 	 0.016608 
0.079250 	0.210329 	0.150010 	0.095417 	 0.015307 
0.072183 	0.208056 	0.148790 	0.092533 	 0.015740 
0.071222 	0.206477 	0.147641 	0.094157 	 0.015939 
0.063254 	0.220844 	0.157391 	0.104056 	 0.017541 
0.066115 	0.219024 	0.156001 	0.100480 	 0.016520 
0.074470 	0.209802 	0.150367 	0.092766 	 0.015932 
0.079977 	0.205529 	0.147257 	0.091489 	 0.015520 
0.064235 	0.221460 	0.157461 	0.104610 	 0.017459 
0.076756 	0.203752 	0.146617 	0.088194 	 0.016164 
0.063068 	0.224785 	0.159943 	0.103520 	 0.017141 
0.063623 	0.212963 	0.152755 	0.094685 	 0.017378 
0.076672 	0.208068 	0.149079 	0.093705 	 0.015933 
0.066484 	0.212820 	0.151858 	0.097774 	 0.016573 
0.068699 	0.217550 	0.155107 	0.098467 	 0.016018 
0.087751 	0.199099 	0.143587 	0.087263 	 0.015681 
0.072130 	0.213172 	0.153123 	0.092748 	 0.016464 
0.079669 	0.197536 	0.141931 	0.084714 	 0.014046 
0.066408 	0.215832 	0.154284 	0.098801 	 0.016874 
0.060815 	0.213989 	0.153338 	0.097041 	 0.016376 
0.072742 	0.204771 	0.147266 	0.089457 	 0.015331 
0.083217 	0.194543 	0.140487 	0.083854 	 0.014947 
0.058590 	0.220403 	0.157583 	0.099981 	 0.016765 
0.083029 	0.203168 	0.146521 	0.088238 	 0.015184 
0.075640 	0.204911 	0.147773 	0.086894 	 0.015674 
0.074042 	0.211220 	0.152052 	0.092459 	 0.015993 
0.067931 	0.200583 	0.145546 	0.082816 	 0.016562 
0.062518 	0.216231 	0.155181 	0.095237 	 0.016179 
0.083424 	0.202138 	0.146290 	0.084688 	 0.015412 
0.068579 	0.213341 	0.153273 	0.094037 	 0.015492 
0.072750 	0.197595 	0.143278 	0.082008 	 0.014893 
0.070317 	0.215070 	0.154424 	0.093697 	 0.015644 
0.065921 	0.213812 	0.153992 	0.093030 	 0.016399 
0.065257 	0.220346 	0.157952 	0.099467 	 0.016637 
0.082634 	0.196178 	0.142544 	0.079583 	 0.014500 
0.074297 	0.203484 	0.147588 	0.085188 	 0.015623 
0.071467 	0.198772 	0.144123 	0.083633 	 0.015217 
0.054203 	0.215126 	0.154663 	0.094167 	 0.016139 
0.059335 	0.212005 	0.152449 	0.094162 	 0.016092 
0.065790 	0.204507 	0.148046 	0.087486 	 0.015678 
0.064681 	0.204489 	0.147782 	0.088610 	 0.015078 
0.067991 	0.204715 	0.148349 	0.086009 	 0.015826 
0.070359 	0.204514 	0.148239 	0.086600 	 0.015525 
0.078086 	0.203580 	0.147955 	0.084685 	 0.015937 
0.080307 	0.209550 	0.151625 	0.088634 	 0.015504 
0.073555 	0.201871 	0.146224 	0.086821 	 0.015146 
0.073648 	0.199239 	0.145389 	0.079403 	 0.015384 
0.066644 	0.217309 	0.156999 	0.091274 	 0.015774 
0.063871 	0.209271 	0.151718 	0.087493 	 0.015682 
0.080570 	0.196795 	0.143688 	0.081885 	 0.015658 
0.056899 	0.215790 	0.155956 	0.092415 	 0.016449 
0.072501 	0.207489 	0.150414 	0.087430 	 0.015194 
0.075216 	0.206331 	0.149748 	0.086516 	 0.014819 
0.076301 	0.203956 	0.148552 	0.084787 	 0.016008 
0.063072 	0.218778 	0.158011 	0.094943 	 0.016354 
0.072697 	0.203650 	0.148249 	0.084216 	 0.015641 
0.079218 	0.198851 	0.145036 	0.082812 	 0.015797 
0.075939 	0.205936 	0.149879 	0.086499 	 0.016039 
0.063321 	0.216526 	0.156636 	0.093455 	 0.015962 
0.075417 	0.195891 	0.143422 	0.077531 	 0.015086 
0.066162 	0.209295 	0.152511 	0.084844 	 0.016255 
0.054108 	0.208162 	0.151733 	0.084652 	 0.016621 
0.085624 	0.193379 	0.141994 	0.075733 	 0.014239 
0.064682 	0.206874 	0.150366 	0.088129 	 0.015641 
0.062529 	0.224419 	0.162310 	0.096222 	 0.016505 
0.064589 	0.209066 	0.151990 	0.088593 	 0.015724 
0.064726 	0.205931 	0.150135 	0.084574 	 0.015282 
0.073466 	0.204862 	0.149715 	0.084045 	 0.015476 
0.053859 	0.217801 	0.158190 	0.092996 	 0.017335 
0.054377 	0.212956 	0.155015 	0.089457 	 0.016812 
0.070346 	0.209074 	0.153110 	0.083881 	 0.016346 
0.055799 	0.233697 	0.168111 	0.105762 	 0.017564 
0.062351 	0.201925 	0.147689 	0.083126 	 0.015852 
0.081149 	0.202387 	0.148625 	0.080153 	 0.015357 
0.068971 	0.202778 	0.148588 	0.081944 	 0.015944 
0.065773 	0.217598 	0.158230 	0.092261 	 0.015870 
0.082833 	0.199702 	0.146765 	0.077732 	 0.014456 
0.052859 	0.226214 	0.164147 	0.096034 	 0.017048 
0.079853 	0.205373 	0.150876 	0.079692 	 0.014819 
0.062303 	0.215138 	0.156688 	0.091715 	 0.016824 
0.075191 	0.211470 	0.154437 	0.087609 	 0.015667 
0.055660 	0.216287 	0.158283 	0.087091 	 0.016866 
0.057066 	0.213612 	0.156118 	0.087635 	 0.016725 
0.062066 	0.220321 	0.160487 	0.094629 	 0.016774 
0.064068 	0.211848 	0.154794 	0.088922 	 0.016299 
0.059713 	0.209703 	0.153319 	0.087309 	 0.016139 
0.056755 	0.210672 	0.154130 	0.088059 	 0.016669 
0.061952 	0.219813 	0.160296 	0.091269 	 0.016575 
0.080054 	0.199051 	0.147377 	0.074322 	 0.015317 
0.074746 	0.214959 	0.157377 	0.089353 	 0.015784 
0.070458 	0.214220 	0.156785 	0.088565 	 0.015974 
0.082509 	0.197967 	0.146387 	0.076613 	 0.014951 
0.080430 	0.193052 	0.143587 	0.071678 	 0.015171 
0.074060 	0.204267 	0.150530 	0.079919 	 0.015836 
0.080570 	0.192167 	0.142958 	0.071368 	 0.015181 
0.088997 	0.192931 	0.143362 	0.073007 	 0.014349 
0.080579 	0.208201 	0.153269 	0.084645 	 0.016142 
0.084529 	0.188127 	0.140021 	0.071966 	 0.014904 
0.083167 	0.200594 	0.148681 	0.076838 	 0.015358 
0.074592 	0.210290 	0.154797 	0.083511 	 0.015797 
0.072565 	0.205270 	0.151987 	0.079863 	 0.016275 
0.076666 	0.207558 	0.153162 	0.083948 	 0.016489 
0.093348 	0.197106 	0.146699 	0.074508 	 0.014704 
0.072922 	0.204816 	0.151043 	0.081205 	 0.015875 
0.079769 	0.197653 	0.147125 	0.074526 	 0.015809 
0.081599 	0.192628 	0.143609 	0.071861 	 0.015213 
0.090607 	0.197119 	0.146902 	0.072202 	 0.014132 
0.095221 	0.197767 	0.146925 	0.075068 	 0.014489 
0.088599 	0.188321 	0.140664 	0.068970 	 0.013857 
0.079199 	0.199520 	0.148024 	0.077539 	 0.015729 
0.070623 	0.211201 	0.156085 	0.084423 	 0.016485 
0.075074 	0.202702 	0.150944 	0.075188 	 0.015201 
0.080784 	0.206716 	0.153259 	0.081046 	 0.015786 
0.084960 	0.194936 	0.145546 	0.071903 	 0.014767 
0.097300 	0.187936 	0.141485 	0.064490 	 0.014002 
0.094669 	0.194657 	0.145289 	0.071354 	 0.014438 
0.089042 	0.197562 	0.147812 	0.073383 	 0.015327 
0.095857 	0.182819 	0.137864 	0.063725 	 0.014166 
0.087509 	0.202425 	0.150671 	0.077992 	 0.014426 
0.075526 	0.213690 	0.158312 	0.083677 	 0.016452 
0.106801 	0.185575 	0.139809 	0.066151 	 0.013471 
0.083399 	0.201049 	0.150225 	0.076946 	 0.016081 
0.077799 	0.202187 	0.151090 	0.075083 	 0.015676 
0.093801 	0.191308 	0.143776 	0.069523 	 0.014644 
0.087789 	0.198710 	0.149048 	0.073220 	 0.015583 
0.083265 	0.200493 	0.149753 	0.075697 	 0.015298 
0.088265 	0.204634 	0.152308 	0.081193 	 0.015502 
0.087833 	0.193522 	0.145326 	0.071716 	 0.015142 
0.096255 	0.182317 	0.137921 	0.063266 	 0.014152 
0.088209 	0.204437 	0.152984 	0.075850 	 0.015643 
0.077934 	0.203178 	0.151727 	0.075423 	 0.015228 
0.097391 	0.189360 	0.143333 	0.067057 	 0.014448 
0.102050 	0.184728 	0.139941 	0.066829 	 0.014768 
0.091865 	0.203893 	0.152783 	0.076035 	 0.015244 
0.086565 	0.203144 	0.151906 	0.076139 	 0.015178 
0.098244 	0.188103 	0.142745 	0.063774 	 0.014309 
0.087941 	0.197403 	0.148746 	0.071060 	 0.015469 
0.094047 	0.198335 	0.149105 	0.071478 	 0.014939 
0.101719 	0.183635 	0.139774 	0.062678 	 0.014804 
0.100641 	0.182809 	0.139087 	0.063178 	 0.014625 
0.105286 	0.183786 	0.140238 	0.059125 	 0.014058 
0.089627 	0.199482 	0.150033 	0.072402 	 0.015167 
0.112266 	0.170842 	0.131775 	0.052536 	 0.013525 
0.090977 	0.200585 	0.150365 	0.077052 	 0.015418 
0.108504 	0.186668 	0.141876 	0.062744 	 0.013444 
0.086893 	0.208360 	0.155500 	0.082066 	 0.015718 
0.097884 	0.190971 	0.144711 	0.066435 	 0.014104 
0.098333 	0.195890 	0.148066 	0.071004 	 0.014618 
0.096005 	0.192218 	0.145238 	0.068369 	 0.014075 
0.107234 	0.185205 	0.141164 	0.063319 	 0.013478 
0.102976 	0.191928 	0.145510 	0.066786 	 0.013981 
0.100784 	0.185645 	0.141348 	0.064661 	 0.014061 
0.107989 	0.189065 	0.144348 	0.063236 	 0.014174 
0.109183 	0.176908 	0.136499 	0.054387 	 0.013805 
0.090281 	0.203289 	0.152535 	0.077382 	 0.014940 
0.101533 	0.196624 	0.148696 	0.073951 	 0.015808 
0.077311 	0.213310 	0.160094 	0.080282 	 0.016101 
0.099204 	0.183568 	0.140614 	0.060264 	 0.014325 
0.106514 	0.179113 	0.138090 	0.056607 	 0.014177 
0.096639 	0.191450 	0.146046 	0.066255 	 0.015298 
0.097431 	0.194659 	0.148245 	0.066936 	 0.015018 
0.075628 	0.218946 	0.163692 	0.085509 	 0.016855 
0.087069 	0.201395 	0.152625 	0.072839 	 0.016248 
0.087540 	0.193193 	0.147161 	0.065040 	 0.015197 
0.094894 	0.195172 	0.148838 	0.066078 	 0.015385 
0.092682 	0.198278 	0.150759 	0.069115 	 0.015287 
0.091484 	0.194813 	0.148450 	0.067585 	 0.014835 
0.082757 	0.197815 	0.150462 	0.067984 	 0.015164 
0.076925 	0.202502 	0.153572 	0.071174 	 0.015787 
0.105936 	0.181127 	0.139413 	0.058640 	 0.013553 
0.099617 	0.186432 	0.142822 	0.062351 	 0.013537 
0.099534 	0.186895 	0.143163 	0.061374 	 0.013734 
0.086176 	0.191491 	0.146576 	0.063590 	 0.015264 
0.100224 	0.185024 	0.142349 	0.061367 	 0.013914 
0.088531 	0.185770 	0.142418 	0.064071 	 0.015515 
0.090335 	0.197266 	0.149738 	0.072163 	 0.014873 
0.082952 	0.195883 	0.149737 	0.067677 	 0.015733 
0.094772 	0.193949 	0.148415 	0.066635 	 0.015217 
0.093844 	0.181554 	0.140626 	0.058550 	 0.014941 
0.084546 	0.195127 	0.148918 	0.068585 	 0.015542 
0.083152 	0.191224 	0.146780 	0.063172 	 0.015161 
0.083536 	0.197589 	0.150912 	0.069795 	 0.016152 
0.090533 	0.195076 	0.149485 	0.068109 	 0.015568 
0.090056 	0.188944 	0.145397 	0.060399 	 0.014898 
0.113741 	0.175199 	0.136676 	0.054276 	 0.013393 
0.091885 	0.200826 	0.153108 	0.068987 	 0.014879 
0.089715 	0.177487 	0.137854 	0.053844 	 0.014314 
0.107174 	0.180623 	0.140586 	0.056021 	 0.014457 
0.098818 	0.179620 	0.139825 	0.054268 	 0.014027 
0.093002 	0.191948 	0.147588 	0.062401 	 0.014639 
0.092013 	0.192840 	0.148627 	0.062829 	 0.015556 
0.102473 	0.182237 	0.141266 	0.059681 	 0.014264 
0.093332 	0.181849 	0.140974 	0.060649 	 0.015024 
0.089312 	0.197813 	0.152026 	0.065095 	 0.015308 
0.101381 	0.180658 	0.140753 	0.057285 	 0.014555 
0.100424 	0.173600 	0.135809 	0.052191 	 0.013716 
0.096591 	0.189836 	0.146676 	0.062013 	 0.014642 
0.088719 	0.197846 	0.151929 	0.067981 	 0.015902 
0.096221 	0.185753 	0.144539 	0.055644 	 0.014736 
0.089787 	0.177767 	0.138534 	0.054506 	 0.014149 
0.109856 	0.175576 	0.137733 	0.053078 	 0.013636 
0.078417 	0.197054 	0.151730 	0.067412 	 0.016178 
0.097153 	0.184642 	0.143413 	0.059789 	 0.013869 
0.094025 	0.181613 	0.141791 	0.056954 	 0.015086 
0.088067 	0.186530 	0.145221 	0.057864 	 0.015635 
0.092768 	0.189521 	0.147499 	0.058878 	 0.015361 
0.101003 	0.175206 	0.137384 	0.055298 	 0.014266 
0.069947 	0.208854 	0.159494 	0.074230 	 0.016262 
