di 	gli 	gal 	gos3 	 gos4 
0.421689 	0.025568 	0.015465 	0.016967 	 -0.002026 
0.416686 	0.038249 	0.023555 	0.030069 	 -0.000280 
0.442450 	0.027995 	0.015869 	0.035913 	 -0.001250 
0.418124 	0.051819 	0.031387 	0.051997 	 0.000912 
0.429032 	0.051184 	0.031174 	0.051324 	 0.000101 
0.421192 	0.059015 	0.036485 	0.056250 	 0.000574 
0.408217 	0.061189 	0.037572 	0.059366 	 0.001235 
0.428793 	0.048167 	0.029368 	0.048573 	 -0.000032 
0.423696 	0.059638 	0.036856 	0.056048 	 0.000363 
0.418340 	0.057907 	0.035143 	0.056648 	 0.000041 
0.422762 	0.046739 	0.028125 	0.048856 	 0.000225 
0.409289 	0.056660 	0.034455 	0.056550 	 0.001249 
0.412208 	0.056589 	0.034224 	0.055824 	 0.000587 
0.414587 	0.048562 	0.029017 	0.053811 	 0.000646 
0.397534 	0.078345 	0.048772 	0.069479 	 0.001711 
0.416329 	0.060070 	0.036391 	0.062927 	 0.001324 
0.406823 	0.062571 	0.038604 	0.059138 	 0.001536 
0.412930 	0.068420 	0.042203 	0.064212 	 0.001004 
0.402715 	0.062873 	0.038633 	0.059973 	 0.001137 
0.403842 	0.061113 	0.037808 	0.058691 	 0.002045 
0.395219 	0.076835 	0.047641 	0.070333 	 0.002721 
0.403449 	0.069669 	0.043657 	0.060976 	 0.001537 
0.409324 	0.059924 	0.036775 	0.056910 	 0.000574 
0.386308 	0.077688 	0.048136 	0.071968 	 0.003398 
0.407506 	0.064321 	0.039146 	0.064119 	 0.001332 
0.394376 	0.077594 	0.048160 	0.070470 	 0.002229 
0.396071 	0.070237 	0.043647 	0.065087 	 0.002496 
0.392308 	0.069377 	0.042646 	0.065735 	 0.002283 
0.399869 	0.061073 	0.037753 	0.059123 	 0.002206 
0.389096 	0.081221 	0.050799 	0.072820 	 0.003172 
0.388288 	0.076085 	0.047356 	0.070448 	 0.002894 
0.385400 	0.079316 	0.048970 	0.075480 	 0.003526 
0.388888 	0.077081 	0.047707 	0.072492 	 0.002916 
0.391471 	0.073239 	0.045424 	0.068817 	 0.002794 
0.393737 	0.071521 	0.044247 	0.066351 	 0.002288 
0.392535 	0.067735 	0.041942 	0.063611 	 0.002468 
0.385145 	0.074870 	0.046133 	0.072023 	 0.003111 
0.384544 	0.076078 	0.047211 	0.072206 	 0.003222 
0.383079 	0.077980 	0.048242 	0.074234 	 0.003386 
0.372063 	0.087435 	0.054509 	0.079267 	 0.004298 
0.380194 	0.076059 	0.047071 	0.068446 	 0.002850 
0.365208 	0.084030 	0.052372 	0.074493 	 0.003964 
0.368592 	0.098826 	0.061639 	0.088255 	 0.004500 
0.383268 	0.077685 	0.048275 	0.072100 	 0.003311 
0.383321 	0.076274 	0.047687 	0.071696 	 0.003958 
0.377823 	0.081815 	0.051002 	0.076492 	 0.003669 
0.359551 	0.100499 	0.063179 	0.087406 	 0.005269 
0.369383 	0.086956 	0.054357 	0.077008 	 0.003760 
0.372668 	0.084616 	0.052945 	0.075355 	 0.003541 
0.361721 	0.100682 	0.063257 	0.085616 	 0.004516 
0.373957 	0.083801 	0.051956 	0.075350 	 0.002972 
0.361942 	0.084376 	0.052816 	0.075378 	 0.003867 
0.359659 	0.091410 	0.057446 	0.080444 	 0.004324 
0.374221 	0.087010 	0.055362 	0.072756 	 0.003937 
0.361950 	0.088845 	0.055731 	0.077455 	 0.004215 
0.347730 	0.101432 	0.063952 	0.087112 	 0.005315 
0.355481 	0.099022 	0.062551 	0.084855 	 0.005094 
0.354970 	0.097187 	0.061284 	0.083539 	 0.004749 
0.344090 	0.106116 	0.066792 	0.090626 	 0.004976 
0.364403 	0.088932 	0.055990 	0.080623 	 0.005081 
0.357526 	0.093645 	0.059286 	0.081530 	 0.004707 
0.343227 	0.110186 	0.069488 	0.093856 	 0.005782 
0.353329 	0.093073 	0.058480 	0.082435 	 0.004499 
0.357595 	0.090755 	0.056888 	0.081191 	 0.004477 
0.346861 	0.099001 	0.062380 	0.086382 	 0.005706 
0.330425 	0.115548 	0.073296 	0.096595 	 0.006761 
0.346442 	0.090600 	0.056793 	0.079873 	 0.004493 
0.339988 	0.101929 	0.064122 	0.089250 	 0.005254 
0.339653 	0.105125 	0.066472 	0.089814 	 0.006060 
0.337369 	0.109346 	0.069393 	0.092860 	 0.006461 
0.357023 	0.098045 	0.061871 	0.086203 	 0.004609 
0.344318 	0.097914 	0.061692 	0.084065 	 0.005235 
0.343970 	0.107637 	0.068128 	0.093338 	 0.005922 
0.336109 	0.115034 	0.073072 	0.096797 	 0.006275 
0.337553 	0.110870 	0.070206 	0.094977 	 0.006127 
0.345900 	0.099759 	0.062993 	0.085499 	 0.005635 
0.333918 	0.111456 	0.070489 	0.093810 	 0.005780 
0.349816 	0.102820 	0.065103 	0.087445 	 0.005159 
0.348104 	0.098090 	0.062337 	0.083008 	 0.005207 
0.326010 	0.115126 	0.073129 	0.095070 	 0.006482 
0.347505 	0.093852 	0.059183 	0.080035 	 0.004248 
0.328241 	0.106820 	0.067624 	0.089095 	 0.006126 
0.334217 	0.102391 	0.064984 	0.086928 	 0.005923 
0.337548 	0.102197 	0.065399 	0.083678 	 0.006024 
0.341987 	0.093338 	0.058830 	0.081595 	 0.004905 
0.344769 	0.098602 	0.062570 	0.084513 	 0.006141 
0.327392 	0.111852 	0.071230 	0.091308 	 0.006269 
0.329525 	0.101525 	0.064618 	0.085285 	 0.006077 
0.325861 	0.110681 	0.070107 	0.093922 	 0.005898 
0.333664 	0.103661 	0.065764 	0.087690 	 0.005504 
0.342274 	0.097616 	0.062036 	0.083099 	 0.005367 
0.331049 	0.105418 	0.067013 	0.088787 	 0.005982 
0.329983 	0.110879 	0.070308 	0.093188 	 0.006607 
0.324141 	0.120646 	0.076845 	0.101026 	 0.007134 
0.329125 	0.103748 	0.065622 	0.090190 	 0.006224 
0.332872 	0.100522 	0.063820 	0.084727 	 0.005934 
0.320600 	0.121459 	0.077431 	0.099536 	 0.007508 
0.336736 	0.103478 	0.065760 	0.089298 	 0.006188 
0.328817 	0.110207 	0.070577 	0.089702 	 0.006231 
0.319399 	0.115500 	0.073650 	0.095751 	 0.007437 
0.330283 	0.108983 	0.069593 	0.089825 	 0.006088 
0.319124 	0.120085 	0.077120 	0.093797 	 0.006879 
0.320265 	0.116048 	0.074142 	0.094802 	 0.006657 
0.322384 	0.109652 	0.069793 	0.090213 	 0.006412 
0.326561 	0.113010 	0.072132 	0.092941 	 0.005817 
0.321238 	0.110447 	0.070723 	0.090055 	 0.006767 
0.322833 	0.107025 	0.068302 	0.087745 	 0.006181 
0.323546 	0.119016 	0.076336 	0.096582 	 0.006967 
0.317863 	0.114089 	0.073236 	0.092817 	 0.006860 
0.317539 	0.118609 	0.076418 	0.094598 	 0.007067 
0.310201 	0.132575 	0.085712 	0.101918 	 0.007853 
0.323100 	0.122155 	0.078255 	0.098546 	 0.006850 
0.316420 	0.125826 	0.080975 	0.102282 	 0.007960 
0.326224 	0.109975 	0.070556 	0.088149 	 0.006074 
0.318330 	0.111267 	0.071223 	0.090189 	 0.006652 
0.306639 	0.127777 	0.082300 	0.097935 	 0.006846 
0.315682 	0.119780 	0.076699 	0.097906 	 0.007422 
0.315337 	0.117074 	0.075328 	0.093557 	 0.007487 
0.320404 	0.115155 	0.074165 	0.093333 	 0.007418 
0.316729 	0.113552 	0.072811 	0.090464 	 0.006199 
0.314977 	0.114369 	0.073613 	0.091964 	 0.007126 
0.320033 	0.119552 	0.076758 	0.096622 	 0.006419 
0.302041 	0.138954 	0.089961 	0.107054 	 0.008554 
0.296138 	0.139381 	0.089866 	0.108011 	 0.008214 
0.284232 	0.148859 	0.095595 	0.116560 	 0.008721 
0.299292 	0.140895 	0.091091 	0.110191 	 0.008677 
0.297900 	0.133096 	0.085586 	0.106562 	 0.007979 
0.316535 	0.119212 	0.077308 	0.090895 	 0.006694 
0.303738 	0.136912 	0.089076 	0.103682 	 0.008529 
0.307893 	0.124595 	0.080474 	0.096094 	 0.006747 
0.296541 	0.137979 	0.089115 	0.108298 	 0.008401 
0.287723 	0.140832 	0.091282 	0.107610 	 0.009025 
0.302408 	0.129190 	0.083415 	0.100364 	 0.007291 
0.304551 	0.133302 	0.086096 	0.105256 	 0.008086 
0.304713 	0.131505 	0.084971 	0.102639 	 0.007831 
0.304670 	0.119228 	0.076506 	0.094523 	 0.006846 
0.284756 	0.136950 	0.088865 	0.104972 	 0.008817 
0.296774 	0.138548 	0.090109 	0.103850 	 0.008350 
0.311484 	0.132126 	0.085687 	0.098365 	 0.006427 
0.296512 	0.134062 	0.087086 	0.102692 	 0.008075 
0.287029 	0.137662 	0.088924 	0.106853 	 0.008863 
0.281337 	0.147087 	0.094812 	0.114735 	 0.008821 
0.289682 	0.130618 	0.084496 	0.101057 	 0.008250 
0.308303 	0.122441 	0.079626 	0.092783 	 0.006941 
0.304694 	0.130582 	0.084900 	0.099916 	 0.007542 
0.294847 	0.144800 	0.094539 	0.107429 	 0.008411 
0.285775 	0.142914 	0.092988 	0.105907 	 0.008253 
0.291987 	0.139878 	0.090998 	0.103613 	 0.007959 
0.283727 	0.138598 	0.089846 	0.105880 	 0.008990 
0.290156 	0.125818 	0.081883 	0.093736 	 0.007643 
0.290443 	0.139919 	0.090761 	0.105386 	 0.008483 
0.292544 	0.131331 	0.085222 	0.098050 	 0.007502 
0.281379 	0.142534 	0.092658 	0.104594 	 0.007800 
0.297155 	0.132476 	0.085945 	0.102236 	 0.007795 
0.288011 	0.131813 	0.085935 	0.097382 	 0.008293 
0.293195 	0.135755 	0.088223 	0.102983 	 0.008237 
0.285455 	0.138431 	0.090421 	0.102256 	 0.008554 
0.271395 	0.150893 	0.098405 	0.110446 	 0.009407 
0.291599 	0.135439 	0.088412 	0.098740 	 0.007688 
0.286428 	0.135861 	0.088596 	0.100618 	 0.007830 
0.293490 	0.134150 	0.087480 	0.099328 	 0.007303 
0.281935 	0.137607 	0.089461 	0.101747 	 0.007716 
0.283422 	0.145922 	0.095035 	0.106283 	 0.007741 
0.280626 	0.147658 	0.095883 	0.110992 	 0.008963 
0.299570 	0.135762 	0.088898 	0.099617 	 0.007692 
0.284987 	0.137950 	0.090096 	0.099368 	 0.007842 
0.276956 	0.149826 	0.097698 	0.110057 	 0.009042 
0.284975 	0.148886 	0.097288 	0.107957 	 0.008190 
0.274383 	0.146565 	0.095599 	0.107071 	 0.008584 
0.276745 	0.151843 	0.099419 	0.109961 	 0.009125 
0.296460 	0.133191 	0.086873 	0.100299 	 0.007632 
0.263378 	0.156417 	0.102100 	0.112946 	 0.009664 
0.275133 	0.152972 	0.100213 	0.111243 	 0.009333 
0.274107 	0.145995 	0.095189 	0.107449 	 0.008958 
0.278778 	0.154144 	0.101078 	0.110679 	 0.009082 
0.269976 	0.159356 	0.104339 	0.113481 	 0.009163 
0.270572 	0.159869 	0.104452 	0.117820 	 0.009940 
0.260017 	0.157996 	0.103268 	0.113192 	 0.009198 
0.282547 	0.142673 	0.093367 	0.102917 	 0.008465 
0.274115 	0.154796 	0.101353 	0.111329 	 0.008941 
0.270916 	0.153580 	0.100888 	0.108056 	 0.008575 
0.262810 	0.156032 	0.102734 	0.109820 	 0.010076 
0.278300 	0.143302 	0.094112 	0.102463 	 0.008753 
0.256803 	0.174388 	0.114334 	0.124769 	 0.010516 
0.251602 	0.171072 	0.112272 	0.121884 	 0.011109 
0.266904 	0.152964 	0.100841 	0.106151 	 0.009742 
0.260473 	0.158868 	0.104280 	0.112704 	 0.009705 
0.263555 	0.150912 	0.099230 	0.108217 	 0.009933 
0.265425 	0.156349 	0.102250 	0.113018 	 0.009734 
0.264260 	0.167026 	0.109687 	0.122125 	 0.010754 
0.250778 	0.174496 	0.114781 	0.119767 	 0.010308 
0.250629 	0.175197 	0.115156 	0.122847 	 0.010819 
0.259633 	0.170344 	0.111861 	0.121408 	 0.010619 
0.256779 	0.175705 	0.115822 	0.121500 	 0.010809 
0.262836 	0.165974 	0.109538 	0.114050 	 0.010102 
0.270112 	0.155460 	0.102615 	0.107357 	 0.008941 
0.258749 	0.158041 	0.104178 	0.109546 	 0.009885 
0.260453 	0.168646 	0.110880 	0.115761 	 0.009286 
0.267187 	0.161156 	0.106706 	0.110109 	 0.009652 
0.267981 	0.162469 	0.107495 	0.111411 	 0.009820 
0.254007 	0.161202 	0.106399 	0.109566 	 0.009466 
0.261220 	0.170240 	0.112254 	0.117503 	 0.009415 
0.262702 	0.170546 	0.112628 	0.117040 	 0.009703 
0.254754 	0.165131 	0.108937 	0.114963 	 0.010304 
0.264253 	0.163196 	0.107821 	0.114107 	 0.009833 
0.269041 	0.158313 	0.104982 	0.108214 	 0.009446 
0.243364 	0.174131 	0.114856 	0.120231 	 0.010734 
0.250980 	0.171555 	0.113482 	0.114578 	 0.010167 
0.256882 	0.164868 	0.108901 	0.113225 	 0.009747 
0.244913 	0.176412 	0.116597 	0.120559 	 0.010763 
0.261983 	0.161352 	0.106953 	0.109322 	 0.008958 
0.253521 	0.172020 	0.113918 	0.116620 	 0.009887 
0.251394 	0.175198 	0.115677 	0.118791 	 0.009705 
0.258742 	0.161073 	0.106856 	0.109739 	 0.009889 
0.251221 	0.167583 	0.110886 	0.114911 	 0.010257 
0.256580 	0.157761 	0.104453 	0.107148 	 0.008944 
0.245786 	0.175738 	0.116462 	0.118190 	 0.010620 
0.257216 	0.162974 	0.108105 	0.109556 	 0.009350 
0.245821 	0.171873 	0.113573 	0.117216 	 0.009778 
0.254834 	0.160660 	0.106660 	0.107869 	 0.009596 
0.248186 	0.175919 	0.116757 	0.118445 	 0.010436 
0.255279 	0.161401 	0.107197 	0.109746 	 0.009852 
0.251403 	0.163624 	0.108552 	0.110957 	 0.009924 
0.254103 	0.162748 	0.108334 	0.108686 	 0.009870 
0.251845 	0.171849 	0.113986 	0.115524 	 0.010110 
0.245395 	0.174827 	0.116065 	0.116046 	 0.010241 
0.247262 	0.170967 	0.113397 	0.115654 	 0.010501 
0.248935 	0.164952 	0.109778 	0.109099 	 0.009982 
0.242957 	0.173498 	0.115325 	0.116326 	 0.010781 
0.237298 	0.174767 	0.115945 	0.117403 	 0.010480 
0.241189 	0.181089 	0.120118 	0.122716 	 0.010742 
0.237373 	0.171051 	0.113897 	0.111943 	 0.010616 
0.239412 	0.181847 	0.120801 	0.120063 	 0.011007 
0.238264 	0.174892 	0.116103 	0.118705 	 0.011168 
0.238520 	0.186462 	0.124046 	0.122647 	 0.010785 
0.228633 	0.175920 	0.117186 	0.114627 	 0.011350 
0.234783 	0.181139 	0.119953 	0.120106 	 0.010759 
0.241506 	0.166739 	0.111076 	0.107097 	 0.009991 
0.245133 	0.173080 	0.115182 	0.113324 	 0.010230 
0.234496 	0.178694 	0.119083 	0.114440 	 0.010646 
0.242486 	0.172807 	0.115407 	0.111612 	 0.010263 
0.244142 	0.170937 	0.114293 	0.109418 	 0.010442 
0.230211 	0.177775 	0.117799 	0.119552 	 0.010613 
0.221728 	0.194816 	0.129076 	0.131673 	 0.012278 
0.229221 	0.181184 	0.120484 	0.120106 	 0.011036 
0.239201 	0.168359 	0.112804 	0.105010 	 0.010235 
0.220478 	0.193064 	0.128782 	0.124014 	 0.011978 
0.232286 	0.174330 	0.116281 	0.112437 	 0.010462 
0.237683 	0.183143 	0.122389 	0.115643 	 0.010354 
0.234990 	0.186100 	0.123897 	0.121043 	 0.010538 
0.234835 	0.182801 	0.122130 	0.118372 	 0.011312 
0.221797 	0.190445 	0.127260 	0.122095 	 0.011974 
0.236036 	0.181042 	0.120842 	0.116093 	 0.010237 
0.232558 	0.195278 	0.130785 	0.124356 	 0.011962 
0.219664 	0.192656 	0.128813 	0.122552 	 0.012198 
0.232833 	0.190107 	0.127359 	0.119568 	 0.010693 
0.211261 	0.205422 	0.137067 	0.132176 	 0.012440 
0.222105 	0.197745 	0.132533 	0.124982 	 0.012511 
0.213612 	0.197987 	0.132414 	0.124531 	 0.012022 
0.231139 	0.187439 	0.125984 	0.118316 	 0.011481 
0.224323 	0.204568 	0.136422 	0.132166 	 0.011850 
0.209313 	0.197262 	0.131637 	0.125987 	 0.012014 
0.222709 	0.196071 	0.130878 	0.124734 	 0.011488 
0.245219 	0.181978 	0.122485 	0.112303 	 0.009822 
0.228961 	0.178038 	0.119467 	0.109933 	 0.010280 
0.220036 	0.194761 	0.130658 	0.122032 	 0.011602 
0.225903 	0.185681 	0.124711 	0.117307 	 0.011452 
0.227224 	0.188078 	0.125454 	0.120560 	 0.010619 
0.218445 	0.196842 	0.132137 	0.125721 	 0.012703 
0.216612 	0.194947 	0.131003 	0.122789 	 0.012397 
0.228458 	0.187867 	0.126132 	0.118651 	 0.011255 
0.220266 	0.190903 	0.128318 	0.120077 	 0.012104 
0.209907 	0.200575 	0.134563 	0.125104 	 0.012216 
0.198718 	0.224304 	0.150041 	0.141038 	 0.013811 
0.216139 	0.202798 	0.135704 	0.129502 	 0.012430 
0.218700 	0.185071 	0.124656 	0.111857 	 0.011088 
0.218396 	0.196140 	0.131251 	0.125420 	 0.011579 
0.220544 	0.197208 	0.133028 	0.119865 	 0.012180 
0.211358 	0.199809 	0.134266 	0.125098 	 0.012397 
0.224765 	0.194119 	0.130936 	0.119271 	 0.011245 
0.231273 	0.183286 	0.123780 	0.112286 	 0.010852 
0.206473 	0.203367 	0.136644 	0.128334 	 0.012562 
0.212474 	0.191483 	0.129392 	0.115155 	 0.011708 
0.213506 	0.204859 	0.137597 	0.128608 	 0.012279 
0.214362 	0.205052 	0.138217 	0.126758 	 0.012193 
0.217434 	0.202650 	0.136259 	0.127412 	 0.012512 
0.219846 	0.206619 	0.138937 	0.128045 	 0.011406 
0.201220 	0.209618 	0.140905 	0.129747 	 0.012462 
0.211294 	0.206974 	0.139271 	0.128964 	 0.012318 
0.209293 	0.207680 	0.140034 	0.126781 	 0.012483 
0.205190 	0.211236 	0.142563 	0.128196 	 0.012644 
0.211521 	0.197174 	0.133594 	0.118312 	 0.012504 
0.205307 	0.206367 	0.139069 	0.126010 	 0.012015 
0.207783 	0.203772 	0.137409 	0.123509 	 0.011778 
0.210290 	0.199709 	0.134256 	0.124799 	 0.011703 
0.213047 	0.205501 	0.139235 	0.122449 	 0.012172 
0.206961 	0.210994 	0.142451 	0.127234 	 0.012374 
0.203319 	0.211334 	0.142942 	0.125718 	 0.012406 
0.196632 	0.219588 	0.148344 	0.131152 	 0.012886 
0.212834 	0.202261 	0.136806 	0.119447 	 0.011760 
0.215687 	0.196243 	0.132888 	0.118415 	 0.011706 
0.199490 	0.208163 	0.140622 	0.126750 	 0.012635 
0.204198 	0.204306 	0.138037 	0.125534 	 0.012674 
0.209879 	0.203483 	0.137635 	0.120855 	 0.011406 
0.202954 	0.205477 	0.139083 	0.123156 	 0.012558 
0.199389 	0.210972 	0.142935 	0.127666 	 0.013358 
0.207422 	0.201532 	0.136419 	0.120411 	 0.011595 
0.207885 	0.208313 	0.141250 	0.123853 	 0.012030 
0.203432 	0.210350 	0.142583 	0.125016 	 0.011901 
0.204728 	0.207886 	0.141028 	0.122375 	 0.012199 
0.215497 	0.192170 	0.130884 	0.110935 	 0.011030 
0.220201 	0.195086 	0.132596 	0.113607 	 0.010805 
0.211046 	0.190239 	0.129548 	0.110333 	 0.011086 
0.200792 	0.204733 	0.138530 	0.123342 	 0.012595 
0.200600 	0.208511 	0.140938 	0.127840 	 0.012677 
0.206461 	0.205023 	0.139203 	0.120167 	 0.011697 
0.206082 	0.196283 	0.133253 	0.116220 	 0.011897 
0.202073 	0.201230 	0.136618 	0.117748 	 0.011627 
0.204244 	0.205149 	0.139212 	0.120920 	 0.011630 
0.204076 	0.202048 	0.137671 	0.117639 	 0.012432 
0.199723 	0.203440 	0.138000 	0.122281 	 0.012745 
0.198824 	0.208581 	0.141306 	0.124234 	 0.012268 
0.204292 	0.206532 	0.140647 	0.118504 	 0.011776 
0.194210 	0.213556 	0.144638 	0.127188 	 0.012319 
0.203150 	0.197883 	0.134540 	0.116006 	 0.012156 
0.193588 	0.202136 	0.137180 	0.118724 	 0.011900 
0.185977 	0.214283 	0.145346 	0.124710 	 0.012103 
0.201139 	0.204483 	0.139077 	0.118397 	 0.012073 
0.198632 	0.204894 	0.139322 	0.120467 	 0.012406 
0.205521 	0.205185 	0.139675 	0.118873 	 0.011805 
0.205275 	0.204343 	0.139686 	0.115228 	 0.011658 
0.197630 	0.213690 	0.145747 	0.120583 	 0.012121 
0.203116 	0.203657 	0.139077 	0.117603 	 0.011918 
0.189157 	0.223258 	0.151407 	0.131846 	 0.012679 
0.196897 	0.204208 	0.139594 	0.116275 	 0.012116 
0.194439 	0.212304 	0.144419 	0.124583 	 0.012839 
0.200480 	0.207914 	0.141601 	0.120740 	 0.011371 
0.207856 	0.198817 	0.135900 	0.112306 	 0.011269 
0.189070 	0.222100 	0.151407 	0.128575 	 0.013053 
0.200541 	0.202856 	0.138896 	0.115264 	 0.011873 
0.183395 	0.216925 	0.147902 	0.124921 	 0.013044 
0.189207 	0.223714 	0.152489 	0.129772 	 0.013243 
0.188825 	0.219783 	0.150164 	0.125689 	 0.013177 
0.198947 	0.203821 	0.139628 	0.112423 	 0.011412 
0.176541 	0.217345 	0.148518 	0.124128 	 0.013897 
0.178353 	0.217559 	0.148362 	0.123409 	 0.013181 
0.196976 	0.209712 	0.143435 	0.117614 	 0.012372 
0.187007 	0.219272 	0.149593 	0.124822 	 0.012974 
0.168278 	0.232146 	0.157774 	0.134721 	 0.014630 
0.182127 	0.214161 	0.146402 	0.120385 	 0.013043 
0.179661 	0.223058 	0.152221 	0.127667 	 0.013485 
0.187397 	0.209224 	0.143129 	0.117624 	 0.012460 
0.170626 	0.229666 	0.156217 	0.132799 	 0.013928 
0.183547 	0.216533 	0.148531 	0.122022 	 0.013622 
0.178582 	0.223769 	0.152816 	0.126692 	 0.013623 
0.181673 	0.220406 	0.150776 	0.123726 	 0.013042 
0.178681 	0.214315 	0.146694 	0.120534 	 0.012970 
0.191609 	0.209530 	0.144057 	0.115006 	 0.012320 
0.180261 	0.217249 	0.149228 	0.119864 	 0.013074 
0.177491 	0.225990 	0.154549 	0.126285 	 0.013491 
0.174949 	0.229177 	0.156604 	0.129680 	 0.013565 
0.170024 	0.232347 	0.158394 	0.132511 	 0.013854 
0.170292 	0.225469 	0.154497 	0.125354 	 0.013900 
0.188324 	0.221831 	0.152284 	0.122727 	 0.012856 
0.173836 	0.229119 	0.157427 	0.125020 	 0.013825 
0.174148 	0.226215 	0.155265 	0.124822 	 0.013621 
0.179878 	0.221255 	0.151968 	0.121451 	 0.012803 
0.193746 	0.208812 	0.143923 	0.113957 	 0.012342 
0.185909 	0.219495 	0.150616 	0.122359 	 0.013134 
0.166811 	0.234124 	0.160664 	0.130397 	 0.014408 
0.184843 	0.219063 	0.150632 	0.119498 	 0.012982 
0.168737 	0.221852 	0.152589 	0.121038 	 0.013639 
0.180318 	0.227705 	0.156506 	0.123875 	 0.012736 
0.184960 	0.216368 	0.148910 	0.116792 	 0.011870 
0.169125 	0.234158 	0.160355 	0.129999 	 0.013469 
0.160895 	0.236443 	0.162360 	0.130367 	 0.014657 
0.178905 	0.235032 	0.161991 	0.126991 	 0.014062 
0.175878 	0.234376 	0.160930 	0.129640 	 0.013435 
0.173127 	0.224542 	0.154571 	0.122952 	 0.014066 
0.179255 	0.221393 	0.152025 	0.122489 	 0.012543 
0.168103 	0.230582 	0.158345 	0.128853 	 0.014265 
0.176673 	0.228808 	0.157507 	0.126158 	 0.013693 
0.170553 	0.229331 	0.157713 	0.126626 	 0.013938 
0.178559 	0.233053 	0.160235 	0.129649 	 0.014155 
0.184096 	0.225999 	0.156120 	0.122217 	 0.013557 
0.175057 	0.230930 	0.159135 	0.124744 	 0.013823 
0.167235 	0.238797 	0.164319 	0.132988 	 0.014873 
0.176482 	0.221140 	0.153050 	0.115696 	 0.013192 
0.168625 	0.234764 	0.161558 	0.127676 	 0.013917 
0.169192 	0.232021 	0.159857 	0.126713 	 0.014205 
0.168400 	0.238787 	0.164468 	0.129995 	 0.014569 
0.183740 	0.220391 	0.152557 	0.117577 	 0.013080 
0.167043 	0.233792 	0.161411 	0.127795 	 0.014834 
0.165204 	0.237980 	0.164069 	0.127609 	 0.013755 
0.170002 	0.234634 	0.161904 	0.124826 	 0.013401 
0.155802 	0.242622 	0.167074 	0.130596 	 0.014454 
0.164059 	0.240144 	0.165386 	0.131252 	 0.015075 
0.174578 	0.233419 	0.161281 	0.125640 	 0.013773 
0.176860 	0.231061 	0.160014 	0.122951 	 0.013425 
0.157047 	0.234993 	0.162171 	0.124914 	 0.014200 
0.176765 	0.240112 	0.166003 	0.128045 	 0.013445 
0.166164 	0.237368 	0.163494 	0.129842 	 0.013505 
0.173043 	0.230387 	0.159525 	0.121978 	 0.013088 
0.165847 	0.227092 	0.157125 	0.121762 	 0.013782 
0.157209 	0.243313 	0.168106 	0.130281 	 0.014740 
0.160497 	0.247813 	0.170700 	0.134026 	 0.014266 
0.172149 	0.227717 	0.157920 	0.119788 	 0.013025 
0.190088 	0.217638 	0.152091 	0.110588 	 0.012457 
0.166921 	0.235209 	0.163017 	0.123233 	 0.013644 
0.165233 	0.243913 	0.168581 	0.129649 	 0.014000 
0.154993 	0.241731 	0.166913 	0.130458 	 0.014293 
0.156707 	0.246661 	0.170533 	0.131257 	 0.014439 
0.167553 	0.237810 	0.164808 	0.124558 	 0.014083 
0.146627 	0.250039 	0.172445 	0.134561 	 0.015256 
0.158022 	0.239506 	0.165803 	0.125092 	 0.014117 
0.166161 	0.237196 	0.164483 	0.123764 	 0.013537 
0.171137 	0.233913 	0.162690 	0.120855 	 0.013505 
0.170923 	0.232747 	0.161842 	0.120881 	 0.013626 
0.162782 	0.245947 	0.170300 	0.131948 	 0.014910 
0.172146 	0.233987 	0.162744 	0.119062 	 0.012873 
0.149118 	0.251513 	0.174120 	0.132360 	 0.015246 
0.156074 	0.249142 	0.172738 	0.129839 	 0.014278 
0.164076 	0.227756 	0.158481 	0.116576 	 0.013271 
0.169204 	0.229814 	0.159472 	0.118658 	 0.012526 
0.157907 	0.234454 	0.163082 	0.122283 	 0.014076 
0.166117 	0.240456 	0.167512 	0.123858 	 0.013992 
0.164799 	0.226407 	0.157801 	0.114595 	 0.012823 
0.157906 	0.236319 	0.164018 	0.123868 	 0.013626 
0.151270 	0.244840 	0.169262 	0.131416 	 0.014366 
0.152570 	0.245817 	0.170522 	0.130354 	 0.014732 
0.155412 	0.238135 	0.165487 	0.125864 	 0.014301 
0.155041 	0.234201 	0.162994 	0.120659 	 0.013669 
0.158584 	0.240867 	0.167129 	0.128438 	 0.014195 
0.162358 	0.239504 	0.166830 	0.121411 	 0.013224 
0.155127 	0.243103 	0.168924 	0.126674 	 0.014373 
0.147399 	0.245284 	0.170285 	0.128480 	 0.014641 
0.166422 	0.225208 	0.157541 	0.114508 	 0.013477 
0.138054 	0.258945 	0.179013 	0.137794 	 0.015463 
0.156283 	0.243422 	0.169432 	0.125342 	 0.014476 
0.140160 	0.260582 	0.180652 	0.138394 	 0.015212 
0.151960 	0.240923 	0.167952 	0.121909 	 0.014096 
0.153839 	0.240798 	0.167645 	0.126212 	 0.014511 
0.159472 	0.239860 	0.167462 	0.121075 	 0.014202 
0.148936 	0.247105 	0.172281 	0.126507 	 0.014335 
0.166180 	0.230247 	0.161195 	0.116682 	 0.013486 
0.161535 	0.239407 	0.167119 	0.122962 	 0.014052 
0.158313 	0.234652 	0.164298 	0.117561 	 0.013580 
0.158490 	0.230949 	0.162004 	0.114700 	 0.013491 
0.154908 	0.248376 	0.173204 	0.125956 	 0.013706 
0.150238 	0.249036 	0.173150 	0.131975 	 0.014635 
0.151304 	0.250503 	0.175011 	0.126318 	 0.014139 
0.150248 	0.247636 	0.172895 	0.126288 	 0.014805 
0.137978 	0.258034 	0.179599 	0.130175 	 0.014725 
0.138584 	0.260505 	0.180706 	0.136908 	 0.015382 
0.151166 	0.249837 	0.174328 	0.128168 	 0.015077 
0.156741 	0.234093 	0.164268 	0.116322 	 0.013826 
0.149617 	0.238280 	0.166674 	0.120516 	 0.014408 
0.153724 	0.245461 	0.171450 	0.124182 	 0.014150 
0.143725 	0.257082 	0.179541 	0.130841 	 0.015395 
0.144175 	0.250288 	0.174813 	0.127703 	 0.015069 
0.153874 	0.248245 	0.174252 	0.122760 	 0.015187 
0.135144 	0.254246 	0.177392 	0.128279 	 0.015124 
0.139326 	0.251661 	0.176092 	0.125703 	 0.015483 
0.162507 	0.232718 	0.163765 	0.111089 	 0.012628 
0.136895 	0.263113 	0.183119 	0.135176 	 0.015079 
0.132219 	0.260582 	0.181429 	0.135700 	 0.015734 
0.138513 	0.256770 	0.179479 	0.127782 	 0.015016 
0.151156 	0.245763 	0.172770 	0.119808 	 0.014052 
0.123267 	0.257501 	0.180146 	0.127832 	 0.016086 
0.142271 	0.252316 	0.176794 	0.122107 	 0.014116 
0.143270 	0.253848 	0.178105 	0.125254 	 0.015299 
0.133370 	0.257510 	0.180274 	0.129057 	 0.015358 
0.141210 	0.258772 	0.181260 	0.127914 	 0.014902 
0.135632 	0.248593 	0.174812 	0.121395 	 0.015399 
0.149944 	0.256164 	0.179814 	0.127054 	 0.015027 
0.136965 	0.257718 	0.180615 	0.128929 	 0.016137 
0.149166 	0.244571 	0.172148 	0.119738 	 0.014483 
0.148911 	0.242643 	0.170733 	0.118665 	 0.014269 
0.145614 	0.245753 	0.173136 	0.117819 	 0.014446 
0.131452 	0.267098 	0.186605 	0.135293 	 0.015628 
0.132542 	0.265525 	0.185999 	0.130974 	 0.015043 
0.133496 	0.265121 	0.185545 	0.132867 	 0.016134 
0.137861 	0.267518 	0.187162 	0.135027 	 0.015626 
0.146571 	0.253809 	0.178644 	0.124232 	 0.015017 
0.137250 	0.257109 	0.180942 	0.123160 	 0.014662 
0.129264 	0.261802 	0.183812 	0.129510 	 0.015750 
0.137005 	0.262771 	0.184469 	0.130712 	 0.015687 
0.126454 	0.267444 	0.187812 	0.133764 	 0.016691 
0.137991 	0.261244 	0.183518 	0.130602 	 0.015961 
0.126718 	0.268816 	0.188157 	0.135844 	 0.016480 
0.144686 	0.251097 	0.177052 	0.120386 	 0.014897 
0.142603 	0.261775 	0.183634 	0.132517 	 0.015374 
0.134014 	0.270572 	0.189645 	0.137004 	 0.016358 
0.135172 	0.263040 	0.185084 	0.127487 	 0.015639 
0.119852 	0.274388 	0.192300 	0.138350 	 0.016792 
0.142598 	0.251889 	0.178226 	0.120094 	 0.015265 
0.148604 	0.250922 	0.177639 	0.116657 	 0.014537 
0.138770 	0.257655 	0.181626 	0.126029 	 0.015523 
0.128612 	0.270569 	0.189952 	0.135669 	 0.016133 
0.128004 	0.277516 	0.194607 	0.138653 	 0.016669 
0.133293 	0.261091 	0.184336 	0.126663 	 0.016061 
0.108967 	0.284907 	0.199380 	0.144920 	 0.017632 
0.143158 	0.260897 	0.183748 	0.127310 	 0.014352 
0.142350 	0.253541 	0.179412 	0.119833 	 0.014379 
0.155394 	0.233168 	0.166607 	0.104512 	 0.013905 
0.131845 	0.262100 	0.185088 	0.126420 	 0.015530 
0.123844 	0.272750 	0.192252 	0.130820 	 0.015923 
0.135847 	0.269223 	0.189587 	0.130839 	 0.014795 
0.130318 	0.263404 	0.186224 	0.124253 	 0.015348 
0.140392 	0.266652 	0.188334 	0.128740 	 0.015640 
0.121237 	0.270458 	0.190990 	0.129382 	 0.015862 
0.131135 	0.265250 	0.187626 	0.126631 	 0.015971 
0.126152 	0.268570 	0.189772 	0.130625 	 0.016633 
0.127355 	0.267062 	0.189204 	0.126143 	 0.015848 
0.133945 	0.268050 	0.189584 	0.128523 	 0.016080 
0.127388 	0.273026 	0.192899 	0.130735 	 0.016017 
0.142714 	0.257358 	0.182457 	0.122359 	 0.015140 
0.132847 	0.267696 	0.189384 	0.126237 	 0.015506 
0.130320 	0.260986 	0.185188 	0.120386 	 0.015002 
0.126192 	0.272673 	0.192808 	0.131090 	 0.016360 
0.118137 	0.274228 	0.193582 	0.131256 	 0.016484 
0.130618 	0.260983 	0.185250 	0.121126 	 0.014967 
0.126865 	0.264130 	0.187426 	0.124795 	 0.015945 
0.115399 	0.278259 	0.196880 	0.133444 	 0.017253 
0.128434 	0.274666 	0.194726 	0.128280 	 0.016161 
0.129683 	0.270876 	0.191767 	0.127700 	 0.015717 
0.129747 	0.257861 	0.183210 	0.119328 	 0.014953 
0.129122 	0.275554 	0.194864 	0.133606 	 0.016248 
0.146467 	0.253961 	0.180827 	0.116204 	 0.014460 
0.124030 	0.275329 	0.194803 	0.134646 	 0.017199 
0.124120 	0.272085 	0.192565 	0.128378 	 0.015921 
0.114397 	0.286817 	0.202596 	0.136442 	 0.016799 
0.132879 	0.277413 	0.196571 	0.133170 	 0.016876 
0.133898 	0.260775 	0.185638 	0.120652 	 0.015793 
0.120380 	0.275994 	0.195301 	0.132854 	 0.016449 
0.138634 	0.268328 	0.190925 	0.124522 	 0.015580 
0.122116 	0.274265 	0.194544 	0.128475 	 0.016288 
0.123341 	0.274269 	0.194578 	0.129991 	 0.016256 
0.141548 	0.254668 	0.181949 	0.116365 	 0.014840 
0.122506 	0.274446 	0.194840 	0.130719 	 0.016605 
0.130720 	0.264989 	0.188690 	0.122324 	 0.015664 
0.119301 	0.273303 	0.194037 	0.129323 	 0.016415 
0.128893 	0.267732 	0.190909 	0.122779 	 0.016158 
0.121501 	0.272084 	0.193399 	0.127907 	 0.016281 
0.128080 	0.266504 	0.190352 	0.121381 	 0.016136 
0.136312 	0.253846 	0.181454 	0.114457 	 0.015055 
0.137738 	0.260117 	0.185808 	0.120348 	 0.015471 
0.130092 	0.279932 	0.199195 	0.131011 	 0.016625 
0.129438 	0.261516 	0.187247 	0.117036 	 0.015700 
0.113392 	0.280565 	0.199094 	0.134433 	 0.017196 
0.124653 	0.267873 	0.191162 	0.123761 	 0.016112 
0.117249 	0.277376 	0.196995 	0.133278 	 0.017026 
0.122020 	0.270437 	0.192327 	0.128959 	 0.016512 
0.121985 	0.277593 	0.198132 	0.126885 	 0.016968 
0.117931 	0.285693 	0.203333 	0.132414 	 0.017155 
0.122611 	0.275477 	0.196291 	0.126555 	 0.016379 
0.132195 	0.270144 	0.192678 	0.124774 	 0.015676 
0.112292 	0.286819 	0.204057 	0.134981 	 0.017746 
0.103406 	0.286653 	0.203346 	0.136335 	 0.017648 
0.127670 	0.267405 	0.191058 	0.122538 	 0.015899 
0.113461 	0.284279 	0.202334 	0.132165 	 0.016783 
0.123348 	0.277645 	0.198206 	0.127685 	 0.015785 
0.119010 	0.286985 	0.204146 	0.134977 	 0.016906 
0.117929 	0.282352 	0.201496 	0.130082 	 0.017015 
0.117996 	0.273176 	0.194899 	0.125940 	 0.016104 
0.123728 	0.278122 	0.198586 	0.127809 	 0.016410 
0.114611 	0.283116 	0.201680 	0.133689 	 0.017518 
0.127596 	0.270326 	0.193718 	0.122517 	 0.016332 
0.105272 	0.277939 	0.198823 	0.126868 	 0.017491 
0.118880 	0.279796 	0.199853 	0.129595 	 0.017302 
0.114226 	0.268468 	0.192615 	0.120933 	 0.016894 
0.108752 	0.276846 	0.197457 	0.128415 	 0.016651 
0.115129 	0.263580 	0.189553 	0.114764 	 0.015974 
0.120031 	0.271934 	0.194286 	0.126628 	 0.016180 
0.127517 	0.260497 	0.187520 	0.117001 	 0.016316 
0.112278 	0.261897 	0.187691 	0.118209 	 0.015906 
0.123726 	0.270367 	0.193784 	0.120034 	 0.015716 
0.128846 	0.256181 	0.184131 	0.115761 	 0.015145 
0.114544 	0.275658 	0.197847 	0.125428 	 0.017595 
0.130174 	0.263096 	0.189284 	0.116485 	 0.015347 
0.113852 	0.277416 	0.198974 	0.125563 	 0.017034 
0.124482 	0.264672 	0.190370 	0.118431 	 0.016098 
0.127593 	0.263611 	0.189967 	0.115662 	 0.015615 
0.109584 	0.276919 	0.198914 	0.122443 	 0.016966 
0.114811 	0.270503 	0.194030 	0.123467 	 0.016611 
0.134774 	0.254893 	0.184559 	0.109167 	 0.015733 
0.123284 	0.265336 	0.190995 	0.117595 	 0.015625 
0.128382 	0.269571 	0.194158 	0.119833 	 0.016115 
0.123749 	0.252747 	0.183544 	0.104958 	 0.015824 
0.135324 	0.259318 	0.187220 	0.113335 	 0.015160 
0.114108 	0.280514 	0.200862 	0.131375 	 0.017129 
0.109858 	0.293173 	0.209747 	0.136887 	 0.017792 
0.116985 	0.276174 	0.198444 	0.125802 	 0.017014 
0.131465 	0.269413 	0.194341 	0.120507 	 0.016225 
0.122715 	0.275889 	0.198101 	0.126091 	 0.016691 
0.114734 	0.275410 	0.198125 	0.123902 	 0.017155 
0.108115 	0.275228 	0.198429 	0.122244 	 0.017780 
0.110738 	0.284403 	0.203753 	0.130786 	 0.018120 
0.112067 	0.274038 	0.197587 	0.118952 	 0.016739 
0.118907 	0.269860 	0.195515 	0.115121 	 0.016471 
0.440046 	-0.000472 	0.001048 	-0.002491 	 -0.000187 
0.439917 	0.008233 	0.006533 	0.006057 	 0.001455 
0.451588 	0.010597 	0.007814 	0.013018 	 0.001101 
0.448641 	0.011283 	0.008247 	0.014434 	 0.001760 
0.442254 	0.027312 	0.018356 	0.027500 	 0.001980 
0.445963 	0.023258 	0.016211 	0.022606 	 0.002112 
0.424780 	0.038440 	0.025874 	0.033453 	 0.003118 
0.438789 	0.024561 	0.016771 	0.026257 	 0.002563 
0.433311 	0.034638 	0.023585 	0.029564 	 0.003030 
0.427717 	0.026947 	0.017883 	0.029894 	 0.003204 
0.419832 	0.034776 	0.023654 	0.031091 	 0.004254 
0.424616 	0.035228 	0.023263 	0.035494 	 0.003528 
0.439201 	0.029196 	0.019993 	0.026051 	 0.001997 
0.449810 	0.009331 	0.006594 	0.016344 	 0.002459 
0.431831 	0.039525 	0.026606 	0.032600 	 0.002835 
0.417402 	0.047317 	0.030983 	0.043029 	 0.004020 
0.406213 	0.050982 	0.033969 	0.042559 	 0.004445 
0.423803 	0.033392 	0.022515 	0.030045 	 0.003357 
0.401411 	0.050049 	0.032838 	0.043946 	 0.004630 
0.411662 	0.042627 	0.028708 	0.037044 	 0.004887 
0.399336 	0.054536 	0.035510 	0.048050 	 0.004950 
0.393828 	0.057200 	0.037492 	0.051475 	 0.005675 
0.409556 	0.050409 	0.033562 	0.042605 	 0.005354 
0.394100 	0.053556 	0.034931 	0.046200 	 0.005456 
0.387187 	0.058539 	0.038331 	0.051863 	 0.006206 
0.395969 	0.057270 	0.038073 	0.047143 	 0.005613 
0.398648 	0.054552 	0.036009 	0.046969 	 0.005381 
0.388419 	0.047768 	0.031635 	0.043138 	 0.005642 
0.398572 	0.051347 	0.034300 	0.042680 	 0.005465 
0.377819 	0.071755 	0.047022 	0.059977 	 0.007479 
0.391923 	0.056668 	0.037304 	0.050292 	 0.006215 
0.387629 	0.059644 	0.038707 	0.054528 	 0.006054 
0.386877 	0.059547 	0.039683 	0.048698 	 0.006907 
0.397991 	0.054128 	0.035814 	0.045978 	 0.005239 
0.379523 	0.062458 	0.041276 	0.052218 	 0.007075 
0.379685 	0.063199 	0.041852 	0.051269 	 0.006216 
0.385451 	0.058046 	0.038177 	0.050188 	 0.006319 
0.384678 	0.057066 	0.037260 	0.052162 	 0.006374 
0.389140 	0.050497 	0.033322 	0.046918 	 0.006293 
0.370542 	0.065738 	0.043327 	0.055247 	 0.007287 
0.364189 	0.077390 	0.051092 	0.062645 	 0.007784 
0.366585 	0.072599 	0.047371 	0.061567 	 0.007027 
0.379476 	0.060718 	0.039791 	0.050631 	 0.005835 
0.373074 	0.072335 	0.047874 	0.057490 	 0.006911 
0.371584 	0.062856 	0.041500 	0.051841 	 0.006741 
0.376604 	0.062699 	0.041756 	0.052746 	 0.007385 
0.362815 	0.069411 	0.045022 	0.060374 	 0.006970 
0.375027 	0.062490 	0.041408 	0.053564 	 0.007206 
0.370640 	0.064200 	0.042409 	0.053130 	 0.007075 
0.358656 	0.072721 	0.047728 	0.061090 	 0.008067 
0.373419 	0.067950 	0.044900 	0.056815 	 0.006712 
0.369233 	0.060721 	0.040373 	0.048270 	 0.006481 
0.375440 	0.066884 	0.044073 	0.055965 	 0.006885 
0.376425 	0.062643 	0.041293 	0.053496 	 0.006482 
0.355692 	0.080005 	0.052724 	0.066122 	 0.008956 
0.360693 	0.075031 	0.049448 	0.062607 	 0.008186 
0.359646 	0.067998 	0.044583 	0.059309 	 0.007108 
0.348089 	0.085157 	0.055726 	0.069965 	 0.008021 
0.356086 	0.075744 	0.049582 	0.063982 	 0.007939 
0.352792 	0.078545 	0.052454 	0.061643 	 0.008590 
0.359245 	0.067500 	0.044659 	0.057255 	 0.007878 
0.364129 	0.061434 	0.041122 	0.049630 	 0.007493 
0.351236 	0.068350 	0.045480 	0.055647 	 0.008132 
0.345573 	0.072671 	0.048118 	0.059460 	 0.008670 
0.365142 	0.064093 	0.042282 	0.054254 	 0.006941 
0.350292 	0.075955 	0.049971 	0.062645 	 0.008045 
0.350134 	0.074694 	0.049521 	0.059692 	 0.007944 
0.359481 	0.073700 	0.049034 	0.060340 	 0.008663 
0.342725 	0.081221 	0.053238 	0.067227 	 0.008800 
0.335037 	0.083165 	0.054420 	0.069496 	 0.009642 
0.335637 	0.078215 	0.051243 	0.064493 	 0.008503 
0.339219 	0.085780 	0.056776 	0.066866 	 0.009071 
0.341278 	0.079908 	0.052908 	0.064712 	 0.008834 
0.341883 	0.083578 	0.055221 	0.068343 	 0.009476 
0.332927 	0.078593 	0.051852 	0.063841 	 0.008984 
0.346634 	0.068054 	0.045115 	0.057244 	 0.007946 
0.332937 	0.093886 	0.062174 	0.072649 	 0.009611 
0.334596 	0.090223 	0.059604 	0.069091 	 0.008403 
0.333629 	0.089237 	0.058778 	0.071880 	 0.009469 
0.346252 	0.076899 	0.051291 	0.060926 	 0.008238 
0.326143 	0.092513 	0.060732 	0.073501 	 0.009196 
0.332601 	0.084887 	0.056412 	0.065396 	 0.009120 
0.325433 	0.088031 	0.057717 	0.071807 	 0.009469 
0.340503 	0.082710 	0.054990 	0.063675 	 0.008137 
0.324111 	0.098177 	0.064717 	0.076789 	 0.009774 
0.325355 	0.089945 	0.059469 	0.070031 	 0.009284 
0.332641 	0.085875 	0.057095 	0.065694 	 0.009126 
0.337355 	0.074535 	0.049295 	0.058745 	 0.008097 
0.319580 	0.091034 	0.060355 	0.067995 	 0.009107 
0.324499 	0.093295 	0.061872 	0.070729 	 0.009505 
0.335924 	0.083803 	0.055336 	0.068154 	 0.008986 
0.318247 	0.098093 	0.064807 	0.074788 	 0.009658 
0.315923 	0.097028 	0.063941 	0.074575 	 0.009959 
0.327453 	0.085193 	0.056707 	0.065910 	 0.008977 
0.325187 	0.088379 	0.058502 	0.069636 	 0.009296 
0.314811 	0.099414 	0.065898 	0.075420 	 0.009785 
0.329087 	0.087847 	0.058585 	0.068169 	 0.009608 
0.314339 	0.091524 	0.060552 	0.071533 	 0.010009 
0.328671 	0.085256 	0.056807 	0.065340 	 0.008974 
0.326545 	0.091597 	0.060966 	0.068939 	 0.009100 
0.315762 	0.094541 	0.062633 	0.073396 	 0.009788 
0.321487 	0.094448 	0.062599 	0.071836 	 0.009110 
0.321842 	0.088098 	0.058838 	0.064970 	 0.009147 
0.318896 	0.083104 	0.055421 	0.063723 	 0.009217 
0.325765 	0.085678 	0.057105 	0.066270 	 0.008891 
0.305425 	0.096411 	0.063937 	0.074080 	 0.010269 
0.307366 	0.106819 	0.071252 	0.078700 	 0.010868 
0.303780 	0.105931 	0.070091 	0.079941 	 0.010638 
0.314702 	0.100003 	0.066111 	0.076734 	 0.009988 
0.311038 	0.090059 	0.059311 	0.070191 	 0.009288 
0.323051 	0.089023 	0.059279 	0.067034 	 0.008867 
0.286300 	0.109359 	0.072445 	0.082061 	 0.011029 
0.309683 	0.092981 	0.062396 	0.068125 	 0.010023 
0.309326 	0.103491 	0.068912 	0.075630 	 0.010176 
0.298015 	0.110929 	0.073621 	0.082868 	 0.011455 
0.313942 	0.101059 	0.067450 	0.076460 	 0.009902 
0.309750 	0.100044 	0.066765 	0.074258 	 0.010683 
0.319185 	0.093529 	0.062661 	0.068995 	 0.009817 
0.309269 	0.095721 	0.064313 	0.069051 	 0.010186 
0.309304 	0.098031 	0.065086 	0.074538 	 0.010579 
0.301005 	0.098763 	0.065859 	0.073783 	 0.010719 
0.299893 	0.098485 	0.065456 	0.074429 	 0.010674 
0.287689 	0.116512 	0.077092 	0.087655 	 0.011839 
0.306950 	0.104937 	0.069782 	0.077289 	 0.010065 
0.307615 	0.103576 	0.069377 	0.074707 	 0.010185 
0.281099 	0.118160 	0.078157 	0.087764 	 0.011892 
0.290817 	0.115695 	0.076800 	0.087843 	 0.012050 
0.292769 	0.107646 	0.071356 	0.081062 	 0.011336 
0.292379 	0.103399 	0.069103 	0.075376 	 0.010556 
0.288722 	0.117819 	0.078401 	0.084646 	 0.011364 
0.296725 	0.101820 	0.067643 	0.077507 	 0.010364 
0.288058 	0.113082 	0.075447 	0.081476 	 0.011166 
0.281613 	0.112023 	0.074613 	0.082148 	 0.011532 
0.301757 	0.095843 	0.064289 	0.071840 	 0.010794 
0.286685 	0.117918 	0.078328 	0.086900 	 0.012263 
0.285125 	0.111088 	0.073991 	0.080773 	 0.011330 
0.281480 	0.116425 	0.077231 	0.087899 	 0.012542 
0.290089 	0.104061 	0.069693 	0.076579 	 0.011543 
0.289864 	0.108863 	0.072716 	0.079008 	 0.010730 
0.284252 	0.108484 	0.072453 	0.077461 	 0.010901 
0.294093 	0.108483 	0.072628 	0.078222 	 0.011003 
0.302064 	0.100764 	0.067778 	0.072851 	 0.010406 
0.268785 	0.122808 	0.081730 	0.089909 	 0.012976 
0.282980 	0.104483 	0.069898 	0.075547 	 0.011027 
0.261675 	0.126771 	0.084492 	0.090619 	 0.013450 
0.270480 	0.120999 	0.080831 	0.084894 	 0.012619 
0.267268 	0.122552 	0.081733 	0.086402 	 0.011979 
0.288544 	0.114841 	0.076970 	0.082042 	 0.011583 
0.293247 	0.105369 	0.070829 	0.073739 	 0.010375 
0.282622 	0.109032 	0.073263 	0.078540 	 0.012087 
0.283245 	0.106621 	0.071326 	0.077293 	 0.011763 
0.284869 	0.108247 	0.072528 	0.077378 	 0.011576 
0.274959 	0.125038 	0.083542 	0.090441 	 0.012840 
0.287067 	0.117562 	0.079080 	0.081076 	 0.011829 
0.269729 	0.118272 	0.078993 	0.084313 	 0.012481 
0.279944 	0.116704 	0.077792 	0.086269 	 0.011728 
0.277568 	0.111654 	0.074556 	0.080915 	 0.011458 
0.278738 	0.113392 	0.075860 	0.082020 	 0.011863 
0.282726 	0.112498 	0.075923 	0.078059 	 0.011910 
0.271093 	0.120932 	0.080725 	0.088221 	 0.012077 
0.284467 	0.112667 	0.076230 	0.076925 	 0.011516 
0.285277 	0.104766 	0.070674 	0.073607 	 0.010896 
0.277173 	0.109342 	0.073350 	0.078848 	 0.011704 
0.280665 	0.111395 	0.074773 	0.080621 	 0.011977 
0.285046 	0.101529 	0.068436 	0.070231 	 0.010734 
0.276907 	0.106497 	0.071072 	0.079544 	 0.011622 
0.264193 	0.121044 	0.081228 	0.085130 	 0.012289 
0.281491 	0.108071 	0.073032 	0.073723 	 0.011453 
0.288357 	0.100714 	0.068254 	0.068646 	 0.010477 
0.281715 	0.111034 	0.075191 	0.073657 	 0.010884 
0.284696 	0.108243 	0.073185 	0.074038 	 0.011063 
0.286903 	0.105039 	0.070734 	0.073625 	 0.011036 
0.278558 	0.114285 	0.077087 	0.078931 	 0.011573 
0.277432 	0.113047 	0.076163 	0.079207 	 0.011791 
0.274538 	0.107507 	0.072844 	0.072960 	 0.011809 
0.266845 	0.115930 	0.078129 	0.078861 	 0.011975 
0.267662 	0.121210 	0.081485 	0.082715 	 0.011810 
0.264448 	0.128986 	0.086495 	0.088319 	 0.012298 
0.283511 	0.110456 	0.074623 	0.076370 	 0.011370 
0.259514 	0.131919 	0.088430 	0.091923 	 0.013103 
0.269631 	0.109294 	0.073922 	0.073607 	 0.011423 
0.265942 	0.127852 	0.085846 	0.089288 	 0.012692 
0.274028 	0.120108 	0.080630 	0.083748 	 0.011401 
0.264946 	0.121254 	0.081564 	0.082738 	 0.011752 
0.266364 	0.117131 	0.079031 	0.079358 	 0.011571 
0.271810 	0.120602 	0.081781 	0.079840 	 0.011622 
0.266894 	0.120383 	0.081443 	0.080727 	 0.012053 
0.270409 	0.115274 	0.078259 	0.075931 	 0.011789 
0.253206 	0.135988 	0.091423 	0.093457 	 0.013198 
0.272056 	0.112702 	0.075871 	0.078706 	 0.011014 
0.249707 	0.137489 	0.092451 	0.092169 	 0.012687 
0.264670 	0.123058 	0.082982 	0.083872 	 0.011805 
0.259736 	0.128475 	0.086784 	0.085355 	 0.012080 
0.252072 	0.133196 	0.089807 	0.091618 	 0.013272 
0.262473 	0.126939 	0.085799 	0.084880 	 0.012106 
0.256990 	0.121737 	0.082033 	0.084181 	 0.012634 
0.254765 	0.119462 	0.080918 	0.080557 	 0.012502 
0.256933 	0.118390 	0.080269 	0.079464 	 0.012105 
0.251438 	0.126301 	0.085217 	0.084666 	 0.012476 
0.255323 	0.121699 	0.082397 	0.080851 	 0.012058 
0.254939 	0.126818 	0.085610 	0.089704 	 0.013294 
0.257660 	0.124923 	0.084770 	0.081922 	 0.011779 
0.250238 	0.128171 	0.086861 	0.085352 	 0.012820 
0.242844 	0.136655 	0.091530 	0.096487 	 0.013330 
0.249947 	0.135540 	0.092104 	0.085433 	 0.012427 
0.248463 	0.129540 	0.087507 	0.084840 	 0.012212 
0.239998 	0.134457 	0.091023 	0.088175 	 0.013799 
0.243765 	0.133274 	0.089852 	0.089828 	 0.012923 
0.228044 	0.145518 	0.097936 	0.097244 	 0.013832 
0.240372 	0.131422 	0.089074 	0.085225 	 0.012794 
0.237725 	0.140110 	0.095181 	0.090992 	 0.013838 
0.239474 	0.139575 	0.094471 	0.091885 	 0.013164 
0.243493 	0.131333 	0.089003 	0.087081 	 0.013064 
0.235541 	0.143102 	0.096581 	0.097227 	 0.014139 
0.244098 	0.126334 	0.085867 	0.081939 	 0.012797 
0.248028 	0.126757 	0.086245 	0.082114 	 0.013094 
0.232882 	0.134112 	0.090959 	0.087350 	 0.013249 
0.228590 	0.132967 	0.089821 	0.086424 	 0.012855 
0.243342 	0.123921 	0.084782 	0.078412 	 0.012573 
0.242484 	0.139348 	0.094654 	0.089000 	 0.012910 
0.236148 	0.132260 	0.090381 	0.083849 	 0.013057 
0.228448 	0.132354 	0.089659 	0.087700 	 0.013476 
0.232406 	0.141625 	0.095731 	0.092627 	 0.012965 
0.238535 	0.134651 	0.091854 	0.085364 	 0.013000 
0.217654 	0.145974 	0.098889 	0.094831 	 0.014323 
0.232068 	0.128086 	0.087350 	0.081419 	 0.013008 
0.213370 	0.146179 	0.099360 	0.092266 	 0.014290 
0.217809 	0.144264 	0.097696 	0.092467 	 0.013723 
0.221950 	0.147468 	0.100205 	0.093899 	 0.013657 
0.229330 	0.138058 	0.094049 	0.086681 	 0.013066 
0.219063 	0.144122 	0.097837 	0.092170 	 0.013356 
0.217777 	0.150661 	0.102260 	0.097634 	 0.014377 
0.218179 	0.153137 	0.103930 	0.100337 	 0.014843 
0.215059 	0.155772 	0.105451 	0.102449 	 0.014570 
0.209311 	0.151501 	0.102550 	0.098151 	 0.014623 
0.210266 	0.145800 	0.099276 	0.092375 	 0.014876 
0.216825 	0.143447 	0.096894 	0.096058 	 0.013864 
0.210232 	0.145525 	0.098928 	0.092970 	 0.014352 
0.209029 	0.148174 	0.100733 	0.094660 	 0.014690 
0.215101 	0.146174 	0.099549 	0.092636 	 0.014289 
0.212394 	0.148471 	0.101160 	0.092445 	 0.013993 
0.216453 	0.144579 	0.098907 	0.090254 	 0.014238 
0.190175 	0.157741 	0.107357 	0.097699 	 0.015377 
0.192918 	0.156388 	0.106058 	0.099420 	 0.015301 
0.196456 	0.161855 	0.109469 	0.104319 	 0.015819 
0.214898 	0.141182 	0.096505 	0.087555 	 0.013749 
0.212191 	0.148440 	0.101297 	0.091531 	 0.013736 
0.188522 	0.165866 	0.111785 	0.108039 	 0.015050 
0.194066 	0.157020 	0.107119 	0.097544 	 0.015552 
0.196073 	0.158480 	0.107701 	0.098892 	 0.014130 
0.192543 	0.163640 	0.110864 	0.103242 	 0.015080 
0.213566 	0.147961 	0.101217 	0.094013 	 0.014818 
0.198918 	0.155647 	0.106315 	0.094999 	 0.014686 
0.202355 	0.146526 	0.100273 	0.089569 	 0.013831 
0.202575 	0.155089 	0.105916 	0.095418 	 0.014751 
0.189792 	0.162653 	0.110246 	0.101866 	 0.014808 
0.191374 	0.164319 	0.112074 	0.101204 	 0.015210 
0.189568 	0.150876 	0.103030 	0.094323 	 0.015202 
0.193763 	0.162662 	0.111324 	0.098841 	 0.015082 
0.210108 	0.149678 	0.102897 	0.089048 	 0.013705 
0.182246 	0.174394 	0.118209 	0.108960 	 0.015953 
0.184564 	0.162898 	0.111380 	0.097934 	 0.015707 
0.182662 	0.164119 	0.111405 	0.104512 	 0.015685 
0.178497 	0.172931 	0.118173 	0.105696 	 0.016504 
0.184870 	0.167651 	0.114045 	0.105567 	 0.015706 
0.181672 	0.159302 	0.108701 	0.098414 	 0.015445 
0.183563 	0.169494 	0.115259 	0.104917 	 0.015538 
0.186182 	0.162637 	0.110396 	0.101630 	 0.014593 
0.179055 	0.168505 	0.114741 	0.103865 	 0.016360 
0.182359 	0.161178 	0.110017 	0.095694 	 0.014730 
0.186842 	0.157179 	0.107393 	0.092955 	 0.014560 
0.188979 	0.166219 	0.113385 	0.102172 	 0.015264 
0.189431 	0.156744 	0.107076 	0.094940 	 0.015127 
0.197997 	0.149892 	0.102912 	0.090051 	 0.013949 
0.169881 	0.168276 	0.114639 	0.102925 	 0.015887 
0.185998 	0.155352 	0.106776 	0.093530 	 0.015363 
0.173199 	0.171848 	0.116690 	0.107885 	 0.016015 
0.178964 	0.173977 	0.118808 	0.106227 	 0.016283 
0.186421 	0.156727 	0.107330 	0.094561 	 0.015089 
0.188410 	0.169278 	0.115880 	0.101511 	 0.015355 
0.179617 	0.167765 	0.114882 	0.101618 	 0.015853 
0.180161 	0.165032 	0.112571 	0.100339 	 0.014854 
0.184462 	0.167314 	0.114459 	0.100949 	 0.015463 
0.168647 	0.175468 	0.119953 	0.104983 	 0.016181 
0.169781 	0.185450 	0.125973 	0.115236 	 0.016594 
0.178803 	0.160757 	0.109981 	0.098008 	 0.015456 
0.187061 	0.159162 	0.109375 	0.093920 	 0.014317 
0.167297 	0.176480 	0.120569 	0.105545 	 0.016364 
0.180246 	0.164406 	0.112718 	0.099380 	 0.015416 
0.175481 	0.171733 	0.117696 	0.103469 	 0.016427 
0.175630 	0.161790 	0.110926 	0.096256 	 0.015709 
0.180919 	0.149876 	0.103060 	0.089703 	 0.014567 
0.156469 	0.183849 	0.125268 	0.113705 	 0.018015 
0.184377 	0.166687 	0.114642 	0.100693 	 0.015276 
0.174867 	0.165875 	0.113947 	0.097582 	 0.015897 
0.160601 	0.188383 	0.128250 	0.116155 	 0.016756 
0.177806 	0.161103 	0.111051 	0.093087 	 0.015141 
0.168674 	0.179635 	0.122726 	0.110191 	 0.016476 
0.182690 	0.170981 	0.116970 	0.103642 	 0.015537 
0.174147 	0.174274 	0.119749 	0.102380 	 0.015747 
0.186466 	0.157140 	0.108539 	0.090506 	 0.014597 
0.176633 	0.169777 	0.116745 	0.102930 	 0.016483 
0.165844 	0.176255 	0.120899 	0.104909 	 0.016316 
0.185464 	0.168021 	0.115691 	0.099612 	 0.015038 
0.170978 	0.176345 	0.120779 	0.105068 	 0.015747 
0.198210 	0.149067 	0.103724 	0.085984 	 0.014206 
0.181200 	0.170253 	0.117392 	0.099404 	 0.015438 
0.183307 	0.166595 	0.115217 	0.096266 	 0.015347 
0.164796 	0.181324 	0.124278 	0.108802 	 0.016441 
0.180272 	0.171866 	0.118500 	0.100205 	 0.015461 
0.173240 	0.159943 	0.110458 	0.092660 	 0.014869 
0.177134 	0.163867 	0.112606 	0.099461 	 0.015604 
0.169654 	0.175881 	0.120692 	0.103263 	 0.015614 
0.180896 	0.160085 	0.110881 	0.092282 	 0.014741 
0.166492 	0.184528 	0.126790 	0.107013 	 0.016080 
0.172806 	0.172381 	0.118943 	0.099589 	 0.015995 
0.165753 	0.176080 	0.121071 	0.103873 	 0.016375 
0.169422 	0.167310 	0.115083 	0.097973 	 0.014840 
0.165890 	0.173897 	0.119205 	0.101652 	 0.015285 
0.177307 	0.170695 	0.118340 	0.096189 	 0.015572 
0.176749 	0.165987 	0.114382 	0.098412 	 0.014829 
0.183881 	0.159938 	0.110734 	0.093000 	 0.014832 
0.165059 	0.166787 	0.115054 	0.097546 	 0.015294 
0.177038 	0.158209 	0.109551 	0.090357 	 0.014566 
0.177134 	0.169748 	0.117870 	0.094082 	 0.015099 
0.174431 	0.168625 	0.117159 	0.094772 	 0.015663 
0.171444 	0.161303 	0.112035 	0.091755 	 0.015315 
0.163001 	0.182087 	0.125570 	0.104519 	 0.015521 
0.162407 	0.177900 	0.122772 	0.103407 	 0.016516 
0.172291 	0.172284 	0.119413 	0.098834 	 0.015790 
0.176163 	0.169984 	0.117990 	0.097909 	 0.015763 
0.173673 	0.171924 	0.119227 	0.098536 	 0.015938 
0.156355 	0.177703 	0.122769 	0.102695 	 0.016533 
0.159425 	0.185344 	0.127740 	0.108080 	 0.016541 
0.169056 	0.173271 	0.120603 	0.096066 	 0.015882 
0.188772 	0.164686 	0.114805 	0.092903 	 0.014901 
0.173406 	0.165265 	0.114906 	0.093683 	 0.015054 
0.173073 	0.175642 	0.121956 	0.098399 	 0.015859 
0.173523 	0.168803 	0.117578 	0.094194 	 0.015697 
0.163723 	0.176483 	0.122076 	0.100670 	 0.015931 
0.176305 	0.172648 	0.119935 	0.098262 	 0.015398 
0.168642 	0.168186 	0.117201 	0.092756 	 0.015154 
0.156654 	0.181474 	0.125570 	0.103915 	 0.016308 
0.184613 	0.162737 	0.113604 	0.090470 	 0.014632 
0.174490 	0.169944 	0.118401 	0.095723 	 0.015206 
0.170987 	0.167383 	0.116520 	0.094895 	 0.015635 
0.165317 	0.164826 	0.114773 	0.094204 	 0.015799 
0.163618 	0.164192 	0.114534 	0.090679 	 0.015437 
0.162443 	0.168188 	0.116984 	0.092917 	 0.015270 
0.158331 	0.176083 	0.122776 	0.095478 	 0.015881 
0.175432 	0.161958 	0.113365 	0.088807 	 0.015360 
0.156729 	0.180915 	0.125432 	0.102767 	 0.016376 
0.157905 	0.183157 	0.127180 	0.102696 	 0.016331 
0.153930 	0.174747 	0.121691 	0.096628 	 0.015736 
0.151097 	0.181285 	0.125543 	0.104473 	 0.016509 
0.153548 	0.180366 	0.125248 	0.102080 	 0.016568 
0.150928 	0.182828 	0.126681 	0.106164 	 0.016643 
0.152424 	0.179704 	0.125330 	0.100841 	 0.016911 
0.141387 	0.176541 	0.122994 	0.097829 	 0.016836 
0.152340 	0.187286 	0.129924 	0.106906 	 0.017175 
0.143246 	0.188102 	0.130856 	0.102500 	 0.016538 
0.153932 	0.183938 	0.127803 	0.103310 	 0.016433 
0.148260 	0.180722 	0.125632 	0.103628 	 0.016263 
0.151052 	0.184416 	0.128363 	0.102494 	 0.016552 
0.145700 	0.186602 	0.129690 	0.105388 	 0.016881 
0.145249 	0.189389 	0.131385 	0.105756 	 0.016647 
0.137454 	0.193055 	0.133825 	0.110357 	 0.017438 
0.145309 	0.193435 	0.134481 	0.107982 	 0.017415 
0.177185 	0.171954 	0.120830 	0.090914 	 0.014975 
0.150888 	0.185390 	0.129188 	0.102730 	 0.016673 
0.152271 	0.187371 	0.130740 	0.103728 	 0.016751 
0.145999 	0.184595 	0.128567 	0.102816 	 0.016661 
0.140847 	0.192221 	0.133973 	0.106899 	 0.017391 
0.157409 	0.172041 	0.120722 	0.092107 	 0.015747 
0.141198 	0.187768 	0.131016 	0.102118 	 0.017240 
0.138668 	0.188820 	0.131863 	0.102423 	 0.017118 
0.141218 	0.190919 	0.133162 	0.103763 	 0.016960 
0.144880 	0.186727 	0.130042 	0.103581 	 0.016485 
0.151098 	0.179811 	0.125933 	0.097923 	 0.016232 
0.135744 	0.196515 	0.136541 	0.110481 	 0.017685 
0.141629 	0.180303 	0.126294 	0.098562 	 0.016830 
0.136245 	0.196753 	0.137468 	0.107919 	 0.017840 
0.145735 	0.183578 	0.128371 	0.100372 	 0.016738 
0.143203 	0.179290 	0.124895 	0.101476 	 0.016388 
0.129376 	0.188105 	0.131165 	0.101954 	 0.017269 
0.137749 	0.180689 	0.126682 	0.098324 	 0.017332 
0.141369 	0.184329 	0.128967 	0.098454 	 0.016849 
0.145965 	0.178439 	0.124660 	0.097099 	 0.015644 
0.149062 	0.176509 	0.124382 	0.092747 	 0.016204 
0.135835 	0.182911 	0.128394 	0.096496 	 0.016575 
0.138604 	0.177029 	0.124259 	0.096688 	 0.016890 
0.122016 	0.199775 	0.139251 	0.109889 	 0.018234 
0.142718 	0.184117 	0.129216 	0.099168 	 0.016622 
0.137504 	0.186364 	0.130846 	0.098878 	 0.017081 
0.131716 	0.199611 	0.139140 	0.110058 	 0.017086 
0.130900 	0.188827 	0.132362 	0.101016 	 0.017169 
0.132009 	0.195158 	0.136645 	0.104699 	 0.017498 
0.136658 	0.188184 	0.132049 	0.100256 	 0.016800 
0.143207 	0.179003 	0.126374 	0.092001 	 0.016463 
0.121838 	0.192498 	0.134702 	0.103173 	 0.017368 
0.129467 	0.189864 	0.133551 	0.099445 	 0.017197 
0.118355 	0.192052 	0.134492 	0.104739 	 0.017918 
0.137770 	0.176801 	0.125149 	0.090506 	 0.016815 
0.142978 	0.167769 	0.119261 	0.084439 	 0.015436 
0.135635 	0.188257 	0.132484 	0.099998 	 0.017430 
0.132786 	0.187209 	0.132177 	0.095949 	 0.017225 
0.128494 	0.190125 	0.133852 	0.101440 	 0.017526 
0.131516 	0.185852 	0.131007 	0.096516 	 0.016624 
0.130984 	0.192636 	0.135679 	0.101043 	 0.017270 
0.121375 	0.187050 	0.131800 	0.099891 	 0.017569 
0.121325 	0.196041 	0.137490 	0.105288 	 0.017967 
0.135820 	0.182266 	0.128781 	0.094672 	 0.016657 
0.132727 	0.192826 	0.136222 	0.099125 	 0.017224 
0.129597 	0.185527 	0.131253 	0.095137 	 0.017321 
0.135822 	0.188279 	0.132648 	0.099643 	 0.016728 
0.121370 	0.194178 	0.137300 	0.096757 	 0.017635 
0.121626 	0.195809 	0.137633 	0.104381 	 0.018141 
0.117552 	0.201086 	0.141499 	0.106013 	 0.018293 
0.129786 	0.176446 	0.125577 	0.087228 	 0.016518 
0.115367 	0.195305 	0.137722 	0.101466 	 0.017990 
0.123362 	0.190495 	0.134350 	0.099934 	 0.017066 
0.115637 	0.192108 	0.135758 	0.097383 	 0.017624 
0.111130 	0.202376 	0.142007 	0.107824 	 0.018711 
0.123131 	0.186926 	0.132247 	0.095024 	 0.017089 
0.126642 	0.186895 	0.132451 	0.095864 	 0.017469 
0.115424 	0.193056 	0.136528 	0.097517 	 0.017372 
0.110053 	0.191429 	0.135144 	0.099135 	 0.018034 
0.119828 	0.189669 	0.134001 	0.096875 	 0.016950 
0.111342 	0.205063 	0.144423 	0.106414 	 0.018540 
0.118027 	0.190859 	0.134902 	0.096072 	 0.016737 
0.110408 	0.195703 	0.137800 	0.101964 	 0.017892 
0.124504 	0.191712 	0.135629 	0.097588 	 0.017108 
0.116114 	0.194034 	0.136755 	0.099352 	 0.017250 
0.111811 	0.189523 	0.134133 	0.095229 	 0.017365 
0.117542 	0.191893 	0.135753 	0.099750 	 0.017733 
0.116335 	0.200068 	0.140608 	0.107618 	 0.017769 
0.121146 	0.185216 	0.131791 	0.093400 	 0.017172 
0.115639 	0.196189 	0.138540 	0.099379 	 0.017506 
0.127184 	0.177997 	0.126634 	0.091483 	 0.017534 
0.121370 	0.204763 	0.144614 	0.105239 	 0.017238 
0.109271 	0.205402 	0.144578 	0.107317 	 0.017761 
0.098322 	0.204543 	0.143903 	0.107325 	 0.018747 
0.108417 	0.194171 	0.137787 	0.099408 	 0.018219 
0.127841 	0.183996 	0.131580 	0.088828 	 0.016493 
0.102400 	0.200302 	0.141579 	0.104449 	 0.018257 
0.115466 	0.193502 	0.137739 	0.097137 	 0.018006 
0.100432 	0.199954 	0.141214 	0.103280 	 0.018275 
0.099312 	0.206449 	0.145621 	0.107793 	 0.018612 
0.118081 	0.195947 	0.139405 	0.097806 	 0.017646 
0.096723 	0.197547 	0.139925 	0.101238 	 0.018425 
0.102306 	0.197321 	0.139988 	0.099031 	 0.017865 
0.100207 	0.199979 	0.141509 	0.101939 	 0.017938 
0.106364 	0.198759 	0.141124 	0.099857 	 0.017931 
0.103233 	0.196726 	0.139983 	0.098173 	 0.018023 
0.098999 	0.198314 	0.140736 	0.100126 	 0.017939 
0.108028 	0.203774 	0.144511 	0.104085 	 0.018803 
0.103985 	0.211356 	0.149236 	0.111747 	 0.019210 
0.101382 	0.209803 	0.148754 	0.104678 	 0.018794 
0.108681 	0.199682 	0.141899 	0.100114 	 0.017648 
0.091805 	0.211944 	0.149811 	0.108951 	 0.018915 
0.109825 	0.195913 	0.139760 	0.096278 	 0.017557 
0.078472 	0.212949 	0.150431 	0.112450 	 0.020875 
0.093418 	0.212683 	0.150380 	0.108893 	 0.019189 
0.095526 	0.200706 	0.142651 	0.100367 	 0.018427 
0.113727 	0.188508 	0.134758 	0.093177 	 0.016901 
0.108551 	0.193022 	0.137790 	0.094314 	 0.017550 
0.084808 	0.203585 	0.144140 	0.103642 	 0.018871 
0.089657 	0.201328 	0.142538 	0.105002 	 0.019181 
0.096251 	0.206586 	0.146186 	0.107625 	 0.018821 
0.102805 	0.195988 	0.139605 	0.098081 	 0.018020 
0.098109 	0.206830 	0.147035 	0.101840 	 0.018492 
0.086234 	0.212074 	0.150470 	0.107324 	 0.019224 
0.089701 	0.205689 	0.146043 	0.105897 	 0.019540 
0.103597 	0.194819 	0.139431 	0.096897 	 0.018738 
0.100857 	0.193637 	0.138617 	0.094104 	 0.018592 
0.095741 	0.191162 	0.136727 	0.093674 	 0.017945 
0.087329 	0.211165 	0.149953 	0.105705 	 0.018863 
0.089377 	0.209279 	0.148993 	0.105694 	 0.019268 
0.083643 	0.201479 	0.143817 	0.099963 	 0.019245 
0.104376 	0.190166 	0.136637 	0.092004 	 0.017971 
0.096589 	0.198062 	0.142067 	0.095027 	 0.018312 
0.089161 	0.205759 	0.146490 	0.104215 	 0.019029 
0.101900 	0.195722 	0.140471 	0.094228 	 0.017753 
0.091395 	0.203197 	0.145354 	0.099674 	 0.019216 
0.076325 	0.225072 	0.159001 	0.116959 	 0.019715 
0.092469 	0.202898 	0.144604 	0.103790 	 0.019351 
0.088033 	0.195669 	0.139968 	0.096364 	 0.018582 
0.093087 	0.201708 	0.144198 	0.098948 	 0.018516 
0.098641 	0.205530 	0.146526 	0.105348 	 0.019384 
0.097298 	0.204587 	0.146241 	0.100449 	 0.018457 
0.091674 	0.207265 	0.148106 	0.104168 	 0.019265 
0.100914 	0.202871 	0.145693 	0.098478 	 0.019067 
0.070861 	0.224028 	0.158911 	0.114328 	 0.020172 
0.088659 	0.200071 	0.143616 	0.094779 	 0.018230 
0.098085 	0.199068 	0.143263 	0.095027 	 0.018603 
0.089727 	0.202605 	0.145483 	0.098075 	 0.018788 
0.100297 	0.192008 	0.138490 	0.092780 	 0.018262 
0.084486 	0.200965 	0.144655 	0.096161 	 0.019297 
0.087835 	0.207888 	0.148826 	0.103698 	 0.019997 
0.097965 	0.191030 	0.137781 	0.090911 	 0.018195 
0.076525 	0.216450 	0.154366 	0.108982 	 0.019816 
0.094073 	0.199988 	0.144175 	0.095582 	 0.018794 
0.089444 	0.202237 	0.145151 	0.097238 	 0.018550 
0.095264 	0.184826 	0.134070 	0.086185 	 0.018378 
0.090871 	0.199829 	0.143815 	0.096520 	 0.018465 
0.075293 	0.212949 	0.152161 	0.106863 	 0.019561 
0.107762 	0.185166 	0.134725 	0.084010 	 0.017039 
0.086151 	0.196264 	0.141528 	0.091421 	 0.017749 
0.091205 	0.197004 	0.142307 	0.092194 	 0.018255 
0.091398 	0.190423 	0.137591 	0.088892 	 0.017657 
0.090890 	0.196440 	0.141839 	0.090761 	 0.018079 
0.077669 	0.205073 	0.147666 	0.096181 	 0.018573 
0.091388 	0.195412 	0.141461 	0.090203 	 0.017888 
0.074890 	0.220594 	0.158072 	0.106856 	 0.019577 
0.075389 	0.218790 	0.156492 	0.106680 	 0.019288 
0.090160 	0.198793 	0.143371 	0.094232 	 0.018304 
0.070698 	0.216236 	0.154940 	0.106036 	 0.020215 
0.096658 	0.195432 	0.141713 	0.090885 	 0.017913 
0.089158 	0.190604 	0.138440 	0.087176 	 0.018086 
0.083023 	0.207646 	0.149574 	0.100997 	 0.019663 
0.071610 	0.220415 	0.158079 	0.107251 	 0.020141 
0.080699 	0.210682 	0.151735 	0.100494 	 0.019397 
0.066165 	0.210495 	0.150757 	0.103905 	 0.019525 
0.086598 	0.194741 	0.140546 	0.093319 	 0.018324 
0.062510 	0.212614 	0.153180 	0.101650 	 0.020725 
0.072064 	0.217232 	0.156369 	0.103573 	 0.020636 
0.080009 	0.207743 	0.149533 	0.101108 	 0.019305 
0.067103 	0.219314 	0.157378 	0.106764 	 0.020432 
0.076214 	0.206973 	0.149570 	0.097115 	 0.019598 
0.081805 	0.208075 	0.150108 	0.099403 	 0.019684 
0.082344 	0.200107 	0.145185 	0.091889 	 0.018645 
0.078791 	0.206396 	0.149266 	0.097152 	 0.019183 
0.080507 	0.206171 	0.149083 	0.097499 	 0.019472 
0.069827 	0.208261 	0.150083 	0.100284 	 0.019704 
0.090925 	0.196031 	0.142491 	0.090943 	 0.018710 
0.067737 	0.214026 	0.154377 	0.103018 	 0.020267 
0.065451 	0.218254 	0.157749 	0.101438 	 0.020767 
0.059286 	0.225825 	0.161945 	0.110738 	 0.020862 
0.073241 	0.211191 	0.152768 	0.099810 	 0.019777 
0.067902 	0.221429 	0.159847 	0.104945 	 0.020662 
0.069978 	0.215668 	0.155795 	0.101537 	 0.020429 
0.079425 	0.199353 	0.145149 	0.093285 	 0.019233 
0.066321 	0.214445 	0.154695 	0.103013 	 0.020452 
0.067549 	0.213237 	0.154207 	0.099211 	 0.019426 
0.083562 	0.200048 	0.145733 	0.091345 	 0.018954 
0.053982 	0.218886 	0.157444 	0.106920 	 0.020786 
0.053599 	0.218826 	0.157722 	0.103804 	 0.020943 
0.067964 	0.211253 	0.153388 	0.097987 	 0.020541 
0.074656 	0.215895 	0.156379 	0.100920 	 0.020099 
0.078542 	0.206419 	0.150286 	0.094176 	 0.019577 
0.067032 	0.207038 	0.150431 	0.094132 	 0.019145 
0.063683 	0.220500 	0.159382 	0.105420 	 0.020657 
0.070968 	0.209398 	0.151899 	0.099270 	 0.020465 
0.078628 	0.199571 	0.145969 	0.087278 	 0.018840 
0.073250 	0.205617 	0.149365 	0.095815 	 0.019305 
0.065841 	0.214176 	0.155474 	0.098959 	 0.020328 
0.068504 	0.214125 	0.155121 	0.100451 	 0.020052 
0.062095 	0.220717 	0.159622 	0.103274 	 0.020665 
0.056459 	0.224457 	0.162172 	0.107727 	 0.021387 
0.078246 	0.209725 	0.152958 	0.094677 	 0.019883 
0.070262 	0.207815 	0.151594 	0.094372 	 0.020285 
0.062948 	0.223990 	0.162025 	0.107412 	 0.020799 
0.050616 	0.222913 	0.161330 	0.105629 	 0.021553 
0.060730 	0.216012 	0.156652 	0.102761 	 0.020512 
0.074653 	0.207236 	0.151102 	0.095764 	 0.019676 
0.072117 	0.214123 	0.156136 	0.096654 	 0.019888 
0.066844 	0.216613 	0.157765 	0.099140 	 0.020475 
0.075921 	0.222084 	0.161474 	0.102330 	 0.020016 
0.053456 	0.236398 	0.170205 	0.114996 	 0.021589 
0.074907 	0.211560 	0.154430 	0.097514 	 0.020103 
0.066327 	0.218014 	0.158663 	0.101691 	 0.020555 
0.066483 	0.203020 	0.148684 	0.091824 	 0.020064 
0.050436 	0.226549 	0.163912 	0.107193 	 0.021372 
0.062161 	0.211312 	0.154020 	0.094422 	 0.019590 
0.072793 	0.200701 	0.147450 	0.088539 	 0.019819 
0.085382 	0.193398 	0.142798 	0.081991 	 0.018558 
0.076027 	0.201590 	0.148153 	0.088809 	 0.019116 
0.087254 	0.203788 	0.150190 	0.091063 	 0.019851 
0.063005 	0.224844 	0.163716 	0.103888 	 0.021330 
0.080417 	0.212079 	0.155140 	0.095886 	 0.019653 
0.063546 	0.225847 	0.163727 	0.107860 	 0.020850 
0.059794 	0.216339 	0.157989 	0.097731 	 0.021426 
0.061223 	0.218645 	0.159149 	0.100682 	 0.020437 
0.071693 	0.215761 	0.157428 	0.099728 	 0.020825 
0.068458 	0.221307 	0.161431 	0.102741 	 0.020762 
0.073365 	0.216869 	0.158300 	0.099633 	 0.020411 
0.062628 	0.218638 	0.159736 	0.101148 	 0.021581 
0.067147 	0.223269 	0.162726 	0.103832 	 0.020885 
0.079300 	0.210451 	0.154438 	0.095435 	 0.019634 
0.067573 	0.221366 	0.161551 	0.104930 	 0.021314 
0.077084 	0.213455 	0.156704 	0.095869 	 0.020027 
0.067712 	0.224440 	0.163461 	0.106045 	 0.020893 
0.062959 	0.218957 	0.160151 	0.100872 	 0.021168 
0.065514 	0.220978 	0.161266 	0.102962 	 0.020460 
0.071929 	0.217633 	0.159354 	0.100670 	 0.020720 
0.058509 	0.229659 	0.167088 	0.109786 	 0.022332 
0.077878 	0.213639 	0.156501 	0.100802 	 0.020878 
0.067163 	0.213806 	0.157231 	0.096831 	 0.021351 
0.073570 	0.208523 	0.153686 	0.093038 	 0.020859 
0.063495 	0.229893 	0.167480 	0.109361 	 0.021561 
0.406533 	0.008588 	0.006857 	-0.000999 	 0.002182 
0.407189 	0.008238 	0.006132 	0.005320 	 0.002680 
0.411317 	0.028155 	0.018655 	0.031231 	 0.004941 
0.405800 	0.032124 	0.020711 	0.036129 	 0.004375 
0.426662 	0.021272 	0.014936 	0.022182 	 0.003008 
0.394635 	0.046225 	0.030449 	0.042396 	 0.005231 
0.408096 	0.035565 	0.023896 	0.033581 	 0.004417 
0.427043 	0.015617 	0.010651 	0.021672 	 0.002818 
0.385156 	0.058406 	0.038498 	0.050848 	 0.006707 
0.396159 	0.043340 	0.028758 	0.038157 	 0.004907 
0.390804 	0.045300 	0.029721 	0.042370 	 0.005012 
0.393290 	0.040273 	0.026602 	0.036812 	 0.004221 
0.369733 	0.066373 	0.043539 	0.055600 	 0.007011 
0.387336 	0.032455 	0.021415 	0.034282 	 0.005759 
0.391897 	0.048751 	0.032429 	0.041473 	 0.004758 
0.387454 	0.048195 	0.031469 	0.043787 	 0.004731 
0.361136 	0.071088 	0.046729 	0.058727 	 0.007608 
0.388055 	0.046594 	0.030426 	0.043513 	 0.005385 
0.381202 	0.040178 	0.026597 	0.037402 	 0.005436 
0.383673 	0.048637 	0.032129 	0.044938 	 0.006125 
0.382469 	0.043221 	0.028491 	0.040434 	 0.005090 
0.368886 	0.048221 	0.031851 	0.042275 	 0.005577 
0.378249 	0.039971 	0.026299 	0.036745 	 0.004818 
0.371386 	0.053020 	0.035167 	0.045992 	 0.005988 
0.389884 	0.030668 	0.020342 	0.029527 	 0.003644 
0.366840 	0.050270 	0.033549 	0.044588 	 0.006857 
0.369621 	0.055224 	0.036027 	0.049829 	 0.006167 
0.379359 	0.049346 	0.032594 	0.043076 	 0.005255 
0.359032 	0.068370 	0.044718 	0.058999 	 0.007865 
0.365441 	0.051877 	0.033930 	0.048592 	 0.006629 
0.368195 	0.049686 	0.033158 	0.045273 	 0.006462 
0.364895 	0.055818 	0.036964 	0.050177 	 0.006983 
0.371237 	0.044507 	0.029657 	0.040001 	 0.005581 
0.357778 	0.055028 	0.036200 	0.048011 	 0.006435 
0.350136 	0.062098 	0.040715 	0.054004 	 0.007275 
0.344222 	0.074696 	0.048772 	0.064791 	 0.008648 
0.343689 	0.063005 	0.041606 	0.054074 	 0.007340 
0.344670 	0.070359 	0.046558 	0.058555 	 0.008088 
0.344690 	0.069425 	0.045493 	0.059018 	 0.007327 
0.349652 	0.064863 	0.043360 	0.051905 	 0.007037 
0.336556 	0.070392 	0.046569 	0.056137 	 0.007613 
0.339424 	0.070034 	0.046404 	0.059031 	 0.007699 
0.339927 	0.064792 	0.042437 	0.055835 	 0.007013 
0.328052 	0.067617 	0.044809 	0.056150 	 0.008417 
0.348539 	0.058757 	0.039201 	0.047685 	 0.006558 
0.333521 	0.072254 	0.048047 	0.057793 	 0.007765 
0.332990 	0.067946 	0.045331 	0.055326 	 0.008410 
0.333703 	0.074592 	0.049326 	0.058882 	 0.007160 
0.332848 	0.069309 	0.045952 	0.057197 	 0.008147 
0.322463 	0.080212 	0.052716 	0.065795 	 0.008691 
0.336083 	0.072674 	0.048847 	0.057082 	 0.008632 
0.320285 	0.080632 	0.053496 	0.062738 	 0.008983 
0.311548 	0.088868 	0.058645 	0.070659 	 0.009163 
0.316861 	0.077413 	0.051305 	0.060326 	 0.008871 
0.311651 	0.090693 	0.060275 	0.068699 	 0.009547 
0.324855 	0.066857 	0.044313 	0.054910 	 0.007744 
0.329694 	0.074135 	0.049366 	0.058307 	 0.007953 
0.332238 	0.068443 	0.045363 	0.058886 	 0.007724 
0.325400 	0.075507 	0.050367 	0.057644 	 0.007592 
0.307722 	0.086168 	0.057261 	0.067166 	 0.009447 
0.313110 	0.081590 	0.054196 	0.064072 	 0.009287 
0.306456 	0.081818 	0.053930 	0.063907 	 0.008768 
0.310982 	0.081786 	0.054053 	0.065544 	 0.009097 
0.303879 	0.080471 	0.052681 	0.065039 	 0.008132 
0.320791 	0.073450 	0.049309 	0.056198 	 0.007947 
0.303597 	0.087129 	0.057511 	0.066742 	 0.008433 
0.307914 	0.081825 	0.054353 	0.063465 	 0.008863 
0.300674 	0.102039 	0.067810 	0.076633 	 0.009876 
0.301219 	0.097294 	0.064464 	0.074779 	 0.009981 
0.303154 	0.085802 	0.057178 	0.066171 	 0.009686 
0.298723 	0.091756 	0.061140 	0.069487 	 0.009317 
0.296025 	0.092875 	0.061954 	0.069291 	 0.010063 
0.298140 	0.086181 	0.057594 	0.066765 	 0.009698 
0.305765 	0.079651 	0.052727 	0.062850 	 0.008691 
0.301767 	0.084365 	0.056691 	0.063298 	 0.009494 
0.298214 	0.090842 	0.060531 	0.068640 	 0.009807 
0.299553 	0.090378 	0.059912 	0.070076 	 0.009096 
0.282085 	0.101651 	0.067600 	0.075326 	 0.011345 
0.289686 	0.098919 	0.065786 	0.071912 	 0.009691 
0.288827 	0.104233 	0.068923 	0.077755 	 0.009899 
0.281379 	0.098478 	0.065346 	0.074380 	 0.010085 
0.288108 	0.091932 	0.061565 	0.065944 	 0.009521 
0.286284 	0.095581 	0.063676 	0.070536 	 0.009688 
0.298191 	0.085239 	0.057139 	0.063005 	 0.009340 
0.297228 	0.087670 	0.058925 	0.065263 	 0.009562 
0.289825 	0.093009 	0.061808 	0.070003 	 0.009016 
0.291509 	0.089541 	0.060121 	0.065680 	 0.009923 
0.289239 	0.096298 	0.064682 	0.067801 	 0.009886 
0.284299 	0.105030 	0.070153 	0.076259 	 0.010515 
0.284737 	0.100228 	0.066803 	0.074194 	 0.010211 
0.284620 	0.093476 	0.062624 	0.069162 	 0.010114 
0.282039 	0.106626 	0.071226 	0.076923 	 0.010213 
0.279613 	0.102715 	0.068611 	0.073819 	 0.010041 
0.284765 	0.096484 	0.064444 	0.068662 	 0.008945 
0.272762 	0.106717 	0.071240 	0.075923 	 0.010586 
0.286467 	0.083843 	0.056353 	0.060655 	 0.009225 
0.275770 	0.108441 	0.072568 	0.078301 	 0.010851 
0.275377 	0.097982 	0.065252 	0.071661 	 0.009719 
0.270785 	0.110805 	0.073902 	0.079311 	 0.010698 
0.285595 	0.093590 	0.063034 	0.066991 	 0.009487 
0.270231 	0.106351 	0.071305 	0.075037 	 0.010493 
0.274365 	0.103119 	0.068768 	0.075252 	 0.010161 
0.271268 	0.104981 	0.069934 	0.077239 	 0.010576 
0.279845 	0.092216 	0.061547 	0.069185 	 0.009604 
0.276865 	0.103530 	0.069989 	0.071997 	 0.010568 
0.269480 	0.101621 	0.068426 	0.070608 	 0.010665 
0.273643 	0.107118 	0.072007 	0.076076 	 0.010190 
0.258369 	0.116345 	0.077872 	0.082858 	 0.011518 
0.266322 	0.111610 	0.074561 	0.079377 	 0.010487 
0.263186 	0.103586 	0.069656 	0.072697 	 0.010530 
0.279400 	0.100930 	0.067831 	0.070466 	 0.009929 
0.269941 	0.102535 	0.068807 	0.074787 	 0.010804 
0.263541 	0.112098 	0.075411 	0.078628 	 0.011367 
0.273556 	0.097599 	0.065639 	0.067760 	 0.009378 
0.260068 	0.106938 	0.072329 	0.072367 	 0.010851 
0.256563 	0.110176 	0.074015 	0.077082 	 0.011090 
0.257371 	0.118699 	0.079879 	0.080273 	 0.011394 
0.238087 	0.127962 	0.085562 	0.087812 	 0.011849 
0.256769 	0.110667 	0.074528 	0.075653 	 0.010796 
0.259285 	0.101700 	0.068608 	0.069440 	 0.010764 
0.253187 	0.120527 	0.080825 	0.083141 	 0.011112 
0.263590 	0.105759 	0.071453 	0.072679 	 0.010205 
0.258214 	0.104314 	0.070367 	0.070493 	 0.009950 
0.247505 	0.120786 	0.081443 	0.078409 	 0.010795 
0.253460 	0.117920 	0.079295 	0.077150 	 0.010432 
0.269827 	0.102698 	0.070226 	0.064916 	 0.009326 
0.262647 	0.110403 	0.075259 	0.070101 	 0.010180 
0.260578 	0.105468 	0.070896 	0.073496 	 0.009986 
0.236661 	0.125919 	0.084465 	0.084314 	 0.011416 
0.262899 	0.118666 	0.079959 	0.079470 	 0.010077 
0.247472 	0.113496 	0.077080 	0.073204 	 0.011091 
0.255718 	0.118105 	0.080217 	0.076068 	 0.010664 
0.245619 	0.119116 	0.080511 	0.077226 	 0.010898 
0.226224 	0.132447 	0.089043 	0.087513 	 0.012102 
0.243669 	0.118033 	0.079400 	0.079770 	 0.010840 
0.237376 	0.127330 	0.085539 	0.083617 	 0.011147 
0.235813 	0.127451 	0.086187 	0.081001 	 0.011370 
0.247343 	0.122465 	0.082689 	0.081061 	 0.011211 
0.239305 	0.123651 	0.083444 	0.082375 	 0.011661 
0.246452 	0.120722 	0.082059 	0.075623 	 0.010787 
0.221333 	0.132405 	0.089228 	0.086072 	 0.012187 
0.230127 	0.132680 	0.089666 	0.085704 	 0.011892 
0.232554 	0.124078 	0.083674 	0.082941 	 0.011611 
0.233090 	0.121480 	0.081849 	0.078925 	 0.010846 
0.240150 	0.116122 	0.078742 	0.074563 	 0.010935 
0.226509 	0.135334 	0.091578 	0.085333 	 0.011997 
0.232381 	0.128497 	0.087465 	0.080910 	 0.012091 
0.226650 	0.137751 	0.093032 	0.088313 	 0.011841 
0.240635 	0.108566 	0.074069 	0.066387 	 0.009537 
0.235400 	0.118851 	0.080991 	0.076281 	 0.011446 
0.227771 	0.135560 	0.091570 	0.089207 	 0.012452 
0.218157 	0.131416 	0.088997 	0.083725 	 0.012222 
0.214230 	0.135952 	0.091475 	0.089199 	 0.012574 
0.233404 	0.132219 	0.089844 	0.082068 	 0.011290 
0.217282 	0.136794 	0.092551 	0.087480 	 0.012231 
0.224297 	0.122154 	0.082975 	0.075645 	 0.011057 
0.209000 	0.150251 	0.101510 	0.095622 	 0.013205 
0.211484 	0.140041 	0.094692 	0.086876 	 0.012136 
0.205886 	0.139314 	0.094547 	0.086367 	 0.012963 
0.211242 	0.146596 	0.099581 	0.091916 	 0.013062 
0.221343 	0.127978 	0.087600 	0.076076 	 0.011959 
0.203304 	0.142354 	0.096343 	0.088149 	 0.012677 
0.204730 	0.154702 	0.104850 	0.096019 	 0.013515 
0.218932 	0.134970 	0.091783 	0.083745 	 0.012308 
0.208901 	0.143803 	0.098001 	0.087854 	 0.013165 
0.203511 	0.139710 	0.094863 	0.086654 	 0.012683 
0.197058 	0.154771 	0.104844 	0.095452 	 0.013282 
0.208529 	0.135847 	0.092217 	0.086327 	 0.013029 
0.208140 	0.145434 	0.098902 	0.087064 	 0.012429 
0.199262 	0.148219 	0.100361 	0.092620 	 0.012779 
0.209587 	0.135136 	0.092044 	0.080186 	 0.011200 
0.199912 	0.146430 	0.099604 	0.089155 	 0.013169 
0.205673 	0.143778 	0.097683 	0.088811 	 0.012843 
0.185377 	0.165799 	0.112025 	0.103451 	 0.014012 
0.191254 	0.156448 	0.106076 	0.096516 	 0.013908 
0.193510 	0.143615 	0.097793 	0.084338 	 0.012240 
0.198974 	0.146722 	0.099910 	0.087457 	 0.012950 
0.190933 	0.151736 	0.103086 	0.094632 	 0.013862 
0.209068 	0.143077 	0.097931 	0.084778 	 0.012301 
0.193370 	0.146688 	0.099952 	0.089850 	 0.013600 
0.191630 	0.143840 	0.097981 	0.086433 	 0.012588 
0.186207 	0.153508 	0.104898 	0.089980 	 0.013601 
0.181045 	0.154625 	0.104723 	0.093658 	 0.013359 
0.198706 	0.139952 	0.095919 	0.082744 	 0.012641 
0.191234 	0.148848 	0.101351 	0.090382 	 0.012552 
0.189046 	0.149939 	0.102628 	0.086478 	 0.013090 
0.188130 	0.152688 	0.103980 	0.091932 	 0.013157 
0.184580 	0.149206 	0.101888 	0.088239 	 0.013422 
0.180269 	0.167681 	0.114040 	0.100500 	 0.014075 
0.185881 	0.153839 	0.104942 	0.091376 	 0.012930 
0.171862 	0.170284 	0.115716 	0.103416 	 0.015295 
0.182841 	0.157315 	0.107352 	0.092870 	 0.013186 
0.176562 	0.167660 	0.114280 	0.098890 	 0.014513 
0.188357 	0.148380 	0.101423 	0.086478 	 0.012149 
0.184738 	0.153191 	0.104887 	0.087634 	 0.012570 
0.173985 	0.170440 	0.116027 	0.103440 	 0.014889 
0.178483 	0.160336 	0.109425 	0.093948 	 0.013470 
0.178776 	0.152015 	0.103806 	0.089435 	 0.012889 
0.162520 	0.161262 	0.110255 	0.095546 	 0.014837 
0.174225 	0.161116 	0.110463 	0.092521 	 0.013598 
0.159025 	0.173701 	0.117740 	0.105181 	 0.014561 
0.168234 	0.166478 	0.113965 	0.095561 	 0.013754 
0.163219 	0.166045 	0.113371 	0.098317 	 0.014539 
0.187351 	0.153835 	0.105886 	0.085665 	 0.012299 
0.178413 	0.153977 	0.105837 	0.087713 	 0.012810 
0.169411 	0.157474 	0.108065 	0.089986 	 0.013571 
0.165673 	0.163134 	0.111394 	0.095089 	 0.013910 
0.169881 	0.165925 	0.113542 	0.095994 	 0.013871 
0.164163 	0.167362 	0.114698 	0.096027 	 0.014062 
0.171118 	0.161881 	0.110852 	0.094432 	 0.013532 
0.170741 	0.171488 	0.117076 	0.100617 	 0.014063 
0.172300 	0.155985 	0.107441 	0.086593 	 0.013748 
0.162043 	0.171911 	0.117805 	0.098908 	 0.014825 
0.162034 	0.155491 	0.106700 	0.087314 	 0.013021 
0.162260 	0.172332 	0.118178 	0.098154 	 0.013874 
0.165179 	0.164159 	0.112163 	0.095427 	 0.013609 
0.155728 	0.166389 	0.113691 	0.095280 	 0.013571 
0.160371 	0.168430 	0.115366 	0.098310 	 0.014544 
0.154788 	0.170128 	0.116449 	0.098686 	 0.014571 
0.151396 	0.172829 	0.118591 	0.097261 	 0.014582 
0.147812 	0.174742 	0.119483 	0.101468 	 0.014784 
0.167532 	0.168871 	0.116404 	0.094628 	 0.014054 
0.171235 	0.159471 	0.109799 	0.091210 	 0.013308 
0.157333 	0.176531 	0.121136 	0.099408 	 0.014115 
0.146869 	0.179106 	0.122656 	0.101738 	 0.014902 
0.141088 	0.186203 	0.127490 	0.108871 	 0.015996 
0.148577 	0.181310 	0.124263 	0.101613 	 0.014989 
0.147382 	0.176019 	0.120925 	0.099354 	 0.014593 
0.148643 	0.175121 	0.119826 	0.099483 	 0.014246 
0.141569 	0.181343 	0.124491 	0.101087 	 0.014575 
0.148840 	0.179958 	0.123452 	0.102137 	 0.014502 
0.143579 	0.177429 	0.121697 	0.100860 	 0.014775 
0.159781 	0.159759 	0.110634 	0.085991 	 0.013641 
0.146832 	0.179207 	0.122954 	0.101829 	 0.014863 
0.158947 	0.163991 	0.113310 	0.086433 	 0.012832 
0.148137 	0.171067 	0.118094 	0.093902 	 0.014221 
0.142907 	0.175581 	0.120692 	0.096867 	 0.014600 
0.149142 	0.170919 	0.118011 	0.091022 	 0.013781 
0.152590 	0.178226 	0.123019 	0.098202 	 0.014401 
0.153576 	0.171319 	0.117966 	0.093398 	 0.013837 
0.147255 	0.179765 	0.123648 	0.099047 	 0.014666 
0.141917 	0.187349 	0.128712 	0.106423 	 0.015289 
0.150413 	0.168246 	0.116317 	0.092161 	 0.013861 
0.149183 	0.172268 	0.119646 	0.091977 	 0.014650 
0.145088 	0.179815 	0.123860 	0.101675 	 0.014573 
0.139725 	0.182710 	0.126013 	0.102063 	 0.015145 
0.127636 	0.195478 	0.134007 	0.108723 	 0.015409 
0.143823 	0.171281 	0.118829 	0.093098 	 0.014504 
0.150980 	0.169641 	0.117700 	0.090299 	 0.013762 
0.133391 	0.188251 	0.129471 	0.103286 	 0.014846 
0.127559 	0.179820 	0.124232 	0.097184 	 0.014949 
0.148245 	0.174697 	0.121157 	0.090489 	 0.013613 
0.134010 	0.176816 	0.122230 	0.093953 	 0.014173 
0.133701 	0.173425 	0.120333 	0.090587 	 0.014330 
0.133669 	0.180114 	0.124638 	0.096371 	 0.014774 
0.147070 	0.177863 	0.122772 	0.097802 	 0.014043 
0.123306 	0.198390 	0.136624 	0.106571 	 0.015593 
0.147032 	0.177204 	0.122694 	0.093895 	 0.013543 
0.138118 	0.180481 	0.124885 	0.096199 	 0.014104 
0.131712 	0.179474 	0.124796 	0.093473 	 0.014955 
0.128103 	0.182672 	0.126414 	0.096889 	 0.014664 
0.148026 	0.159357 	0.111452 	0.080936 	 0.013312 
0.124347 	0.180422 	0.124147 	0.099710 	 0.014639 
0.124782 	0.189234 	0.131030 	0.098491 	 0.014876 
0.127390 	0.188999 	0.130761 	0.101883 	 0.015255 
0.128582 	0.189881 	0.131150 	0.104058 	 0.014948 
0.131881 	0.178351 	0.123768 	0.093693 	 0.013988 
0.125691 	0.190153 	0.131773 	0.100971 	 0.015265 
0.126911 	0.196072 	0.135850 	0.104531 	 0.015346 
0.129845 	0.171195 	0.119276 	0.088978 	 0.014067 
0.122845 	0.189629 	0.131713 	0.098246 	 0.015077 
0.126775 	0.180339 	0.125525 	0.093035 	 0.014500 
0.128704 	0.185726 	0.129341 	0.095768 	 0.014982 
0.138307 	0.181206 	0.126085 	0.095264 	 0.014748 
0.121259 	0.188468 	0.130482 	0.100079 	 0.015545 
0.102153 	0.195865 	0.135579 	0.103076 	 0.016116 
0.116480 	0.198363 	0.137608 	0.103598 	 0.015596 
0.120876 	0.187417 	0.130444 	0.095434 	 0.014941 
0.113754 	0.203690 	0.141193 	0.107003 	 0.015939 
0.110097 	0.195135 	0.134952 	0.103918 	 0.015682 
0.128229 	0.185673 	0.129219 	0.096260 	 0.014462 
0.127407 	0.191466 	0.133284 	0.100274 	 0.015182 
0.132837 	0.173510 	0.121530 	0.087272 	 0.014171 
0.122972 	0.192298 	0.133363 	0.100663 	 0.014561 
0.104589 	0.200516 	0.139413 	0.103820 	 0.015893 
0.110236 	0.195758 	0.136313 	0.100433 	 0.015407 
0.118696 	0.190111 	0.132737 	0.096270 	 0.015009 
0.122115 	0.192054 	0.134153 	0.097500 	 0.014769 
0.121904 	0.191720 	0.133751 	0.100606 	 0.014860 
0.119799 	0.188483 	0.131173 	0.099762 	 0.015151 
0.111376 	0.184484 	0.128963 	0.093353 	 0.014964 
0.120664 	0.184023 	0.128744 	0.090393 	 0.014408 
0.104193 	0.184830 	0.128768 	0.095606 	 0.014873 
0.121709 	0.189795 	0.132753 	0.097294 	 0.014547 
0.117403 	0.191255 	0.133476 	0.095955 	 0.014656 
0.101200 	0.207441 	0.143785 	0.110947 	 0.016494 
0.102327 	0.194005 	0.135231 	0.098036 	 0.016004 
0.099226 	0.202441 	0.141258 	0.104252 	 0.016786 
0.102858 	0.200758 	0.139729 	0.104011 	 0.016012 
0.113687 	0.192198 	0.134420 	0.096409 	 0.015121 
0.107146 	0.198628 	0.138254 	0.103243 	 0.015742 
0.118009 	0.183834 	0.129124 	0.089764 	 0.014344 
0.119835 	0.177993 	0.124812 	0.087043 	 0.013220 
0.103547 	0.203320 	0.141953 	0.103275 	 0.015913 
0.105450 	0.197400 	0.137846 	0.099774 	 0.015622 
0.109678 	0.189609 	0.133064 	0.093211 	 0.014959 
0.107130 	0.193421 	0.135375 	0.096853 	 0.015181 
0.103994 	0.202238 	0.141189 	0.103858 	 0.016081 
0.117251 	0.179397 	0.126363 	0.086213 	 0.014165 
0.113686 	0.192223 	0.134747 	0.094839 	 0.014866 
0.098176 	0.201910 	0.140666 	0.102352 	 0.015567 
0.102901 	0.197841 	0.138613 	0.098080 	 0.015507 
0.116466 	0.183248 	0.128708 	0.090403 	 0.014362 
0.095236 	0.187642 	0.132267 	0.088967 	 0.015322 
0.101226 	0.201436 	0.140610 	0.104310 	 0.015907 
0.093159 	0.204899 	0.143013 	0.104133 	 0.015929 
0.091243 	0.205531 	0.143520 	0.106021 	 0.016226 
0.107458 	0.184942 	0.130167 	0.089474 	 0.014301 
0.111323 	0.179562 	0.126948 	0.086490 	 0.014661 
0.098678 	0.201197 	0.140795 	0.099912 	 0.014911 
0.099767 	0.191307 	0.134730 	0.092018 	 0.015171 
0.100878 	0.190172 	0.133847 	0.091289 	 0.014507 
0.098174 	0.205518 	0.143699 	0.104640 	 0.016219 
0.101884 	0.197803 	0.138840 	0.097990 	 0.016010 
0.096234 	0.193356 	0.136317 	0.090983 	 0.014992 
0.100702 	0.199118 	0.140019 	0.099996 	 0.016108 
0.096580 	0.196542 	0.138128 	0.095734 	 0.015375 
0.084631 	0.209054 	0.146153 	0.105404 	 0.016792 
0.099988 	0.201565 	0.142149 	0.097919 	 0.016339 
0.095338 	0.197577 	0.139110 	0.096066 	 0.016162 
0.099692 	0.203594 	0.143295 	0.097211 	 0.015346 
0.093339 	0.195785 	0.137900 	0.094256 	 0.015456 
0.099019 	0.198843 	0.139714 	0.097778 	 0.015240 
0.107560 	0.185373 	0.131360 	0.086205 	 0.014540 
0.100186 	0.191529 	0.135234 	0.092388 	 0.015259 
0.093517 	0.202622 	0.142736 	0.098155 	 0.015733 
0.099799 	0.189513 	0.133938 	0.090762 	 0.015133 
0.093355 	0.198221 	0.140055 	0.094361 	 0.015423 
0.092057 	0.203017 	0.142581 	0.100059 	 0.015601 
0.101207 	0.184227 	0.130933 	0.087021 	 0.015673 
0.091385 	0.202568 	0.142792 	0.097401 	 0.016037 
0.110079 	0.187053 	0.132598 	0.088182 	 0.014017 
0.089216 	0.195313 	0.138132 	0.092645 	 0.015543 
0.089460 	0.188509 	0.133658 	0.087889 	 0.015236 
0.093765 	0.189619 	0.134413 	0.088542 	 0.015245 
0.099164 	0.193428 	0.137002 	0.090031 	 0.015100 
0.085841 	0.201784 	0.142478 	0.095946 	 0.015526 
0.112185 	0.188041 	0.133482 	0.087952 	 0.014091 
0.085230 	0.205293 	0.144882 	0.096825 	 0.015772 
0.095056 	0.192743 	0.136601 	0.090345 	 0.015282 
0.099525 	0.189947 	0.135529 	0.084279 	 0.015063 
0.088368 	0.199971 	0.141872 	0.091851 	 0.015584 
0.071640 	0.216539 	0.152159 	0.106856 	 0.017029 
0.087265 	0.204755 	0.144521 	0.097302 	 0.015510 
0.097439 	0.197745 	0.140196 	0.090328 	 0.014847 
0.078913 	0.204639 	0.144590 	0.096003 	 0.015836 
0.097661 	0.198546 	0.141002 	0.092414 	 0.015605 
0.081512 	0.202212 	0.142907 	0.096600 	 0.016144 
0.085683 	0.213412 	0.150490 	0.102095 	 0.016139 
0.079328 	0.209482 	0.147697 	0.101059 	 0.016242 
0.084424 	0.205846 	0.145602 	0.098183 	 0.015771 
0.095882 	0.198004 	0.140529 	0.093090 	 0.014759 
0.086836 	0.199766 	0.141944 	0.091891 	 0.015548 
0.093543 	0.196652 	0.140808 	0.088035 	 0.015874 
0.084882 	0.198771 	0.141158 	0.093727 	 0.016286 
0.077426 	0.213331 	0.150463 	0.104706 	 0.016529 
0.077334 	0.207653 	0.147012 	0.098476 	 0.015970 
0.081886 	0.209710 	0.148608 	0.099271 	 0.016017 
0.085240 	0.204554 	0.145675 	0.092076 	 0.015745 
0.083335 	0.209072 	0.148172 	0.097741 	 0.015767 
0.087009 	0.201371 	0.143390 	0.090706 	 0.014853 
0.094420 	0.189267 	0.135355 	0.084788 	 0.014409 
0.087031 	0.205560 	0.146155 	0.093645 	 0.015542 
0.083732 	0.207797 	0.147664 	0.096771 	 0.015598 
0.076641 	0.206424 	0.146482 	0.096566 	 0.015659 
0.091439 	0.199489 	0.142433 	0.090473 	 0.015315 
0.095713 	0.192448 	0.137964 	0.086722 	 0.015228 
0.082110 	0.198656 	0.142112 	0.085225 	 0.015168 
0.070533 	0.210903 	0.150388 	0.096393 	 0.016893 
0.077562 	0.204765 	0.145732 	0.093316 	 0.015600 
0.078916 	0.212612 	0.150577 	0.100684 	 0.015397 
0.084214 	0.199258 	0.142393 	0.088439 	 0.014886 
0.061216 	0.215038 	0.152204 	0.100462 	 0.016370 
0.082754 	0.205163 	0.146369 	0.093550 	 0.015651 
0.081111 	0.196059 	0.140173 	0.090099 	 0.015219 
0.073393 	0.214134 	0.152146 	0.100201 	 0.016892 
0.068100 	0.221943 	0.157551 	0.104182 	 0.017082 
0.088371 	0.202709 	0.144974 	0.092333 	 0.015948 
0.081851 	0.201259 	0.143770 	0.089959 	 0.015209 
0.063448 	0.220643 	0.156549 	0.104576 	 0.017091 
0.087832 	0.199504 	0.143125 	0.086463 	 0.014469 
0.082404 	0.201000 	0.143876 	0.090620 	 0.015600 
0.067686 	0.225663 	0.159529 	0.108236 	 0.016763 
0.078679 	0.210696 	0.150147 	0.095948 	 0.015276 
0.072299 	0.208129 	0.148796 	0.092744 	 0.015831 
0.069291 	0.206790 	0.147826 	0.094543 	 0.016054 
0.064221 	0.221894 	0.158014 	0.104615 	 0.017538 
0.065284 	0.220179 	0.156636 	0.101166 	 0.016494 
0.074448 	0.210734 	0.150834 	0.093165 	 0.015860 
0.080371 	0.205085 	0.146962 	0.090965 	 0.015435 
0.063929 	0.221461 	0.157447 	0.105147 	 0.017677 
0.078366 	0.202347 	0.145685 	0.087264 	 0.016015 
0.061855 	0.224968 	0.160096 	0.104109 	 0.017166 
0.064298 	0.212972 	0.152694 	0.094296 	 0.017279 
0.076153 	0.206529 	0.148049 	0.093008 	 0.015955 
0.066080 	0.212910 	0.151790 	0.097449 	 0.016611 
0.068101 	0.217919 	0.155410 	0.098553 	 0.016078 
0.087215 	0.198417 	0.143135 	0.086822 	 0.015616 
0.072894 	0.212118 	0.152557 	0.092419 	 0.016392 
0.078802 	0.196357 	0.141197 	0.083542 	 0.013939 
0.065483 	0.216593 	0.154802 	0.099339 	 0.017058 
0.060864 	0.213915 	0.153246 	0.096300 	 0.016397 
0.070797 	0.204275 	0.146949 	0.089021 	 0.015394 
0.082246 	0.194906 	0.140678 	0.083789 	 0.014942 
0.058716 	0.220658 	0.157956 	0.099603 	 0.016838 
0.082541 	0.202759 	0.146127 	0.088009 	 0.015197 
0.072888 	0.206327 	0.148761 	0.088610 	 0.016071 
0.074759 	0.210150 	0.151369 	0.091607 	 0.015902 
0.068473 	0.200054 	0.145255 	0.082048 	 0.016649 
0.063078 	0.217202 	0.155818 	0.096126 	 0.016110 
0.084186 	0.200684 	0.145262 	0.083777 	 0.015251 
0.068427 	0.215380 	0.154525 	0.095842 	 0.015546 
0.070409 	0.197881 	0.143390 	0.082468 	 0.014953 
0.070066 	0.216321 	0.155320 	0.094020 	 0.015647 
0.067370 	0.213821 	0.154068 	0.093004 	 0.016420 
0.066624 	0.220233 	0.157972 	0.099825 	 0.016672 
0.082698 	0.196584 	0.142849 	0.079622 	 0.014428 
0.073952 	0.203566 	0.147614 	0.085314 	 0.015624 
0.068788 	0.200638 	0.145208 	0.084751 	 0.015322 
0.054557 	0.214247 	0.154171 	0.093704 	 0.016227 
0.058213 	0.214165 	0.153655 	0.095913 	 0.016270 
0.065117 	0.204390 	0.147789 	0.087279 	 0.015719 
0.064222 	0.204733 	0.147809 	0.088963 	 0.015050 
0.067282 	0.205299 	0.148756 	0.086076 	 0.015878 
0.071111 	0.202696 	0.146992 	0.085158 	 0.015282 
0.078387 	0.202816 	0.147443 	0.084040 	 0.015825 
0.081893 	0.207563 	0.150364 	0.087556 	 0.015511 
0.072014 	0.201849 	0.146152 	0.086769 	 0.015100 
0.074439 	0.200557 	0.146295 	0.079818 	 0.015356 
0.066965 	0.217413 	0.157146 	0.091049 	 0.015821 
0.061970 	0.209939 	0.151852 	0.088383 	 0.015659 
0.080262 	0.197209 	0.143942 	0.081704 	 0.015617 
0.055984 	0.217912 	0.157291 	0.093242 	 0.016445 
0.072830 	0.208117 	0.150764 	0.087743 	 0.015207 
0.074766 	0.206973 	0.150131 	0.086767 	 0.014847 
0.076080 	0.205550 	0.149612 	0.085900 	 0.016029 
0.063187 	0.219063 	0.158226 	0.095085 	 0.016337 
0.075146 	0.201153 	0.146634 	0.082107 	 0.015566 
0.078779 	0.197848 	0.144353 	0.082238 	 0.015694 
0.075282 	0.205872 	0.149857 	0.086029 	 0.016053 
0.061910 	0.218006 	0.157573 	0.094472 	 0.015999 
0.076284 	0.195705 	0.143344 	0.077056 	 0.014992 
0.066831 	0.208675 	0.152175 	0.083959 	 0.016246 
0.055041 	0.207653 	0.151365 	0.084083 	 0.016544 
0.084975 	0.194069 	0.142384 	0.076522 	 0.014279 
0.065890 	0.206416 	0.150113 	0.087656 	 0.015572 
0.061191 	0.224988 	0.162746 	0.096441 	 0.016643 
0.064132 	0.209875 	0.152456 	0.089000 	 0.015718 
0.062219 	0.207087 	0.150766 	0.084879 	 0.015325 
0.072891 	0.204040 	0.148983 	0.083416 	 0.015451 
0.052829 	0.218576 	0.158704 	0.093321 	 0.017409 
0.053965 	0.211062 	0.153670 	0.088493 	 0.016795 
0.071510 	0.208029 	0.152465 	0.082663 	 0.016148 
0.053851 	0.234041 	0.168366 	0.106781 	 0.017694 
0.061319 	0.202368 	0.148009 	0.083355 	 0.015981 
0.081997 	0.201073 	0.147805 	0.079128 	 0.015259 
0.070368 	0.202094 	0.148227 	0.081406 	 0.015982 
0.067758 	0.216734 	0.157604 	0.091086 	 0.015709 
0.084778 	0.197965 	0.145684 	0.076812 	 0.014450 
0.052997 	0.226139 	0.164088 	0.096048 	 0.017077 
0.079106 	0.205893 	0.151274 	0.079809 	 0.014866 
0.061035 	0.216473 	0.157483 	0.092543 	 0.017008 
0.079333 	0.210455 	0.153895 	0.087110 	 0.015523 
0.056836 	0.214564 	0.157148 	0.085361 	 0.016695 
0.057285 	0.213993 	0.156381 	0.087513 	 0.016700 
0.063859 	0.218023 	0.158783 	0.092874 	 0.016558 
0.061434 	0.213159 	0.155621 	0.090274 	 0.016481 
0.059126 	0.208583 	0.152579 	0.086725 	 0.016225 
0.055734 	0.211104 	0.154439 	0.088287 	 0.016742 
0.065541 	0.216338 	0.158211 	0.088536 	 0.016315 
0.079187 	0.197439 	0.146389 	0.073170 	 0.015260 
0.076743 	0.213471 	0.156422 	0.087416 	 0.015678 
0.071249 	0.212764 	0.155928 	0.087500 	 0.015940 
0.078943 	0.200234 	0.147780 	0.078312 	 0.015107 
0.081214 	0.190747 	0.142031 	0.069647 	 0.015015 
0.075151 	0.204352 	0.150665 	0.079962 	 0.015771 
0.079386 	0.193215 	0.143609 	0.071983 	 0.015313 
0.088915 	0.193587 	0.143752 	0.073874 	 0.014376 
0.078531 	0.208937 	0.153604 	0.085716 	 0.016343 
0.085235 	0.188049 	0.139970 	0.072343 	 0.014859 
0.082547 	0.202003 	0.149691 	0.077747 	 0.015314 
0.074333 	0.210422 	0.154911 	0.083826 	 0.015869 
0.071248 	0.205305 	0.151971 	0.080001 	 0.016344 
0.076806 	0.206747 	0.152611 	0.083852 	 0.016630 
0.093417 	0.196362 	0.146312 	0.073800 	 0.014761 
0.072257 	0.205445 	0.151547 	0.081436 	 0.016036 
0.080355 	0.196645 	0.146408 	0.073978 	 0.015761 
0.080462 	0.193577 	0.144188 	0.072375 	 0.015345 
0.089794 	0.199306 	0.148133 	0.073451 	 0.014038 
0.096333 	0.198169 	0.147231 	0.075316 	 0.014372 
0.086015 	0.188854 	0.141037 	0.069141 	 0.013961 
0.079874 	0.199032 	0.147708 	0.077672 	 0.015773 
0.070485 	0.212128 	0.156737 	0.084675 	 0.016567 
0.075672 	0.202619 	0.150854 	0.075377 	 0.015238 
0.082391 	0.207510 	0.153710 	0.081557 	 0.015741 
0.085353 	0.194663 	0.145368 	0.071621 	 0.014591 
0.097965 	0.188080 	0.141561 	0.064618 	 0.013920 
0.093948 	0.194776 	0.145526 	0.070897 	 0.014425 
0.089968 	0.196852 	0.147348 	0.072993 	 0.015292 
0.100097 	0.179381 	0.135641 	0.061299 	 0.013849 
0.087499 	0.201571 	0.150178 	0.077169 	 0.014288 
0.073603 	0.214256 	0.158521 	0.084408 	 0.016456 
0.105066 	0.187786 	0.141284 	0.067270 	 0.013543 
0.085225 	0.198416 	0.148386 	0.075426 	 0.015834 
0.076379 	0.202822 	0.151704 	0.075668 	 0.015743 
0.094436 	0.189128 	0.142248 	0.067846 	 0.014575 
0.088225 	0.199047 	0.149260 	0.073743 	 0.015644 
0.083915 	0.199859 	0.149378 	0.075300 	 0.015317 
0.088725 	0.204624 	0.152319 	0.081110 	 0.015555 
0.086856 	0.192778 	0.144853 	0.071074 	 0.015202 
0.095991 	0.180889 	0.137164 	0.062789 	 0.014197 
0.088767 	0.202649 	0.151941 	0.074691 	 0.015680 
0.077252 	0.204124 	0.152425 	0.076402 	 0.015366 
0.098148 	0.189106 	0.143116 	0.066914 	 0.014354 
0.100612 	0.186556 	0.141267 	0.068267 	 0.014875 
0.089515 	0.205507 	0.153614 	0.077788 	 0.015370 
0.086847 	0.203895 	0.152420 	0.076186 	 0.015133 
0.098903 	0.187089 	0.141992 	0.063140 	 0.014073 
0.086827 	0.198262 	0.149290 	0.071200 	 0.015536 
0.092734 	0.199718 	0.150109 	0.072463 	 0.014961 
0.101953 	0.184178 	0.140169 	0.062681 	 0.014771 
0.100076 	0.182842 	0.139123 	0.062736 	 0.014675 
0.106182 	0.184068 	0.140461 	0.059051 	 0.013949 
0.088908 	0.199468 	0.150133 	0.072936 	 0.015177 
0.111074 	0.172302 	0.132694 	0.053650 	 0.013671 
0.092895 	0.197541 	0.148406 	0.075396 	 0.015400 
0.108157 	0.188070 	0.142826 	0.063745 	 0.013515 
0.086931 	0.209123 	0.156005 	0.082106 	 0.015696 
0.096509 	0.192178 	0.145369 	0.066536 	 0.014202 
0.100283 	0.194607 	0.147308 	0.070131 	 0.014475 
0.096234 	0.192536 	0.145469 	0.068460 	 0.014086 
0.106513 	0.186759 	0.142032 	0.064182 	 0.013546 
0.105037 	0.190886 	0.144667 	0.065392 	 0.013703 
0.101903 	0.185101 	0.140981 	0.064112 	 0.013944 
0.109155 	0.188678 	0.144086 	0.062889 	 0.013942 
0.109844 	0.177155 	0.136642 	0.054367 	 0.013798 
0.089743 	0.204572 	0.153319 	0.078014 	 0.014829 
0.104508 	0.195387 	0.147954 	0.072661 	 0.015608 
0.073321 	0.215574 	0.161545 	0.082314 	 0.016367 
0.100662 	0.183177 	0.140421 	0.060122 	 0.014233 
0.105896 	0.181014 	0.139425 	0.057896 	 0.014222 
0.097721 	0.190761 	0.145613 	0.065949 	 0.015247 
0.098433 	0.193442 	0.147485 	0.065965 	 0.014933 
0.075730 	0.219436 	0.163977 	0.085766 	 0.016976 
0.086270 	0.200772 	0.152205 	0.072877 	 0.016284 
0.087690 	0.193026 	0.147207 	0.064952 	 0.015249 
0.095768 	0.195934 	0.149403 	0.066862 	 0.015452 
0.093913 	0.198047 	0.150643 	0.069095 	 0.015292 
0.090539 	0.194819 	0.148598 	0.067698 	 0.014860 
0.083593 	0.198120 	0.150705 	0.067754 	 0.015225 
0.077294 	0.202081 	0.153395 	0.070513 	 0.015734 
0.104587 	0.181577 	0.139805 	0.059438 	 0.013669 
0.100464 	0.184734 	0.141632 	0.060737 	 0.013278 
0.100500 	0.186344 	0.143149 	0.060881 	 0.013759 
0.084240 	0.191556 	0.146504 	0.064292 	 0.015273 
0.101631 	0.184206 	0.141906 	0.060299 	 0.013706 
0.088447 	0.187308 	0.143499 	0.064912 	 0.015603 
0.093223 	0.196106 	0.149031 	0.071055 	 0.014738 
0.083652 	0.196088 	0.150081 	0.067649 	 0.015645 
0.096551 	0.192168 	0.147539 	0.064415 	 0.015228 
0.091240 	0.182531 	0.140899 	0.059880 	 0.014931 
0.083473 	0.195979 	0.149464 	0.069408 	 0.015671 
0.082882 	0.190112 	0.146057 	0.061844 	 0.014997 
0.084118 	0.197020 	0.150564 	0.069393 	 0.016169 
0.089636 	0.195169 	0.149630 	0.068181 	 0.015627 
0.091710 	0.188052 	0.144880 	0.059099 	 0.014752 
0.114147 	0.175759 	0.137046 	0.054902 	 0.013342 
0.089770 	0.202200 	0.154065 	0.069839 	 0.015037 
0.089664 	0.176594 	0.137182 	0.053625 	 0.014245 
0.107984 	0.180419 	0.140568 	0.055195 	 0.014348 
0.097805 	0.178977 	0.139335 	0.053930 	 0.014113 
0.091373 	0.193746 	0.148950 	0.063699 	 0.014799 
0.092637 	0.193613 	0.149231 	0.063514 	 0.015697 
0.104718 	0.180766 	0.140386 	0.058181 	 0.014070 
0.093092 	0.181240 	0.140477 	0.060425 	 0.014860 
0.089676 	0.198069 	0.152173 	0.065325 	 0.015313 
0.103339 	0.177707 	0.138799 	0.055039 	 0.014344 
0.099958 	0.176333 	0.137721 	0.054369 	 0.014124 
0.095999 	0.190725 	0.147268 	0.062674 	 0.014697 
0.088854 	0.197060 	0.151420 	0.067303 	 0.015764 
0.097543 	0.184577 	0.143697 	0.055190 	 0.014679 
0.089233 	0.177039 	0.138094 	0.054409 	 0.014265 
0.110495 	0.174713 	0.137415 	0.052054 	 0.013541 
0.078302 	0.196563 	0.151364 	0.067369 	 0.016137 
0.097968 	0.183778 	0.142907 	0.058644 	 0.013693 
0.094347 	0.181692 	0.141766 	0.056176 	 0.015009 
0.087320 	0.186666 	0.145254 	0.058430 	 0.015693 
0.093811 	0.189918 	0.147716 	0.059463 	 0.015320 
0.101334 	0.173043 	0.136078 	0.053740 	 0.014264 
0.070894 	0.208417 	0.159264 	0.074171 	 0.016261 
