di 	gli 	gal 	gos3 	 gos4 
0.458844 	-0.002099 	0.000700 	-0.000528 	 0.002737 
0.451895 	0.001302 	0.002590 	0.000600 	 0.002748 
0.403995 	0.029834 	0.020423 	0.028604 	 0.005596 
0.416364 	0.024226 	0.016555 	0.027274 	 0.005445 
0.420707 	0.021779 	0.015192 	0.024164 	 0.005172 
0.404228 	0.030573 	0.021127 	0.030871 	 0.005888 
0.407492 	0.028910 	0.019854 	0.029412 	 0.005742 
0.430745 	0.015821 	0.011483 	0.019221 	 0.004684 
0.396388 	0.035320 	0.024340 	0.033501 	 0.006241 
0.388810 	0.039670 	0.027008 	0.035246 	 0.006352 
0.400875 	0.032537 	0.022227 	0.029834 	 0.005829 
0.389628 	0.039055 	0.026422 	0.036160 	 0.006432 
0.390803 	0.038858 	0.026501 	0.036053 	 0.006492 
0.401845 	0.031909 	0.021764 	0.030558 	 0.005830 
0.379357 	0.044848 	0.030778 	0.037585 	 0.006680 
0.394038 	0.035781 	0.024952 	0.032236 	 0.006177 
0.400872 	0.033324 	0.022795 	0.033654 	 0.006241 
0.417791 	0.022546 	0.015860 	0.024512 	 0.005271 
0.386097 	0.040018 	0.027239 	0.035330 	 0.006401 
0.381832 	0.043946 	0.030095 	0.038923 	 0.006783 
0.373461 	0.048155 	0.032525 	0.041162 	 0.007093 
0.363892 	0.053744 	0.036048 	0.042715 	 0.007044 
0.386406 	0.040275 	0.027472 	0.034961 	 0.006365 
0.374294 	0.047769 	0.032445 	0.041014 	 0.007111 
0.387566 	0.039106 	0.026942 	0.034067 	 0.006376 
0.378764 	0.046498 	0.031117 	0.044030 	 0.007283 
0.353261 	0.061241 	0.040255 	0.050124 	 0.007694 
0.370983 	0.050194 	0.033291 	0.043843 	 0.007116 
0.370059 	0.050281 	0.033195 	0.043573 	 0.007035 
0.362860 	0.054687 	0.036792 	0.044711 	 0.007367 
0.377994 	0.045761 	0.031015 	0.042128 	 0.007175 
0.351478 	0.061292 	0.040954 	0.051563 	 0.008126 
0.364323 	0.054485 	0.037019 	0.045170 	 0.007492 
0.363872 	0.053690 	0.035925 	0.044447 	 0.007321 
0.366409 	0.052794 	0.035122 	0.046689 	 0.007496 
0.380344 	0.044341 	0.029710 	0.041189 	 0.006975 
0.340206 	0.069098 	0.045585 	0.058724 	 0.008732 
0.345070 	0.065264 	0.043289 	0.054644 	 0.008337 
0.330072 	0.073482 	0.048646 	0.059504 	 0.008859 
0.340233 	0.068210 	0.045086 	0.057157 	 0.008578 
0.335036 	0.071827 	0.047258 	0.060312 	 0.008863 
0.311326 	0.085702 	0.056424 	0.069804 	 0.009871 
0.333193 	0.072086 	0.047663 	0.059617 	 0.008867 
0.311435 	0.085499 	0.056110 	0.069057 	 0.009740 
0.338279 	0.070058 	0.046299 	0.059573 	 0.008850 
0.332315 	0.073633 	0.048741 	0.062406 	 0.009220 
0.329548 	0.074122 	0.049120 	0.059117 	 0.008828 
0.319494 	0.079949 	0.053035 	0.064509 	 0.009446 
0.335190 	0.070847 	0.047024 	0.058055 	 0.008746 
0.328802 	0.074152 	0.049155 	0.058385 	 0.008739 
0.325383 	0.075816 	0.050435 	0.061065 	 0.009102 
0.317743 	0.080616 	0.053509 	0.065313 	 0.009555 
0.314883 	0.082846 	0.054920 	0.067422 	 0.009803 
0.322154 	0.077971 	0.051767 	0.062035 	 0.009182 
0.312373 	0.084910 	0.056028 	0.069309 	 0.009907 
0.312079 	0.083840 	0.055626 	0.065968 	 0.009599 
0.310613 	0.085367 	0.056450 	0.067168 	 0.009661 
0.333131 	0.071128 	0.047545 	0.058402 	 0.008892 
0.325023 	0.076835 	0.051004 	0.061746 	 0.009148 
0.302795 	0.090201 	0.059479 	0.069764 	 0.009967 
0.318497 	0.080244 	0.053353 	0.064135 	 0.009433 
0.308977 	0.086422 	0.056973 	0.069529 	 0.009885 
0.313831 	0.083350 	0.055065 	0.067251 	 0.009677 
0.291828 	0.096173 	0.063557 	0.074608 	 0.010484 
0.291253 	0.096204 	0.063822 	0.072464 	 0.010335 
0.298019 	0.092097 	0.060728 	0.071046 	 0.010046 
0.283953 	0.099703 	0.066202 	0.074372 	 0.010494 
0.306591 	0.088064 	0.058231 	0.070361 	 0.010055 
0.286006 	0.099800 	0.065544 	0.076511 	 0.010529 
0.289213 	0.098141 	0.064895 	0.075521 	 0.010582 
0.292351 	0.095383 	0.063655 	0.074069 	 0.010653 
0.287694 	0.098031 	0.065301 	0.073734 	 0.010491 
0.281350 	0.101825 	0.067823 	0.077450 	 0.010843 
0.306867 	0.086777 	0.057673 	0.066062 	 0.009620 
0.308654 	0.086066 	0.057293 	0.067733 	 0.009871 
0.279455 	0.103715 	0.068320 	0.078772 	 0.010845 
0.288934 	0.097381 	0.064964 	0.073993 	 0.010588 
0.290827 	0.097014 	0.064170 	0.075754 	 0.010655 
0.289160 	0.096808 	0.064793 	0.071943 	 0.010376 
0.284723 	0.098912 	0.065939 	0.070927 	 0.010192 
0.279990 	0.104068 	0.068593 	0.079631 	 0.010965 
0.292141 	0.095201 	0.063340 	0.072600 	 0.010385 
0.275356 	0.104895 	0.070003 	0.078127 	 0.011050 
0.283608 	0.100309 	0.066698 	0.074301 	 0.010581 
0.290817 	0.096177 	0.064041 	0.073267 	 0.010506 
0.283262 	0.100928 	0.066953 	0.076661 	 0.010786 
0.296278 	0.092089 	0.061500 	0.068231 	 0.009972 
0.295970 	0.092021 	0.061686 	0.068448 	 0.010077 
0.278446 	0.102448 	0.068038 	0.074616 	 0.010531 
0.275794 	0.104296 	0.069845 	0.077216 	 0.011035 
0.276651 	0.103286 	0.069263 	0.076320 	 0.010962 
0.278840 	0.103403 	0.068670 	0.076876 	 0.010818 
0.264029 	0.111408 	0.074267 	0.080629 	 0.011246 
0.280881 	0.102503 	0.068071 	0.076258 	 0.010739 
0.267362 	0.109551 	0.073004 	0.079893 	 0.011199 
0.280631 	0.101471 	0.067640 	0.075538 	 0.010773 
0.264210 	0.111452 	0.074043 	0.082741 	 0.011493 
0.267792 	0.108618 	0.072592 	0.077715 	 0.011090 
0.260684 	0.112268 	0.075098 	0.080142 	 0.011368 
0.282760 	0.099842 	0.066809 	0.072897 	 0.010526 
0.263170 	0.111395 	0.074191 	0.081156 	 0.011348 
0.277797 	0.103233 	0.069028 	0.075165 	 0.010775 
0.262209 	0.112336 	0.074723 	0.082427 	 0.011455 
0.267693 	0.109516 	0.073280 	0.080105 	 0.011361 
0.283099 	0.100585 	0.067494 	0.074910 	 0.010848 
0.261033 	0.112619 	0.075136 	0.081939 	 0.011481 
0.274869 	0.104883 	0.070614 	0.074733 	 0.010867 
0.247587 	0.119838 	0.080408 	0.084691 	 0.011932 
0.255943 	0.114640 	0.076998 	0.079884 	 0.011404 
0.247953 	0.119952 	0.079790 	0.085691 	 0.011809 
0.260964 	0.111897 	0.074828 	0.078603 	 0.011141 
0.272996 	0.105875 	0.070942 	0.076094 	 0.010922 
0.255729 	0.115573 	0.076931 	0.081479 	 0.011349 
0.263425 	0.110826 	0.074105 	0.078205 	 0.011088 
0.261686 	0.111726 	0.074847 	0.079866 	 0.011337 
0.262318 	0.112233 	0.074943 	0.079967 	 0.011259 
0.239513 	0.124595 	0.083043 	0.085318 	 0.011772 
0.244315 	0.121365 	0.081414 	0.084233 	 0.011855 
0.257021 	0.114136 	0.076463 	0.080630 	 0.011436 
0.254460 	0.115209 	0.077202 	0.081767 	 0.011562 
0.251383 	0.116708 	0.078485 	0.079539 	 0.011369 
0.233568 	0.127762 	0.085380 	0.086304 	 0.011962 
0.239544 	0.123993 	0.083283 	0.084412 	 0.011895 
0.230721 	0.128546 	0.086210 	0.085716 	 0.012003 
0.238697 	0.124103 	0.083227 	0.082610 	 0.011631 
0.254704 	0.114422 	0.077335 	0.075808 	 0.011054 
0.245671 	0.120410 	0.081272 	0.080650 	 0.011565 
0.247586 	0.118525 	0.079843 	0.080607 	 0.011531 
0.232868 	0.128494 	0.086214 	0.087566 	 0.012216 
0.243789 	0.120495 	0.081602 	0.079022 	 0.011468 
0.240557 	0.123447 	0.082913 	0.084259 	 0.011869 
0.252954 	0.116821 	0.078717 	0.079504 	 0.011397 
0.233703 	0.126739 	0.085170 	0.084330 	 0.011887 
0.229302 	0.129854 	0.087044 	0.085792 	 0.011952 
0.234305 	0.126415 	0.085057 	0.085167 	 0.011993 
0.225958 	0.131307 	0.088284 	0.085008 	 0.011948 
0.223379 	0.132731 	0.089294 	0.086217 	 0.012113 
0.236589 	0.124950 	0.084449 	0.080380 	 0.011575 
0.228454 	0.129960 	0.087429 	0.085789 	 0.012056 
0.231887 	0.127373 	0.085731 	0.081842 	 0.011627 
0.226877 	0.130154 	0.087731 	0.084948 	 0.012044 
0.224938 	0.130723 	0.088976 	0.083641 	 0.012073 
0.221408 	0.133505 	0.090369 	0.086817 	 0.012310 
0.214608 	0.137522 	0.092348 	0.087846 	 0.012212 
0.227168 	0.129215 	0.087759 	0.081553 	 0.011877 
0.231686 	0.127847 	0.086257 	0.084685 	 0.012065 
0.230119 	0.128363 	0.086810 	0.083782 	 0.012000 
0.219089 	0.135397 	0.091467 	0.089607 	 0.012640 
0.221575 	0.133279 	0.089888 	0.085240 	 0.012051 
0.222260 	0.132575 	0.089558 	0.085810 	 0.012203 
0.227892 	0.128151 	0.087507 	0.080928 	 0.011916 
0.206663 	0.140750 	0.095395 	0.088821 	 0.012603 
0.211866 	0.138605 	0.093358 	0.088224 	 0.012362 
0.225254 	0.130781 	0.088751 	0.082471 	 0.011936 
0.222284 	0.131942 	0.089808 	0.083755 	 0.012193 
0.229052 	0.128083 	0.086935 	0.080919 	 0.011746 
0.201430 	0.145383 	0.097940 	0.091903 	 0.012792 
0.218677 	0.133439 	0.090938 	0.082088 	 0.011979 
0.206773 	0.141648 	0.095691 	0.089646 	 0.012635 
0.212717 	0.137382 	0.093665 	0.086379 	 0.012476 
0.214589 	0.136569 	0.092761 	0.084058 	 0.012125 
0.216715 	0.135206 	0.091932 	0.083621 	 0.012128 
0.201836 	0.143584 	0.097878 	0.090402 	 0.012929 
0.210811 	0.137479 	0.093758 	0.083130 	 0.012192 
0.203139 	0.142479 	0.097079 	0.087715 	 0.012689 
0.200675 	0.143771 	0.097761 	0.087188 	 0.012549 
0.186696 	0.152837 	0.103036 	0.095384 	 0.013228 
0.198903 	0.145018 	0.098666 	0.090301 	 0.012893 
0.196394 	0.147032 	0.099614 	0.091104 	 0.012865 
0.198176 	0.144901 	0.098698 	0.087531 	 0.012670 
0.198077 	0.145367 	0.098727 	0.087910 	 0.012626 
0.209551 	0.137871 	0.094294 	0.084045 	 0.012366 
0.199228 	0.144410 	0.098092 	0.085412 	 0.012260 
0.188250 	0.151739 	0.102805 	0.096294 	 0.013508 
0.193138 	0.149521 	0.101006 	0.089961 	 0.012624 
0.195863 	0.146520 	0.099481 	0.088264 	 0.012625 
0.199057 	0.144179 	0.098292 	0.085256 	 0.012384 
0.202544 	0.142609 	0.097238 	0.085807 	 0.012477 
0.213398 	0.136675 	0.093600 	0.081493 	 0.012107 
0.196472 	0.145738 	0.099829 	0.086995 	 0.012712 
0.186068 	0.151558 	0.102865 	0.090566 	 0.012848 
0.202682 	0.142195 	0.096991 	0.085353 	 0.012432 
0.193777 	0.147371 	0.100330 	0.087650 	 0.012649 
0.200304 	0.142855 	0.097871 	0.085651 	 0.012625 
0.173816 	0.158820 	0.107909 	0.094075 	 0.013383 
0.183574 	0.151702 	0.103662 	0.089652 	 0.013003 
0.183664 	0.152622 	0.104078 	0.090014 	 0.012979 
0.192058 	0.147968 	0.100905 	0.089900 	 0.012981 
0.176328 	0.156387 	0.106640 	0.091605 	 0.013177 
0.191820 	0.147334 	0.100643 	0.085405 	 0.012490 
0.173925 	0.158096 	0.107542 	0.095329 	 0.013521 
0.183651 	0.152727 	0.104025 	0.089846 	 0.012906 
0.166782 	0.161606 	0.110308 	0.093845 	 0.013485 
0.174821 	0.156987 	0.107131 	0.090645 	 0.013074 
0.177829 	0.155461 	0.105883 	0.091344 	 0.013072 
0.177805 	0.155236 	0.106140 	0.089412 	 0.013024 
0.179182 	0.154305 	0.105899 	0.088701 	 0.012965 
0.179551 	0.153572 	0.105554 	0.088369 	 0.013023 
0.146012 	0.173867 	0.118249 	0.102062 	 0.014317 
0.179082 	0.153571 	0.105309 	0.088001 	 0.013039 
0.171807 	0.158582 	0.108470 	0.090105 	 0.013081 
0.149670 	0.171531 	0.116591 	0.099086 	 0.013962 
0.162094 	0.164287 	0.111765 	0.095692 	 0.013580 
0.171214 	0.158172 	0.108434 	0.089732 	 0.013104 
0.181573 	0.152060 	0.104574 	0.085300 	 0.012706 
0.151914 	0.170227 	0.115951 	0.098093 	 0.013891 
0.177789 	0.153882 	0.105901 	0.087201 	 0.012980 
0.152984 	0.168328 	0.114701 	0.098535 	 0.013969 
0.142166 	0.174892 	0.119352 	0.100003 	 0.014190 
0.166318 	0.161455 	0.110777 	0.091993 	 0.013499 
0.171594 	0.158416 	0.108568 	0.090682 	 0.013243 
0.168961 	0.158499 	0.109158 	0.087421 	 0.013072 
0.176582 	0.154921 	0.106790 	0.086680 	 0.012971 
0.158218 	0.165705 	0.113417 	0.094847 	 0.013697 
0.151861 	0.169421 	0.116100 	0.095361 	 0.013806 
0.166192 	0.161440 	0.110572 	0.092082 	 0.013380 
0.141968 	0.174953 	0.119370 	0.098834 	 0.014039 
0.158986 	0.164998 	0.113334 	0.091207 	 0.013376 
0.150795 	0.169619 	0.116339 	0.095135 	 0.013752 
0.160062 	0.163976 	0.112490 	0.090960 	 0.013295 
0.151242 	0.169565 	0.116259 	0.094693 	 0.013765 
0.161156 	0.162476 	0.111947 	0.088642 	 0.013254 
0.156144 	0.165622 	0.114085 	0.093095 	 0.013728 
0.164783 	0.160580 	0.110524 	0.088060 	 0.013079 
0.150968 	0.168570 	0.115924 	0.094480 	 0.013853 
0.144694 	0.173294 	0.118563 	0.100275 	 0.014356 
0.155528 	0.166411 	0.114217 	0.091876 	 0.013424 
0.159323 	0.164384 	0.113179 	0.092772 	 0.013681 
0.165560 	0.160387 	0.110452 	0.087198 	 0.012994 
0.151291 	0.168177 	0.115720 	0.093019 	 0.013670 
0.142085 	0.173607 	0.119197 	0.097377 	 0.014121 
0.156581 	0.164929 	0.113831 	0.090549 	 0.013511 
0.145716 	0.170871 	0.117677 	0.092257 	 0.013604 
0.142685 	0.172573 	0.118690 	0.093209 	 0.013688 
0.159845 	0.162448 	0.112371 	0.085752 	 0.012983 
0.153003 	0.167190 	0.115461 	0.091148 	 0.013604 
0.145813 	0.172107 	0.118284 	0.094234 	 0.013775 
0.148540 	0.169853 	0.116977 	0.092956 	 0.013712 
0.154823 	0.165782 	0.114524 	0.089123 	 0.013332 
0.148495 	0.169605 	0.117278 	0.089942 	 0.013529 
0.152598 	0.166189 	0.115262 	0.087666 	 0.013364 
0.145287 	0.171720 	0.118261 	0.094140 	 0.013847 
0.151840 	0.166568 	0.115486 	0.087885 	 0.013339 
0.155469 	0.165140 	0.114611 	0.085840 	 0.013123 
0.144115 	0.172086 	0.119130 	0.091371 	 0.013737 
0.144678 	0.170772 	0.118029 	0.090771 	 0.013580 
0.126495 	0.182453 	0.125592 	0.098603 	 0.014361 
0.140288 	0.174211 	0.120662 	0.094493 	 0.014115 
0.145043 	0.171128 	0.118432 	0.090995 	 0.013670 
0.148209 	0.169180 	0.117145 	0.088826 	 0.013393 
0.124086 	0.183344 	0.126267 	0.099148 	 0.014476 
0.141059 	0.172806 	0.120002 	0.091089 	 0.013832 
0.130976 	0.177886 	0.123543 	0.092168 	 0.013909 
0.133155 	0.176865 	0.122981 	0.091896 	 0.013915 
0.141557 	0.172730 	0.120212 	0.090361 	 0.013832 
0.137539 	0.174462 	0.121244 	0.092229 	 0.013981 
0.121629 	0.184327 	0.126973 	0.097097 	 0.014222 
0.144826 	0.169498 	0.118260 	0.085460 	 0.013245 
0.135466 	0.175650 	0.121682 	0.090573 	 0.013644 
0.134231 	0.176059 	0.122058 	0.092527 	 0.013913 
0.131935 	0.177941 	0.123248 	0.091816 	 0.013802 
0.139932 	0.173062 	0.120332 	0.089399 	 0.013669 
0.120843 	0.184408 	0.127699 	0.097339 	 0.014530 
0.124381 	0.181700 	0.125973 	0.092908 	 0.013985 
0.138965 	0.173197 	0.120510 	0.089718 	 0.013738 
0.150472 	0.167090 	0.116515 	0.085980 	 0.013348 
0.127861 	0.179280 	0.124436 	0.093097 	 0.014048 
0.124420 	0.182657 	0.126437 	0.096171 	 0.014316 
0.128237 	0.180338 	0.124932 	0.093458 	 0.014031 
0.118415 	0.185085 	0.128474 	0.095065 	 0.014283 
0.121461 	0.183172 	0.127023 	0.096002 	 0.014377 
0.132694 	0.177070 	0.123202 	0.090413 	 0.013825 
0.120599 	0.183841 	0.128098 	0.093478 	 0.014317 
0.145954 	0.168368 	0.117884 	0.084561 	 0.013334 
0.136184 	0.174305 	0.121575 	0.089044 	 0.013737 
0.114876 	0.187581 	0.129964 	0.095851 	 0.014325 
0.131803 	0.176655 	0.123371 	0.088786 	 0.013776 
0.108719 	0.189551 	0.132145 	0.094625 	 0.014396 
0.104530 	0.192224 	0.133798 	0.098976 	 0.014878 
0.107244 	0.191933 	0.132959 	0.099320 	 0.014753 
0.122516 	0.182424 	0.127169 	0.091922 	 0.014111 
0.132405 	0.176689 	0.123214 	0.088366 	 0.013663 
0.131768 	0.176849 	0.123511 	0.087568 	 0.013632 
0.118017 	0.185669 	0.129028 	0.093468 	 0.014156 
0.106676 	0.191532 	0.133351 	0.097230 	 0.014711 
0.110082 	0.189127 	0.131992 	0.094023 	 0.014417 
0.129687 	0.177295 	0.124274 	0.088606 	 0.013918 
0.118682 	0.183686 	0.128164 	0.093238 	 0.014311 
0.119078 	0.184188 	0.129248 	0.091863 	 0.014346 
0.126213 	0.178872 	0.125592 	0.086451 	 0.013731 
0.107663 	0.190435 	0.132592 	0.096414 	 0.014633 
0.124372 	0.180999 	0.126603 	0.090682 	 0.014090 
0.102438 	0.193393 	0.134392 	0.098314 	 0.014799 
0.124892 	0.179523 	0.126507 	0.086112 	 0.013785 
0.107658 	0.189720 	0.132169 	0.092839 	 0.014216 
0.108953 	0.189012 	0.132313 	0.094798 	 0.014675 
0.113183 	0.187553 	0.131298 	0.091788 	 0.014341 
0.121527 	0.182313 	0.127630 	0.090308 	 0.014087 
0.119478 	0.183439 	0.128521 	0.091298 	 0.014255 
0.114006 	0.186792 	0.130845 	0.090216 	 0.014107 
0.124268 	0.180249 	0.126631 	0.086640 	 0.013773 
0.107131 	0.190147 	0.132909 	0.093125 	 0.014383 
0.115442 	0.185639 	0.130111 	0.091482 	 0.014309 
0.106572 	0.190943 	0.133459 	0.095856 	 0.014721 
0.110272 	0.187896 	0.131772 	0.090968 	 0.014276 
0.107815 	0.188887 	0.132752 	0.092761 	 0.014596 
0.134417 	0.173548 	0.122574 	0.082629 	 0.013480 
0.104403 	0.191907 	0.134316 	0.095558 	 0.014745 
0.125180 	0.179086 	0.126456 	0.084039 	 0.013685 
0.111052 	0.187898 	0.131698 	0.091560 	 0.014318 
0.096005 	0.196176 	0.137080 	0.095279 	 0.014678 
0.111375 	0.187610 	0.132036 	0.090817 	 0.014405 
0.116385 	0.184752 	0.129889 	0.087301 	 0.013901 
0.103076 	0.191713 	0.134680 	0.092065 	 0.014495 
0.109319 	0.188423 	0.132605 	0.089944 	 0.014318 
0.097318 	0.195778 	0.137006 	0.095944 	 0.014804 
0.100714 	0.193055 	0.135664 	0.093340 	 0.014686 
0.117467 	0.183554 	0.129715 	0.085668 	 0.013943 
0.119789 	0.181436 	0.128588 	0.083235 	 0.013764 
0.114217 	0.185868 	0.131105 	0.089327 	 0.014328 
0.101239 	0.193326 	0.135730 	0.093750 	 0.014685 
0.093077 	0.197325 	0.138323 	0.095025 	 0.014807 
0.119309 	0.182319 	0.129085 	0.086166 	 0.014063 
0.109425 	0.187618 	0.132156 	0.088355 	 0.014161 
0.114372 	0.185703 	0.131116 	0.089483 	 0.014375 
0.091939 	0.198151 	0.139859 	0.093842 	 0.014881 
0.095985 	0.196766 	0.138101 	0.093838 	 0.014706 
0.095611 	0.195933 	0.138627 	0.092317 	 0.014781 
0.111038 	0.187488 	0.132830 	0.087471 	 0.014333 
0.103185 	0.192181 	0.135205 	0.090931 	 0.014412 
0.091746 	0.197489 	0.139493 	0.092009 	 0.014732 
0.095976 	0.195404 	0.137882 	0.093688 	 0.014923 
0.091851 	0.198577 	0.139663 	0.094490 	 0.014891 
0.103112 	0.191069 	0.135279 	0.088080 	 0.014362 
0.119639 	0.181885 	0.129302 	0.084600 	 0.014059 
0.095451 	0.195893 	0.138527 	0.091749 	 0.014831 
0.108904 	0.188122 	0.133360 	0.086393 	 0.014172 
0.090725 	0.198872 	0.140361 	0.093776 	 0.014950 
0.101065 	0.191465 	0.135854 	0.088386 	 0.014507 
0.102138 	0.191857 	0.135964 	0.087698 	 0.014431 
0.092190 	0.197238 	0.139811 	0.091814 	 0.014856 
0.085792 	0.201057 	0.141919 	0.094470 	 0.015054 
0.109411 	0.187297 	0.133136 	0.085921 	 0.014242 
0.095033 	0.194843 	0.138331 	0.089575 	 0.014720 
0.100279 	0.193078 	0.137027 	0.088512 	 0.014541 
0.118854 	0.181194 	0.129396 	0.079712 	 0.013641 
0.079317 	0.204900 	0.144717 	0.095227 	 0.015233 
0.112044 	0.185400 	0.132333 	0.082007 	 0.013936 
0.098407 	0.192520 	0.136869 	0.085865 	 0.014348 
0.108964 	0.187404 	0.133482 	0.083282 	 0.014009 
0.098917 	0.193202 	0.137228 	0.087905 	 0.014515 
0.085851 	0.201187 	0.142304 	0.094084 	 0.015089 
0.068504 	0.211172 	0.148701 	0.098957 	 0.015564 
0.084170 	0.202171 	0.142782 	0.094038 	 0.015030 
0.110760 	0.185564 	0.132732 	0.080067 	 0.013790 
0.082561 	0.203218 	0.143583 	0.095207 	 0.015206 
0.115969 	0.183603 	0.131266 	0.081514 	 0.013939 
0.088000 	0.198869 	0.140954 	0.089905 	 0.014675 
0.096975 	0.194647 	0.138577 	0.088882 	 0.014745 
0.095752 	0.194813 	0.139123 	0.085819 	 0.014478 
0.086265 	0.201268 	0.142708 	0.092945 	 0.015086 
0.104854 	0.189118 	0.135121 	0.083883 	 0.014227 
0.099521 	0.193052 	0.137741 	0.086710 	 0.014544 
0.097170 	0.194275 	0.138632 	0.088256 	 0.014850 
0.097044 	0.193994 	0.138825 	0.086611 	 0.014660 
0.091205 	0.196720 	0.140756 	0.086734 	 0.014627 
0.077527 	0.205125 	0.145556 	0.094122 	 0.015286 
0.100688 	0.191667 	0.137187 	0.087712 	 0.014832 
0.089224 	0.198303 	0.141170 	0.089231 	 0.014799 
0.078357 	0.205359 	0.145553 	0.093005 	 0.015086 
0.083617 	0.201803 	0.143648 	0.091964 	 0.015168 
0.091759 	0.196355 	0.140545 	0.084783 	 0.014489 
0.095111 	0.195373 	0.139590 	0.086510 	 0.014615 
0.094213 	0.195767 	0.139745 	0.086942 	 0.014623 
0.076574 	0.206022 	0.146352 	0.093848 	 0.015315 
0.089116 	0.197941 	0.141717 	0.086227 	 0.014686 
0.112854 	0.183978 	0.132602 	0.078453 	 0.013900 
0.080535 	0.203068 	0.144905 	0.091357 	 0.015200 
0.088128 	0.198343 	0.142387 	0.087094 	 0.014933 
0.064418 	0.212433 	0.151009 	0.095467 	 0.015634 
0.088008 	0.198038 	0.141833 	0.085955 	 0.014677 
0.086017 	0.199913 	0.142864 	0.088241 	 0.014874 
0.076524 	0.206779 	0.147278 	0.092356 	 0.015261 
0.093702 	0.195739 	0.140072 	0.086027 	 0.014608 
0.083407 	0.201407 	0.144322 	0.089128 	 0.015150 
0.077920 	0.204755 	0.146224 	0.089577 	 0.015030 
0.082099 	0.202005 	0.144591 	0.087244 	 0.014834 
0.094593 	0.194488 	0.140019 	0.082779 	 0.014464 
0.084156 	0.200478 	0.143764 	0.086226 	 0.014789 
0.085567 	0.200274 	0.143237 	0.088332 	 0.014911 
0.088173 	0.197294 	0.142112 	0.083893 	 0.014688 
0.093775 	0.195260 	0.140483 	0.083593 	 0.014563 
0.078191 	0.204757 	0.146282 	0.090213 	 0.015121 
0.076195 	0.204807 	0.146821 	0.089664 	 0.015244 
0.076029 	0.205349 	0.146759 	0.090268 	 0.015157 
0.077860 	0.204416 	0.146456 	0.090239 	 0.015267 
0.076154 	0.204654 	0.147008 	0.089961 	 0.015369 
0.075336 	0.205757 	0.147536 	0.089148 	 0.015204 
0.070458 	0.208921 	0.149539 	0.091478 	 0.015433 
0.085379 	0.200734 	0.144200 	0.088667 	 0.015165 
0.062230 	0.213739 	0.152474 	0.096766 	 0.015921 
0.085168 	0.199689 	0.144295 	0.085062 	 0.014982 
0.075834 	0.205770 	0.147584 	0.088791 	 0.015151 
0.079801 	0.202467 	0.145686 	0.087776 	 0.015154 
0.089910 	0.196294 	0.142038 	0.082858 	 0.014764 
0.078617 	0.204430 	0.146855 	0.088082 	 0.015150 
0.073702 	0.205879 	0.147785 	0.089001 	 0.015230 
0.080641 	0.201690 	0.145539 	0.084819 	 0.014932 
0.064411 	0.212267 	0.152026 	0.092111 	 0.015633 
0.084024 	0.199717 	0.144459 	0.080791 	 0.014526 
0.092497 	0.195303 	0.141337 	0.083030 	 0.014785 
0.082656 	0.201100 	0.145623 	0.086542 	 0.015314 
0.077230 	0.204390 	0.147321 	0.088054 	 0.015297 
0.087922 	0.198280 	0.143330 	0.084433 	 0.014929 
0.054226 	0.218139 	0.155993 	0.094971 	 0.015977 
0.076282 	0.204264 	0.147587 	0.085201 	 0.015096 
0.072881 	0.206446 	0.149108 	0.085595 	 0.015159 
0.078911 	0.203470 	0.147269 	0.086132 	 0.015246 
0.081960 	0.201472 	0.145640 	0.084518 	 0.014973 
0.066941 	0.210360 	0.151449 	0.090984 	 0.015653 
0.086534 	0.198072 	0.143887 	0.079882 	 0.014600 
0.077294 	0.204580 	0.147927 	0.086240 	 0.015235 
0.075966 	0.205493 	0.148617 	0.086867 	 0.015327 
0.079470 	0.201996 	0.146489 	0.083364 	 0.015049 
0.076408 	0.204355 	0.147521 	0.085391 	 0.015023 
0.080382 	0.203088 	0.146826 	0.085533 	 0.015110 
0.093025 	0.195418 	0.141917 	0.080085 	 0.014568 
0.074472 	0.205178 	0.149066 	0.086226 	 0.015410 
0.070445 	0.209174 	0.151073 	0.088204 	 0.015463 
0.059214 	0.214110 	0.154355 	0.091257 	 0.015814 
0.069506 	0.209036 	0.151055 	0.088326 	 0.015593 
0.073227 	0.207344 	0.149981 	0.088865 	 0.015581 
0.057631 	0.215863 	0.155862 	0.092807 	 0.016055 
0.060965 	0.213314 	0.153757 	0.091351 	 0.015788 
0.070695 	0.208326 	0.150691 	0.090152 	 0.015780 
0.090484 	0.195600 	0.142683 	0.078634 	 0.014626 
0.076193 	0.204147 	0.148408 	0.084746 	 0.015303 
0.075811 	0.204356 	0.148674 	0.084330 	 0.015309 
0.062262 	0.213164 	0.154262 	0.090073 	 0.015888 
0.065206 	0.211625 	0.153175 	0.089981 	 0.015789 
0.060056 	0.213861 	0.154499 	0.089841 	 0.015744 
0.083675 	0.200407 	0.145917 	0.083448 	 0.015190 
0.050133 	0.220583 	0.158497 	0.095217 	 0.016177 
0.087042 	0.198425 	0.144791 	0.080151 	 0.014835 
0.045582 	0.223411 	0.160533 	0.097213 	 0.016450 
0.073694 	0.206345 	0.149787 	0.086510 	 0.015465 
0.076052 	0.204265 	0.148715 	0.084300 	 0.015326 
0.077705 	0.204349 	0.148582 	0.085473 	 0.015408 
0.070909 	0.207321 	0.150831 	0.084138 	 0.015406 
0.094737 	0.194199 	0.142318 	0.077358 	 0.014657 
0.072527 	0.207206 	0.150641 	0.086033 	 0.015506 
0.077443 	0.204805 	0.149070 	0.084792 	 0.015356 
0.081666 	0.202065 	0.147402 	0.083571 	 0.015289 
0.063766 	0.212504 	0.154071 	0.090753 	 0.016004 
0.085941 	0.198375 	0.145835 	0.078981 	 0.015043 
0.076358 	0.205240 	0.149560 	0.085898 	 0.015562 
0.055252 	0.216659 	0.157467 	0.090873 	 0.016180 
0.070840 	0.207705 	0.151608 	0.084667 	 0.015573 
0.078648 	0.203147 	0.148799 	0.081167 	 0.015222 
0.070972 	0.209431 	0.152309 	0.087391 	 0.015708 
0.067709 	0.209474 	0.152899 	0.086360 	 0.015756 
0.061777 	0.213279 	0.154979 	0.090546 	 0.016115 
0.073777 	0.206347 	0.150969 	0.085489 	 0.015709 
0.077694 	0.204393 	0.149456 	0.082872 	 0.015353 
0.056932 	0.215494 	0.156910 	0.089518 	 0.016150 
0.085559 	0.199398 	0.146743 	0.077948 	 0.015007 
0.074492 	0.206601 	0.150971 	0.084046 	 0.015485 
0.073247 	0.207059 	0.151453 	0.085812 	 0.015771 
0.079189 	0.203158 	0.148847 	0.080858 	 0.015193 
0.072514 	0.206695 	0.151546 	0.084505 	 0.015762 
0.066108 	0.211933 	0.154406 	0.087967 	 0.015878 
0.084100 	0.200067 	0.146974 	0.079633 	 0.015115 
0.073150 	0.206139 	0.151376 	0.083157 	 0.015629 
0.060248 	0.215055 	0.156928 	0.089844 	 0.016236 
0.060541 	0.215165 	0.156463 	0.089529 	 0.016006 
0.069832 	0.208910 	0.153247 	0.085861 	 0.015948 
0.088254 	0.198157 	0.146166 	0.079369 	 0.015227 
0.056862 	0.216916 	0.158319 	0.091743 	 0.016502 
0.074928 	0.206307 	0.151721 	0.085500 	 0.015978 
0.062247 	0.213992 	0.156665 	0.085191 	 0.015784 
0.075468 	0.206132 	0.151398 	0.080392 	 0.015275 
0.106247 	0.187701 	0.139942 	0.071149 	 0.014590 
0.075388 	0.205755 	0.151081 	0.082032 	 0.015475 
0.066123 	0.210644 	0.154798 	0.084805 	 0.015970 
0.081102 	0.201445 	0.148936 	0.078368 	 0.015272 
0.086610 	0.199547 	0.147620 	0.076890 	 0.015089 
0.082657 	0.201545 	0.149024 	0.078433 	 0.015296 
0.084547 	0.199793 	0.148357 	0.076330 	 0.015196 
0.086994 	0.198629 	0.146790 	0.076389 	 0.014979 
0.089961 	0.197017 	0.146049 	0.076121 	 0.015067 
0.095552 	0.192989 	0.143808 	0.073216 	 0.014881 
0.090934 	0.195495 	0.145559 	0.073343 	 0.014904 
0.075688 	0.204528 	0.151280 	0.080937 	 0.015705 
0.076064 	0.204703 	0.151589 	0.077422 	 0.015285 
0.087494 	0.197689 	0.147277 	0.073706 	 0.015012 
0.090426 	0.196214 	0.145835 	0.074995 	 0.015014 
0.087409 	0.198386 	0.147308 	0.076087 	 0.015163 
0.084088 	0.199947 	0.148598 	0.075897 	 0.015176 
0.096819 	0.192334 	0.143667 	0.069875 	 0.014569 
0.095263 	0.193936 	0.144707 	0.072063 	 0.014819 
0.102799 	0.189371 	0.141832 	0.069749 	 0.014627 
0.086703 	0.199254 	0.148216 	0.076174 	 0.015232 
0.070182 	0.208434 	0.154036 	0.081153 	 0.015772 
0.071537 	0.208200 	0.153762 	0.082634 	 0.015842 
0.089751 	0.198266 	0.147600 	0.077373 	 0.015402 
0.085641 	0.200711 	0.149095 	0.076615 	 0.015252 
0.090809 	0.197697 	0.147179 	0.075297 	 0.015133 
0.102874 	0.190614 	0.142679 	0.070056 	 0.014608 
0.094468 	0.195037 	0.145756 	0.072636 	 0.014940 
0.069740 	0.210582 	0.155607 	0.082713 	 0.015928 
0.077185 	0.204449 	0.152026 	0.079327 	 0.015687 
0.086584 	0.199993 	0.148953 	0.076147 	 0.015314 
0.110775 	0.186369 	0.140419 	0.065888 	 0.014323 
0.089707 	0.198537 	0.148282 	0.077277 	 0.015560 
0.079674 	0.204726 	0.152028 	0.081028 	 0.015843 
0.068566 	0.211306 	0.156167 	0.083980 	 0.016053 
0.099469 	0.192813 	0.144646 	0.071495 	 0.014941 
0.100420 	0.191065 	0.144174 	0.067922 	 0.014745 
0.093944 	0.195736 	0.146574 	0.073329 	 0.015144 
0.089686 	0.198464 	0.148398 	0.074891 	 0.015306 
0.088607 	0.198705 	0.149232 	0.073799 	 0.015435 
0.080710 	0.203362 	0.151660 	0.079700 	 0.015861 
0.074104 	0.207889 	0.154237 	0.081067 	 0.015826 
0.096698 	0.194349 	0.146162 	0.073528 	 0.015346 
0.098860 	0.192663 	0.145080 	0.071483 	 0.015126 
0.092042 	0.197542 	0.148228 	0.072847 	 0.015209 
0.074651 	0.206884 	0.154295 	0.079065 	 0.015897 
0.090928 	0.197499 	0.148508 	0.073872 	 0.015449 
0.100883 	0.191797 	0.144713 	0.070746 	 0.015122 
0.094741 	0.195852 	0.147043 	0.071513 	 0.015023 
0.104195 	0.190752 	0.144038 	0.068056 	 0.014787 
0.083541 	0.201668 	0.151367 	0.075479 	 0.015662 
0.088465 	0.199028 	0.149708 	0.074771 	 0.015600 
0.107771 	0.189269 	0.143057 	0.069099 	 0.014901 
0.108433 	0.187531 	0.142224 	0.066136 	 0.014692 
0.101433 	0.192432 	0.145303 	0.071483 	 0.015224 
0.105554 	0.189420 	0.143537 	0.066708 	 0.014748 
0.083558 	0.203725 	0.152241 	0.078360 	 0.015762 
0.088931 	0.200113 	0.150108 	0.075357 	 0.015512 
0.100386 	0.193226 	0.145904 	0.069271 	 0.014977 
0.083645 	0.201772 	0.151762 	0.076194 	 0.015793 
0.099117 	0.193731 	0.146455 	0.070260 	 0.015150 
0.084598 	0.202404 	0.151930 	0.076264 	 0.015731 
0.097635 	0.194329 	0.147068 	0.071870 	 0.015449 
0.100470 	0.191716 	0.145756 	0.067389 	 0.015038 
0.099657 	0.194071 	0.146795 	0.071824 	 0.015379 
0.104227 	0.191842 	0.145279 	0.070550 	 0.015232 
0.092541 	0.197193 	0.149151 	0.071650 	 0.015489 
0.074417 	0.208305 	0.155886 	0.081752 	 0.016362 
0.118287 	0.182160 	0.139651 	0.064295 	 0.014807 
0.094567 	0.196871 	0.148961 	0.072807 	 0.015585 
0.111862 	0.186555 	0.142309 	0.066638 	 0.014981 
0.085678 	0.201734 	0.152313 	0.078324 	 0.016265 
0.079889 	0.205942 	0.155013 	0.080407 	 0.016473 
0.094691 	0.196807 	0.149287 	0.073106 	 0.015740 
0.088983 	0.201534 	0.151723 	0.077617 	 0.016007 
0.099938 	0.194057 	0.147185 	0.070635 	 0.015363 
0.097920 	0.194952 	0.147883 	0.071791 	 0.015517 
0.093541 	0.196109 	0.149389 	0.071553 	 0.015774 
0.073382 	0.208164 	0.157261 	0.078855 	 0.016498 
0.061882 	0.215480 	0.161505 	0.083772 	 0.016862 
0.100064 	0.193636 	0.147477 	0.068552 	 0.015293 
0.098841 	0.194234 	0.148202 	0.070645 	 0.015643 
0.092134 	0.198509 	0.150603 	0.072158 	 0.015653 
0.087778 	0.202295 	0.152828 	0.077354 	 0.016159 
0.088187 	0.200782 	0.152372 	0.075769 	 0.016186 
0.096490 	0.195438 	0.148876 	0.070957 	 0.015651 
0.083552 	0.203124 	0.153963 	0.077144 	 0.016335 
0.087599 	0.201305 	0.153420 	0.076253 	 0.016429 
0.081473 	0.205840 	0.155295 	0.079321 	 0.016437 
0.096466 	0.194919 	0.149219 	0.070514 	 0.015864 
0.076915 	0.208146 	0.156907 	0.080700 	 0.016580 
0.073815 	0.210049 	0.158402 	0.081987 	 0.016814 
0.094829 	0.197763 	0.150943 	0.073174 	 0.016064 
0.089305 	0.201754 	0.153153 	0.076886 	 0.016337 
0.085632 	0.203580 	0.154124 	0.074814 	 0.016010 
0.104230 	0.191548 	0.147086 	0.069096 	 0.015698 
0.080657 	0.205046 	0.155598 	0.074840 	 0.016181 
0.087026 	0.202636 	0.153690 	0.075338 	 0.016106 
0.108535 	0.189622 	0.146020 	0.068236 	 0.015697 
0.070673 	0.211114 	0.159676 	0.079244 	 0.016681 
0.086275 	0.201736 	0.154173 	0.072912 	 0.016163 
0.093141 	0.198712 	0.151466 	0.072971 	 0.015985 
0.086107 	0.202546 	0.154662 	0.074725 	 0.016376 
0.086293 	0.202445 	0.154700 	0.076694 	 0.016601 
0.089644 	0.200924 	0.153092 	0.075718 	 0.016357 
0.108570 	0.190313 	0.146649 	0.072195 	 0.016231 
0.074762 	0.209272 	0.158901 	0.079943 	 0.016906 
0.078892 	0.207650 	0.157386 	0.080263 	 0.016807 
0.103136 	0.193234 	0.148279 	0.068330 	 0.015604 
0.079673 	0.205339 	0.156796 	0.074809 	 0.016475 
0.080657 	0.206324 	0.157160 	0.077202 	 0.016728 
0.098616 	0.195832 	0.150667 	0.072145 	 0.016300 
0.094098 	0.197876 	0.151928 	0.071633 	 0.016165 
0.085299 	0.204478 	0.156158 	0.079705 	 0.017046 
0.091221 	0.200395 	0.153777 	0.076442 	 0.016805 
0.082250 	0.205238 	0.156382 	0.078189 	 0.016761 
0.082794 	0.204245 	0.156247 	0.075803 	 0.016698 
0.085724 	0.203401 	0.155659 	0.075693 	 0.016633 
0.067341 	0.215039 	0.163004 	0.085598 	 0.017652 
