di 	gli 	gal 	gos3 	 gos4 
0.427325 	0.018576 	0.011229 	0.012572 	 -0.002023 
0.418562 	0.037020 	0.022905 	0.028777 	 -0.000320 
0.441826 	0.031908 	0.018461 	0.038302 	 -0.001020 
0.417827 	0.053695 	0.032595 	0.052900 	 0.000688 
0.429021 	0.053847 	0.033103 	0.053061 	 0.000193 
0.419374 	0.061267 	0.037943 	0.058189 	 0.000848 
0.413040 	0.059621 	0.036697 	0.057607 	 0.001210 
0.429564 	0.049742 	0.030449 	0.049404 	 -0.000078 
0.424912 	0.059836 	0.036880 	0.055779 	 0.000208 
0.419570 	0.057689 	0.035167 	0.056453 	 0.000273 
0.423896 	0.046560 	0.028145 	0.049267 	 0.000220 
0.408824 	0.059641 	0.036471 	0.059205 	 0.001436 
0.412098 	0.057183 	0.034604 	0.056405 	 0.000533 
0.416032 	0.050033 	0.030134 	0.053074 	 0.000623 
0.399243 	0.075705 	0.047088 	0.067861 	 0.001587 
0.415022 	0.060685 	0.036878 	0.062777 	 0.001506 
0.407341 	0.061586 	0.037936 	0.058475 	 0.001576 
0.411912 	0.066974 	0.041262 	0.063977 	 0.001146 
0.400311 	0.063305 	0.038836 	0.061173 	 0.001337 
0.407209 	0.058898 	0.036486 	0.056673 	 0.001805 
0.396649 	0.077001 	0.047835 	0.070845 	 0.002852 
0.401360 	0.073432 	0.046176 	0.063689 	 0.001889 
0.409484 	0.060044 	0.036893 	0.056815 	 0.000641 
0.388703 	0.076231 	0.047246 	0.071329 	 0.003206 
0.410511 	0.061575 	0.037494 	0.061039 	 0.000834 
0.392027 	0.079891 	0.049632 	0.072444 	 0.002502 
0.394832 	0.074050 	0.046184 	0.067786 	 0.002682 
0.394870 	0.066871 	0.041103 	0.063915 	 0.002028 
0.401844 	0.060236 	0.037262 	0.058084 	 0.002122 
0.389259 	0.077332 	0.048186 	0.070000 	 0.003057 
0.384640 	0.078755 	0.049004 	0.072076 	 0.002878 
0.385397 	0.078818 	0.048809 	0.074682 	 0.003431 
0.390457 	0.074709 	0.046488 	0.069570 	 0.002891 
0.388942 	0.077273 	0.048068 	0.071360 	 0.002936 
0.391537 	0.074267 	0.046087 	0.068109 	 0.002556 
0.394299 	0.067055 	0.041574 	0.062653 	 0.002377 
0.385620 	0.077927 	0.048331 	0.073218 	 0.003090 
0.384359 	0.076241 	0.047220 	0.072555 	 0.003236 
0.382500 	0.077564 	0.047990 	0.074644 	 0.003473 
0.374849 	0.084819 	0.052908 	0.076232 	 0.004033 
0.381210 	0.073673 	0.045505 	0.067699 	 0.002959 
0.368505 	0.084223 	0.052377 	0.074490 	 0.003699 
0.370268 	0.095958 	0.059993 	0.085627 	 0.004306 
0.382700 	0.078147 	0.048595 	0.072402 	 0.003389 
0.383198 	0.078574 	0.049210 	0.074092 	 0.003986 
0.374742 	0.083155 	0.051839 	0.077414 	 0.003875 
0.360827 	0.099898 	0.062814 	0.087156 	 0.005247 
0.369577 	0.086671 	0.054176 	0.076942 	 0.003616 
0.370038 	0.084824 	0.053025 	0.075715 	 0.003674 
0.365384 	0.098792 	0.062000 	0.084375 	 0.004206 
0.374835 	0.083829 	0.052020 	0.075555 	 0.002980 
0.361968 	0.084966 	0.053026 	0.076441 	 0.003998 
0.361847 	0.090707 	0.056975 	0.079810 	 0.004257 
0.371661 	0.089104 	0.056453 	0.075640 	 0.003946 
0.355742 	0.094103 	0.059078 	0.081603 	 0.004569 
0.350230 	0.097163 	0.061337 	0.082804 	 0.004808 
0.354862 	0.099501 	0.062811 	0.084791 	 0.004928 
0.352895 	0.096476 	0.060790 	0.082606 	 0.004802 
0.341994 	0.107117 	0.067414 	0.091484 	 0.005074 
0.360839 	0.093827 	0.059122 	0.084012 	 0.005308 
0.357770 	0.092617 	0.058676 	0.080612 	 0.004600 
0.344187 	0.111421 	0.070392 	0.093805 	 0.005740 
0.353264 	0.091631 	0.057307 	0.082180 	 0.004323 
0.356870 	0.092591 	0.058067 	0.082553 	 0.004641 
0.350074 	0.099229 	0.062558 	0.086001 	 0.005455 
0.328583 	0.118259 	0.075063 	0.098559 	 0.007020 
0.350641 	0.085703 	0.053783 	0.076237 	 0.004545 
0.340053 	0.103431 	0.065035 	0.090579 	 0.005433 
0.338881 	0.110204 	0.069702 	0.093047 	 0.006189 
0.334964 	0.111374 	0.070787 	0.093549 	 0.006635 
0.353704 	0.097853 	0.061720 	0.086028 	 0.004870 
0.345271 	0.096504 	0.060732 	0.082976 	 0.005128 
0.342304 	0.106458 	0.067401 	0.092395 	 0.005857 
0.335577 	0.115427 	0.073244 	0.097167 	 0.006324 
0.338034 	0.110566 	0.069972 	0.094498 	 0.006231 
0.346707 	0.099440 	0.062830 	0.085537 	 0.005468 
0.338216 	0.109294 	0.069107 	0.092123 	 0.005616 
0.345454 	0.104167 	0.065776 	0.089008 	 0.005398 
0.345733 	0.099641 	0.063306 	0.084889 	 0.005557 
0.327810 	0.111722 	0.071143 	0.092897 	 0.006449 
0.349004 	0.092930 	0.058630 	0.079085 	 0.004251 
0.326685 	0.110326 	0.069997 	0.091200 	 0.006207 
0.334672 	0.103194 	0.065394 	0.087442 	 0.006099 
0.334701 	0.103662 	0.066284 	0.085163 	 0.006210 
0.346582 	0.091155 	0.057562 	0.078896 	 0.004547 
0.345020 	0.098443 	0.062489 	0.084198 	 0.005884 
0.327952 	0.112446 	0.071718 	0.091631 	 0.006274 
0.329782 	0.102691 	0.065640 	0.085305 	 0.006101 
0.326888 	0.108887 	0.068959 	0.092237 	 0.005830 
0.334351 	0.103932 	0.065894 	0.088225 	 0.005412 
0.336761 	0.100857 	0.064068 	0.086214 	 0.005705 
0.328230 	0.105616 	0.067144 	0.089713 	 0.006270 
0.329001 	0.113367 	0.072036 	0.093758 	 0.006723 
0.322800 	0.121760 	0.077434 	0.101914 	 0.007226 
0.328120 	0.105123 	0.066578 	0.090628 	 0.006280 
0.334781 	0.101611 	0.064554 	0.084610 	 0.005651 
0.318462 	0.122821 	0.078388 	0.100502 	 0.007562 
0.336137 	0.105037 	0.066702 	0.089615 	 0.006235 
0.327511 	0.111360 	0.071246 	0.090977 	 0.006361 
0.319221 	0.115985 	0.074140 	0.096053 	 0.007413 
0.330904 	0.108589 	0.069423 	0.089217 	 0.006092 
0.317252 	0.122470 	0.078648 	0.095619 	 0.007009 
0.322148 	0.114757 	0.073351 	0.093729 	 0.006816 
0.321436 	0.111052 	0.070787 	0.091417 	 0.006581 
0.326060 	0.114306 	0.072942 	0.092908 	 0.005947 
0.320307 	0.111854 	0.071501 	0.091397 	 0.006890 
0.318525 	0.110472 	0.070518 	0.090283 	 0.006398 
0.326465 	0.116834 	0.074878 	0.095873 	 0.006946 
0.319146 	0.110710 	0.070952 	0.090772 	 0.006685 
0.315933 	0.120042 	0.077260 	0.096724 	 0.007133 
0.309979 	0.131452 	0.084966 	0.101617 	 0.007827 
0.322391 	0.123293 	0.079118 	0.098245 	 0.006726 
0.313789 	0.125009 	0.080433 	0.101267 	 0.008021 
0.329698 	0.111684 	0.071597 	0.089607 	 0.006107 
0.317427 	0.111804 	0.071559 	0.090507 	 0.006873 
0.308092 	0.127034 	0.081749 	0.098168 	 0.006983 
0.313600 	0.124186 	0.079655 	0.100188 	 0.007752 
0.315045 	0.117471 	0.075634 	0.094048 	 0.007487 
0.324233 	0.109281 	0.070373 	0.088878 	 0.006852 
0.317096 	0.113660 	0.072902 	0.090716 	 0.006109 
0.312462 	0.117571 	0.075440 	0.094653 	 0.007275 
0.316854 	0.120479 	0.077345 	0.097134 	 0.006581 
0.301942 	0.138860 	0.089868 	0.106592 	 0.008406 
0.297560 	0.137669 	0.088826 	0.106734 	 0.007980 
0.286794 	0.147023 	0.094452 	0.114900 	 0.008612 
0.299111 	0.139930 	0.090380 	0.109739 	 0.008582 
0.300367 	0.132566 	0.085191 	0.107260 	 0.008129 
0.317700 	0.117345 	0.076175 	0.089699 	 0.006486 
0.303871 	0.136215 	0.088679 	0.102625 	 0.008391 
0.306632 	0.124272 	0.080178 	0.095921 	 0.006614 
0.299471 	0.133077 	0.086026 	0.105001 	 0.008254 
0.286070 	0.140824 	0.091250 	0.108019 	 0.009081 
0.301132 	0.129429 	0.083528 	0.100404 	 0.007309 
0.306053 	0.130960 	0.084564 	0.103379 	 0.007680 
0.304918 	0.130241 	0.084141 	0.102518 	 0.007922 
0.304128 	0.119022 	0.076413 	0.094727 	 0.006949 
0.288063 	0.135259 	0.087871 	0.102562 	 0.008484 
0.296792 	0.137588 	0.089512 	0.103268 	 0.008353 
0.310533 	0.131508 	0.085238 	0.098600 	 0.006433 
0.298373 	0.132261 	0.085907 	0.101583 	 0.008175 
0.288337 	0.135915 	0.087807 	0.105345 	 0.008655 
0.281648 	0.145204 	0.093628 	0.112866 	 0.008525 
0.295888 	0.128501 	0.083447 	0.098515 	 0.008033 
0.308718 	0.122730 	0.079741 	0.093487 	 0.007126 
0.304678 	0.130698 	0.084823 	0.100484 	 0.007627 
0.296498 	0.139891 	0.091266 	0.104154 	 0.008389 
0.286649 	0.143323 	0.093330 	0.106600 	 0.008305 
0.291388 	0.139265 	0.090715 	0.102630 	 0.007911 
0.285879 	0.138147 	0.089707 	0.104714 	 0.008866 
0.292750 	0.125836 	0.081974 	0.093500 	 0.007522 
0.287026 	0.142487 	0.092325 	0.107722 	 0.008655 
0.293388 	0.131681 	0.085496 	0.098129 	 0.007459 
0.282710 	0.139677 	0.090776 	0.102250 	 0.007535 
0.297261 	0.131092 	0.085112 	0.101516 	 0.007915 
0.289190 	0.132587 	0.086456 	0.098136 	 0.008322 
0.293181 	0.135353 	0.087902 	0.102931 	 0.008547 
0.287001 	0.138351 	0.090291 	0.102111 	 0.008396 
0.276913 	0.147302 	0.096040 	0.107272 	 0.008863 
0.291002 	0.137404 	0.089638 	0.100476 	 0.007842 
0.285115 	0.137069 	0.089295 	0.101023 	 0.007786 
0.291580 	0.133138 	0.086770 	0.098330 	 0.007530 
0.284150 	0.137381 	0.089398 	0.100735 	 0.007755 
0.283147 	0.144532 	0.094115 	0.105417 	 0.007782 
0.281362 	0.147490 	0.095903 	0.110090 	 0.008873 
0.299946 	0.135158 	0.088479 	0.099381 	 0.007566 
0.286505 	0.138266 	0.090379 	0.099661 	 0.007943 
0.279526 	0.149373 	0.097520 	0.109023 	 0.009021 
0.285931 	0.146213 	0.095611 	0.106477 	 0.008213 
0.272942 	0.149114 	0.097165 	0.108793 	 0.008641 
0.278056 	0.151344 	0.098974 	0.109078 	 0.008832 
0.292133 	0.135527 	0.088460 	0.101346 	 0.007941 
0.266881 	0.153917 	0.100647 	0.110825 	 0.009401 
0.276021 	0.150661 	0.098601 	0.109575 	 0.009218 
0.273206 	0.148482 	0.096812 	0.109529 	 0.009100 
0.274468 	0.155359 	0.101920 	0.111809 	 0.009165 
0.269888 	0.157216 	0.102845 	0.112228 	 0.008798 
0.270815 	0.157615 	0.103266 	0.115826 	 0.009765 
0.263490 	0.154451 	0.101006 	0.110869 	 0.008977 
0.278447 	0.148475 	0.097053 	0.107467 	 0.008569 
0.275632 	0.154866 	0.101460 	0.111146 	 0.008872 
0.267093 	0.153538 	0.100909 	0.108552 	 0.008847 
0.262511 	0.157752 	0.103996 	0.110167 	 0.010060 
0.278138 	0.143900 	0.094509 	0.103486 	 0.008897 
0.258198 	0.173257 	0.113607 	0.123499 	 0.010395 
0.252221 	0.169862 	0.111466 	0.120713 	 0.010919 
0.265519 	0.155487 	0.102473 	0.108296 	 0.009686 
0.262458 	0.157084 	0.102958 	0.111719 	 0.009563 
0.263883 	0.151009 	0.099276 	0.108092 	 0.010045 
0.267847 	0.153705 	0.100728 	0.110886 	 0.009662 
0.268637 	0.160110 	0.105300 	0.116902 	 0.010322 
0.255944 	0.170755 	0.112362 	0.117150 	 0.010145 
0.253169 	0.172558 	0.113389 	0.120930 	 0.010640 
0.256183 	0.173734 	0.113940 	0.123870 	 0.010666 
0.255819 	0.174647 	0.114990 	0.121408 	 0.010902 
0.258094 	0.168847 	0.111354 	0.115926 	 0.010349 
0.270337 	0.156270 	0.103044 	0.108596 	 0.008992 
0.258007 	0.162050 	0.106898 	0.111345 	 0.009917 
0.258617 	0.167113 	0.110038 	0.114272 	 0.009483 
0.267884 	0.160623 	0.106274 	0.109738 	 0.009448 
0.266952 	0.160205 	0.105997 	0.109805 	 0.009725 
0.256180 	0.160317 	0.105848 	0.109629 	 0.009502 
0.262279 	0.168692 	0.111321 	0.116532 	 0.009201 
0.260951 	0.172188 	0.113668 	0.118716 	 0.009824 
0.256310 	0.164676 	0.108817 	0.113880 	 0.010129 
0.265408 	0.164460 	0.108655 	0.115342 	 0.009675 
0.266044 	0.159287 	0.105486 	0.109367 	 0.009583 
0.246201 	0.173889 	0.114656 	0.120188 	 0.010568 
0.250199 	0.172785 	0.114250 	0.115178 	 0.010228 
0.257777 	0.165313 	0.109200 	0.113647 	 0.009694 
0.245489 	0.176334 	0.116597 	0.120200 	 0.010569 
0.263500 	0.159941 	0.106056 	0.108362 	 0.008781 
0.253371 	0.170558 	0.112980 	0.115172 	 0.009915 
0.258173 	0.169524 	0.112064 	0.114281 	 0.009262 
0.256798 	0.164298 	0.108941 	0.112165 	 0.010184 
0.251848 	0.166682 	0.110281 	0.113885 	 0.009987 
0.258401 	0.157738 	0.104530 	0.106801 	 0.009045 
0.243948 	0.175970 	0.116543 	0.119125 	 0.010811 
0.255665 	0.165760 	0.109873 	0.111760 	 0.009566 
0.246834 	0.171587 	0.113319 	0.117163 	 0.009657 
0.256257 	0.163179 	0.108386 	0.109430 	 0.009669 
0.248205 	0.177553 	0.118006 	0.119361 	 0.010590 
0.253935 	0.161216 	0.107159 	0.108911 	 0.009772 
0.251520 	0.163151 	0.108375 	0.109477 	 0.009888 
0.250250 	0.166510 	0.110659 	0.112197 	 0.010169 
0.253302 	0.171272 	0.113668 	0.114669 	 0.010138 
0.245698 	0.174105 	0.115550 	0.115692 	 0.010027 
0.243653 	0.173727 	0.115025 	0.119039 	 0.010929 
0.248860 	0.167181 	0.111080 	0.111290 	 0.009960 
0.243831 	0.171785 	0.114251 	0.114687 	 0.010614 
0.240558 	0.172090 	0.114311 	0.114352 	 0.010233 
0.241985 	0.176331 	0.117037 	0.119047 	 0.010690 
0.239034 	0.171059 	0.113958 	0.111620 	 0.010573 
0.240096 	0.178704 	0.118824 	0.117982 	 0.010792 
0.235706 	0.179474 	0.118980 	0.122599 	 0.011440 
0.238340 	0.188687 	0.125502 	0.123927 	 0.010903 
0.228616 	0.178625 	0.118944 	0.116483 	 0.011685 
0.235829 	0.181524 	0.120192 	0.120521 	 0.010770 
0.240477 	0.169068 	0.112607 	0.108999 	 0.010119 
0.245085 	0.174132 	0.115922 	0.114038 	 0.010226 
0.234963 	0.179493 	0.119543 	0.115876 	 0.010807 
0.245305 	0.170530 	0.113956 	0.110110 	 0.010096 
0.244280 	0.171123 	0.114391 	0.109685 	 0.010426 
0.229507 	0.180727 	0.119872 	0.120481 	 0.010674 
0.225107 	0.195075 	0.129355 	0.131680 	 0.012228 
0.229898 	0.181023 	0.120616 	0.119080 	 0.011076 
0.237839 	0.170379 	0.114095 	0.107164 	 0.010375 
0.220692 	0.194997 	0.129866 	0.125271 	 0.011955 
0.233748 	0.173787 	0.115932 	0.112050 	 0.010649 
0.235903 	0.185476 	0.123735 	0.118270 	 0.010525 
0.234646 	0.185032 	0.123136 	0.120367 	 0.010424 
0.233377 	0.184964 	0.123545 	0.119254 	 0.011218 
0.224916 	0.189341 	0.126548 	0.121480 	 0.011859 
0.232922 	0.184016 	0.122780 	0.118301 	 0.010598 
0.233516 	0.190482 	0.127662 	0.120980 	 0.011749 
0.218660 	0.194762 	0.130211 	0.124107 	 0.012318 
0.232084 	0.189524 	0.126841 	0.119761 	 0.010657 
0.211781 	0.202955 	0.135514 	0.130251 	 0.012285 
0.223041 	0.196751 	0.131906 	0.123805 	 0.012267 
0.215738 	0.196311 	0.131297 	0.123239 	 0.011974 
0.232211 	0.187465 	0.125945 	0.117239 	 0.011311 
0.227209 	0.201056 	0.134177 	0.129764 	 0.011532 
0.210050 	0.198127 	0.132242 	0.126226 	 0.011928 
0.224518 	0.198240 	0.132303 	0.126647 	 0.011389 
0.240984 	0.183989 	0.123533 	0.114393 	 0.009994 
0.227209 	0.180646 	0.121097 	0.112428 	 0.010530 
0.220323 	0.194100 	0.130169 	0.121586 	 0.011399 
0.227358 	0.184364 	0.123918 	0.116166 	 0.011435 
0.227810 	0.185694 	0.123864 	0.119318 	 0.010413 
0.220507 	0.196892 	0.132216 	0.124601 	 0.012419 
0.216780 	0.194043 	0.130370 	0.123305 	 0.012684 
0.225490 	0.189366 	0.127161 	0.119256 	 0.011287 
0.220032 	0.193035 	0.129776 	0.121541 	 0.012199 
0.206896 	0.202297 	0.135750 	0.125991 	 0.012590 
0.197029 	0.224417 	0.150078 	0.140966 	 0.013658 
0.214839 	0.202644 	0.135566 	0.129852 	 0.012399 
0.217943 	0.187661 	0.126454 	0.113615 	 0.011254 
0.219809 	0.194921 	0.130576 	0.123820 	 0.011308 
0.217326 	0.198259 	0.133465 	0.121521 	 0.012195 
0.212034 	0.198012 	0.132977 	0.124173 	 0.012293 
0.226718 	0.191994 	0.129475 	0.117993 	 0.010997 
0.230842 	0.185934 	0.125582 	0.113937 	 0.010951 
0.207097 	0.203792 	0.136911 	0.128295 	 0.012615 
0.212833 	0.196135 	0.132560 	0.118278 	 0.011820 
0.215092 	0.201305 	0.135431 	0.125112 	 0.012063 
0.213922 	0.205030 	0.138161 	0.126690 	 0.012089 
0.220392 	0.198006 	0.133186 	0.123950 	 0.012059 
0.219423 	0.203754 	0.136925 	0.126495 	 0.011238 
0.202523 	0.208561 	0.140343 	0.129407 	 0.012498 
0.211981 	0.205398 	0.138151 	0.127849 	 0.012232 
0.208713 	0.205006 	0.138346 	0.125331 	 0.012532 
0.208461 	0.206422 	0.139422 	0.124496 	 0.012267 
0.208474 	0.200072 	0.135348 	0.121159 	 0.012701 
0.205911 	0.204922 	0.137989 	0.125406 	 0.011993 
0.205349 	0.205260 	0.138353 	0.124960 	 0.012073 
0.211026 	0.200356 	0.134809 	0.124578 	 0.011591 
0.212730 	0.203974 	0.138183 	0.121836 	 0.012214 
0.209789 	0.210042 	0.141907 	0.126835 	 0.012170 
0.200065 	0.213578 	0.144130 	0.128146 	 0.012490 
0.198425 	0.217045 	0.146688 	0.129837 	 0.012787 
0.210267 	0.203485 	0.137497 	0.120758 	 0.011945 
0.216144 	0.195020 	0.132232 	0.116248 	 0.011500 
0.197465 	0.207550 	0.140249 	0.126477 	 0.012572 
0.202091 	0.204568 	0.138268 	0.124813 	 0.012731 
0.207423 	0.205125 	0.138699 	0.121950 	 0.011623 
0.201552 	0.208457 	0.141054 	0.125047 	 0.012795 
0.197960 	0.212381 	0.143814 	0.128208 	 0.013296 
0.208752 	0.199597 	0.135121 	0.119203 	 0.011523 
0.207372 	0.206569 	0.140028 	0.122186 	 0.011888 
0.204187 	0.207692 	0.140806 	0.123365 	 0.011792 
0.202575 	0.209956 	0.142342 	0.123480 	 0.012343 
0.215768 	0.194468 	0.132307 	0.112807 	 0.011053 
0.217657 	0.198572 	0.134801 	0.115253 	 0.010786 
0.215036 	0.188166 	0.128218 	0.108339 	 0.010827 
0.200133 	0.205320 	0.139030 	0.123117 	 0.012559 
0.201470 	0.207698 	0.140544 	0.126764 	 0.012559 
0.211249 	0.201325 	0.137114 	0.117332 	 0.011531 
0.205859 	0.195456 	0.132856 	0.114782 	 0.011912 
0.197751 	0.203068 	0.137840 	0.118927 	 0.011854 
0.203921 	0.203867 	0.138413 	0.120254 	 0.011775 
0.204034 	0.202662 	0.137980 	0.118466 	 0.012340 
0.201607 	0.204037 	0.138401 	0.122239 	 0.012712 
0.200982 	0.207105 	0.140379 	0.123107 	 0.012243 
0.205304 	0.205157 	0.139760 	0.117044 	 0.011712 
0.195560 	0.213109 	0.144512 	0.126489 	 0.012212 
0.202917 	0.199727 	0.135772 	0.117108 	 0.012039 
0.195673 	0.201006 	0.136526 	0.117834 	 0.011745 
0.185418 	0.213598 	0.144833 	0.124599 	 0.012164 
0.199605 	0.205475 	0.139764 	0.119261 	 0.012181 
0.194887 	0.206635 	0.140351 	0.122083 	 0.012404 
0.204182 	0.205588 	0.139917 	0.119452 	 0.011642 
0.207022 	0.204516 	0.139819 	0.115556 	 0.011697 
0.195461 	0.214241 	0.145925 	0.122457 	 0.012320 
0.197798 	0.209086 	0.142499 	0.121477 	 0.012265 
0.192458 	0.221203 	0.149971 	0.131480 	 0.012625 
0.198261 	0.204020 	0.139588 	0.115456 	 0.011993 
0.196535 	0.208593 	0.142168 	0.121439 	 0.012647 
0.200428 	0.206396 	0.140574 	0.119905 	 0.011460 
0.210843 	0.195134 	0.133570 	0.109937 	 0.010843 
0.189051 	0.221365 	0.150974 	0.128044 	 0.013022 
0.196288 	0.204592 	0.139908 	0.116103 	 0.012143 
0.186268 	0.213041 	0.145484 	0.121653 	 0.012781 
0.186881 	0.224135 	0.152605 	0.130573 	 0.013277 
0.184208 	0.223522 	0.152569 	0.128198 	 0.013447 
0.197001 	0.206662 	0.141450 	0.114445 	 0.011679 
0.177326 	0.215411 	0.147282 	0.122913 	 0.013764 
0.180542 	0.216154 	0.147371 	0.124302 	 0.013322 
0.196469 	0.210180 	0.143604 	0.119045 	 0.012450 
0.185570 	0.219312 	0.149478 	0.124954 	 0.012918 
0.166743 	0.232146 	0.157777 	0.135367 	 0.014736 
0.180949 	0.216828 	0.148196 	0.121658 	 0.012946 
0.181445 	0.223874 	0.152725 	0.127834 	 0.013331 
0.183266 	0.213876 	0.146060 	0.120953 	 0.012749 
0.174212 	0.230020 	0.156509 	0.132712 	 0.013893 
0.185832 	0.214393 	0.147154 	0.120640 	 0.013499 
0.176662 	0.226961 	0.154697 	0.129620 	 0.013672 
0.182563 	0.220131 	0.150751 	0.123544 	 0.013244 
0.178015 	0.216946 	0.148369 	0.122397 	 0.013130 
0.187535 	0.213534 	0.146571 	0.117884 	 0.012651 
0.180329 	0.215194 	0.147800 	0.119928 	 0.013109 
0.178992 	0.224721 	0.153741 	0.125378 	 0.013688 
0.175198 	0.228315 	0.156097 	0.128795 	 0.013590 
0.167888 	0.232458 	0.158569 	0.133126 	 0.014231 
0.168555 	0.228309 	0.156297 	0.126785 	 0.013817 
0.187759 	0.221476 	0.151982 	0.123098 	 0.012847 
0.173970 	0.228846 	0.157326 	0.124945 	 0.013814 
0.175079 	0.223799 	0.153623 	0.122804 	 0.013419 
0.182229 	0.221384 	0.152078 	0.121552 	 0.012998 
0.193815 	0.209175 	0.144176 	0.114804 	 0.012559 
0.185348 	0.220605 	0.151551 	0.122275 	 0.013180 
0.170851 	0.232849 	0.159840 	0.129978 	 0.014389 
0.183108 	0.218071 	0.150074 	0.120179 	 0.013416 
0.169162 	0.221931 	0.152699 	0.120596 	 0.013559 
0.180630 	0.226864 	0.155869 	0.123942 	 0.012884 
0.181292 	0.220122 	0.151227 	0.119641 	 0.012169 
0.171645 	0.231530 	0.158745 	0.128709 	 0.013622 
0.162241 	0.233656 	0.160472 	0.128760 	 0.014511 
0.178162 	0.232669 	0.160357 	0.125788 	 0.013865 
0.177670 	0.229565 	0.157792 	0.126753 	 0.013141 
0.175238 	0.223708 	0.154013 	0.123505 	 0.014259 
0.178787 	0.223203 	0.153132 	0.124047 	 0.012675 
0.167763 	0.231404 	0.158835 	0.129832 	 0.014016 
0.181158 	0.224345 	0.154756 	0.122746 	 0.013474 
0.172148 	0.230464 	0.158448 	0.127164 	 0.013851 
0.175699 	0.233737 	0.160771 	0.130424 	 0.014588 
0.182577 	0.227637 	0.157208 	0.122567 	 0.013476 
0.174786 	0.231306 	0.159343 	0.125379 	 0.013818 
0.166155 	0.235611 	0.162299 	0.130834 	 0.014785 
0.175812 	0.222788 	0.154097 	0.117129 	 0.013224 
0.168463 	0.233697 	0.160868 	0.127353 	 0.013974 
0.172710 	0.229559 	0.158187 	0.124430 	 0.013702 
0.170147 	0.235310 	0.162174 	0.128030 	 0.014438 
0.182220 	0.218788 	0.151467 	0.115682 	 0.012954 
0.167642 	0.231515 	0.159952 	0.126623 	 0.014852 
0.164921 	0.238258 	0.164145 	0.127586 	 0.013788 
0.171528 	0.233915 	0.161465 	0.124553 	 0.013519 
0.159989 	0.238615 	0.164502 	0.128325 	 0.014300 
0.161854 	0.242245 	0.166632 	0.133034 	 0.015168 
0.171027 	0.234453 	0.161858 	0.127519 	 0.014155 
0.175349 	0.233985 	0.161930 	0.125301 	 0.013677 
0.156653 	0.236328 	0.163066 	0.125813 	 0.014383 
0.180983 	0.237273 	0.164146 	0.126596 	 0.013307 
0.169202 	0.236532 	0.162996 	0.129284 	 0.013568 
0.175774 	0.227991 	0.157974 	0.120056 	 0.013003 
0.165781 	0.226861 	0.157018 	0.121955 	 0.013717 
0.157826 	0.242503 	0.167585 	0.130042 	 0.014684 
0.162347 	0.245203 	0.168995 	0.131744 	 0.013903 
0.169078 	0.229929 	0.159241 	0.121411 	 0.013154 
0.188441 	0.216353 	0.151044 	0.111051 	 0.012448 
0.166986 	0.235656 	0.163166 	0.123619 	 0.013613 
0.164411 	0.244844 	0.169217 	0.130086 	 0.014156 
0.151951 	0.243844 	0.168251 	0.132155 	 0.014552 
0.157179 	0.244910 	0.169296 	0.130803 	 0.014446 
0.166145 	0.239272 	0.165710 	0.124905 	 0.014079 
0.150639 	0.247347 	0.170998 	0.131903 	 0.015046 
0.156900 	0.238344 	0.164895 	0.125224 	 0.014047 
0.165018 	0.238740 	0.165471 	0.124696 	 0.013477 
0.170856 	0.232958 	0.162059 	0.120680 	 0.013462 
0.171841 	0.232380 	0.161669 	0.120214 	 0.013661 
0.162119 	0.245270 	0.169962 	0.131875 	 0.015070 
0.173978 	0.233874 	0.162684 	0.118849 	 0.012915 
0.147717 	0.252413 	0.174733 	0.132248 	 0.015260 
0.154316 	0.249158 	0.172667 	0.129768 	 0.014332 
0.165083 	0.226545 	0.157789 	0.116371 	 0.013367 
0.170674 	0.228120 	0.158310 	0.117687 	 0.012391 
0.159264 	0.231082 	0.160794 	0.120080 	 0.014038 
0.163204 	0.241094 	0.167756 	0.125282 	 0.014141 
0.163498 	0.227180 	0.158346 	0.116492 	 0.013278 
0.161137 	0.232849 	0.161791 	0.122436 	 0.013459 
0.154156 	0.242259 	0.167736 	0.129002 	 0.014136 
0.156606 	0.241771 	0.167928 	0.126527 	 0.014204 
0.157648 	0.236153 	0.164271 	0.123729 	 0.014106 
0.158879 	0.232383 	0.161854 	0.119347 	 0.013492 
0.158904 	0.238327 	0.165454 	0.127096 	 0.014204 
0.159401 	0.241415 	0.168093 	0.122917 	 0.013594 
0.155580 	0.241353 	0.167780 	0.126504 	 0.014396 
0.147547 	0.247110 	0.171533 	0.129574 	 0.014824 
0.166421 	0.227054 	0.158770 	0.115705 	 0.013491 
0.139383 	0.258629 	0.178952 	0.137611 	 0.015482 
0.153114 	0.245506 	0.170770 	0.127060 	 0.014620 
0.143429 	0.256977 	0.178288 	0.135608 	 0.014924 
0.149423 	0.245974 	0.171154 	0.125136 	 0.014275 
0.151510 	0.243837 	0.169534 	0.128695 	 0.014662 
0.163887 	0.238104 	0.166330 	0.119859 	 0.013815 
0.152516 	0.248217 	0.172901 	0.127005 	 0.014144 
0.164660 	0.232265 	0.162342 	0.118834 	 0.013667 
0.162396 	0.239733 	0.167425 	0.122945 	 0.014065 
0.161083 	0.230503 	0.161638 	0.115260 	 0.013546 
0.156965 	0.235794 	0.164954 	0.117475 	 0.013670 
0.154598 	0.247045 	0.172317 	0.125563 	 0.013757 
0.153776 	0.246444 	0.171555 	0.129485 	 0.014391 
0.152088 	0.247589 	0.172826 	0.125494 	 0.014117 
0.148991 	0.248925 	0.173697 	0.126989 	 0.014830 
0.138771 	0.259158 	0.180415 	0.131200 	 0.014738 
0.136882 	0.260045 	0.180546 	0.136030 	 0.015374 
0.149400 	0.250347 	0.174550 	0.129027 	 0.015186 
0.155881 	0.236146 	0.165561 	0.118559 	 0.013999 
0.149570 	0.238286 	0.166838 	0.120422 	 0.014495 
0.154845 	0.244860 	0.171121 	0.123560 	 0.013918 
0.141400 	0.259108 	0.180775 	0.132804 	 0.015440 
0.144849 	0.249603 	0.174270 	0.127715 	 0.015059 
0.149788 	0.249015 	0.174550 	0.124046 	 0.015350 
0.137840 	0.255455 	0.178346 	0.127324 	 0.014989 
0.134939 	0.254040 	0.177510 	0.127935 	 0.015419 
0.159641 	0.237634 	0.166993 	0.114807 	 0.012918 
0.136354 	0.266319 	0.185138 	0.137963 	 0.015245 
0.129233 	0.262198 	0.182476 	0.136912 	 0.015897 
0.136278 	0.258650 	0.180701 	0.129714 	 0.015289 
0.149176 	0.246421 	0.173175 	0.120198 	 0.014224 
0.125250 	0.258328 	0.180589 	0.128939 	 0.015980 
0.142882 	0.252438 	0.176903 	0.122065 	 0.014052 
0.139682 	0.254590 	0.178475 	0.126676 	 0.015553 
0.138710 	0.254731 	0.178516 	0.126413 	 0.014928 
0.139729 	0.262046 	0.183385 	0.129726 	 0.015101 
0.133542 	0.251457 	0.176561 	0.124067 	 0.015569 
0.148141 	0.256231 	0.179675 	0.127312 	 0.014995 
0.139125 	0.257080 	0.180170 	0.128032 	 0.015897 
0.148445 	0.244411 	0.171943 	0.120116 	 0.014530 
0.150048 	0.242798 	0.170880 	0.118796 	 0.014304 
0.146145 	0.245294 	0.173015 	0.117585 	 0.014579 
0.133496 	0.264538 	0.185033 	0.133356 	 0.015648 
0.133866 	0.263260 	0.184574 	0.129747 	 0.015311 
0.134678 	0.261498 	0.183231 	0.129973 	 0.015864 
0.138173 	0.265801 	0.186006 	0.134696 	 0.015555 
0.142842 	0.257658 	0.181032 	0.127257 	 0.015363 
0.134687 	0.258003 	0.181410 	0.124773 	 0.015066 
0.125813 	0.262124 	0.184004 	0.128938 	 0.015730 
0.136101 	0.261595 	0.183761 	0.129452 	 0.015533 
0.125644 	0.269117 	0.188960 	0.134890 	 0.016697 
0.140461 	0.259554 	0.182500 	0.128904 	 0.015852 
0.130319 	0.266982 	0.187053 	0.133955 	 0.016363 
0.143720 	0.253924 	0.178906 	0.123173 	 0.015035 
0.138081 	0.263568 	0.184840 	0.133040 	 0.015472 
0.135664 	0.269558 	0.188938 	0.136974 	 0.016221 
0.134634 	0.263468 	0.185194 	0.128573 	 0.015748 
0.120729 	0.272464 	0.191053 	0.136682 	 0.016636 
0.145536 	0.251276 	0.177849 	0.119217 	 0.015151 
0.148942 	0.250940 	0.177550 	0.117543 	 0.014615 
0.143150 	0.254873 	0.180066 	0.123199 	 0.015176 
0.129836 	0.269464 	0.189185 	0.134849 	 0.015992 
0.129820 	0.277025 	0.194264 	0.138609 	 0.016559 
0.133397 	0.262283 	0.185110 	0.127111 	 0.015944 
0.110559 	0.280777 	0.196613 	0.143333 	 0.017560 
0.146878 	0.257330 	0.181520 	0.125105 	 0.014152 
0.142895 	0.254772 	0.180282 	0.121098 	 0.014378 
0.153317 	0.234518 	0.167388 	0.106521 	 0.013892 
0.132783 	0.260358 	0.184010 	0.125193 	 0.015459 
0.121476 	0.274332 	0.193181 	0.131928 	 0.015866 
0.136575 	0.269988 	0.189992 	0.132120 	 0.014952 
0.128915 	0.265329 	0.187418 	0.126275 	 0.015673 
0.139239 	0.265185 	0.187254 	0.128576 	 0.015626 
0.123006 	0.268482 	0.189520 	0.128276 	 0.015841 
0.130391 	0.266818 	0.188792 	0.126417 	 0.016040 
0.127977 	0.267974 	0.189398 	0.130027 	 0.016504 
0.125040 	0.269364 	0.190547 	0.127252 	 0.015919 
0.132488 	0.268327 	0.189773 	0.129031 	 0.016309 
0.127735 	0.270463 	0.191207 	0.129547 	 0.016145 
0.141317 	0.258989 	0.183613 	0.121707 	 0.015055 
0.133914 	0.264142 	0.187124 	0.123969 	 0.015433 
0.128303 	0.262590 	0.186247 	0.121593 	 0.015076 
0.124668 	0.273402 	0.193136 	0.131796 	 0.016304 
0.119995 	0.273212 	0.192864 	0.130966 	 0.016394 
0.130740 	0.262202 	0.186018 	0.122580 	 0.015296 
0.129380 	0.262131 	0.186319 	0.122564 	 0.015882 
0.117261 	0.277770 	0.196508 	0.133692 	 0.017179 
0.132691 	0.271323 	0.192348 	0.126288 	 0.015645 
0.129900 	0.272825 	0.193018 	0.128400 	 0.015504 
0.134831 	0.256926 	0.182698 	0.118359 	 0.014670 
0.127590 	0.274097 	0.193777 	0.132242 	 0.015907 
0.142784 	0.254916 	0.181320 	0.117541 	 0.014624 
0.119481 	0.279160 	0.197167 	0.137294 	 0.017322 
0.126199 	0.272779 	0.193100 	0.127958 	 0.015717 
0.113029 	0.287053 	0.202562 	0.137423 	 0.016790 
0.130254 	0.276888 	0.196140 	0.132673 	 0.016735 
0.131056 	0.263793 	0.187753 	0.122316 	 0.015770 
0.123407 	0.275070 	0.194690 	0.132539 	 0.016337 
0.136948 	0.267564 	0.190386 	0.123869 	 0.015414 
0.121362 	0.275484 	0.195311 	0.129302 	 0.016282 
0.126091 	0.270701 	0.192302 	0.126499 	 0.015954 
0.139288 	0.257982 	0.184022 	0.118468 	 0.015275 
0.121765 	0.272111 	0.193421 	0.128241 	 0.016524 
0.129651 	0.265656 	0.189227 	0.122188 	 0.015639 
0.124711 	0.270513 	0.192200 	0.126993 	 0.016025 
0.132121 	0.263942 	0.188427 	0.120090 	 0.015901 
0.122998 	0.271881 	0.193244 	0.127394 	 0.016107 
0.128468 	0.266343 	0.190178 	0.121027 	 0.016112 
0.133274 	0.257092 	0.183436 	0.117819 	 0.015307 
0.142608 	0.256997 	0.183847 	0.117905 	 0.015064 
0.128998 	0.278202 	0.197951 	0.130526 	 0.016606 
0.129473 	0.263310 	0.188403 	0.118082 	 0.015734 
0.114432 	0.280888 	0.199237 	0.133818 	 0.017159 
0.124955 	0.268585 	0.191495 	0.124529 	 0.016064 
0.121349 	0.273747 	0.194722 	0.130940 	 0.016905 
0.122371 	0.271055 	0.192713 	0.128710 	 0.016316 
0.122726 	0.276245 	0.197135 	0.126496 	 0.016800 
0.117489 	0.284305 	0.202340 	0.132362 	 0.017212 
0.122654 	0.276205 	0.196724 	0.126640 	 0.016238 
0.128991 	0.272211 	0.193873 	0.126889 	 0.015756 
0.113537 	0.283096 	0.201671 	0.131898 	 0.017488 
0.103753 	0.287747 	0.204102 	0.136338 	 0.017511 
0.128785 	0.265634 	0.189901 	0.121065 	 0.015844 
0.113423 	0.284543 	0.202474 	0.131968 	 0.016958 
0.122000 	0.277879 	0.198218 	0.127655 	 0.015819 
0.123061 	0.285171 	0.202972 	0.134125 	 0.016715 
0.121115 	0.281075 	0.200735 	0.128876 	 0.016991 
0.116867 	0.274413 	0.195696 	0.127303 	 0.016254 
0.125490 	0.274134 	0.195983 	0.124590 	 0.016125 
0.113498 	0.281140 	0.200436 	0.131576 	 0.017537 
0.128281 	0.269052 	0.192916 	0.121555 	 0.016354 
0.106788 	0.279496 	0.199797 	0.127663 	 0.017447 
0.122059 	0.276651 	0.197786 	0.127701 	 0.017025 
0.115519 	0.270705 	0.194267 	0.122062 	 0.016794 
0.114306 	0.273058 	0.195085 	0.125540 	 0.016185 
0.115479 	0.262340 	0.188686 	0.114287 	 0.015948 
0.119823 	0.272570 	0.194708 	0.127685 	 0.016265 
0.131867 	0.257588 	0.185739 	0.113949 	 0.015914 
0.110726 	0.263996 	0.188979 	0.119704 	 0.015912 
0.119672 	0.271260 	0.194191 	0.121010 	 0.015875 
0.126536 	0.256815 	0.184638 	0.115424 	 0.015244 
0.115370 	0.272725 	0.195685 	0.124245 	 0.017113 
0.130690 	0.261869 	0.188486 	0.115322 	 0.015342 
0.116203 	0.279025 	0.200175 	0.126020 	 0.016915 
0.122399 	0.266945 	0.191780 	0.120112 	 0.016313 
0.119868 	0.267744 	0.192403 	0.119607 	 0.016002 
0.109168 	0.277016 	0.198794 	0.123511 	 0.016877 
0.114551 	0.270788 	0.194333 	0.123408 	 0.016644 
0.129727 	0.257537 	0.186154 	0.111631 	 0.015846 
0.120044 	0.267141 	0.191906 	0.120112 	 0.015761 
0.126449 	0.269246 	0.193776 	0.120720 	 0.016205 
0.123760 	0.256189 	0.185799 	0.107722 	 0.016014 
0.132253 	0.261879 	0.188912 	0.114647 	 0.015397 
0.113320 	0.279698 	0.200452 	0.129899 	 0.017064 
0.111995 	0.287573 	0.206038 	0.132718 	 0.017378 
0.117228 	0.275429 	0.197908 	0.125468 	 0.016930 
0.130950 	0.271336 	0.195321 	0.122184 	 0.016205 
0.117405 	0.275651 	0.197911 	0.127305 	 0.016977 
0.113732 	0.276357 	0.198702 	0.124901 	 0.017266 
0.106281 	0.280051 	0.201433 	0.126482 	 0.018151 
0.110594 	0.283616 	0.203437 	0.129124 	 0.017833 
0.110579 	0.276384 	0.199009 	0.120451 	 0.016725 
0.117122 	0.269520 	0.195222 	0.114960 	 0.016713 
0.443912 	-0.005748 	-0.001995 	-0.006783 	 -0.000044 
0.445229 	0.001797 	0.002505 	0.000413 	 0.000862 
0.450354 	0.012412 	0.008814 	0.014621 	 0.001238 
0.449446 	0.008971 	0.006873 	0.012427 	 0.001730 
0.442784 	0.027383 	0.018531 	0.028061 	 0.002038 
0.446808 	0.023068 	0.016112 	0.022135 	 0.001972 
0.427238 	0.035014 	0.023683 	0.031976 	 0.003170 
0.436612 	0.025023 	0.017001 	0.026555 	 0.002396 
0.434735 	0.034220 	0.023350 	0.029490 	 0.002962 
0.429845 	0.025989 	0.017210 	0.029406 	 0.003012 
0.422868 	0.032600 	0.022257 	0.028650 	 0.003930 
0.424769 	0.035087 	0.023143 	0.035284 	 0.003508 
0.439269 	0.029151 	0.019950 	0.026633 	 0.002088 
0.447869 	0.014443 	0.009953 	0.019506 	 0.002457 
0.431502 	0.037939 	0.025488 	0.032106 	 0.003020 
0.416382 	0.047742 	0.031366 	0.042648 	 0.004105 
0.407551 	0.049388 	0.032796 	0.041481 	 0.004368 
0.422646 	0.032896 	0.022250 	0.029952 	 0.003391 
0.403580 	0.049618 	0.032617 	0.043715 	 0.004671 
0.411435 	0.044185 	0.029661 	0.038684 	 0.005052 
0.399927 	0.055255 	0.035993 	0.047747 	 0.004957 
0.397112 	0.053724 	0.035243 	0.049109 	 0.005588 
0.407642 	0.052346 	0.034716 	0.044035 	 0.005226 
0.395782 	0.052261 	0.034186 	0.045507 	 0.005502 
0.389626 	0.054556 	0.035811 	0.048771 	 0.005756 
0.393601 	0.060231 	0.039930 	0.049408 	 0.005793 
0.397599 	0.054418 	0.035925 	0.046576 	 0.005448 
0.388400 	0.050765 	0.033652 	0.044983 	 0.005834 
0.399087 	0.050107 	0.033584 	0.041809 	 0.005268 
0.380626 	0.067407 	0.044203 	0.057523 	 0.007417 
0.394715 	0.055646 	0.036706 	0.048897 	 0.005941 
0.385673 	0.061601 	0.040075 	0.055187 	 0.006043 
0.383427 	0.059812 	0.039665 	0.049774 	 0.006959 
0.398679 	0.051270 	0.034049 	0.043789 	 0.005159 
0.378707 	0.065687 	0.043375 	0.054483 	 0.007197 
0.380945 	0.064094 	0.042406 	0.051689 	 0.006118 
0.383808 	0.057663 	0.038096 	0.049870 	 0.006516 
0.386383 	0.054708 	0.035856 	0.049639 	 0.006321 
0.390226 	0.050172 	0.033038 	0.046957 	 0.006038 
0.372346 	0.062815 	0.041300 	0.053081 	 0.007137 
0.364930 	0.077317 	0.051006 	0.062831 	 0.007846 
0.365822 	0.071966 	0.046942 	0.061235 	 0.007005 
0.376659 	0.063526 	0.041695 	0.052577 	 0.006090 
0.372264 	0.072700 	0.048110 	0.058709 	 0.007028 
0.371468 	0.058948 	0.038822 	0.049827 	 0.006658 
0.375885 	0.064488 	0.042922 	0.054100 	 0.007217 
0.363238 	0.072036 	0.047017 	0.060663 	 0.006958 
0.377237 	0.060798 	0.040382 	0.052650 	 0.007030 
0.369679 	0.064372 	0.042617 	0.053004 	 0.007067 
0.360326 	0.069287 	0.045462 	0.059002 	 0.007769 
0.373623 	0.068465 	0.045096 	0.056660 	 0.006715 
0.371997 	0.058334 	0.038688 	0.046952 	 0.006234 
0.375320 	0.065007 	0.042842 	0.054123 	 0.006724 
0.377264 	0.061877 	0.040790 	0.053489 	 0.006452 
0.358241 	0.077981 	0.051503 	0.065026 	 0.008868 
0.362128 	0.073248 	0.048166 	0.061978 	 0.008138 
0.361150 	0.067443 	0.044450 	0.058566 	 0.007260 
0.347174 	0.083675 	0.054786 	0.068741 	 0.007888 
0.354380 	0.077454 	0.050672 	0.065204 	 0.008094 
0.353368 	0.076818 	0.051335 	0.059728 	 0.008345 
0.357207 	0.068247 	0.045089 	0.057384 	 0.007921 
0.359580 	0.064253 	0.042842 	0.051662 	 0.007620 
0.350427 	0.069463 	0.046085 	0.056503 	 0.007978 
0.342403 	0.077500 	0.051178 	0.062773 	 0.008930 
0.365593 	0.063842 	0.042164 	0.053520 	 0.006869 
0.351505 	0.073734 	0.048541 	0.061256 	 0.007862 
0.346363 	0.079091 	0.052287 	0.064108 	 0.008294 
0.359823 	0.071496 	0.047597 	0.059332 	 0.008641 
0.342552 	0.079801 	0.052280 	0.066546 	 0.008786 
0.335825 	0.084979 	0.055613 	0.070222 	 0.009434 
0.336105 	0.078398 	0.051466 	0.064271 	 0.008518 
0.338441 	0.085484 	0.056594 	0.066602 	 0.009046 
0.336526 	0.079586 	0.052611 	0.064675 	 0.008951 
0.343216 	0.082142 	0.054204 	0.067510 	 0.009287 
0.331336 	0.080848 	0.053257 	0.065714 	 0.009035 
0.345575 	0.067943 	0.044951 	0.057244 	 0.007921 
0.335465 	0.090433 	0.059806 	0.071048 	 0.009338 
0.333366 	0.090411 	0.059655 	0.069658 	 0.008354 
0.334860 	0.089194 	0.058892 	0.071563 	 0.009374 
0.347224 	0.075134 	0.050092 	0.060356 	 0.008167 
0.325758 	0.091110 	0.059884 	0.072771 	 0.009267 
0.331738 	0.085834 	0.056985 	0.065902 	 0.009000 
0.325536 	0.087891 	0.057663 	0.072730 	 0.009456 
0.339789 	0.082964 	0.055271 	0.062559 	 0.008075 
0.322505 	0.099009 	0.065206 	0.077251 	 0.009923 
0.321219 	0.093676 	0.061906 	0.072970 	 0.009762 
0.333629 	0.084393 	0.056135 	0.064900 	 0.008945 
0.333507 	0.075561 	0.049977 	0.060458 	 0.008430 
0.319111 	0.091729 	0.060801 	0.069017 	 0.009308 
0.324001 	0.091934 	0.061005 	0.070356 	 0.009577 
0.334024 	0.085525 	0.056481 	0.069151 	 0.009250 
0.319078 	0.095301 	0.063001 	0.072102 	 0.009528 
0.318424 	0.092576 	0.061195 	0.071221 	 0.009827 
0.323663 	0.087674 	0.058244 	0.068274 	 0.009409 
0.325306 	0.086529 	0.057367 	0.067268 	 0.009156 
0.314421 	0.100358 	0.066504 	0.075651 	 0.009974 
0.330182 	0.083924 	0.056049 	0.065553 	 0.009506 
0.314501 	0.091055 	0.060137 	0.070880 	 0.010078 
0.326976 	0.087023 	0.057913 	0.065955 	 0.008944 
0.325997 	0.093294 	0.062031 	0.070185 	 0.009156 
0.316669 	0.094922 	0.062984 	0.072730 	 0.009635 
0.319137 	0.093768 	0.062148 	0.071096 	 0.009140 
0.319710 	0.090649 	0.060348 	0.067574 	 0.009281 
0.318623 	0.085042 	0.056713 	0.064936 	 0.009464 
0.327011 	0.082710 	0.055261 	0.064088 	 0.008873 
0.305234 	0.098989 	0.065551 	0.076711 	 0.010330 
0.309266 	0.103495 	0.069165 	0.075205 	 0.010586 
0.304459 	0.103737 	0.068674 	0.078451 	 0.010428 
0.314162 	0.097543 	0.064466 	0.075496 	 0.009940 
0.308626 	0.092746 	0.061019 	0.072531 	 0.009414 
0.320123 	0.088525 	0.058836 	0.067374 	 0.008913 
0.289899 	0.108299 	0.071759 	0.081092 	 0.011013 
0.307307 	0.097072 	0.065072 	0.070241 	 0.010211 
0.308903 	0.099781 	0.066399 	0.073684 	 0.009898 
0.295297 	0.111356 	0.073762 	0.083525 	 0.011420 
0.313040 	0.098919 	0.066006 	0.075673 	 0.009953 
0.309924 	0.099270 	0.066096 	0.073998 	 0.010580 
0.317234 	0.095879 	0.064186 	0.070613 	 0.009895 
0.312433 	0.092222 	0.062084 	0.066967 	 0.010250 
0.310587 	0.097640 	0.065016 	0.074287 	 0.010712 
0.302483 	0.099197 	0.066069 	0.074070 	 0.010691 
0.301142 	0.098389 	0.065389 	0.074439 	 0.010359 
0.288881 	0.113741 	0.075277 	0.086263 	 0.011888 
0.307640 	0.104143 	0.069186 	0.078016 	 0.010320 
0.305165 	0.105309 	0.070322 	0.077167 	 0.010516 
0.283868 	0.114859 	0.076130 	0.084239 	 0.011587 
0.292561 	0.114216 	0.075710 	0.086687 	 0.011823 
0.293335 	0.107431 	0.071266 	0.080536 	 0.010967 
0.291393 	0.105235 	0.070289 	0.076233 	 0.010640 
0.288270 	0.117407 	0.078024 	0.085107 	 0.011461 
0.298802 	0.100799 	0.067033 	0.076789 	 0.010253 
0.287927 	0.112708 	0.075177 	0.081555 	 0.011281 
0.282430 	0.113402 	0.075524 	0.083220 	 0.011643 
0.298478 	0.100254 	0.067060 	0.074939 	 0.010786 
0.286944 	0.117214 	0.078018 	0.085780 	 0.012218 
0.283557 	0.113632 	0.075513 	0.082755 	 0.011402 
0.284215 	0.111798 	0.074360 	0.084244 	 0.012180 
0.288775 	0.105403 	0.070418 	0.078035 	 0.011637 
0.294440 	0.104689 	0.069971 	0.075500 	 0.010422 
0.282437 	0.110697 	0.073899 	0.078944 	 0.011056 
0.293948 	0.106265 	0.071148 	0.077213 	 0.011059 
0.299115 	0.102348 	0.068733 	0.073722 	 0.010510 
0.270656 	0.120993 	0.080605 	0.087905 	 0.012651 
0.278980 	0.107098 	0.071510 	0.078119 	 0.011450 
0.263315 	0.127907 	0.085281 	0.091164 	 0.013297 
0.274077 	0.117536 	0.078647 	0.083077 	 0.012518 
0.269462 	0.121043 	0.080718 	0.085415 	 0.011782 
0.290181 	0.113512 	0.076337 	0.080404 	 0.011638 
0.291235 	0.106351 	0.071572 	0.073679 	 0.010549 
0.281761 	0.109558 	0.073490 	0.078814 	 0.011975 
0.282026 	0.107495 	0.071856 	0.078005 	 0.011733 
0.279838 	0.112538 	0.075335 	0.080716 	 0.011975 
0.275901 	0.124479 	0.083206 	0.089726 	 0.012822 
0.286325 	0.118358 	0.079474 	0.081981 	 0.011810 
0.271151 	0.115488 	0.077330 	0.081853 	 0.012353 
0.279042 	0.115199 	0.076676 	0.085491 	 0.011719 
0.278036 	0.112068 	0.074780 	0.080797 	 0.011394 
0.279094 	0.113166 	0.075831 	0.080494 	 0.011742 
0.280294 	0.115918 	0.078137 	0.080586 	 0.012223 
0.270610 	0.120822 	0.080711 	0.087923 	 0.012150 
0.281445 	0.114810 	0.077418 	0.078522 	 0.011671 
0.282419 	0.107286 	0.072327 	0.075194 	 0.011081 
0.276978 	0.111775 	0.074883 	0.080700 	 0.011697 
0.277886 	0.113468 	0.076132 	0.081337 	 0.012179 
0.283504 	0.101569 	0.068477 	0.071067 	 0.010929 
0.281546 	0.103722 	0.069394 	0.076030 	 0.011343 
0.264742 	0.120125 	0.080602 	0.084943 	 0.012430 
0.275345 	0.115185 	0.077504 	0.079269 	 0.011962 
0.284926 	0.104460 	0.070540 	0.072200 	 0.010628 
0.277681 	0.114426 	0.077189 	0.076458 	 0.011135 
0.281303 	0.109286 	0.073735 	0.075392 	 0.011373 
0.285469 	0.105263 	0.070934 	0.074365 	 0.011100 
0.278629 	0.113513 	0.076601 	0.078825 	 0.011592 
0.274826 	0.114023 	0.076956 	0.079651 	 0.011912 
0.274412 	0.106126 	0.072049 	0.072611 	 0.011910 
0.264696 	0.117929 	0.079298 	0.080473 	 0.012173 
0.265216 	0.124119 	0.083273 	0.084803 	 0.011958 
0.264336 	0.128969 	0.086517 	0.089019 	 0.012441 
0.279197 	0.111937 	0.075538 	0.077882 	 0.011280 
0.260255 	0.132061 	0.088536 	0.091450 	 0.012992 
0.270936 	0.107354 	0.072679 	0.072476 	 0.011333 
0.266429 	0.124537 	0.083630 	0.087419 	 0.012545 
0.272184 	0.119996 	0.080562 	0.084371 	 0.011641 
0.265887 	0.120397 	0.080978 	0.081620 	 0.011518 
0.266934 	0.116043 	0.078510 	0.078541 	 0.011702 
0.270176 	0.121285 	0.082308 	0.080380 	 0.011852 
0.268985 	0.119897 	0.081289 	0.080399 	 0.011948 
0.268760 	0.117159 	0.079453 	0.077019 	 0.011909 
0.255075 	0.133501 	0.089912 	0.090770 	 0.012885 
0.275111 	0.109332 	0.073722 	0.076481 	 0.011011 
0.250499 	0.134983 	0.090902 	0.090211 	 0.012739 
0.261947 	0.124544 	0.083897 	0.084973 	 0.012002 
0.259217 	0.128110 	0.086563 	0.085693 	 0.012017 
0.253090 	0.131277 	0.088605 	0.090025 	 0.013351 
0.264117 	0.126132 	0.085294 	0.085151 	 0.012100 
0.257594 	0.120246 	0.081124 	0.083627 	 0.012640 
0.255603 	0.119594 	0.081101 	0.080777 	 0.012512 
0.260686 	0.115595 	0.078546 	0.077749 	 0.012039 
0.249509 	0.128251 	0.086534 	0.085724 	 0.012699 
0.256876 	0.123027 	0.083378 	0.081009 	 0.011903 
0.253868 	0.125419 	0.084653 	0.088149 	 0.013139 
0.256971 	0.124402 	0.084417 	0.082203 	 0.011927 
0.249690 	0.128581 	0.086995 	0.086045 	 0.012962 
0.243127 	0.137324 	0.092249 	0.095001 	 0.013392 
0.249935 	0.131924 	0.089713 	0.083240 	 0.012472 
0.249718 	0.129638 	0.087697 	0.085029 	 0.012492 
0.243287 	0.131946 	0.089548 	0.086443 	 0.013638 
0.242788 	0.131797 	0.088926 	0.088725 	 0.012791 
0.226425 	0.143657 	0.096649 	0.096011 	 0.013804 
0.240806 	0.131517 	0.088867 	0.085348 	 0.012557 
0.237461 	0.139971 	0.094962 	0.091539 	 0.013862 
0.241085 	0.139669 	0.094698 	0.090740 	 0.013043 
0.241621 	0.131825 	0.089253 	0.088162 	 0.013228 
0.231755 	0.144149 	0.097397 	0.096976 	 0.014337 
0.241654 	0.129415 	0.087911 	0.084884 	 0.013234 
0.243533 	0.129717 	0.088075 	0.085289 	 0.013391 
0.231502 	0.137603 	0.093212 	0.089829 	 0.013456 
0.228303 	0.134667 	0.091043 	0.086934 	 0.013124 
0.242073 	0.127342 	0.086958 	0.080611 	 0.012757 
0.244140 	0.136166 	0.092530 	0.086989 	 0.012697 
0.236937 	0.132175 	0.090326 	0.083925 	 0.013295 
0.228206 	0.134287 	0.090867 	0.088243 	 0.013407 
0.233535 	0.139036 	0.094028 	0.090895 	 0.012914 
0.238037 	0.133644 	0.091237 	0.085269 	 0.013015 
0.221887 	0.145036 	0.098380 	0.094128 	 0.014263 
0.234500 	0.126705 	0.086532 	0.080390 	 0.012852 
0.214164 	0.146936 	0.099754 	0.092671 	 0.014348 
0.216158 	0.144118 	0.097625 	0.092844 	 0.013800 
0.217299 	0.147571 	0.100043 	0.095363 	 0.013997 
0.223113 	0.143017 	0.097264 	0.090237 	 0.013546 
0.220099 	0.142914 	0.097065 	0.091220 	 0.013379 
0.216976 	0.150858 	0.102422 	0.097221 	 0.014299 
0.217805 	0.151851 	0.103257 	0.099206 	 0.014865 
0.214575 	0.155187 	0.104990 	0.102077 	 0.014631 
0.208936 	0.152807 	0.103391 	0.099153 	 0.014820 
0.210100 	0.145523 	0.099079 	0.091941 	 0.014740 
0.215251 	0.144164 	0.097336 	0.095794 	 0.013904 
0.206924 	0.150376 	0.102058 	0.096235 	 0.014637 
0.208835 	0.148598 	0.101108 	0.094844 	 0.014770 
0.214103 	0.147917 	0.100706 	0.093841 	 0.014476 
0.211115 	0.149850 	0.102085 	0.093711 	 0.014057 
0.213501 	0.146798 	0.100319 	0.091900 	 0.014442 
0.190728 	0.158381 	0.107640 	0.098879 	 0.015619 
0.193537 	0.154190 	0.104842 	0.096273 	 0.015093 
0.198212 	0.162515 	0.110013 	0.105239 	 0.015739 
0.214310 	0.140197 	0.096022 	0.086806 	 0.013787 
0.213642 	0.148232 	0.101120 	0.091635 	 0.013643 
0.188174 	0.166140 	0.112061 	0.108419 	 0.015275 
0.190731 	0.161104 	0.109755 	0.100339 	 0.015814 
0.195510 	0.160075 	0.108861 	0.098950 	 0.014164 
0.190842 	0.162272 	0.109877 	0.102709 	 0.015164 
0.214042 	0.147234 	0.100776 	0.093237 	 0.014733 
0.196711 	0.156282 	0.106635 	0.095596 	 0.014728 
0.201916 	0.146836 	0.100597 	0.089557 	 0.014004 
0.198624 	0.156102 	0.106697 	0.096151 	 0.015123 
0.192883 	0.159116 	0.108116 	0.099363 	 0.014452 
0.187220 	0.168349 	0.114648 	0.103224 	 0.015257 
0.190380 	0.150978 	0.103096 	0.093642 	 0.014995 
0.192967 	0.162248 	0.110763 	0.099001 	 0.015031 
0.206478 	0.152027 	0.104375 	0.090877 	 0.013999 
0.180933 	0.175730 	0.119136 	0.110445 	 0.016232 
0.181446 	0.166164 	0.113466 	0.100773 	 0.015934 
0.181600 	0.165799 	0.112482 	0.106121 	 0.015930 
0.181250 	0.168921 	0.115585 	0.102611 	 0.016186 
0.184262 	0.165921 	0.112994 	0.103565 	 0.015587 
0.183259 	0.160612 	0.109546 	0.099100 	 0.015517 
0.184721 	0.167094 	0.113699 	0.103303 	 0.015612 
0.185792 	0.163036 	0.110736 	0.101140 	 0.014902 
0.177106 	0.167555 	0.114258 	0.103144 	 0.016455 
0.179434 	0.164850 	0.112402 	0.099031 	 0.014999 
0.183429 	0.161915 	0.110312 	0.097403 	 0.014881 
0.187544 	0.167907 	0.114487 	0.102991 	 0.015422 
0.187814 	0.154883 	0.106005 	0.093029 	 0.015162 
0.191725 	0.152984 	0.104707 	0.092934 	 0.014223 
0.169740 	0.168451 	0.114761 	0.102963 	 0.015811 
0.185235 	0.156209 	0.107315 	0.093656 	 0.015357 
0.172259 	0.172584 	0.117228 	0.108665 	 0.016238 
0.176633 	0.175033 	0.119330 	0.108196 	 0.016423 
0.183706 	0.159521 	0.109196 	0.096764 	 0.015138 
0.190097 	0.166031 	0.113748 	0.099203 	 0.015003 
0.177823 	0.170871 	0.116849 	0.104276 	 0.016036 
0.180401 	0.166929 	0.113781 	0.102653 	 0.014817 
0.181761 	0.169722 	0.116035 	0.102946 	 0.015543 
0.172659 	0.172586 	0.118271 	0.102083 	 0.016005 
0.170400 	0.183311 	0.124686 	0.113278 	 0.016475 
0.183041 	0.158559 	0.108934 	0.093764 	 0.015072 
0.189591 	0.158557 	0.108998 	0.093183 	 0.014173 
0.170427 	0.174424 	0.119348 	0.104535 	 0.016483 
0.181040 	0.162835 	0.111598 	0.099219 	 0.015174 
0.179057 	0.170833 	0.117246 	0.102840 	 0.016180 
0.172694 	0.167273 	0.114470 	0.099943 	 0.015932 
0.182094 	0.150613 	0.103442 	0.091115 	 0.014629 
0.155505 	0.185547 	0.126259 	0.114611 	 0.017864 
0.184226 	0.162162 	0.111577 	0.097864 	 0.015194 
0.170544 	0.167249 	0.114806 	0.098873 	 0.016134 
0.159354 	0.187316 	0.127602 	0.115720 	 0.016964 
0.177010 	0.163199 	0.112444 	0.093811 	 0.015111 
0.165899 	0.180039 	0.123112 	0.109967 	 0.016498 
0.180866 	0.168534 	0.115450 	0.102272 	 0.015656 
0.172668 	0.175071 	0.120271 	0.103592 	 0.015922 
0.185996 	0.159474 	0.110077 	0.092268 	 0.014686 
0.177558 	0.167076 	0.115071 	0.100162 	 0.016118 
0.169540 	0.177259 	0.121720 	0.104934 	 0.016255 
0.188171 	0.164926 	0.113600 	0.098561 	 0.015011 
0.170665 	0.177139 	0.121352 	0.105548 	 0.015717 
0.196429 	0.150737 	0.104742 	0.087670 	 0.014222 
0.182966 	0.167111 	0.115326 	0.098381 	 0.015354 
0.183661 	0.167138 	0.115672 	0.096285 	 0.015355 
0.166167 	0.181801 	0.124744 	0.108887 	 0.016427 
0.184123 	0.167034 	0.115389 	0.097406 	 0.015126 
0.168919 	0.165930 	0.114409 	0.096775 	 0.015314 
0.178551 	0.165112 	0.113746 	0.098574 	 0.015613 
0.168710 	0.176125 	0.120940 	0.103862 	 0.015668 
0.182066 	0.161108 	0.111557 	0.092660 	 0.014626 
0.164490 	0.185296 	0.127367 	0.107278 	 0.016204 
0.172729 	0.171655 	0.118554 	0.098527 	 0.015977 
0.164883 	0.176749 	0.121602 	0.104215 	 0.016488 
0.167154 	0.168818 	0.116327 	0.098423 	 0.015210 
0.164527 	0.172098 	0.118103 	0.100327 	 0.015292 
0.174731 	0.173198 	0.119867 	0.098523 	 0.015767 
0.174363 	0.168643 	0.116108 	0.100729 	 0.015199 
0.184240 	0.158067 	0.109590 	0.091423 	 0.014939 
0.169437 	0.162951 	0.112813 	0.093839 	 0.015044 
0.172908 	0.162119 	0.111875 	0.093772 	 0.014718 
0.175846 	0.173811 	0.120328 	0.098101 	 0.015376 
0.178094 	0.170468 	0.118225 	0.095803 	 0.015476 
0.173327 	0.160286 	0.111426 	0.091455 	 0.015359 
0.163084 	0.181633 	0.125350 	0.104169 	 0.015555 
0.163934 	0.177455 	0.122467 	0.102871 	 0.016464 
0.170895 	0.175306 	0.121330 	0.100636 	 0.015847 
0.179252 	0.167616 	0.116448 	0.095549 	 0.015484 
0.176350 	0.168306 	0.116872 	0.095919 	 0.015491 
0.157283 	0.178271 	0.123192 	0.103125 	 0.016544 
0.162290 	0.180415 	0.124579 	0.104377 	 0.016243 
0.169488 	0.172260 	0.119919 	0.095672 	 0.015833 
0.190501 	0.163383 	0.113768 	0.092400 	 0.014739 
0.171548 	0.167410 	0.116249 	0.095300 	 0.015124 
0.171142 	0.175908 	0.122180 	0.099588 	 0.016138 
0.168137 	0.173068 	0.120264 	0.097239 	 0.015912 
0.165117 	0.172844 	0.119817 	0.098721 	 0.015882 
0.173918 	0.175239 	0.121418 	0.101093 	 0.015638 
0.171828 	0.167235 	0.116604 	0.091830 	 0.015068 
0.160719 	0.178574 	0.123588 	0.101562 	 0.015922 
0.179934 	0.168364 	0.117268 	0.094049 	 0.014794 
0.175412 	0.170571 	0.118694 	0.095385 	 0.014973 
0.169299 	0.168502 	0.117177 	0.095741 	 0.015707 
0.168727 	0.166640 	0.116028 	0.094634 	 0.015531 
0.165691 	0.162550 	0.113364 	0.089451 	 0.015218 
0.162639 	0.170056 	0.118201 	0.093816 	 0.015223 
0.156642 	0.180185 	0.125304 	0.099194 	 0.015943 
0.175557 	0.162912 	0.113953 	0.089144 	 0.015460 
0.156988 	0.182347 	0.126255 	0.104398 	 0.016384 
0.159264 	0.180669 	0.125599 	0.100882 	 0.016208 
0.154568 	0.175843 	0.122431 	0.097705 	 0.016049 
0.153633 	0.178391 	0.123796 	0.102660 	 0.016630 
0.152363 	0.182536 	0.126724 	0.103227 	 0.016586 
0.152365 	0.182816 	0.126562 	0.106117 	 0.016657 
0.151703 	0.179924 	0.125434 	0.100367 	 0.016815 
0.140347 	0.178567 	0.124399 	0.098943 	 0.017024 
0.148643 	0.189338 	0.131326 	0.107980 	 0.017318 
0.145147 	0.181971 	0.127049 	0.098708 	 0.016438 
0.152826 	0.184856 	0.128374 	0.104405 	 0.016384 
0.148662 	0.183048 	0.127319 	0.104738 	 0.016529 
0.153166 	0.183090 	0.127605 	0.102244 	 0.016530 
0.145902 	0.186338 	0.129623 	0.104623 	 0.016789 
0.142636 	0.192746 	0.133634 	0.107797 	 0.016751 
0.138734 	0.190072 	0.131902 	0.108149 	 0.017206 
0.149845 	0.188905 	0.131579 	0.104580 	 0.016975 
0.175456 	0.172291 	0.121030 	0.091999 	 0.015118 
0.146328 	0.191052 	0.132631 	0.107192 	 0.016712 
0.150936 	0.186551 	0.130030 	0.103818 	 0.016899 
0.148521 	0.183574 	0.127901 	0.102047 	 0.016476 
0.143173 	0.190238 	0.132636 	0.105274 	 0.017254 
0.157855 	0.172762 	0.121206 	0.091796 	 0.015567 
0.141337 	0.186527 	0.130358 	0.101762 	 0.017303 
0.140839 	0.188547 	0.131717 	0.102021 	 0.017078 
0.138406 	0.191542 	0.133533 	0.104457 	 0.017228 
0.143528 	0.185411 	0.129312 	0.103032 	 0.016687 
0.154420 	0.178865 	0.125283 	0.097404 	 0.016232 
0.140186 	0.194787 	0.135520 	0.108995 	 0.017529 
0.144984 	0.180299 	0.126381 	0.098214 	 0.016935 
0.134335 	0.199564 	0.139158 	0.109128 	 0.017854 
0.144335 	0.183201 	0.128142 	0.100870 	 0.016685 
0.141442 	0.182137 	0.126816 	0.103223 	 0.016646 
0.129932 	0.188171 	0.131315 	0.101631 	 0.017138 
0.140019 	0.180506 	0.126740 	0.097307 	 0.017322 
0.139367 	0.185367 	0.129566 	0.098996 	 0.016973 
0.144160 	0.179494 	0.125387 	0.097459 	 0.015724 
0.145666 	0.178041 	0.125249 	0.093731 	 0.016367 
0.133303 	0.185928 	0.130363 	0.098529 	 0.016845 
0.139783 	0.174960 	0.123080 	0.094899 	 0.016827 
0.122319 	0.200413 	0.139808 	0.109750 	 0.018052 
0.142661 	0.184544 	0.129400 	0.099297 	 0.016598 
0.136139 	0.188703 	0.132272 	0.100940 	 0.017528 
0.134838 	0.195247 	0.136300 	0.107368 	 0.016907 
0.131318 	0.189203 	0.132663 	0.101695 	 0.017222 
0.128976 	0.197302 	0.137889 	0.106699 	 0.017492 
0.136550 	0.185972 	0.130629 	0.099200 	 0.016669 
0.142450 	0.178874 	0.126305 	0.091532 	 0.016445 
0.122501 	0.191993 	0.134272 	0.103006 	 0.017296 
0.132524 	0.188630 	0.132699 	0.098574 	 0.016872 
0.121528 	0.192597 	0.135052 	0.104396 	 0.017877 
0.140578 	0.177156 	0.125342 	0.090404 	 0.016435 
0.139970 	0.171815 	0.121894 	0.087859 	 0.015841 
0.132756 	0.193457 	0.135724 	0.103957 	 0.017589 
0.128841 	0.190492 	0.134310 	0.098478 	 0.017608 
0.130363 	0.189848 	0.133672 	0.100966 	 0.017417 
0.130715 	0.187221 	0.131812 	0.098098 	 0.016747 
0.126864 	0.192526 	0.135449 	0.102025 	 0.017467 
0.119160 	0.188619 	0.132706 	0.100788 	 0.017609 
0.124207 	0.195180 	0.137006 	0.104084 	 0.017797 
0.136127 	0.181530 	0.128369 	0.094344 	 0.016568 
0.126034 	0.198807 	0.139880 	0.103816 	 0.017584 
0.130097 	0.186123 	0.131786 	0.095414 	 0.017397 
0.134788 	0.187932 	0.132278 	0.100413 	 0.016752 
0.117605 	0.198220 	0.139787 	0.099041 	 0.017793 
0.120723 	0.193964 	0.136399 	0.102963 	 0.017823 
0.120543 	0.197717 	0.139445 	0.103135 	 0.018031 
0.128830 	0.176692 	0.125663 	0.087945 	 0.016543 
0.119434 	0.193753 	0.136782 	0.100069 	 0.017761 
0.120577 	0.192910 	0.135947 	0.101320 	 0.017425 
0.115815 	0.190321 	0.134679 	0.096163 	 0.017893 
0.112841 	0.201062 	0.141283 	0.106771 	 0.018593 
0.120423 	0.189899 	0.134168 	0.096201 	 0.017194 
0.127019 	0.185415 	0.131469 	0.095116 	 0.017515 
0.110811 	0.196241 	0.138369 	0.100742 	 0.017626 
0.109390 	0.193559 	0.136523 	0.100727 	 0.017961 
0.118235 	0.189552 	0.134016 	0.097815 	 0.017360 
0.111857 	0.204546 	0.143997 	0.105929 	 0.018325 
0.116408 	0.191733 	0.135459 	0.097922 	 0.017149 
0.109359 	0.195763 	0.137850 	0.102680 	 0.017897 
0.121908 	0.193787 	0.136915 	0.098919 	 0.017165 
0.119338 	0.190965 	0.134751 	0.096953 	 0.016968 
0.115950 	0.189426 	0.134146 	0.094422 	 0.017029 
0.120852 	0.189970 	0.134465 	0.098689 	 0.017448 
0.118534 	0.196596 	0.138309 	0.105401 	 0.017594 
0.121794 	0.184055 	0.131119 	0.091617 	 0.016980 
0.115668 	0.198261 	0.139782 	0.101195 	 0.017431 
0.125291 	0.181389 	0.128828 	0.093739 	 0.017499 
0.122845 	0.201236 	0.142307 	0.103271 	 0.017275 
0.105604 	0.209818 	0.147538 	0.109189 	 0.017962 
0.097281 	0.205933 	0.144895 	0.107768 	 0.018755 
0.107064 	0.194749 	0.138226 	0.099500 	 0.018261 
0.128516 	0.183761 	0.131447 	0.087966 	 0.016300 
0.100994 	0.203287 	0.143432 	0.106093 	 0.018338 
0.111001 	0.196824 	0.139811 	0.099431 	 0.018418 
0.103328 	0.200515 	0.141758 	0.102880 	 0.018216 
0.099509 	0.207762 	0.146537 	0.108924 	 0.018844 
0.119884 	0.194030 	0.138249 	0.096152 	 0.017637 
0.097177 	0.198325 	0.140435 	0.102040 	 0.018578 
0.102712 	0.200802 	0.142255 	0.101845 	 0.018186 
0.100239 	0.202317 	0.143031 	0.103707 	 0.018145 
0.107098 	0.196892 	0.140054 	0.098952 	 0.018152 
0.104174 	0.195709 	0.139344 	0.098193 	 0.017903 
0.097697 	0.200821 	0.142390 	0.101565 	 0.017927 
0.104486 	0.206866 	0.146519 	0.107035 	 0.018965 
0.104580 	0.210640 	0.148739 	0.111162 	 0.018935 
0.099134 	0.212006 	0.150058 	0.106429 	 0.018832 
0.107620 	0.201189 	0.142864 	0.101199 	 0.017874 
0.092932 	0.211515 	0.149632 	0.107857 	 0.018894 
0.114349 	0.193973 	0.138557 	0.094941 	 0.017546 
0.080004 	0.211505 	0.149415 	0.111922 	 0.020397 
0.091979 	0.212211 	0.150101 	0.108993 	 0.019200 
0.094253 	0.202272 	0.143871 	0.100657 	 0.018434 
0.115299 	0.186943 	0.133904 	0.091819 	 0.017064 
0.103125 	0.199338 	0.141689 	0.098707 	 0.017853 
0.090539 	0.201146 	0.142692 	0.101953 	 0.018814 
0.094810 	0.197423 	0.140046 	0.102703 	 0.018776 
0.096672 	0.205097 	0.145150 	0.107312 	 0.018659 
0.100393 	0.198684 	0.141348 	0.099163 	 0.018128 
0.093454 	0.209934 	0.149012 	0.104460 	 0.018945 
0.090775 	0.209099 	0.148561 	0.105364 	 0.019162 
0.089032 	0.205324 	0.145909 	0.105244 	 0.019656 
0.103654 	0.197406 	0.141104 	0.098620 	 0.018770 
0.101294 	0.192961 	0.138256 	0.093804 	 0.018513 
0.098169 	0.191818 	0.137194 	0.094387 	 0.017837 
0.084750 	0.215017 	0.152394 	0.107881 	 0.018954 
0.092357 	0.204190 	0.145624 	0.102902 	 0.019078 
0.083798 	0.202999 	0.144759 	0.100882 	 0.019280 
0.099953 	0.192033 	0.137762 	0.093628 	 0.018148 
0.096969 	0.197952 	0.141900 	0.094915 	 0.018257 
0.091258 	0.203305 	0.144948 	0.101962 	 0.018658 
0.102445 	0.198099 	0.142148 	0.095275 	 0.018032 
0.090308 	0.201874 	0.144465 	0.097843 	 0.018975 
0.082251 	0.218229 	0.154644 	0.112412 	 0.019565 
0.093761 	0.202192 	0.144107 	0.102703 	 0.019187 
0.089903 	0.196419 	0.140416 	0.096962 	 0.018340 
0.094205 	0.199117 	0.142653 	0.096984 	 0.018323 
0.099525 	0.205932 	0.146767 	0.105602 	 0.019307 
0.098153 	0.203552 	0.145506 	0.099530 	 0.018403 
0.092524 	0.206141 	0.147297 	0.103814 	 0.019234 
0.099492 	0.205052 	0.147110 	0.099587 	 0.019212 
0.073473 	0.222387 	0.157773 	0.112868 	 0.019967 
0.088536 	0.200059 	0.143604 	0.095189 	 0.018346 
0.098205 	0.200889 	0.144446 	0.095987 	 0.018610 
0.091299 	0.202388 	0.145260 	0.097876 	 0.018687 
0.098977 	0.194352 	0.140072 	0.094036 	 0.018372 
0.082469 	0.202908 	0.145864 	0.097833 	 0.019563 
0.090142 	0.208183 	0.148953 	0.104031 	 0.019871 
0.098429 	0.191893 	0.138432 	0.090931 	 0.018202 
0.075125 	0.218004 	0.155259 	0.109987 	 0.019850 
0.093664 	0.200657 	0.144482 	0.096608 	 0.018982 
0.088999 	0.202067 	0.145143 	0.096613 	 0.018403 
0.092368 	0.186641 	0.135151 	0.087902 	 0.018436 
0.095993 	0.196883 	0.141973 	0.094041 	 0.018325 
0.077441 	0.208065 	0.149157 	0.102470 	 0.019321 
0.105329 	0.188801 	0.136993 	0.086620 	 0.017257 
0.089199 	0.196988 	0.141991 	0.092256 	 0.017671 
0.090898 	0.196255 	0.141953 	0.090835 	 0.018321 
0.088264 	0.195054 	0.140770 	0.091582 	 0.018094 
0.087916 	0.196956 	0.142131 	0.091006 	 0.018094 
0.079285 	0.205921 	0.148164 	0.095890 	 0.018625 
0.087500 	0.198281 	0.143253 	0.092599 	 0.018248 
0.076752 	0.217137 	0.155593 	0.105288 	 0.019411 
0.074086 	0.219628 	0.157006 	0.107050 	 0.019308 
0.091473 	0.199454 	0.143895 	0.095084 	 0.018420 
0.071925 	0.215044 	0.154223 	0.104258 	 0.019951 
0.094145 	0.196945 	0.142632 	0.092597 	 0.018121 
0.089378 	0.192455 	0.139585 	0.088114 	 0.018153 
0.083039 	0.207949 	0.149742 	0.100615 	 0.019493 
0.071915 	0.218366 	0.156670 	0.107233 	 0.020044 
0.077038 	0.213954 	0.153944 	0.102042 	 0.019483 
0.065031 	0.212276 	0.151891 	0.105195 	 0.019849 
0.085205 	0.198428 	0.143001 	0.094828 	 0.018600 
0.066867 	0.211015 	0.152241 	0.100386 	 0.020494 
0.073505 	0.215482 	0.155309 	0.101782 	 0.020295 
0.078987 	0.209048 	0.150353 	0.102530 	 0.019523 
0.066911 	0.219938 	0.157873 	0.107076 	 0.020618 
0.072955 	0.209601 	0.151148 	0.099656 	 0.019692 
0.082465 	0.205951 	0.148835 	0.098681 	 0.019898 
0.080462 	0.203296 	0.147163 	0.095099 	 0.019121 
0.081338 	0.205981 	0.149052 	0.097169 	 0.019279 
0.077883 	0.205956 	0.148779 	0.097749 	 0.019508 
0.072167 	0.208931 	0.150703 	0.100238 	 0.019674 
0.087985 	0.197126 	0.143245 	0.091513 	 0.018908 
0.072854 	0.209839 	0.151724 	0.099585 	 0.019817 
0.066198 	0.217945 	0.157552 	0.101601 	 0.020697 
0.058002 	0.228329 	0.163625 	0.111969 	 0.020767 
0.074492 	0.212463 	0.153712 	0.099919 	 0.019676 
0.066331 	0.223298 	0.160923 	0.106442 	 0.020758 
0.067600 	0.217172 	0.156900 	0.101493 	 0.020248 
0.081035 	0.197188 	0.143862 	0.090771 	 0.019189 
0.070586 	0.211654 	0.152950 	0.100605 	 0.020103 
0.065358 	0.213137 	0.154068 	0.099229 	 0.019343 
0.079594 	0.202586 	0.147269 	0.092884 	 0.019169 
0.053230 	0.219651 	0.157968 	0.107226 	 0.020908 
0.056374 	0.218414 	0.157470 	0.102594 	 0.020643 
0.070171 	0.210320 	0.152766 	0.097684 	 0.020606 
0.077407 	0.215180 	0.155902 	0.099858 	 0.019929 
0.078770 	0.207568 	0.150958 	0.094922 	 0.019584 
0.067484 	0.208902 	0.151497 	0.095832 	 0.019478 
0.064554 	0.218307 	0.157988 	0.104129 	 0.020711 
0.070650 	0.210384 	0.152438 	0.100076 	 0.020271 
0.079955 	0.200622 	0.146728 	0.088551 	 0.018849 
0.073697 	0.204501 	0.148596 	0.094333 	 0.019124 
0.066799 	0.212785 	0.154601 	0.097211 	 0.020200 
0.069674 	0.213493 	0.154669 	0.100243 	 0.019918 
0.060064 	0.222894 	0.160879 	0.105250 	 0.020775 
0.052654 	0.228226 	0.164382 	0.110962 	 0.021568 
0.077042 	0.210301 	0.153183 	0.095046 	 0.019691 
0.071290 	0.209635 	0.152844 	0.094768 	 0.020282 
0.066075 	0.221127 	0.160401 	0.104962 	 0.020617 
0.052257 	0.222349 	0.160893 	0.105673 	 0.021231 
0.066843 	0.213751 	0.155319 	0.100014 	 0.020068 
0.073029 	0.208519 	0.151968 	0.095801 	 0.019752 
0.072649 	0.211493 	0.154352 	0.095542 	 0.019634 
0.068091 	0.213463 	0.155634 	0.096892 	 0.020367 
0.074294 	0.223223 	0.162034 	0.102671 	 0.020029 
0.054795 	0.233556 	0.168344 	0.113041 	 0.021433 
0.077591 	0.206855 	0.151426 	0.094668 	 0.019845 
0.064846 	0.217083 	0.157937 	0.101667 	 0.020569 
0.071322 	0.199348 	0.146377 	0.088841 	 0.019760 
0.049487 	0.225476 	0.163241 	0.107048 	 0.021588 
0.059818 	0.214361 	0.156047 	0.095828 	 0.019684 
0.068356 	0.207339 	0.151655 	0.093713 	 0.020348 
0.082435 	0.199601 	0.146847 	0.086489 	 0.018886 
0.076898 	0.200610 	0.147431 	0.087468 	 0.019056 
0.086508 	0.202249 	0.149041 	0.089872 	 0.019820 
0.062120 	0.225887 	0.164362 	0.105053 	 0.021694 
0.078275 	0.213703 	0.156269 	0.096624 	 0.019732 
0.062497 	0.225655 	0.163602 	0.107551 	 0.020855 
0.058390 	0.218639 	0.159360 	0.099537 	 0.021334 
0.061921 	0.220561 	0.160512 	0.100564 	 0.020280 
0.069665 	0.216172 	0.157706 	0.099142 	 0.020932 
0.067772 	0.218443 	0.159380 	0.101010 	 0.020777 
0.075958 	0.217627 	0.158950 	0.099097 	 0.020370 
0.062348 	0.220805 	0.161011 	0.103043 	 0.021498 
0.062452 	0.228593 	0.165954 	0.107570 	 0.021104 
0.082161 	0.210730 	0.154726 	0.094704 	 0.019574 
0.067361 	0.219680 	0.160402 	0.103900 	 0.021266 
0.076500 	0.213448 	0.156735 	0.095428 	 0.020157 
0.068779 	0.224192 	0.163508 	0.104641 	 0.020662 
0.064079 	0.217865 	0.159429 	0.099368 	 0.021108 
0.065577 	0.218199 	0.159654 	0.100189 	 0.020322 
0.075687 	0.212363 	0.155897 	0.096204 	 0.020216 
0.056575 	0.229637 	0.166938 	0.109962 	 0.022288 
0.078909 	0.210317 	0.154386 	0.098736 	 0.020678 
0.065351 	0.216352 	0.159005 	0.098009 	 0.021382 
0.075999 	0.209256 	0.154133 	0.093426 	 0.020855 
0.065844 	0.228817 	0.166843 	0.108142 	 0.021409 
0.410779 	0.002429 	0.003004 	-0.004865 	 0.002144 
0.410873 	0.007051 	0.005337 	0.005091 	 0.002697 
0.410110 	0.030770 	0.020332 	0.032652 	 0.004876 
0.406019 	0.033073 	0.021291 	0.036267 	 0.004191 
0.427229 	0.020786 	0.014546 	0.021804 	 0.002913 
0.395281 	0.049425 	0.032496 	0.044943 	 0.005257 
0.408329 	0.036416 	0.024270 	0.034332 	 0.004380 
0.421483 	0.021102 	0.014028 	0.024988 	 0.003087 
0.387091 	0.058911 	0.038705 	0.052316 	 0.006705 
0.390603 	0.046527 	0.030558 	0.041935 	 0.005223 
0.389618 	0.044408 	0.028912 	0.042409 	 0.005108 
0.396933 	0.036313 	0.024016 	0.033796 	 0.003851 
0.368527 	0.065688 	0.043025 	0.055077 	 0.006943 
0.381961 	0.039689 	0.025835 	0.038771 	 0.005768 
0.387114 	0.051082 	0.033783 	0.042846 	 0.004867 
0.384658 	0.051702 	0.033548 	0.047048 	 0.004930 
0.361404 	0.072252 	0.047428 	0.058958 	 0.007485 
0.387295 	0.044168 	0.028745 	0.042283 	 0.005238 
0.380134 	0.043941 	0.029032 	0.039866 	 0.005614 
0.381793 	0.048178 	0.031653 	0.044990 	 0.005969 
0.378791 	0.047931 	0.031351 	0.044059 	 0.005150 
0.373282 	0.047388 	0.031427 	0.039483 	 0.005327 
0.377207 	0.041632 	0.027253 	0.038488 	 0.004873 
0.372087 	0.051445 	0.033899 	0.045178 	 0.005969 
0.384699 	0.035377 	0.023228 	0.033070 	 0.003958 
0.365629 	0.048705 	0.032580 	0.043832 	 0.007037 
0.363344 	0.057697 	0.037703 	0.050451 	 0.006293 
0.377593 	0.051909 	0.034255 	0.045209 	 0.005568 
0.361060 	0.065894 	0.043106 	0.057043 	 0.007692 
0.365403 	0.053323 	0.034781 	0.049834 	 0.006716 
0.364607 	0.053605 	0.035464 	0.047054 	 0.006597 
0.362000 	0.060717 	0.040063 	0.053615 	 0.007177 
0.367876 	0.044454 	0.029451 	0.040297 	 0.005679 
0.358247 	0.054985 	0.035950 	0.049553 	 0.006312 
0.349332 	0.063158 	0.041105 	0.054789 	 0.006992 
0.343342 	0.073243 	0.047661 	0.064462 	 0.008497 
0.345774 	0.059761 	0.039501 	0.051509 	 0.007176 
0.342456 	0.070755 	0.046725 	0.059222 	 0.008159 
0.346574 	0.068328 	0.044818 	0.057617 	 0.007062 
0.344998 	0.065764 	0.043904 	0.052714 	 0.007211 
0.336283 	0.067732 	0.044779 	0.054509 	 0.007565 
0.338979 	0.073050 	0.048379 	0.060290 	 0.007753 
0.339229 	0.063751 	0.041718 	0.055427 	 0.007091 
0.329618 	0.066230 	0.044120 	0.053576 	 0.008070 
0.348326 	0.058374 	0.038893 	0.048462 	 0.006593 
0.334400 	0.069341 	0.046056 	0.056738 	 0.007693 
0.336354 	0.067317 	0.044967 	0.054902 	 0.008263 
0.334771 	0.073509 	0.048558 	0.058782 	 0.006982 
0.332115 	0.071268 	0.047362 	0.058670 	 0.008425 
0.322947 	0.078020 	0.051270 	0.063553 	 0.008526 
0.334747 	0.073189 	0.049151 	0.057671 	 0.008632 
0.317337 	0.081202 	0.053875 	0.063984 	 0.009143 
0.311047 	0.089396 	0.059020 	0.070929 	 0.009235 
0.315276 	0.079125 	0.052317 	0.061272 	 0.008683 
0.310687 	0.091360 	0.060680 	0.069602 	 0.009621 
0.323557 	0.067578 	0.044780 	0.055101 	 0.007744 
0.327032 	0.077630 	0.051674 	0.060303 	 0.007975 
0.329437 	0.072699 	0.048159 	0.061104 	 0.007878 
0.321810 	0.078785 	0.052322 	0.061077 	 0.008035 
0.306985 	0.086747 	0.057567 	0.067105 	 0.009333 
0.317847 	0.081712 	0.054336 	0.063254 	 0.009109 
0.306543 	0.083337 	0.054880 	0.064754 	 0.008555 
0.312691 	0.079971 	0.052985 	0.062992 	 0.008887 
0.301877 	0.084380 	0.055273 	0.066379 	 0.008354 
0.317865 	0.076233 	0.051372 	0.057909 	 0.008195 
0.303566 	0.085524 	0.056426 	0.065452 	 0.008610 
0.307933 	0.082500 	0.054757 	0.063439 	 0.008784 
0.301793 	0.101562 	0.067518 	0.076359 	 0.009886 
0.298554 	0.097757 	0.064823 	0.075474 	 0.010336 
0.304037 	0.084461 	0.056251 	0.065152 	 0.009498 
0.298310 	0.090379 	0.060198 	0.067870 	 0.009213 
0.297403 	0.095217 	0.063537 	0.069914 	 0.009886 
0.299717 	0.083893 	0.056113 	0.064493 	 0.009512 
0.305946 	0.080902 	0.053534 	0.062616 	 0.008520 
0.302426 	0.085542 	0.057395 	0.064286 	 0.009495 
0.296457 	0.090103 	0.060050 	0.067962 	 0.009735 
0.298188 	0.092386 	0.061143 	0.071546 	 0.009109 
0.279174 	0.103402 	0.068531 	0.077070 	 0.011056 
0.293772 	0.096147 	0.063923 	0.070025 	 0.009435 
0.283631 	0.107379 	0.070932 	0.079812 	 0.010135 
0.282715 	0.097560 	0.064770 	0.073480 	 0.009970 
0.287237 	0.091108 	0.060816 	0.066430 	 0.009487 
0.289357 	0.090815 	0.060660 	0.066358 	 0.009490 
0.296082 	0.087621 	0.058619 	0.064767 	 0.009470 
0.296667 	0.089339 	0.059844 	0.065917 	 0.009390 
0.287144 	0.095003 	0.063048 	0.071094 	 0.009197 
0.291658 	0.087378 	0.058821 	0.063273 	 0.009592 
0.290289 	0.097697 	0.065812 	0.068199 	 0.009886 
0.286446 	0.104875 	0.070115 	0.075351 	 0.010521 
0.281121 	0.102024 	0.067916 	0.075200 	 0.010229 
0.281573 	0.095713 	0.064003 	0.070875 	 0.010231 
0.280633 	0.107944 	0.071976 	0.078076 	 0.010367 
0.282998 	0.099027 	0.066349 	0.071370 	 0.010075 
0.286412 	0.094637 	0.063117 	0.068065 	 0.008924 
0.274682 	0.104063 	0.069493 	0.073926 	 0.010395 
0.287422 	0.086109 	0.057719 	0.062053 	 0.009070 
0.277554 	0.103781 	0.069509 	0.074566 	 0.010623 
0.275047 	0.100420 	0.066868 	0.073002 	 0.009829 
0.269380 	0.110799 	0.073808 	0.079402 	 0.010548 
0.281495 	0.095301 	0.064130 	0.068450 	 0.009852 
0.273784 	0.103217 	0.069213 	0.072802 	 0.010178 
0.275507 	0.102454 	0.068269 	0.074324 	 0.009865 
0.271573 	0.105329 	0.070072 	0.077283 	 0.010475 
0.277309 	0.094935 	0.063291 	0.070626 	 0.009791 
0.277846 	0.100650 	0.067995 	0.070427 	 0.010392 
0.271896 	0.102678 	0.069099 	0.070206 	 0.010226 
0.278722 	0.101696 	0.068499 	0.071898 	 0.009946 
0.261545 	0.113503 	0.075981 	0.080735 	 0.011257 
0.267013 	0.112275 	0.075064 	0.079674 	 0.010587 
0.265744 	0.101479 	0.068367 	0.070997 	 0.010614 
0.276370 	0.102367 	0.068540 	0.072938 	 0.010215 
0.266792 	0.101726 	0.068119 	0.075408 	 0.010963 
0.262301 	0.116289 	0.078115 	0.081135 	 0.011408 
0.273006 	0.099145 	0.066537 	0.069161 	 0.009645 
0.259087 	0.106803 	0.072216 	0.072080 	 0.010783 
0.259223 	0.109904 	0.073848 	0.076796 	 0.011018 
0.257769 	0.119463 	0.080393 	0.080779 	 0.011417 
0.244645 	0.123708 	0.083030 	0.084217 	 0.011496 
0.259201 	0.106091 	0.071511 	0.072824 	 0.010512 
0.255337 	0.109982 	0.073969 	0.074744 	 0.011026 
0.256090 	0.121574 	0.081626 	0.082866 	 0.011036 
0.260974 	0.108678 	0.073305 	0.074914 	 0.010392 
0.257731 	0.106288 	0.071777 	0.071275 	 0.010175 
0.247263 	0.121622 	0.081944 	0.079232 	 0.010917 
0.256556 	0.112902 	0.076101 	0.073528 	 0.010182 
0.270845 	0.099660 	0.068050 	0.062951 	 0.009171 
0.257876 	0.112651 	0.076513 	0.072240 	 0.010432 
0.258218 	0.106239 	0.071347 	0.074585 	 0.010250 
0.240461 	0.122854 	0.082570 	0.081944 	 0.011155 
0.264571 	0.116344 	0.078420 	0.078171 	 0.010169 
0.253604 	0.111230 	0.075615 	0.070428 	 0.010558 
0.254564 	0.120810 	0.082029 	0.078059 	 0.010796 
0.243755 	0.119421 	0.080674 	0.076648 	 0.010794 
0.228009 	0.132843 	0.089263 	0.087695 	 0.011953 
0.246375 	0.119482 	0.080311 	0.080173 	 0.010575 
0.241945 	0.122574 	0.082484 	0.079318 	 0.010632 
0.238803 	0.125586 	0.084847 	0.080027 	 0.011275 
0.248126 	0.124460 	0.084199 	0.081861 	 0.011189 
0.238556 	0.123725 	0.083559 	0.082095 	 0.011563 
0.247982 	0.117544 	0.079890 	0.073621 	 0.010735 
0.221689 	0.132454 	0.089191 	0.086517 	 0.012330 
0.231050 	0.133676 	0.090281 	0.087099 	 0.012155 
0.230450 	0.127852 	0.086251 	0.084740 	 0.011747 
0.235802 	0.122316 	0.082309 	0.079507 	 0.010675 
0.241934 	0.115762 	0.078515 	0.073736 	 0.010930 
0.225480 	0.135181 	0.091339 	0.086664 	 0.011976 
0.229984 	0.130637 	0.088763 	0.082223 	 0.012264 
0.231113 	0.132905 	0.089915 	0.084717 	 0.011497 
0.241007 	0.105031 	0.071784 	0.064438 	 0.009537 
0.230696 	0.120451 	0.082110 	0.076892 	 0.011659 
0.227802 	0.136011 	0.091927 	0.089694 	 0.012620 
0.215400 	0.134521 	0.090928 	0.086041 	 0.012461 
0.217539 	0.132671 	0.089413 	0.086780 	 0.012158 
0.233238 	0.133456 	0.090619 	0.083115 	 0.011473 
0.217853 	0.135705 	0.091973 	0.086108 	 0.012335 
0.222107 	0.125184 	0.084944 	0.078419 	 0.011372 
0.211458 	0.147827 	0.100188 	0.093310 	 0.013131 
0.216667 	0.137635 	0.093237 	0.084259 	 0.011741 
0.207815 	0.139854 	0.095018 	0.086100 	 0.012847 
0.212061 	0.146251 	0.099321 	0.091561 	 0.012979 
0.219295 	0.131220 	0.089770 	0.077670 	 0.011978 
0.203974 	0.140806 	0.095351 	0.087200 	 0.012609 
0.204623 	0.151161 	0.102495 	0.094379 	 0.013380 
0.221297 	0.134223 	0.091184 	0.083315 	 0.012254 
0.207581 	0.142240 	0.096910 	0.087234 	 0.013166 
0.201575 	0.141891 	0.096264 	0.088438 	 0.012992 
0.193513 	0.156617 	0.105968 	0.097013 	 0.013383 
0.210206 	0.134091 	0.091176 	0.085375 	 0.012870 
0.207675 	0.146269 	0.099371 	0.088282 	 0.012475 
0.197125 	0.150569 	0.101870 	0.094024 	 0.012852 
0.209619 	0.136222 	0.092787 	0.081353 	 0.011503 
0.196802 	0.149270 	0.101344 	0.091523 	 0.013295 
0.204168 	0.143294 	0.097435 	0.087722 	 0.012691 
0.186981 	0.164016 	0.110919 	0.102142 	 0.013920 
0.187220 	0.158319 	0.107208 	0.098467 	 0.014031 
0.188753 	0.146909 	0.100092 	0.086192 	 0.012355 
0.194859 	0.147414 	0.100268 	0.087736 	 0.013006 
0.192558 	0.153482 	0.104308 	0.095365 	 0.013788 
0.211080 	0.142898 	0.097926 	0.085165 	 0.012294 
0.192868 	0.147168 	0.100241 	0.089572 	 0.013424 
0.191637 	0.145005 	0.098736 	0.086117 	 0.012544 
0.188663 	0.150624 	0.103100 	0.087680 	 0.013432 
0.181880 	0.153629 	0.104090 	0.092803 	 0.013106 
0.198195 	0.140672 	0.096284 	0.083521 	 0.012580 
0.190887 	0.147287 	0.100371 	0.088593 	 0.012423 
0.190758 	0.148338 	0.101574 	0.085866 	 0.013058 
0.190894 	0.149160 	0.101642 	0.089550 	 0.012930 
0.187692 	0.149578 	0.102159 	0.088192 	 0.013099 
0.183583 	0.164568 	0.112198 	0.098596 	 0.013841 
0.186973 	0.154610 	0.105487 	0.091527 	 0.012921 
0.175326 	0.167254 	0.113839 	0.100795 	 0.015036 
0.184763 	0.155048 	0.105809 	0.090792 	 0.012816 
0.176976 	0.166566 	0.113521 	0.098197 	 0.014346 
0.187992 	0.149375 	0.102136 	0.087388 	 0.012128 
0.185267 	0.152934 	0.104788 	0.087325 	 0.012625 
0.176437 	0.168928 	0.115074 	0.102322 	 0.014392 
0.176514 	0.159943 	0.109248 	0.094505 	 0.013557 
0.178178 	0.154000 	0.105050 	0.090891 	 0.013159 
0.163257 	0.161665 	0.110385 	0.096304 	 0.014816 
0.170699 	0.162459 	0.111204 	0.093277 	 0.013717 
0.157944 	0.174064 	0.117998 	0.105362 	 0.014739 
0.169763 	0.165006 	0.113218 	0.094578 	 0.013823 
0.161494 	0.168772 	0.115062 	0.099552 	 0.014487 
0.185842 	0.154233 	0.106199 	0.085453 	 0.012422 
0.176452 	0.157196 	0.107839 	0.089760 	 0.012853 
0.172606 	0.156847 	0.107733 	0.089305 	 0.013663 
0.168657 	0.163495 	0.111749 	0.095267 	 0.013932 
0.170790 	0.166725 	0.114155 	0.097020 	 0.013928 
0.164150 	0.167278 	0.114633 	0.096048 	 0.014121 
0.169225 	0.162171 	0.110980 	0.094244 	 0.013536 
0.173200 	0.167026 	0.114190 	0.097607 	 0.013792 
0.173317 	0.157337 	0.108343 	0.088331 	 0.013865 
0.165050 	0.170063 	0.116686 	0.097432 	 0.014604 
0.161623 	0.157940 	0.108251 	0.089583 	 0.013223 
0.163226 	0.171033 	0.117405 	0.096540 	 0.013717 
0.168375 	0.159905 	0.109339 	0.092486 	 0.013161 
0.153233 	0.167847 	0.114674 	0.096277 	 0.013919 
0.165561 	0.161460 	0.110933 	0.093162 	 0.013961 
0.156507 	0.169133 	0.115806 	0.097110 	 0.014505 
0.153567 	0.171595 	0.117924 	0.096438 	 0.014492 
0.151182 	0.172557 	0.118035 	0.100238 	 0.014634 
0.168132 	0.166280 	0.114519 	0.093067 	 0.013861 
0.169254 	0.162342 	0.111539 	0.094055 	 0.013479 
0.157984 	0.174604 	0.120086 	0.097574 	 0.014101 
0.150019 	0.178131 	0.121967 	0.101029 	 0.014611 
0.143947 	0.184504 	0.126547 	0.107525 	 0.015980 
0.152300 	0.178654 	0.122591 	0.099795 	 0.014860 
0.147406 	0.172932 	0.119020 	0.097188 	 0.014694 
0.153037 	0.172325 	0.118046 	0.096713 	 0.013849 
0.142406 	0.182404 	0.125142 	0.101215 	 0.014473 
0.143626 	0.183091 	0.125384 	0.104778 	 0.014844 
0.144851 	0.175999 	0.120818 	0.099654 	 0.014667 
0.156044 	0.162589 	0.112510 	0.087138 	 0.013989 
0.146566 	0.178280 	0.122264 	0.101464 	 0.014715 
0.161435 	0.160416 	0.111071 	0.084704 	 0.012911 
0.151152 	0.167932 	0.116169 	0.092161 	 0.014094 
0.141484 	0.176483 	0.121343 	0.097909 	 0.014816 
0.148466 	0.171701 	0.118393 	0.091990 	 0.013841 
0.152775 	0.177884 	0.122878 	0.097696 	 0.014401 
0.149962 	0.172002 	0.118431 	0.093803 	 0.013877 
0.148742 	0.177561 	0.122361 	0.097369 	 0.014587 
0.141276 	0.187977 	0.129016 	0.106690 	 0.015384 
0.152488 	0.169534 	0.117321 	0.092429 	 0.013792 
0.150263 	0.168877 	0.117433 	0.089938 	 0.014558 
0.143139 	0.178555 	0.123043 	0.100730 	 0.014633 
0.141965 	0.179990 	0.124192 	0.100674 	 0.014970 
0.128525 	0.195630 	0.134203 	0.108202 	 0.015479 
0.141745 	0.174579 	0.121107 	0.094452 	 0.014780 
0.151981 	0.169593 	0.117641 	0.089999 	 0.013929 
0.137123 	0.183790 	0.126624 	0.100002 	 0.014574 
0.128815 	0.178359 	0.123290 	0.095639 	 0.014717 
0.150093 	0.173145 	0.120127 	0.089660 	 0.013457 
0.133392 	0.180077 	0.124578 	0.096159 	 0.014645 
0.135957 	0.173566 	0.120697 	0.090284 	 0.014540 
0.135125 	0.178145 	0.123396 	0.094897 	 0.014582 
0.146385 	0.178662 	0.123304 	0.098597 	 0.014097 
0.126469 	0.196104 	0.135158 	0.105207 	 0.015549 
0.144465 	0.178349 	0.123356 	0.095488 	 0.013801 
0.138141 	0.179001 	0.123900 	0.095244 	 0.014076 
0.135737 	0.176550 	0.122886 	0.091812 	 0.014884 
0.128471 	0.184221 	0.127343 	0.098787 	 0.014825 
0.148077 	0.158491 	0.110884 	0.080261 	 0.013200 
0.121678 	0.183262 	0.126132 	0.100931 	 0.014921 
0.126478 	0.189858 	0.131385 	0.099851 	 0.014825 
0.123756 	0.191114 	0.132118 	0.103065 	 0.015383 
0.130340 	0.189560 	0.131122 	0.103589 	 0.014981 
0.128880 	0.181444 	0.125838 	0.095537 	 0.014215 
0.124175 	0.190748 	0.132089 	0.101322 	 0.015320 
0.125481 	0.196643 	0.136227 	0.105071 	 0.015422 
0.128506 	0.174639 	0.121516 	0.091033 	 0.014248 
0.121791 	0.189776 	0.131739 	0.099440 	 0.015187 
0.123544 	0.181283 	0.125917 	0.094285 	 0.014667 
0.126543 	0.183814 	0.127916 	0.094480 	 0.014805 
0.135103 	0.183475 	0.127470 	0.097156 	 0.014973 
0.122401 	0.186734 	0.129365 	0.100043 	 0.015664 
0.106482 	0.194457 	0.134677 	0.101580 	 0.015642 
0.117417 	0.196555 	0.136465 	0.102161 	 0.015526 
0.123649 	0.185976 	0.129548 	0.094078 	 0.014840 
0.110734 	0.204521 	0.141598 	0.108576 	 0.016108 
0.110282 	0.194175 	0.134294 	0.103227 	 0.015511 
0.128935 	0.184436 	0.128422 	0.095441 	 0.014460 
0.129878 	0.189998 	0.132354 	0.098542 	 0.014841 
0.131689 	0.174492 	0.122140 	0.088160 	 0.014190 
0.118904 	0.193704 	0.134403 	0.101077 	 0.014881 
0.104901 	0.199529 	0.138803 	0.102332 	 0.015949 
0.113069 	0.195477 	0.136088 	0.099442 	 0.015438 
0.119925 	0.187954 	0.131292 	0.095210 	 0.014779 
0.121383 	0.188903 	0.132230 	0.095084 	 0.014799 
0.123440 	0.189887 	0.132748 	0.099173 	 0.014996 
0.116928 	0.191699 	0.133340 	0.101585 	 0.015496 
0.111901 	0.184702 	0.129061 	0.093254 	 0.014915 
0.121388 	0.184045 	0.128718 	0.090261 	 0.014198 
0.107634 	0.183083 	0.127723 	0.093598 	 0.014794 
0.119757 	0.188800 	0.132034 	0.096887 	 0.014567 
0.115126 	0.192833 	0.134432 	0.097399 	 0.014758 
0.100681 	0.207149 	0.143629 	0.110536 	 0.016451 
0.104072 	0.193382 	0.134912 	0.098019 	 0.015960 
0.104735 	0.197907 	0.138327 	0.102022 	 0.016882 
0.104711 	0.201180 	0.140168 	0.103842 	 0.016175 
0.113494 	0.190779 	0.133422 	0.095838 	 0.015090 
0.107352 	0.197677 	0.137574 	0.103397 	 0.015803 
0.116748 	0.186005 	0.130653 	0.089789 	 0.014534 
0.117665 	0.180603 	0.126659 	0.088154 	 0.013433 
0.107494 	0.200508 	0.140266 	0.100038 	 0.015592 
0.101740 	0.198072 	0.138152 	0.100119 	 0.015665 
0.110805 	0.188143 	0.132086 	0.092698 	 0.014925 
0.110610 	0.190405 	0.133499 	0.094751 	 0.015226 
0.102907 	0.201945 	0.140908 	0.104127 	 0.016228 
0.117634 	0.179113 	0.126256 	0.085344 	 0.014186 
0.112753 	0.191751 	0.134480 	0.094412 	 0.014842 
0.099542 	0.199349 	0.139116 	0.100695 	 0.015639 
0.106020 	0.197664 	0.138360 	0.098910 	 0.015438 
0.117755 	0.182247 	0.128112 	0.089422 	 0.014311 
0.098958 	0.186453 	0.131419 	0.088340 	 0.015229 
0.103253 	0.196824 	0.137627 	0.101243 	 0.015709 
0.094986 	0.200261 	0.139955 	0.100580 	 0.015724 
0.090555 	0.205916 	0.143682 	0.106229 	 0.016269 
0.105665 	0.188408 	0.132401 	0.091350 	 0.014550 
0.112170 	0.180005 	0.127207 	0.084980 	 0.014375 
0.099276 	0.198598 	0.138995 	0.099754 	 0.014908 
0.099286 	0.193807 	0.136392 	0.093563 	 0.015293 
0.101484 	0.192121 	0.134997 	0.093410 	 0.014510 
0.101000 	0.203503 	0.142345 	0.102097 	 0.015679 
0.100249 	0.200048 	0.140279 	0.099504 	 0.016054 
0.093866 	0.197749 	0.139155 	0.094733 	 0.015245 
0.098414 	0.199238 	0.140099 	0.100531 	 0.016319 
0.097371 	0.197037 	0.138616 	0.095301 	 0.015311 
0.082899 	0.210265 	0.146922 	0.106256 	 0.016765 
0.100430 	0.201081 	0.141827 	0.098389 	 0.016340 
0.097482 	0.192923 	0.136145 	0.092567 	 0.015982 
0.098292 	0.203134 	0.142806 	0.098057 	 0.015420 
0.092202 	0.196402 	0.138312 	0.095277 	 0.015591 
0.101367 	0.196837 	0.138458 	0.096575 	 0.015103 
0.108860 	0.185689 	0.131370 	0.087950 	 0.014569 
0.100644 	0.194215 	0.137006 	0.093363 	 0.015106 
0.093018 	0.203630 	0.143319 	0.098855 	 0.015779 
0.101807 	0.188947 	0.133793 	0.089429 	 0.015216 
0.096498 	0.196688 	0.139054 	0.092784 	 0.015294 
0.088875 	0.205214 	0.143916 	0.102272 	 0.015812 
0.101445 	0.186155 	0.132223 	0.088623 	 0.015547 
0.085939 	0.207454 	0.145963 	0.101524 	 0.016267 
0.106839 	0.188907 	0.133888 	0.089771 	 0.014496 
0.093316 	0.192130 	0.136042 	0.090488 	 0.015327 
0.089153 	0.188879 	0.133958 	0.088328 	 0.015377 
0.094099 	0.189786 	0.134555 	0.089727 	 0.015308 
0.099953 	0.193883 	0.137338 	0.089940 	 0.015058 
0.085641 	0.203262 	0.143375 	0.097546 	 0.015712 
0.107687 	0.191118 	0.135398 	0.090156 	 0.014208 
0.083628 	0.204661 	0.144339 	0.097666 	 0.015715 
0.093987 	0.194365 	0.137794 	0.092152 	 0.015509 
0.093832 	0.194266 	0.138208 	0.088341 	 0.015485 
0.085957 	0.201345 	0.142675 	0.093272 	 0.015817 
0.071952 	0.217959 	0.153222 	0.107543 	 0.017176 
0.084809 	0.206546 	0.145708 	0.098912 	 0.015608 
0.098329 	0.196081 	0.139166 	0.090010 	 0.014889 
0.076269 	0.207061 	0.146062 	0.098178 	 0.016116 
0.098744 	0.196632 	0.139722 	0.091415 	 0.015400 
0.077981 	0.205251 	0.144796 	0.098966 	 0.016253 
0.084628 	0.212499 	0.149827 	0.102292 	 0.016170 
0.082196 	0.207567 	0.146576 	0.099209 	 0.016024 
0.084778 	0.204265 	0.144658 	0.097444 	 0.015924 
0.089001 	0.204485 	0.144712 	0.098604 	 0.015414 
0.088042 	0.199131 	0.141413 	0.092168 	 0.015444 
0.090656 	0.198549 	0.141838 	0.089858 	 0.015901 
0.086052 	0.198085 	0.140961 	0.092656 	 0.016188 
0.081421 	0.209109 	0.147937 	0.101819 	 0.016708 
0.073903 	0.208990 	0.148001 	0.099545 	 0.016226 
0.081813 	0.208300 	0.147623 	0.099149 	 0.015847 
0.086303 	0.204022 	0.145277 	0.092288 	 0.015662 
0.078091 	0.210857 	0.149170 	0.099903 	 0.015947 
0.084518 	0.204586 	0.145445 	0.092989 	 0.015013 
0.096217 	0.187790 	0.134486 	0.083000 	 0.014100 
0.086876 	0.205898 	0.146289 	0.095454 	 0.015629 
0.086404 	0.202863 	0.144632 	0.092631 	 0.015466 
0.078791 	0.205600 	0.145971 	0.095823 	 0.015476 
0.089623 	0.201536 	0.143811 	0.092407 	 0.015401 
0.095161 	0.192927 	0.138401 	0.086557 	 0.015301 
0.082060 	0.200861 	0.143639 	0.087622 	 0.015458 
0.072626 	0.207344 	0.147936 	0.094330 	 0.016652 
0.076738 	0.205434 	0.146135 	0.093981 	 0.015673 
0.080050 	0.211780 	0.150161 	0.099772 	 0.015369 
0.084527 	0.198595 	0.142091 	0.087650 	 0.014966 
0.061762 	0.213881 	0.151324 	0.100470 	 0.016291 
0.081790 	0.206630 	0.147249 	0.094464 	 0.015632 
0.081379 	0.199489 	0.142451 	0.092607 	 0.015396 
0.071801 	0.215030 	0.152793 	0.100812 	 0.017190 
0.076909 	0.217847 	0.154920 	0.100585 	 0.016642 
0.085511 	0.202935 	0.145188 	0.092096 	 0.015827 
0.081640 	0.200897 	0.143341 	0.090722 	 0.015279 
0.064701 	0.218921 	0.155446 	0.103414 	 0.017023 
0.086392 	0.203157 	0.145378 	0.090026 	 0.014727 
0.082700 	0.200533 	0.143610 	0.090726 	 0.015711 
0.069214 	0.221101 	0.156812 	0.104257 	 0.016421 
0.078227 	0.210730 	0.150140 	0.096242 	 0.015479 
0.070151 	0.211695 	0.150971 	0.095335 	 0.015840 
0.070373 	0.206327 	0.147520 	0.093300 	 0.015852 
0.064002 	0.221221 	0.157364 	0.104797 	 0.017478 
0.067754 	0.219302 	0.156028 	0.100772 	 0.016366 
0.071597 	0.212148 	0.151685 	0.095273 	 0.016150 
0.080155 	0.206207 	0.147718 	0.091939 	 0.015583 
0.064588 	0.220461 	0.156881 	0.103919 	 0.017273 
0.075105 	0.205092 	0.147452 	0.089159 	 0.016322 
0.062723 	0.226124 	0.160757 	0.104722 	 0.017247 
0.064527 	0.213160 	0.152607 	0.096025 	 0.017242 
0.073843 	0.209920 	0.150189 	0.095553 	 0.016080 
0.064225 	0.213553 	0.152211 	0.098959 	 0.016737 
0.068478 	0.217961 	0.155518 	0.098886 	 0.016025 
0.085522 	0.200000 	0.144338 	0.088302 	 0.016003 
0.071537 	0.213286 	0.153211 	0.093915 	 0.016705 
0.080082 	0.198981 	0.142986 	0.085435 	 0.013987 
0.067991 	0.215115 	0.153956 	0.098455 	 0.016910 
0.065036 	0.210409 	0.150915 	0.094421 	 0.016062 
0.073420 	0.206421 	0.148484 	0.090322 	 0.015482 
0.080088 	0.198859 	0.143311 	0.087318 	 0.015323 
0.060171 	0.217576 	0.155775 	0.097813 	 0.016513 
0.084821 	0.202707 	0.146084 	0.087939 	 0.014897 
0.070755 	0.208197 	0.149913 	0.088995 	 0.015810 
0.075195 	0.210467 	0.151642 	0.092417 	 0.016045 
0.066754 	0.200491 	0.145524 	0.083059 	 0.016661 
0.066335 	0.212691 	0.152933 	0.092660 	 0.016073 
0.085061 	0.201034 	0.145508 	0.084686 	 0.015424 
0.068698 	0.212619 	0.152838 	0.093163 	 0.015485 
0.071574 	0.199716 	0.144780 	0.082313 	 0.014965 
0.068655 	0.215975 	0.155087 	0.094645 	 0.015867 
0.068535 	0.210186 	0.151653 	0.091471 	 0.016316 
0.066253 	0.218876 	0.157072 	0.098269 	 0.016575 
0.079876 	0.195719 	0.142308 	0.080169 	 0.014809 
0.071877 	0.206216 	0.149309 	0.087085 	 0.015919 
0.072557 	0.197388 	0.143156 	0.082430 	 0.015260 
0.056049 	0.214881 	0.154454 	0.094651 	 0.016143 
0.058442 	0.213797 	0.153525 	0.094799 	 0.016099 
0.063880 	0.206841 	0.149469 	0.088510 	 0.015765 
0.059975 	0.207575 	0.149501 	0.091009 	 0.015390 
0.069752 	0.204324 	0.148057 	0.086024 	 0.015887 
0.067915 	0.206707 	0.149561 	0.088761 	 0.015675 
0.077467 	0.203637 	0.147783 	0.085084 	 0.016019 
0.079927 	0.209349 	0.151526 	0.088751 	 0.015350 
0.075079 	0.201344 	0.145771 	0.087732 	 0.015338 
0.072469 	0.200181 	0.145954 	0.080300 	 0.015389 
0.069717 	0.212018 	0.153624 	0.088236 	 0.015459 
0.065780 	0.210009 	0.152055 	0.087751 	 0.015530 
0.080804 	0.196975 	0.143658 	0.082943 	 0.015671 
0.058909 	0.214020 	0.154841 	0.090736 	 0.016296 
0.074376 	0.206017 	0.149356 	0.086500 	 0.014966 
0.072238 	0.207680 	0.150641 	0.087754 	 0.014982 
0.071504 	0.209526 	0.152247 	0.088943 	 0.016565 
0.063355 	0.218293 	0.157609 	0.094989 	 0.016288 
0.068916 	0.204642 	0.148812 	0.085689 	 0.015761 
0.078085 	0.201406 	0.146693 	0.084871 	 0.016013 
0.075174 	0.204401 	0.148830 	0.085641 	 0.015928 
0.062273 	0.214987 	0.155716 	0.091935 	 0.016010 
0.074640 	0.196295 	0.143783 	0.078084 	 0.015299 
0.065760 	0.211172 	0.153656 	0.086791 	 0.016274 
0.053000 	0.211036 	0.153481 	0.086771 	 0.016838 
0.086368 	0.193268 	0.141722 	0.075942 	 0.014135 
0.064642 	0.206058 	0.149815 	0.087243 	 0.015600 
0.064303 	0.222237 	0.160897 	0.095425 	 0.016453 
0.062809 	0.209839 	0.152461 	0.088606 	 0.015848 
0.065666 	0.202477 	0.147850 	0.082032 	 0.015157 
0.074163 	0.205251 	0.149799 	0.083799 	 0.015199 
0.053913 	0.219445 	0.159256 	0.094447 	 0.017324 
0.056523 	0.213374 	0.155201 	0.090006 	 0.016624 
0.069531 	0.209995 	0.153644 	0.085255 	 0.016571 
0.055003 	0.233339 	0.168198 	0.105250 	 0.017730 
0.064229 	0.202031 	0.147786 	0.082843 	 0.015850 
0.081408 	0.202155 	0.148496 	0.080097 	 0.015333 
0.068097 	0.204004 	0.149371 	0.082770 	 0.015912 
0.064552 	0.218512 	0.158661 	0.093815 	 0.016027 
0.079991 	0.200838 	0.147517 	0.078671 	 0.014620 
0.054960 	0.224101 	0.162882 	0.094803 	 0.017061 
0.076263 	0.207377 	0.152210 	0.080823 	 0.015193 
0.063080 	0.214294 	0.156061 	0.091309 	 0.016698 
0.071918 	0.213829 	0.155934 	0.089913 	 0.015771 
0.053588 	0.216442 	0.158151 	0.088183 	 0.016934 
0.057789 	0.211806 	0.155067 	0.086462 	 0.016747 
0.063399 	0.217924 	0.158907 	0.093177 	 0.016792 
0.068257 	0.208298 	0.152622 	0.085835 	 0.016102 
0.060890 	0.208562 	0.152607 	0.085792 	 0.016011 
0.059935 	0.210608 	0.154147 	0.088330 	 0.016613 
0.057918 	0.223216 	0.162534 	0.093330 	 0.016726 
0.079346 	0.201316 	0.148979 	0.075115 	 0.015315 
0.073825 	0.214579 	0.156970 	0.089736 	 0.015747 
0.072936 	0.212191 	0.155433 	0.087911 	 0.015765 
0.081056 	0.200029 	0.147674 	0.078444 	 0.015191 
0.083092 	0.193228 	0.143606 	0.071012 	 0.014966 
0.078068 	0.201139 	0.148583 	0.077246 	 0.015626 
0.083274 	0.191896 	0.142597 	0.071703 	 0.014935 
0.086584 	0.194853 	0.144449 	0.074750 	 0.014347 
0.080667 	0.209581 	0.154160 	0.085293 	 0.016140 
0.085816 	0.186437 	0.138945 	0.070590 	 0.014858 
0.079773 	0.201500 	0.149235 	0.078010 	 0.015570 
0.073667 	0.210379 	0.155035 	0.083587 	 0.015802 
0.072808 	0.205182 	0.152021 	0.080047 	 0.016406 
0.075600 	0.207654 	0.153123 	0.083770 	 0.016441 
0.091132 	0.198953 	0.147901 	0.075229 	 0.014723 
0.075413 	0.203887 	0.150568 	0.080424 	 0.015741 
0.078467 	0.198357 	0.147403 	0.075449 	 0.015760 
0.080254 	0.195667 	0.145465 	0.073735 	 0.015289 
0.089623 	0.195665 	0.145849 	0.071899 	 0.014369 
0.094279 	0.198699 	0.147605 	0.076182 	 0.014728 
0.087956 	0.189309 	0.141364 	0.069434 	 0.013941 
0.079010 	0.200069 	0.148428 	0.077648 	 0.015744 
0.070665 	0.210640 	0.155386 	0.084854 	 0.016267 
0.074212 	0.203150 	0.151157 	0.075949 	 0.015222 
0.081238 	0.204198 	0.151631 	0.078865 	 0.015762 
0.086181 	0.196275 	0.146470 	0.072450 	 0.014777 
0.099045 	0.185578 	0.140024 	0.062815 	 0.013923 
0.096773 	0.191175 	0.143153 	0.069402 	 0.014484 
0.093057 	0.193285 	0.145068 	0.070718 	 0.015252 
0.093008 	0.182912 	0.137992 	0.064306 	 0.014350 
0.085792 	0.204660 	0.152087 	0.079046 	 0.014640 
0.079175 	0.211985 	0.157171 	0.082494 	 0.016225 
0.105687 	0.185987 	0.139954 	0.066599 	 0.013630 
0.089970 	0.196007 	0.146914 	0.073281 	 0.015541 
0.076990 	0.204399 	0.152676 	0.076367 	 0.015749 
0.090867 	0.195243 	0.146210 	0.071967 	 0.014684 
0.089021 	0.198765 	0.149118 	0.073082 	 0.015590 
0.084227 	0.200250 	0.149771 	0.074672 	 0.015319 
0.085869 	0.205509 	0.152789 	0.082813 	 0.015740 
0.089649 	0.192472 	0.144911 	0.070810 	 0.015293 
0.093592 	0.186738 	0.140875 	0.066226 	 0.014211 
0.093671 	0.200907 	0.150683 	0.073087 	 0.015171 
0.078358 	0.202094 	0.150955 	0.075738 	 0.015203 
0.097316 	0.187989 	0.142267 	0.066474 	 0.014422 
0.100176 	0.186156 	0.140889 	0.068320 	 0.014919 
0.092043 	0.203480 	0.152420 	0.075904 	 0.015189 
0.084647 	0.202808 	0.151657 	0.076451 	 0.015399 
0.095505 	0.190526 	0.144240 	0.065549 	 0.014501 
0.091598 	0.195580 	0.147570 	0.069845 	 0.015169 
0.095154 	0.199261 	0.149935 	0.071658 	 0.015083 
0.102198 	0.183523 	0.139542 	0.062329 	 0.014740 
0.102132 	0.182179 	0.138708 	0.061915 	 0.014434 
0.104450 	0.184556 	0.140678 	0.060632 	 0.014296 
0.092679 	0.196964 	0.148701 	0.070505 	 0.015005 
0.110856 	0.172255 	0.132780 	0.053496 	 0.013627 
0.092418 	0.200095 	0.150130 	0.076910 	 0.015287 
0.106698 	0.186697 	0.141926 	0.062846 	 0.013571 
0.087212 	0.207299 	0.154848 	0.081367 	 0.015636 
0.097677 	0.190546 	0.144385 	0.066472 	 0.014256 
0.096432 	0.194460 	0.147114 	0.070442 	 0.014664 
0.099324 	0.190763 	0.144500 	0.067164 	 0.014127 
0.104817 	0.185408 	0.141091 	0.064463 	 0.013701 
0.098658 	0.194928 	0.147267 	0.068490 	 0.014051 
0.099725 	0.185986 	0.141499 	0.064965 	 0.014119 
0.107579 	0.189304 	0.144265 	0.063805 	 0.014096 
0.106567 	0.175696 	0.135524 	0.054635 	 0.013998 
0.090753 	0.202423 	0.152047 	0.076776 	 0.014984 
0.097634 	0.200463 	0.151232 	0.076699 	 0.016015 
0.079187 	0.210575 	0.158261 	0.079328 	 0.016119 
0.100311 	0.182401 	0.139942 	0.059607 	 0.014343 
0.104344 	0.180989 	0.139379 	0.058224 	 0.014351 
0.093875 	0.193077 	0.147050 	0.067150 	 0.015551 
0.097009 	0.194310 	0.148222 	0.066398 	 0.015177 
0.077340 	0.214712 	0.160848 	0.082542 	 0.016612 
0.089082 	0.201210 	0.152655 	0.072641 	 0.016118 
0.089026 	0.192295 	0.146758 	0.063680 	 0.015046 
0.093100 	0.194028 	0.148115 	0.065237 	 0.015360 
0.094449 	0.196370 	0.149466 	0.067644 	 0.014969 
0.089236 	0.198683 	0.150919 	0.070378 	 0.014949 
0.085098 	0.193693 	0.147755 	0.065560 	 0.014868 
0.075960 	0.203290 	0.154133 	0.071976 	 0.015915 
0.102970 	0.185605 	0.142298 	0.062088 	 0.013686 
0.098801 	0.187955 	0.143902 	0.063163 	 0.013657 
0.099288 	0.184058 	0.141756 	0.058875 	 0.013688 
0.086516 	0.193330 	0.147749 	0.064718 	 0.015318 
0.097221 	0.187269 	0.143962 	0.062707 	 0.014139 
0.089972 	0.184733 	0.141693 	0.063333 	 0.015348 
0.091311 	0.195478 	0.148589 	0.070500 	 0.014679 
0.089396 	0.189837 	0.146130 	0.063523 	 0.015417 
0.095689 	0.193718 	0.148579 	0.065760 	 0.015078 
0.093684 	0.182611 	0.141086 	0.059254 	 0.014827 
0.083912 	0.195547 	0.149320 	0.068452 	 0.015542 
0.085844 	0.191600 	0.146850 	0.063677 	 0.015161 
0.083507 	0.197773 	0.151095 	0.070233 	 0.016207 
0.092907 	0.193205 	0.148455 	0.066430 	 0.015473 
0.088477 	0.189388 	0.145629 	0.060295 	 0.015013 
0.117318 	0.171648 	0.134354 	0.051114 	 0.013019 
0.095387 	0.197655 	0.151274 	0.066033 	 0.014754 
0.090311 	0.175949 	0.136937 	0.051952 	 0.014202 
0.101319 	0.182493 	0.142016 	0.056316 	 0.014746 
0.100543 	0.181292 	0.140828 	0.055658 	 0.013983 
0.094049 	0.190441 	0.146885 	0.060613 	 0.014424 
0.091454 	0.193638 	0.149230 	0.062900 	 0.015642 
0.100786 	0.182828 	0.141525 	0.060160 	 0.014152 
0.094007 	0.181722 	0.140943 	0.060778 	 0.015009 
0.085741 	0.201692 	0.154376 	0.068934 	 0.015702 
0.100553 	0.181787 	0.141514 	0.057416 	 0.014547 
0.099246 	0.173944 	0.135864 	0.052333 	 0.013631 
0.094021 	0.192532 	0.148485 	0.063938 	 0.014971 
0.086947 	0.198998 	0.152557 	0.068801 	 0.015941 
0.095311 	0.186994 	0.145273 	0.056508 	 0.014756 
0.087712 	0.180197 	0.140220 	0.056190 	 0.014293 
0.109154 	0.176461 	0.138492 	0.053989 	 0.013850 
0.081830 	0.194758 	0.150131 	0.065637 	 0.015803 
0.097126 	0.183138 	0.142452 	0.058589 	 0.013833 
0.093609 	0.181695 	0.141817 	0.057481 	 0.015158 
0.088229 	0.188999 	0.146665 	0.059260 	 0.015632 
0.090487 	0.190069 	0.147733 	0.059488 	 0.015381 
0.098312 	0.176876 	0.138505 	0.056370 	 0.014376 
0.069385 	0.209656 	0.160097 	0.074645 	 0.016376 
