di 	gli 	gal 	gos3 	 gos4 
0.424409 	0.021471 	0.012803 	0.014457 	 -0.001998 
0.417199 	0.035402 	0.021626 	0.028313 	 -0.000400 
0.442590 	0.030916 	0.017813 	0.036798 	 -0.001223 
0.417468 	0.053508 	0.032614 	0.052909 	 0.000794 
0.429227 	0.051584 	0.031431 	0.051702 	 0.000069 
0.420011 	0.060580 	0.037537 	0.057569 	 0.000844 
0.412843 	0.059249 	0.036515 	0.057835 	 0.001231 
0.429298 	0.049114 	0.030026 	0.049061 	 -0.000070 
0.423323 	0.059122 	0.036439 	0.055884 	 0.000297 
0.419139 	0.058564 	0.035656 	0.056836 	 0.000264 
0.423861 	0.047214 	0.028403 	0.049783 	 0.000217 
0.408300 	0.059637 	0.036323 	0.059069 	 0.001376 
0.410338 	0.057082 	0.034530 	0.056009 	 0.000498 
0.417040 	0.049087 	0.029521 	0.052805 	 0.000495 
0.400136 	0.075989 	0.047295 	0.068059 	 0.001636 
0.416090 	0.060605 	0.036843 	0.062366 	 0.001305 
0.407119 	0.060611 	0.037333 	0.057800 	 0.001591 
0.413189 	0.067049 	0.041211 	0.063812 	 0.000999 
0.400934 	0.063848 	0.039218 	0.060998 	 0.001317 
0.407228 	0.059304 	0.036680 	0.056877 	 0.001769 
0.395952 	0.076714 	0.047643 	0.069715 	 0.002761 
0.400062 	0.073262 	0.045923 	0.063955 	 0.001887 
0.410388 	0.057504 	0.035104 	0.055876 	 0.000518 
0.388462 	0.076646 	0.047544 	0.071732 	 0.003284 
0.409387 	0.061588 	0.037502 	0.061153 	 0.000910 
0.393619 	0.077335 	0.048033 	0.070250 	 0.002338 
0.396657 	0.071587 	0.044609 	0.065587 	 0.002512 
0.394181 	0.067579 	0.041594 	0.064732 	 0.002114 
0.402256 	0.059884 	0.037040 	0.057822 	 0.001993 
0.389191 	0.079580 	0.049768 	0.071566 	 0.003148 
0.386996 	0.076438 	0.047660 	0.071021 	 0.002917 
0.386600 	0.077899 	0.048163 	0.074089 	 0.003321 
0.389837 	0.076024 	0.047179 	0.070797 	 0.002866 
0.390660 	0.075826 	0.047086 	0.070559 	 0.002941 
0.392244 	0.073399 	0.045440 	0.067913 	 0.002459 
0.394961 	0.066987 	0.041556 	0.062519 	 0.002327 
0.387740 	0.074750 	0.046132 	0.070942 	 0.002859 
0.384398 	0.075769 	0.047021 	0.072249 	 0.003170 
0.381982 	0.078207 	0.048471 	0.074163 	 0.003420 
0.375059 	0.084072 	0.052394 	0.076721 	 0.004008 
0.379477 	0.076625 	0.047497 	0.069033 	 0.002954 
0.367774 	0.083670 	0.052110 	0.074437 	 0.003778 
0.367695 	0.097584 	0.060823 	0.087764 	 0.004463 
0.383519 	0.078218 	0.048668 	0.072408 	 0.003389 
0.383656 	0.077666 	0.048490 	0.072937 	 0.003915 
0.377305 	0.081123 	0.050530 	0.075854 	 0.003618 
0.360690 	0.099805 	0.062740 	0.086953 	 0.005191 
0.369978 	0.086808 	0.054201 	0.076730 	 0.003621 
0.370194 	0.084686 	0.052934 	0.075661 	 0.003585 
0.364488 	0.098709 	0.061996 	0.084054 	 0.004236 
0.375255 	0.082959 	0.051490 	0.074843 	 0.002927 
0.362871 	0.084480 	0.052997 	0.075039 	 0.003929 
0.360488 	0.091941 	0.057849 	0.080463 	 0.004327 
0.372067 	0.089105 	0.056503 	0.075118 	 0.003960 
0.358525 	0.092192 	0.057809 	0.079831 	 0.004375 
0.349582 	0.098522 	0.062050 	0.084219 	 0.004968 
0.355328 	0.097865 	0.061913 	0.083785 	 0.004880 
0.354039 	0.097016 	0.061078 	0.083463 	 0.004736 
0.341787 	0.105957 	0.066591 	0.090896 	 0.005030 
0.361595 	0.092291 	0.058102 	0.082639 	 0.005151 
0.358501 	0.092001 	0.058198 	0.080218 	 0.004498 
0.343562 	0.110193 	0.069618 	0.093526 	 0.005803 
0.354443 	0.091411 	0.057399 	0.081346 	 0.004309 
0.356858 	0.092466 	0.057949 	0.082496 	 0.004719 
0.348639 	0.099051 	0.062407 	0.086217 	 0.005526 
0.329879 	0.116590 	0.073951 	0.097762 	 0.006945 
0.350236 	0.086540 	0.054193 	0.077441 	 0.004535 
0.341817 	0.103045 	0.064846 	0.090079 	 0.005339 
0.339332 	0.108070 	0.068401 	0.092061 	 0.006249 
0.337451 	0.109405 	0.069483 	0.092529 	 0.006516 
0.355906 	0.097677 	0.061581 	0.086002 	 0.004771 
0.345338 	0.096109 	0.060467 	0.082927 	 0.005167 
0.342834 	0.106127 	0.067049 	0.092145 	 0.005713 
0.336171 	0.114387 	0.072637 	0.096493 	 0.006298 
0.338144 	0.109874 	0.069576 	0.093882 	 0.006173 
0.347981 	0.099641 	0.062941 	0.085174 	 0.005452 
0.338936 	0.108660 	0.068787 	0.091157 	 0.005581 
0.346700 	0.103386 	0.065325 	0.088661 	 0.005300 
0.344456 	0.100507 	0.063781 	0.084884 	 0.005499 
0.328072 	0.112606 	0.071265 	0.093779 	 0.006411 
0.348792 	0.092978 	0.058629 	0.079443 	 0.004243 
0.326446 	0.108200 	0.068637 	0.090193 	 0.006281 
0.335241 	0.102340 	0.064944 	0.086931 	 0.005992 
0.336589 	0.102769 	0.065787 	0.084269 	 0.006044 
0.346323 	0.091908 	0.057972 	0.079933 	 0.004642 
0.344401 	0.098868 	0.062743 	0.084662 	 0.005897 
0.327141 	0.112417 	0.071650 	0.091698 	 0.006351 
0.329280 	0.102352 	0.065158 	0.085502 	 0.006089 
0.325997 	0.109690 	0.069481 	0.093017 	 0.005901 
0.332831 	0.104927 	0.066554 	0.088392 	 0.005473 
0.340258 	0.098142 	0.062339 	0.083454 	 0.005438 
0.330476 	0.103983 	0.066065 	0.088147 	 0.006089 
0.330006 	0.111835 	0.070946 	0.093472 	 0.006538 
0.323165 	0.121008 	0.077193 	0.100932 	 0.007211 
0.328454 	0.105145 	0.066613 	0.091068 	 0.006206 
0.335603 	0.099743 	0.063384 	0.084107 	 0.005729 
0.319358 	0.123160 	0.078543 	0.100641 	 0.007531 
0.336413 	0.104812 	0.066626 	0.089889 	 0.006204 
0.328425 	0.109189 	0.069917 	0.088858 	 0.006280 
0.318991 	0.115359 	0.073530 	0.096155 	 0.007393 
0.331531 	0.109194 	0.069668 	0.089997 	 0.006060 
0.317526 	0.121986 	0.078324 	0.095092 	 0.007020 
0.321891 	0.114580 	0.073219 	0.094088 	 0.006818 
0.322618 	0.110361 	0.070187 	0.091137 	 0.006485 
0.326578 	0.114258 	0.073023 	0.093283 	 0.005930 
0.321858 	0.110187 	0.070547 	0.090246 	 0.006768 
0.321002 	0.109060 	0.069560 	0.089004 	 0.006300 
0.325651 	0.117286 	0.075233 	0.095125 	 0.006888 
0.319428 	0.111359 	0.071428 	0.091153 	 0.006741 
0.315738 	0.120305 	0.077459 	0.095569 	 0.007094 
0.311492 	0.131093 	0.084616 	0.101203 	 0.007792 
0.322700 	0.123123 	0.078897 	0.098750 	 0.006874 
0.314377 	0.125554 	0.080750 	0.102157 	 0.008055 
0.328865 	0.110455 	0.070886 	0.089011 	 0.006160 
0.318548 	0.110607 	0.070771 	0.089932 	 0.006780 
0.308636 	0.126300 	0.081413 	0.097045 	 0.006909 
0.315121 	0.122346 	0.078473 	0.099071 	 0.007691 
0.316606 	0.116108 	0.074724 	0.092737 	 0.007359 
0.322248 	0.111624 	0.071859 	0.090661 	 0.007102 
0.318694 	0.112169 	0.071935 	0.090175 	 0.006167 
0.313522 	0.115527 	0.074285 	0.092994 	 0.007153 
0.320414 	0.118966 	0.076322 	0.096089 	 0.006414 
0.302853 	0.137672 	0.089114 	0.105984 	 0.008391 
0.297926 	0.137148 	0.088386 	0.106805 	 0.007999 
0.286531 	0.149010 	0.095660 	0.116628 	 0.008721 
0.299636 	0.139878 	0.090377 	0.109234 	 0.008461 
0.299258 	0.133765 	0.085930 	0.106902 	 0.008001 
0.317281 	0.118970 	0.077168 	0.090680 	 0.006626 
0.303895 	0.136230 	0.088561 	0.103129 	 0.008452 
0.308416 	0.123125 	0.079350 	0.095186 	 0.006544 
0.299425 	0.136168 	0.087887 	0.107056 	 0.008316 
0.287004 	0.140701 	0.091032 	0.107590 	 0.008894 
0.300691 	0.130146 	0.084010 	0.101410 	 0.007418 
0.305353 	0.133035 	0.085930 	0.104768 	 0.007952 
0.304156 	0.131917 	0.085153 	0.102990 	 0.007908 
0.306130 	0.118060 	0.075810 	0.093899 	 0.006753 
0.288468 	0.134623 	0.087408 	0.102923 	 0.008510 
0.296745 	0.138109 	0.089951 	0.103007 	 0.008405 
0.310132 	0.132971 	0.086124 	0.099677 	 0.006570 
0.297330 	0.132980 	0.086249 	0.102249 	 0.008123 
0.288253 	0.136707 	0.088400 	0.105908 	 0.008771 
0.282238 	0.145139 	0.093518 	0.113511 	 0.008727 
0.294975 	0.129545 	0.083825 	0.100302 	 0.008078 
0.308277 	0.122121 	0.079382 	0.093063 	 0.007110 
0.305683 	0.129780 	0.084358 	0.099806 	 0.007578 
0.296294 	0.140053 	0.091424 	0.103994 	 0.008376 
0.286965 	0.142262 	0.092490 	0.105937 	 0.008252 
0.290468 	0.140792 	0.091440 	0.104489 	 0.007999 
0.282851 	0.140763 	0.091316 	0.106775 	 0.009040 
0.290505 	0.127363 	0.082998 	0.094656 	 0.007700 
0.288791 	0.140824 	0.091276 	0.106625 	 0.008549 
0.294129 	0.129995 	0.084403 	0.097224 	 0.007526 
0.280713 	0.140504 	0.091215 	0.103299 	 0.007749 
0.297933 	0.130966 	0.084957 	0.101205 	 0.007842 
0.289763 	0.132262 	0.086296 	0.097291 	 0.008269 
0.293677 	0.135073 	0.087740 	0.102171 	 0.008357 
0.286073 	0.138652 	0.090511 	0.102295 	 0.008450 
0.275587 	0.147987 	0.096568 	0.108083 	 0.009075 
0.291310 	0.137010 	0.089407 	0.100743 	 0.007824 
0.286859 	0.135565 	0.088404 	0.100512 	 0.007895 
0.291109 	0.134227 	0.087598 	0.099245 	 0.007502 
0.283047 	0.138415 	0.090048 	0.102519 	 0.007884 
0.284344 	0.144308 	0.093948 	0.105563 	 0.007773 
0.280922 	0.148993 	0.096800 	0.111444 	 0.009025 
0.298642 	0.136771 	0.089446 	0.100584 	 0.007681 
0.285830 	0.139081 	0.090925 	0.099782 	 0.007979 
0.276906 	0.149994 	0.097830 	0.110158 	 0.009126 
0.286583 	0.145921 	0.095343 	0.106530 	 0.008144 
0.273227 	0.148260 	0.096769 	0.108336 	 0.008607 
0.275036 	0.152346 	0.099833 	0.109770 	 0.009091 
0.292592 	0.135809 	0.088604 	0.101458 	 0.007873 
0.267398 	0.153995 	0.100614 	0.110775 	 0.009430 
0.276087 	0.150521 	0.098507 	0.109573 	 0.009218 
0.272846 	0.148518 	0.096830 	0.110036 	 0.009197 
0.274744 	0.155265 	0.101716 	0.111520 	 0.009209 
0.267989 	0.160186 	0.104850 	0.114110 	 0.009069 
0.271728 	0.158595 	0.103737 	0.116192 	 0.009765 
0.262485 	0.155875 	0.101798 	0.111814 	 0.009048 
0.278610 	0.147833 	0.096628 	0.106964 	 0.008574 
0.273923 	0.155133 	0.101644 	0.111461 	 0.008977 
0.268850 	0.152756 	0.100295 	0.107634 	 0.008711 
0.260678 	0.158784 	0.104392 	0.111609 	 0.010156 
0.278666 	0.144107 	0.094674 	0.102788 	 0.008829 
0.255790 	0.175098 	0.114812 	0.124973 	 0.010480 
0.251249 	0.171182 	0.112320 	0.121522 	 0.011078 
0.265817 	0.154814 	0.101923 	0.107765 	 0.009701 
0.262819 	0.157035 	0.103135 	0.111624 	 0.009599 
0.264900 	0.149941 	0.098713 	0.107623 	 0.010083 
0.268276 	0.154501 	0.101096 	0.111299 	 0.009559 
0.265554 	0.164325 	0.107866 	0.120091 	 0.010586 
0.253325 	0.171569 	0.112917 	0.118148 	 0.010338 
0.251861 	0.172993 	0.113645 	0.121556 	 0.010753 
0.259110 	0.171439 	0.112412 	0.122739 	 0.010591 
0.254822 	0.174983 	0.115228 	0.122361 	 0.011024 
0.258790 	0.168736 	0.111325 	0.115890 	 0.010315 
0.269776 	0.155855 	0.102771 	0.108666 	 0.009063 
0.257959 	0.160792 	0.105976 	0.111113 	 0.009984 
0.259741 	0.167136 	0.110000 	0.114869 	 0.009497 
0.266142 	0.161013 	0.106480 	0.110512 	 0.009648 
0.267758 	0.161299 	0.106712 	0.110210 	 0.009694 
0.253619 	0.162926 	0.107474 	0.111621 	 0.009802 
0.260684 	0.170665 	0.112427 	0.117732 	 0.009392 
0.260340 	0.171084 	0.112872 	0.117449 	 0.009749 
0.256634 	0.165056 	0.108938 	0.114248 	 0.010189 
0.264751 	0.165776 	0.109663 	0.115427 	 0.009842 
0.266604 	0.159462 	0.105617 	0.109004 	 0.009412 
0.245325 	0.175179 	0.115607 	0.120254 	 0.010579 
0.249687 	0.172341 	0.113889 	0.116332 	 0.010320 
0.257253 	0.165959 	0.109622 	0.113688 	 0.009762 
0.245857 	0.175379 	0.115934 	0.119479 	 0.010548 
0.261618 	0.161909 	0.107229 	0.109641 	 0.008959 
0.254305 	0.170867 	0.113186 	0.115735 	 0.009935 
0.253333 	0.172879 	0.114184 	0.116955 	 0.009602 
0.255527 	0.165399 	0.109620 	0.113040 	 0.010299 
0.253000 	0.166581 	0.110329 	0.113842 	 0.010052 
0.259286 	0.156622 	0.103868 	0.106117 	 0.008921 
0.241887 	0.177031 	0.117317 	0.119688 	 0.010963 
0.256317 	0.164578 	0.109191 	0.110903 	 0.009495 
0.246889 	0.172494 	0.113884 	0.117298 	 0.009681 
0.255098 	0.162560 	0.107902 	0.109176 	 0.009692 
0.246928 	0.178740 	0.118586 	0.120229 	 0.010696 
0.254006 	0.162475 	0.107945 	0.109777 	 0.009902 
0.251105 	0.163473 	0.108588 	0.110207 	 0.009980 
0.251426 	0.165162 	0.109952 	0.110773 	 0.010069 
0.253293 	0.171926 	0.114086 	0.115523 	 0.010235 
0.245560 	0.173900 	0.115516 	0.115296 	 0.010106 
0.244663 	0.171931 	0.113933 	0.117232 	 0.010810 
0.248770 	0.166510 	0.110875 	0.110134 	 0.010048 
0.244258 	0.172011 	0.114343 	0.115290 	 0.010725 
0.238066 	0.174307 	0.115688 	0.116881 	 0.010468 
0.241269 	0.177478 	0.117753 	0.121058 	 0.010772 
0.237950 	0.171565 	0.114217 	0.112784 	 0.010628 
0.240453 	0.179735 	0.119363 	0.118758 	 0.010787 
0.234891 	0.179567 	0.119093 	0.121981 	 0.011462 
0.238018 	0.188176 	0.125057 	0.123582 	 0.010975 
0.229483 	0.177350 	0.118128 	0.115605 	 0.011584 
0.233986 	0.182280 	0.120646 	0.121258 	 0.010824 
0.241515 	0.168022 	0.112055 	0.107430 	 0.009959 
0.245788 	0.173177 	0.115239 	0.113080 	 0.010089 
0.234675 	0.178798 	0.119169 	0.114888 	 0.010749 
0.244601 	0.171076 	0.114278 	0.110461 	 0.010118 
0.243047 	0.171109 	0.114394 	0.109775 	 0.010438 
0.230074 	0.180058 	0.119352 	0.120132 	 0.010584 
0.224037 	0.193851 	0.128424 	0.130826 	 0.012130 
0.229399 	0.180975 	0.120402 	0.119509 	 0.010960 
0.235962 	0.170790 	0.114292 	0.107936 	 0.010476 
0.219703 	0.194714 	0.129892 	0.125362 	 0.012055 
0.234580 	0.174053 	0.116270 	0.111876 	 0.010498 
0.237063 	0.184587 	0.123125 	0.117409 	 0.010442 
0.235039 	0.184629 	0.122988 	0.120105 	 0.010414 
0.233255 	0.184039 	0.122902 	0.119483 	 0.011276 
0.223191 	0.189604 	0.126772 	0.121726 	 0.011906 
0.233955 	0.182502 	0.121767 	0.117763 	 0.010525 
0.232488 	0.192894 	0.129154 	0.122917 	 0.011848 
0.218436 	0.195044 	0.130354 	0.123912 	 0.012288 
0.231657 	0.189629 	0.126909 	0.120375 	 0.010754 
0.210138 	0.205196 	0.136794 	0.132094 	 0.012391 
0.220714 	0.198612 	0.133076 	0.125187 	 0.012470 
0.215114 	0.195655 	0.130867 	0.123436 	 0.011922 
0.230292 	0.187517 	0.125953 	0.117952 	 0.011415 
0.222953 	0.205405 	0.136877 	0.133179 	 0.011762 
0.210452 	0.197532 	0.131814 	0.125780 	 0.011916 
0.222661 	0.199559 	0.133177 	0.127088 	 0.011481 
0.242652 	0.182745 	0.122874 	0.113968 	 0.009964 
0.227664 	0.180442 	0.121025 	0.111540 	 0.010480 
0.219506 	0.194541 	0.130402 	0.122142 	 0.011519 
0.226746 	0.185830 	0.124803 	0.116970 	 0.011482 
0.226425 	0.187481 	0.125047 	0.119720 	 0.010451 
0.219118 	0.195873 	0.131535 	0.124190 	 0.012552 
0.215209 	0.196080 	0.131700 	0.124138 	 0.012713 
0.226639 	0.189573 	0.127170 	0.119737 	 0.011231 
0.218859 	0.193609 	0.130066 	0.122349 	 0.012279 
0.207658 	0.202557 	0.135918 	0.126583 	 0.012633 
0.196459 	0.224123 	0.149766 	0.141082 	 0.013748 
0.215667 	0.202930 	0.135809 	0.130052 	 0.012456 
0.218300 	0.187792 	0.126465 	0.114038 	 0.011200 
0.217846 	0.196623 	0.131649 	0.124987 	 0.011513 
0.219024 	0.196837 	0.132788 	0.120088 	 0.012156 
0.210402 	0.199531 	0.134041 	0.123999 	 0.012331 
0.225806 	0.192511 	0.129798 	0.118649 	 0.011188 
0.231164 	0.185489 	0.125212 	0.113720 	 0.010989 
0.206176 	0.204581 	0.137593 	0.128562 	 0.012647 
0.211113 	0.196107 	0.132445 	0.117649 	 0.011899 
0.214944 	0.201729 	0.135691 	0.126732 	 0.012169 
0.213526 	0.205207 	0.138301 	0.126708 	 0.012159 
0.219627 	0.199132 	0.133922 	0.124219 	 0.012120 
0.218894 	0.204512 	0.137478 	0.126768 	 0.011300 
0.201228 	0.208681 	0.140186 	0.129503 	 0.012385 
0.212322 	0.205862 	0.138445 	0.128284 	 0.012247 
0.208291 	0.206488 	0.139049 	0.126441 	 0.012536 
0.205638 	0.208770 	0.140917 	0.126668 	 0.012478 
0.209664 	0.200058 	0.135264 	0.121184 	 0.012606 
0.204367 	0.207166 	0.139528 	0.126341 	 0.012155 
0.206368 	0.204063 	0.137566 	0.124180 	 0.011980 
0.209793 	0.202287 	0.135978 	0.126130 	 0.011744 
0.214432 	0.203281 	0.137789 	0.121137 	 0.012091 
0.208052 	0.210349 	0.142017 	0.126935 	 0.012226 
0.202617 	0.210536 	0.142286 	0.125328 	 0.012292 
0.198774 	0.218759 	0.147696 	0.130736 	 0.012794 
0.209237 	0.203754 	0.137738 	0.120856 	 0.012006 
0.215509 	0.195869 	0.132755 	0.116845 	 0.011605 
0.199583 	0.207033 	0.139805 	0.126140 	 0.012486 
0.203130 	0.205571 	0.138828 	0.125758 	 0.012671 
0.206739 	0.205120 	0.138643 	0.122243 	 0.011657 
0.203968 	0.205692 	0.139278 	0.122808 	 0.012590 
0.198500 	0.211664 	0.143271 	0.128101 	 0.013257 
0.208570 	0.200772 	0.135939 	0.119527 	 0.011569 
0.208428 	0.205838 	0.139689 	0.122065 	 0.011948 
0.203039 	0.209112 	0.141678 	0.123888 	 0.011917 
0.203657 	0.209335 	0.141996 	0.123498 	 0.012359 
0.215547 	0.193995 	0.132020 	0.112831 	 0.011124 
0.218661 	0.197323 	0.134038 	0.115337 	 0.010865 
0.213114 	0.190425 	0.129712 	0.110270 	 0.010962 
0.199234 	0.205727 	0.139233 	0.123998 	 0.012688 
0.200923 	0.206679 	0.139746 	0.126512 	 0.012471 
0.209927 	0.203980 	0.138459 	0.119878 	 0.011578 
0.205392 	0.196796 	0.133722 	0.115559 	 0.011963 
0.199958 	0.202482 	0.137394 	0.118584 	 0.011843 
0.203289 	0.204402 	0.138704 	0.120222 	 0.011784 
0.203432 	0.203732 	0.138667 	0.119288 	 0.012497 
0.200845 	0.204395 	0.138646 	0.122894 	 0.012762 
0.198664 	0.209008 	0.141621 	0.124194 	 0.012285 
0.205091 	0.204400 	0.139246 	0.116957 	 0.011729 
0.194371 	0.213957 	0.144896 	0.126893 	 0.012262 
0.202120 	0.200780 	0.136440 	0.117919 	 0.012061 
0.193084 	0.202716 	0.137617 	0.119213 	 0.011996 
0.185209 	0.213738 	0.145055 	0.123942 	 0.012135 
0.199729 	0.204739 	0.139203 	0.118972 	 0.012182 
0.194740 	0.208545 	0.141505 	0.123186 	 0.012500 
0.202992 	0.206676 	0.140675 	0.120090 	 0.011798 
0.207285 	0.203958 	0.139486 	0.114956 	 0.011637 
0.196752 	0.213629 	0.145613 	0.121176 	 0.012245 
0.199461 	0.207073 	0.141252 	0.119989 	 0.012168 
0.188872 	0.224322 	0.152119 	0.132674 	 0.012836 
0.198033 	0.204316 	0.139681 	0.115906 	 0.012014 
0.196947 	0.208624 	0.142112 	0.121750 	 0.012682 
0.200266 	0.207751 	0.141514 	0.120664 	 0.011458 
0.209529 	0.197114 	0.134706 	0.111316 	 0.010985 
0.187188 	0.223115 	0.151864 	0.129326 	 0.013148 
0.197998 	0.203801 	0.139568 	0.115528 	 0.012019 
0.185822 	0.214696 	0.146464 	0.123030 	 0.012850 
0.188862 	0.223861 	0.152658 	0.129822 	 0.013206 
0.185683 	0.221915 	0.151511 	0.127214 	 0.013345 
0.196738 	0.205763 	0.140957 	0.113518 	 0.011572 
0.177365 	0.213977 	0.146416 	0.121279 	 0.013630 
0.180366 	0.216699 	0.147837 	0.123120 	 0.013317 
0.194789 	0.211388 	0.144428 	0.119490 	 0.012475 
0.186163 	0.217897 	0.148619 	0.124061 	 0.012836 
0.166928 	0.233174 	0.158465 	0.134999 	 0.014722 
0.180122 	0.218136 	0.149026 	0.122793 	 0.013037 
0.181129 	0.223492 	0.152616 	0.127960 	 0.013403 
0.183923 	0.213327 	0.145945 	0.120409 	 0.012783 
0.172616 	0.229983 	0.156589 	0.133396 	 0.013969 
0.185050 	0.216170 	0.148231 	0.121561 	 0.013525 
0.177056 	0.225939 	0.154031 	0.128188 	 0.013600 
0.183415 	0.218827 	0.149751 	0.122607 	 0.013007 
0.178680 	0.215015 	0.147277 	0.121194 	 0.013097 
0.189958 	0.211553 	0.145321 	0.116746 	 0.012372 
0.179339 	0.217720 	0.149361 	0.121087 	 0.013169 
0.178562 	0.225322 	0.154084 	0.125877 	 0.013601 
0.174296 	0.230317 	0.157430 	0.129849 	 0.013603 
0.169844 	0.232005 	0.158184 	0.132272 	 0.014022 
0.169751 	0.226646 	0.155276 	0.125829 	 0.013885 
0.186258 	0.221795 	0.152345 	0.122496 	 0.012952 
0.174852 	0.228236 	0.156822 	0.124657 	 0.013772 
0.173547 	0.224681 	0.154184 	0.123725 	 0.013494 
0.178947 	0.223562 	0.153505 	0.123305 	 0.013063 
0.194075 	0.209277 	0.144299 	0.114344 	 0.012504 
0.185737 	0.219802 	0.150919 	0.121122 	 0.013076 
0.169663 	0.233218 	0.160098 	0.130067 	 0.014321 
0.183284 	0.219762 	0.151015 	0.120681 	 0.013275 
0.168228 	0.222754 	0.153322 	0.121064 	 0.013633 
0.179987 	0.226209 	0.155563 	0.123064 	 0.012841 
0.184488 	0.216353 	0.148924 	0.117381 	 0.011948 
0.171322 	0.231829 	0.158940 	0.128020 	 0.013506 
0.161153 	0.234768 	0.161351 	0.129193 	 0.014595 
0.178435 	0.233467 	0.160815 	0.126534 	 0.014007 
0.178340 	0.229806 	0.157918 	0.126229 	 0.013202 
0.173867 	0.225330 	0.155144 	0.124216 	 0.014312 
0.179814 	0.222189 	0.152540 	0.123765 	 0.012674 
0.168082 	0.231692 	0.158990 	0.129660 	 0.014063 
0.181173 	0.226011 	0.155681 	0.124154 	 0.013457 
0.171264 	0.229596 	0.157889 	0.127110 	 0.013825 
0.178404 	0.229962 	0.158285 	0.127536 	 0.014227 
0.182800 	0.226872 	0.156784 	0.122433 	 0.013576 
0.175473 	0.230465 	0.158897 	0.124991 	 0.013801 
0.164781 	0.239171 	0.164450 	0.133420 	 0.014918 
0.174724 	0.222391 	0.153782 	0.116873 	 0.013234 
0.168585 	0.232603 	0.160008 	0.126708 	 0.013834 
0.171218 	0.229999 	0.158503 	0.124948 	 0.013896 
0.170030 	0.234727 	0.161756 	0.127735 	 0.014416 
0.183349 	0.218597 	0.151420 	0.116314 	 0.013037 
0.166243 	0.234123 	0.161534 	0.128289 	 0.014939 
0.166555 	0.235291 	0.162266 	0.126148 	 0.013628 
0.171065 	0.234399 	0.161756 	0.124738 	 0.013458 
0.159032 	0.239033 	0.164827 	0.128376 	 0.014342 
0.163511 	0.240608 	0.165754 	0.131546 	 0.015081 
0.171898 	0.234428 	0.161797 	0.127116 	 0.014061 
0.175776 	0.232901 	0.161009 	0.124346 	 0.013567 
0.158560 	0.234745 	0.162131 	0.124719 	 0.014240 
0.180736 	0.238083 	0.164711 	0.126608 	 0.013328 
0.167231 	0.237824 	0.163832 	0.130136 	 0.013562 
0.174954 	0.229315 	0.158966 	0.121147 	 0.013146 
0.166663 	0.226749 	0.156918 	0.121603 	 0.013758 
0.158220 	0.242127 	0.167325 	0.129729 	 0.014690 
0.162242 	0.245545 	0.169162 	0.132522 	 0.014032 
0.172272 	0.227211 	0.157610 	0.119465 	 0.012938 
0.188056 	0.216563 	0.151290 	0.110367 	 0.012422 
0.168351 	0.233804 	0.162157 	0.122064 	 0.013526 
0.165188 	0.244652 	0.169036 	0.130169 	 0.014099 
0.153137 	0.242781 	0.167571 	0.131203 	 0.014443 
0.156882 	0.245419 	0.169767 	0.130386 	 0.014531 
0.166437 	0.238244 	0.165013 	0.124171 	 0.014065 
0.148920 	0.248491 	0.171536 	0.133156 	 0.015142 
0.156858 	0.241252 	0.166972 	0.126068 	 0.014169 
0.165871 	0.237548 	0.164686 	0.124036 	 0.013503 
0.172089 	0.231969 	0.161403 	0.119913 	 0.013516 
0.173139 	0.232159 	0.161478 	0.120223 	 0.013545 
0.163440 	0.245332 	0.169858 	0.132004 	 0.014923 
0.172267 	0.233811 	0.162723 	0.118792 	 0.012862 
0.148441 	0.251355 	0.174033 	0.132133 	 0.015274 
0.154640 	0.249399 	0.172917 	0.129668 	 0.014355 
0.165675 	0.226848 	0.158009 	0.115215 	 0.013208 
0.170506 	0.228056 	0.158285 	0.117982 	 0.012392 
0.160264 	0.231406 	0.161230 	0.119944 	 0.013988 
0.162047 	0.241339 	0.167877 	0.125213 	 0.014183 
0.163018 	0.227428 	0.158423 	0.115915 	 0.013109 
0.160958 	0.233428 	0.162067 	0.122585 	 0.013427 
0.153392 	0.242640 	0.167989 	0.129664 	 0.014188 
0.156034 	0.242317 	0.168327 	0.127167 	 0.014256 
0.159063 	0.235486 	0.163805 	0.123978 	 0.014060 
0.156534 	0.234178 	0.163032 	0.120691 	 0.013652 
0.159290 	0.239582 	0.166224 	0.127509 	 0.014142 
0.160741 	0.239681 	0.166963 	0.121646 	 0.013445 
0.154921 	0.242682 	0.168569 	0.126466 	 0.014419 
0.149020 	0.244954 	0.170109 	0.128481 	 0.014729 
0.166027 	0.228163 	0.159578 	0.115919 	 0.013579 
0.138706 	0.258746 	0.178938 	0.137752 	 0.015375 
0.155607 	0.243085 	0.169265 	0.125368 	 0.014460 
0.141093 	0.259824 	0.180097 	0.137294 	 0.015135 
0.149061 	0.244479 	0.170309 	0.124642 	 0.014276 
0.151511 	0.243252 	0.169170 	0.127729 	 0.014495 
0.161002 	0.240427 	0.167841 	0.121483 	 0.014052 
0.149574 	0.248908 	0.173474 	0.127581 	 0.014265 
0.165425 	0.231710 	0.162179 	0.117903 	 0.013514 
0.161028 	0.240583 	0.167832 	0.124283 	 0.014177 
0.159789 	0.232418 	0.162792 	0.116075 	 0.013467 
0.158691 	0.231578 	0.162611 	0.114902 	 0.013578 
0.152442 	0.249771 	0.174052 	0.127406 	 0.013929 
0.154137 	0.247116 	0.172032 	0.129681 	 0.014432 
0.152079 	0.247487 	0.172867 	0.124969 	 0.014081 
0.148951 	0.248794 	0.173654 	0.126729 	 0.014780 
0.136650 	0.260708 	0.181383 	0.132035 	 0.014840 
0.137260 	0.261619 	0.181408 	0.137381 	 0.015344 
0.151496 	0.248879 	0.173663 	0.127917 	 0.015029 
0.156929 	0.235317 	0.165057 	0.117332 	 0.013930 
0.149745 	0.239387 	0.167584 	0.121150 	 0.014470 
0.152921 	0.245187 	0.171314 	0.123986 	 0.014005 
0.142573 	0.258041 	0.180008 	0.131897 	 0.015379 
0.145805 	0.248946 	0.173933 	0.126740 	 0.015012 
0.149793 	0.249358 	0.174916 	0.123886 	 0.015433 
0.137841 	0.254019 	0.177430 	0.127411 	 0.014981 
0.136720 	0.252530 	0.176457 	0.126834 	 0.015371 
0.161197 	0.235005 	0.165353 	0.112520 	 0.012840 
0.135125 	0.265180 	0.184402 	0.137014 	 0.015166 
0.131012 	0.260709 	0.181482 	0.135830 	 0.015747 
0.137399 	0.256758 	0.179375 	0.128696 	 0.015128 
0.150049 	0.244760 	0.171964 	0.118799 	 0.014053 
0.126365 	0.256332 	0.179349 	0.127034 	 0.015838 
0.140503 	0.253939 	0.177759 	0.123499 	 0.014082 
0.140320 	0.255323 	0.178951 	0.126438 	 0.015422 
0.137318 	0.255085 	0.178726 	0.126923 	 0.015037 
0.140175 	0.261204 	0.182676 	0.129934 	 0.015055 
0.134395 	0.250760 	0.176198 	0.123297 	 0.015466 
0.147291 	0.256620 	0.179939 	0.127951 	 0.014998 
0.137306 	0.258150 	0.180977 	0.129050 	 0.016025 
0.149327 	0.242786 	0.170943 	0.118813 	 0.014414 
0.150024 	0.243001 	0.171044 	0.118148 	 0.014179 
0.145685 	0.246049 	0.173287 	0.118903 	 0.014490 
0.132601 	0.264544 	0.184956 	0.133521 	 0.015524 
0.133180 	0.264442 	0.185232 	0.130517 	 0.015223 
0.135498 	0.261621 	0.183288 	0.130111 	 0.015798 
0.136044 	0.267466 	0.187058 	0.135930 	 0.015734 
0.144080 	0.256363 	0.180133 	0.126119 	 0.015188 
0.136405 	0.256844 	0.180669 	0.124229 	 0.014893 
0.128293 	0.260556 	0.182996 	0.128415 	 0.015582 
0.137316 	0.261599 	0.183617 	0.130169 	 0.015530 
0.123293 	0.269749 	0.189283 	0.135221 	 0.016871 
0.141497 	0.259325 	0.182316 	0.128266 	 0.015763 
0.129890 	0.266639 	0.186821 	0.134199 	 0.016385 
0.143857 	0.253833 	0.178812 	0.122600 	 0.014983 
0.139857 	0.264008 	0.185016 	0.133891 	 0.015407 
0.135889 	0.269843 	0.189182 	0.136278 	 0.016194 
0.135757 	0.263158 	0.185129 	0.127937 	 0.015607 
0.120971 	0.273923 	0.191966 	0.137366 	 0.016671 
0.145691 	0.250415 	0.177246 	0.119197 	 0.015094 
0.148577 	0.250831 	0.177570 	0.117298 	 0.014607 
0.142507 	0.257442 	0.181544 	0.124911 	 0.015255 
0.129436 	0.270227 	0.189762 	0.135538 	 0.016035 
0.128288 	0.276851 	0.194127 	0.138539 	 0.016582 
0.132845 	0.261599 	0.184572 	0.126817 	 0.015981 
0.109996 	0.282859 	0.197888 	0.144262 	 0.017548 
0.145204 	0.260335 	0.183449 	0.125931 	 0.014165 
0.142119 	0.254586 	0.180123 	0.120896 	 0.014457 
0.154031 	0.233512 	0.166723 	0.105516 	 0.013888 
0.132386 	0.261785 	0.184849 	0.126508 	 0.015522 
0.122124 	0.274171 	0.193051 	0.132159 	 0.015929 
0.134775 	0.269627 	0.189827 	0.131883 	 0.015067 
0.128461 	0.265741 	0.187765 	0.126520 	 0.015705 
0.139316 	0.266193 	0.187966 	0.129042 	 0.015574 
0.122448 	0.269075 	0.190236 	0.127773 	 0.015855 
0.130306 	0.267252 	0.188974 	0.127341 	 0.016170 
0.126449 	0.268926 	0.190037 	0.131167 	 0.016618 
0.126200 	0.267466 	0.189234 	0.127008 	 0.015942 
0.132806 	0.268030 	0.189558 	0.128533 	 0.016194 
0.129525 	0.270379 	0.191111 	0.128828 	 0.015929 
0.143192 	0.257455 	0.182526 	0.122750 	 0.015083 
0.134282 	0.265059 	0.187760 	0.124132 	 0.015407 
0.128909 	0.261386 	0.185488 	0.120394 	 0.015014 
0.127760 	0.270579 	0.191414 	0.129889 	 0.016163 
0.120376 	0.272525 	0.192292 	0.130848 	 0.016322 
0.130513 	0.262351 	0.186159 	0.122187 	 0.015271 
0.130016 	0.262890 	0.186775 	0.122736 	 0.015828 
0.116641 	0.279451 	0.197524 	0.134711 	 0.017260 
0.128738 	0.274217 	0.194473 	0.127978 	 0.015849 
0.129177 	0.272722 	0.193008 	0.128832 	 0.015583 
0.133691 	0.258198 	0.183614 	0.119263 	 0.014888 
0.127884 	0.274547 	0.194173 	0.132560 	 0.016015 
0.145650 	0.252747 	0.179962 	0.115958 	 0.014426 
0.121890 	0.276498 	0.195411 	0.135425 	 0.017160 
0.125707 	0.272212 	0.192796 	0.128131 	 0.015837 
0.113463 	0.286506 	0.202267 	0.137385 	 0.016833 
0.129631 	0.277432 	0.196477 	0.133688 	 0.016807 
0.132151 	0.262460 	0.186703 	0.121520 	 0.015710 
0.123217 	0.274474 	0.194416 	0.131807 	 0.016357 
0.138297 	0.265978 	0.189278 	0.122529 	 0.015300 
0.121652 	0.275547 	0.195484 	0.128888 	 0.016269 
0.125107 	0.271633 	0.192893 	0.127656 	 0.016137 
0.138782 	0.257590 	0.183881 	0.118947 	 0.015277 
0.122117 	0.272782 	0.193739 	0.129314 	 0.016532 
0.130254 	0.264789 	0.188527 	0.121813 	 0.015645 
0.123101 	0.271131 	0.192613 	0.127572 	 0.016197 
0.130372 	0.265767 	0.189684 	0.121454 	 0.015946 
0.123426 	0.271320 	0.192979 	0.127272 	 0.016128 
0.128707 	0.266033 	0.190150 	0.120780 	 0.016068 
0.134377 	0.256280 	0.182915 	0.116960 	 0.015076 
0.140969 	0.258547 	0.184839 	0.119104 	 0.015226 
0.129158 	0.279462 	0.198757 	0.130757 	 0.016581 
0.128606 	0.263984 	0.188768 	0.118576 	 0.015808 
0.115459 	0.279338 	0.198451 	0.133084 	 0.017135 
0.124300 	0.268036 	0.191321 	0.123554 	 0.016138 
0.118818 	0.276528 	0.196519 	0.131850 	 0.016936 
0.123004 	0.271306 	0.192943 	0.128768 	 0.016339 
0.122861 	0.276883 	0.197679 	0.126588 	 0.016969 
0.117269 	0.284502 	0.202559 	0.132268 	 0.017187 
0.121103 	0.277173 	0.197354 	0.127929 	 0.016287 
0.129353 	0.272369 	0.194185 	0.126297 	 0.015747 
0.112744 	0.285713 	0.203266 	0.134177 	 0.017694 
0.104320 	0.286560 	0.203484 	0.135321 	 0.017621 
0.128514 	0.265649 	0.190082 	0.121089 	 0.015918 
0.114254 	0.283044 	0.201691 	0.131205 	 0.016890 
0.124396 	0.276710 	0.197474 	0.126960 	 0.015673 
0.120434 	0.286125 	0.203582 	0.134267 	 0.016932 
0.119278 	0.281456 	0.200988 	0.128966 	 0.017082 
0.117337 	0.274011 	0.195525 	0.126353 	 0.016267 
0.125894 	0.275291 	0.196788 	0.125153 	 0.016205 
0.114614 	0.281329 	0.200546 	0.132801 	 0.017581 
0.129264 	0.270091 	0.193625 	0.122085 	 0.016396 
0.107006 	0.277826 	0.198776 	0.126304 	 0.017423 
0.120008 	0.277770 	0.198651 	0.127701 	 0.017106 
0.115833 	0.270512 	0.194083 	0.121671 	 0.016800 
0.114111 	0.273020 	0.194951 	0.125601 	 0.016204 
0.113545 	0.263462 	0.189473 	0.115007 	 0.016023 
0.120601 	0.271507 	0.194038 	0.126916 	 0.016212 
0.131596 	0.256728 	0.185226 	0.113499 	 0.015896 
0.110737 	0.263827 	0.188885 	0.119502 	 0.015905 
0.120486 	0.272350 	0.195015 	0.121384 	 0.015912 
0.127209 	0.257475 	0.185021 	0.117004 	 0.015209 
0.115146 	0.273577 	0.196397 	0.124573 	 0.017249 
0.129669 	0.262140 	0.188654 	0.115521 	 0.015349 
0.114758 	0.279191 	0.200184 	0.126566 	 0.017089 
0.123738 	0.265353 	0.190782 	0.119017 	 0.016144 
0.122557 	0.266752 	0.191836 	0.118243 	 0.015802 
0.110098 	0.275118 	0.197698 	0.121838 	 0.016913 
0.115987 	0.269002 	0.193111 	0.121888 	 0.016475 
0.131684 	0.256584 	0.185615 	0.111397 	 0.015864 
0.120638 	0.265757 	0.191248 	0.118106 	 0.015675 
0.129058 	0.267827 	0.192874 	0.119387 	 0.016061 
0.124582 	0.253982 	0.184483 	0.106030 	 0.015941 
0.133061 	0.260453 	0.187996 	0.113427 	 0.015199 
0.115308 	0.279998 	0.200561 	0.129996 	 0.016962 
0.111868 	0.288227 	0.206420 	0.133019 	 0.017472 
0.118513 	0.274886 	0.197662 	0.124418 	 0.016879 
0.130915 	0.270147 	0.194941 	0.120707 	 0.016140 
0.118376 	0.276830 	0.198630 	0.126300 	 0.016760 
0.114884 	0.274500 	0.197479 	0.123348 	 0.017169 
0.106747 	0.277027 	0.199559 	0.124083 	 0.018052 
0.110804 	0.283468 	0.203289 	0.130369 	 0.017922 
0.110832 	0.275363 	0.198412 	0.119847 	 0.016711 
0.119990 	0.267060 	0.193624 	0.113608 	 0.016492 
0.439770 	-0.000906 	0.000922 	-0.003795 	 0.000065 
0.442227 	0.003828 	0.003767 	0.002405 	 0.000891 
0.448818 	0.012988 	0.009422 	0.014495 	 0.001161 
0.448015 	0.009750 	0.007307 	0.013386 	 0.001737 
0.441859 	0.028182 	0.018837 	0.028089 	 0.002123 
0.445010 	0.023451 	0.016386 	0.022596 	 0.002117 
0.426934 	0.035950 	0.024332 	0.031830 	 0.003152 
0.436718 	0.025256 	0.017270 	0.026765 	 0.002514 
0.432791 	0.035124 	0.024024 	0.030059 	 0.003219 
0.429546 	0.025749 	0.017160 	0.029080 	 0.003049 
0.421937 	0.031513 	0.021744 	0.028544 	 0.004034 
0.423663 	0.035540 	0.023750 	0.035314 	 0.003652 
0.437876 	0.029929 	0.020434 	0.026856 	 0.002094 
0.449491 	0.012149 	0.008560 	0.017300 	 0.002321 
0.431008 	0.037479 	0.025299 	0.031253 	 0.002874 
0.415920 	0.048074 	0.031483 	0.043412 	 0.004100 
0.407740 	0.049050 	0.032702 	0.041779 	 0.004343 
0.420371 	0.035303 	0.023636 	0.031781 	 0.003422 
0.401881 	0.049622 	0.032605 	0.043637 	 0.004634 
0.409487 	0.044993 	0.030212 	0.038783 	 0.005022 
0.397921 	0.055945 	0.036426 	0.048701 	 0.005060 
0.395821 	0.054361 	0.035706 	0.049548 	 0.005505 
0.408278 	0.051034 	0.033968 	0.042277 	 0.005218 
0.395956 	0.053101 	0.034731 	0.045718 	 0.005461 
0.389909 	0.054879 	0.035976 	0.049241 	 0.005828 
0.394234 	0.058854 	0.039100 	0.048355 	 0.005760 
0.398476 	0.054104 	0.035725 	0.046452 	 0.005383 
0.388245 	0.048654 	0.032257 	0.043886 	 0.005766 
0.400417 	0.049425 	0.033094 	0.041051 	 0.005151 
0.379751 	0.069157 	0.045293 	0.057958 	 0.007326 
0.392532 	0.056377 	0.037184 	0.049921 	 0.006075 
0.386423 	0.061346 	0.039797 	0.055115 	 0.005997 
0.383751 	0.060630 	0.040246 	0.049656 	 0.006973 
0.397998 	0.053017 	0.035221 	0.044499 	 0.005357 
0.379230 	0.065215 	0.043101 	0.053818 	 0.007178 
0.381539 	0.062669 	0.041479 	0.051179 	 0.006071 
0.384292 	0.058102 	0.038307 	0.049731 	 0.006484 
0.385902 	0.056079 	0.036737 	0.050757 	 0.006368 
0.388404 	0.052541 	0.034536 	0.047526 	 0.006162 
0.372071 	0.062719 	0.041352 	0.052796 	 0.007197 
0.365032 	0.075705 	0.050095 	0.061504 	 0.007814 
0.366969 	0.070091 	0.045847 	0.059848 	 0.006973 
0.376727 	0.062487 	0.041000 	0.051760 	 0.006128 
0.371694 	0.073206 	0.048370 	0.058658 	 0.006989 
0.371822 	0.058230 	0.038332 	0.049623 	 0.006665 
0.375638 	0.065019 	0.043093 	0.054489 	 0.007244 
0.362623 	0.071312 	0.046401 	0.060572 	 0.006975 
0.375463 	0.061235 	0.040600 	0.052985 	 0.007065 
0.369953 	0.064353 	0.042488 	0.053704 	 0.007125 
0.359022 	0.070780 	0.046473 	0.059974 	 0.007957 
0.372492 	0.069206 	0.045666 	0.057445 	 0.006771 
0.370782 	0.059166 	0.039367 	0.047571 	 0.006405 
0.374378 	0.067696 	0.044497 	0.056513 	 0.006923 
0.377324 	0.063275 	0.041619 	0.054019 	 0.006410 
0.358031 	0.080000 	0.052690 	0.066014 	 0.008897 
0.363724 	0.071803 	0.047410 	0.060592 	 0.007991 
0.362517 	0.067706 	0.044376 	0.059484 	 0.007190 
0.347682 	0.085062 	0.055683 	0.069287 	 0.007994 
0.356122 	0.076369 	0.049994 	0.064437 	 0.007968 
0.352256 	0.078130 	0.052225 	0.060693 	 0.008496 
0.360144 	0.067519 	0.044731 	0.056736 	 0.007755 
0.362187 	0.061788 	0.041361 	0.049578 	 0.007485 
0.350384 	0.069713 	0.046307 	0.056112 	 0.008026 
0.343180 	0.075733 	0.050110 	0.061595 	 0.008842 
0.366132 	0.063790 	0.042158 	0.053673 	 0.006854 
0.350728 	0.073746 	0.048533 	0.061446 	 0.007909 
0.347798 	0.077902 	0.051408 	0.062719 	 0.008154 
0.359931 	0.072589 	0.048294 	0.059753 	 0.008661 
0.342235 	0.080154 	0.052490 	0.066437 	 0.008806 
0.335915 	0.084356 	0.055250 	0.069758 	 0.009440 
0.336277 	0.077756 	0.051026 	0.064064 	 0.008516 
0.336997 	0.086811 	0.057404 	0.068470 	 0.009198 
0.336864 	0.079904 	0.052844 	0.064780 	 0.008977 
0.341565 	0.084597 	0.055888 	0.069581 	 0.009541 
0.333753 	0.078523 	0.051855 	0.063940 	 0.008927 
0.347096 	0.066923 	0.044294 	0.056164 	 0.007745 
0.334448 	0.091949 	0.060961 	0.071313 	 0.009433 
0.333648 	0.090657 	0.059773 	0.069613 	 0.008355 
0.333735 	0.090398 	0.059613 	0.071950 	 0.009538 
0.347463 	0.075156 	0.050096 	0.059816 	 0.008189 
0.325720 	0.091719 	0.060149 	0.073293 	 0.009205 
0.330490 	0.085470 	0.056791 	0.066691 	 0.009212 
0.326168 	0.088327 	0.057813 	0.072031 	 0.009381 
0.338739 	0.084401 	0.056038 	0.065040 	 0.008405 
0.322763 	0.099543 	0.065599 	0.077973 	 0.009902 
0.321293 	0.092884 	0.061368 	0.072260 	 0.009692 
0.333061 	0.085777 	0.056964 	0.066120 	 0.008970 
0.334766 	0.076129 	0.050291 	0.060607 	 0.008381 
0.320596 	0.090469 	0.060040 	0.067729 	 0.009163 
0.324466 	0.092845 	0.061645 	0.070178 	 0.009524 
0.333505 	0.086848 	0.057405 	0.070175 	 0.009314 
0.317849 	0.095392 	0.063067 	0.072837 	 0.009679 
0.317673 	0.094407 	0.062282 	0.072241 	 0.009762 
0.325664 	0.085911 	0.057070 	0.066633 	 0.009259 
0.325997 	0.086418 	0.057284 	0.067874 	 0.009114 
0.315216 	0.099640 	0.066098 	0.074920 	 0.009817 
0.331068 	0.085981 	0.057388 	0.066461 	 0.009496 
0.314673 	0.090850 	0.060137 	0.071226 	 0.010030 
0.327891 	0.085639 	0.057078 	0.065600 	 0.008957 
0.326401 	0.093169 	0.061970 	0.070538 	 0.009115 
0.315199 	0.095572 	0.063426 	0.073749 	 0.009820 
0.321453 	0.091388 	0.060638 	0.070690 	 0.009139 
0.319265 	0.090532 	0.060418 	0.067403 	 0.009189 
0.318613 	0.084761 	0.056505 	0.065139 	 0.009435 
0.327347 	0.082888 	0.055300 	0.064377 	 0.008818 
0.304611 	0.099122 	0.065682 	0.075682 	 0.010278 
0.309739 	0.104124 	0.069544 	0.076410 	 0.010619 
0.302262 	0.105845 	0.069932 	0.080245 	 0.010586 
0.314053 	0.097872 	0.064671 	0.076406 	 0.010006 
0.309482 	0.092005 	0.060642 	0.071202 	 0.009431 
0.321157 	0.088571 	0.058929 	0.067468 	 0.008990 
0.290691 	0.107975 	0.071574 	0.080597 	 0.010994 
0.307876 	0.095280 	0.063998 	0.069291 	 0.010210 
0.308625 	0.100662 	0.066986 	0.074075 	 0.010018 
0.295986 	0.111668 	0.074017 	0.083457 	 0.011418 
0.311708 	0.101957 	0.067864 	0.077180 	 0.009981 
0.310686 	0.098998 	0.066105 	0.073970 	 0.010652 
0.316488 	0.096286 	0.064388 	0.070936 	 0.009945 
0.311843 	0.092917 	0.062573 	0.067546 	 0.010376 
0.309695 	0.099606 	0.066229 	0.075807 	 0.010692 
0.303326 	0.097729 	0.065228 	0.073024 	 0.010580 
0.301362 	0.098388 	0.065406 	0.073691 	 0.010426 
0.289122 	0.114373 	0.075662 	0.086951 	 0.011820 
0.307858 	0.103331 	0.068710 	0.076810 	 0.010244 
0.305870 	0.105615 	0.070629 	0.076988 	 0.010561 
0.283881 	0.114249 	0.075684 	0.084268 	 0.011641 
0.291999 	0.114713 	0.076176 	0.087240 	 0.011941 
0.293615 	0.107086 	0.071097 	0.080481 	 0.011021 
0.291661 	0.105691 	0.070582 	0.076758 	 0.010615 
0.289277 	0.117482 	0.078294 	0.084436 	 0.011438 
0.300343 	0.100283 	0.066646 	0.076493 	 0.010238 
0.287954 	0.113284 	0.075506 	0.081967 	 0.011231 
0.283697 	0.111800 	0.074403 	0.082032 	 0.011401 
0.300161 	0.099927 	0.066970 	0.074685 	 0.010857 
0.287218 	0.116685 	0.077627 	0.085998 	 0.012208 
0.283531 	0.113332 	0.075441 	0.082693 	 0.011417 
0.283992 	0.113307 	0.075185 	0.085165 	 0.012174 
0.289473 	0.104607 	0.070018 	0.077681 	 0.011614 
0.294629 	0.103879 	0.069429 	0.074700 	 0.010406 
0.283527 	0.109026 	0.072760 	0.078456 	 0.011012 
0.292709 	0.107339 	0.071800 	0.077597 	 0.011046 
0.300766 	0.102011 	0.068619 	0.073192 	 0.010388 
0.270877 	0.121249 	0.080790 	0.088207 	 0.012652 
0.281665 	0.105371 	0.070361 	0.076646 	 0.011166 
0.263748 	0.126629 	0.084403 	0.090104 	 0.013159 
0.272634 	0.120937 	0.080908 	0.084821 	 0.012646 
0.268753 	0.121190 	0.080790 	0.085519 	 0.011766 
0.289702 	0.113747 	0.076165 	0.081237 	 0.011616 
0.292316 	0.106024 	0.071181 	0.074305 	 0.010441 
0.282497 	0.108340 	0.072730 	0.078164 	 0.011929 
0.282409 	0.108046 	0.072210 	0.077601 	 0.011667 
0.282141 	0.110485 	0.073973 	0.078970 	 0.011805 
0.276476 	0.124127 	0.082994 	0.089291 	 0.012773 
0.286505 	0.117240 	0.078889 	0.080631 	 0.011763 
0.272104 	0.114883 	0.076882 	0.082003 	 0.012361 
0.279516 	0.114785 	0.076478 	0.084916 	 0.011633 
0.277909 	0.112128 	0.074867 	0.081205 	 0.011397 
0.278757 	0.113293 	0.075850 	0.081621 	 0.011787 
0.282154 	0.113855 	0.076823 	0.079011 	 0.012135 
0.270314 	0.121126 	0.080763 	0.088203 	 0.012059 
0.283399 	0.114463 	0.077250 	0.078568 	 0.011489 
0.283628 	0.106252 	0.071619 	0.074910 	 0.011063 
0.278848 	0.110363 	0.073973 	0.079481 	 0.011596 
0.278809 	0.111869 	0.075194 	0.080606 	 0.012121 
0.284062 	0.102196 	0.068852 	0.071157 	 0.010884 
0.281403 	0.103507 	0.069239 	0.076639 	 0.011262 
0.266600 	0.119530 	0.080230 	0.084356 	 0.012240 
0.278741 	0.111581 	0.075238 	0.076606 	 0.011844 
0.285620 	0.104148 	0.070524 	0.070914 	 0.010674 
0.277120 	0.114344 	0.077299 	0.076251 	 0.011164 
0.283328 	0.108320 	0.073131 	0.074466 	 0.011228 
0.285588 	0.104999 	0.070747 	0.074506 	 0.011166 
0.279067 	0.113879 	0.076843 	0.078865 	 0.011535 
0.277348 	0.112157 	0.075521 	0.078027 	 0.011611 
0.273611 	0.107802 	0.073026 	0.073316 	 0.011908 
0.265740 	0.116450 	0.078464 	0.079630 	 0.012099 
0.266073 	0.123142 	0.082699 	0.084717 	 0.011958 
0.263945 	0.129643 	0.086930 	0.088881 	 0.012432 
0.280525 	0.112407 	0.075811 	0.077489 	 0.011316 
0.260844 	0.131533 	0.088164 	0.091348 	 0.012970 
0.269957 	0.108645 	0.073489 	0.073725 	 0.011359 
0.267198 	0.125227 	0.084238 	0.087412 	 0.012585 
0.272631 	0.120500 	0.080871 	0.083665 	 0.011615 
0.265651 	0.121321 	0.081693 	0.082343 	 0.011654 
0.268666 	0.115321 	0.077889 	0.077840 	 0.011450 
0.270137 	0.121698 	0.082469 	0.080712 	 0.011862 
0.268145 	0.120443 	0.081448 	0.081290 	 0.012095 
0.270421 	0.116040 	0.078764 	0.076571 	 0.011895 
0.254320 	0.134648 	0.090479 	0.092254 	 0.013069 
0.273998 	0.112261 	0.075605 	0.078103 	 0.011016 
0.249718 	0.136089 	0.091508 	0.091458 	 0.012757 
0.262176 	0.124654 	0.083981 	0.085366 	 0.012041 
0.259440 	0.128524 	0.086800 	0.085629 	 0.012057 
0.251924 	0.133512 	0.089963 	0.091651 	 0.013343 
0.262748 	0.126717 	0.085552 	0.085690 	 0.012079 
0.257843 	0.121589 	0.081862 	0.083602 	 0.012478 
0.256220 	0.118758 	0.080482 	0.080601 	 0.012465 
0.259343 	0.117235 	0.079582 	0.078106 	 0.012056 
0.249502 	0.127642 	0.086097 	0.085288 	 0.012594 
0.256593 	0.122173 	0.082551 	0.081292 	 0.011951 
0.254951 	0.126136 	0.085259 	0.088402 	 0.013165 
0.258227 	0.123522 	0.083828 	0.080781 	 0.011787 
0.249907 	0.129074 	0.087472 	0.086086 	 0.012995 
0.244038 	0.136004 	0.091224 	0.095258 	 0.013319 
0.249876 	0.133924 	0.091074 	0.084746 	 0.012481 
0.250331 	0.129045 	0.087254 	0.084721 	 0.012405 
0.241595 	0.133470 	0.090463 	0.087726 	 0.013733 
0.243644 	0.132844 	0.089641 	0.088811 	 0.012753 
0.226768 	0.145307 	0.097696 	0.097473 	 0.013853 
0.239909 	0.132901 	0.089926 	0.086371 	 0.012604 
0.237794 	0.138676 	0.094114 	0.090652 	 0.013830 
0.239484 	0.139779 	0.094610 	0.092186 	 0.013168 
0.242234 	0.131719 	0.089189 	0.088713 	 0.013193 
0.232516 	0.145081 	0.097763 	0.098313 	 0.014380 
0.242953 	0.127743 	0.086746 	0.083315 	 0.012981 
0.244127 	0.130456 	0.088576 	0.085004 	 0.013240 
0.233315 	0.135901 	0.092045 	0.088351 	 0.013241 
0.228213 	0.134347 	0.090795 	0.087152 	 0.013081 
0.243600 	0.126016 	0.086069 	0.079742 	 0.012591 
0.242499 	0.137596 	0.093462 	0.087732 	 0.012800 
0.235652 	0.133883 	0.091492 	0.085150 	 0.013345 
0.229123 	0.133098 	0.090114 	0.087771 	 0.013348 
0.233111 	0.141327 	0.095675 	0.091821 	 0.013017 
0.238445 	0.135185 	0.092081 	0.085940 	 0.012992 
0.221515 	0.145965 	0.098736 	0.095184 	 0.014255 
0.234216 	0.127363 	0.086927 	0.081680 	 0.012953 
0.213408 	0.146660 	0.099651 	0.092875 	 0.014338 
0.215497 	0.144957 	0.098154 	0.093131 	 0.013798 
0.219332 	0.148512 	0.100709 	0.094853 	 0.013856 
0.225157 	0.140574 	0.095634 	0.089580 	 0.013437 
0.218384 	0.143843 	0.097630 	0.092182 	 0.013370 
0.217832 	0.150732 	0.102372 	0.097701 	 0.014474 
0.216717 	0.153342 	0.103908 	0.100618 	 0.014929 
0.215661 	0.155345 	0.105168 	0.101910 	 0.014552 
0.209535 	0.153011 	0.103558 	0.099337 	 0.014770 
0.210356 	0.146603 	0.099781 	0.093082 	 0.014799 
0.217562 	0.142415 	0.096242 	0.095517 	 0.013758 
0.209179 	0.148541 	0.100983 	0.094962 	 0.014511 
0.208098 	0.149648 	0.101740 	0.095616 	 0.014727 
0.215102 	0.147609 	0.100439 	0.093500 	 0.014319 
0.211615 	0.149746 	0.102031 	0.093602 	 0.014076 
0.213639 	0.145746 	0.099605 	0.090940 	 0.014200 
0.191779 	0.156805 	0.106715 	0.097624 	 0.015431 
0.195007 	0.153292 	0.104174 	0.096358 	 0.015041 
0.197404 	0.163195 	0.110450 	0.105144 	 0.015769 
0.214701 	0.140428 	0.095942 	0.087062 	 0.013672 
0.212614 	0.148710 	0.101476 	0.091583 	 0.013744 
0.187907 	0.165989 	0.111980 	0.108222 	 0.015176 
0.190067 	0.161044 	0.109689 	0.100232 	 0.015770 
0.196480 	0.159314 	0.108242 	0.099125 	 0.014107 
0.191736 	0.162324 	0.109892 	0.102625 	 0.015082 
0.215368 	0.145591 	0.099681 	0.091763 	 0.014606 
0.197509 	0.154686 	0.105677 	0.094727 	 0.014743 
0.201850 	0.146256 	0.100062 	0.089858 	 0.013989 
0.200496 	0.155887 	0.106460 	0.095701 	 0.014957 
0.191168 	0.160300 	0.108764 	0.100257 	 0.014542 
0.188632 	0.165652 	0.112951 	0.102309 	 0.015225 
0.188081 	0.153485 	0.104732 	0.095817 	 0.015194 
0.195062 	0.161495 	0.110425 	0.098178 	 0.014940 
0.208310 	0.150437 	0.103388 	0.089910 	 0.013831 
0.181893 	0.175376 	0.118777 	0.109879 	 0.016132 
0.181986 	0.165494 	0.112976 	0.100315 	 0.015867 
0.182717 	0.164725 	0.111879 	0.104670 	 0.015727 
0.179828 	0.170988 	0.116908 	0.104300 	 0.016449 
0.184568 	0.167455 	0.113884 	0.105481 	 0.015699 
0.182875 	0.158848 	0.108399 	0.098556 	 0.015501 
0.184810 	0.166952 	0.113625 	0.102496 	 0.015506 
0.185481 	0.162828 	0.110599 	0.101474 	 0.014827 
0.176834 	0.169619 	0.115534 	0.105231 	 0.016562 
0.179890 	0.164696 	0.112337 	0.097928 	 0.014904 
0.182525 	0.163008 	0.111071 	0.097419 	 0.014919 
0.187389 	0.166989 	0.113862 	0.102698 	 0.015363 
0.188199 	0.155242 	0.106238 	0.093223 	 0.015182 
0.194734 	0.152037 	0.104310 	0.091440 	 0.014077 
0.167844 	0.169851 	0.115587 	0.104402 	 0.015935 
0.185422 	0.155545 	0.106913 	0.093421 	 0.015397 
0.172652 	0.172166 	0.116904 	0.107991 	 0.016052 
0.177948 	0.174851 	0.119251 	0.107463 	 0.016305 
0.184595 	0.159862 	0.109386 	0.096177 	 0.015124 
0.190839 	0.166311 	0.113933 	0.099276 	 0.015103 
0.178973 	0.169641 	0.116026 	0.102918 	 0.015887 
0.179330 	0.167287 	0.114004 	0.102027 	 0.014837 
0.181651 	0.170261 	0.116290 	0.103522 	 0.015602 
0.170445 	0.174359 	0.119267 	0.103739 	 0.016220 
0.171084 	0.183268 	0.124649 	0.112986 	 0.016438 
0.182102 	0.160689 	0.110071 	0.096580 	 0.015163 
0.189453 	0.157987 	0.108687 	0.092263 	 0.014166 
0.168775 	0.175206 	0.119837 	0.105734 	 0.016631 
0.182066 	0.163043 	0.111793 	0.098725 	 0.015306 
0.178094 	0.171516 	0.117751 	0.102755 	 0.016304 
0.174358 	0.165264 	0.113118 	0.098327 	 0.015711 
0.180994 	0.150125 	0.103209 	0.090011 	 0.014599 
0.154587 	0.185906 	0.126577 	0.114730 	 0.017925 
0.185731 	0.163406 	0.112406 	0.098257 	 0.015085 
0.173273 	0.166567 	0.114463 	0.098181 	 0.015980 
0.160329 	0.187103 	0.127435 	0.114848 	 0.016847 
0.177856 	0.161998 	0.111648 	0.093449 	 0.015079 
0.166557 	0.182248 	0.124426 	0.111575 	 0.016480 
0.181491 	0.169685 	0.116126 	0.102539 	 0.015558 
0.173114 	0.175173 	0.120341 	0.103208 	 0.015892 
0.184672 	0.160006 	0.110386 	0.092895 	 0.014693 
0.177886 	0.166513 	0.114657 	0.099808 	 0.016109 
0.171180 	0.175867 	0.120907 	0.103528 	 0.016130 
0.186089 	0.167858 	0.115491 	0.099801 	 0.015122 
0.170393 	0.176894 	0.121250 	0.105034 	 0.015746 
0.197284 	0.150620 	0.104598 	0.087812 	 0.014297 
0.181883 	0.169068 	0.116574 	0.098929 	 0.015380 
0.182872 	0.167679 	0.115982 	0.096888 	 0.015362 
0.165932 	0.181419 	0.124352 	0.108921 	 0.016514 
0.180558 	0.169686 	0.117078 	0.098697 	 0.015362 
0.170959 	0.163033 	0.112432 	0.095510 	 0.015199 
0.178776 	0.165023 	0.113486 	0.099033 	 0.015604 
0.168023 	0.177137 	0.121676 	0.104253 	 0.015799 
0.181575 	0.160922 	0.111364 	0.092403 	 0.014637 
0.165264 	0.185583 	0.127478 	0.107501 	 0.016106 
0.172280 	0.172559 	0.119194 	0.099125 	 0.015968 
0.165109 	0.176969 	0.121750 	0.104036 	 0.016424 
0.169113 	0.167522 	0.115296 	0.097566 	 0.014915 
0.166397 	0.172725 	0.118437 	0.100417 	 0.015133 
0.174527 	0.172835 	0.119706 	0.097824 	 0.015749 
0.176097 	0.166416 	0.114677 	0.098714 	 0.014971 
0.182558 	0.159128 	0.110250 	0.092789 	 0.014946 
0.167136 	0.166277 	0.114860 	0.096707 	 0.015175 
0.174159 	0.160621 	0.111205 	0.091884 	 0.014815 
0.176237 	0.173029 	0.119966 	0.097042 	 0.015357 
0.177591 	0.167982 	0.116901 	0.093939 	 0.015527 
0.171890 	0.162028 	0.112503 	0.092445 	 0.015366 
0.163118 	0.181836 	0.125491 	0.103827 	 0.015527 
0.163500 	0.176664 	0.122024 	0.102257 	 0.016410 
0.168745 	0.175061 	0.121145 	0.100489 	 0.015861 
0.177088 	0.169008 	0.117438 	0.096535 	 0.015654 
0.174922 	0.170508 	0.118312 	0.097183 	 0.015616 
0.157603 	0.178274 	0.123081 	0.103029 	 0.016508 
0.162729 	0.181195 	0.125050 	0.104638 	 0.016229 
0.169510 	0.172803 	0.120283 	0.095732 	 0.015873 
0.189473 	0.164206 	0.114490 	0.092575 	 0.014855 
0.171281 	0.166394 	0.115706 	0.094558 	 0.015187 
0.171164 	0.176103 	0.122215 	0.099140 	 0.016092 
0.170439 	0.171368 	0.119223 	0.095777 	 0.015855 
0.164958 	0.173210 	0.120048 	0.098461 	 0.015829 
0.174549 	0.175390 	0.121668 	0.100151 	 0.015531 
0.170017 	0.169241 	0.117843 	0.093635 	 0.015287 
0.159028 	0.179780 	0.124553 	0.103087 	 0.016187 
0.179071 	0.168752 	0.117502 	0.094506 	 0.014928 
0.175204 	0.169894 	0.118368 	0.095200 	 0.015168 
0.169875 	0.168729 	0.117325 	0.096074 	 0.015670 
0.166590 	0.167304 	0.116487 	0.095356 	 0.015692 
0.166234 	0.161915 	0.113080 	0.088771 	 0.015113 
0.164086 	0.167923 	0.116845 	0.092732 	 0.015107 
0.156418 	0.179693 	0.125074 	0.098584 	 0.016008 
0.174507 	0.165322 	0.115687 	0.090588 	 0.015493 
0.157990 	0.180658 	0.125269 	0.102873 	 0.016289 
0.158845 	0.180787 	0.125779 	0.101275 	 0.016396 
0.154747 	0.174426 	0.121625 	0.096153 	 0.015913 
0.153209 	0.178988 	0.124124 	0.102873 	 0.016599 
0.152944 	0.181921 	0.126353 	0.102906 	 0.016571 
0.153295 	0.179572 	0.124590 	0.103600 	 0.016510 
0.151280 	0.180731 	0.125840 	0.101776 	 0.016755 
0.140561 	0.177885 	0.123864 	0.098195 	 0.016883 
0.150471 	0.187592 	0.130145 	0.106066 	 0.017133 
0.144559 	0.184261 	0.128391 	0.099657 	 0.016492 
0.151257 	0.186638 	0.129542 	0.105373 	 0.016622 
0.148637 	0.182824 	0.126995 	0.104799 	 0.016426 
0.152085 	0.184314 	0.128328 	0.101761 	 0.016618 
0.146183 	0.186031 	0.129240 	0.105004 	 0.016721 
0.142436 	0.192882 	0.133682 	0.107578 	 0.016793 
0.138345 	0.193248 	0.134040 	0.109998 	 0.017261 
0.147472 	0.190542 	0.132687 	0.105615 	 0.017175 
0.175269 	0.172806 	0.121302 	0.091810 	 0.015062 
0.146842 	0.190649 	0.132458 	0.106684 	 0.016813 
0.149451 	0.188363 	0.131310 	0.104547 	 0.016968 
0.148861 	0.182776 	0.127402 	0.100799 	 0.016402 
0.142403 	0.190060 	0.132626 	0.105395 	 0.017346 
0.157679 	0.172438 	0.121092 	0.092187 	 0.015694 
0.140525 	0.188787 	0.131743 	0.102768 	 0.017382 
0.137986 	0.189331 	0.132291 	0.102652 	 0.017214 
0.139217 	0.191831 	0.133783 	0.103770 	 0.017101 
0.144172 	0.186115 	0.129563 	0.103157 	 0.016524 
0.153682 	0.178462 	0.125137 	0.097088 	 0.016160 
0.137654 	0.195106 	0.135689 	0.109647 	 0.017639 
0.143234 	0.181083 	0.126892 	0.098705 	 0.016919 
0.136459 	0.197167 	0.137640 	0.108129 	 0.017761 
0.144759 	0.183922 	0.128556 	0.100553 	 0.016667 
0.143304 	0.180810 	0.125963 	0.101612 	 0.016403 
0.130593 	0.187539 	0.130963 	0.101278 	 0.017164 
0.140693 	0.180550 	0.126836 	0.097111 	 0.017263 
0.138962 	0.184564 	0.129118 	0.099267 	 0.016877 
0.145132 	0.179023 	0.125131 	0.096628 	 0.015678 
0.147524 	0.176616 	0.124368 	0.093262 	 0.016229 
0.133402 	0.184215 	0.129297 	0.097276 	 0.016705 
0.139235 	0.176406 	0.123920 	0.096180 	 0.016921 
0.122783 	0.200898 	0.139974 	0.110055 	 0.018150 
0.142211 	0.185125 	0.129978 	0.099495 	 0.016676 
0.135599 	0.188925 	0.132480 	0.100833 	 0.017496 
0.133723 	0.196317 	0.137057 	0.107635 	 0.016962 
0.131972 	0.189521 	0.132884 	0.101606 	 0.017210 
0.128694 	0.196989 	0.137782 	0.105520 	 0.017503 
0.134950 	0.187944 	0.131869 	0.100306 	 0.016714 
0.144172 	0.179140 	0.126534 	0.091743 	 0.016384 
0.121540 	0.192600 	0.134727 	0.103271 	 0.017333 
0.130210 	0.189416 	0.133294 	0.098973 	 0.017099 
0.120437 	0.193401 	0.135374 	0.106176 	 0.018024 
0.137846 	0.178553 	0.126346 	0.091273 	 0.016659 
0.141894 	0.170121 	0.120759 	0.086232 	 0.015611 
0.133147 	0.192048 	0.134935 	0.102875 	 0.017618 
0.128094 	0.190369 	0.134219 	0.098135 	 0.017594 
0.129006 	0.190735 	0.134301 	0.101794 	 0.017512 
0.131884 	0.185257 	0.130640 	0.096119 	 0.016629 
0.127639 	0.192181 	0.135276 	0.101092 	 0.017370 
0.121272 	0.186679 	0.131460 	0.099907 	 0.017528 
0.123171 	0.194759 	0.136712 	0.103532 	 0.017782 
0.136455 	0.181835 	0.128461 	0.094776 	 0.016580 
0.127701 	0.197106 	0.138797 	0.102498 	 0.017524 
0.129036 	0.186181 	0.131729 	0.094979 	 0.017398 
0.134190 	0.189385 	0.133316 	0.099721 	 0.016834 
0.117536 	0.197445 	0.139374 	0.098894 	 0.017826 
0.119837 	0.195093 	0.137097 	0.103333 	 0.017869 
0.119894 	0.199870 	0.140777 	0.104621 	 0.018086 
0.128895 	0.176083 	0.125266 	0.087261 	 0.016525 
0.117118 	0.194720 	0.137401 	0.100983 	 0.017952 
0.119735 	0.192210 	0.135500 	0.101182 	 0.017289 
0.115255 	0.191239 	0.135168 	0.096885 	 0.017857 
0.110757 	0.202630 	0.142179 	0.108165 	 0.018611 
0.118561 	0.189991 	0.134156 	0.097584 	 0.017331 
0.126835 	0.186526 	0.132192 	0.095843 	 0.017561 
0.113069 	0.195359 	0.138047 	0.099167 	 0.017446 
0.111359 	0.192176 	0.135645 	0.099791 	 0.018015 
0.118189 	0.190813 	0.134732 	0.097748 	 0.017233 
0.111374 	0.204989 	0.144380 	0.106079 	 0.018484 
0.116053 	0.192035 	0.135672 	0.097343 	 0.017115 
0.109614 	0.195356 	0.137565 	0.101629 	 0.017821 
0.123382 	0.193106 	0.136480 	0.098516 	 0.017159 
0.115377 	0.193094 	0.136228 	0.098595 	 0.017214 
0.115865 	0.187960 	0.133239 	0.093714 	 0.017116 
0.118876 	0.192468 	0.136140 	0.100198 	 0.017624 
0.118302 	0.197419 	0.138851 	0.106495 	 0.017633 
0.124065 	0.181912 	0.129633 	0.090807 	 0.016820 
0.114686 	0.197576 	0.139425 	0.100809 	 0.017639 
0.125333 	0.180391 	0.128084 	0.093355 	 0.017428 
0.122188 	0.202567 	0.143257 	0.103908 	 0.017236 
0.105790 	0.209669 	0.147354 	0.110349 	 0.017981 
0.097968 	0.205474 	0.144501 	0.107251 	 0.018724 
0.108477 	0.193431 	0.137280 	0.098658 	 0.018163 
0.128232 	0.183890 	0.131345 	0.088459 	 0.016379 
0.101787 	0.202498 	0.142934 	0.105980 	 0.018298 
0.111113 	0.195009 	0.138677 	0.098966 	 0.018321 
0.102915 	0.201014 	0.141915 	0.103818 	 0.018347 
0.100583 	0.205453 	0.145111 	0.107988 	 0.018872 
0.119727 	0.194040 	0.138153 	0.095722 	 0.017533 
0.098205 	0.196413 	0.139260 	0.100354 	 0.018458 
0.103327 	0.199128 	0.141305 	0.100618 	 0.018145 
0.100992 	0.200817 	0.142083 	0.102323 	 0.017963 
0.108186 	0.196735 	0.139744 	0.098289 	 0.017966 
0.105740 	0.194293 	0.138388 	0.096837 	 0.017738 
0.098134 	0.200846 	0.142330 	0.101711 	 0.018003 
0.105861 	0.206404 	0.146283 	0.105631 	 0.018910 
0.102729 	0.212100 	0.149711 	0.112216 	 0.019211 
0.099050 	0.210268 	0.149058 	0.104754 	 0.018873 
0.106988 	0.199124 	0.141632 	0.099848 	 0.017781 
0.092990 	0.210266 	0.148829 	0.107085 	 0.018860 
0.112502 	0.194860 	0.139184 	0.095780 	 0.017650 
0.080530 	0.211811 	0.149602 	0.111815 	 0.020447 
0.092009 	0.212713 	0.150400 	0.108631 	 0.019186 
0.095169 	0.200424 	0.142348 	0.100232 	 0.018401 
0.115629 	0.187341 	0.134009 	0.092284 	 0.016958 
0.103066 	0.198499 	0.141319 	0.098663 	 0.017887 
0.089006 	0.200790 	0.142496 	0.101413 	 0.018875 
0.092983 	0.199758 	0.141622 	0.103243 	 0.018845 
0.096738 	0.205983 	0.145722 	0.107197 	 0.018614 
0.101134 	0.198129 	0.141040 	0.099647 	 0.018151 
0.094501 	0.207925 	0.147713 	0.102917 	 0.018785 
0.089459 	0.209164 	0.148764 	0.104912 	 0.019138 
0.088643 	0.205532 	0.145946 	0.105092 	 0.019558 
0.103627 	0.197069 	0.140775 	0.099047 	 0.018879 
0.100781 	0.193315 	0.138367 	0.094044 	 0.018556 
0.098495 	0.190102 	0.136122 	0.092931 	 0.017735 
0.086645 	0.214125 	0.151884 	0.107864 	 0.019023 
0.091303 	0.205990 	0.146679 	0.104065 	 0.019133 
0.084733 	0.200786 	0.143562 	0.099007 	 0.019203 
0.103202 	0.188745 	0.135656 	0.091111 	 0.017967 
0.098200 	0.197102 	0.141408 	0.094255 	 0.018190 
0.090394 	0.203835 	0.145275 	0.102615 	 0.018799 
0.100656 	0.198015 	0.142020 	0.095604 	 0.018041 
0.090338 	0.202130 	0.144685 	0.098994 	 0.019154 
0.081765 	0.219255 	0.155240 	0.113464 	 0.019526 
0.092459 	0.202970 	0.144699 	0.103588 	 0.019314 
0.089726 	0.196053 	0.140276 	0.096987 	 0.018499 
0.094208 	0.199785 	0.142922 	0.097496 	 0.018426 
0.100027 	0.204835 	0.145996 	0.105017 	 0.019224 
0.096890 	0.204561 	0.146121 	0.100721 	 0.018514 
0.090617 	0.208645 	0.148988 	0.104840 	 0.019365 
0.101620 	0.203541 	0.146161 	0.099215 	 0.019194 
0.072684 	0.222843 	0.158014 	0.113607 	 0.020074 
0.089682 	0.198814 	0.142783 	0.093943 	 0.018150 
0.097730 	0.200034 	0.143865 	0.096336 	 0.018687 
0.089324 	0.203165 	0.145726 	0.098249 	 0.018700 
0.099386 	0.193773 	0.139580 	0.093850 	 0.018370 
0.084703 	0.201650 	0.145276 	0.096097 	 0.019471 
0.089769 	0.208734 	0.149285 	0.104214 	 0.019920 
0.098447 	0.191343 	0.138129 	0.090341 	 0.018270 
0.076848 	0.215499 	0.153885 	0.107528 	 0.019726 
0.093509 	0.200764 	0.144751 	0.096599 	 0.018991 
0.090063 	0.202140 	0.145188 	0.096537 	 0.018460 
0.093408 	0.187069 	0.135379 	0.087180 	 0.018328 
0.094998 	0.196916 	0.141876 	0.094392 	 0.018345 
0.076660 	0.209185 	0.149855 	0.104316 	 0.019471 
0.106660 	0.186687 	0.135748 	0.085134 	 0.017198 
0.087943 	0.196573 	0.141803 	0.092031 	 0.017732 
0.091399 	0.196500 	0.141972 	0.091331 	 0.018215 
0.089207 	0.194851 	0.140526 	0.091586 	 0.018004 
0.089627 	0.195397 	0.141142 	0.089970 	 0.018037 
0.078670 	0.205470 	0.147914 	0.096855 	 0.018640 
0.088127 	0.198449 	0.143345 	0.092472 	 0.018210 
0.076052 	0.219299 	0.157100 	0.106634 	 0.019606 
0.073419 	0.220981 	0.157835 	0.108473 	 0.019460 
0.091769 	0.198274 	0.143080 	0.094453 	 0.018300 
0.071103 	0.214921 	0.154217 	0.105240 	 0.020162 
0.095625 	0.196147 	0.142194 	0.091266 	 0.018042 
0.089050 	0.192649 	0.139778 	0.088528 	 0.018249 
0.083257 	0.208013 	0.149925 	0.100352 	 0.019546 
0.071339 	0.219203 	0.157200 	0.107196 	 0.020082 
0.077718 	0.213895 	0.153758 	0.102444 	 0.019430 
0.064848 	0.211904 	0.151755 	0.104668 	 0.019805 
0.085883 	0.197033 	0.142143 	0.094896 	 0.018377 
0.065446 	0.210741 	0.152057 	0.099831 	 0.020472 
0.073677 	0.214640 	0.154746 	0.101024 	 0.020347 
0.081401 	0.206095 	0.148444 	0.100211 	 0.019252 
0.066929 	0.220006 	0.157899 	0.107058 	 0.020673 
0.073042 	0.209801 	0.151309 	0.099697 	 0.019757 
0.084342 	0.205960 	0.148781 	0.097759 	 0.019667 
0.081743 	0.201134 	0.145930 	0.092787 	 0.018984 
0.080732 	0.205962 	0.148956 	0.097730 	 0.019160 
0.078612 	0.204472 	0.147992 	0.096566 	 0.019376 
0.071866 	0.207853 	0.149818 	0.099393 	 0.019682 
0.090684 	0.196289 	0.142573 	0.091043 	 0.018719 
0.071697 	0.210346 	0.152075 	0.100200 	 0.019929 
0.064704 	0.217729 	0.157269 	0.101275 	 0.020690 
0.058227 	0.227095 	0.162856 	0.111655 	 0.020844 
0.072822 	0.212544 	0.153644 	0.100161 	 0.019780 
0.067687 	0.221624 	0.159920 	0.105176 	 0.020749 
0.068992 	0.216124 	0.156016 	0.101742 	 0.020272 
0.082772 	0.197095 	0.143671 	0.090337 	 0.018977 
0.070015 	0.212240 	0.153285 	0.101120 	 0.020123 
0.066140 	0.211893 	0.153418 	0.098229 	 0.019487 
0.081180 	0.201451 	0.146633 	0.091933 	 0.019076 
0.053483 	0.219760 	0.158029 	0.107998 	 0.020927 
0.056151 	0.217653 	0.157039 	0.102773 	 0.020713 
0.068562 	0.210691 	0.153045 	0.097630 	 0.020649 
0.076345 	0.214737 	0.155746 	0.099641 	 0.019993 
0.079331 	0.206803 	0.150459 	0.094612 	 0.019452 
0.067188 	0.207151 	0.150601 	0.094327 	 0.019427 
0.062203 	0.220550 	0.159271 	0.106078 	 0.020781 
0.071301 	0.209245 	0.151741 	0.099222 	 0.020251 
0.079397 	0.200582 	0.146553 	0.088211 	 0.018794 
0.073384 	0.204338 	0.148726 	0.094403 	 0.019224 
0.067466 	0.212116 	0.154225 	0.097079 	 0.020258 
0.069844 	0.212443 	0.154067 	0.099300 	 0.019892 
0.060851 	0.221858 	0.160287 	0.104893 	 0.020810 
0.053622 	0.227057 	0.163710 	0.109677 	 0.021478 
0.075377 	0.211124 	0.153729 	0.095862 	 0.019882 
0.069880 	0.209043 	0.152447 	0.094544 	 0.020214 
0.064819 	0.222234 	0.160819 	0.105650 	 0.020636 
0.050003 	0.223183 	0.161450 	0.106210 	 0.021361 
0.066063 	0.213896 	0.155438 	0.100309 	 0.020227 
0.072521 	0.208773 	0.152033 	0.097131 	 0.019745 
0.070153 	0.214198 	0.156210 	0.096373 	 0.019882 
0.068191 	0.214266 	0.156194 	0.097193 	 0.020300 
0.072854 	0.223266 	0.162191 	0.103121 	 0.020171 
0.054178 	0.232938 	0.167962 	0.112317 	 0.021510 
0.076363 	0.208661 	0.152536 	0.095473 	 0.019936 
0.063367 	0.217365 	0.158056 	0.102000 	 0.020659 
0.069240 	0.199756 	0.146643 	0.089244 	 0.019860 
0.049790 	0.225279 	0.163103 	0.107081 	 0.021549 
0.061254 	0.212303 	0.154666 	0.094687 	 0.019572 
0.070200 	0.204775 	0.150008 	0.091497 	 0.020185 
0.083534 	0.196440 	0.144720 	0.084405 	 0.018722 
0.077069 	0.199910 	0.147105 	0.087234 	 0.019145 
0.087580 	0.201153 	0.148297 	0.088993 	 0.019736 
0.061271 	0.225357 	0.164028 	0.104441 	 0.021552 
0.080709 	0.212380 	0.155328 	0.095894 	 0.019708 
0.063635 	0.225131 	0.163259 	0.107569 	 0.020858 
0.058628 	0.217147 	0.158453 	0.098022 	 0.021314 
0.062074 	0.218487 	0.159146 	0.099600 	 0.020279 
0.070126 	0.216429 	0.157849 	0.099949 	 0.020880 
0.068183 	0.217924 	0.159304 	0.100406 	 0.020808 
0.075682 	0.216875 	0.158396 	0.099039 	 0.020385 
0.061006 	0.221013 	0.161201 	0.102572 	 0.021531 
0.063924 	0.224002 	0.163097 	0.104472 	 0.020989 
0.081883 	0.209810 	0.154024 	0.094771 	 0.019601 
0.067694 	0.220146 	0.160757 	0.104477 	 0.021322 
0.076793 	0.212417 	0.155927 	0.095214 	 0.020064 
0.067152 	0.225849 	0.164224 	0.107474 	 0.020847 
0.062927 	0.217909 	0.159504 	0.100349 	 0.021110 
0.065290 	0.218397 	0.159665 	0.101774 	 0.020463 
0.073658 	0.213792 	0.156889 	0.097098 	 0.020399 
0.055979 	0.229947 	0.167248 	0.109466 	 0.022406 
0.078153 	0.212620 	0.155824 	0.099484 	 0.020708 
0.067967 	0.214507 	0.157692 	0.097015 	 0.021328 
0.073906 	0.209703 	0.154594 	0.093115 	 0.020919 
0.063503 	0.231153 	0.168308 	0.109795 	 0.021549 
0.407720 	0.005478 	0.004925 	-0.002621 	 0.002285 
0.408469 	0.005855 	0.004660 	0.003345 	 0.002587 
0.410233 	0.030267 	0.019957 	0.032774 	 0.004896 
0.407443 	0.031113 	0.020129 	0.035082 	 0.004245 
0.426990 	0.021820 	0.015329 	0.022385 	 0.003009 
0.395240 	0.048342 	0.031737 	0.043923 	 0.005199 
0.408711 	0.035275 	0.023726 	0.033437 	 0.004437 
0.422809 	0.017321 	0.011741 	0.022567 	 0.002904 
0.385811 	0.059700 	0.039305 	0.051738 	 0.006609 
0.391681 	0.047178 	0.031269 	0.041134 	 0.005242 
0.389260 	0.043472 	0.028384 	0.042305 	 0.005105 
0.394967 	0.037971 	0.025100 	0.035349 	 0.003971 
0.368414 	0.065550 	0.042967 	0.055020 	 0.006981 
0.384550 	0.035847 	0.023598 	0.036039 	 0.005644 
0.389331 	0.048903 	0.032413 	0.041428 	 0.004818 
0.387927 	0.048233 	0.031460 	0.044495 	 0.004669 
0.360410 	0.072427 	0.047631 	0.059580 	 0.007597 
0.387454 	0.046511 	0.030327 	0.043575 	 0.005334 
0.378923 	0.043664 	0.028845 	0.040252 	 0.005682 
0.380311 	0.050221 	0.033162 	0.046365 	 0.006141 
0.379191 	0.047650 	0.031302 	0.043777 	 0.005173 
0.370130 	0.048562 	0.032137 	0.042141 	 0.005614 
0.376650 	0.042167 	0.027791 	0.038798 	 0.004955 
0.371169 	0.051867 	0.034306 	0.045558 	 0.005898 
0.386800 	0.031094 	0.020699 	0.030239 	 0.003798 
0.366174 	0.050141 	0.033387 	0.044417 	 0.006889 
0.364965 	0.057771 	0.037675 	0.051013 	 0.006269 
0.381022 	0.048449 	0.031960 	0.042494 	 0.005334 
0.362213 	0.066047 	0.043172 	0.057249 	 0.007643 
0.366241 	0.052792 	0.034513 	0.049290 	 0.006675 
0.367758 	0.051001 	0.033893 	0.045696 	 0.006502 
0.363649 	0.058896 	0.039044 	0.052612 	 0.007225 
0.370751 	0.044117 	0.029386 	0.039051 	 0.005479 
0.357906 	0.053788 	0.035355 	0.047379 	 0.006253 
0.351035 	0.061714 	0.040353 	0.053717 	 0.006893 
0.344856 	0.073160 	0.047888 	0.063281 	 0.008517 
0.346466 	0.061017 	0.040258 	0.052892 	 0.007251 
0.342130 	0.071175 	0.047060 	0.059024 	 0.008258 
0.345261 	0.068486 	0.044970 	0.058499 	 0.007305 
0.347434 	0.065834 	0.043890 	0.052641 	 0.007140 
0.336334 	0.068628 	0.045329 	0.055573 	 0.007584 
0.337335 	0.073272 	0.048596 	0.060986 	 0.007940 
0.339963 	0.063547 	0.041714 	0.054462 	 0.007016 
0.329111 	0.066415 	0.044112 	0.054649 	 0.008201 
0.349037 	0.058156 	0.038783 	0.048041 	 0.006663 
0.334375 	0.070155 	0.046631 	0.056452 	 0.007633 
0.334927 	0.068112 	0.045439 	0.055238 	 0.008354 
0.335497 	0.073191 	0.048421 	0.057844 	 0.007039 
0.333444 	0.070000 	0.046496 	0.057431 	 0.008245 
0.322876 	0.077334 	0.050787 	0.063664 	 0.008516 
0.334280 	0.072670 	0.048833 	0.057319 	 0.008683 
0.317912 	0.081553 	0.054010 	0.063275 	 0.009028 
0.312266 	0.087370 	0.057564 	0.070091 	 0.009135 
0.314275 	0.079720 	0.052708 	0.061391 	 0.008842 
0.310843 	0.090631 	0.060228 	0.068816 	 0.009648 
0.325163 	0.066723 	0.044186 	0.054874 	 0.007562 
0.328938 	0.075571 	0.050261 	0.059255 	 0.007953 
0.330001 	0.072658 	0.048112 	0.060840 	 0.007850 
0.322460 	0.078131 	0.052100 	0.059943 	 0.007941 
0.306812 	0.087294 	0.057905 	0.067338 	 0.009414 
0.317250 	0.080930 	0.053820 	0.063266 	 0.009137 
0.306508 	0.082640 	0.054563 	0.064048 	 0.008641 
0.312092 	0.081324 	0.053784 	0.065190 	 0.009099 
0.303609 	0.080928 	0.053105 	0.064875 	 0.008167 
0.318479 	0.075363 	0.050410 	0.057323 	 0.008025 
0.302186 	0.086815 	0.057338 	0.066972 	 0.008723 
0.308293 	0.081537 	0.054190 	0.063491 	 0.008778 
0.299926 	0.102647 	0.068162 	0.076755 	 0.010012 
0.299813 	0.097988 	0.064884 	0.075842 	 0.010250 
0.301945 	0.085048 	0.056567 	0.065900 	 0.009508 
0.300147 	0.089059 	0.059318 	0.067698 	 0.009225 
0.296709 	0.094941 	0.063344 	0.070524 	 0.009944 
0.300357 	0.086840 	0.057962 	0.066745 	 0.009538 
0.304281 	0.080941 	0.053558 	0.062746 	 0.008576 
0.301146 	0.086311 	0.057875 	0.064338 	 0.009550 
0.296399 	0.090451 	0.060249 	0.068077 	 0.009783 
0.300374 	0.090073 	0.059641 	0.069780 	 0.008945 
0.281202 	0.101844 	0.067669 	0.075986 	 0.011080 
0.291771 	0.098333 	0.065438 	0.071385 	 0.009621 
0.285682 	0.104984 	0.069298 	0.078443 	 0.009910 
0.281604 	0.097609 	0.064824 	0.073489 	 0.010050 
0.288163 	0.091217 	0.061073 	0.065605 	 0.009516 
0.289730 	0.089639 	0.059981 	0.066207 	 0.009526 
0.295044 	0.087210 	0.058385 	0.064535 	 0.009553 
0.295748 	0.089453 	0.060125 	0.066155 	 0.009541 
0.288557 	0.094234 	0.062682 	0.070572 	 0.009182 
0.292502 	0.088271 	0.059313 	0.064488 	 0.009698 
0.289753 	0.097057 	0.065078 	0.068684 	 0.009967 
0.285173 	0.105922 	0.070714 	0.076404 	 0.010490 
0.281418 	0.102051 	0.067938 	0.075109 	 0.010324 
0.283988 	0.094527 	0.063388 	0.069575 	 0.010150 
0.278542 	0.109652 	0.073058 	0.079474 	 0.010493 
0.281958 	0.101240 	0.067653 	0.072758 	 0.010061 
0.284622 	0.095593 	0.063897 	0.068290 	 0.009029 
0.273215 	0.104814 	0.070078 	0.074611 	 0.010442 
0.287038 	0.084777 	0.057034 	0.061277 	 0.009144 
0.277685 	0.104083 	0.069771 	0.075782 	 0.010650 
0.274513 	0.099902 	0.066495 	0.073199 	 0.009684 
0.269293 	0.110562 	0.073702 	0.079329 	 0.010651 
0.284899 	0.093565 	0.063036 	0.066960 	 0.009720 
0.274279 	0.103263 	0.069307 	0.073172 	 0.010197 
0.274232 	0.102880 	0.068605 	0.074722 	 0.009999 
0.272465 	0.104393 	0.069556 	0.076404 	 0.010355 
0.278819 	0.092761 	0.061951 	0.069665 	 0.009715 
0.276897 	0.101610 	0.068734 	0.071319 	 0.010459 
0.270265 	0.103364 	0.069611 	0.071389 	 0.010468 
0.277900 	0.102742 	0.069107 	0.072819 	 0.010006 
0.261330 	0.112844 	0.075666 	0.079591 	 0.011365 
0.266095 	0.112840 	0.075427 	0.080083 	 0.010596 
0.264586 	0.102823 	0.069137 	0.072236 	 0.010665 
0.276723 	0.101875 	0.068328 	0.071729 	 0.010079 
0.267417 	0.102362 	0.068703 	0.074328 	 0.010867 
0.263073 	0.114963 	0.077210 	0.080610 	 0.011298 
0.273648 	0.096721 	0.065164 	0.067050 	 0.009472 
0.260283 	0.106166 	0.071796 	0.071996 	 0.010859 
0.258023 	0.109920 	0.073821 	0.076659 	 0.011016 
0.258550 	0.118963 	0.080126 	0.080523 	 0.011365 
0.242843 	0.123692 	0.082885 	0.084394 	 0.011593 
0.259254 	0.107036 	0.072106 	0.073527 	 0.010620 
0.257090 	0.106329 	0.071692 	0.072361 	 0.010909 
0.256478 	0.119971 	0.080421 	0.082672 	 0.011050 
0.261788 	0.107256 	0.072297 	0.074149 	 0.010325 
0.259380 	0.104808 	0.070827 	0.070154 	 0.009990 
0.247420 	0.120915 	0.081597 	0.078710 	 0.010941 
0.255680 	0.113515 	0.076464 	0.073719 	 0.010228 
0.269866 	0.101322 	0.069216 	0.063707 	 0.009264 
0.260066 	0.110491 	0.075391 	0.070414 	 0.010340 
0.258512 	0.105970 	0.071206 	0.073030 	 0.010168 
0.240116 	0.123829 	0.083215 	0.082677 	 0.011179 
0.263344 	0.118402 	0.079877 	0.079207 	 0.010217 
0.251139 	0.112095 	0.076338 	0.071411 	 0.010804 
0.253070 	0.120283 	0.081592 	0.077398 	 0.010804 
0.245072 	0.117550 	0.079527 	0.075602 	 0.010852 
0.228151 	0.131951 	0.088740 	0.086978 	 0.011907 
0.246749 	0.118024 	0.079442 	0.079487 	 0.010555 
0.238714 	0.125397 	0.084469 	0.081806 	 0.010978 
0.239708 	0.124389 	0.084193 	0.079277 	 0.011228 
0.247581 	0.124108 	0.083964 	0.081731 	 0.011180 
0.238106 	0.124165 	0.083808 	0.082322 	 0.011646 
0.245775 	0.118517 	0.080708 	0.074546 	 0.010801 
0.221467 	0.131220 	0.088588 	0.085436 	 0.012213 
0.232803 	0.131629 	0.088974 	0.085077 	 0.011853 
0.232657 	0.125887 	0.084904 	0.083901 	 0.011652 
0.235220 	0.121861 	0.082056 	0.079283 	 0.010698 
0.241749 	0.115126 	0.078131 	0.074071 	 0.010841 
0.226166 	0.136235 	0.092111 	0.086474 	 0.012072 
0.229721 	0.130661 	0.088784 	0.082529 	 0.012268 
0.228179 	0.136200 	0.091981 	0.086846 	 0.011746 
0.242164 	0.104731 	0.071633 	0.064048 	 0.009554 
0.233827 	0.117981 	0.080427 	0.075390 	 0.011491 
0.227916 	0.136793 	0.092379 	0.090599 	 0.012523 
0.217436 	0.132339 	0.089531 	0.084474 	 0.012313 
0.215865 	0.133951 	0.090241 	0.088096 	 0.012353 
0.233736 	0.132103 	0.089766 	0.081924 	 0.011284 
0.217818 	0.135304 	0.091643 	0.085786 	 0.012230 
0.222997 	0.123683 	0.083946 	0.077158 	 0.011206 
0.209722 	0.148331 	0.100224 	0.094261 	 0.013120 
0.214936 	0.138312 	0.093702 	0.085268 	 0.011837 
0.206802 	0.141033 	0.095700 	0.087099 	 0.012889 
0.211734 	0.145687 	0.099037 	0.091167 	 0.013012 
0.220340 	0.130540 	0.089366 	0.077335 	 0.012015 
0.202285 	0.142051 	0.096162 	0.088389 	 0.012749 
0.204377 	0.153094 	0.103719 	0.095295 	 0.013441 
0.220055 	0.133744 	0.090917 	0.083081 	 0.012173 
0.207176 	0.144079 	0.098050 	0.088479 	 0.013242 
0.200636 	0.141807 	0.096252 	0.088050 	 0.013028 
0.191402 	0.158656 	0.107275 	0.098088 	 0.013484 
0.209160 	0.135893 	0.092265 	0.086865 	 0.012947 
0.205558 	0.147724 	0.100378 	0.088295 	 0.012556 
0.197183 	0.149807 	0.101370 	0.093703 	 0.012856 
0.210968 	0.133919 	0.091253 	0.079708 	 0.011295 
0.196196 	0.150299 	0.102175 	0.091581 	 0.013334 
0.203124 	0.145114 	0.098511 	0.089288 	 0.012824 
0.186901 	0.164174 	0.110925 	0.102412 	 0.013938 
0.186603 	0.160582 	0.108616 	0.099770 	 0.014110 
0.191274 	0.144494 	0.098319 	0.084439 	 0.012218 
0.195112 	0.148088 	0.100736 	0.088092 	 0.012979 
0.192337 	0.152155 	0.103481 	0.094310 	 0.013752 
0.208853 	0.145018 	0.099172 	0.086229 	 0.012356 
0.193844 	0.144964 	0.098897 	0.087755 	 0.013403 
0.191233 	0.145187 	0.099028 	0.087122 	 0.012676 
0.186378 	0.152981 	0.104533 	0.089443 	 0.013596 
0.180838 	0.154271 	0.104506 	0.093173 	 0.013210 
0.198885 	0.140228 	0.096107 	0.082638 	 0.012516 
0.191850 	0.147228 	0.100343 	0.088815 	 0.012485 
0.188725 	0.151013 	0.103283 	0.087307 	 0.013123 
0.187300 	0.151420 	0.103162 	0.090791 	 0.013019 
0.187239 	0.149008 	0.101736 	0.088297 	 0.013194 
0.182459 	0.164522 	0.111912 	0.099365 	 0.013983 
0.186912 	0.154153 	0.105157 	0.091410 	 0.012932 
0.173101 	0.169126 	0.114970 	0.102953 	 0.015210 
0.184595 	0.156211 	0.106627 	0.092213 	 0.012976 
0.177158 	0.166413 	0.113493 	0.098157 	 0.014364 
0.187380 	0.149780 	0.102300 	0.087755 	 0.012248 
0.184716 	0.153076 	0.104807 	0.087786 	 0.012546 
0.174589 	0.172593 	0.117348 	0.105130 	 0.014635 
0.176836 	0.160265 	0.109248 	0.094592 	 0.013518 
0.178998 	0.152321 	0.104069 	0.090201 	 0.013077 
0.163396 	0.161504 	0.110399 	0.096086 	 0.014863 
0.172839 	0.159378 	0.109256 	0.091536 	 0.013594 
0.158255 	0.174363 	0.118197 	0.105709 	 0.014704 
0.168804 	0.166063 	0.113600 	0.095460 	 0.013812 
0.162984 	0.167256 	0.114226 	0.099228 	 0.014684 
0.185624 	0.153919 	0.105917 	0.085981 	 0.012426 
0.177819 	0.156396 	0.107454 	0.088544 	 0.012774 
0.170499 	0.157552 	0.108273 	0.090075 	 0.013757 
0.167425 	0.164259 	0.112249 	0.095935 	 0.014027 
0.170340 	0.166663 	0.114095 	0.096262 	 0.013843 
0.165539 	0.166306 	0.113953 	0.095585 	 0.014009 
0.169440 	0.161942 	0.110959 	0.094257 	 0.013577 
0.170793 	0.169373 	0.115624 	0.099065 	 0.013932 
0.171500 	0.157565 	0.108539 	0.087803 	 0.013822 
0.164052 	0.170248 	0.116850 	0.097107 	 0.014791 
0.162039 	0.156392 	0.107298 	0.088323 	 0.013127 
0.159896 	0.171957 	0.117828 	0.097754 	 0.013903 
0.167761 	0.161386 	0.110378 	0.092985 	 0.013230 
0.154854 	0.167449 	0.114443 	0.096143 	 0.013762 
0.162827 	0.163863 	0.112427 	0.095548 	 0.014180 
0.157634 	0.166786 	0.114355 	0.096516 	 0.014340 
0.153578 	0.172507 	0.118454 	0.097216 	 0.014471 
0.148876 	0.174638 	0.119399 	0.101650 	 0.014742 
0.166642 	0.167766 	0.115611 	0.093947 	 0.014056 
0.168872 	0.162530 	0.111692 	0.093314 	 0.013421 
0.157263 	0.175127 	0.120232 	0.098415 	 0.014137 
0.148261 	0.178631 	0.122313 	0.101597 	 0.014683 
0.142482 	0.186376 	0.127550 	0.108992 	 0.016006 
0.151652 	0.178679 	0.122582 	0.100174 	 0.014970 
0.148548 	0.173531 	0.119249 	0.097786 	 0.014553 
0.151341 	0.172782 	0.118325 	0.097335 	 0.013944 
0.141181 	0.182320 	0.125139 	0.101803 	 0.014566 
0.144715 	0.181539 	0.124382 	0.103933 	 0.014763 
0.146645 	0.175478 	0.120494 	0.099110 	 0.014592 
0.156954 	0.160426 	0.111022 	0.086669 	 0.013899 
0.146896 	0.177868 	0.122067 	0.100839 	 0.014799 
0.159630 	0.162038 	0.112075 	0.085320 	 0.013019 
0.150431 	0.168576 	0.116463 	0.092028 	 0.014014 
0.142585 	0.174954 	0.120288 	0.096655 	 0.014695 
0.149191 	0.171098 	0.118135 	0.091305 	 0.013786 
0.152842 	0.179067 	0.123627 	0.098257 	 0.014412 
0.150587 	0.172022 	0.118403 	0.093967 	 0.013873 
0.147190 	0.179162 	0.123352 	0.098180 	 0.014681 
0.140709 	0.187346 	0.128725 	0.106266 	 0.015430 
0.150865 	0.169837 	0.117306 	0.093328 	 0.013966 
0.149146 	0.169239 	0.117476 	0.090868 	 0.014530 
0.144227 	0.178910 	0.123196 	0.101086 	 0.014537 
0.143738 	0.179137 	0.123643 	0.099601 	 0.014821 
0.128606 	0.195418 	0.133966 	0.108666 	 0.015414 
0.141562 	0.174535 	0.120942 	0.095393 	 0.014745 
0.152056 	0.168490 	0.116989 	0.089639 	 0.013878 
0.135409 	0.184651 	0.127196 	0.100582 	 0.014622 
0.128233 	0.177892 	0.123019 	0.096038 	 0.014770 
0.148164 	0.173696 	0.120539 	0.089888 	 0.013530 
0.134023 	0.178744 	0.123536 	0.095051 	 0.014394 
0.134319 	0.174352 	0.121070 	0.090544 	 0.014564 
0.134226 	0.179192 	0.124007 	0.095577 	 0.014703 
0.145320 	0.178639 	0.123202 	0.098661 	 0.014063 
0.125126 	0.195868 	0.134906 	0.105725 	 0.015571 
0.143771 	0.178216 	0.123307 	0.094932 	 0.013731 
0.138676 	0.177208 	0.122663 	0.094131 	 0.013937 
0.136610 	0.175077 	0.122062 	0.090387 	 0.014859 
0.127537 	0.184444 	0.127595 	0.098004 	 0.014700 
0.147445 	0.159965 	0.111899 	0.080830 	 0.013276 
0.121984 	0.183196 	0.126079 	0.100867 	 0.014792 
0.125544 	0.189771 	0.131377 	0.099019 	 0.014942 
0.126018 	0.189917 	0.131279 	0.102525 	 0.015205 
0.129928 	0.189398 	0.130949 	0.102685 	 0.014931 
0.129933 	0.181461 	0.125877 	0.095096 	 0.014050 
0.123931 	0.192758 	0.133428 	0.103274 	 0.015542 
0.124247 	0.197416 	0.136521 	0.105863 	 0.015563 
0.130114 	0.172064 	0.119977 	0.089586 	 0.014088 
0.123386 	0.188886 	0.131250 	0.097999 	 0.015053 
0.124090 	0.180331 	0.125565 	0.092867 	 0.014652 
0.126923 	0.185008 	0.128865 	0.094744 	 0.014880 
0.135703 	0.184057 	0.127964 	0.096793 	 0.014888 
0.120706 	0.188038 	0.130221 	0.100020 	 0.015613 
0.104385 	0.196086 	0.135709 	0.103269 	 0.015851 
0.117287 	0.197567 	0.137054 	0.102971 	 0.015511 
0.123265 	0.185571 	0.129335 	0.094361 	 0.014972 
0.112984 	0.204208 	0.141510 	0.107847 	 0.016052 
0.111805 	0.194677 	0.134575 	0.103188 	 0.015353 
0.127906 	0.185864 	0.129356 	0.096223 	 0.014543 
0.128681 	0.192273 	0.133869 	0.100124 	 0.015136 
0.131901 	0.175697 	0.122790 	0.089353 	 0.014169 
0.120122 	0.194008 	0.134472 	0.101810 	 0.014899 
0.105303 	0.199300 	0.138626 	0.102943 	 0.015939 
0.112444 	0.195541 	0.136139 	0.099824 	 0.015397 
0.120363 	0.188246 	0.131492 	0.095315 	 0.014795 
0.122463 	0.188869 	0.132028 	0.095365 	 0.014657 
0.122710 	0.191139 	0.133199 	0.100160 	 0.014920 
0.118714 	0.190242 	0.132299 	0.100614 	 0.015285 
0.113740 	0.183937 	0.128536 	0.092377 	 0.014775 
0.120473 	0.184435 	0.129013 	0.090099 	 0.014300 
0.107911 	0.182993 	0.127853 	0.093150 	 0.014712 
0.119737 	0.187624 	0.131125 	0.095727 	 0.014459 
0.115415 	0.192041 	0.133962 	0.096587 	 0.014704 
0.099118 	0.208004 	0.144190 	0.111743 	 0.016577 
0.102354 	0.194902 	0.135933 	0.098250 	 0.016028 
0.102214 	0.200594 	0.140181 	0.103149 	 0.016846 
0.103674 	0.201035 	0.139991 	0.103805 	 0.016151 
0.112166 	0.192340 	0.134545 	0.096545 	 0.015140 
0.106543 	0.198019 	0.137897 	0.102746 	 0.015770 
0.119508 	0.182148 	0.128134 	0.087395 	 0.014316 
0.118343 	0.180815 	0.126806 	0.087966 	 0.013339 
0.106204 	0.200977 	0.140513 	0.100207 	 0.015642 
0.102226 	0.196491 	0.137258 	0.099260 	 0.015720 
0.110230 	0.190659 	0.133859 	0.093319 	 0.014986 
0.110106 	0.191954 	0.134408 	0.095490 	 0.015179 
0.103621 	0.202121 	0.141171 	0.103864 	 0.016204 
0.119095 	0.178717 	0.125888 	0.085238 	 0.013993 
0.112696 	0.191400 	0.134160 	0.094429 	 0.014763 
0.098828 	0.200589 	0.139889 	0.101344 	 0.015632 
0.104883 	0.196470 	0.137733 	0.097807 	 0.015463 
0.117252 	0.183002 	0.128561 	0.089669 	 0.014276 
0.096239 	0.187309 	0.132145 	0.088478 	 0.015218 
0.101625 	0.198981 	0.138976 	0.102678 	 0.015713 
0.093109 	0.200892 	0.140325 	0.100926 	 0.015690 
0.092217 	0.204480 	0.142917 	0.104977 	 0.016111 
0.106341 	0.187598 	0.131959 	0.091473 	 0.014516 
0.114536 	0.177886 	0.125887 	0.083633 	 0.014212 
0.099292 	0.200131 	0.139948 	0.100302 	 0.014950 
0.100472 	0.192363 	0.135412 	0.092651 	 0.015219 
0.101207 	0.191788 	0.134873 	0.092169 	 0.014464 
0.099695 	0.203543 	0.142441 	0.102238 	 0.015834 
0.100999 	0.199365 	0.139841 	0.098769 	 0.016014 
0.096456 	0.195407 	0.137665 	0.092376 	 0.015047 
0.099864 	0.198512 	0.139585 	0.099807 	 0.016085 
0.094555 	0.198988 	0.139642 	0.097729 	 0.015534 
0.084369 	0.209421 	0.146459 	0.105745 	 0.016689 
0.099775 	0.202819 	0.142801 	0.099029 	 0.016302 
0.097451 	0.194488 	0.137220 	0.093166 	 0.015956 
0.099335 	0.202469 	0.142527 	0.096775 	 0.015338 
0.091483 	0.197329 	0.138833 	0.096042 	 0.015651 
0.100235 	0.196186 	0.138061 	0.095964 	 0.015099 
0.108181 	0.186322 	0.132121 	0.087055 	 0.014511 
0.100779 	0.192890 	0.136252 	0.092638 	 0.015169 
0.093834 	0.201665 	0.142280 	0.096999 	 0.015695 
0.101181 	0.189312 	0.133885 	0.090328 	 0.015211 
0.094822 	0.197651 	0.139739 	0.093839 	 0.015420 
0.089100 	0.204240 	0.143293 	0.101444 	 0.015690 
0.102297 	0.183926 	0.130776 	0.086838 	 0.015488 
0.087278 	0.206005 	0.144850 	0.100696 	 0.016135 
0.109376 	0.186504 	0.132276 	0.088008 	 0.014193 
0.093148 	0.192695 	0.136483 	0.090837 	 0.015323 
0.089425 	0.189840 	0.134638 	0.088745 	 0.015386 
0.093952 	0.190587 	0.134942 	0.089618 	 0.015241 
0.098626 	0.193369 	0.137104 	0.089543 	 0.015139 
0.086915 	0.201495 	0.142356 	0.095391 	 0.015533 
0.108806 	0.190255 	0.134939 	0.089037 	 0.014318 
0.083535 	0.203729 	0.143620 	0.096824 	 0.015646 
0.095895 	0.194747 	0.137948 	0.091719 	 0.015347 
0.094866 	0.192928 	0.137225 	0.086918 	 0.015270 
0.087276 	0.200371 	0.142166 	0.091995 	 0.015727 
0.071914 	0.216217 	0.151981 	0.106289 	 0.017123 
0.084985 	0.208882 	0.147090 	0.100627 	 0.015678 
0.096473 	0.197551 	0.140087 	0.090743 	 0.015004 
0.078009 	0.206259 	0.145834 	0.097259 	 0.015944 
0.098015 	0.196662 	0.139854 	0.091502 	 0.015553 
0.079293 	0.203836 	0.143905 	0.097347 	 0.016083 
0.082643 	0.213849 	0.150806 	0.102914 	 0.016333 
0.082336 	0.207825 	0.146742 	0.099274 	 0.015947 
0.086416 	0.203616 	0.144243 	0.096656 	 0.015840 
0.093112 	0.200858 	0.142385 	0.095418 	 0.015138 
0.087119 	0.200333 	0.142405 	0.092619 	 0.015639 
0.088592 	0.201243 	0.143790 	0.090964 	 0.016053 
0.086269 	0.198766 	0.141225 	0.093248 	 0.016121 
0.079699 	0.210863 	0.148966 	0.103063 	 0.016677 
0.075816 	0.207848 	0.146968 	0.099264 	 0.016064 
0.082072 	0.209770 	0.148534 	0.099507 	 0.016004 
0.085619 	0.203723 	0.145154 	0.092016 	 0.015667 
0.079688 	0.210399 	0.148877 	0.098711 	 0.015825 
0.086311 	0.201923 	0.143858 	0.090991 	 0.014942 
0.095679 	0.188554 	0.134982 	0.083035 	 0.014237 
0.085921 	0.206939 	0.147001 	0.095314 	 0.015745 
0.084423 	0.206132 	0.146624 	0.095066 	 0.015672 
0.078574 	0.205797 	0.146108 	0.096106 	 0.015525 
0.091345 	0.201469 	0.143600 	0.092404 	 0.015398 
0.095422 	0.193473 	0.138665 	0.086620 	 0.015253 
0.081795 	0.201451 	0.143843 	0.087915 	 0.015496 
0.073050 	0.207463 	0.148150 	0.093986 	 0.016766 
0.077874 	0.204656 	0.145784 	0.092857 	 0.015652 
0.077823 	0.213077 	0.150893 	0.100860 	 0.015377 
0.083925 	0.199871 	0.142960 	0.088110 	 0.015026 
0.062095 	0.214172 	0.151623 	0.100140 	 0.016300 
0.084398 	0.204999 	0.146433 	0.092986 	 0.015522 
0.081831 	0.197846 	0.141491 	0.091067 	 0.015384 
0.071593 	0.215802 	0.153270 	0.101687 	 0.017215 
0.074512 	0.219317 	0.155881 	0.101460 	 0.016799 
0.085736 	0.204785 	0.146267 	0.093625 	 0.015939 
0.081734 	0.200026 	0.142864 	0.090047 	 0.015226 
0.067757 	0.217783 	0.154788 	0.102393 	 0.016902 
0.088262 	0.200171 	0.143527 	0.087618 	 0.014524 
0.083632 	0.200234 	0.143353 	0.090407 	 0.015563 
0.069416 	0.222244 	0.157397 	0.105214 	 0.016400 
0.079493 	0.209198 	0.149182 	0.095120 	 0.015309 
0.070087 	0.210702 	0.150476 	0.094585 	 0.015825 
0.070951 	0.206281 	0.147615 	0.093796 	 0.015875 
0.062291 	0.221362 	0.157769 	0.104160 	 0.017646 
0.065818 	0.219737 	0.156445 	0.101424 	 0.016602 
0.072322 	0.211829 	0.151541 	0.094602 	 0.016095 
0.079571 	0.205172 	0.147080 	0.091237 	 0.015494 
0.065592 	0.220810 	0.156953 	0.104181 	 0.017263 
0.076503 	0.204777 	0.147270 	0.089092 	 0.016240 
0.063360 	0.225236 	0.160257 	0.104151 	 0.017159 
0.063992 	0.212202 	0.152129 	0.094423 	 0.017334 
0.075741 	0.209544 	0.149976 	0.095581 	 0.016068 
0.065489 	0.213385 	0.152114 	0.097804 	 0.016531 
0.068619 	0.217354 	0.155056 	0.098205 	 0.016086 
0.088412 	0.198068 	0.142922 	0.086670 	 0.015782 
0.072865 	0.212003 	0.152401 	0.091621 	 0.016393 
0.080515 	0.197947 	0.142246 	0.084900 	 0.013951 
0.066653 	0.216206 	0.154434 	0.098795 	 0.016877 
0.062992 	0.211043 	0.151387 	0.095015 	 0.016220 
0.073927 	0.204147 	0.146916 	0.088808 	 0.015226 
0.081223 	0.197077 	0.142107 	0.085789 	 0.015182 
0.059823 	0.219296 	0.156956 	0.099139 	 0.016596 
0.084006 	0.202885 	0.146251 	0.088167 	 0.014993 
0.073681 	0.206556 	0.148836 	0.088912 	 0.015835 
0.075872 	0.209296 	0.150719 	0.091255 	 0.015873 
0.067705 	0.199693 	0.144924 	0.082452 	 0.016532 
0.066190 	0.212608 	0.152924 	0.092265 	 0.016059 
0.084209 	0.201668 	0.145932 	0.085022 	 0.015462 
0.070432 	0.211517 	0.152133 	0.092895 	 0.015427 
0.071854 	0.199064 	0.144194 	0.082829 	 0.014900 
0.069462 	0.215278 	0.154469 	0.094112 	 0.015741 
0.069533 	0.211085 	0.152175 	0.091096 	 0.016133 
0.066490 	0.219474 	0.157443 	0.098746 	 0.016540 
0.083040 	0.195978 	0.142364 	0.079510 	 0.014566 
0.072084 	0.205507 	0.148877 	0.086460 	 0.015852 
0.072131 	0.197510 	0.143214 	0.082879 	 0.015153 
0.054949 	0.215982 	0.155282 	0.094528 	 0.016248 
0.060620 	0.212165 	0.152542 	0.093946 	 0.016034 
0.065582 	0.205239 	0.148479 	0.086821 	 0.015629 
0.063598 	0.205284 	0.148226 	0.089373 	 0.015123 
0.069965 	0.203708 	0.147696 	0.085509 	 0.015794 
0.069915 	0.204168 	0.147994 	0.086400 	 0.015544 
0.078622 	0.201795 	0.146697 	0.084405 	 0.015909 
0.079520 	0.209169 	0.151317 	0.088469 	 0.015353 
0.074752 	0.202072 	0.146229 	0.087298 	 0.015276 
0.072239 	0.200770 	0.146327 	0.080262 	 0.015354 
0.068642 	0.213055 	0.154136 	0.088701 	 0.015633 
0.062923 	0.210696 	0.152558 	0.087623 	 0.015713 
0.080613 	0.197011 	0.143737 	0.082581 	 0.015695 
0.057505 	0.214276 	0.154953 	0.091623 	 0.016541 
0.074614 	0.206197 	0.149503 	0.085988 	 0.014957 
0.073195 	0.206934 	0.149927 	0.087436 	 0.014869 
0.075104 	0.206766 	0.150338 	0.086815 	 0.016191 
0.063402 	0.217882 	0.157425 	0.094698 	 0.016377 
0.072511 	0.202455 	0.147465 	0.083255 	 0.015628 
0.080177 	0.199420 	0.145467 	0.083230 	 0.015897 
0.076555 	0.205615 	0.149603 	0.085863 	 0.015971 
0.063439 	0.214982 	0.155671 	0.091982 	 0.015890 
0.075929 	0.195824 	0.143406 	0.077213 	 0.015119 
0.065848 	0.210745 	0.153410 	0.086633 	 0.016322 
0.050758 	0.211547 	0.153932 	0.086805 	 0.016897 
0.085554 	0.193636 	0.142126 	0.075985 	 0.014142 
0.066018 	0.205589 	0.149617 	0.086954 	 0.015577 
0.064949 	0.222287 	0.160855 	0.095171 	 0.016346 
0.065302 	0.207428 	0.150890 	0.087362 	 0.015743 
0.065214 	0.204721 	0.149389 	0.083732 	 0.015209 
0.072271 	0.206681 	0.150757 	0.085023 	 0.015394 
0.054588 	0.217865 	0.158168 	0.093004 	 0.017247 
0.054868 	0.213541 	0.155242 	0.090857 	 0.016771 
0.069387 	0.209513 	0.153350 	0.084601 	 0.016466 
0.056123 	0.232543 	0.167344 	0.105504 	 0.017587 
0.063830 	0.200892 	0.147129 	0.082476 	 0.015865 
0.081305 	0.201453 	0.147956 	0.079560 	 0.015275 
0.067576 	0.203963 	0.149393 	0.082663 	 0.015948 
0.064749 	0.218695 	0.158912 	0.092646 	 0.016099 
0.080372 	0.201219 	0.147684 	0.078938 	 0.014531 
0.054151 	0.223170 	0.162108 	0.094175 	 0.016981 
0.078092 	0.206504 	0.151586 	0.080708 	 0.014948 
0.064378 	0.213779 	0.155797 	0.090388 	 0.016734 
0.072350 	0.213067 	0.155423 	0.089336 	 0.015821 
0.052160 	0.217439 	0.158855 	0.088410 	 0.016982 
0.058587 	0.212384 	0.155228 	0.087487 	 0.016732 
0.064225 	0.219050 	0.159603 	0.093585 	 0.016715 
0.067569 	0.210226 	0.153859 	0.087460 	 0.016167 
0.061006 	0.208596 	0.152612 	0.086343 	 0.016049 
0.059011 	0.210453 	0.154006 	0.087451 	 0.016557 
0.059776 	0.221594 	0.161430 	0.092662 	 0.016745 
0.079731 	0.199445 	0.147699 	0.074388 	 0.015214 
0.075487 	0.213787 	0.156599 	0.088079 	 0.015754 
0.071852 	0.213937 	0.156580 	0.088150 	 0.015737 
0.080830 	0.199714 	0.147481 	0.077301 	 0.015165 
0.081244 	0.194001 	0.144313 	0.071541 	 0.015060 
0.075128 	0.204352 	0.150710 	0.080115 	 0.015911 
0.081966 	0.192369 	0.143159 	0.071411 	 0.015092 
0.088147 	0.194908 	0.144607 	0.074590 	 0.014377 
0.080451 	0.209235 	0.153895 	0.085307 	 0.016192 
0.085579 	0.189016 	0.140653 	0.072279 	 0.014940 
0.081149 	0.201825 	0.149488 	0.078193 	 0.015496 
0.073971 	0.211225 	0.155351 	0.084399 	 0.015761 
0.074006 	0.203131 	0.150606 	0.078540 	 0.016149 
0.075266 	0.209127 	0.154221 	0.084788 	 0.016532 
0.090293 	0.199367 	0.148249 	0.075833 	 0.014789 
0.074232 	0.204916 	0.151120 	0.081312 	 0.015870 
0.080469 	0.197884 	0.147251 	0.074588 	 0.015791 
0.079486 	0.193752 	0.144270 	0.072771 	 0.015279 
0.089058 	0.197722 	0.147114 	0.072721 	 0.014338 
0.092786 	0.199138 	0.147722 	0.077007 	 0.014724 
0.089171 	0.187859 	0.140547 	0.068105 	 0.013853 
0.078641 	0.200318 	0.148562 	0.078552 	 0.015859 
0.069559 	0.211231 	0.155963 	0.084738 	 0.016325 
0.073224 	0.203641 	0.151528 	0.075936 	 0.015316 
0.081791 	0.204549 	0.151786 	0.080367 	 0.015720 
0.085040 	0.197369 	0.147295 	0.073532 	 0.014901 
0.097530 	0.187041 	0.140940 	0.063534 	 0.013955 
0.095824 	0.193628 	0.144746 	0.071054 	 0.014589 
0.089764 	0.197201 	0.147601 	0.072788 	 0.015337 
0.094284 	0.183030 	0.138030 	0.063262 	 0.014207 
0.086594 	0.202289 	0.150665 	0.077728 	 0.014485 
0.077146 	0.211747 	0.157084 	0.082290 	 0.016339 
0.105135 	0.186096 	0.140187 	0.066269 	 0.013584 
0.086456 	0.199169 	0.149076 	0.075440 	 0.015836 
0.078586 	0.202589 	0.151459 	0.075626 	 0.015689 
0.091852 	0.193761 	0.145320 	0.070813 	 0.014656 
0.088689 	0.198715 	0.148990 	0.073338 	 0.015580 
0.084650 	0.199296 	0.148981 	0.075031 	 0.015216 
0.087878 	0.204950 	0.152445 	0.081444 	 0.015583 
0.089333 	0.192425 	0.144652 	0.070680 	 0.015148 
0.095131 	0.184268 	0.139300 	0.065066 	 0.014269 
0.092894 	0.200750 	0.150709 	0.073200 	 0.015307 
0.078965 	0.201966 	0.150939 	0.075111 	 0.015159 
0.096707 	0.189348 	0.143347 	0.066966 	 0.014534 
0.100901 	0.186367 	0.141115 	0.067521 	 0.014926 
0.092171 	0.203418 	0.152459 	0.075430 	 0.015267 
0.086952 	0.201719 	0.151008 	0.074721 	 0.015147 
0.095969 	0.190308 	0.144183 	0.065355 	 0.014610 
0.090027 	0.195866 	0.147784 	0.069741 	 0.015306 
0.095636 	0.197684 	0.148801 	0.070667 	 0.015000 
0.102837 	0.182075 	0.138744 	0.061514 	 0.014676 
0.100833 	0.183517 	0.139683 	0.062759 	 0.014689 
0.105796 	0.182486 	0.139376 	0.058462 	 0.014102 
0.090045 	0.200526 	0.150787 	0.072861 	 0.015157 
0.110691 	0.172387 	0.132683 	0.053252 	 0.013574 
0.089108 	0.202624 	0.151675 	0.078224 	 0.015450 
0.107816 	0.186575 	0.141692 	0.063193 	 0.013517 
0.086036 	0.208481 	0.155570 	0.082700 	 0.015772 
0.095633 	0.193088 	0.145930 	0.067675 	 0.014241 
0.097032 	0.196116 	0.148216 	0.071342 	 0.014700 
0.098444 	0.191129 	0.144560 	0.067495 	 0.014044 
0.107232 	0.185656 	0.141331 	0.063637 	 0.013516 
0.100921 	0.193588 	0.146500 	0.067488 	 0.014153 
0.100777 	0.185476 	0.141155 	0.064417 	 0.014025 
0.107515 	0.189137 	0.144451 	0.063490 	 0.014176 
0.107290 	0.177227 	0.136602 	0.055018 	 0.013867 
0.089774 	0.203757 	0.152836 	0.077970 	 0.015065 
0.099230 	0.199422 	0.150466 	0.076352 	 0.015962 
0.076747 	0.212432 	0.159387 	0.080180 	 0.016212 
0.100581 	0.182119 	0.139679 	0.059885 	 0.014293 
0.106048 	0.179317 	0.138245 	0.057302 	 0.014232 
0.094305 	0.193221 	0.147113 	0.067830 	 0.015502 
0.095526 	0.195998 	0.149003 	0.067632 	 0.015074 
0.075530 	0.218175 	0.163146 	0.085148 	 0.016871 
0.088913 	0.201310 	0.152523 	0.072970 	 0.016172 
0.088969 	0.192352 	0.146708 	0.064073 	 0.015111 
0.094096 	0.195315 	0.148869 	0.066483 	 0.015453 
0.093433 	0.196310 	0.149502 	0.068923 	 0.015120 
0.089996 	0.197573 	0.150344 	0.069776 	 0.014975 
0.083500 	0.195676 	0.149016 	0.066658 	 0.014994 
0.076482 	0.202860 	0.153725 	0.072008 	 0.015790 
0.104714 	0.182733 	0.140393 	0.060138 	 0.013550 
0.098520 	0.188223 	0.143887 	0.064202 	 0.013733 
0.099973 	0.186543 	0.142971 	0.061056 	 0.013648 
0.085329 	0.194219 	0.148337 	0.065753 	 0.015373 
0.097873 	0.186684 	0.143446 	0.062298 	 0.014131 
0.088871 	0.186366 	0.142961 	0.064390 	 0.015542 
0.092173 	0.195303 	0.148562 	0.070569 	 0.014676 
0.085345 	0.192739 	0.147864 	0.065365 	 0.015631 
0.094641 	0.194795 	0.149049 	0.066937 	 0.015249 
0.093582 	0.181978 	0.140808 	0.058869 	 0.014928 
0.084148 	0.195250 	0.149021 	0.068302 	 0.015607 
0.083187 	0.191159 	0.146765 	0.063555 	 0.015194 
0.083400 	0.198142 	0.151230 	0.069943 	 0.016151 
0.091804 	0.194205 	0.149052 	0.067338 	 0.015657 
0.088073 	0.189699 	0.145927 	0.061073 	 0.015119 
0.114336 	0.173951 	0.135880 	0.054054 	 0.013422 
0.092234 	0.198646 	0.151676 	0.067479 	 0.014826 
0.091308 	0.177365 	0.137761 	0.054989 	 0.014292 
0.103078 	0.183264 	0.142217 	0.057895 	 0.014834 
0.102118 	0.178983 	0.139415 	0.054166 	 0.013943 
0.094544 	0.191465 	0.147347 	0.062030 	 0.014551 
0.092375 	0.193752 	0.149243 	0.063720 	 0.015662 
0.102086 	0.183228 	0.141872 	0.060456 	 0.014148 
0.095089 	0.181790 	0.140897 	0.060958 	 0.015003 
0.087496 	0.199629 	0.153164 	0.066634 	 0.015549 
0.100852 	0.181405 	0.141334 	0.057453 	 0.014596 
0.099469 	0.174016 	0.136184 	0.052477 	 0.013700 
0.093733 	0.193288 	0.148878 	0.064377 	 0.014935 
0.087491 	0.198627 	0.152437 	0.068653 	 0.015977 
0.095474 	0.186420 	0.144946 	0.055828 	 0.014792 
0.089424 	0.178802 	0.139176 	0.055460 	 0.014182 
0.108877 	0.176705 	0.138422 	0.054464 	 0.013786 
0.080548 	0.196256 	0.151151 	0.066927 	 0.015956 
0.097047 	0.184147 	0.143081 	0.059637 	 0.013897 
0.092741 	0.183061 	0.142520 	0.058155 	 0.015173 
0.088547 	0.187506 	0.145935 	0.059178 	 0.015745 
0.090721 	0.189710 	0.147658 	0.059148 	 0.015407 
0.099479 	0.175972 	0.137845 	0.056332 	 0.014364 
0.069258 	0.209987 	0.160229 	0.075203 	 0.016362 
