di 	gli 	gal 	gos3 	 gos4 
0.420035 	0.026272 	0.015877 	0.017572 	 -0.002025 
0.416800 	0.039336 	0.024413 	0.030231 	 -0.000227 
0.441306 	0.027621 	0.015656 	0.035904 	 -0.001231 
0.417685 	0.051609 	0.031339 	0.051875 	 0.000932 
0.429756 	0.050750 	0.030930 	0.050944 	 0.000094 
0.421443 	0.057972 	0.035861 	0.055156 	 0.000428 
0.406405 	0.061001 	0.037436 	0.059369 	 0.001220 
0.427826 	0.048439 	0.029546 	0.049128 	 0.000013 
0.425178 	0.059873 	0.037050 	0.056293 	 0.000355 
0.418027 	0.057707 	0.035108 	0.056411 	 -0.000008 
0.423936 	0.045974 	0.027657 	0.048340 	 0.000155 
0.409685 	0.056353 	0.034379 	0.056325 	 0.001263 
0.412744 	0.057248 	0.034660 	0.056675 	 0.000693 
0.413728 	0.048286 	0.028929 	0.053571 	 0.000622 
0.398243 	0.077112 	0.048013 	0.068666 	 0.001609 
0.413701 	0.061553 	0.037371 	0.064777 	 0.001557 
0.406944 	0.061309 	0.037790 	0.058221 	 0.001409 
0.412556 	0.068404 	0.042167 	0.064155 	 0.001048 
0.401490 	0.064050 	0.039448 	0.060388 	 0.001156 
0.402284 	0.061415 	0.037944 	0.059257 	 0.002052 
0.394499 	0.077879 	0.048354 	0.071320 	 0.002813 
0.402263 	0.069586 	0.043623 	0.060945 	 0.001501 
0.409046 	0.060368 	0.037058 	0.057056 	 0.000574 
0.386605 	0.077050 	0.047824 	0.071643 	 0.003367 
0.406143 	0.065810 	0.040167 	0.065667 	 0.001503 
0.394397 	0.076405 	0.047411 	0.069667 	 0.002224 
0.396617 	0.069653 	0.043286 	0.064465 	 0.002396 
0.392469 	0.069111 	0.042625 	0.065484 	 0.002181 
0.399081 	0.061236 	0.037780 	0.059121 	 0.002220 
0.386580 	0.082515 	0.051541 	0.073892 	 0.003300 
0.389268 	0.075986 	0.047326 	0.070274 	 0.002826 
0.385849 	0.079518 	0.049222 	0.075605 	 0.003556 
0.388600 	0.077287 	0.047898 	0.072685 	 0.002872 
0.391127 	0.073354 	0.045528 	0.068709 	 0.002819 
0.394481 	0.071985 	0.044581 	0.066813 	 0.002253 
0.391922 	0.067010 	0.041519 	0.063196 	 0.002464 
0.385301 	0.074739 	0.045988 	0.072505 	 0.003045 
0.385069 	0.075211 	0.046648 	0.071769 	 0.003184 
0.382491 	0.078839 	0.048794 	0.075127 	 0.003409 
0.373832 	0.086432 	0.053867 	0.077990 	 0.004073 
0.380801 	0.074868 	0.046198 	0.067886 	 0.002745 
0.365451 	0.084254 	0.052578 	0.074583 	 0.004036 
0.368369 	0.098947 	0.061764 	0.088173 	 0.004513 
0.382654 	0.077563 	0.048066 	0.072603 	 0.003400 
0.383428 	0.076903 	0.048047 	0.071943 	 0.003897 
0.378050 	0.082486 	0.051392 	0.076883 	 0.003691 
0.360465 	0.099173 	0.062440 	0.086318 	 0.005177 
0.370225 	0.086457 	0.054020 	0.076585 	 0.003664 
0.370587 	0.086021 	0.053949 	0.076486 	 0.003627 
0.362210 	0.101197 	0.063671 	0.085998 	 0.004583 
0.373662 	0.083545 	0.051775 	0.075429 	 0.003000 
0.361899 	0.084069 	0.052534 	0.075248 	 0.003850 
0.359264 	0.090267 	0.056716 	0.079967 	 0.004323 
0.372640 	0.088516 	0.056371 	0.074194 	 0.004084 
0.362184 	0.088820 	0.055705 	0.077584 	 0.004290 
0.348340 	0.101533 	0.064058 	0.087424 	 0.005442 
0.356130 	0.098303 	0.062092 	0.084182 	 0.005007 
0.354123 	0.097687 	0.061593 	0.083910 	 0.004828 
0.344558 	0.106146 	0.066806 	0.090546 	 0.004896 
0.364708 	0.088103 	0.055427 	0.079883 	 0.005012 
0.357888 	0.095053 	0.060280 	0.082385 	 0.004644 
0.344196 	0.109289 	0.068929 	0.093227 	 0.005720 
0.353574 	0.092971 	0.058353 	0.082565 	 0.004450 
0.357282 	0.090688 	0.056769 	0.081375 	 0.004496 
0.347714 	0.099060 	0.062408 	0.086300 	 0.005599 
0.331440 	0.115779 	0.073408 	0.096450 	 0.006677 
0.347191 	0.091153 	0.057139 	0.080268 	 0.004490 
0.339120 	0.102424 	0.064434 	0.089652 	 0.005274 
0.339609 	0.105626 	0.066772 	0.090444 	 0.006104 
0.338042 	0.108381 	0.068744 	0.091838 	 0.006351 
0.357325 	0.096951 	0.061123 	0.085217 	 0.004570 
0.343537 	0.099241 	0.062521 	0.084961 	 0.005354 
0.345469 	0.106450 	0.067358 	0.092380 	 0.005894 
0.335618 	0.115389 	0.073301 	0.096803 	 0.006137 
0.336348 	0.111989 	0.070898 	0.095266 	 0.006111 
0.346700 	0.097614 	0.061738 	0.083956 	 0.005569 
0.335261 	0.111138 	0.070277 	0.093835 	 0.005655 
0.349154 	0.102433 	0.065032 	0.087369 	 0.005247 
0.347419 	0.097728 	0.062022 	0.083143 	 0.005265 
0.324659 	0.115335 	0.073207 	0.095024 	 0.006497 
0.347865 	0.093717 	0.059105 	0.079905 	 0.004235 
0.326963 	0.108258 	0.068601 	0.090434 	 0.006233 
0.333866 	0.101990 	0.064782 	0.086754 	 0.005903 
0.337051 	0.103988 	0.066600 	0.084844 	 0.006085 
0.340877 	0.094306 	0.059423 	0.082579 	 0.004949 
0.345415 	0.098635 	0.062717 	0.084831 	 0.006263 
0.326967 	0.112323 	0.071573 	0.091902 	 0.006366 
0.329670 	0.101632 	0.064763 	0.085447 	 0.006108 
0.325580 	0.110335 	0.069906 	0.093729 	 0.005904 
0.334553 	0.103320 	0.065537 	0.087243 	 0.005478 
0.341533 	0.098102 	0.062331 	0.083355 	 0.005355 
0.329785 	0.106190 	0.067556 	0.089109 	 0.006073 
0.329044 	0.112033 	0.070975 	0.094638 	 0.006705 
0.323807 	0.120430 	0.076634 	0.100818 	 0.007072 
0.329612 	0.103580 	0.065609 	0.090322 	 0.006293 
0.332638 	0.100385 	0.063744 	0.084865 	 0.006036 
0.319993 	0.122766 	0.078313 	0.100385 	 0.007577 
0.336271 	0.102625 	0.065184 	0.089322 	 0.006068 
0.328078 	0.109841 	0.070319 	0.089234 	 0.006191 
0.321091 	0.115103 	0.073494 	0.095443 	 0.007357 
0.331052 	0.109440 	0.069907 	0.090144 	 0.006116 
0.317632 	0.120250 	0.077186 	0.094069 	 0.006945 
0.318865 	0.116613 	0.074475 	0.095367 	 0.006683 
0.323712 	0.108730 	0.069268 	0.089736 	 0.006334 
0.326570 	0.113826 	0.072634 	0.093850 	 0.005874 
0.321605 	0.109445 	0.070162 	0.089410 	 0.006779 
0.322762 	0.105921 	0.067647 	0.086897 	 0.006211 
0.323684 	0.117989 	0.075603 	0.095944 	 0.006855 
0.317944 	0.114474 	0.073471 	0.093052 	 0.006834 
0.317297 	0.118213 	0.076181 	0.094110 	 0.007115 
0.310551 	0.132068 	0.085410 	0.101699 	 0.007874 
0.323874 	0.120915 	0.077366 	0.097731 	 0.006727 
0.317913 	0.124749 	0.080318 	0.101516 	 0.007921 
0.325736 	0.109892 	0.070469 	0.088161 	 0.006187 
0.317815 	0.111499 	0.071365 	0.090405 	 0.006685 
0.304770 	0.127680 	0.082251 	0.097892 	 0.006955 
0.315465 	0.119860 	0.076725 	0.098169 	 0.007335 
0.314200 	0.115932 	0.074569 	0.093051 	 0.007521 
0.320064 	0.115536 	0.074436 	0.093366 	 0.007359 
0.315854 	0.113358 	0.072778 	0.090698 	 0.006332 
0.316785 	0.113604 	0.073014 	0.091505 	 0.007049 
0.321833 	0.117980 	0.075732 	0.095294 	 0.006275 
0.301828 	0.139633 	0.090298 	0.107574 	 0.008625 
0.296988 	0.139057 	0.089672 	0.107464 	 0.008186 
0.285288 	0.147872 	0.095028 	0.115498 	 0.008671 
0.299374 	0.141035 	0.091198 	0.110248 	 0.008599 
0.297469 	0.133948 	0.086157 	0.107317 	 0.007985 
0.315907 	0.119570 	0.077465 	0.090920 	 0.006713 
0.302778 	0.137896 	0.089706 	0.104454 	 0.008667 
0.308453 	0.124344 	0.080359 	0.095480 	 0.006618 
0.297770 	0.136644 	0.088298 	0.107076 	 0.008296 
0.287780 	0.140634 	0.091117 	0.107270 	 0.009024 
0.301485 	0.129487 	0.083594 	0.100565 	 0.007376 
0.305593 	0.131493 	0.084924 	0.104178 	 0.008061 
0.304652 	0.131910 	0.085164 	0.102742 	 0.007879 
0.305125 	0.118776 	0.076314 	0.093999 	 0.006742 
0.283868 	0.136751 	0.088690 	0.104876 	 0.008822 
0.297648 	0.137439 	0.089393 	0.102916 	 0.008279 
0.311478 	0.131767 	0.085393 	0.098163 	 0.006435 
0.295556 	0.134899 	0.087550 	0.103203 	 0.008081 
0.286672 	0.136447 	0.088065 	0.105939 	 0.008806 
0.282221 	0.147323 	0.095016 	0.114805 	 0.008826 
0.289193 	0.128646 	0.083230 	0.099550 	 0.008148 
0.308508 	0.122946 	0.079928 	0.093057 	 0.006968 
0.305572 	0.130013 	0.084561 	0.099304 	 0.007472 
0.294887 	0.145456 	0.094887 	0.107676 	 0.008387 
0.284137 	0.144593 	0.094071 	0.106963 	 0.008299 
0.293143 	0.139736 	0.090955 	0.103359 	 0.007923 
0.281824 	0.138754 	0.089903 	0.106356 	 0.009041 
0.289748 	0.125848 	0.081925 	0.093619 	 0.007667 
0.290076 	0.139118 	0.090248 	0.104981 	 0.008509 
0.291461 	0.131861 	0.085616 	0.098548 	 0.007595 
0.281796 	0.143339 	0.093216 	0.104925 	 0.007853 
0.295700 	0.133815 	0.086770 	0.102805 	 0.007832 
0.288082 	0.131522 	0.085759 	0.097068 	 0.008175 
0.293364 	0.135843 	0.088163 	0.102888 	 0.008184 
0.284983 	0.139195 	0.090841 	0.102846 	 0.008663 
0.270983 	0.150490 	0.098148 	0.110162 	 0.009356 
0.290160 	0.136527 	0.089127 	0.099217 	 0.007742 
0.286072 	0.136446 	0.088942 	0.101271 	 0.007826 
0.293859 	0.134514 	0.087761 	0.099323 	 0.007320 
0.282711 	0.138635 	0.090127 	0.102111 	 0.007725 
0.282856 	0.146324 	0.095342 	0.106852 	 0.007744 
0.279839 	0.148177 	0.096199 	0.111268 	 0.008931 
0.299203 	0.136685 	0.089512 	0.100044 	 0.007717 
0.283990 	0.139580 	0.091286 	0.100789 	 0.007978 
0.277614 	0.149334 	0.097375 	0.109762 	 0.009031 
0.284383 	0.148901 	0.097334 	0.108141 	 0.008292 
0.274505 	0.146510 	0.095628 	0.107092 	 0.008601 
0.277353 	0.151007 	0.098825 	0.109423 	 0.009086 
0.295666 	0.133567 	0.087109 	0.100728 	 0.007627 
0.264545 	0.156413 	0.102094 	0.112823 	 0.009630 
0.275501 	0.153139 	0.100305 	0.110816 	 0.009211 
0.274995 	0.144721 	0.094405 	0.107039 	 0.009001 
0.278511 	0.154450 	0.101321 	0.110976 	 0.009046 
0.270052 	0.159848 	0.104672 	0.113789 	 0.009141 
0.271539 	0.158917 	0.103944 	0.117390 	 0.009937 
0.260282 	0.156098 	0.101996 	0.111887 	 0.009155 
0.281389 	0.142141 	0.092961 	0.102891 	 0.008434 
0.273098 	0.155583 	0.101842 	0.112272 	 0.009037 
0.272252 	0.153239 	0.100698 	0.107644 	 0.008559 
0.261446 	0.156423 	0.102936 	0.110163 	 0.010155 
0.277484 	0.143275 	0.094120 	0.102473 	 0.008836 
0.256467 	0.174477 	0.114307 	0.124948 	 0.010606 
0.250324 	0.173100 	0.113532 	0.124030 	 0.011208 
0.268111 	0.150815 	0.099483 	0.104726 	 0.009643 
0.261600 	0.157966 	0.103702 	0.111715 	 0.009626 
0.264279 	0.151068 	0.099428 	0.108156 	 0.009890 
0.265607 	0.155410 	0.101645 	0.112207 	 0.009643 
0.263942 	0.169057 	0.111063 	0.123530 	 0.010860 
0.250439 	0.174722 	0.114846 	0.120259 	 0.010340 
0.249038 	0.176642 	0.116053 	0.123567 	 0.010875 
0.259203 	0.171533 	0.112635 	0.122347 	 0.010761 
0.258023 	0.177072 	0.116613 	0.122224 	 0.010835 
0.262545 	0.166697 	0.109982 	0.114542 	 0.010110 
0.270887 	0.154988 	0.102340 	0.107026 	 0.009005 
0.257398 	0.159105 	0.104836 	0.110504 	 0.009927 
0.261690 	0.166685 	0.109433 	0.114748 	 0.009179 
0.267221 	0.161860 	0.107152 	0.110624 	 0.009749 
0.267430 	0.162930 	0.107801 	0.111473 	 0.009855 
0.253280 	0.161460 	0.106696 	0.109601 	 0.009560 
0.261243 	0.171230 	0.112882 	0.118347 	 0.009469 
0.262171 	0.169631 	0.111897 	0.116587 	 0.009640 
0.254970 	0.165012 	0.108873 	0.114458 	 0.010329 
0.262163 	0.164341 	0.108605 	0.115491 	 0.009949 
0.268601 	0.158833 	0.105358 	0.108603 	 0.009520 
0.244549 	0.173159 	0.114227 	0.119309 	 0.010695 
0.251907 	0.170971 	0.113148 	0.113892 	 0.010109 
0.256154 	0.166082 	0.109528 	0.114098 	 0.009876 
0.245131 	0.175220 	0.115815 	0.119835 	 0.010690 
0.262449 	0.160703 	0.106476 	0.108915 	 0.008878 
0.254226 	0.170391 	0.112839 	0.115414 	 0.009799 
0.251740 	0.174534 	0.115171 	0.118075 	 0.009680 
0.258111 	0.161595 	0.107143 	0.110397 	 0.009943 
0.251241 	0.167464 	0.110794 	0.114889 	 0.010239 
0.256340 	0.157752 	0.104321 	0.107490 	 0.008916 
0.246829 	0.175736 	0.116464 	0.117792 	 0.010560 
0.255965 	0.163501 	0.108426 	0.110393 	 0.009488 
0.247265 	0.170311 	0.112540 	0.116012 	 0.009767 
0.254480 	0.160238 	0.106440 	0.107460 	 0.009586 
0.247647 	0.176246 	0.116895 	0.118746 	 0.010454 
0.255395 	0.161814 	0.107526 	0.109646 	 0.009836 
0.251356 	0.163530 	0.108453 	0.110809 	 0.009850 
0.254542 	0.161751 	0.107683 	0.108331 	 0.009871 
0.251794 	0.171868 	0.113977 	0.115734 	 0.010121 
0.246749 	0.174733 	0.116080 	0.115876 	 0.010143 
0.249411 	0.170737 	0.113323 	0.115112 	 0.010359 
0.248894 	0.164791 	0.109675 	0.108735 	 0.009934 
0.242326 	0.173622 	0.115348 	0.116135 	 0.010670 
0.238078 	0.173185 	0.114920 	0.116255 	 0.010344 
0.241804 	0.181047 	0.120119 	0.122509 	 0.010713 
0.237629 	0.170489 	0.113509 	0.111144 	 0.010529 
0.240638 	0.182425 	0.121173 	0.120605 	 0.011053 
0.239665 	0.174834 	0.115992 	0.118625 	 0.011016 
0.237681 	0.187514 	0.124585 	0.123512 	 0.010809 
0.228195 	0.176952 	0.117845 	0.115169 	 0.011384 
0.235376 	0.181191 	0.119940 	0.120116 	 0.010802 
0.242711 	0.164484 	0.109673 	0.105643 	 0.009800 
0.245105 	0.172846 	0.115020 	0.113512 	 0.010256 
0.233892 	0.179219 	0.119379 	0.115078 	 0.010593 
0.243763 	0.172882 	0.115471 	0.111603 	 0.010230 
0.246086 	0.170624 	0.114155 	0.109258 	 0.010433 
0.229876 	0.176580 	0.116934 	0.119043 	 0.010536 
0.221055 	0.194041 	0.128652 	0.131433 	 0.012268 
0.228562 	0.180803 	0.120263 	0.120347 	 0.011061 
0.241319 	0.167068 	0.112042 	0.104089 	 0.010140 
0.221803 	0.192935 	0.128640 	0.123706 	 0.011889 
0.232002 	0.173181 	0.115687 	0.112019 	 0.010529 
0.238246 	0.182123 	0.121689 	0.115110 	 0.010369 
0.236363 	0.184832 	0.123141 	0.120243 	 0.010435 
0.233637 	0.183737 	0.122667 	0.119199 	 0.011466 
0.221304 	0.190887 	0.127585 	0.122540 	 0.012015 
0.236116 	0.180577 	0.120586 	0.115780 	 0.010119 
0.232692 	0.194654 	0.130388 	0.123922 	 0.011881 
0.219345 	0.192017 	0.128356 	0.122523 	 0.012171 
0.233028 	0.188700 	0.126440 	0.118685 	 0.010642 
0.211637 	0.205843 	0.137349 	0.132013 	 0.012357 
0.222363 	0.198381 	0.132844 	0.125309 	 0.012496 
0.214461 	0.197588 	0.132117 	0.124063 	 0.011980 
0.230359 	0.188197 	0.126401 	0.118578 	 0.011558 
0.222127 	0.206593 	0.137731 	0.134007 	 0.012064 
0.209644 	0.196063 	0.130892 	0.125045 	 0.011937 
0.222195 	0.195854 	0.130710 	0.124932 	 0.011584 
0.245406 	0.181818 	0.122490 	0.111962 	 0.009832 
0.228814 	0.178209 	0.119609 	0.109998 	 0.010212 
0.220729 	0.194598 	0.130578 	0.121664 	 0.011517 
0.225254 	0.184689 	0.123962 	0.116678 	 0.011439 
0.227677 	0.188492 	0.125761 	0.120697 	 0.010493 
0.218448 	0.198080 	0.132890 	0.126479 	 0.012628 
0.216198 	0.195128 	0.131106 	0.123029 	 0.012449 
0.228168 	0.187130 	0.125684 	0.118117 	 0.011289 
0.218669 	0.191507 	0.128665 	0.120913 	 0.012187 
0.209594 	0.200424 	0.134605 	0.125174 	 0.012268 
0.198927 	0.224942 	0.150488 	0.141487 	 0.013849 
0.216275 	0.202327 	0.135470 	0.129322 	 0.012458 
0.218870 	0.185567 	0.125055 	0.112185 	 0.011073 
0.218370 	0.196461 	0.131384 	0.125922 	 0.011576 
0.221646 	0.196192 	0.132329 	0.119276 	 0.012178 
0.209585 	0.201244 	0.135115 	0.126082 	 0.012606 
0.225307 	0.193389 	0.130421 	0.118617 	 0.011338 
0.229959 	0.185622 	0.125219 	0.113574 	 0.010980 
0.206585 	0.203597 	0.136813 	0.128604 	 0.012545 
0.212058 	0.192469 	0.130030 	0.115958 	 0.011778 
0.214664 	0.204921 	0.137710 	0.128409 	 0.012245 
0.214140 	0.205456 	0.138387 	0.126980 	 0.012110 
0.218499 	0.202194 	0.135934 	0.127250 	 0.012542 
0.220778 	0.206710 	0.138783 	0.128172 	 0.011371 
0.204898 	0.208246 	0.140059 	0.128578 	 0.012370 
0.210573 	0.207527 	0.139599 	0.129304 	 0.012366 
0.210253 	0.208926 	0.140903 	0.127532 	 0.012522 
0.204381 	0.211800 	0.142911 	0.128872 	 0.012773 
0.211320 	0.198327 	0.134416 	0.118522 	 0.012604 
0.206091 	0.205860 	0.138711 	0.125560 	 0.011968 
0.208054 	0.204232 	0.137736 	0.123917 	 0.011805 
0.209022 	0.199718 	0.134311 	0.125211 	 0.011853 
0.213438 	0.204548 	0.138640 	0.121591 	 0.012069 
0.207023 	0.210522 	0.142165 	0.126959 	 0.012344 
0.203911 	0.210428 	0.142376 	0.124744 	 0.012434 
0.196335 	0.219759 	0.148412 	0.131481 	 0.013025 
0.212010 	0.204028 	0.137894 	0.120688 	 0.011863 
0.216120 	0.195668 	0.132395 	0.117973 	 0.011629 
0.199424 	0.208556 	0.140882 	0.127092 	 0.012640 
0.203568 	0.204938 	0.138469 	0.125604 	 0.012685 
0.210592 	0.203146 	0.137415 	0.120435 	 0.011352 
0.201297 	0.205538 	0.139075 	0.123559 	 0.012629 
0.200459 	0.210746 	0.142769 	0.127701 	 0.013332 
0.207143 	0.200739 	0.135957 	0.119680 	 0.011524 
0.209753 	0.207395 	0.140693 	0.122940 	 0.011969 
0.203188 	0.210972 	0.142925 	0.125619 	 0.011894 
0.204566 	0.208266 	0.141286 	0.122401 	 0.012102 
0.215461 	0.191916 	0.130781 	0.110600 	 0.011067 
0.219698 	0.196028 	0.133198 	0.114062 	 0.010759 
0.210805 	0.190548 	0.129805 	0.110339 	 0.011154 
0.200375 	0.205059 	0.138781 	0.123168 	 0.012516 
0.200512 	0.208740 	0.141096 	0.128061 	 0.012826 
0.206577 	0.205144 	0.139388 	0.120445 	 0.011732 
0.206840 	0.195089 	0.132416 	0.115423 	 0.011760 
0.203777 	0.201169 	0.136647 	0.117355 	 0.011618 
0.201867 	0.206313 	0.139927 	0.121961 	 0.011794 
0.204570 	0.202047 	0.137654 	0.117547 	 0.012359 
0.199541 	0.202291 	0.137183 	0.121675 	 0.012792 
0.199423 	0.209323 	0.141693 	0.124823 	 0.012143 
0.204404 	0.207065 	0.140957 	0.118533 	 0.011676 
0.194021 	0.214020 	0.144968 	0.127419 	 0.012377 
0.202879 	0.196808 	0.133933 	0.115229 	 0.012178 
0.194708 	0.201343 	0.136647 	0.117511 	 0.011741 
0.186545 	0.215478 	0.146177 	0.125176 	 0.012084 
0.201410 	0.204662 	0.139202 	0.118177 	 0.011963 
0.198759 	0.205900 	0.140032 	0.121325 	 0.012567 
0.207176 	0.204181 	0.139054 	0.118115 	 0.011638 
0.204131 	0.204305 	0.139616 	0.115326 	 0.011701 
0.197551 	0.214197 	0.146151 	0.120803 	 0.012129 
0.203596 	0.204236 	0.139542 	0.118334 	 0.011979 
0.189445 	0.224136 	0.151991 	0.132358 	 0.012592 
0.197893 	0.203699 	0.139290 	0.115942 	 0.012054 
0.194578 	0.212603 	0.144438 	0.124557 	 0.012737 
0.200901 	0.208254 	0.141830 	0.121352 	 0.011371 
0.207299 	0.199176 	0.136112 	0.112724 	 0.011401 
0.188392 	0.222447 	0.151582 	0.128947 	 0.013163 
0.201398 	0.202064 	0.138346 	0.114618 	 0.011817 
0.183025 	0.216527 	0.147591 	0.124875 	 0.013023 
0.188963 	0.223769 	0.152487 	0.129879 	 0.013334 
0.188187 	0.220209 	0.150447 	0.126227 	 0.013228 
0.199153 	0.203580 	0.139487 	0.111946 	 0.011360 
0.176455 	0.218859 	0.149493 	0.125371 	 0.013951 
0.179825 	0.217315 	0.148286 	0.123027 	 0.013059 
0.197237 	0.209144 	0.143031 	0.117197 	 0.012326 
0.186712 	0.219571 	0.149898 	0.124715 	 0.012976 
0.169096 	0.233677 	0.158822 	0.135432 	 0.014632 
0.180217 	0.215022 	0.147005 	0.121420 	 0.013215 
0.181122 	0.222306 	0.151863 	0.126778 	 0.013430 
0.186510 	0.210098 	0.143727 	0.118110 	 0.012419 
0.170105 	0.229308 	0.156041 	0.132696 	 0.013965 
0.183874 	0.216154 	0.148269 	0.122225 	 0.013653 
0.179156 	0.222671 	0.152008 	0.125959 	 0.013582 
0.182251 	0.219003 	0.149917 	0.122759 	 0.013009 
0.178061 	0.214553 	0.146889 	0.120755 	 0.012978 
0.191418 	0.209181 	0.143818 	0.115006 	 0.012363 
0.181455 	0.215803 	0.148375 	0.118759 	 0.013117 
0.176331 	0.226479 	0.154709 	0.126744 	 0.013457 
0.173664 	0.228748 	0.156336 	0.129330 	 0.013568 
0.170182 	0.232251 	0.158314 	0.132315 	 0.013824 
0.169980 	0.224194 	0.153636 	0.124445 	 0.013726 
0.189725 	0.221785 	0.152230 	0.122799 	 0.012791 
0.173510 	0.228890 	0.157340 	0.124862 	 0.013842 
0.176579 	0.225874 	0.155079 	0.124274 	 0.013533 
0.179355 	0.221075 	0.151842 	0.121211 	 0.012825 
0.194098 	0.208940 	0.144036 	0.114306 	 0.012400 
0.187712 	0.218400 	0.149921 	0.121561 	 0.013020 
0.165962 	0.233748 	0.160414 	0.130346 	 0.014434 
0.185474 	0.218282 	0.150172 	0.118763 	 0.012863 
0.168381 	0.223073 	0.153390 	0.121440 	 0.013608 
0.179801 	0.227941 	0.156788 	0.124136 	 0.012819 
0.184187 	0.217285 	0.149446 	0.117786 	 0.011926 
0.170719 	0.233779 	0.160150 	0.129485 	 0.013319 
0.160549 	0.236839 	0.162586 	0.130874 	 0.014644 
0.179511 	0.236076 	0.162723 	0.127763 	 0.014142 
0.174590 	0.234528 	0.161038 	0.129444 	 0.013500 
0.172510 	0.224171 	0.154365 	0.123059 	 0.014033 
0.178649 	0.221303 	0.152060 	0.121977 	 0.012559 
0.167698 	0.231010 	0.158675 	0.129047 	 0.014258 
0.175645 	0.229238 	0.157695 	0.126939 	 0.013778 
0.170897 	0.227654 	0.156615 	0.125849 	 0.013902 
0.178805 	0.233508 	0.160470 	0.129938 	 0.014211 
0.184159 	0.225516 	0.155860 	0.121948 	 0.013493 
0.175744 	0.231179 	0.159280 	0.125121 	 0.013840 
0.166550 	0.239801 	0.164927 	0.133765 	 0.014942 
0.177023 	0.220900 	0.152939 	0.115284 	 0.013147 
0.167142 	0.236097 	0.162382 	0.128367 	 0.014014 
0.170823 	0.229896 	0.158481 	0.125085 	 0.014192 
0.168161 	0.240500 	0.165537 	0.130736 	 0.014615 
0.182313 	0.221260 	0.153001 	0.118414 	 0.013063 
0.165662 	0.234774 	0.162030 	0.128545 	 0.014918 
0.166366 	0.237693 	0.163842 	0.127330 	 0.013633 
0.170310 	0.233054 	0.160906 	0.123944 	 0.013389 
0.156231 	0.241801 	0.166709 	0.129920 	 0.014463 
0.164782 	0.239715 	0.165141 	0.130554 	 0.015026 
0.174418 	0.234048 	0.161632 	0.125976 	 0.013729 
0.175815 	0.231027 	0.159991 	0.122968 	 0.013486 
0.156530 	0.236117 	0.162929 	0.125430 	 0.014152 
0.175087 	0.241361 	0.166766 	0.129113 	 0.013560 
0.166969 	0.235643 	0.162402 	0.128775 	 0.013466 
0.172552 	0.230674 	0.159728 	0.122236 	 0.013096 
0.167088 	0.226435 	0.156765 	0.121026 	 0.013772 
0.157793 	0.242387 	0.167495 	0.129736 	 0.014684 
0.161358 	0.247493 	0.170514 	0.133292 	 0.014229 
0.172029 	0.228122 	0.158148 	0.120007 	 0.012991 
0.190378 	0.217997 	0.152307 	0.111189 	 0.012521 
0.168797 	0.234203 	0.162425 	0.122029 	 0.013540 
0.164546 	0.244147 	0.168710 	0.129949 	 0.013933 
0.155278 	0.241419 	0.166712 	0.130258 	 0.014246 
0.155871 	0.247326 	0.171020 	0.131823 	 0.014580 
0.168377 	0.237812 	0.164764 	0.123952 	 0.013871 
0.146968 	0.250236 	0.172617 	0.134735 	 0.015241 
0.156996 	0.239315 	0.165673 	0.125010 	 0.014245 
0.166060 	0.237322 	0.164521 	0.123626 	 0.013530 
0.172006 	0.233566 	0.162471 	0.120379 	 0.013457 
0.168939 	0.233709 	0.162410 	0.121732 	 0.013738 
0.161703 	0.245464 	0.170003 	0.131643 	 0.015001 
0.172642 	0.233248 	0.162305 	0.118320 	 0.012858 
0.148624 	0.251733 	0.174202 	0.131887 	 0.015284 
0.155780 	0.249198 	0.172748 	0.130154 	 0.014325 
0.163943 	0.227272 	0.158170 	0.116317 	 0.013272 
0.170876 	0.227947 	0.158383 	0.117021 	 0.012369 
0.157156 	0.234050 	0.162830 	0.121943 	 0.014001 
0.166234 	0.241168 	0.167970 	0.124081 	 0.014054 
0.164469 	0.228155 	0.158918 	0.116051 	 0.012805 
0.158034 	0.236225 	0.163967 	0.123739 	 0.013520 
0.150672 	0.245362 	0.169606 	0.132089 	 0.014421 
0.151962 	0.245991 	0.170590 	0.130243 	 0.014688 
0.156891 	0.237905 	0.165372 	0.125422 	 0.014185 
0.155050 	0.233755 	0.162711 	0.120815 	 0.013614 
0.158190 	0.240677 	0.166964 	0.128436 	 0.014179 
0.161743 	0.239549 	0.166795 	0.121156 	 0.013129 
0.154953 	0.243577 	0.169197 	0.126612 	 0.014331 
0.147642 	0.244546 	0.169903 	0.127875 	 0.014577 
0.166796 	0.225159 	0.157590 	0.114571 	 0.013480 
0.137884 	0.257801 	0.178307 	0.136933 	 0.015296 
0.157314 	0.241794 	0.168451 	0.124219 	 0.014423 
0.140530 	0.261506 	0.181256 	0.139109 	 0.015307 
0.153327 	0.240376 	0.167616 	0.121839 	 0.014091 
0.154340 	0.240324 	0.167319 	0.126422 	 0.014600 
0.158536 	0.241620 	0.168567 	0.122601 	 0.014294 
0.149388 	0.247001 	0.172307 	0.126545 	 0.014348 
0.165944 	0.230354 	0.161283 	0.116934 	 0.013560 
0.161612 	0.239417 	0.167177 	0.122896 	 0.013976 
0.157413 	0.235534 	0.164896 	0.118029 	 0.013611 
0.158634 	0.230380 	0.161633 	0.114251 	 0.013452 
0.154836 	0.248442 	0.173311 	0.125809 	 0.013657 
0.150279 	0.249557 	0.173590 	0.132148 	 0.014717 
0.150424 	0.250992 	0.175234 	0.126303 	 0.014182 
0.149573 	0.247492 	0.172759 	0.126686 	 0.014882 
0.138190 	0.257733 	0.179575 	0.130133 	 0.014722 
0.139968 	0.260882 	0.180964 	0.137346 	 0.015454 
0.151090 	0.250671 	0.174926 	0.128099 	 0.014993 
0.157200 	0.233142 	0.163726 	0.115537 	 0.013747 
0.149648 	0.238382 	0.166843 	0.120594 	 0.014436 
0.155893 	0.245117 	0.171259 	0.123573 	 0.014086 
0.143702 	0.257470 	0.179956 	0.130869 	 0.015476 
0.143807 	0.249693 	0.174331 	0.127279 	 0.015018 
0.153005 	0.249308 	0.174928 	0.123458 	 0.015176 
0.134520 	0.253939 	0.177146 	0.128015 	 0.015170 
0.138869 	0.251517 	0.176165 	0.125084 	 0.015551 
0.163802 	0.231774 	0.163136 	0.110157 	 0.012520 
0.137427 	0.263913 	0.183727 	0.135888 	 0.015170 
0.133937 	0.259341 	0.180597 	0.135135 	 0.015767 
0.138466 	0.258951 	0.181071 	0.128668 	 0.015131 
0.151725 	0.245346 	0.172448 	0.119389 	 0.013949 
0.124689 	0.256739 	0.179649 	0.127041 	 0.015932 
0.141754 	0.251417 	0.176219 	0.121325 	 0.014176 
0.142592 	0.255270 	0.179036 	0.126421 	 0.015368 
0.132039 	0.257112 	0.180023 	0.128934 	 0.015408 
0.141767 	0.258777 	0.181198 	0.127412 	 0.014849 
0.137314 	0.248556 	0.174831 	0.121264 	 0.015402 
0.150501 	0.256238 	0.179712 	0.127012 	 0.014910 
0.139116 	0.255956 	0.179518 	0.127047 	 0.015949 
0.149088 	0.244858 	0.172495 	0.119805 	 0.014563 
0.147684 	0.243809 	0.171394 	0.119823 	 0.014345 
0.147395 	0.244549 	0.172472 	0.117204 	 0.014468 
0.131027 	0.267373 	0.186679 	0.135335 	 0.015564 
0.133844 	0.265440 	0.185904 	0.130779 	 0.014952 
0.133853 	0.265243 	0.185619 	0.132659 	 0.015997 
0.139602 	0.266359 	0.186356 	0.134710 	 0.015585 
0.148299 	0.253866 	0.178568 	0.124571 	 0.014963 
0.139072 	0.256609 	0.180573 	0.122904 	 0.014629 
0.129024 	0.262472 	0.184269 	0.130230 	 0.015791 
0.136118 	0.263090 	0.184684 	0.131119 	 0.015744 
0.126107 	0.267373 	0.187767 	0.133683 	 0.016704 
0.136026 	0.262627 	0.184340 	0.131443 	 0.016088 
0.127080 	0.270133 	0.189027 	0.136184 	 0.016320 
0.144744 	0.251306 	0.177061 	0.120270 	 0.014870 
0.143409 	0.261806 	0.183625 	0.132389 	 0.015309 
0.133770 	0.271181 	0.190153 	0.137674 	 0.016424 
0.135195 	0.263372 	0.185346 	0.127653 	 0.015623 
0.120018 	0.274315 	0.192256 	0.138134 	 0.016747 
0.143144 	0.250203 	0.177068 	0.118912 	 0.015210 
0.147268 	0.251367 	0.177909 	0.117196 	 0.014619 
0.137426 	0.257769 	0.181641 	0.126303 	 0.015585 
0.128213 	0.270781 	0.190044 	0.136299 	 0.016099 
0.128812 	0.276433 	0.193941 	0.137885 	 0.016623 
0.132356 	0.262683 	0.185312 	0.127862 	 0.016164 
0.109548 	0.285145 	0.199499 	0.145246 	 0.017710 
0.143685 	0.259514 	0.182814 	0.125923 	 0.014229 
0.142937 	0.254006 	0.179711 	0.120164 	 0.014538 
0.155198 	0.235036 	0.167697 	0.105145 	 0.013933 
0.130979 	0.262865 	0.185601 	0.126918 	 0.015554 
0.125038 	0.271895 	0.191763 	0.130338 	 0.016014 
0.137035 	0.268070 	0.188813 	0.130086 	 0.014649 
0.130141 	0.263200 	0.186102 	0.123966 	 0.015239 
0.139367 	0.265921 	0.187954 	0.128337 	 0.015703 
0.121631 	0.270918 	0.191247 	0.129551 	 0.015880 
0.131722 	0.265647 	0.187881 	0.126866 	 0.016010 
0.127267 	0.267745 	0.189296 	0.130003 	 0.016616 
0.126878 	0.268420 	0.190067 	0.126678 	 0.015864 
0.133317 	0.267622 	0.189284 	0.128498 	 0.016094 
0.126053 	0.274446 	0.193768 	0.132156 	 0.016107 
0.143732 	0.256602 	0.181960 	0.121537 	 0.015018 
0.132110 	0.267950 	0.189543 	0.126428 	 0.015535 
0.129481 	0.261034 	0.185215 	0.120210 	 0.015074 
0.127234 	0.272259 	0.192621 	0.130596 	 0.016382 
0.118671 	0.274287 	0.193662 	0.131387 	 0.016430 
0.128085 	0.262201 	0.185988 	0.122124 	 0.015036 
0.125866 	0.264447 	0.187623 	0.124872 	 0.016033 
0.117227 	0.276976 	0.196084 	0.132239 	 0.017128 
0.127689 	0.275465 	0.195198 	0.128870 	 0.016167 
0.129974 	0.270800 	0.191783 	0.127472 	 0.015695 
0.130177 	0.258056 	0.183287 	0.119340 	 0.014973 
0.129203 	0.275606 	0.194857 	0.133622 	 0.016272 
0.146869 	0.254541 	0.181257 	0.116129 	 0.014403 
0.125001 	0.275999 	0.195321 	0.135011 	 0.017252 
0.124227 	0.271399 	0.192122 	0.127947 	 0.015832 
0.114577 	0.287643 	0.203146 	0.136977 	 0.016769 
0.132534 	0.277165 	0.196441 	0.132516 	 0.016900 
0.133025 	0.261362 	0.185996 	0.120984 	 0.015912 
0.122114 	0.273809 	0.194080 	0.131501 	 0.016392 
0.138730 	0.269173 	0.191496 	0.124843 	 0.015560 
0.121329 	0.273768 	0.194149 	0.128754 	 0.016233 
0.122943 	0.274674 	0.194786 	0.130406 	 0.016379 
0.141365 	0.254054 	0.181628 	0.116052 	 0.014741 
0.122443 	0.275101 	0.195180 	0.131014 	 0.016591 
0.131731 	0.265299 	0.188762 	0.122138 	 0.015649 
0.118568 	0.273436 	0.194078 	0.129435 	 0.016463 
0.129134 	0.267922 	0.190986 	0.123204 	 0.016132 
0.120824 	0.271684 	0.193082 	0.127641 	 0.016383 
0.127771 	0.266037 	0.189954 	0.121428 	 0.016145 
0.136695 	0.252232 	0.180346 	0.113595 	 0.015031 
0.138018 	0.260831 	0.186079 	0.120828 	 0.015469 
0.130638 	0.279515 	0.198744 	0.130856 	 0.016536 
0.129603 	0.260229 	0.186457 	0.115901 	 0.015626 
0.113638 	0.280644 	0.199026 	0.134330 	 0.017141 
0.124319 	0.267814 	0.191061 	0.123883 	 0.016065 
0.116300 	0.277508 	0.196986 	0.133616 	 0.017072 
0.120229 	0.271293 	0.192859 	0.129614 	 0.016583 
0.122491 	0.277226 	0.197793 	0.126788 	 0.016940 
0.117317 	0.286836 	0.204036 	0.133217 	 0.017173 
0.122275 	0.274810 	0.195831 	0.126009 	 0.016377 
0.131861 	0.270908 	0.193111 	0.125171 	 0.015729 
0.112068 	0.287064 	0.204232 	0.135240 	 0.017760 
0.102912 	0.286020 	0.202954 	0.136246 	 0.017732 
0.127044 	0.267568 	0.191053 	0.122997 	 0.015936 
0.113271 	0.285783 	0.203266 	0.132968 	 0.016813 
0.122993 	0.277495 	0.198136 	0.127575 	 0.015847 
0.118693 	0.286913 	0.204111 	0.135255 	 0.016967 
0.118337 	0.281818 	0.201085 	0.129757 	 0.017003 
0.118193 	0.271939 	0.194163 	0.125477 	 0.016050 
0.122411 	0.279971 	0.199723 	0.128944 	 0.016578 
0.114763 	0.281583 	0.200601 	0.132550 	 0.017461 
0.126663 	0.270525 	0.193821 	0.123271 	 0.016488 
0.105995 	0.276698 	0.198053 	0.125720 	 0.017366 
0.120938 	0.278980 	0.199321 	0.129263 	 0.017195 
0.114003 	0.268515 	0.192624 	0.121067 	 0.016864 
0.109641 	0.276591 	0.197384 	0.127774 	 0.016635 
0.115167 	0.264626 	0.190254 	0.115345 	 0.016033 
0.120568 	0.271862 	0.194292 	0.126150 	 0.015987 
0.127463 	0.261197 	0.187934 	0.117701 	 0.016362 
0.112778 	0.263207 	0.188651 	0.118889 	 0.016006 
0.124266 	0.271745 	0.194807 	0.120490 	 0.015737 
0.128157 	0.257104 	0.184685 	0.116402 	 0.015160 
0.114328 	0.275574 	0.197917 	0.125360 	 0.017700 
0.130915 	0.262855 	0.189019 	0.116440 	 0.015325 
0.114954 	0.275802 	0.197855 	0.124666 	 0.016904 
0.124148 	0.264426 	0.190142 	0.118436 	 0.016162 
0.126498 	0.263990 	0.190201 	0.115860 	 0.015684 
0.109250 	0.278370 	0.199840 	0.123244 	 0.017033 
0.113968 	0.271790 	0.194878 	0.124342 	 0.016761 
0.133840 	0.254655 	0.184483 	0.109210 	 0.015807 
0.122892 	0.266279 	0.191542 	0.118376 	 0.015671 
0.129063 	0.270201 	0.194570 	0.120161 	 0.016093 
0.122533 	0.253312 	0.183943 	0.105175 	 0.015874 
0.134115 	0.259683 	0.187446 	0.113540 	 0.015179 
0.112470 	0.280935 	0.201103 	0.131879 	 0.017194 
0.111251 	0.292942 	0.209553 	0.136199 	 0.017724 
0.117071 	0.276903 	0.198932 	0.126051 	 0.016987 
0.132142 	0.269451 	0.194358 	0.120446 	 0.016182 
0.123353 	0.274845 	0.197422 	0.125109 	 0.016557 
0.114082 	0.276516 	0.198917 	0.124524 	 0.017149 
0.107868 	0.275768 	0.198704 	0.122689 	 0.017870 
0.110806 	0.283249 	0.203004 	0.130204 	 0.018128 
0.114239 	0.272633 	0.196713 	0.117818 	 0.016604 
0.118139 	0.271216 	0.196350 	0.115972 	 0.016462 
0.438894 	-0.000983 	0.000649 	-0.002602 	 -0.000327 
0.441436 	0.008291 	0.006760 	0.006172 	 0.001471 
0.451112 	0.011390 	0.008352 	0.013879 	 0.001143 
0.448602 	0.011381 	0.008438 	0.014518 	 0.001764 
0.441898 	0.028101 	0.018719 	0.027689 	 0.001951 
0.445875 	0.022788 	0.015902 	0.022290 	 0.002075 
0.425934 	0.037558 	0.025320 	0.032768 	 0.003039 
0.436941 	0.025550 	0.017516 	0.027110 	 0.002661 
0.433416 	0.035065 	0.023872 	0.029416 	 0.002917 
0.426839 	0.027077 	0.018076 	0.029895 	 0.003196 
0.421456 	0.034016 	0.023200 	0.030405 	 0.004182 
0.425596 	0.035191 	0.023397 	0.035129 	 0.003462 
0.441027 	0.028347 	0.019513 	0.025439 	 0.001990 
0.449678 	0.008678 	0.006340 	0.015714 	 0.002389 
0.433451 	0.039317 	0.026469 	0.032374 	 0.002754 
0.417916 	0.047922 	0.031306 	0.043034 	 0.003972 
0.408060 	0.049769 	0.033208 	0.041369 	 0.004328 
0.424090 	0.032654 	0.022052 	0.029603 	 0.003380 
0.401394 	0.049671 	0.032643 	0.043626 	 0.004646 
0.411752 	0.042592 	0.028684 	0.036970 	 0.004872 
0.398989 	0.055278 	0.035904 	0.048490 	 0.005030 
0.393660 	0.057838 	0.037848 	0.052550 	 0.005780 
0.408457 	0.050756 	0.033792 	0.042946 	 0.005506 
0.394099 	0.052746 	0.034427 	0.046000 	 0.005412 
0.387050 	0.059200 	0.038771 	0.052669 	 0.006318 
0.396800 	0.057102 	0.038013 	0.046702 	 0.005550 
0.398052 	0.055703 	0.036682 	0.047797 	 0.005438 
0.389457 	0.047139 	0.031265 	0.042817 	 0.005646 
0.399389 	0.051402 	0.034281 	0.043127 	 0.005414 
0.377511 	0.071056 	0.046553 	0.059672 	 0.007574 
0.391936 	0.057163 	0.037689 	0.050669 	 0.006276 
0.386613 	0.059990 	0.038812 	0.055323 	 0.006202 
0.387456 	0.059547 	0.039705 	0.048377 	 0.006877 
0.398425 	0.053410 	0.035279 	0.045714 	 0.005183 
0.379291 	0.062243 	0.041120 	0.052057 	 0.007106 
0.379458 	0.063165 	0.041810 	0.051073 	 0.006122 
0.384907 	0.058147 	0.037987 	0.050577 	 0.006339 
0.383980 	0.057652 	0.037559 	0.052529 	 0.006414 
0.390697 	0.049263 	0.032520 	0.045915 	 0.006186 
0.369395 	0.066150 	0.043604 	0.055335 	 0.007347 
0.363865 	0.077733 	0.051294 	0.062820 	 0.007737 
0.366297 	0.072669 	0.047359 	0.061748 	 0.006987 
0.380183 	0.060719 	0.039779 	0.050441 	 0.005854 
0.373375 	0.072087 	0.047779 	0.057657 	 0.006972 
0.372591 	0.062434 	0.041072 	0.051206 	 0.006609 
0.377618 	0.061824 	0.041204 	0.052173 	 0.007332 
0.362585 	0.069534 	0.045030 	0.060277 	 0.006944 
0.375941 	0.061333 	0.040642 	0.053218 	 0.007157 
0.370403 	0.064351 	0.042536 	0.053348 	 0.007209 
0.358306 	0.073980 	0.048475 	0.062310 	 0.008084 
0.374087 	0.067072 	0.044287 	0.056365 	 0.006691 
0.370536 	0.060282 	0.040167 	0.047677 	 0.006395 
0.375310 	0.067279 	0.044348 	0.056286 	 0.007043 
0.377203 	0.062701 	0.041368 	0.053547 	 0.006472 
0.355371 	0.079218 	0.052230 	0.065536 	 0.008947 
0.361167 	0.073681 	0.048656 	0.062117 	 0.008126 
0.360189 	0.068039 	0.044626 	0.059636 	 0.007163 
0.349032 	0.085027 	0.055692 	0.069804 	 0.007950 
0.354682 	0.076986 	0.050363 	0.065203 	 0.008142 
0.350461 	0.079184 	0.052774 	0.062143 	 0.008625 
0.358571 	0.068225 	0.045080 	0.057949 	 0.007922 
0.361975 	0.063200 	0.042247 	0.051115 	 0.007573 
0.352027 	0.068157 	0.045332 	0.055760 	 0.008212 
0.344643 	0.072208 	0.047679 	0.058996 	 0.008731 
0.364962 	0.064044 	0.042219 	0.054506 	 0.006955 
0.350950 	0.075960 	0.049996 	0.062558 	 0.008052 
0.350414 	0.075876 	0.050227 	0.060498 	 0.007992 
0.360225 	0.072418 	0.048159 	0.059486 	 0.008575 
0.341279 	0.081887 	0.053601 	0.067778 	 0.008893 
0.336394 	0.082444 	0.054146 	0.069099 	 0.009570 
0.336403 	0.078077 	0.051127 	0.064386 	 0.008414 
0.338710 	0.084659 	0.056068 	0.066196 	 0.009115 
0.340690 	0.081329 	0.053824 	0.065483 	 0.008826 
0.341678 	0.084228 	0.055626 	0.069105 	 0.009523 
0.330952 	0.079724 	0.052542 	0.064783 	 0.009112 
0.346792 	0.068318 	0.045223 	0.057485 	 0.007996 
0.333279 	0.092902 	0.061506 	0.072219 	 0.009580 
0.334685 	0.090165 	0.059585 	0.069351 	 0.008398 
0.333806 	0.088769 	0.058338 	0.071842 	 0.009441 
0.345472 	0.077854 	0.051918 	0.061941 	 0.008285 
0.326920 	0.092928 	0.061032 	0.073698 	 0.009213 
0.333591 	0.083956 	0.055879 	0.064348 	 0.009012 
0.325748 	0.087728 	0.057472 	0.071541 	 0.009464 
0.341043 	0.083048 	0.055289 	0.063532 	 0.008088 
0.324775 	0.097410 	0.064279 	0.076054 	 0.009760 
0.325049 	0.090660 	0.059907 	0.070341 	 0.009201 
0.331673 	0.085263 	0.056808 	0.065730 	 0.009244 
0.338863 	0.074110 	0.048897 	0.058540 	 0.008088 
0.319618 	0.091463 	0.060654 	0.068248 	 0.009110 
0.326925 	0.092188 	0.061133 	0.070058 	 0.009351 
0.335515 	0.082924 	0.054652 	0.067641 	 0.008947 
0.316516 	0.100067 	0.066056 	0.076194 	 0.009706 
0.315789 	0.097129 	0.063966 	0.074620 	 0.009965 
0.327415 	0.085446 	0.056819 	0.065818 	 0.008930 
0.325205 	0.089351 	0.059106 	0.069936 	 0.009262 
0.313447 	0.099874 	0.066150 	0.075894 	 0.009859 
0.327713 	0.088266 	0.058840 	0.068540 	 0.009642 
0.313372 	0.091926 	0.060709 	0.071941 	 0.010036 
0.328589 	0.085134 	0.056683 	0.065577 	 0.009057 
0.326819 	0.090510 	0.060298 	0.068293 	 0.009039 
0.315837 	0.094698 	0.062819 	0.073385 	 0.009695 
0.321171 	0.095429 	0.063302 	0.072305 	 0.009142 
0.322713 	0.088196 	0.059010 	0.065093 	 0.009197 
0.320232 	0.082612 	0.055093 	0.063107 	 0.009145 
0.325575 	0.085291 	0.056862 	0.065977 	 0.008876 
0.305939 	0.095913 	0.063609 	0.073781 	 0.010227 
0.308769 	0.105617 	0.070468 	0.077728 	 0.010852 
0.304493 	0.105135 	0.069612 	0.079201 	 0.010654 
0.314388 	0.100489 	0.066489 	0.077174 	 0.010024 
0.311061 	0.090459 	0.059624 	0.070719 	 0.009343 
0.322440 	0.089448 	0.059503 	0.067254 	 0.009002 
0.286138 	0.110358 	0.072993 	0.082612 	 0.011055 
0.309524 	0.092570 	0.062006 	0.068042 	 0.010030 
0.309359 	0.104088 	0.069358 	0.075975 	 0.010181 
0.297839 	0.111676 	0.074138 	0.083255 	 0.011526 
0.313816 	0.100742 	0.067142 	0.076377 	 0.009919 
0.309989 	0.099807 	0.066561 	0.074159 	 0.010627 
0.319032 	0.092764 	0.062121 	0.068538 	 0.009893 
0.308691 	0.095771 	0.064321 	0.069383 	 0.010214 
0.309572 	0.097320 	0.064716 	0.074079 	 0.010534 
0.301169 	0.098239 	0.065516 	0.073384 	 0.010749 
0.298757 	0.099343 	0.066016 	0.074735 	 0.010712 
0.287153 	0.116829 	0.077254 	0.087904 	 0.011754 
0.305432 	0.105839 	0.070271 	0.078162 	 0.010155 
0.307372 	0.104021 	0.069659 	0.074860 	 0.010125 
0.282491 	0.118199 	0.078192 	0.087256 	 0.011675 
0.291582 	0.116627 	0.077449 	0.088123 	 0.012151 
0.293352 	0.107071 	0.071063 	0.081072 	 0.011310 
0.293091 	0.102972 	0.068842 	0.074910 	 0.010542 
0.288037 	0.118854 	0.079042 	0.085261 	 0.011371 
0.296120 	0.102301 	0.067891 	0.077492 	 0.010326 
0.289411 	0.113297 	0.075576 	0.081568 	 0.011152 
0.281926 	0.111257 	0.074105 	0.081725 	 0.011513 
0.300754 	0.096019 	0.064448 	0.072371 	 0.010855 
0.285274 	0.118521 	0.078727 	0.087648 	 0.012385 
0.284571 	0.111900 	0.074527 	0.081184 	 0.011342 
0.282428 	0.115877 	0.076869 	0.087717 	 0.012533 
0.291516 	0.102572 	0.068652 	0.075525 	 0.011457 
0.288747 	0.109517 	0.072995 	0.079601 	 0.010907 
0.284837 	0.108807 	0.072689 	0.078014 	 0.010935 
0.293431 	0.109973 	0.073587 	0.078871 	 0.011100 
0.301839 	0.100227 	0.067393 	0.072438 	 0.010492 
0.269607 	0.122460 	0.081492 	0.090044 	 0.013052 
0.283791 	0.104437 	0.069913 	0.075423 	 0.010943 
0.261018 	0.126461 	0.084288 	0.090506 	 0.013554 
0.269941 	0.120289 	0.080327 	0.084402 	 0.012703 
0.267219 	0.121783 	0.081233 	0.085625 	 0.011883 
0.288467 	0.115233 	0.077166 	0.082386 	 0.011655 
0.293998 	0.103830 	0.069737 	0.072970 	 0.010320 
0.282294 	0.109938 	0.073904 	0.079210 	 0.012123 
0.281587 	0.107694 	0.071994 	0.078266 	 0.011939 
0.286011 	0.108097 	0.072468 	0.077190 	 0.011493 
0.274089 	0.126231 	0.084192 	0.091558 	 0.012786 
0.286526 	0.118071 	0.079348 	0.081881 	 0.011948 
0.269740 	0.118511 	0.079179 	0.084191 	 0.012365 
0.280584 	0.115947 	0.077431 	0.085837 	 0.011774 
0.277172 	0.111329 	0.074203 	0.080549 	 0.011411 
0.278337 	0.113732 	0.076096 	0.082213 	 0.011886 
0.281063 	0.113697 	0.076686 	0.079142 	 0.011943 
0.272153 	0.120633 	0.080581 	0.088038 	 0.012020 
0.284961 	0.112011 	0.075742 	0.076517 	 0.011520 
0.285553 	0.105700 	0.071340 	0.074008 	 0.010878 
0.278068 	0.109409 	0.073431 	0.078552 	 0.011629 
0.280300 	0.111455 	0.074755 	0.080980 	 0.011992 
0.284851 	0.101444 	0.068437 	0.069989 	 0.010720 
0.277152 	0.106542 	0.071189 	0.079707 	 0.011669 
0.263990 	0.120031 	0.080590 	0.084065 	 0.012150 
0.283586 	0.106935 	0.072271 	0.072776 	 0.011241 
0.287346 	0.101202 	0.068582 	0.069126 	 0.010525 
0.280411 	0.113199 	0.076613 	0.074951 	 0.010971 
0.283905 	0.109625 	0.074006 	0.075216 	 0.011134 
0.287062 	0.104728 	0.070606 	0.073466 	 0.011046 
0.278340 	0.113481 	0.076575 	0.078471 	 0.011538 
0.279120 	0.112121 	0.075462 	0.078339 	 0.011591 
0.274926 	0.107477 	0.072787 	0.072785 	 0.011738 
0.264054 	0.117438 	0.079029 	0.079614 	 0.012006 
0.268245 	0.120790 	0.081256 	0.082297 	 0.011865 
0.265002 	0.129806 	0.087097 	0.088888 	 0.012276 
0.283560 	0.109427 	0.073908 	0.075674 	 0.011324 
0.259668 	0.132037 	0.088463 	0.091892 	 0.013153 
0.270177 	0.109728 	0.074261 	0.074012 	 0.011449 
0.265868 	0.127532 	0.085656 	0.088866 	 0.012653 
0.275210 	0.119767 	0.080410 	0.083507 	 0.011411 
0.265209 	0.121257 	0.081538 	0.083050 	 0.011762 
0.267044 	0.117333 	0.079193 	0.079394 	 0.011619 
0.270880 	0.121924 	0.082593 	0.080518 	 0.011644 
0.266174 	0.121349 	0.082106 	0.081436 	 0.012136 
0.272009 	0.114438 	0.077682 	0.075236 	 0.011690 
0.252914 	0.136306 	0.091557 	0.093470 	 0.013194 
0.271194 	0.113191 	0.076241 	0.078967 	 0.011084 
0.248283 	0.138471 	0.093078 	0.092706 	 0.012716 
0.263921 	0.123577 	0.083283 	0.084210 	 0.011779 
0.259471 	0.129492 	0.087570 	0.085866 	 0.012159 
0.251895 	0.133437 	0.089954 	0.092091 	 0.013374 
0.264231 	0.126863 	0.085835 	0.084671 	 0.012099 
0.257066 	0.122488 	0.082481 	0.084778 	 0.012709 
0.254591 	0.120294 	0.081368 	0.081238 	 0.012477 
0.257569 	0.118655 	0.080435 	0.079483 	 0.012115 
0.250383 	0.126846 	0.085567 	0.084702 	 0.012451 
0.255870 	0.120841 	0.081808 	0.080100 	 0.011993 
0.254406 	0.125763 	0.084946 	0.088926 	 0.013257 
0.257766 	0.125179 	0.084961 	0.082048 	 0.011826 
0.248592 	0.128904 	0.087309 	0.085579 	 0.012900 
0.243468 	0.134913 	0.090334 	0.095669 	 0.013255 
0.248839 	0.135830 	0.092330 	0.085820 	 0.012513 
0.250178 	0.128297 	0.086706 	0.083881 	 0.012102 
0.240828 	0.134919 	0.091308 	0.088556 	 0.013692 
0.242965 	0.134109 	0.090388 	0.090448 	 0.012918 
0.230189 	0.144882 	0.097522 	0.096608 	 0.013647 
0.239724 	0.131596 	0.089072 	0.085164 	 0.012883 
0.238304 	0.140270 	0.095314 	0.091054 	 0.013874 
0.240068 	0.139704 	0.094568 	0.091950 	 0.013112 
0.244913 	0.130502 	0.088515 	0.086634 	 0.013070 
0.235050 	0.143263 	0.096725 	0.097145 	 0.014175 
0.244657 	0.125584 	0.085382 	0.081304 	 0.012778 
0.248419 	0.126226 	0.085945 	0.081535 	 0.012997 
0.232144 	0.134153 	0.090923 	0.087876 	 0.013320 
0.229082 	0.132279 	0.089454 	0.085614 	 0.012763 
0.244144 	0.123888 	0.084744 	0.078311 	 0.012558 
0.241550 	0.138909 	0.094251 	0.088953 	 0.012975 
0.233194 	0.132678 	0.090578 	0.084139 	 0.013105 
0.226919 	0.133908 	0.090624 	0.089113 	 0.013598 
0.232315 	0.140677 	0.095069 	0.092170 	 0.012914 
0.238686 	0.133951 	0.091398 	0.084848 	 0.012920 
0.217166 	0.145940 	0.098868 	0.094898 	 0.014378 
0.232314 	0.128092 	0.087491 	0.081507 	 0.012990 
0.213447 	0.146095 	0.099298 	0.092459 	 0.014306 
0.217141 	0.144408 	0.097744 	0.092804 	 0.013827 
0.220241 	0.148673 	0.100911 	0.094860 	 0.013786 
0.230264 	0.137968 	0.094003 	0.086325 	 0.013049 
0.218846 	0.143167 	0.097232 	0.091085 	 0.013217 
0.218101 	0.152084 	0.103215 	0.098544 	 0.014325 
0.219960 	0.153118 	0.103953 	0.100499 	 0.014818 
0.214655 	0.155879 	0.105500 	0.102366 	 0.014491 
0.208266 	0.151967 	0.102833 	0.098645 	 0.014720 
0.210455 	0.144916 	0.098672 	0.091743 	 0.014776 
0.216109 	0.144867 	0.097705 	0.096923 	 0.013974 
0.210347 	0.144682 	0.098440 	0.092584 	 0.014367 
0.208660 	0.148395 	0.100915 	0.094971 	 0.014745 
0.216083 	0.144967 	0.098735 	0.091791 	 0.014296 
0.212275 	0.149009 	0.101544 	0.092882 	 0.013964 
0.216287 	0.145061 	0.099215 	0.090630 	 0.014267 
0.189627 	0.157626 	0.107294 	0.097218 	 0.015338 
0.193730 	0.156421 	0.106110 	0.099344 	 0.015223 
0.195574 	0.161644 	0.109358 	0.104198 	 0.015847 
0.215203 	0.141273 	0.096614 	0.087718 	 0.013720 
0.212082 	0.147956 	0.100959 	0.090867 	 0.013640 
0.188118 	0.166066 	0.111873 	0.108176 	 0.014974 
0.193502 	0.157509 	0.107443 	0.098127 	 0.015652 
0.196077 	0.157918 	0.107353 	0.098367 	 0.014115 
0.192390 	0.164520 	0.111346 	0.103542 	 0.015055 
0.214278 	0.147199 	0.100801 	0.093406 	 0.014722 
0.198528 	0.155386 	0.106197 	0.094564 	 0.014702 
0.203415 	0.145860 	0.099871 	0.088654 	 0.013654 
0.202694 	0.154883 	0.105829 	0.095249 	 0.014780 
0.190929 	0.162345 	0.110054 	0.102004 	 0.014805 
0.192223 	0.164330 	0.112139 	0.101226 	 0.015157 
0.190072 	0.151359 	0.103278 	0.094691 	 0.015240 
0.194443 	0.161754 	0.110691 	0.098320 	 0.015006 
0.210246 	0.149016 	0.102432 	0.088722 	 0.013699 
0.182557 	0.174011 	0.117925 	0.108649 	 0.015966 
0.184534 	0.162885 	0.111416 	0.097965 	 0.015750 
0.183077 	0.163752 	0.111147 	0.104531 	 0.015622 
0.178179 	0.173023 	0.118129 	0.106030 	 0.016501 
0.183755 	0.167576 	0.114011 	0.105493 	 0.015738 
0.181867 	0.159231 	0.108585 	0.098309 	 0.015409 
0.183653 	0.169395 	0.115162 	0.104626 	 0.015436 
0.185007 	0.162621 	0.110365 	0.101790 	 0.014555 
0.179807 	0.168564 	0.114919 	0.103932 	 0.016401 
0.182410 	0.159960 	0.109331 	0.095192 	 0.014791 
0.186990 	0.158010 	0.107969 	0.093684 	 0.014638 
0.189277 	0.166155 	0.113325 	0.102007 	 0.015156 
0.190025 	0.157326 	0.107564 	0.095114 	 0.015219 
0.196913 	0.149829 	0.102901 	0.090338 	 0.014062 
0.170569 	0.167932 	0.114465 	0.102560 	 0.015901 
0.188329 	0.153918 	0.105941 	0.092389 	 0.015185 
0.174305 	0.172037 	0.116830 	0.108305 	 0.016026 
0.178142 	0.175130 	0.119574 	0.106756 	 0.016370 
0.185546 	0.158068 	0.108257 	0.095469 	 0.015186 
0.187250 	0.170879 	0.116870 	0.102624 	 0.015429 
0.180027 	0.167423 	0.114611 	0.101440 	 0.015880 
0.181210 	0.164450 	0.112222 	0.100180 	 0.014849 
0.185746 	0.166368 	0.114005 	0.099978 	 0.015316 
0.168208 	0.175169 	0.119749 	0.104853 	 0.016128 
0.170194 	0.183890 	0.124892 	0.114030 	 0.016436 
0.178323 	0.160504 	0.109803 	0.098041 	 0.015448 
0.185623 	0.158821 	0.109069 	0.094021 	 0.014429 
0.167761 	0.176537 	0.120652 	0.105906 	 0.016460 
0.179813 	0.164406 	0.112738 	0.099702 	 0.015448 
0.174287 	0.172084 	0.118001 	0.103997 	 0.016494 
0.175722 	0.161128 	0.110511 	0.095996 	 0.015647 
0.182134 	0.150039 	0.103221 	0.089735 	 0.014595 
0.155642 	0.184477 	0.125647 	0.114304 	 0.018021 
0.184888 	0.166970 	0.114851 	0.100592 	 0.015284 
0.174992 	0.165948 	0.114051 	0.097519 	 0.015823 
0.160507 	0.189386 	0.128950 	0.116836 	 0.016884 
0.179326 	0.160617 	0.110740 	0.092567 	 0.015125 
0.169492 	0.179809 	0.122971 	0.110022 	 0.016468 
0.183536 	0.171064 	0.116928 	0.103477 	 0.015556 
0.174115 	0.173902 	0.119312 	0.102129 	 0.015729 
0.187865 	0.156996 	0.108470 	0.090605 	 0.014540 
0.176738 	0.169568 	0.116557 	0.102534 	 0.016393 
0.165237 	0.175312 	0.120245 	0.104377 	 0.016294 
0.185595 	0.169075 	0.116310 	0.100466 	 0.015060 
0.171433 	0.175851 	0.120464 	0.105074 	 0.015744 
0.199018 	0.148734 	0.103539 	0.085810 	 0.014224 
0.181252 	0.169865 	0.117169 	0.099060 	 0.015451 
0.183587 	0.167012 	0.115571 	0.096149 	 0.015362 
0.164280 	0.181041 	0.124078 	0.108745 	 0.016393 
0.182682 	0.170679 	0.117780 	0.098939 	 0.015243 
0.174465 	0.159924 	0.110450 	0.092635 	 0.014784 
0.176380 	0.164307 	0.112788 	0.100220 	 0.015583 
0.169155 	0.175359 	0.120468 	0.103132 	 0.015522 
0.181565 	0.159096 	0.110278 	0.091460 	 0.014684 
0.165388 	0.185342 	0.127222 	0.107862 	 0.016100 
0.172668 	0.172598 	0.119172 	0.099782 	 0.016002 
0.165304 	0.176770 	0.121651 	0.104317 	 0.016525 
0.170011 	0.167881 	0.115357 	0.098430 	 0.014835 
0.164687 	0.174263 	0.119520 	0.101913 	 0.015447 
0.176293 	0.172018 	0.119184 	0.097348 	 0.015585 
0.177199 	0.165768 	0.114296 	0.098317 	 0.014946 
0.182690 	0.160577 	0.111076 	0.093566 	 0.014701 
0.166478 	0.165201 	0.114063 	0.096497 	 0.015178 
0.178379 	0.158026 	0.109498 	0.090186 	 0.014489 
0.177158 	0.169342 	0.117636 	0.093860 	 0.015130 
0.173904 	0.168096 	0.116809 	0.094498 	 0.015677 
0.172144 	0.159812 	0.111133 	0.090517 	 0.015229 
0.162743 	0.181252 	0.125000 	0.104210 	 0.015482 
0.162107 	0.179783 	0.123929 	0.104635 	 0.016616 
0.174391 	0.171267 	0.118795 	0.098066 	 0.015695 
0.175154 	0.170857 	0.118553 	0.098504 	 0.015884 
0.172894 	0.171390 	0.118860 	0.098154 	 0.016002 
0.155267 	0.177998 	0.122904 	0.103172 	 0.016541 
0.159013 	0.186121 	0.128208 	0.108647 	 0.016538 
0.168037 	0.173166 	0.120565 	0.095641 	 0.015885 
0.187718 	0.164836 	0.114808 	0.093245 	 0.014988 
0.173320 	0.164450 	0.114413 	0.093240 	 0.015084 
0.173959 	0.174798 	0.121435 	0.097724 	 0.015759 
0.172916 	0.169253 	0.117899 	0.094686 	 0.015767 
0.163916 	0.177210 	0.122676 	0.101214 	 0.015969 
0.175259 	0.171534 	0.119192 	0.097560 	 0.015375 
0.166516 	0.168811 	0.117482 	0.093568 	 0.015294 
0.157191 	0.181173 	0.125426 	0.103704 	 0.016334 
0.185663 	0.161901 	0.113048 	0.090244 	 0.014544 
0.173336 	0.171083 	0.119108 	0.096618 	 0.015350 
0.169520 	0.167998 	0.116866 	0.095368 	 0.015773 
0.165996 	0.165389 	0.115081 	0.094727 	 0.015742 
0.165271 	0.162865 	0.113661 	0.089845 	 0.015412 
0.162920 	0.167403 	0.116494 	0.092259 	 0.015267 
0.158837 	0.175239 	0.122178 	0.095052 	 0.015800 
0.175731 	0.162193 	0.113574 	0.089004 	 0.015404 
0.157713 	0.180459 	0.125242 	0.102392 	 0.016376 
0.157289 	0.184908 	0.128383 	0.103964 	 0.016461 
0.154907 	0.174861 	0.121862 	0.096640 	 0.015670 
0.150542 	0.180931 	0.125349 	0.104379 	 0.016470 
0.155121 	0.179676 	0.124915 	0.101355 	 0.016501 
0.150155 	0.183580 	0.127148 	0.106836 	 0.016722 
0.151512 	0.180080 	0.125447 	0.101422 	 0.017050 
0.141562 	0.176374 	0.122957 	0.097850 	 0.016779 
0.151518 	0.188193 	0.130488 	0.107558 	 0.017207 
0.144519 	0.186882 	0.130153 	0.101448 	 0.016476 
0.153796 	0.184681 	0.128242 	0.103832 	 0.016465 
0.149145 	0.179301 	0.124773 	0.102653 	 0.016202 
0.149337 	0.185033 	0.128709 	0.102796 	 0.016560 
0.147271 	0.185516 	0.128977 	0.104496 	 0.016659 
0.144863 	0.188018 	0.130510 	0.104761 	 0.016584 
0.137047 	0.193571 	0.134244 	0.110560 	 0.017515 
0.145596 	0.192211 	0.133670 	0.107205 	 0.017424 
0.176716 	0.170718 	0.120076 	0.090355 	 0.014932 
0.151741 	0.183865 	0.128154 	0.101675 	 0.016634 
0.153186 	0.186998 	0.130473 	0.103291 	 0.016665 
0.145781 	0.184666 	0.128608 	0.102435 	 0.016624 
0.140724 	0.193129 	0.134547 	0.107455 	 0.017411 
0.156902 	0.172433 	0.120937 	0.092637 	 0.015767 
0.141571 	0.187028 	0.130529 	0.101466 	 0.017153 
0.136706 	0.189560 	0.132355 	0.102852 	 0.017169 
0.141741 	0.189940 	0.132475 	0.103067 	 0.017012 
0.144309 	0.185654 	0.129151 	0.103174 	 0.016484 
0.151134 	0.180605 	0.126513 	0.098476 	 0.016280 
0.137155 	0.195197 	0.135613 	0.109541 	 0.017521 
0.141158 	0.180472 	0.126316 	0.099368 	 0.016899 
0.135625 	0.197128 	0.137715 	0.108116 	 0.017916 
0.146158 	0.183637 	0.128390 	0.100299 	 0.016762 
0.143778 	0.178338 	0.124304 	0.100711 	 0.016236 
0.129044 	0.187227 	0.130614 	0.101306 	 0.017267 
0.138267 	0.180037 	0.126253 	0.098015 	 0.017350 
0.141098 	0.186093 	0.130139 	0.099578 	 0.016847 
0.146634 	0.178217 	0.124601 	0.096649 	 0.015551 
0.149690 	0.175614 	0.123782 	0.092453 	 0.016124 
0.136368 	0.183175 	0.128573 	0.096641 	 0.016626 
0.138854 	0.176434 	0.123879 	0.096615 	 0.016938 
0.121035 	0.200401 	0.139493 	0.110732 	 0.018305 
0.142479 	0.183842 	0.129010 	0.098945 	 0.016617 
0.137038 	0.186976 	0.131172 	0.099709 	 0.017194 
0.131122 	0.200552 	0.139702 	0.110990 	 0.017068 
0.131566 	0.188652 	0.132337 	0.101050 	 0.017127 
0.132087 	0.194699 	0.136376 	0.103766 	 0.017485 
0.137385 	0.188636 	0.132303 	0.101137 	 0.016724 
0.142312 	0.180152 	0.127192 	0.092611 	 0.016497 
0.121401 	0.191661 	0.134161 	0.102393 	 0.017386 
0.130502 	0.188687 	0.132805 	0.098370 	 0.017134 
0.118068 	0.191557 	0.134157 	0.104643 	 0.017862 
0.137273 	0.177103 	0.125352 	0.090946 	 0.016908 
0.141407 	0.168688 	0.119898 	0.085255 	 0.015504 
0.135045 	0.187577 	0.132031 	0.099764 	 0.017499 
0.132899 	0.187397 	0.132208 	0.095875 	 0.017158 
0.127376 	0.190674 	0.134147 	0.101962 	 0.017519 
0.130807 	0.186513 	0.131405 	0.096646 	 0.016609 
0.132099 	0.192464 	0.135662 	0.100533 	 0.017230 
0.121846 	0.187158 	0.131809 	0.099867 	 0.017589 
0.121353 	0.196273 	0.137617 	0.105263 	 0.017835 
0.133729 	0.182956 	0.129211 	0.095314 	 0.016705 
0.132696 	0.193404 	0.136629 	0.099305 	 0.017241 
0.129420 	0.186284 	0.131700 	0.095953 	 0.017373 
0.135580 	0.188173 	0.132648 	0.099355 	 0.016704 
0.122287 	0.193860 	0.136993 	0.096419 	 0.017501 
0.120269 	0.197598 	0.138669 	0.105365 	 0.018226 
0.118218 	0.201018 	0.141488 	0.105718 	 0.018280 
0.129518 	0.176119 	0.125284 	0.086723 	 0.016535 
0.115644 	0.194660 	0.137277 	0.101204 	 0.017863 
0.123275 	0.190656 	0.134426 	0.100168 	 0.017165 
0.115483 	0.192576 	0.136025 	0.097737 	 0.017636 
0.110699 	0.202365 	0.142053 	0.108051 	 0.018819 
0.121132 	0.188588 	0.133421 	0.096449 	 0.017210 
0.125370 	0.187332 	0.132690 	0.096128 	 0.017429 
0.115991 	0.191984 	0.135868 	0.096246 	 0.017226 
0.110207 	0.190957 	0.134866 	0.098704 	 0.018061 
0.120035 	0.190126 	0.134343 	0.097027 	 0.016885 
0.110098 	0.206854 	0.145581 	0.107958 	 0.018702 
0.118814 	0.189298 	0.133932 	0.095281 	 0.016678 
0.110430 	0.195059 	0.137237 	0.101460 	 0.017877 
0.125450 	0.190642 	0.134940 	0.096627 	 0.017059 
0.116320 	0.194554 	0.137133 	0.100044 	 0.017403 
0.113800 	0.188170 	0.133307 	0.094775 	 0.017332 
0.117593 	0.191453 	0.135437 	0.099337 	 0.017685 
0.117719 	0.198511 	0.139617 	0.106376 	 0.017630 
0.122069 	0.184125 	0.131141 	0.092152 	 0.017096 
0.116036 	0.194869 	0.137663 	0.098200 	 0.017413 
0.127276 	0.178793 	0.127291 	0.091563 	 0.017526 
0.123687 	0.203699 	0.144026 	0.104436 	 0.017170 
0.109940 	0.205113 	0.144302 	0.107376 	 0.017758 
0.096669 	0.204959 	0.144246 	0.107758 	 0.018824 
0.107469 	0.194074 	0.137705 	0.099234 	 0.018279 
0.126575 	0.185083 	0.132183 	0.089729 	 0.016550 
0.100248 	0.201306 	0.142193 	0.104987 	 0.018342 
0.115798 	0.193479 	0.137773 	0.096977 	 0.017973 
0.100794 	0.199132 	0.140715 	0.103051 	 0.018273 
0.100006 	0.206250 	0.145608 	0.107701 	 0.018624 
0.116572 	0.196479 	0.139687 	0.098147 	 0.017703 
0.096467 	0.197492 	0.139880 	0.101099 	 0.018423 
0.100526 	0.198139 	0.140451 	0.099753 	 0.018018 
0.100979 	0.199587 	0.141252 	0.101647 	 0.017934 
0.106357 	0.199442 	0.141548 	0.100158 	 0.017908 
0.103034 	0.196781 	0.140013 	0.098063 	 0.018025 
0.098618 	0.198439 	0.140827 	0.100213 	 0.018093 
0.107571 	0.204013 	0.144672 	0.104664 	 0.018798 
0.104669 	0.210905 	0.149001 	0.111079 	 0.019061 
0.100173 	0.210292 	0.149069 	0.104971 	 0.018918 
0.108990 	0.200391 	0.142396 	0.100296 	 0.017580 
0.090189 	0.211794 	0.149678 	0.108881 	 0.018963 
0.109406 	0.195959 	0.139823 	0.096201 	 0.017553 
0.078586 	0.213872 	0.151022 	0.112909 	 0.020992 
0.094421 	0.212758 	0.150340 	0.108772 	 0.019212 
0.097427 	0.199854 	0.142025 	0.099649 	 0.018388 
0.114811 	0.186998 	0.133588 	0.092464 	 0.016818 
0.107599 	0.192503 	0.137459 	0.093542 	 0.017556 
0.084626 	0.205216 	0.145232 	0.104708 	 0.018890 
0.090731 	0.199945 	0.141667 	0.103611 	 0.019020 
0.095480 	0.206933 	0.146460 	0.107920 	 0.018886 
0.101634 	0.198374 	0.141129 	0.099820 	 0.018200 
0.100267 	0.205912 	0.146539 	0.100570 	 0.018338 
0.086425 	0.211122 	0.149816 	0.106851 	 0.019146 
0.089115 	0.206968 	0.146814 	0.106892 	 0.019610 
0.101796 	0.195609 	0.139931 	0.097709 	 0.018779 
0.101072 	0.193505 	0.138584 	0.094076 	 0.018559 
0.095886 	0.190774 	0.136540 	0.093433 	 0.017948 
0.087305 	0.209996 	0.149205 	0.104782 	 0.018798 
0.089548 	0.210701 	0.149839 	0.106952 	 0.019359 
0.082944 	0.203030 	0.144742 	0.101308 	 0.019388 
0.107344 	0.189595 	0.136158 	0.091122 	 0.017825 
0.096858 	0.198045 	0.142049 	0.095090 	 0.018334 
0.089328 	0.205549 	0.146361 	0.104110 	 0.019035 
0.102633 	0.195935 	0.140647 	0.094565 	 0.017716 
0.090191 	0.204394 	0.146108 	0.100739 	 0.019307 
0.076521 	0.225045 	0.159123 	0.117126 	 0.019818 
0.093219 	0.200920 	0.143397 	0.102574 	 0.019163 
0.088784 	0.194890 	0.139473 	0.096005 	 0.018573 
0.092716 	0.201779 	0.144275 	0.099214 	 0.018539 
0.098491 	0.206633 	0.147223 	0.105985 	 0.019353 
0.096554 	0.206647 	0.147533 	0.101538 	 0.018505 
0.090419 	0.207931 	0.148454 	0.104851 	 0.019251 
0.100192 	0.203891 	0.146447 	0.098813 	 0.019169 
0.073479 	0.222697 	0.158055 	0.112778 	 0.019958 
0.087177 	0.200838 	0.144103 	0.095524 	 0.018320 
0.099185 	0.197916 	0.142349 	0.094486 	 0.018548 
0.090735 	0.203137 	0.145786 	0.098294 	 0.018811 
0.099606 	0.192138 	0.138601 	0.093125 	 0.018307 
0.083613 	0.200573 	0.144439 	0.095867 	 0.019233 
0.087573 	0.207013 	0.148140 	0.103181 	 0.019889 
0.098585 	0.190440 	0.137355 	0.090535 	 0.018166 
0.076228 	0.217733 	0.155170 	0.110310 	 0.019968 
0.095511 	0.199485 	0.143876 	0.095102 	 0.018754 
0.088423 	0.202798 	0.145530 	0.098040 	 0.018619 
0.094945 	0.185421 	0.134425 	0.086302 	 0.018401 
0.091753 	0.199351 	0.143457 	0.095899 	 0.018403 
0.075451 	0.214291 	0.153034 	0.107547 	 0.019508 
0.106686 	0.185581 	0.135066 	0.083788 	 0.017049 
0.085683 	0.196712 	0.141871 	0.091980 	 0.017874 
0.092527 	0.196093 	0.141688 	0.091587 	 0.018202 
0.091335 	0.190760 	0.137651 	0.088949 	 0.017620 
0.089742 	0.197675 	0.142731 	0.091285 	 0.018117 
0.075908 	0.205857 	0.148083 	0.096766 	 0.018750 
0.092085 	0.195296 	0.141409 	0.090045 	 0.017988 
0.074568 	0.221765 	0.158841 	0.107645 	 0.019684 
0.075600 	0.218451 	0.156097 	0.106667 	 0.019299 
0.091715 	0.198532 	0.143317 	0.093365 	 0.018169 
0.070153 	0.216566 	0.155262 	0.106208 	 0.020249 
0.097217 	0.195593 	0.141818 	0.091088 	 0.017870 
0.088661 	0.190198 	0.138138 	0.087028 	 0.018181 
0.082314 	0.208059 	0.149844 	0.101603 	 0.019728 
0.071857 	0.221477 	0.158835 	0.108091 	 0.020200 
0.080210 	0.210891 	0.151877 	0.100889 	 0.019428 
0.065133 	0.211444 	0.151351 	0.104675 	 0.019638 
0.086216 	0.194300 	0.140430 	0.092909 	 0.018368 
0.061415 	0.212928 	0.153341 	0.102262 	 0.020738 
0.072058 	0.217600 	0.156606 	0.103931 	 0.020630 
0.081045 	0.207818 	0.149817 	0.101317 	 0.019288 
0.066633 	0.219728 	0.157666 	0.107430 	 0.020624 
0.078675 	0.205259 	0.148468 	0.095754 	 0.019469 
0.080412 	0.208911 	0.150625 	0.100041 	 0.019776 
0.081345 	0.200037 	0.145145 	0.091909 	 0.018646 
0.078338 	0.205028 	0.148328 	0.096457 	 0.019117 
0.081402 	0.206521 	0.149353 	0.097455 	 0.019485 
0.069268 	0.208327 	0.150201 	0.100211 	 0.019784 
0.091238 	0.196008 	0.142551 	0.090629 	 0.018719 
0.068359 	0.213074 	0.153789 	0.102020 	 0.020224 
0.065545 	0.218108 	0.157697 	0.101257 	 0.020737 
0.059824 	0.226831 	0.162773 	0.110980 	 0.020878 
0.072736 	0.211707 	0.153061 	0.100285 	 0.019796 
0.068139 	0.221529 	0.159822 	0.104988 	 0.020616 
0.068885 	0.216661 	0.156345 	0.102298 	 0.020582 
0.078310 	0.199655 	0.145222 	0.093182 	 0.019266 
0.066067 	0.214031 	0.154368 	0.102572 	 0.020528 
0.069676 	0.211652 	0.153289 	0.097849 	 0.019250 
0.082771 	0.201762 	0.146804 	0.092246 	 0.018999 
0.054135 	0.219268 	0.157625 	0.107649 	 0.020935 
0.054330 	0.217933 	0.157144 	0.103083 	 0.020806 
0.068034 	0.210456 	0.152871 	0.097086 	 0.020438 
0.076267 	0.215891 	0.156448 	0.100556 	 0.020073 
0.079786 	0.204850 	0.149375 	0.093097 	 0.019491 
0.067734 	0.206218 	0.149891 	0.093105 	 0.018971 
0.063405 	0.220672 	0.159497 	0.105299 	 0.020696 
0.070571 	0.209093 	0.151780 	0.099213 	 0.020350 
0.077907 	0.199106 	0.145739 	0.086918 	 0.018788 
0.073600 	0.205393 	0.149249 	0.095759 	 0.019340 
0.065659 	0.214427 	0.155576 	0.099044 	 0.020296 
0.069127 	0.213758 	0.154872 	0.100350 	 0.019944 
0.062677 	0.219905 	0.159047 	0.102762 	 0.020636 
0.057500 	0.223733 	0.161780 	0.106659 	 0.021334 
0.077179 	0.209201 	0.152704 	0.094428 	 0.019874 
0.069694 	0.207400 	0.151337 	0.093727 	 0.020232 
0.064173 	0.223319 	0.161532 	0.107107 	 0.020782 
0.051138 	0.223517 	0.161726 	0.106042 	 0.021606 
0.059817 	0.216191 	0.156725 	0.103281 	 0.020473 
0.074478 	0.207655 	0.151377 	0.095686 	 0.019721 
0.071014 	0.215609 	0.157046 	0.097841 	 0.020020 
0.066918 	0.216731 	0.157866 	0.098881 	 0.020417 
0.075762 	0.221273 	0.160859 	0.101971 	 0.020009 
0.051983 	0.237766 	0.171053 	0.115740 	 0.021650 
0.075727 	0.212370 	0.154958 	0.098082 	 0.020068 
0.066982 	0.218623 	0.159030 	0.101880 	 0.020567 
0.066764 	0.202462 	0.148236 	0.091385 	 0.020005 
0.051602 	0.226427 	0.163880 	0.106915 	 0.021344 
0.062393 	0.210999 	0.153777 	0.094350 	 0.019705 
0.072353 	0.201637 	0.148094 	0.088651 	 0.019869 
0.084664 	0.194576 	0.143507 	0.082801 	 0.018589 
0.075638 	0.201186 	0.147946 	0.088214 	 0.019044 
0.086611 	0.203919 	0.150030 	0.091415 	 0.019852 
0.063001 	0.225474 	0.164101 	0.104233 	 0.021367 
0.080696 	0.211059 	0.154529 	0.094877 	 0.019611 
0.064782 	0.224830 	0.163005 	0.107055 	 0.020723 
0.060361 	0.216536 	0.158164 	0.097547 	 0.021466 
0.061817 	0.218165 	0.158846 	0.100225 	 0.020424 
0.072612 	0.214307 	0.156487 	0.098967 	 0.020765 
0.068657 	0.221246 	0.161351 	0.102318 	 0.020633 
0.073238 	0.216379 	0.157920 	0.099421 	 0.020438 
0.062294 	0.219057 	0.159971 	0.101409 	 0.021497 
0.066806 	0.224149 	0.163178 	0.103933 	 0.020873 
0.079806 	0.209489 	0.153674 	0.095010 	 0.019641 
0.068280 	0.220834 	0.161186 	0.104777 	 0.021365 
0.077490 	0.213653 	0.156738 	0.096056 	 0.019987 
0.068875 	0.223244 	0.162648 	0.105442 	 0.020862 
0.063389 	0.219644 	0.160441 	0.100923 	 0.021196 
0.064387 	0.222044 	0.162010 	0.103765 	 0.020515 
0.073100 	0.217110 	0.158998 	0.100406 	 0.020723 
0.058725 	0.229370 	0.166941 	0.109162 	 0.022324 
0.076800 	0.215522 	0.157623 	0.102261 	 0.020940 
0.067326 	0.212854 	0.156585 	0.095872 	 0.021294 
0.072497 	0.208843 	0.153935 	0.092892 	 0.020886 
0.063787 	0.229813 	0.167333 	0.109627 	 0.021500 
0.405756 	0.008647 	0.006911 	-0.000638 	 0.002187 
0.407069 	0.008708 	0.006577 	0.005190 	 0.002752 
0.411001 	0.029535 	0.019529 	0.032186 	 0.005015 
0.407377 	0.030236 	0.019524 	0.034438 	 0.004191 
0.426810 	0.020342 	0.014249 	0.021555 	 0.003020 
0.395133 	0.046522 	0.030713 	0.042156 	 0.005189 
0.408804 	0.034519 	0.023137 	0.032711 	 0.004374 
0.427217 	0.014497 	0.009781 	0.021031 	 0.002730 
0.385762 	0.057387 	0.037979 	0.050141 	 0.006634 
0.395294 	0.043355 	0.028753 	0.038089 	 0.004907 
0.388913 	0.047016 	0.030853 	0.043450 	 0.005078 
0.393955 	0.041224 	0.027230 	0.037100 	 0.004313 
0.370381 	0.065493 	0.042891 	0.054866 	 0.007049 
0.387647 	0.032343 	0.021425 	0.033987 	 0.005712 
0.393208 	0.048253 	0.032100 	0.040270 	 0.004645 
0.388044 	0.049031 	0.032007 	0.043875 	 0.004678 
0.360164 	0.071484 	0.046945 	0.059522 	 0.007775 
0.388118 	0.046627 	0.030507 	0.043340 	 0.005502 
0.381293 	0.038872 	0.025791 	0.036158 	 0.005346 
0.384216 	0.047761 	0.031570 	0.044609 	 0.006098 
0.382789 	0.043403 	0.028638 	0.040580 	 0.005094 
0.369579 	0.048324 	0.031760 	0.042148 	 0.005615 
0.378811 	0.039634 	0.026064 	0.036292 	 0.004702 
0.371770 	0.052864 	0.035130 	0.045953 	 0.006096 
0.388986 	0.029797 	0.019725 	0.029233 	 0.003703 
0.366065 	0.051096 	0.033971 	0.044889 	 0.006914 
0.369923 	0.055218 	0.035960 	0.049404 	 0.006137 
0.380882 	0.048832 	0.032238 	0.042921 	 0.005373 
0.358148 	0.067679 	0.044295 	0.058284 	 0.007890 
0.366642 	0.050712 	0.033254 	0.047989 	 0.006551 
0.367993 	0.050415 	0.033474 	0.045627 	 0.006504 
0.365923 	0.054672 	0.036275 	0.048763 	 0.006819 
0.371789 	0.044479 	0.029583 	0.039682 	 0.005513 
0.359176 	0.053281 	0.035226 	0.046615 	 0.006314 
0.350092 	0.061814 	0.040770 	0.054126 	 0.007311 
0.345241 	0.074727 	0.048809 	0.064571 	 0.008488 
0.343619 	0.062166 	0.040959 	0.053080 	 0.007258 
0.344744 	0.069812 	0.046138 	0.058388 	 0.008059 
0.345958 	0.067486 	0.044276 	0.057217 	 0.007150 
0.348334 	0.064535 	0.043156 	0.051773 	 0.007060 
0.335761 	0.070917 	0.046877 	0.056488 	 0.007679 
0.338918 	0.069973 	0.046318 	0.058700 	 0.007680 
0.339408 	0.065036 	0.042761 	0.056094 	 0.007027 
0.327802 	0.067223 	0.044519 	0.055950 	 0.008407 
0.348694 	0.059168 	0.039490 	0.048138 	 0.006575 
0.333800 	0.073237 	0.048623 	0.058599 	 0.007708 
0.334228 	0.066404 	0.044120 	0.054353 	 0.008322 
0.332545 	0.075236 	0.049602 	0.059654 	 0.007308 
0.332246 	0.068839 	0.045615 	0.057198 	 0.008130 
0.322441 	0.081087 	0.053263 	0.066776 	 0.008724 
0.334923 	0.073208 	0.049111 	0.057449 	 0.008642 
0.321352 	0.079061 	0.052566 	0.061171 	 0.008872 
0.310518 	0.089255 	0.058896 	0.070543 	 0.009145 
0.316141 	0.077700 	0.051412 	0.060364 	 0.008955 
0.311994 	0.090887 	0.060475 	0.068243 	 0.009561 
0.324450 	0.067311 	0.044693 	0.055302 	 0.007817 
0.328475 	0.073855 	0.049173 	0.058286 	 0.008042 
0.331711 	0.070024 	0.046275 	0.059923 	 0.007748 
0.325697 	0.075391 	0.050303 	0.057800 	 0.007595 
0.308218 	0.085303 	0.056625 	0.066222 	 0.009307 
0.313786 	0.080129 	0.053173 	0.063192 	 0.009195 
0.306769 	0.081097 	0.053458 	0.063279 	 0.008627 
0.311506 	0.082000 	0.054143 	0.065312 	 0.009087 
0.302533 	0.081079 	0.053009 	0.065587 	 0.008155 
0.320058 	0.074119 	0.049669 	0.056871 	 0.008023 
0.304184 	0.085610 	0.056538 	0.065781 	 0.008330 
0.307989 	0.081378 	0.054073 	0.062745 	 0.008815 
0.298879 	0.103584 	0.068741 	0.077689 	 0.009968 
0.298350 	0.098885 	0.065415 	0.076085 	 0.010092 
0.303354 	0.086009 	0.057273 	0.066101 	 0.009643 
0.298621 	0.091381 	0.060757 	0.069313 	 0.009264 
0.296906 	0.091791 	0.061150 	0.068409 	 0.009933 
0.296924 	0.087457 	0.058266 	0.067510 	 0.009792 
0.305210 	0.080518 	0.053236 	0.063713 	 0.008784 
0.301595 	0.085321 	0.057238 	0.063716 	 0.009523 
0.299257 	0.089775 	0.059847 	0.068026 	 0.009752 
0.299101 	0.089891 	0.059598 	0.069689 	 0.009001 
0.282194 	0.102667 	0.068270 	0.075906 	 0.011278 
0.288635 	0.098886 	0.065728 	0.071604 	 0.009678 
0.289629 	0.104277 	0.068972 	0.077517 	 0.009764 
0.282419 	0.098054 	0.065120 	0.073778 	 0.010035 
0.288162 	0.092780 	0.062026 	0.066375 	 0.009551 
0.287104 	0.095334 	0.063614 	0.070451 	 0.009682 
0.297196 	0.086591 	0.058037 	0.063628 	 0.009406 
0.297278 	0.088396 	0.059310 	0.065920 	 0.009591 
0.290402 	0.092608 	0.061571 	0.069544 	 0.008873 
0.290993 	0.089299 	0.059985 	0.065536 	 0.009957 
0.288905 	0.096193 	0.064570 	0.067611 	 0.009857 
0.283588 	0.104057 	0.069389 	0.075793 	 0.010546 
0.283718 	0.101600 	0.067693 	0.074987 	 0.010276 
0.283214 	0.095195 	0.063735 	0.070279 	 0.010104 
0.283595 	0.105322 	0.070322 	0.075701 	 0.010114 
0.279218 	0.102965 	0.068663 	0.073639 	 0.010028 
0.284256 	0.096808 	0.064652 	0.069121 	 0.009020 
0.274393 	0.105432 	0.070433 	0.075026 	 0.010534 
0.287752 	0.083201 	0.056087 	0.060142 	 0.009132 
0.275254 	0.109202 	0.073001 	0.078577 	 0.010892 
0.275918 	0.097983 	0.065288 	0.071544 	 0.009637 
0.270059 	0.112017 	0.074604 	0.080078 	 0.010825 
0.286383 	0.092268 	0.062219 	0.065887 	 0.009309 
0.268611 	0.106563 	0.071349 	0.075582 	 0.010564 
0.275344 	0.102988 	0.068711 	0.075136 	 0.010172 
0.270727 	0.105563 	0.070329 	0.077893 	 0.010705 
0.280527 	0.091366 	0.060961 	0.068810 	 0.009717 
0.277659 	0.103929 	0.070171 	0.072125 	 0.010503 
0.268838 	0.101363 	0.068273 	0.070502 	 0.010712 
0.273935 	0.106963 	0.071863 	0.075698 	 0.010172 
0.257494 	0.116208 	0.077651 	0.082723 	 0.011599 
0.265923 	0.111724 	0.074654 	0.079635 	 0.010522 
0.262273 	0.104934 	0.070455 	0.073465 	 0.010624 
0.278675 	0.101574 	0.068225 	0.070922 	 0.009987 
0.269618 	0.101800 	0.068487 	0.074256 	 0.010853 
0.264672 	0.110886 	0.074609 	0.077307 	 0.011278 
0.272939 	0.096124 	0.064696 	0.067224 	 0.009332 
0.259875 	0.107640 	0.072769 	0.072914 	 0.011004 
0.254908 	0.110812 	0.074384 	0.077353 	 0.011064 
0.257313 	0.118280 	0.079666 	0.079821 	 0.011445 
0.238987 	0.128261 	0.085809 	0.087757 	 0.011821 
0.257201 	0.110608 	0.074523 	0.075186 	 0.010712 
0.259644 	0.100376 	0.067711 	0.068387 	 0.010628 
0.253404 	0.120455 	0.080690 	0.083094 	 0.011075 
0.264305 	0.106119 	0.071699 	0.072998 	 0.010230 
0.257373 	0.104084 	0.070225 	0.070812 	 0.009942 
0.245463 	0.121252 	0.081768 	0.078946 	 0.010843 
0.254739 	0.118169 	0.079446 	0.077236 	 0.010405 
0.269179 	0.102579 	0.070006 	0.064363 	 0.009223 
0.262271 	0.110139 	0.075126 	0.069439 	 0.010116 
0.261578 	0.105974 	0.071267 	0.073309 	 0.009919 
0.235404 	0.126870 	0.085084 	0.084830 	 0.011529 
0.261606 	0.119135 	0.080316 	0.079769 	 0.010159 
0.247618 	0.112410 	0.076428 	0.072162 	 0.010934 
0.255799 	0.117516 	0.079791 	0.075712 	 0.010682 
0.245127 	0.120390 	0.081275 	0.078139 	 0.010956 
0.224944 	0.133341 	0.089641 	0.088208 	 0.012238 
0.242904 	0.117471 	0.079009 	0.079649 	 0.010913 
0.238615 	0.126039 	0.084718 	0.083258 	 0.011095 
0.236791 	0.126533 	0.085523 	0.080023 	 0.011284 
0.247767 	0.121037 	0.081779 	0.080325 	 0.011163 
0.240480 	0.122641 	0.082728 	0.082077 	 0.011643 
0.245843 	0.121429 	0.082494 	0.076010 	 0.010796 
0.220528 	0.132800 	0.089494 	0.086230 	 0.012215 
0.230913 	0.132474 	0.089453 	0.085335 	 0.011904 
0.232446 	0.125392 	0.084541 	0.084027 	 0.011683 
0.231716 	0.123188 	0.082927 	0.079995 	 0.010889 
0.239202 	0.115753 	0.078443 	0.074513 	 0.010940 
0.226457 	0.135059 	0.091527 	0.084999 	 0.012077 
0.231718 	0.129801 	0.088291 	0.081577 	 0.012178 
0.227979 	0.137444 	0.092867 	0.088124 	 0.011812 
0.240815 	0.108080 	0.073714 	0.066203 	 0.009515 
0.238079 	0.117230 	0.080083 	0.074837 	 0.011362 
0.227980 	0.134707 	0.091013 	0.088474 	 0.012403 
0.218903 	0.130080 	0.088118 	0.082468 	 0.012048 
0.214633 	0.135240 	0.091100 	0.088703 	 0.012521 
0.233833 	0.131786 	0.089534 	0.081682 	 0.011271 
0.217725 	0.137108 	0.092575 	0.088039 	 0.012228 
0.222265 	0.123941 	0.084112 	0.076785 	 0.011137 
0.208271 	0.150046 	0.101387 	0.095227 	 0.013205 
0.211619 	0.139162 	0.094116 	0.086226 	 0.012087 
0.207167 	0.138148 	0.093778 	0.085833 	 0.012866 
0.212988 	0.144982 	0.098418 	0.090931 	 0.012878 
0.220064 	0.128694 	0.088076 	0.076626 	 0.011984 
0.203125 	0.141460 	0.095735 	0.087434 	 0.012577 
0.204957 	0.156014 	0.105650 	0.097024 	 0.013619 
0.219812 	0.133509 	0.090810 	0.083135 	 0.012161 
0.210283 	0.142878 	0.097415 	0.086713 	 0.012982 
0.204838 	0.138188 	0.093999 	0.085922 	 0.012579 
0.197665 	0.153531 	0.104072 	0.094242 	 0.013202 
0.209013 	0.134857 	0.091597 	0.085869 	 0.012913 
0.207756 	0.146201 	0.099498 	0.087719 	 0.012414 
0.199073 	0.148188 	0.100314 	0.092669 	 0.012871 
0.209357 	0.136118 	0.092690 	0.080955 	 0.011189 
0.199987 	0.147004 	0.099970 	0.089500 	 0.013179 
0.204837 	0.144331 	0.098110 	0.089077 	 0.013011 
0.187452 	0.164929 	0.111506 	0.102292 	 0.013911 
0.193245 	0.155987 	0.105877 	0.095956 	 0.013771 
0.194809 	0.142461 	0.097118 	0.083540 	 0.012300 
0.197538 	0.147681 	0.100454 	0.088383 	 0.013066 
0.190069 	0.152104 	0.103304 	0.094854 	 0.013796 
0.208657 	0.142923 	0.097787 	0.085220 	 0.012336 
0.192887 	0.147231 	0.100251 	0.090305 	 0.013620 
0.192670 	0.142990 	0.097389 	0.085725 	 0.012586 
0.187505 	0.153977 	0.105229 	0.090468 	 0.013600 
0.180976 	0.155746 	0.105475 	0.094278 	 0.013525 
0.199547 	0.139781 	0.095850 	0.082574 	 0.012619 
0.190941 	0.148966 	0.101424 	0.090518 	 0.012488 
0.189163 	0.150758 	0.103161 	0.087411 	 0.013234 
0.187706 	0.153374 	0.104381 	0.092504 	 0.013178 
0.185470 	0.148124 	0.101296 	0.087291 	 0.013427 
0.180624 	0.166260 	0.113129 	0.099615 	 0.014008 
0.185778 	0.152983 	0.104294 	0.090987 	 0.012983 
0.171544 	0.170313 	0.115752 	0.103478 	 0.015429 
0.181930 	0.157392 	0.107310 	0.093198 	 0.013193 
0.176033 	0.167887 	0.114478 	0.099006 	 0.014534 
0.187946 	0.147888 	0.101154 	0.086189 	 0.012108 
0.184684 	0.154173 	0.105476 	0.088453 	 0.012570 
0.174522 	0.170960 	0.116480 	0.103791 	 0.014986 
0.179122 	0.159959 	0.109254 	0.093254 	 0.013332 
0.177436 	0.153565 	0.104644 	0.090621 	 0.012998 
0.162860 	0.160951 	0.110083 	0.095007 	 0.014746 
0.173332 	0.161921 	0.110968 	0.092630 	 0.013576 
0.159647 	0.174902 	0.118536 	0.105996 	 0.014677 
0.166262 	0.166367 	0.113922 	0.095655 	 0.013825 
0.164658 	0.166289 	0.113544 	0.098308 	 0.014437 
0.189717 	0.152594 	0.105078 	0.084845 	 0.012208 
0.176427 	0.154293 	0.105965 	0.087862 	 0.012829 
0.168425 	0.157803 	0.108247 	0.090266 	 0.013533 
0.167044 	0.161539 	0.110472 	0.094364 	 0.013815 
0.171244 	0.164410 	0.112611 	0.094915 	 0.013783 
0.165272 	0.166889 	0.114442 	0.095764 	 0.014014 
0.171685 	0.161065 	0.110377 	0.093563 	 0.013505 
0.170523 	0.172326 	0.117508 	0.101488 	 0.014052 
0.172770 	0.156139 	0.107620 	0.087010 	 0.013648 
0.160868 	0.171628 	0.117609 	0.098843 	 0.014843 
0.162314 	0.155065 	0.106556 	0.086833 	 0.012965 
0.161623 	0.173876 	0.119298 	0.099263 	 0.013973 
0.166336 	0.163845 	0.111971 	0.095334 	 0.013516 
0.155788 	0.166629 	0.113905 	0.095977 	 0.013680 
0.160846 	0.168463 	0.115360 	0.098382 	 0.014480 
0.155031 	0.171445 	0.117342 	0.099901 	 0.014562 
0.151162 	0.172942 	0.118765 	0.097526 	 0.014625 
0.145334 	0.176600 	0.120641 	0.103013 	 0.014950 
0.167369 	0.170093 	0.117115 	0.095397 	 0.014086 
0.170877 	0.159368 	0.109693 	0.091263 	 0.013238 
0.156819 	0.176927 	0.121424 	0.099475 	 0.014113 
0.146965 	0.179695 	0.123064 	0.102100 	 0.014982 
0.140789 	0.186538 	0.127698 	0.109042 	 0.016019 
0.149214 	0.180515 	0.123887 	0.101017 	 0.014859 
0.146959 	0.176214 	0.121039 	0.099916 	 0.014700 
0.149582 	0.175269 	0.119953 	0.099406 	 0.014137 
0.140915 	0.182962 	0.125504 	0.102328 	 0.014658 
0.149091 	0.180189 	0.123635 	0.102060 	 0.014508 
0.142828 	0.177330 	0.121619 	0.101005 	 0.014764 
0.159863 	0.160226 	0.110922 	0.086114 	 0.013729 
0.147444 	0.179218 	0.122932 	0.101640 	 0.014798 
0.158875 	0.164956 	0.113817 	0.086938 	 0.012801 
0.148570 	0.170427 	0.117640 	0.093481 	 0.014025 
0.143427 	0.175226 	0.120474 	0.096558 	 0.014632 
0.149293 	0.171324 	0.118338 	0.091250 	 0.013805 
0.153015 	0.177795 	0.122779 	0.097786 	 0.014424 
0.154063 	0.170355 	0.117390 	0.093270 	 0.013872 
0.146200 	0.180112 	0.123811 	0.099368 	 0.014578 
0.141481 	0.187845 	0.129089 	0.106541 	 0.015317 
0.150008 	0.168917 	0.116769 	0.092474 	 0.013860 
0.148459 	0.172712 	0.119898 	0.092273 	 0.014675 
0.144849 	0.179181 	0.123481 	0.101151 	 0.014531 
0.139541 	0.182669 	0.126036 	0.102281 	 0.015148 
0.126905 	0.194688 	0.133524 	0.108569 	 0.015501 
0.144410 	0.171396 	0.118979 	0.093322 	 0.014524 
0.151415 	0.169417 	0.117589 	0.089951 	 0.013777 
0.132743 	0.189107 	0.129990 	0.104033 	 0.014893 
0.127372 	0.180320 	0.124568 	0.097393 	 0.014902 
0.147493 	0.175591 	0.121738 	0.091359 	 0.013733 
0.134170 	0.175593 	0.121416 	0.093215 	 0.014089 
0.131356 	0.173307 	0.120206 	0.090971 	 0.014325 
0.131955 	0.180917 	0.125083 	0.097018 	 0.014862 
0.148491 	0.176853 	0.122244 	0.096841 	 0.013900 
0.124352 	0.198038 	0.136514 	0.106086 	 0.015614 
0.147440 	0.176815 	0.122430 	0.093424 	 0.013519 
0.139708 	0.179832 	0.124451 	0.095492 	 0.013993 
0.132059 	0.179767 	0.125025 	0.093479 	 0.014895 
0.127337 	0.181506 	0.125655 	0.096194 	 0.014656 
0.147398 	0.159957 	0.111784 	0.081182 	 0.013380 
0.123713 	0.180220 	0.123897 	0.099762 	 0.014582 
0.125590 	0.188048 	0.130333 	0.097869 	 0.014792 
0.127998 	0.187102 	0.129630 	0.100414 	 0.015199 
0.128016 	0.190941 	0.131840 	0.105038 	 0.014995 
0.132376 	0.178200 	0.123775 	0.093380 	 0.013912 
0.125525 	0.190899 	0.132286 	0.101317 	 0.015313 
0.124731 	0.198462 	0.137382 	0.106428 	 0.015533 
0.130175 	0.170362 	0.118772 	0.088702 	 0.014120 
0.122836 	0.189725 	0.131742 	0.098275 	 0.015057 
0.127316 	0.180090 	0.125269 	0.092842 	 0.014435 
0.127504 	0.187038 	0.130195 	0.096740 	 0.015252 
0.137865 	0.180503 	0.125627 	0.094845 	 0.014701 
0.120841 	0.187979 	0.130205 	0.100046 	 0.015536 
0.103315 	0.195946 	0.135643 	0.103081 	 0.016025 
0.116865 	0.198070 	0.137385 	0.103525 	 0.015580 
0.120595 	0.187668 	0.130632 	0.095816 	 0.014926 
0.114575 	0.203683 	0.141218 	0.107147 	 0.015969 
0.110179 	0.195250 	0.135059 	0.103828 	 0.015702 
0.127948 	0.186251 	0.129596 	0.096898 	 0.014505 
0.127318 	0.191338 	0.133205 	0.099977 	 0.015178 
0.133629 	0.173527 	0.121579 	0.087276 	 0.014146 
0.122852 	0.190498 	0.131872 	0.099597 	 0.014525 
0.103261 	0.201865 	0.140278 	0.104885 	 0.015971 
0.110816 	0.196373 	0.136619 	0.100650 	 0.015392 
0.118150 	0.191238 	0.133440 	0.097209 	 0.015111 
0.122930 	0.191505 	0.133758 	0.097501 	 0.014729 
0.122509 	0.191954 	0.133890 	0.101125 	 0.014834 
0.120235 	0.188630 	0.131212 	0.099983 	 0.015152 
0.110653 	0.185238 	0.129386 	0.094024 	 0.015170 
0.119395 	0.185577 	0.129687 	0.091587 	 0.014454 
0.103863 	0.183565 	0.127852 	0.094758 	 0.014803 
0.122127 	0.189715 	0.132685 	0.097249 	 0.014628 
0.119576 	0.190558 	0.133138 	0.095338 	 0.014670 
0.101213 	0.207947 	0.144247 	0.111222 	 0.016612 
0.101336 	0.195106 	0.136008 	0.099246 	 0.016063 
0.098538 	0.202736 	0.141373 	0.104946 	 0.016772 
0.103860 	0.200442 	0.139504 	0.103466 	 0.015838 
0.114070 	0.192942 	0.134898 	0.096960 	 0.015205 
0.106135 	0.198167 	0.137944 	0.103107 	 0.015799 
0.116201 	0.185037 	0.129811 	0.090794 	 0.014462 
0.122305 	0.176069 	0.123581 	0.085593 	 0.013103 
0.102217 	0.204799 	0.142820 	0.104457 	 0.016023 
0.106176 	0.198726 	0.138735 	0.100470 	 0.015642 
0.110563 	0.189461 	0.133106 	0.092983 	 0.014952 
0.106175 	0.193242 	0.135244 	0.096706 	 0.015335 
0.101954 	0.203451 	0.141972 	0.104921 	 0.016235 
0.117394 	0.179547 	0.126462 	0.086378 	 0.014294 
0.114213 	0.191866 	0.134536 	0.094520 	 0.014819 
0.097262 	0.202793 	0.141255 	0.102989 	 0.015660 
0.103913 	0.196698 	0.138063 	0.096858 	 0.015398 
0.115755 	0.184024 	0.129229 	0.090977 	 0.014369 
0.095273 	0.187000 	0.131841 	0.088143 	 0.015326 
0.102006 	0.201335 	0.140557 	0.104202 	 0.015843 
0.093670 	0.206090 	0.143756 	0.104857 	 0.016032 
0.092105 	0.204919 	0.143135 	0.105409 	 0.016108 
0.107577 	0.184442 	0.129821 	0.089099 	 0.014180 
0.112299 	0.179812 	0.127108 	0.085827 	 0.014518 
0.097235 	0.201667 	0.141075 	0.100398 	 0.014965 
0.098481 	0.191106 	0.134639 	0.091774 	 0.015175 
0.102350 	0.189354 	0.133393 	0.090744 	 0.014436 
0.097622 	0.205062 	0.143375 	0.104048 	 0.016150 
0.101739 	0.198395 	0.139294 	0.098082 	 0.015892 
0.095035 	0.192683 	0.135856 	0.090677 	 0.014994 
0.102066 	0.199482 	0.140177 	0.100525 	 0.016066 
0.095121 	0.196362 	0.138076 	0.095156 	 0.015394 
0.084764 	0.208785 	0.146001 	0.105267 	 0.016780 
0.098909 	0.200942 	0.141714 	0.097584 	 0.016384 
0.096232 	0.197318 	0.138951 	0.096052 	 0.016183 
0.100491 	0.203360 	0.143121 	0.096433 	 0.015336 
0.094275 	0.194786 	0.137321 	0.093121 	 0.015436 
0.100088 	0.198108 	0.139321 	0.097559 	 0.015123 
0.109005 	0.185393 	0.131442 	0.086139 	 0.014497 
0.098139 	0.192162 	0.135625 	0.093034 	 0.015323 
0.094320 	0.201851 	0.142274 	0.097268 	 0.015681 
0.098654 	0.189361 	0.133795 	0.090945 	 0.015182 
0.092611 	0.199042 	0.140565 	0.095062 	 0.015502 
0.093471 	0.202773 	0.142468 	0.099804 	 0.015495 
0.103428 	0.182970 	0.130109 	0.086391 	 0.015495 
0.091910 	0.202012 	0.142522 	0.096896 	 0.015973 
0.108441 	0.188461 	0.133414 	0.089546 	 0.014119 
0.088369 	0.195845 	0.138450 	0.093193 	 0.015522 
0.089453 	0.189153 	0.134172 	0.089242 	 0.015267 
0.093352 	0.189655 	0.134423 	0.088353 	 0.015329 
0.097789 	0.193111 	0.136748 	0.089812 	 0.015119 
0.085074 	0.201922 	0.142561 	0.096266 	 0.015526 
0.110695 	0.189709 	0.134639 	0.089479 	 0.014321 
0.083101 	0.207769 	0.146393 	0.098165 	 0.015848 
0.093941 	0.193282 	0.136841 	0.090601 	 0.015391 
0.099025 	0.190494 	0.136083 	0.084403 	 0.015085 
0.089458 	0.199097 	0.141351 	0.091261 	 0.015460 
0.072542 	0.215391 	0.151306 	0.106769 	 0.016932 
0.087024 	0.204639 	0.144507 	0.097252 	 0.015518 
0.098591 	0.197413 	0.140010 	0.089954 	 0.014837 
0.079303 	0.204168 	0.144355 	0.095933 	 0.015957 
0.097181 	0.199309 	0.141413 	0.093174 	 0.015569 
0.080766 	0.202479 	0.143104 	0.097047 	 0.016255 
0.084852 	0.213699 	0.150691 	0.102776 	 0.016221 
0.078846 	0.209990 	0.148043 	0.101330 	 0.016179 
0.083989 	0.205971 	0.145665 	0.098443 	 0.015686 
0.095391 	0.198839 	0.141089 	0.093441 	 0.014750 
0.087234 	0.199641 	0.141847 	0.091716 	 0.015492 
0.093533 	0.196413 	0.140643 	0.087616 	 0.015961 
0.084516 	0.199020 	0.141355 	0.094136 	 0.016308 
0.077655 	0.213858 	0.150908 	0.104999 	 0.016506 
0.077385 	0.208048 	0.147302 	0.098457 	 0.015982 
0.082163 	0.210164 	0.148916 	0.098966 	 0.016043 
0.085522 	0.203266 	0.144825 	0.091072 	 0.015639 
0.081261 	0.210115 	0.148927 	0.098579 	 0.016012 
0.086407 	0.200639 	0.142919 	0.090244 	 0.014938 
0.094347 	0.190411 	0.136135 	0.085555 	 0.014370 
0.087832 	0.204729 	0.145817 	0.092579 	 0.015553 
0.082875 	0.208496 	0.148115 	0.097252 	 0.015637 
0.076476 	0.207601 	0.147144 	0.097641 	 0.015733 
0.091011 	0.201001 	0.143401 	0.091572 	 0.015354 
0.096479 	0.191217 	0.137084 	0.086122 	 0.015122 
0.082405 	0.198497 	0.141926 	0.085114 	 0.015221 
0.070658 	0.211597 	0.150826 	0.096709 	 0.016854 
0.077747 	0.205040 	0.145915 	0.093430 	 0.015512 
0.079270 	0.213271 	0.151040 	0.101398 	 0.015506 
0.084685 	0.199406 	0.142568 	0.088380 	 0.014863 
0.063574 	0.214363 	0.151840 	0.099463 	 0.016125 
0.081922 	0.205540 	0.146662 	0.094195 	 0.015776 
0.081235 	0.196184 	0.140280 	0.090311 	 0.015152 
0.072307 	0.214688 	0.152611 	0.101142 	 0.017028 
0.067829 	0.222202 	0.157683 	0.103995 	 0.017099 
0.088605 	0.202120 	0.144592 	0.092354 	 0.015941 
0.081967 	0.202027 	0.144386 	0.090679 	 0.015192 
0.063027 	0.221368 	0.157003 	0.105317 	 0.017133 
0.086627 	0.200301 	0.143656 	0.086536 	 0.014443 
0.082969 	0.200897 	0.143841 	0.090187 	 0.015560 
0.066468 	0.226481 	0.160192 	0.109125 	 0.016868 
0.078163 	0.210815 	0.150252 	0.096314 	 0.015391 
0.071731 	0.208047 	0.148765 	0.093149 	 0.015960 
0.069334 	0.206009 	0.147350 	0.093959 	 0.015951 
0.063659 	0.222910 	0.158633 	0.105204 	 0.017511 
0.066162 	0.220509 	0.156984 	0.101463 	 0.016473 
0.073114 	0.211549 	0.151398 	0.093442 	 0.015875 
0.079920 	0.205034 	0.146922 	0.091026 	 0.015381 
0.062188 	0.221742 	0.157409 	0.105576 	 0.017639 
0.079779 	0.201665 	0.145205 	0.086394 	 0.015832 
0.061416 	0.225373 	0.160328 	0.104433 	 0.017206 
0.064875 	0.212660 	0.152622 	0.094233 	 0.017269 
0.077692 	0.204754 	0.146929 	0.091833 	 0.015904 
0.067041 	0.212738 	0.151812 	0.097169 	 0.016516 
0.066794 	0.219084 	0.155958 	0.099246 	 0.016231 
0.087591 	0.196841 	0.142022 	0.085492 	 0.015497 
0.074331 	0.211077 	0.151816 	0.091782 	 0.016354 
0.078635 	0.195510 	0.140611 	0.082995 	 0.013862 
0.065207 	0.217247 	0.155068 	0.099844 	 0.017199 
0.061616 	0.213089 	0.152766 	0.095440 	 0.016299 
0.071089 	0.203042 	0.146126 	0.088537 	 0.015436 
0.084631 	0.192983 	0.139600 	0.082995 	 0.014789 
0.058850 	0.221396 	0.158468 	0.100028 	 0.016796 
0.080216 	0.203392 	0.146581 	0.088462 	 0.015305 
0.072870 	0.204429 	0.147542 	0.087125 	 0.016159 
0.072458 	0.210436 	0.151488 	0.092148 	 0.015950 
0.069002 	0.200018 	0.145295 	0.081916 	 0.016643 
0.061175 	0.218848 	0.156830 	0.097633 	 0.016302 
0.084213 	0.199492 	0.144473 	0.083315 	 0.015249 
0.069416 	0.216105 	0.155072 	0.095816 	 0.015441 
0.070643 	0.196950 	0.142830 	0.081606 	 0.014857 
0.072037 	0.215267 	0.154760 	0.093231 	 0.015607 
0.066406 	0.214930 	0.154835 	0.093404 	 0.016517 
0.065895 	0.221413 	0.158736 	0.100282 	 0.016734 
0.083055 	0.195841 	0.142477 	0.079069 	 0.014492 
0.073147 	0.202589 	0.147099 	0.084375 	 0.015741 
0.069068 	0.200634 	0.145254 	0.084786 	 0.015269 
0.053855 	0.214668 	0.154437 	0.093785 	 0.016283 
0.058582 	0.214257 	0.153773 	0.096061 	 0.016359 
0.064416 	0.206075 	0.148948 	0.088707 	 0.015830 
0.063981 	0.205623 	0.148448 	0.089324 	 0.015048 
0.067196 	0.205487 	0.148882 	0.086417 	 0.015903 
0.070565 	0.201800 	0.146393 	0.084475 	 0.015238 
0.079160 	0.202916 	0.147547 	0.084124 	 0.015731 
0.081918 	0.207356 	0.150260 	0.087588 	 0.015579 
0.071986 	0.201386 	0.145772 	0.086326 	 0.015066 
0.074705 	0.201198 	0.146640 	0.079575 	 0.015217 
0.067628 	0.216789 	0.156679 	0.090303 	 0.015837 
0.061192 	0.211158 	0.152697 	0.089120 	 0.015626 
0.081770 	0.197151 	0.144059 	0.081208 	 0.015476 
0.055782 	0.218557 	0.157764 	0.093775 	 0.016428 
0.071607 	0.208233 	0.150880 	0.088000 	 0.015280 
0.073413 	0.206756 	0.149964 	0.086360 	 0.014857 
0.077867 	0.204861 	0.149205 	0.085294 	 0.015884 
0.063102 	0.220102 	0.158945 	0.095668 	 0.016354 
0.075758 	0.201789 	0.147125 	0.082515 	 0.015499 
0.079374 	0.196179 	0.143297 	0.081359 	 0.015637 
0.074444 	0.206301 	0.150073 	0.086635 	 0.016082 
0.062325 	0.216391 	0.156516 	0.093842 	 0.016075 
0.077804 	0.194874 	0.142753 	0.077224 	 0.014926 
0.068839 	0.207160 	0.151267 	0.082891 	 0.016127 
0.056675 	0.206340 	0.150502 	0.082500 	 0.016292 
0.083963 	0.195461 	0.143154 	0.077311 	 0.014376 
0.065944 	0.206870 	0.150406 	0.087376 	 0.015468 
0.061159 	0.223615 	0.161798 	0.095352 	 0.016564 
0.063976 	0.210235 	0.152692 	0.089304 	 0.015755 
0.061676 	0.207624 	0.151115 	0.085796 	 0.015446 
0.072599 	0.204405 	0.149316 	0.083939 	 0.015480 
0.053129 	0.217637 	0.157964 	0.093189 	 0.017364 
0.054245 	0.209984 	0.153060 	0.087400 	 0.016691 
0.069426 	0.208302 	0.152626 	0.082844 	 0.016259 
0.053677 	0.233299 	0.167893 	0.106179 	 0.017673 
0.060021 	0.201913 	0.147788 	0.082909 	 0.015994 
0.082647 	0.201335 	0.147957 	0.079003 	 0.015261 
0.071057 	0.201245 	0.147744 	0.080880 	 0.015836 
0.067965 	0.217822 	0.158378 	0.091930 	 0.015790 
0.085407 	0.196642 	0.144825 	0.075945 	 0.014535 
0.050875 	0.227573 	0.165002 	0.096879 	 0.017298 
0.078826 	0.206210 	0.151488 	0.079685 	 0.014874 
0.062619 	0.215337 	0.156808 	0.091806 	 0.016965 
0.080478 	0.211249 	0.154386 	0.087531 	 0.015454 
0.058025 	0.213941 	0.156744 	0.085294 	 0.016724 
0.058361 	0.213751 	0.156307 	0.087158 	 0.016665 
0.063469 	0.217506 	0.158545 	0.092252 	 0.016470 
0.059867 	0.213740 	0.155929 	0.090681 	 0.016558 
0.058872 	0.207725 	0.152004 	0.086289 	 0.016244 
0.057247 	0.211015 	0.154513 	0.087884 	 0.016731 
0.064840 	0.216487 	0.158266 	0.088322 	 0.016279 
0.078753 	0.198757 	0.147193 	0.074029 	 0.015327 
0.076670 	0.212921 	0.156190 	0.086976 	 0.015644 
0.071233 	0.212401 	0.155611 	0.087304 	 0.015921 
0.079354 	0.198591 	0.146715 	0.077238 	 0.014995 
0.079640 	0.191205 	0.142211 	0.070387 	 0.014976 
0.075101 	0.205322 	0.151261 	0.080505 	 0.015712 
0.079772 	0.192085 	0.142955 	0.070274 	 0.015209 
0.089019 	0.194117 	0.144092 	0.074439 	 0.014405 
0.076002 	0.209352 	0.153945 	0.086321 	 0.016626 
0.084918 	0.188124 	0.140011 	0.072454 	 0.015002 
0.082311 	0.202318 	0.149805 	0.077835 	 0.015360 
0.075677 	0.209866 	0.154618 	0.083307 	 0.015850 
0.070522 	0.204776 	0.151648 	0.079785 	 0.016297 
0.074899 	0.207259 	0.152829 	0.084481 	 0.016735 
0.095561 	0.194309 	0.144914 	0.072525 	 0.014598 
0.072231 	0.206749 	0.152379 	0.082054 	 0.015965 
0.079236 	0.196418 	0.146261 	0.073964 	 0.015755 
0.079537 	0.192759 	0.143761 	0.072271 	 0.015344 
0.088843 	0.200121 	0.148724 	0.074267 	 0.014106 
0.098111 	0.196840 	0.146361 	0.074667 	 0.014314 
0.087090 	0.186240 	0.139284 	0.067320 	 0.013812 
0.081232 	0.196681 	0.146281 	0.075948 	 0.015649 
0.070761 	0.211969 	0.156681 	0.084539 	 0.016527 
0.074378 	0.204656 	0.152123 	0.077234 	 0.015440 
0.082875 	0.207606 	0.153795 	0.081555 	 0.015722 
0.084955 	0.194847 	0.145562 	0.071736 	 0.014518 
0.097901 	0.188164 	0.141563 	0.064694 	 0.013952 
0.093348 	0.194602 	0.145349 	0.071234 	 0.014369 
0.089476 	0.196299 	0.146972 	0.072611 	 0.015327 
0.099224 	0.180233 	0.136251 	0.062279 	 0.014092 
0.086242 	0.201803 	0.150329 	0.077160 	 0.014222 
0.072595 	0.214861 	0.158828 	0.085356 	 0.016466 
0.106155 	0.186119 	0.140131 	0.066032 	 0.013397 
0.085597 	0.196859 	0.147401 	0.074576 	 0.015675 
0.076090 	0.203554 	0.152122 	0.075884 	 0.015699 
0.094714 	0.188859 	0.142130 	0.067860 	 0.014549 
0.086787 	0.199618 	0.149726 	0.074016 	 0.015828 
0.082989 	0.199999 	0.149438 	0.075654 	 0.015418 
0.088804 	0.204152 	0.152078 	0.081084 	 0.015558 
0.086984 	0.192300 	0.144529 	0.070570 	 0.015074 
0.098199 	0.181393 	0.137498 	0.063023 	 0.014277 
0.087784 	0.202818 	0.151978 	0.074870 	 0.015620 
0.079470 	0.205302 	0.153123 	0.076937 	 0.015373 
0.097521 	0.189497 	0.143344 	0.067337 	 0.014381 
0.101917 	0.186300 	0.141079 	0.067775 	 0.014854 
0.091338 	0.204015 	0.152662 	0.077026 	 0.015209 
0.085952 	0.204078 	0.152536 	0.076603 	 0.015244 
0.098419 	0.186589 	0.141671 	0.062877 	 0.014020 
0.087531 	0.198019 	0.149106 	0.070952 	 0.015414 
0.093569 	0.199278 	0.149706 	0.072453 	 0.015012 
0.103527 	0.183390 	0.139813 	0.062294 	 0.014679 
0.101065 	0.182034 	0.138641 	0.061873 	 0.014616 
0.106118 	0.184303 	0.140648 	0.059366 	 0.013973 
0.088680 	0.199542 	0.150130 	0.072622 	 0.015177 
0.110673 	0.172416 	0.132591 	0.053642 	 0.013621 
0.091033 	0.198801 	0.149224 	0.076206 	 0.015448 
0.108268 	0.187327 	0.142291 	0.063642 	 0.013586 
0.089349 	0.207656 	0.155139 	0.080806 	 0.015590 
0.096616 	0.193069 	0.146057 	0.067443 	 0.014259 
0.101146 	0.194349 	0.147182 	0.070041 	 0.014446 
0.096627 	0.192229 	0.145358 	0.068404 	 0.014147 
0.106687 	0.188453 	0.143224 	0.065316 	 0.013632 
0.105320 	0.189874 	0.144129 	0.064542 	 0.013650 
0.103554 	0.184437 	0.140542 	0.063321 	 0.013718 
0.107779 	0.189770 	0.145025 	0.063758 	 0.014138 
0.108861 	0.177189 	0.136680 	0.054404 	 0.013833 
0.089548 	0.204993 	0.153554 	0.078228 	 0.014784 
0.104925 	0.194908 	0.147697 	0.072199 	 0.015574 
0.073673 	0.215425 	0.161437 	0.081996 	 0.016343 
0.099163 	0.183823 	0.140741 	0.060532 	 0.014412 
0.105150 	0.180763 	0.139143 	0.057947 	 0.014233 
0.097185 	0.191492 	0.146054 	0.066256 	 0.015192 
0.097590 	0.193404 	0.147526 	0.066157 	 0.014992 
0.074804 	0.220083 	0.164361 	0.087298 	 0.017099 
0.086523 	0.201590 	0.152698 	0.073939 	 0.016272 
0.087514 	0.193039 	0.147245 	0.064686 	 0.015283 
0.094132 	0.197206 	0.150205 	0.067935 	 0.015572 
0.093739 	0.197886 	0.150506 	0.069216 	 0.015256 
0.090626 	0.194372 	0.148202 	0.067020 	 0.014776 
0.085231 	0.198104 	0.150789 	0.067648 	 0.015170 
0.077014 	0.203252 	0.154156 	0.071388 	 0.015694 
0.105934 	0.180959 	0.139353 	0.058908 	 0.013615 
0.099921 	0.186311 	0.142620 	0.062182 	 0.013412 
0.099903 	0.186274 	0.142975 	0.060943 	 0.013853 
0.084103 	0.192102 	0.146781 	0.064377 	 0.015257 
0.099304 	0.186024 	0.142979 	0.061855 	 0.013767 
0.088537 	0.188779 	0.144652 	0.065456 	 0.015578 
0.093900 	0.195629 	0.148715 	0.070708 	 0.014663 
0.081870 	0.199224 	0.151992 	0.070116 	 0.015815 
0.098330 	0.190514 	0.146528 	0.062934 	 0.015075 
0.093030 	0.181703 	0.140368 	0.059029 	 0.014682 
0.084528 	0.195655 	0.149315 	0.069660 	 0.015678 
0.083282 	0.189755 	0.145914 	0.062030 	 0.014992 
0.085008 	0.198335 	0.151313 	0.070441 	 0.016087 
0.090690 	0.193575 	0.148535 	0.066848 	 0.015479 
0.092610 	0.187909 	0.144936 	0.059115 	 0.014792 
0.114001 	0.175422 	0.136755 	0.054776 	 0.013290 
0.089234 	0.201194 	0.153365 	0.069582 	 0.015006 
0.090980 	0.176387 	0.137144 	0.053327 	 0.014146 
0.109837 	0.179507 	0.139984 	0.053897 	 0.014188 
0.099126 	0.177211 	0.138219 	0.052530 	 0.014019 
0.091937 	0.193585 	0.148906 	0.063475 	 0.014737 
0.091931 	0.194160 	0.149561 	0.064265 	 0.015824 
0.103707 	0.182038 	0.141248 	0.058904 	 0.014131 
0.092627 	0.182562 	0.141365 	0.061010 	 0.014898 
0.089609 	0.199544 	0.153117 	0.066437 	 0.015345 
0.103449 	0.178997 	0.139591 	0.056088 	 0.014406 
0.101265 	0.175922 	0.137578 	0.053728 	 0.014057 
0.095272 	0.190728 	0.147175 	0.062978 	 0.014825 
0.088084 	0.198858 	0.152720 	0.068879 	 0.015890 
0.095773 	0.185222 	0.144076 	0.055741 	 0.014865 
0.091125 	0.175362 	0.137079 	0.052893 	 0.014159 
0.111101 	0.174019 	0.136865 	0.051328 	 0.013359 
0.079407 	0.196070 	0.151084 	0.066929 	 0.016067 
0.095465 	0.185089 	0.143782 	0.059697 	 0.013891 
0.093146 	0.182934 	0.142599 	0.056931 	 0.015055 
0.086835 	0.185858 	0.144804 	0.057850 	 0.015655 
0.094060 	0.189657 	0.147496 	0.059495 	 0.015228 
0.105005 	0.170454 	0.134457 	0.051279 	 0.013992 
0.071146 	0.208979 	0.159612 	0.074618 	 0.016316 
