di 	gli 	gal 	gos3 	 gos4 
0.419141 	0.027739 	0.016851 	0.018437 	 -0.001895 
0.416702 	0.039569 	0.024577 	0.030454 	 -0.000273 
0.441283 	0.027886 	0.015809 	0.035890 	 -0.001227 
0.417865 	0.051515 	0.031318 	0.051937 	 0.000994 
0.429109 	0.051181 	0.031199 	0.051037 	 0.000127 
0.421282 	0.058012 	0.035898 	0.055213 	 0.000436 
0.406923 	0.060839 	0.037365 	0.059297 	 0.001233 
0.427863 	0.048240 	0.029393 	0.048859 	 0.000001 
0.424875 	0.059708 	0.036902 	0.056271 	 0.000364 
0.417638 	0.058415 	0.035510 	0.056833 	 0.000027 
0.423545 	0.046372 	0.027909 	0.048531 	 0.000196 
0.409078 	0.056761 	0.034555 	0.056647 	 0.001281 
0.412464 	0.057168 	0.034571 	0.056528 	 0.000655 
0.413577 	0.048643 	0.029054 	0.053869 	 0.000646 
0.397842 	0.077537 	0.048260 	0.068861 	 0.001630 
0.414156 	0.061561 	0.037341 	0.064589 	 0.001510 
0.407055 	0.061614 	0.037954 	0.058456 	 0.001422 
0.412530 	0.068657 	0.042370 	0.064213 	 0.001031 
0.402054 	0.063707 	0.039247 	0.060094 	 0.001148 
0.402540 	0.061370 	0.037977 	0.059132 	 0.002063 
0.395043 	0.077387 	0.048061 	0.070977 	 0.002787 
0.401590 	0.069972 	0.043904 	0.060991 	 0.001539 
0.409844 	0.060107 	0.036941 	0.057057 	 0.000583 
0.386393 	0.077184 	0.047932 	0.071718 	 0.003350 
0.406136 	0.065643 	0.040055 	0.065463 	 0.001491 
0.394526 	0.076787 	0.047654 	0.069980 	 0.002247 
0.396553 	0.069749 	0.043346 	0.064566 	 0.002426 
0.392227 	0.069429 	0.042753 	0.065901 	 0.002240 
0.399266 	0.061440 	0.037959 	0.059291 	 0.002258 
0.387341 	0.082483 	0.051540 	0.073774 	 0.003270 
0.388280 	0.076123 	0.047419 	0.070432 	 0.002877 
0.385608 	0.079791 	0.049413 	0.075942 	 0.003577 
0.388572 	0.077318 	0.047936 	0.072667 	 0.002835 
0.390612 	0.073638 	0.045716 	0.069027 	 0.002844 
0.393757 	0.072142 	0.044664 	0.066890 	 0.002304 
0.392530 	0.067347 	0.041642 	0.063356 	 0.002433 
0.384872 	0.074991 	0.046142 	0.072588 	 0.003116 
0.385099 	0.075220 	0.046659 	0.071750 	 0.003196 
0.382691 	0.078478 	0.048623 	0.074816 	 0.003416 
0.373231 	0.086952 	0.054163 	0.078611 	 0.004240 
0.380968 	0.075141 	0.046450 	0.068027 	 0.002754 
0.365267 	0.084227 	0.052524 	0.074550 	 0.004027 
0.368302 	0.099176 	0.061885 	0.088451 	 0.004528 
0.382754 	0.077477 	0.048140 	0.072389 	 0.003380 
0.383431 	0.076801 	0.048048 	0.071931 	 0.003913 
0.378050 	0.081997 	0.051109 	0.076566 	 0.003674 
0.360226 	0.099700 	0.062704 	0.086553 	 0.005211 
0.370478 	0.086244 	0.053896 	0.076400 	 0.003654 
0.370820 	0.085760 	0.053739 	0.076078 	 0.003621 
0.361705 	0.101060 	0.063585 	0.085966 	 0.004615 
0.373481 	0.083810 	0.051971 	0.075502 	 0.003062 
0.361659 	0.084484 	0.052743 	0.075543 	 0.003870 
0.359330 	0.090255 	0.056689 	0.079876 	 0.004282 
0.373578 	0.087465 	0.055688 	0.073289 	 0.004048 
0.362285 	0.088778 	0.055695 	0.077348 	 0.004244 
0.348171 	0.101681 	0.064130 	0.087480 	 0.005427 
0.355834 	0.098412 	0.062167 	0.084437 	 0.005057 
0.354802 	0.097425 	0.061397 	0.083776 	 0.004783 
0.344198 	0.106133 	0.066774 	0.090556 	 0.004908 
0.364564 	0.088151 	0.055512 	0.080027 	 0.005064 
0.357527 	0.094562 	0.060017 	0.082022 	 0.004701 
0.343857 	0.109657 	0.069202 	0.093589 	 0.005754 
0.353644 	0.092872 	0.058338 	0.082457 	 0.004460 
0.357098 	0.090762 	0.056895 	0.081381 	 0.004552 
0.347694 	0.098679 	0.062214 	0.086070 	 0.005618 
0.330321 	0.116216 	0.073707 	0.096615 	 0.006759 
0.347018 	0.091150 	0.057180 	0.080230 	 0.004482 
0.339093 	0.102551 	0.064542 	0.089756 	 0.005292 
0.339154 	0.105681 	0.066847 	0.090443 	 0.006188 
0.337346 	0.109180 	0.069249 	0.092319 	 0.006426 
0.357287 	0.097136 	0.061288 	0.085292 	 0.004597 
0.343447 	0.098933 	0.062329 	0.084880 	 0.005341 
0.345119 	0.106688 	0.067555 	0.092374 	 0.005907 
0.336443 	0.114969 	0.073029 	0.096682 	 0.006143 
0.336882 	0.112019 	0.070850 	0.095171 	 0.006094 
0.346861 	0.097964 	0.061909 	0.084197 	 0.005562 
0.335231 	0.111111 	0.070233 	0.093719 	 0.005702 
0.349434 	0.102540 	0.064974 	0.087222 	 0.005237 
0.347196 	0.098044 	0.062227 	0.083213 	 0.005266 
0.325161 	0.115261 	0.073194 	0.094967 	 0.006458 
0.347770 	0.093730 	0.059109 	0.079967 	 0.004231 
0.327011 	0.107952 	0.068434 	0.090135 	 0.006270 
0.333452 	0.102688 	0.065108 	0.087065 	 0.005925 
0.337259 	0.103499 	0.066309 	0.084519 	 0.006063 
0.341050 	0.094299 	0.059429 	0.082519 	 0.004985 
0.345516 	0.098445 	0.062603 	0.084688 	 0.006234 
0.326952 	0.112189 	0.071484 	0.091715 	 0.006319 
0.329804 	0.101663 	0.064690 	0.085372 	 0.006081 
0.326338 	0.110158 	0.069772 	0.093577 	 0.005880 
0.334644 	0.103506 	0.065589 	0.087309 	 0.005462 
0.341555 	0.098264 	0.062426 	0.083412 	 0.005372 
0.329829 	0.106167 	0.067584 	0.088926 	 0.006054 
0.329490 	0.111606 	0.070765 	0.094155 	 0.006657 
0.324101 	0.119971 	0.076430 	0.100604 	 0.007095 
0.329369 	0.103817 	0.065722 	0.090474 	 0.006299 
0.332683 	0.100445 	0.063789 	0.084794 	 0.006022 
0.320334 	0.122460 	0.078078 	0.100041 	 0.007547 
0.336360 	0.102757 	0.065194 	0.089313 	 0.006104 
0.328010 	0.110024 	0.070387 	0.089495 	 0.006234 
0.320702 	0.115051 	0.073486 	0.095230 	 0.007382 
0.331090 	0.109340 	0.069838 	0.089791 	 0.006093 
0.318307 	0.120285 	0.077197 	0.093962 	 0.006953 
0.318857 	0.116492 	0.074419 	0.095243 	 0.006679 
0.322925 	0.109232 	0.069531 	0.089813 	 0.006375 
0.325987 	0.113844 	0.072659 	0.093765 	 0.005892 
0.321669 	0.109256 	0.069955 	0.089217 	 0.006723 
0.322344 	0.106649 	0.068061 	0.087197 	 0.006243 
0.323702 	0.118028 	0.075637 	0.095953 	 0.006850 
0.318313 	0.113963 	0.073134 	0.092631 	 0.006801 
0.316491 	0.118983 	0.076601 	0.094811 	 0.007158 
0.310361 	0.132436 	0.085619 	0.101901 	 0.007862 
0.323671 	0.121126 	0.077591 	0.097946 	 0.006767 
0.317040 	0.125084 	0.080528 	0.101669 	 0.007941 
0.326166 	0.109692 	0.070354 	0.087936 	 0.006161 
0.317671 	0.111637 	0.071392 	0.090400 	 0.006661 
0.305125 	0.127831 	0.082327 	0.097985 	 0.006934 
0.315320 	0.119866 	0.076672 	0.098207 	 0.007348 
0.314382 	0.116308 	0.074798 	0.093381 	 0.007533 
0.320126 	0.115603 	0.074463 	0.093558 	 0.007383 
0.316018 	0.113324 	0.072717 	0.090672 	 0.006278 
0.316812 	0.113117 	0.072777 	0.091263 	 0.007010 
0.321891 	0.118026 	0.075746 	0.095035 	 0.006260 
0.302691 	0.139245 	0.090043 	0.107170 	 0.008563 
0.296238 	0.139493 	0.089965 	0.107875 	 0.008223 
0.285211 	0.148329 	0.095299 	0.115891 	 0.008673 
0.299903 	0.140284 	0.090663 	0.109715 	 0.008582 
0.297807 	0.133942 	0.086070 	0.107423 	 0.007987 
0.315928 	0.119667 	0.077586 	0.091021 	 0.006696 
0.302807 	0.137824 	0.089666 	0.104340 	 0.008657 
0.308293 	0.124765 	0.080569 	0.095869 	 0.006667 
0.297492 	0.136987 	0.088537 	0.107466 	 0.008341 
0.288002 	0.140644 	0.091140 	0.107262 	 0.009017 
0.301977 	0.129680 	0.083727 	0.100621 	 0.007335 
0.305121 	0.131960 	0.085241 	0.104209 	 0.008078 
0.304712 	0.131626 	0.085072 	0.102632 	 0.007823 
0.305475 	0.118835 	0.076219 	0.094033 	 0.006737 
0.284314 	0.136720 	0.088701 	0.104674 	 0.008811 
0.297804 	0.137417 	0.089316 	0.103448 	 0.008302 
0.311163 	0.131914 	0.085495 	0.098276 	 0.006427 
0.296079 	0.134728 	0.087366 	0.103189 	 0.008057 
0.287310 	0.136603 	0.088181 	0.106149 	 0.008794 
0.281858 	0.147449 	0.095023 	0.114893 	 0.008822 
0.289024 	0.128673 	0.083253 	0.099626 	 0.008178 
0.308408 	0.122559 	0.079696 	0.092724 	 0.006942 
0.305530 	0.129908 	0.084522 	0.099296 	 0.007475 
0.294973 	0.145026 	0.094609 	0.107355 	 0.008397 
0.284646 	0.143984 	0.093693 	0.106825 	 0.008307 
0.292869 	0.139366 	0.090774 	0.102853 	 0.007895 
0.282558 	0.138925 	0.090052 	0.106289 	 0.009028 
0.289889 	0.125992 	0.081942 	0.093900 	 0.007664 
0.289847 	0.139050 	0.090203 	0.104912 	 0.008533 
0.292568 	0.131282 	0.085269 	0.098036 	 0.007571 
0.281657 	0.143351 	0.093233 	0.104987 	 0.007844 
0.295976 	0.133479 	0.086600 	0.102734 	 0.007825 
0.287952 	0.132000 	0.086060 	0.097498 	 0.008231 
0.293193 	0.135870 	0.088265 	0.102853 	 0.008207 
0.285463 	0.138235 	0.090291 	0.102293 	 0.008606 
0.270919 	0.150701 	0.098271 	0.110063 	 0.009387 
0.291106 	0.136042 	0.088777 	0.098920 	 0.007686 
0.286077 	0.135958 	0.088617 	0.100738 	 0.007801 
0.293835 	0.134258 	0.087572 	0.099214 	 0.007327 
0.282315 	0.138320 	0.089957 	0.102045 	 0.007779 
0.282933 	0.146301 	0.095231 	0.106489 	 0.007711 
0.280376 	0.147800 	0.095990 	0.111042 	 0.008910 
0.299298 	0.136720 	0.089477 	0.100075 	 0.007691 
0.284327 	0.139347 	0.091027 	0.100562 	 0.007931 
0.277509 	0.149007 	0.097169 	0.109523 	 0.009025 
0.284308 	0.148905 	0.097336 	0.108175 	 0.008282 
0.274656 	0.146519 	0.095611 	0.107002 	 0.008572 
0.277119 	0.151047 	0.098941 	0.109566 	 0.009135 
0.295528 	0.133925 	0.087349 	0.100955 	 0.007641 
0.264323 	0.156355 	0.102034 	0.112677 	 0.009615 
0.275664 	0.153200 	0.100266 	0.111056 	 0.009252 
0.274790 	0.144960 	0.094482 	0.107200 	 0.009014 
0.278815 	0.154548 	0.101281 	0.110913 	 0.009033 
0.270118 	0.159695 	0.104570 	0.113667 	 0.009139 
0.271262 	0.159519 	0.104275 	0.117487 	 0.009921 
0.259671 	0.157016 	0.102480 	0.112723 	 0.009224 
0.281524 	0.141916 	0.092902 	0.102633 	 0.008486 
0.273518 	0.155452 	0.101746 	0.112272 	 0.009026 
0.271705 	0.153604 	0.100913 	0.107760 	 0.008582 
0.262051 	0.156171 	0.102736 	0.109878 	 0.010106 
0.277576 	0.143370 	0.094190 	0.102673 	 0.008835 
0.256688 	0.174277 	0.114241 	0.124891 	 0.010600 
0.250392 	0.172976 	0.113439 	0.123815 	 0.011201 
0.268027 	0.151246 	0.099767 	0.104894 	 0.009664 
0.261597 	0.158100 	0.103779 	0.111821 	 0.009632 
0.264264 	0.150694 	0.099095 	0.107997 	 0.009843 
0.265534 	0.155946 	0.101987 	0.112624 	 0.009666 
0.264647 	0.168130 	0.110388 	0.122963 	 0.010812 
0.250735 	0.174564 	0.114760 	0.120116 	 0.010320 
0.249804 	0.176156 	0.115761 	0.123385 	 0.010868 
0.258839 	0.171531 	0.112654 	0.122174 	 0.010794 
0.258056 	0.176220 	0.116183 	0.121720 	 0.010851 
0.262017 	0.166721 	0.110007 	0.114611 	 0.010171 
0.270485 	0.155212 	0.102457 	0.107103 	 0.008978 
0.258201 	0.158684 	0.104598 	0.110180 	 0.009884 
0.261194 	0.167247 	0.109901 	0.115071 	 0.009196 
0.267334 	0.161733 	0.107068 	0.110604 	 0.009706 
0.267836 	0.162782 	0.107678 	0.111526 	 0.009830 
0.253375 	0.161567 	0.106705 	0.109700 	 0.009540 
0.260973 	0.171071 	0.112814 	0.118111 	 0.009472 
0.262096 	0.169906 	0.112221 	0.116875 	 0.009690 
0.254962 	0.165267 	0.109080 	0.114651 	 0.010323 
0.262216 	0.164341 	0.108655 	0.115526 	 0.009977 
0.268582 	0.158894 	0.105399 	0.108538 	 0.009514 
0.244192 	0.173644 	0.114494 	0.119591 	 0.010714 
0.252125 	0.170996 	0.113158 	0.113976 	 0.010112 
0.256945 	0.165189 	0.109122 	0.113547 	 0.009806 
0.244856 	0.175583 	0.116042 	0.119969 	 0.010710 
0.262311 	0.160654 	0.106506 	0.109012 	 0.008926 
0.254015 	0.170739 	0.113084 	0.115772 	 0.009807 
0.251842 	0.174382 	0.115110 	0.117804 	 0.009682 
0.257803 	0.161690 	0.107208 	0.110428 	 0.009944 
0.251711 	0.167476 	0.110800 	0.115062 	 0.010221 
0.255871 	0.158247 	0.104656 	0.107862 	 0.008937 
0.246954 	0.175656 	0.116384 	0.117979 	 0.010571 
0.256455 	0.163348 	0.108310 	0.110323 	 0.009407 
0.246381 	0.171104 	0.113038 	0.116637 	 0.009785 
0.254647 	0.160414 	0.106607 	0.107790 	 0.009599 
0.247862 	0.176224 	0.116843 	0.118858 	 0.010444 
0.254533 	0.162344 	0.107789 	0.110206 	 0.009890 
0.251327 	0.163696 	0.108583 	0.111006 	 0.009879 
0.254515 	0.161977 	0.107855 	0.108294 	 0.009848 
0.251614 	0.172317 	0.114266 	0.115779 	 0.010138 
0.246409 	0.174205 	0.115723 	0.115498 	 0.010158 
0.249569 	0.170321 	0.113084 	0.114915 	 0.010399 
0.248892 	0.164624 	0.109600 	0.108618 	 0.009960 
0.242278 	0.173850 	0.115555 	0.116425 	 0.010753 
0.237691 	0.173609 	0.115195 	0.116555 	 0.010377 
0.241902 	0.180924 	0.120036 	0.122353 	 0.010695 
0.237987 	0.170366 	0.113484 	0.111127 	 0.010540 
0.240580 	0.182352 	0.121147 	0.120344 	 0.011034 
0.239519 	0.174584 	0.115853 	0.118666 	 0.010995 
0.238180 	0.187267 	0.124356 	0.123206 	 0.010786 
0.227946 	0.177120 	0.117933 	0.115403 	 0.011424 
0.234262 	0.181656 	0.120254 	0.120419 	 0.010864 
0.242275 	0.164977 	0.109939 	0.106165 	 0.009859 
0.245343 	0.172908 	0.115089 	0.113591 	 0.010274 
0.234193 	0.178705 	0.119082 	0.114529 	 0.010582 
0.243978 	0.172633 	0.115373 	0.111465 	 0.010217 
0.245917 	0.170331 	0.113911 	0.108978 	 0.010358 
0.229879 	0.177270 	0.117423 	0.119367 	 0.010592 
0.221362 	0.194126 	0.128665 	0.131317 	 0.012267 
0.228721 	0.181176 	0.120458 	0.120489 	 0.011053 
0.240873 	0.167420 	0.112315 	0.104472 	 0.010156 
0.221721 	0.192507 	0.128396 	0.123700 	 0.011889 
0.232035 	0.173630 	0.115807 	0.112132 	 0.010490 
0.237908 	0.182151 	0.121753 	0.115147 	 0.010396 
0.236499 	0.184942 	0.123170 	0.120348 	 0.010419 
0.234129 	0.183301 	0.122435 	0.119053 	 0.011432 
0.221097 	0.190948 	0.127702 	0.122500 	 0.011989 
0.236156 	0.180567 	0.120561 	0.115772 	 0.010135 
0.232902 	0.194541 	0.130284 	0.124003 	 0.011834 
0.219043 	0.192526 	0.128658 	0.122964 	 0.012204 
0.232991 	0.188739 	0.126474 	0.118553 	 0.010647 
0.212107 	0.205563 	0.137181 	0.132199 	 0.012364 
0.222393 	0.198262 	0.132850 	0.125100 	 0.012537 
0.214369 	0.197413 	0.132025 	0.123900 	 0.011955 
0.230862 	0.187867 	0.126117 	0.118334 	 0.011566 
0.222424 	0.206484 	0.137708 	0.133949 	 0.012021 
0.209538 	0.196364 	0.131052 	0.125198 	 0.011951 
0.222067 	0.195780 	0.130732 	0.124980 	 0.011571 
0.245299 	0.181574 	0.122321 	0.111838 	 0.009818 
0.229103 	0.177960 	0.119489 	0.109784 	 0.010205 
0.221450 	0.193887 	0.130105 	0.121246 	 0.011517 
0.225677 	0.184937 	0.124189 	0.116884 	 0.011409 
0.227163 	0.188535 	0.125834 	0.120755 	 0.010515 
0.218500 	0.197712 	0.132648 	0.126289 	 0.012626 
0.216323 	0.195052 	0.131093 	0.122933 	 0.012418 
0.228417 	0.187380 	0.125813 	0.118363 	 0.011292 
0.218946 	0.191163 	0.128480 	0.120479 	 0.012124 
0.210214 	0.200212 	0.134380 	0.124958 	 0.012204 
0.198703 	0.225357 	0.150742 	0.141678 	 0.013860 
0.215748 	0.202450 	0.135568 	0.129463 	 0.012480 
0.218290 	0.185397 	0.124949 	0.111852 	 0.011078 
0.217833 	0.196473 	0.131445 	0.125899 	 0.011609 
0.221364 	0.196584 	0.132569 	0.119460 	 0.012182 
0.209888 	0.201231 	0.135079 	0.126126 	 0.012598 
0.225486 	0.193076 	0.130251 	0.118279 	 0.011303 
0.229937 	0.185360 	0.125154 	0.113731 	 0.010992 
0.206812 	0.203519 	0.136660 	0.128449 	 0.012525 
0.211811 	0.192209 	0.129962 	0.115593 	 0.011788 
0.213858 	0.205465 	0.138046 	0.128891 	 0.012321 
0.214228 	0.205270 	0.138278 	0.127195 	 0.012139 
0.218558 	0.201900 	0.135763 	0.127068 	 0.012531 
0.220481 	0.206688 	0.138906 	0.128295 	 0.011381 
0.203760 	0.208468 	0.140194 	0.128741 	 0.012369 
0.211291 	0.207583 	0.139590 	0.129346 	 0.012401 
0.210683 	0.208447 	0.140533 	0.127000 	 0.012479 
0.204658 	0.211671 	0.142910 	0.128744 	 0.012741 
0.211365 	0.198277 	0.134375 	0.118509 	 0.012591 
0.206086 	0.205865 	0.138679 	0.125502 	 0.012024 
0.208407 	0.203891 	0.137474 	0.123566 	 0.011769 
0.209411 	0.199718 	0.134321 	0.125001 	 0.011829 
0.212955 	0.204831 	0.138875 	0.121950 	 0.012103 
0.206921 	0.210909 	0.142457 	0.127238 	 0.012369 
0.203385 	0.210822 	0.142611 	0.125186 	 0.012450 
0.196187 	0.219981 	0.148514 	0.131654 	 0.012998 
0.212428 	0.203683 	0.137717 	0.120530 	 0.011841 
0.216007 	0.195400 	0.132266 	0.118088 	 0.011644 
0.200086 	0.208087 	0.140617 	0.126623 	 0.012607 
0.203704 	0.204963 	0.138433 	0.125730 	 0.012720 
0.210941 	0.202918 	0.137237 	0.120343 	 0.011342 
0.201817 	0.205363 	0.138944 	0.123159 	 0.012592 
0.199968 	0.210852 	0.142882 	0.127481 	 0.013352 
0.207577 	0.200868 	0.135925 	0.119897 	 0.011543 
0.209189 	0.207763 	0.140888 	0.123079 	 0.011956 
0.203218 	0.210807 	0.142782 	0.125415 	 0.011893 
0.204160 	0.208267 	0.141295 	0.122351 	 0.012134 
0.215018 	0.192147 	0.130908 	0.110920 	 0.011103 
0.219781 	0.195460 	0.132811 	0.113591 	 0.010752 
0.210954 	0.190663 	0.129899 	0.110535 	 0.011177 
0.200473 	0.205071 	0.138795 	0.123292 	 0.012576 
0.200521 	0.208790 	0.141146 	0.128518 	 0.012811 
0.206382 	0.205277 	0.139453 	0.120417 	 0.011712 
0.207050 	0.194940 	0.132372 	0.115308 	 0.011754 
0.203516 	0.201355 	0.136730 	0.117398 	 0.011599 
0.202550 	0.206145 	0.139846 	0.121691 	 0.011769 
0.204660 	0.202070 	0.137691 	0.117572 	 0.012378 
0.199421 	0.202550 	0.137295 	0.121927 	 0.012817 
0.199698 	0.208712 	0.141363 	0.124351 	 0.012124 
0.204011 	0.207054 	0.140926 	0.118592 	 0.011710 
0.194151 	0.213931 	0.144883 	0.127414 	 0.012389 
0.202837 	0.197118 	0.134204 	0.115482 	 0.012185 
0.194292 	0.201730 	0.136952 	0.117870 	 0.011761 
0.186453 	0.215373 	0.146091 	0.125230 	 0.012090 
0.201989 	0.204432 	0.139086 	0.117890 	 0.011957 
0.198645 	0.205826 	0.139966 	0.121287 	 0.012531 
0.206433 	0.204659 	0.139369 	0.118590 	 0.011710 
0.204421 	0.204067 	0.139489 	0.115006 	 0.011658 
0.197897 	0.213779 	0.145769 	0.120724 	 0.012109 
0.203299 	0.204384 	0.139526 	0.118351 	 0.011972 
0.189379 	0.223516 	0.151617 	0.131883 	 0.012611 
0.197950 	0.203564 	0.139160 	0.115910 	 0.012047 
0.194815 	0.212380 	0.144456 	0.124538 	 0.012774 
0.200453 	0.208277 	0.141855 	0.121179 	 0.011402 
0.208002 	0.198670 	0.135830 	0.112461 	 0.011377 
0.188340 	0.222792 	0.151841 	0.129009 	 0.013154 
0.201431 	0.202304 	0.138491 	0.114636 	 0.011808 
0.182635 	0.217234 	0.148040 	0.125214 	 0.013066 
0.188865 	0.223820 	0.152562 	0.129849 	 0.013303 
0.188534 	0.220047 	0.150388 	0.126088 	 0.013197 
0.199296 	0.203350 	0.139309 	0.111927 	 0.011342 
0.176237 	0.218716 	0.149396 	0.125470 	 0.013957 
0.178917 	0.217477 	0.148326 	0.123215 	 0.013085 
0.197192 	0.209314 	0.143124 	0.117330 	 0.012283 
0.187045 	0.219077 	0.149536 	0.124322 	 0.012990 
0.169028 	0.233502 	0.158640 	0.135397 	 0.014637 
0.180054 	0.215107 	0.147122 	0.121420 	 0.013192 
0.180515 	0.222226 	0.151737 	0.126767 	 0.013433 
0.186616 	0.209993 	0.143622 	0.118054 	 0.012425 
0.170343 	0.229229 	0.155980 	0.132629 	 0.013957 
0.183998 	0.216079 	0.148245 	0.121970 	 0.013634 
0.178907 	0.222638 	0.152085 	0.125908 	 0.013560 
0.181786 	0.219435 	0.150121 	0.123149 	 0.013017 
0.178177 	0.214456 	0.146827 	0.120403 	 0.012971 
0.191525 	0.209395 	0.143992 	0.115344 	 0.012360 
0.181289 	0.216615 	0.148893 	0.119184 	 0.013136 
0.176192 	0.226649 	0.154843 	0.126817 	 0.013509 
0.174085 	0.228862 	0.156399 	0.129492 	 0.013543 
0.169661 	0.233164 	0.158878 	0.132963 	 0.013854 
0.170375 	0.224626 	0.153917 	0.124624 	 0.013787 
0.189518 	0.221743 	0.152228 	0.122579 	 0.012822 
0.174188 	0.228977 	0.157340 	0.124928 	 0.013789 
0.176117 	0.225977 	0.155084 	0.124432 	 0.013535 
0.179323 	0.220982 	0.151783 	0.121128 	 0.012856 
0.194014 	0.208948 	0.144026 	0.114254 	 0.012361 
0.187162 	0.218789 	0.150168 	0.121710 	 0.013028 
0.166163 	0.233836 	0.160495 	0.130391 	 0.014455 
0.185595 	0.218243 	0.150155 	0.118871 	 0.012879 
0.168147 	0.222899 	0.153272 	0.121548 	 0.013636 
0.179625 	0.228352 	0.156926 	0.124312 	 0.012866 
0.184381 	0.216981 	0.149298 	0.117473 	 0.011922 
0.170398 	0.233970 	0.160283 	0.129725 	 0.013352 
0.160903 	0.236719 	0.162527 	0.130786 	 0.014667 
0.179619 	0.235884 	0.162545 	0.127542 	 0.014102 
0.174786 	0.234545 	0.161040 	0.129465 	 0.013538 
0.172842 	0.224147 	0.154437 	0.123017 	 0.014042 
0.178713 	0.221732 	0.152244 	0.122475 	 0.012602 
0.167852 	0.231078 	0.158692 	0.129067 	 0.014240 
0.176292 	0.229108 	0.157665 	0.126744 	 0.013755 
0.170473 	0.228623 	0.157226 	0.126389 	 0.013941 
0.178939 	0.232883 	0.160161 	0.129621 	 0.014169 
0.184333 	0.225193 	0.155549 	0.121939 	 0.013497 
0.175476 	0.231108 	0.159234 	0.124961 	 0.013833 
0.166735 	0.239590 	0.164856 	0.133786 	 0.014952 
0.176778 	0.221117 	0.153025 	0.115510 	 0.013143 
0.167351 	0.236329 	0.162620 	0.128457 	 0.014021 
0.170395 	0.230626 	0.158915 	0.125629 	 0.014221 
0.168175 	0.239989 	0.165287 	0.130551 	 0.014584 
0.183312 	0.220502 	0.152598 	0.117984 	 0.013025 
0.165771 	0.234678 	0.162018 	0.128617 	 0.014950 
0.165959 	0.238011 	0.164048 	0.127531 	 0.013662 
0.170063 	0.233643 	0.161250 	0.124260 	 0.013407 
0.156055 	0.242352 	0.166935 	0.130325 	 0.014457 
0.165196 	0.239369 	0.164935 	0.130647 	 0.015025 
0.174593 	0.234102 	0.161705 	0.125981 	 0.013742 
0.176026 	0.231362 	0.160207 	0.123040 	 0.013477 
0.156642 	0.235780 	0.162709 	0.125322 	 0.014189 
0.175944 	0.240715 	0.166366 	0.128663 	 0.013525 
0.167505 	0.235300 	0.162182 	0.128402 	 0.013403 
0.171948 	0.230922 	0.159799 	0.122478 	 0.013127 
0.166570 	0.226699 	0.156942 	0.121264 	 0.013790 
0.158132 	0.242713 	0.167621 	0.130028 	 0.014680 
0.161017 	0.247886 	0.170813 	0.133678 	 0.014305 
0.172427 	0.228014 	0.158123 	0.119989 	 0.013022 
0.190317 	0.217797 	0.152105 	0.111089 	 0.012502 
0.168463 	0.234068 	0.162313 	0.122286 	 0.013577 
0.164646 	0.243949 	0.168544 	0.129822 	 0.013934 
0.154749 	0.241471 	0.166728 	0.130129 	 0.014269 
0.155834 	0.247238 	0.170911 	0.131800 	 0.014530 
0.168043 	0.238147 	0.164945 	0.124284 	 0.013976 
0.146586 	0.250466 	0.172805 	0.134521 	 0.015247 
0.156813 	0.239271 	0.165639 	0.124957 	 0.014202 
0.166038 	0.237070 	0.164415 	0.123556 	 0.013549 
0.172158 	0.233640 	0.162548 	0.120417 	 0.013478 
0.169806 	0.233561 	0.162344 	0.121878 	 0.013717 
0.162151 	0.245515 	0.170084 	0.131490 	 0.014967 
0.172372 	0.233151 	0.162226 	0.118201 	 0.012873 
0.148448 	0.251704 	0.174273 	0.132087 	 0.015295 
0.155842 	0.249244 	0.172671 	0.130177 	 0.014329 
0.163182 	0.228007 	0.158605 	0.116896 	 0.013314 
0.170421 	0.228685 	0.158757 	0.117601 	 0.012409 
0.156817 	0.234540 	0.163072 	0.122305 	 0.014009 
0.166263 	0.240894 	0.167824 	0.124230 	 0.014068 
0.164020 	0.227851 	0.158709 	0.115848 	 0.012833 
0.158385 	0.235719 	0.163658 	0.123342 	 0.013487 
0.150769 	0.245054 	0.169429 	0.131755 	 0.014390 
0.151324 	0.246543 	0.170954 	0.130762 	 0.014779 
0.156582 	0.238153 	0.165524 	0.125551 	 0.014183 
0.154499 	0.233777 	0.162697 	0.120835 	 0.013619 
0.158496 	0.240464 	0.166863 	0.128444 	 0.014163 
0.161685 	0.239559 	0.166843 	0.121204 	 0.013148 
0.155019 	0.243531 	0.169216 	0.126687 	 0.014342 
0.147812 	0.244969 	0.170110 	0.127928 	 0.014570 
0.166929 	0.224953 	0.157451 	0.114305 	 0.013468 
0.137769 	0.258136 	0.178524 	0.137337 	 0.015367 
0.157243 	0.242211 	0.168658 	0.124442 	 0.014432 
0.139985 	0.261563 	0.181276 	0.139094 	 0.015297 
0.152950 	0.240429 	0.167621 	0.121797 	 0.014063 
0.153539 	0.241202 	0.168018 	0.127148 	 0.014662 
0.158692 	0.241101 	0.168244 	0.122183 	 0.014275 
0.149597 	0.246693 	0.171956 	0.126486 	 0.014348 
0.165839 	0.230535 	0.161414 	0.117305 	 0.013565 
0.161323 	0.239110 	0.166975 	0.122818 	 0.013997 
0.157315 	0.235242 	0.164695 	0.117976 	 0.013632 
0.158613 	0.230417 	0.161647 	0.114506 	 0.013467 
0.155472 	0.248405 	0.173218 	0.125796 	 0.013594 
0.149997 	0.249696 	0.173645 	0.132122 	 0.014682 
0.150415 	0.251173 	0.175383 	0.126824 	 0.014211 
0.149943 	0.247088 	0.172483 	0.126176 	 0.014811 
0.138131 	0.257947 	0.179573 	0.130005 	 0.014725 
0.139401 	0.260979 	0.181026 	0.137229 	 0.015477 
0.151193 	0.250651 	0.174900 	0.128142 	 0.015012 
0.156946 	0.233463 	0.163882 	0.115983 	 0.013775 
0.149086 	0.238791 	0.167095 	0.120946 	 0.014439 
0.155145 	0.245500 	0.171502 	0.123937 	 0.014139 
0.143829 	0.257689 	0.179991 	0.131005 	 0.015455 
0.143796 	0.249631 	0.174359 	0.127211 	 0.015030 
0.153784 	0.248863 	0.174658 	0.123123 	 0.015134 
0.134166 	0.254413 	0.177485 	0.128300 	 0.015226 
0.139147 	0.251592 	0.176162 	0.125239 	 0.015557 
0.163793 	0.231714 	0.163141 	0.110101 	 0.012524 
0.137736 	0.263483 	0.183448 	0.135483 	 0.015120 
0.133176 	0.259763 	0.180899 	0.135251 	 0.015771 
0.138126 	0.258819 	0.180944 	0.128703 	 0.015115 
0.152191 	0.244917 	0.172124 	0.119181 	 0.013956 
0.124633 	0.256254 	0.179365 	0.126696 	 0.015922 
0.142265 	0.251308 	0.176159 	0.121453 	 0.014172 
0.142176 	0.255227 	0.178994 	0.126386 	 0.015358 
0.132125 	0.256889 	0.179860 	0.128761 	 0.015399 
0.141452 	0.258731 	0.181114 	0.127334 	 0.014881 
0.137184 	0.248228 	0.174633 	0.121064 	 0.015410 
0.151164 	0.255719 	0.179519 	0.126569 	 0.014892 
0.139011 	0.256145 	0.179643 	0.127536 	 0.015969 
0.148952 	0.245168 	0.172562 	0.119970 	 0.014582 
0.147837 	0.243721 	0.171402 	0.119673 	 0.014280 
0.146901 	0.244940 	0.172639 	0.117438 	 0.014426 
0.131084 	0.267277 	0.186797 	0.135222 	 0.015574 
0.133344 	0.265777 	0.186115 	0.130892 	 0.014995 
0.133439 	0.265208 	0.185650 	0.132599 	 0.016073 
0.139223 	0.266293 	0.186431 	0.134397 	 0.015567 
0.147351 	0.253620 	0.178440 	0.124403 	 0.014961 
0.138848 	0.256537 	0.180599 	0.122682 	 0.014612 
0.129224 	0.262446 	0.184244 	0.130107 	 0.015807 
0.135441 	0.263670 	0.185038 	0.131563 	 0.015805 
0.125902 	0.267558 	0.187883 	0.133826 	 0.016739 
0.136130 	0.262532 	0.184311 	0.131411 	 0.016064 
0.126502 	0.270383 	0.189088 	0.136513 	 0.016347 
0.145029 	0.250867 	0.176920 	0.120160 	 0.014846 
0.143080 	0.261534 	0.183552 	0.132037 	 0.015294 
0.133845 	0.271261 	0.190118 	0.137663 	 0.016447 
0.135250 	0.263124 	0.185143 	0.127516 	 0.015598 
0.120014 	0.274525 	0.192327 	0.138285 	 0.016749 
0.143358 	0.250414 	0.177169 	0.119019 	 0.015236 
0.147775 	0.251420 	0.177942 	0.117299 	 0.014592 
0.137717 	0.257833 	0.181711 	0.126364 	 0.015558 
0.128419 	0.270418 	0.189863 	0.136138 	 0.016092 
0.128952 	0.276797 	0.194163 	0.138177 	 0.016627 
0.132044 	0.262956 	0.185551 	0.127943 	 0.016188 
0.109191 	0.285297 	0.199673 	0.145118 	 0.017672 
0.144131 	0.259036 	0.182590 	0.125622 	 0.014197 
0.142934 	0.253683 	0.179566 	0.119916 	 0.014501 
0.156093 	0.233885 	0.167131 	0.104528 	 0.013879 
0.131560 	0.262636 	0.185442 	0.126707 	 0.015512 
0.124812 	0.271972 	0.191760 	0.130207 	 0.015983 
0.136559 	0.268454 	0.189070 	0.130521 	 0.014697 
0.130757 	0.262935 	0.185924 	0.123625 	 0.015230 
0.139168 	0.266568 	0.188263 	0.128711 	 0.015732 
0.121074 	0.270937 	0.191209 	0.129604 	 0.015901 
0.131243 	0.265986 	0.188081 	0.127312 	 0.016065 
0.127171 	0.267605 	0.189186 	0.129872 	 0.016578 
0.127510 	0.268223 	0.189889 	0.126667 	 0.015828 
0.133831 	0.267366 	0.189107 	0.128290 	 0.016052 
0.126326 	0.273998 	0.193531 	0.131679 	 0.016098 
0.143212 	0.256736 	0.181938 	0.121701 	 0.015054 
0.132278 	0.267957 	0.189531 	0.126458 	 0.015493 
0.130422 	0.260705 	0.184975 	0.120164 	 0.014995 
0.127230 	0.272491 	0.192677 	0.130919 	 0.016364 
0.118737 	0.274248 	0.193597 	0.131126 	 0.016439 
0.129406 	0.261478 	0.185569 	0.121675 	 0.014983 
0.125625 	0.265008 	0.187923 	0.125389 	 0.016047 
0.116979 	0.277264 	0.196287 	0.132284 	 0.017156 
0.127427 	0.275724 	0.195392 	0.129151 	 0.016246 
0.130364 	0.270276 	0.191373 	0.127168 	 0.015639 
0.129864 	0.258222 	0.183515 	0.119825 	 0.015008 
0.129711 	0.275532 	0.194822 	0.133521 	 0.016260 
0.146622 	0.254890 	0.181424 	0.116421 	 0.014423 
0.124433 	0.276124 	0.195324 	0.135056 	 0.017206 
0.123993 	0.271660 	0.192309 	0.127986 	 0.015886 
0.114815 	0.287554 	0.203076 	0.136852 	 0.016766 
0.132587 	0.277460 	0.196668 	0.132857 	 0.016873 
0.133555 	0.261108 	0.185854 	0.120856 	 0.015895 
0.121329 	0.274575 	0.194344 	0.131980 	 0.016413 
0.138678 	0.269088 	0.191372 	0.124912 	 0.015601 
0.121583 	0.273573 	0.194085 	0.128483 	 0.016196 
0.123644 	0.274224 	0.194556 	0.129898 	 0.016329 
0.141218 	0.254264 	0.181644 	0.116103 	 0.014758 
0.122225 	0.274976 	0.195152 	0.130940 	 0.016606 
0.131388 	0.265176 	0.188820 	0.122174 	 0.015647 
0.119393 	0.272963 	0.193772 	0.128977 	 0.016401 
0.129441 	0.267614 	0.190827 	0.122821 	 0.016107 
0.120512 	0.272058 	0.193342 	0.127918 	 0.016379 
0.128234 	0.266174 	0.190102 	0.121641 	 0.016173 
0.136466 	0.252281 	0.180516 	0.113551 	 0.014992 
0.138363 	0.259845 	0.185600 	0.120272 	 0.015411 
0.130872 	0.279757 	0.199017 	0.131203 	 0.016562 
0.129680 	0.260422 	0.186550 	0.115909 	 0.015600 
0.113478 	0.280624 	0.199093 	0.134277 	 0.017174 
0.125349 	0.267412 	0.190835 	0.123656 	 0.016040 
0.116419 	0.277539 	0.197074 	0.133512 	 0.017049 
0.120508 	0.271085 	0.192729 	0.129505 	 0.016573 
0.122289 	0.277446 	0.197927 	0.127069 	 0.016961 
0.117655 	0.286782 	0.204048 	0.133178 	 0.017176 
0.122660 	0.274692 	0.195798 	0.125896 	 0.016362 
0.131641 	0.270918 	0.193164 	0.125304 	 0.015739 
0.111551 	0.287081 	0.204259 	0.135246 	 0.017806 
0.102711 	0.286862 	0.203469 	0.136444 	 0.017710 
0.127335 	0.267103 	0.190777 	0.122798 	 0.015915 
0.113918 	0.285221 	0.202909 	0.132800 	 0.016772 
0.123148 	0.277453 	0.198081 	0.127630 	 0.015854 
0.118745 	0.287018 	0.204099 	0.135109 	 0.016948 
0.118342 	0.281907 	0.201206 	0.129871 	 0.017016 
0.118080 	0.272182 	0.194227 	0.125653 	 0.016071 
0.122764 	0.279720 	0.199614 	0.128863 	 0.016533 
0.114521 	0.282247 	0.200920 	0.133080 	 0.017470 
0.127056 	0.270792 	0.193997 	0.123386 	 0.016456 
0.105856 	0.276696 	0.198037 	0.125952 	 0.017361 
0.120402 	0.278836 	0.199245 	0.129123 	 0.017195 
0.114025 	0.268201 	0.192475 	0.120890 	 0.016901 
0.109693 	0.276127 	0.197034 	0.127547 	 0.016611 
0.114897 	0.264401 	0.190108 	0.115264 	 0.016022 
0.119963 	0.272418 	0.194644 	0.126712 	 0.016083 
0.127752 	0.260588 	0.187654 	0.117162 	 0.016337 
0.112703 	0.262788 	0.188358 	0.118561 	 0.015985 
0.124131 	0.271314 	0.194449 	0.120375 	 0.015736 
0.127721 	0.257232 	0.184841 	0.116412 	 0.015168 
0.113731 	0.276288 	0.198315 	0.125833 	 0.017742 
0.130791 	0.262968 	0.189252 	0.116433 	 0.015354 
0.115625 	0.275463 	0.197661 	0.124592 	 0.016898 
0.124140 	0.264561 	0.190273 	0.118472 	 0.016160 
0.126947 	0.263499 	0.189876 	0.115529 	 0.015624 
0.109367 	0.278120 	0.199698 	0.123313 	 0.017052 
0.114053 	0.271421 	0.194644 	0.124390 	 0.016740 
0.134474 	0.254258 	0.184200 	0.108850 	 0.015718 
0.122913 	0.266275 	0.191640 	0.118576 	 0.015707 
0.129051 	0.270538 	0.194791 	0.120232 	 0.016081 
0.123415 	0.252711 	0.183496 	0.104826 	 0.015828 
0.134280 	0.259847 	0.187528 	0.113748 	 0.015188 
0.113397 	0.280711 	0.201003 	0.131660 	 0.017144 
0.111510 	0.292881 	0.209543 	0.136121 	 0.017716 
0.117592 	0.276142 	0.198474 	0.125796 	 0.016977 
0.132272 	0.269362 	0.194305 	0.120558 	 0.016204 
0.123247 	0.274959 	0.197520 	0.125283 	 0.016646 
0.113917 	0.276818 	0.199077 	0.124504 	 0.017168 
0.107991 	0.275467 	0.198614 	0.122228 	 0.017800 
0.111312 	0.283269 	0.203137 	0.130203 	 0.018105 
0.114260 	0.272452 	0.196551 	0.117512 	 0.016558 
0.118049 	0.270620 	0.195977 	0.115385 	 0.016454 
0.438581 	-0.000340 	0.001064 	-0.002400 	 -0.000234 
0.440959 	0.008682 	0.006951 	0.006567 	 0.001494 
0.451690 	0.011099 	0.008070 	0.013705 	 0.001118 
0.448027 	0.011714 	0.008609 	0.014819 	 0.001821 
0.442743 	0.027361 	0.018417 	0.027200 	 0.001939 
0.445914 	0.023083 	0.016063 	0.022277 	 0.002072 
0.426332 	0.037662 	0.025347 	0.032641 	 0.002966 
0.437619 	0.025411 	0.017418 	0.027024 	 0.002585 
0.433373 	0.034846 	0.023762 	0.029393 	 0.002913 
0.426769 	0.027587 	0.018287 	0.030288 	 0.003195 
0.420818 	0.034228 	0.023409 	0.030707 	 0.004216 
0.425404 	0.034999 	0.023164 	0.035016 	 0.003480 
0.441080 	0.028152 	0.019356 	0.025240 	 0.001943 
0.449688 	0.008954 	0.006537 	0.016050 	 0.002383 
0.432943 	0.039601 	0.026650 	0.032573 	 0.002792 
0.418128 	0.047528 	0.031192 	0.042843 	 0.003978 
0.408206 	0.049747 	0.033141 	0.041629 	 0.004337 
0.423072 	0.033476 	0.022648 	0.030109 	 0.003361 
0.401245 	0.049750 	0.032628 	0.043725 	 0.004631 
0.412180 	0.041979 	0.028313 	0.036622 	 0.004840 
0.398546 	0.055455 	0.035933 	0.048752 	 0.005052 
0.393230 	0.057640 	0.037733 	0.052197 	 0.005742 
0.408099 	0.051329 	0.034119 	0.043572 	 0.005525 
0.394293 	0.052577 	0.034308 	0.045790 	 0.005349 
0.387522 	0.059002 	0.038681 	0.052438 	 0.006277 
0.396397 	0.057388 	0.038164 	0.047062 	 0.005609 
0.397942 	0.055192 	0.036354 	0.047466 	 0.005435 
0.389260 	0.047203 	0.031280 	0.042806 	 0.005641 
0.398985 	0.051292 	0.034217 	0.042881 	 0.005393 
0.377262 	0.071598 	0.046912 	0.059995 	 0.007587 
0.391972 	0.057084 	0.037561 	0.050542 	 0.006267 
0.386797 	0.059965 	0.038901 	0.055195 	 0.006180 
0.387458 	0.059520 	0.039673 	0.048429 	 0.006877 
0.397820 	0.053866 	0.035580 	0.045958 	 0.005186 
0.379188 	0.062183 	0.041137 	0.052134 	 0.007099 
0.378897 	0.063710 	0.042160 	0.051460 	 0.006204 
0.385192 	0.058026 	0.038113 	0.050399 	 0.006320 
0.384041 	0.057743 	0.037704 	0.052649 	 0.006447 
0.390191 	0.049555 	0.032645 	0.046255 	 0.006250 
0.370182 	0.066355 	0.043622 	0.055661 	 0.007298 
0.363222 	0.077756 	0.051307 	0.062780 	 0.007783 
0.366837 	0.072362 	0.047227 	0.061687 	 0.006982 
0.380061 	0.060529 	0.039693 	0.050356 	 0.005851 
0.373032 	0.072400 	0.047895 	0.057756 	 0.006966 
0.372851 	0.062016 	0.040904 	0.051085 	 0.006610 
0.377258 	0.061748 	0.041126 	0.052004 	 0.007333 
0.362828 	0.069230 	0.044923 	0.060116 	 0.006910 
0.375830 	0.061059 	0.040468 	0.052924 	 0.007144 
0.370333 	0.064198 	0.042438 	0.053165 	 0.007187 
0.358240 	0.073415 	0.048123 	0.061871 	 0.008059 
0.374188 	0.067075 	0.044271 	0.056290 	 0.006664 
0.370066 	0.060372 	0.040101 	0.047722 	 0.006404 
0.375862 	0.066775 	0.044057 	0.055767 	 0.006987 
0.377185 	0.062330 	0.041091 	0.053412 	 0.006474 
0.356062 	0.078971 	0.052055 	0.065582 	 0.008916 
0.361085 	0.074236 	0.048899 	0.062337 	 0.008099 
0.360654 	0.067498 	0.044315 	0.059342 	 0.007118 
0.348621 	0.084956 	0.055681 	0.069825 	 0.008000 
0.355001 	0.076615 	0.050152 	0.064851 	 0.008097 
0.351455 	0.078948 	0.052682 	0.061976 	 0.008613 
0.358439 	0.068247 	0.045125 	0.058025 	 0.007924 
0.362924 	0.062523 	0.041922 	0.050364 	 0.007501 
0.352058 	0.068241 	0.045386 	0.055902 	 0.008246 
0.344475 	0.072823 	0.048130 	0.059751 	 0.008775 
0.365121 	0.063838 	0.042085 	0.054395 	 0.006937 
0.350403 	0.076239 	0.050161 	0.062911 	 0.008074 
0.350638 	0.075128 	0.049841 	0.060079 	 0.007937 
0.359972 	0.072869 	0.048454 	0.059883 	 0.008576 
0.341770 	0.081737 	0.053581 	0.067593 	 0.008845 
0.335822 	0.082489 	0.053993 	0.069164 	 0.009585 
0.336281 	0.077865 	0.051056 	0.064364 	 0.008469 
0.338803 	0.084887 	0.056196 	0.066396 	 0.009111 
0.340638 	0.081168 	0.053737 	0.065315 	 0.008838 
0.341484 	0.084404 	0.055712 	0.069238 	 0.009534 
0.331359 	0.079576 	0.052485 	0.064681 	 0.009114 
0.346734 	0.068568 	0.045353 	0.057685 	 0.007987 
0.333226 	0.092692 	0.061364 	0.072015 	 0.009580 
0.334396 	0.089940 	0.059426 	0.068928 	 0.008398 
0.333552 	0.088836 	0.058501 	0.071824 	 0.009462 
0.345644 	0.077162 	0.051491 	0.061472 	 0.008280 
0.326435 	0.092778 	0.060902 	0.073754 	 0.009207 
0.333147 	0.084164 	0.056116 	0.064632 	 0.009054 
0.325575 	0.087749 	0.057525 	0.071574 	 0.009443 
0.340670 	0.082933 	0.055178 	0.063644 	 0.008083 
0.324870 	0.097274 	0.064177 	0.076070 	 0.009748 
0.324390 	0.090898 	0.060044 	0.070593 	 0.009241 
0.332379 	0.084818 	0.056466 	0.065134 	 0.009122 
0.338768 	0.073627 	0.048705 	0.058170 	 0.008049 
0.319747 	0.091313 	0.060524 	0.068167 	 0.009081 
0.326589 	0.092173 	0.061153 	0.070145 	 0.009358 
0.335973 	0.083176 	0.054883 	0.067948 	 0.008942 
0.316578 	0.100123 	0.066115 	0.076247 	 0.009721 
0.315773 	0.097654 	0.064365 	0.075012 	 0.009985 
0.327525 	0.085569 	0.056895 	0.065981 	 0.008972 
0.324384 	0.089481 	0.059269 	0.069994 	 0.009336 
0.313681 	0.100105 	0.066311 	0.076432 	 0.009874 
0.328725 	0.087939 	0.058574 	0.068160 	 0.009582 
0.313617 	0.091695 	0.060588 	0.071811 	 0.009998 
0.328930 	0.084927 	0.056585 	0.065363 	 0.009018 
0.326847 	0.090950 	0.060582 	0.068355 	 0.009032 
0.316659 	0.094093 	0.062329 	0.072909 	 0.009671 
0.321360 	0.095122 	0.063147 	0.072020 	 0.009133 
0.322790 	0.087822 	0.058772 	0.065062 	 0.009193 
0.319779 	0.082549 	0.055064 	0.063298 	 0.009153 
0.325626 	0.085580 	0.057037 	0.066159 	 0.008861 
0.305965 	0.095932 	0.063650 	0.073859 	 0.010268 
0.308632 	0.105680 	0.070528 	0.077684 	 0.010838 
0.304206 	0.105425 	0.069736 	0.079245 	 0.010637 
0.314741 	0.099949 	0.066112 	0.076671 	 0.009987 
0.311281 	0.090180 	0.059487 	0.070325 	 0.009299 
0.322478 	0.089438 	0.059577 	0.067379 	 0.008980 
0.285863 	0.110179 	0.072912 	0.082344 	 0.011093 
0.309153 	0.092537 	0.062021 	0.068040 	 0.010060 
0.309748 	0.103576 	0.069041 	0.075348 	 0.010113 
0.297481 	0.111786 	0.074214 	0.083487 	 0.011546 
0.313807 	0.101378 	0.067561 	0.076605 	 0.009901 
0.310299 	0.099692 	0.066527 	0.074191 	 0.010627 
0.319241 	0.093018 	0.062347 	0.068668 	 0.009910 
0.309414 	0.095425 	0.064084 	0.068990 	 0.010117 
0.309955 	0.097351 	0.064743 	0.074102 	 0.010505 
0.301716 	0.098237 	0.065529 	0.073277 	 0.010731 
0.299259 	0.098729 	0.065637 	0.074412 	 0.010679 
0.288175 	0.115833 	0.076666 	0.087086 	 0.011725 
0.305733 	0.105571 	0.070229 	0.077838 	 0.010096 
0.307994 	0.103701 	0.069434 	0.074700 	 0.010043 
0.282704 	0.117971 	0.078024 	0.087205 	 0.011691 
0.291444 	0.115987 	0.077056 	0.087858 	 0.012074 
0.293331 	0.107325 	0.071193 	0.081158 	 0.011292 
0.292822 	0.103209 	0.069023 	0.075034 	 0.010514 
0.288317 	0.118512 	0.078839 	0.085055 	 0.011351 
0.296019 	0.102459 	0.068028 	0.077891 	 0.010366 
0.289165 	0.112997 	0.075395 	0.081372 	 0.011127 
0.281691 	0.111276 	0.074117 	0.081644 	 0.011506 
0.300693 	0.096105 	0.064502 	0.072314 	 0.010849 
0.285617 	0.118276 	0.078547 	0.087376 	 0.012317 
0.284844 	0.111551 	0.074327 	0.081304 	 0.011352 
0.281799 	0.116011 	0.076946 	0.087688 	 0.012538 
0.291190 	0.102849 	0.068949 	0.075734 	 0.011478 
0.289245 	0.109425 	0.072974 	0.079261 	 0.010866 
0.284532 	0.109012 	0.072766 	0.078160 	 0.010927 
0.293365 	0.109914 	0.073568 	0.078961 	 0.011111 
0.301879 	0.100075 	0.067368 	0.072532 	 0.010497 
0.269408 	0.122590 	0.081605 	0.090128 	 0.013056 
0.284187 	0.103993 	0.069552 	0.075129 	 0.010944 
0.260555 	0.127492 	0.084954 	0.091192 	 0.013575 
0.270533 	0.119763 	0.080040 	0.083956 	 0.012610 
0.267194 	0.121799 	0.081246 	0.085869 	 0.011904 
0.288158 	0.115187 	0.077166 	0.082620 	 0.011677 
0.293288 	0.104694 	0.070331 	0.073385 	 0.010356 
0.281838 	0.109804 	0.073746 	0.079070 	 0.012121 
0.281920 	0.107611 	0.071927 	0.078227 	 0.011932 
0.285574 	0.108067 	0.072478 	0.077047 	 0.011518 
0.274045 	0.125911 	0.084065 	0.091227 	 0.012808 
0.286715 	0.118202 	0.079450 	0.081755 	 0.011920 
0.270152 	0.118258 	0.079061 	0.084036 	 0.012358 
0.280522 	0.116016 	0.077379 	0.085790 	 0.011759 
0.277138 	0.111206 	0.074242 	0.080617 	 0.011438 
0.278359 	0.114080 	0.076314 	0.082557 	 0.011895 
0.281472 	0.113522 	0.076532 	0.078880 	 0.011932 
0.271880 	0.120428 	0.080435 	0.087904 	 0.012012 
0.284949 	0.111874 	0.075690 	0.076397 	 0.011519 
0.285695 	0.105396 	0.071134 	0.073908 	 0.010875 
0.277667 	0.109608 	0.073542 	0.078911 	 0.011690 
0.280216 	0.111901 	0.075038 	0.081245 	 0.011986 
0.284910 	0.101457 	0.068473 	0.069945 	 0.010705 
0.276594 	0.106920 	0.071335 	0.079956 	 0.011659 
0.263861 	0.120330 	0.080777 	0.084456 	 0.012202 
0.282865 	0.107133 	0.072417 	0.072836 	 0.011313 
0.287235 	0.101358 	0.068684 	0.068953 	 0.010504 
0.280513 	0.113055 	0.076499 	0.075033 	 0.010961 
0.284217 	0.108869 	0.073588 	0.074472 	 0.011085 
0.286828 	0.104802 	0.070653 	0.073446 	 0.011046 
0.277845 	0.114255 	0.077071 	0.078957 	 0.011568 
0.278848 	0.112672 	0.075920 	0.078708 	 0.011664 
0.274371 	0.107666 	0.072930 	0.073087 	 0.011783 
0.265042 	0.116929 	0.078705 	0.079102 	 0.011978 
0.266951 	0.121380 	0.081632 	0.082784 	 0.011898 
0.264757 	0.129601 	0.086947 	0.088711 	 0.012284 
0.283338 	0.109797 	0.074197 	0.075893 	 0.011340 
0.259771 	0.131824 	0.088327 	0.091868 	 0.013160 
0.269936 	0.109894 	0.074337 	0.074250 	 0.011477 
0.266006 	0.127947 	0.085831 	0.089229 	 0.012671 
0.274615 	0.120148 	0.080665 	0.083794 	 0.011422 
0.264902 	0.121651 	0.081721 	0.083423 	 0.011797 
0.266781 	0.117191 	0.079098 	0.079223 	 0.011617 
0.270972 	0.122031 	0.082615 	0.080628 	 0.011643 
0.265969 	0.121407 	0.082274 	0.081286 	 0.012141 
0.271486 	0.114746 	0.077814 	0.075620 	 0.011714 
0.252612 	0.136194 	0.091482 	0.093484 	 0.013207 
0.271290 	0.112860 	0.076026 	0.078566 	 0.011020 
0.249022 	0.138007 	0.092725 	0.092390 	 0.012694 
0.264235 	0.123161 	0.083051 	0.084189 	 0.011792 
0.259368 	0.129347 	0.087376 	0.085788 	 0.012155 
0.251065 	0.133526 	0.089995 	0.092232 	 0.013377 
0.263790 	0.127023 	0.085913 	0.084883 	 0.012105 
0.257028 	0.122401 	0.082495 	0.084620 	 0.012689 
0.254095 	0.120384 	0.081487 	0.081406 	 0.012555 
0.257651 	0.118690 	0.080458 	0.079515 	 0.012097 
0.250116 	0.127082 	0.085702 	0.085012 	 0.012467 
0.256244 	0.120883 	0.081841 	0.080120 	 0.011960 
0.254517 	0.125858 	0.084938 	0.089067 	 0.013250 
0.257529 	0.125557 	0.085183 	0.082033 	 0.011824 
0.249225 	0.128847 	0.087335 	0.085582 	 0.012885 
0.243041 	0.135358 	0.090630 	0.096058 	 0.013305 
0.249168 	0.135845 	0.092251 	0.085803 	 0.012486 
0.249945 	0.128250 	0.086697 	0.083756 	 0.012079 
0.240683 	0.134810 	0.091246 	0.088642 	 0.013711 
0.242792 	0.134297 	0.090520 	0.090562 	 0.012923 
0.229942 	0.144627 	0.097362 	0.096431 	 0.013654 
0.239826 	0.131501 	0.089137 	0.085275 	 0.012897 
0.237867 	0.140389 	0.095300 	0.091272 	 0.013869 
0.239601 	0.139709 	0.094684 	0.091644 	 0.013126 
0.244992 	0.130112 	0.088352 	0.086241 	 0.013000 
0.235466 	0.143262 	0.096724 	0.097246 	 0.014169 
0.245064 	0.125579 	0.085403 	0.081261 	 0.012773 
0.248525 	0.125995 	0.085773 	0.081492 	 0.012988 
0.231853 	0.134378 	0.091093 	0.088052 	 0.013312 
0.228755 	0.132739 	0.089644 	0.086043 	 0.012801 
0.243993 	0.123920 	0.084721 	0.078415 	 0.012538 
0.241631 	0.138817 	0.094266 	0.088697 	 0.012989 
0.233893 	0.132743 	0.090655 	0.084341 	 0.013090 
0.227180 	0.133598 	0.090464 	0.088853 	 0.013576 
0.232775 	0.140157 	0.094742 	0.091875 	 0.012879 
0.238491 	0.134098 	0.091530 	0.084884 	 0.012951 
0.217360 	0.145994 	0.098864 	0.094907 	 0.014362 
0.232375 	0.128042 	0.087482 	0.081356 	 0.012946 
0.212788 	0.146442 	0.099545 	0.092676 	 0.014323 
0.217560 	0.144172 	0.097715 	0.092545 	 0.013773 
0.220250 	0.148651 	0.100885 	0.094821 	 0.013755 
0.229228 	0.138500 	0.094311 	0.086894 	 0.013089 
0.219172 	0.143535 	0.097433 	0.091712 	 0.013229 
0.217810 	0.151654 	0.102881 	0.097942 	 0.014324 
0.219736 	0.152906 	0.103787 	0.100199 	 0.014813 
0.214736 	0.155798 	0.105476 	0.102519 	 0.014494 
0.208130 	0.151811 	0.102744 	0.098300 	 0.014690 
0.210682 	0.144985 	0.098765 	0.091995 	 0.014812 
0.215836 	0.144705 	0.097666 	0.096851 	 0.013934 
0.210831 	0.144514 	0.098358 	0.092118 	 0.014307 
0.208435 	0.148879 	0.101191 	0.095335 	 0.014748 
0.215695 	0.145592 	0.099143 	0.092253 	 0.014330 
0.211870 	0.148899 	0.101526 	0.092605 	 0.013996 
0.216367 	0.145287 	0.099333 	0.090991 	 0.014264 
0.189424 	0.157875 	0.107468 	0.097418 	 0.015374 
0.193599 	0.156609 	0.106197 	0.099418 	 0.015271 
0.195211 	0.161685 	0.109491 	0.104230 	 0.015876 
0.215240 	0.141068 	0.096431 	0.087438 	 0.013681 
0.212150 	0.147861 	0.100933 	0.091051 	 0.013662 
0.188221 	0.166158 	0.111953 	0.108312 	 0.014960 
0.193490 	0.157340 	0.107289 	0.097732 	 0.015600 
0.195928 	0.157853 	0.107317 	0.098290 	 0.014114 
0.192361 	0.164231 	0.111216 	0.103507 	 0.015044 
0.214383 	0.147352 	0.100764 	0.093635 	 0.014773 
0.199011 	0.155075 	0.105941 	0.094313 	 0.014643 
0.202942 	0.146199 	0.100069 	0.088939 	 0.013704 
0.202386 	0.155426 	0.106175 	0.095511 	 0.014832 
0.190365 	0.162469 	0.110101 	0.101995 	 0.014815 
0.191545 	0.164538 	0.112229 	0.101142 	 0.015192 
0.190203 	0.151070 	0.103163 	0.094593 	 0.015230 
0.194887 	0.161396 	0.110435 	0.098035 	 0.014977 
0.209995 	0.148945 	0.102427 	0.088520 	 0.013725 
0.182294 	0.174178 	0.118064 	0.108675 	 0.015948 
0.184474 	0.163083 	0.111533 	0.098143 	 0.015772 
0.182967 	0.163478 	0.111028 	0.104448 	 0.015643 
0.177926 	0.173322 	0.118387 	0.106203 	 0.016524 
0.184157 	0.167451 	0.113926 	0.105535 	 0.015727 
0.182476 	0.158417 	0.108109 	0.097877 	 0.015333 
0.183755 	0.169359 	0.115088 	0.104680 	 0.015425 
0.185384 	0.162744 	0.110437 	0.101860 	 0.014597 
0.179874 	0.168655 	0.114924 	0.104092 	 0.016362 
0.182529 	0.160425 	0.109621 	0.095443 	 0.014758 
0.187143 	0.157895 	0.107867 	0.093647 	 0.014604 
0.189647 	0.165991 	0.113228 	0.101998 	 0.015173 
0.189953 	0.157554 	0.107673 	0.095414 	 0.015197 
0.197308 	0.149668 	0.102778 	0.090048 	 0.013983 
0.170205 	0.168111 	0.114660 	0.102487 	 0.015899 
0.188318 	0.153976 	0.105921 	0.092419 	 0.015213 
0.173805 	0.171991 	0.116844 	0.108127 	 0.016030 
0.178645 	0.174751 	0.119377 	0.106514 	 0.016318 
0.185961 	0.157608 	0.107930 	0.095277 	 0.015177 
0.187092 	0.170794 	0.116796 	0.102706 	 0.015463 
0.179783 	0.167715 	0.114831 	0.101657 	 0.015903 
0.181442 	0.164369 	0.112180 	0.099979 	 0.014884 
0.185395 	0.166582 	0.114074 	0.100335 	 0.015354 
0.168013 	0.175413 	0.119846 	0.104936 	 0.016156 
0.170174 	0.184246 	0.125197 	0.114350 	 0.016479 
0.178678 	0.160381 	0.109678 	0.097869 	 0.015425 
0.185525 	0.158890 	0.109194 	0.093699 	 0.014396 
0.168102 	0.176162 	0.120399 	0.105609 	 0.016426 
0.179504 	0.164471 	0.112765 	0.099547 	 0.015464 
0.174539 	0.171970 	0.117950 	0.103833 	 0.016466 
0.176126 	0.161268 	0.110584 	0.095962 	 0.015657 
0.181819 	0.150089 	0.103245 	0.089862 	 0.014603 
0.155683 	0.184527 	0.125662 	0.114391 	 0.018016 
0.184638 	0.167320 	0.114985 	0.101122 	 0.015321 
0.174641 	0.166274 	0.114220 	0.097813 	 0.015893 
0.160592 	0.189217 	0.128856 	0.116752 	 0.016809 
0.179167 	0.160420 	0.110674 	0.092350 	 0.015123 
0.169310 	0.180383 	0.123278 	0.110297 	 0.016445 
0.183435 	0.171167 	0.117117 	0.103683 	 0.015551 
0.174368 	0.173625 	0.119294 	0.101906 	 0.015724 
0.187049 	0.157056 	0.108561 	0.090637 	 0.014600 
0.176849 	0.169475 	0.116542 	0.102541 	 0.016366 
0.165385 	0.175714 	0.120501 	0.104696 	 0.016306 
0.185891 	0.168468 	0.115957 	0.100139 	 0.015042 
0.171675 	0.176174 	0.120695 	0.105039 	 0.015770 
0.198931 	0.148564 	0.103433 	0.085716 	 0.014226 
0.180940 	0.170333 	0.117478 	0.099208 	 0.015460 
0.183974 	0.166602 	0.115308 	0.096438 	 0.015363 
0.164372 	0.180772 	0.123888 	0.108585 	 0.016364 
0.182531 	0.170382 	0.117617 	0.098941 	 0.015287 
0.173478 	0.160363 	0.110711 	0.093029 	 0.014826 
0.176299 	0.164713 	0.113111 	0.100425 	 0.015624 
0.169314 	0.175371 	0.120463 	0.103134 	 0.015504 
0.181433 	0.159121 	0.110272 	0.091439 	 0.014698 
0.165524 	0.185584 	0.127395 	0.107982 	 0.016105 
0.173056 	0.172180 	0.118821 	0.099445 	 0.015974 
0.164927 	0.177358 	0.121942 	0.104738 	 0.016537 
0.169582 	0.167988 	0.115534 	0.098497 	 0.014870 
0.164926 	0.174905 	0.119914 	0.102424 	 0.015463 
0.176516 	0.171949 	0.119182 	0.097164 	 0.015576 
0.176837 	0.166557 	0.114753 	0.098899 	 0.014971 
0.182414 	0.160518 	0.111052 	0.093397 	 0.014741 
0.166249 	0.165598 	0.114294 	0.096733 	 0.015201 
0.177940 	0.157963 	0.109427 	0.090050 	 0.014529 
0.178312 	0.169036 	0.117449 	0.093538 	 0.015015 
0.173925 	0.167926 	0.116691 	0.094265 	 0.015662 
0.172381 	0.160081 	0.111308 	0.090861 	 0.015224 
0.162673 	0.181823 	0.125346 	0.104505 	 0.015503 
0.161587 	0.179436 	0.123753 	0.104518 	 0.016635 
0.174334 	0.171422 	0.118876 	0.098242 	 0.015720 
0.174943 	0.170739 	0.118471 	0.098320 	 0.015868 
0.173239 	0.171716 	0.119090 	0.098403 	 0.015998 
0.155423 	0.178137 	0.123025 	0.103187 	 0.016554 
0.158536 	0.186325 	0.128335 	0.108805 	 0.016565 
0.168266 	0.173738 	0.120892 	0.096245 	 0.015882 
0.187998 	0.164919 	0.114941 	0.093211 	 0.014971 
0.173456 	0.164240 	0.114227 	0.093116 	 0.015068 
0.173700 	0.174684 	0.121291 	0.097527 	 0.015747 
0.173061 	0.169185 	0.117807 	0.094559 	 0.015739 
0.163716 	0.177034 	0.122522 	0.101029 	 0.015954 
0.175239 	0.171794 	0.119466 	0.097610 	 0.015393 
0.166601 	0.168902 	0.117590 	0.093418 	 0.015291 
0.157300 	0.181133 	0.125359 	0.103754 	 0.016307 
0.185442 	0.161871 	0.113052 	0.090165 	 0.014554 
0.173553 	0.171100 	0.119007 	0.096553 	 0.015313 
0.169371 	0.168288 	0.117044 	0.095555 	 0.015766 
0.165600 	0.165711 	0.115313 	0.094866 	 0.015805 
0.164983 	0.162882 	0.113758 	0.089820 	 0.015428 
0.162871 	0.167501 	0.116570 	0.092351 	 0.015260 
0.159153 	0.175050 	0.122190 	0.094889 	 0.015782 
0.176100 	0.161791 	0.113257 	0.088755 	 0.015390 
0.158340 	0.180076 	0.124970 	0.102090 	 0.016334 
0.157200 	0.184481 	0.128071 	0.103698 	 0.016456 
0.153935 	0.175333 	0.122092 	0.096771 	 0.015721 
0.150432 	0.181174 	0.125504 	0.104395 	 0.016463 
0.154692 	0.180019 	0.125076 	0.101804 	 0.016536 
0.150139 	0.183463 	0.127083 	0.106831 	 0.016738 
0.151877 	0.180018 	0.125493 	0.101128 	 0.016979 
0.141743 	0.176565 	0.123040 	0.097866 	 0.016781 
0.151869 	0.187729 	0.130194 	0.107280 	 0.017157 
0.144042 	0.187685 	0.130629 	0.102054 	 0.016508 
0.154182 	0.184213 	0.127992 	0.103640 	 0.016465 
0.148178 	0.179863 	0.125098 	0.102940 	 0.016262 
0.149492 	0.184988 	0.128698 	0.102827 	 0.016548 
0.146811 	0.185631 	0.129015 	0.104565 	 0.016681 
0.145170 	0.188157 	0.130581 	0.104799 	 0.016569 
0.137102 	0.193877 	0.134398 	0.110915 	 0.017487 
0.146144 	0.192311 	0.133723 	0.107219 	 0.017404 
0.176587 	0.171639 	0.120599 	0.090968 	 0.014991 
0.151397 	0.184356 	0.128440 	0.102070 	 0.016701 
0.152944 	0.187296 	0.130501 	0.103600 	 0.016676 
0.146070 	0.184435 	0.128465 	0.102485 	 0.016627 
0.141343 	0.192433 	0.134125 	0.106858 	 0.017355 
0.157620 	0.171943 	0.120675 	0.092212 	 0.015753 
0.141523 	0.187373 	0.130771 	0.101859 	 0.017185 
0.137810 	0.189121 	0.132004 	0.102653 	 0.017128 
0.141363 	0.190184 	0.132680 	0.103140 	 0.016990 
0.144578 	0.186003 	0.129535 	0.103321 	 0.016492 
0.151012 	0.180676 	0.126516 	0.098826 	 0.016299 
0.136387 	0.195417 	0.135809 	0.109741 	 0.017585 
0.140746 	0.180135 	0.126103 	0.098717 	 0.016885 
0.136112 	0.197008 	0.137603 	0.107809 	 0.017873 
0.146159 	0.183600 	0.128421 	0.100324 	 0.016753 
0.143853 	0.178469 	0.124376 	0.100707 	 0.016242 
0.129191 	0.187166 	0.130609 	0.101360 	 0.017291 
0.138623 	0.180197 	0.126272 	0.098378 	 0.017341 
0.142131 	0.185075 	0.129489 	0.098935 	 0.016789 
0.146765 	0.177917 	0.124336 	0.096464 	 0.015570 
0.149941 	0.175581 	0.123780 	0.092483 	 0.016133 
0.136155 	0.182676 	0.128244 	0.096387 	 0.016609 
0.138306 	0.176623 	0.123969 	0.096521 	 0.016937 
0.121523 	0.199790 	0.139237 	0.110177 	 0.018264 
0.142422 	0.183998 	0.129178 	0.098814 	 0.016614 
0.137051 	0.187001 	0.131132 	0.099685 	 0.017161 
0.131360 	0.199788 	0.139256 	0.110477 	 0.017060 
0.131319 	0.188260 	0.132062 	0.100753 	 0.017148 
0.131720 	0.195279 	0.136739 	0.104235 	 0.017511 
0.137559 	0.187926 	0.131891 	0.100443 	 0.016725 
0.142556 	0.179958 	0.126999 	0.092464 	 0.016469 
0.121277 	0.191996 	0.134333 	0.102870 	 0.017409 
0.130250 	0.188845 	0.132893 	0.098508 	 0.017125 
0.118430 	0.191587 	0.134184 	0.104392 	 0.017853 
0.137172 	0.176878 	0.125197 	0.090700 	 0.016868 
0.141927 	0.168424 	0.119699 	0.085000 	 0.015468 
0.134783 	0.187624 	0.132061 	0.099668 	 0.017473 
0.133406 	0.186875 	0.131916 	0.095666 	 0.017123 
0.127276 	0.190496 	0.134083 	0.101832 	 0.017537 
0.130594 	0.186581 	0.131456 	0.096745 	 0.016632 
0.132164 	0.192194 	0.135428 	0.100222 	 0.017200 
0.122164 	0.186975 	0.131707 	0.099737 	 0.017593 
0.121424 	0.195953 	0.137395 	0.105017 	 0.017897 
0.134421 	0.182669 	0.129021 	0.094839 	 0.016657 
0.132361 	0.193909 	0.136973 	0.099694 	 0.017263 
0.129469 	0.186190 	0.131665 	0.095921 	 0.017396 
0.136260 	0.188196 	0.132488 	0.099450 	 0.016693 
0.121464 	0.194072 	0.137158 	0.096563 	 0.017607 
0.120905 	0.197246 	0.138569 	0.105257 	 0.018227 
0.118204 	0.200995 	0.141401 	0.105805 	 0.018268 
0.129674 	0.176391 	0.125536 	0.086980 	 0.016554 
0.115097 	0.194671 	0.137292 	0.101162 	 0.017906 
0.123191 	0.190468 	0.134329 	0.100082 	 0.017141 
0.114724 	0.193036 	0.136360 	0.097991 	 0.017733 
0.110769 	0.202063 	0.141918 	0.107767 	 0.018781 
0.121880 	0.187787 	0.132957 	0.095692 	 0.017143 
0.125934 	0.186957 	0.132476 	0.096025 	 0.017436 
0.116308 	0.191879 	0.135735 	0.096343 	 0.017234 
0.110181 	0.191285 	0.135141 	0.098912 	 0.018086 
0.119725 	0.190361 	0.134468 	0.097134 	 0.016920 
0.110152 	0.206806 	0.145628 	0.107811 	 0.018679 
0.118243 	0.190266 	0.134524 	0.095871 	 0.016721 
0.110612 	0.194834 	0.137208 	0.101343 	 0.017854 
0.124702 	0.191169 	0.135203 	0.097047 	 0.017059 
0.116084 	0.193980 	0.136679 	0.099527 	 0.017361 
0.113493 	0.188572 	0.133456 	0.094880 	 0.017328 
0.117640 	0.191287 	0.135446 	0.099594 	 0.017715 
0.117754 	0.198679 	0.139685 	0.106525 	 0.017635 
0.122027 	0.184639 	0.131403 	0.092733 	 0.017128 
0.116286 	0.194925 	0.137690 	0.098132 	 0.017403 
0.127090 	0.179277 	0.127531 	0.092099 	 0.017577 
0.123304 	0.203767 	0.143959 	0.104529 	 0.017176 
0.110134 	0.204892 	0.144248 	0.107197 	 0.017743 
0.096808 	0.205053 	0.144236 	0.107739 	 0.018793 
0.107203 	0.194323 	0.137866 	0.099582 	 0.018299 
0.126677 	0.184833 	0.132062 	0.089222 	 0.016533 
0.100299 	0.201077 	0.142059 	0.104949 	 0.018331 
0.115101 	0.194211 	0.138149 	0.097439 	 0.017999 
0.100392 	0.199615 	0.141012 	0.103107 	 0.018305 
0.100172 	0.206235 	0.145555 	0.107840 	 0.018622 
0.117662 	0.196200 	0.139414 	0.097922 	 0.017659 
0.096413 	0.197892 	0.140091 	0.101327 	 0.018423 
0.101460 	0.197562 	0.140112 	0.099193 	 0.017937 
0.100744 	0.200050 	0.141541 	0.102013 	 0.017959 
0.106145 	0.199459 	0.141551 	0.100181 	 0.017915 
0.103245 	0.196421 	0.139818 	0.097789 	 0.018012 
0.098318 	0.198506 	0.140815 	0.100070 	 0.018091 
0.108148 	0.203327 	0.144309 	0.104036 	 0.018799 
0.104492 	0.211054 	0.149093 	0.111238 	 0.019084 
0.100835 	0.209892 	0.148800 	0.104722 	 0.018880 
0.108680 	0.200089 	0.142156 	0.100359 	 0.017605 
0.090654 	0.211807 	0.149688 	0.108858 	 0.018938 
0.109214 	0.196242 	0.139991 	0.096540 	 0.017586 
0.078679 	0.213383 	0.150763 	0.112773 	 0.020957 
0.094428 	0.212390 	0.150173 	0.108706 	 0.019205 
0.097164 	0.200300 	0.142406 	0.100096 	 0.018425 
0.114384 	0.187454 	0.133995 	0.092679 	 0.016850 
0.107858 	0.192889 	0.137735 	0.093950 	 0.017561 
0.084327 	0.205238 	0.145285 	0.104694 	 0.018916 
0.091041 	0.199846 	0.141561 	0.103605 	 0.019016 
0.095341 	0.207216 	0.146557 	0.108223 	 0.018900 
0.101767 	0.198151 	0.141003 	0.099605 	 0.018162 
0.100011 	0.205894 	0.146496 	0.100778 	 0.018335 
0.085875 	0.211713 	0.150173 	0.107472 	 0.019167 
0.088778 	0.207119 	0.146910 	0.106961 	 0.019605 
0.101599 	0.195599 	0.139894 	0.097662 	 0.018786 
0.100918 	0.193911 	0.138825 	0.094242 	 0.018587 
0.096058 	0.190686 	0.136454 	0.093451 	 0.017947 
0.087201 	0.210352 	0.149418 	0.105159 	 0.018820 
0.089367 	0.210742 	0.149933 	0.106805 	 0.019347 
0.082821 	0.203160 	0.144873 	0.101594 	 0.019423 
0.106953 	0.189543 	0.136234 	0.091315 	 0.017861 
0.097363 	0.198204 	0.142123 	0.094946 	 0.018296 
0.088977 	0.205681 	0.146436 	0.104183 	 0.019048 
0.102792 	0.196184 	0.140768 	0.094737 	 0.017738 
0.090296 	0.204280 	0.146131 	0.100423 	 0.019281 
0.076415 	0.225712 	0.159414 	0.117675 	 0.019786 
0.092871 	0.201662 	0.143728 	0.103003 	 0.019214 
0.088842 	0.195105 	0.139597 	0.096206 	 0.018538 
0.093087 	0.201540 	0.144082 	0.098895 	 0.018486 
0.098351 	0.206331 	0.147058 	0.105760 	 0.019337 
0.096436 	0.206522 	0.147487 	0.101602 	 0.018502 
0.090774 	0.208042 	0.148496 	0.104910 	 0.019252 
0.100187 	0.203833 	0.146388 	0.098931 	 0.019139 
0.073371 	0.222785 	0.158050 	0.113101 	 0.020009 
0.087364 	0.200972 	0.144185 	0.095542 	 0.018352 
0.098862 	0.198022 	0.142562 	0.094495 	 0.018586 
0.090281 	0.203206 	0.145798 	0.098500 	 0.018810 
0.099398 	0.192662 	0.138905 	0.093223 	 0.018302 
0.084038 	0.200553 	0.144413 	0.095750 	 0.019200 
0.087630 	0.207018 	0.148228 	0.103118 	 0.019943 
0.098038 	0.190990 	0.137679 	0.090869 	 0.018217 
0.075853 	0.217682 	0.155110 	0.110112 	 0.019939 
0.095096 	0.199885 	0.144090 	0.095419 	 0.018749 
0.087621 	0.203381 	0.145932 	0.098436 	 0.018653 
0.094563 	0.185570 	0.134478 	0.086488 	 0.018422 
0.091103 	0.199897 	0.143789 	0.096538 	 0.018419 
0.075345 	0.213974 	0.152932 	0.107339 	 0.019512 
0.106865 	0.185640 	0.135096 	0.083951 	 0.017086 
0.085674 	0.196606 	0.141770 	0.091932 	 0.017845 
0.092049 	0.196748 	0.142124 	0.092129 	 0.018242 
0.091511 	0.190371 	0.137575 	0.088684 	 0.017604 
0.090091 	0.197605 	0.142601 	0.091211 	 0.018104 
0.076264 	0.206048 	0.148225 	0.097093 	 0.018711 
0.092197 	0.195325 	0.141330 	0.090164 	 0.017899 
0.074938 	0.221618 	0.158686 	0.107610 	 0.019645 
0.075665 	0.218340 	0.156145 	0.106606 	 0.019307 
0.091652 	0.198426 	0.143338 	0.093431 	 0.018196 
0.070208 	0.216562 	0.155134 	0.106220 	 0.020274 
0.097320 	0.195035 	0.141420 	0.090476 	 0.017840 
0.089056 	0.190388 	0.138262 	0.086822 	 0.018133 
0.082375 	0.208235 	0.149871 	0.101787 	 0.019713 
0.071741 	0.221773 	0.159094 	0.108172 	 0.020194 
0.079851 	0.211613 	0.152350 	0.101312 	 0.019484 
0.065159 	0.211613 	0.151464 	0.104779 	 0.019635 
0.085830 	0.195350 	0.140976 	0.093545 	 0.018381 
0.060949 	0.213385 	0.153610 	0.102487 	 0.020754 
0.071760 	0.217951 	0.156784 	0.104257 	 0.020663 
0.080396 	0.208547 	0.150076 	0.101798 	 0.019329 
0.066975 	0.219621 	0.157581 	0.107515 	 0.020558 
0.078303 	0.205165 	0.148395 	0.095733 	 0.019459 
0.080608 	0.209068 	0.150685 	0.100282 	 0.019769 
0.082026 	0.199782 	0.144948 	0.091745 	 0.018611 
0.078768 	0.204910 	0.148300 	0.096301 	 0.019089 
0.081704 	0.205936 	0.148981 	0.097017 	 0.019434 
0.069719 	0.208257 	0.150055 	0.100290 	 0.019725 
0.090776 	0.196462 	0.142739 	0.091030 	 0.018726 
0.068011 	0.213559 	0.154100 	0.102571 	 0.020284 
0.065405 	0.218296 	0.157797 	0.101261 	 0.020744 
0.059913 	0.226477 	0.162431 	0.110810 	 0.020860 
0.072705 	0.211555 	0.152948 	0.100241 	 0.019800 
0.068444 	0.221231 	0.159596 	0.104535 	 0.020593 
0.069164 	0.216524 	0.156350 	0.102335 	 0.020595 
0.078799 	0.199616 	0.145194 	0.093166 	 0.019244 
0.065590 	0.214597 	0.154807 	0.103232 	 0.020582 
0.070023 	0.211504 	0.153178 	0.097732 	 0.019245 
0.083064 	0.201541 	0.146684 	0.092292 	 0.018977 
0.054073 	0.219299 	0.157728 	0.107562 	 0.020838 
0.053929 	0.217930 	0.157163 	0.102962 	 0.020810 
0.068296 	0.210617 	0.152971 	0.097223 	 0.020448 
0.076216 	0.215636 	0.156258 	0.100497 	 0.020056 
0.079149 	0.205770 	0.149867 	0.093733 	 0.019584 
0.067507 	0.206525 	0.150064 	0.093255 	 0.018959 
0.063959 	0.220650 	0.159422 	0.105357 	 0.020693 
0.070763 	0.209406 	0.151885 	0.099376 	 0.020367 
0.078134 	0.199247 	0.145790 	0.086821 	 0.018827 
0.073059 	0.205612 	0.149380 	0.095941 	 0.019331 
0.066188 	0.213899 	0.155285 	0.098725 	 0.020280 
0.069128 	0.213830 	0.154984 	0.100452 	 0.019974 
0.063094 	0.219395 	0.158781 	0.102336 	 0.020629 
0.057565 	0.224104 	0.161994 	0.107136 	 0.021322 
0.077261 	0.209744 	0.152975 	0.094638 	 0.019929 
0.069938 	0.207750 	0.151534 	0.094077 	 0.020262 
0.064205 	0.223584 	0.161691 	0.107289 	 0.020792 
0.051558 	0.222732 	0.161266 	0.105580 	 0.021577 
0.059688 	0.216291 	0.156764 	0.103310 	 0.020521 
0.074794 	0.207004 	0.150976 	0.095392 	 0.019695 
0.071437 	0.215336 	0.156918 	0.097872 	 0.019994 
0.067049 	0.216596 	0.157770 	0.098762 	 0.020408 
0.076113 	0.221518 	0.161060 	0.102268 	 0.020008 
0.052585 	0.237638 	0.170974 	0.115825 	 0.021640 
0.076046 	0.211808 	0.154544 	0.097615 	 0.020056 
0.066771 	0.218131 	0.158783 	0.101278 	 0.020573 
0.066674 	0.202666 	0.148425 	0.091487 	 0.020020 
0.051202 	0.226764 	0.164083 	0.107282 	 0.021351 
0.061586 	0.211446 	0.154038 	0.094710 	 0.019672 
0.072481 	0.201503 	0.148020 	0.088639 	 0.019868 
0.085289 	0.193901 	0.143111 	0.082387 	 0.018569 
0.076361 	0.200996 	0.147750 	0.088158 	 0.018967 
0.086811 	0.204058 	0.150113 	0.091339 	 0.019827 
0.063295 	0.225342 	0.163999 	0.104355 	 0.021351 
0.080539 	0.211608 	0.154745 	0.095356 	 0.019629 
0.064544 	0.224769 	0.162945 	0.106972 	 0.020738 
0.059995 	0.216859 	0.158365 	0.097775 	 0.021492 
0.061531 	0.218461 	0.159026 	0.100523 	 0.020443 
0.071828 	0.215237 	0.157056 	0.099523 	 0.020820 
0.068831 	0.221039 	0.161256 	0.102123 	 0.020668 
0.073552 	0.216458 	0.157884 	0.099445 	 0.020397 
0.063179 	0.218470 	0.159596 	0.101046 	 0.021496 
0.067958 	0.224001 	0.162953 	0.104184 	 0.020844 
0.079176 	0.210035 	0.154067 	0.095304 	 0.019684 
0.068486 	0.220960 	0.161273 	0.104906 	 0.021341 
0.077784 	0.213259 	0.156551 	0.095964 	 0.019987 
0.068402 	0.223103 	0.162662 	0.105386 	 0.020860 
0.063245 	0.219573 	0.160538 	0.101079 	 0.021212 
0.064989 	0.221803 	0.161827 	0.103497 	 0.020459 
0.073317 	0.217206 	0.159094 	0.100497 	 0.020730 
0.058806 	0.229467 	0.166993 	0.109485 	 0.022329 
0.076963 	0.215093 	0.157414 	0.101970 	 0.020928 
0.067303 	0.212916 	0.156669 	0.096170 	 0.021331 
0.072616 	0.208767 	0.153875 	0.093297 	 0.020887 
0.063410 	0.230073 	0.167564 	0.109798 	 0.021595 
0.405915 	0.009363 	0.007386 	-0.000223 	 0.002248 
0.408279 	0.008132 	0.006148 	0.004779 	 0.002596 
0.410289 	0.029610 	0.019638 	0.032321 	 0.005069 
0.406899 	0.030419 	0.019674 	0.034546 	 0.004238 
0.427384 	0.020571 	0.014318 	0.021830 	 0.002990 
0.395055 	0.046580 	0.030717 	0.042331 	 0.005225 
0.409275 	0.034532 	0.023172 	0.032927 	 0.004378 
0.427304 	0.014496 	0.009828 	0.020878 	 0.002715 
0.385723 	0.057478 	0.037925 	0.050093 	 0.006654 
0.395019 	0.043873 	0.029096 	0.038579 	 0.004937 
0.389579 	0.046383 	0.030453 	0.042615 	 0.005027 
0.394148 	0.040478 	0.026869 	0.036995 	 0.004288 
0.370909 	0.065147 	0.042755 	0.054811 	 0.006975 
0.387239 	0.032958 	0.021718 	0.034482 	 0.005734 
0.392854 	0.048403 	0.032181 	0.040580 	 0.004681 
0.387906 	0.048668 	0.031862 	0.043877 	 0.004712 
0.361064 	0.070546 	0.046358 	0.058935 	 0.007677 
0.387996 	0.047153 	0.030855 	0.043784 	 0.005525 
0.381350 	0.038646 	0.025639 	0.036122 	 0.005355 
0.383909 	0.047833 	0.031617 	0.044625 	 0.006116 
0.382783 	0.043294 	0.028608 	0.040152 	 0.005107 
0.369536 	0.048374 	0.031861 	0.042398 	 0.005628 
0.378819 	0.039640 	0.026127 	0.036167 	 0.004702 
0.371994 	0.052400 	0.034795 	0.045454 	 0.006015 
0.388360 	0.030684 	0.020366 	0.029679 	 0.003748 
0.365665 	0.051256 	0.034209 	0.044977 	 0.006943 
0.369472 	0.055428 	0.036125 	0.049774 	 0.006184 
0.380981 	0.048632 	0.032041 	0.042614 	 0.005302 
0.358327 	0.067904 	0.044429 	0.058475 	 0.007888 
0.366998 	0.050257 	0.032886 	0.047541 	 0.006510 
0.368407 	0.050779 	0.033646 	0.046119 	 0.006489 
0.365021 	0.055073 	0.036563 	0.049380 	 0.006916 
0.371963 	0.044188 	0.029353 	0.039700 	 0.005498 
0.359209 	0.053412 	0.035189 	0.046589 	 0.006288 
0.350310 	0.062029 	0.040699 	0.054048 	 0.007336 
0.345382 	0.074751 	0.048894 	0.064536 	 0.008532 
0.344375 	0.062087 	0.040905 	0.053015 	 0.007220 
0.344998 	0.069994 	0.046306 	0.058364 	 0.008067 
0.345665 	0.067890 	0.044480 	0.057770 	 0.007189 
0.348927 	0.064718 	0.043281 	0.052003 	 0.007075 
0.335998 	0.070649 	0.046689 	0.056082 	 0.007601 
0.339090 	0.069885 	0.046227 	0.058883 	 0.007684 
0.339013 	0.065695 	0.043014 	0.056370 	 0.007066 
0.327030 	0.067944 	0.044947 	0.056632 	 0.008480 
0.348591 	0.059243 	0.039516 	0.048250 	 0.006615 
0.334060 	0.072703 	0.048326 	0.058235 	 0.007713 
0.333651 	0.066880 	0.044580 	0.054586 	 0.008334 
0.332854 	0.074735 	0.049351 	0.059359 	 0.007269 
0.332615 	0.068920 	0.045629 	0.057122 	 0.008122 
0.322699 	0.080791 	0.053074 	0.066473 	 0.008706 
0.335531 	0.073126 	0.049076 	0.057557 	 0.008645 
0.321450 	0.079598 	0.052908 	0.061540 	 0.008872 
0.311132 	0.088806 	0.058619 	0.070194 	 0.009104 
0.316042 	0.077904 	0.051490 	0.060606 	 0.008999 
0.311779 	0.091140 	0.060594 	0.068368 	 0.009575 
0.324039 	0.068012 	0.045052 	0.055753 	 0.007855 
0.328629 	0.074038 	0.049319 	0.058564 	 0.008067 
0.331893 	0.069889 	0.046247 	0.059837 	 0.007740 
0.325692 	0.075573 	0.050403 	0.057866 	 0.007580 
0.308556 	0.085118 	0.056543 	0.066220 	 0.009293 
0.313363 	0.080669 	0.053496 	0.063569 	 0.009215 
0.307226 	0.080736 	0.053289 	0.063063 	 0.008620 
0.311473 	0.082024 	0.054121 	0.065404 	 0.009089 
0.302768 	0.080714 	0.052796 	0.065486 	 0.008150 
0.319979 	0.074015 	0.049658 	0.056725 	 0.008037 
0.304337 	0.085645 	0.056510 	0.065786 	 0.008330 
0.307552 	0.081772 	0.054276 	0.063057 	 0.008837 
0.298798 	0.103256 	0.068525 	0.077555 	 0.009978 
0.299032 	0.098462 	0.065164 	0.075802 	 0.010092 
0.303543 	0.085249 	0.056824 	0.065626 	 0.009673 
0.298815 	0.091559 	0.060956 	0.069407 	 0.009258 
0.296610 	0.092195 	0.061381 	0.068851 	 0.010034 
0.297389 	0.086894 	0.057935 	0.067303 	 0.009751 
0.305569 	0.080346 	0.053193 	0.063602 	 0.008795 
0.301948 	0.085126 	0.057061 	0.063750 	 0.009517 
0.299087 	0.090226 	0.060155 	0.068364 	 0.009781 
0.299687 	0.089248 	0.059181 	0.069291 	 0.008987 
0.282646 	0.101874 	0.067795 	0.075395 	 0.011241 
0.289125 	0.098779 	0.065700 	0.071727 	 0.009694 
0.288832 	0.104634 	0.069135 	0.077804 	 0.009785 
0.282365 	0.097859 	0.064972 	0.073739 	 0.010042 
0.288479 	0.092329 	0.061810 	0.066327 	 0.009516 
0.286557 	0.095817 	0.063817 	0.070776 	 0.009727 
0.297012 	0.086410 	0.057945 	0.063553 	 0.009442 
0.296909 	0.088307 	0.059239 	0.066107 	 0.009599 
0.291323 	0.092152 	0.061305 	0.069407 	 0.008850 
0.291136 	0.089550 	0.060148 	0.065671 	 0.009931 
0.287986 	0.096741 	0.065021 	0.067886 	 0.009882 
0.283122 	0.104818 	0.069975 	0.076278 	 0.010585 
0.284187 	0.101143 	0.067434 	0.074782 	 0.010283 
0.283858 	0.094687 	0.063358 	0.069915 	 0.010092 
0.283612 	0.105232 	0.070289 	0.075741 	 0.010106 
0.279114 	0.103118 	0.068716 	0.073816 	 0.009983 
0.284366 	0.096874 	0.064680 	0.069094 	 0.009012 
0.274025 	0.105970 	0.070744 	0.075356 	 0.010557 
0.287010 	0.083565 	0.056139 	0.060599 	 0.009156 
0.275457 	0.108870 	0.072910 	0.078645 	 0.010898 
0.275312 	0.098187 	0.065375 	0.071631 	 0.009673 
0.269798 	0.112139 	0.074739 	0.080211 	 0.010824 
0.285730 	0.092788 	0.062510 	0.066136 	 0.009346 
0.269088 	0.106524 	0.071357 	0.075531 	 0.010540 
0.275086 	0.102914 	0.068628 	0.075148 	 0.010166 
0.270602 	0.105373 	0.070176 	0.077766 	 0.010699 
0.280302 	0.091406 	0.061067 	0.068685 	 0.009664 
0.277281 	0.103902 	0.070232 	0.071836 	 0.010535 
0.269111 	0.101041 	0.068048 	0.070366 	 0.010729 
0.274562 	0.106689 	0.071678 	0.075451 	 0.010116 
0.257251 	0.116322 	0.077790 	0.082606 	 0.011602 
0.266121 	0.111553 	0.074552 	0.079372 	 0.010509 
0.261769 	0.105034 	0.070529 	0.073301 	 0.010635 
0.278590 	0.101563 	0.068251 	0.070938 	 0.009948 
0.269666 	0.102079 	0.068549 	0.074373 	 0.010809 
0.264565 	0.110943 	0.074610 	0.077607 	 0.011280 
0.273073 	0.096462 	0.064797 	0.067297 	 0.009348 
0.259815 	0.107606 	0.072735 	0.072966 	 0.010939 
0.255164 	0.110627 	0.074312 	0.077226 	 0.011090 
0.256925 	0.118896 	0.080041 	0.080218 	 0.011469 
0.238586 	0.128460 	0.085855 	0.087949 	 0.011838 
0.257106 	0.110905 	0.074694 	0.075563 	 0.010759 
0.260002 	0.099935 	0.067470 	0.068195 	 0.010653 
0.253835 	0.120304 	0.080516 	0.082883 	 0.011079 
0.263809 	0.105980 	0.071608 	0.072914 	 0.010250 
0.257043 	0.104544 	0.070465 	0.071068 	 0.009982 
0.245131 	0.121532 	0.081900 	0.079082 	 0.010846 
0.254901 	0.117819 	0.079218 	0.077037 	 0.010372 
0.269719 	0.102398 	0.069859 	0.064416 	 0.009233 
0.263040 	0.110376 	0.075275 	0.069896 	 0.010131 
0.260932 	0.106244 	0.071388 	0.073652 	 0.009971 
0.235527 	0.127259 	0.085321 	0.085336 	 0.011528 
0.261677 	0.119062 	0.080186 	0.079898 	 0.010146 
0.247369 	0.112183 	0.076197 	0.072123 	 0.010971 
0.256136 	0.117487 	0.079751 	0.075875 	 0.010682 
0.244178 	0.120910 	0.081598 	0.078367 	 0.010966 
0.225544 	0.132993 	0.089416 	0.088132 	 0.012199 
0.243029 	0.117814 	0.079224 	0.079920 	 0.010918 
0.238855 	0.125905 	0.084595 	0.083147 	 0.011087 
0.237094 	0.126187 	0.085341 	0.079846 	 0.011274 
0.247916 	0.121275 	0.081998 	0.080491 	 0.011178 
0.240432 	0.122835 	0.082883 	0.082004 	 0.011662 
0.245946 	0.121231 	0.082377 	0.075837 	 0.010776 
0.220570 	0.132758 	0.089497 	0.086321 	 0.012195 
0.230511 	0.132753 	0.089796 	0.085766 	 0.011932 
0.232680 	0.124985 	0.084244 	0.083551 	 0.011638 
0.232029 	0.122915 	0.082767 	0.079782 	 0.010888 
0.239553 	0.115593 	0.078368 	0.074282 	 0.010916 
0.226561 	0.134768 	0.091283 	0.084855 	 0.012051 
0.231801 	0.129565 	0.088195 	0.081343 	 0.012205 
0.227722 	0.137253 	0.092698 	0.087965 	 0.011777 
0.240168 	0.108494 	0.073958 	0.066403 	 0.009552 
0.237525 	0.117482 	0.080157 	0.075014 	 0.011362 
0.228288 	0.134754 	0.091072 	0.088586 	 0.012388 
0.218550 	0.130889 	0.088551 	0.083170 	 0.012091 
0.214157 	0.135752 	0.091319 	0.089222 	 0.012557 
0.233607 	0.131873 	0.089618 	0.081805 	 0.011276 
0.217186 	0.137366 	0.092842 	0.088219 	 0.012268 
0.222773 	0.123885 	0.084136 	0.076740 	 0.011108 
0.208726 	0.149892 	0.101332 	0.095347 	 0.013213 
0.211818 	0.139044 	0.094039 	0.086158 	 0.012088 
0.206723 	0.138369 	0.094047 	0.085968 	 0.012898 
0.212928 	0.145211 	0.098569 	0.091144 	 0.012909 
0.219907 	0.129141 	0.088350 	0.076791 	 0.012022 
0.203106 	0.141861 	0.095979 	0.087793 	 0.012598 
0.204744 	0.155655 	0.105489 	0.096763 	 0.013616 
0.219578 	0.134289 	0.091266 	0.083494 	 0.012191 
0.210951 	0.142678 	0.097302 	0.086558 	 0.012958 
0.204500 	0.138672 	0.094147 	0.086217 	 0.012615 
0.197717 	0.153707 	0.104074 	0.094314 	 0.013213 
0.208712 	0.135127 	0.091841 	0.086031 	 0.012936 
0.208011 	0.146047 	0.099283 	0.087605 	 0.012393 
0.199827 	0.147809 	0.100114 	0.092412 	 0.012824 
0.209190 	0.135835 	0.092545 	0.080697 	 0.011199 
0.199639 	0.147403 	0.100291 	0.089993 	 0.013216 
0.204702 	0.144382 	0.098098 	0.089216 	 0.013017 
0.187125 	0.165292 	0.111695 	0.102850 	 0.013946 
0.193450 	0.155404 	0.105551 	0.095697 	 0.013780 
0.194011 	0.143185 	0.097529 	0.083717 	 0.012273 
0.198200 	0.147701 	0.100508 	0.088300 	 0.013028 
0.190254 	0.152077 	0.103247 	0.094827 	 0.013814 
0.208455 	0.143074 	0.097941 	0.085355 	 0.012339 
0.192858 	0.147188 	0.100231 	0.090311 	 0.013617 
0.191947 	0.143344 	0.097670 	0.086245 	 0.012617 
0.187416 	0.153871 	0.105083 	0.090460 	 0.013574 
0.181155 	0.155650 	0.105415 	0.094146 	 0.013495 
0.199498 	0.139792 	0.095802 	0.082788 	 0.012607 
0.190893 	0.148828 	0.101363 	0.090454 	 0.012516 
0.189244 	0.150521 	0.103092 	0.087017 	 0.013161 
0.188369 	0.152987 	0.104165 	0.092388 	 0.013161 
0.184985 	0.148447 	0.101436 	0.087436 	 0.013412 
0.180222 	0.166245 	0.113199 	0.099631 	 0.014036 
0.185616 	0.153358 	0.104612 	0.091132 	 0.012972 
0.170865 	0.170543 	0.115882 	0.103594 	 0.015430 
0.181895 	0.157642 	0.107532 	0.093333 	 0.013216 
0.177368 	0.166964 	0.113794 	0.098206 	 0.014409 
0.188908 	0.147310 	0.100672 	0.085787 	 0.012046 
0.184809 	0.153903 	0.105283 	0.088194 	 0.012541 
0.174444 	0.170987 	0.116468 	0.103797 	 0.014933 
0.178669 	0.160510 	0.109593 	0.093911 	 0.013404 
0.177776 	0.153092 	0.104458 	0.090413 	 0.012973 
0.162741 	0.161124 	0.110195 	0.095120 	 0.014771 
0.173415 	0.161610 	0.110715 	0.092397 	 0.013572 
0.158852 	0.175130 	0.118672 	0.106159 	 0.014673 
0.166738 	0.166477 	0.113872 	0.095655 	 0.013805 
0.164582 	0.166178 	0.113504 	0.098204 	 0.014454 
0.189645 	0.152406 	0.104947 	0.084744 	 0.012209 
0.176361 	0.154211 	0.105936 	0.087635 	 0.012839 
0.168281 	0.157757 	0.108253 	0.090298 	 0.013555 
0.166330 	0.162145 	0.110757 	0.094596 	 0.013839 
0.170613 	0.164754 	0.112871 	0.094927 	 0.013816 
0.165558 	0.166581 	0.114143 	0.095637 	 0.014006 
0.171905 	0.161024 	0.110368 	0.093724 	 0.013494 
0.171180 	0.171582 	0.117005 	0.100943 	 0.014016 
0.172356 	0.156366 	0.107750 	0.087315 	 0.013697 
0.160665 	0.172072 	0.117877 	0.099191 	 0.014880 
0.162304 	0.155110 	0.106516 	0.086886 	 0.012952 
0.161673 	0.173511 	0.119010 	0.098618 	 0.013935 
0.166694 	0.163459 	0.111717 	0.094923 	 0.013518 
0.155843 	0.166789 	0.113898 	0.095844 	 0.013637 
0.160794 	0.168240 	0.115232 	0.098400 	 0.014491 
0.155084 	0.171191 	0.117117 	0.099709 	 0.014556 
0.151542 	0.172568 	0.118532 	0.097238 	 0.014570 
0.145450 	0.176530 	0.120598 	0.103201 	 0.014979 
0.166927 	0.170007 	0.117126 	0.095243 	 0.014120 
0.171519 	0.158740 	0.109299 	0.090718 	 0.013215 
0.157447 	0.176784 	0.121292 	0.099320 	 0.014085 
0.146328 	0.180196 	0.123359 	0.102524 	 0.015023 
0.140807 	0.186555 	0.127759 	0.109393 	 0.016040 
0.149130 	0.181177 	0.124204 	0.101171 	 0.014912 
0.147341 	0.176370 	0.121107 	0.099724 	 0.014658 
0.149012 	0.175612 	0.120055 	0.099953 	 0.014203 
0.141180 	0.182364 	0.125160 	0.101857 	 0.014643 
0.149160 	0.180104 	0.123573 	0.102045 	 0.014515 
0.142087 	0.178116 	0.122116 	0.101671 	 0.014797 
0.160034 	0.160279 	0.110925 	0.086228 	 0.013736 
0.147401 	0.179193 	0.123049 	0.101734 	 0.014817 
0.159014 	0.164687 	0.113728 	0.086846 	 0.012804 
0.148965 	0.170206 	0.117519 	0.093425 	 0.014034 
0.142991 	0.175703 	0.120786 	0.097001 	 0.014643 
0.148824 	0.171283 	0.118226 	0.091143 	 0.013807 
0.153327 	0.177308 	0.122455 	0.097567 	 0.014399 
0.154399 	0.170525 	0.117532 	0.093315 	 0.013861 
0.146534 	0.180220 	0.123870 	0.099518 	 0.014601 
0.141575 	0.187387 	0.128702 	0.106388 	 0.015285 
0.149754 	0.169143 	0.116936 	0.092570 	 0.013900 
0.148506 	0.172483 	0.119771 	0.092226 	 0.014659 
0.145321 	0.179200 	0.123480 	0.100926 	 0.014498 
0.139389 	0.183007 	0.126152 	0.102274 	 0.015147 
0.127260 	0.194768 	0.133556 	0.108458 	 0.015472 
0.144729 	0.170830 	0.118580 	0.092872 	 0.014455 
0.151526 	0.169859 	0.117843 	0.090449 	 0.013781 
0.132749 	0.189203 	0.130104 	0.104153 	 0.014914 
0.126801 	0.180825 	0.124920 	0.097865 	 0.014947 
0.148321 	0.175063 	0.121369 	0.091078 	 0.013694 
0.133368 	0.176847 	0.122207 	0.093968 	 0.014164 
0.131467 	0.173587 	0.120351 	0.091075 	 0.014332 
0.132383 	0.180704 	0.124976 	0.097012 	 0.014831 
0.148289 	0.177284 	0.122436 	0.097306 	 0.013940 
0.123806 	0.198600 	0.136807 	0.106350 	 0.015637 
0.147013 	0.177150 	0.122639 	0.093604 	 0.013533 
0.139385 	0.179818 	0.124438 	0.095445 	 0.014026 
0.131974 	0.179350 	0.124738 	0.093197 	 0.014879 
0.127771 	0.181457 	0.125670 	0.096193 	 0.014649 
0.147748 	0.159256 	0.111415 	0.080630 	 0.013338 
0.123548 	0.181172 	0.124578 	0.100372 	 0.014607 
0.125050 	0.188621 	0.130596 	0.098128 	 0.014853 
0.127798 	0.187772 	0.130013 	0.100828 	 0.015189 
0.127592 	0.190920 	0.131798 	0.104911 	 0.015014 
0.132793 	0.177781 	0.123414 	0.093174 	 0.013877 
0.125183 	0.190705 	0.132135 	0.101140 	 0.015278 
0.125084 	0.198062 	0.137076 	0.105783 	 0.015503 
0.130715 	0.170482 	0.118839 	0.088637 	 0.014079 
0.123080 	0.189258 	0.131507 	0.098004 	 0.015064 
0.127934 	0.179075 	0.124643 	0.092162 	 0.014356 
0.128584 	0.186688 	0.129999 	0.096411 	 0.015194 
0.137969 	0.180738 	0.125783 	0.094832 	 0.014709 
0.121149 	0.188055 	0.130215 	0.100127 	 0.015545 
0.103004 	0.195975 	0.135672 	0.102880 	 0.016043 
0.116695 	0.197967 	0.137328 	0.103206 	 0.015591 
0.120271 	0.187500 	0.130435 	0.095590 	 0.014930 
0.114354 	0.203635 	0.141132 	0.107088 	 0.015947 
0.110674 	0.194936 	0.134883 	0.103621 	 0.015702 
0.127873 	0.186496 	0.129819 	0.096788 	 0.014508 
0.127156 	0.191150 	0.132990 	0.099978 	 0.015191 
0.133958 	0.172900 	0.121254 	0.086915 	 0.014131 
0.124176 	0.189566 	0.131537 	0.098923 	 0.014454 
0.103579 	0.201881 	0.140224 	0.104574 	 0.015924 
0.111024 	0.195874 	0.136306 	0.100630 	 0.015384 
0.118896 	0.190457 	0.132988 	0.096877 	 0.015060 
0.122928 	0.191710 	0.133887 	0.097558 	 0.014726 
0.121961 	0.192200 	0.134031 	0.101110 	 0.014855 
0.119563 	0.188731 	0.131311 	0.099967 	 0.015148 
0.111087 	0.184953 	0.129258 	0.093609 	 0.015083 
0.120560 	0.184590 	0.129101 	0.091063 	 0.014418 
0.103980 	0.183597 	0.127950 	0.094896 	 0.014810 
0.121868 	0.189717 	0.132761 	0.097312 	 0.014640 
0.118824 	0.190439 	0.132983 	0.095107 	 0.014633 
0.101412 	0.207808 	0.144071 	0.111151 	 0.016577 
0.102114 	0.194199 	0.135472 	0.098306 	 0.015964 
0.099041 	0.202275 	0.141104 	0.104406 	 0.016754 
0.103825 	0.200418 	0.139485 	0.103623 	 0.015837 
0.113882 	0.193127 	0.135043 	0.097171 	 0.015213 
0.105896 	0.198759 	0.138389 	0.103316 	 0.015802 
0.116394 	0.184920 	0.129816 	0.090589 	 0.014450 
0.121691 	0.176789 	0.124012 	0.086176 	 0.013143 
0.102362 	0.204616 	0.142685 	0.104272 	 0.016068 
0.105335 	0.198744 	0.138700 	0.100594 	 0.015682 
0.110267 	0.189826 	0.133228 	0.093487 	 0.014895 
0.106417 	0.193444 	0.135358 	0.096797 	 0.015309 
0.102194 	0.203702 	0.142130 	0.105232 	 0.016246 
0.117156 	0.179384 	0.126355 	0.086121 	 0.014299 
0.114209 	0.192119 	0.134698 	0.094663 	 0.014879 
0.097803 	0.202804 	0.141212 	0.103012 	 0.015657 
0.103556 	0.197082 	0.138180 	0.096966 	 0.015395 
0.116245 	0.183987 	0.129184 	0.091093 	 0.014372 
0.095710 	0.187006 	0.131813 	0.088523 	 0.015328 
0.102398 	0.201019 	0.140355 	0.103925 	 0.015807 
0.093345 	0.205871 	0.143722 	0.104633 	 0.016019 
0.091665 	0.204910 	0.143139 	0.105198 	 0.016116 
0.107689 	0.184290 	0.129735 	0.089035 	 0.014198 
0.111862 	0.179883 	0.126966 	0.086009 	 0.014568 
0.097837 	0.201468 	0.140946 	0.100159 	 0.014924 
0.098506 	0.191253 	0.134695 	0.091882 	 0.015173 
0.102294 	0.189444 	0.133477 	0.090993 	 0.014455 
0.097739 	0.204751 	0.143169 	0.103799 	 0.016212 
0.102057 	0.198574 	0.139325 	0.098463 	 0.015981 
0.096046 	0.192870 	0.135982 	0.090564 	 0.014971 
0.101760 	0.198947 	0.139911 	0.099928 	 0.016047 
0.095158 	0.196646 	0.138224 	0.095640 	 0.015394 
0.084484 	0.209104 	0.146216 	0.105650 	 0.016783 
0.098443 	0.201504 	0.142053 	0.098026 	 0.016422 
0.095517 	0.198225 	0.139463 	0.096663 	 0.016221 
0.100237 	0.203161 	0.142996 	0.096519 	 0.015292 
0.094080 	0.195115 	0.137520 	0.093765 	 0.015421 
0.099523 	0.198107 	0.139249 	0.097492 	 0.015184 
0.108901 	0.185414 	0.131488 	0.086219 	 0.014523 
0.098956 	0.191596 	0.135275 	0.092607 	 0.015265 
0.094090 	0.202238 	0.142493 	0.097606 	 0.015706 
0.098737 	0.189950 	0.134147 	0.091323 	 0.015164 
0.092320 	0.198724 	0.140421 	0.094644 	 0.015514 
0.092598 	0.202998 	0.142703 	0.099878 	 0.015513 
0.103486 	0.182734 	0.129971 	0.086221 	 0.015513 
0.091248 	0.202228 	0.142702 	0.096959 	 0.015996 
0.108280 	0.188824 	0.133708 	0.089634 	 0.014148 
0.088754 	0.195404 	0.138202 	0.092701 	 0.015521 
0.089664 	0.189376 	0.134182 	0.089322 	 0.015282 
0.093147 	0.189587 	0.134463 	0.088223 	 0.015296 
0.098647 	0.192924 	0.136657 	0.089577 	 0.015085 
0.085527 	0.201459 	0.142202 	0.095875 	 0.015473 
0.111094 	0.189436 	0.134489 	0.089256 	 0.014263 
0.083747 	0.207427 	0.146319 	0.098036 	 0.015853 
0.093841 	0.193250 	0.136926 	0.090658 	 0.015374 
0.098674 	0.190900 	0.136187 	0.084599 	 0.015094 
0.089332 	0.198931 	0.141215 	0.091064 	 0.015444 
0.073236 	0.215176 	0.151240 	0.106271 	 0.016913 
0.086076 	0.205414 	0.144969 	0.097896 	 0.015581 
0.097916 	0.198255 	0.140517 	0.090613 	 0.014842 
0.079251 	0.204094 	0.144396 	0.095694 	 0.015938 
0.096866 	0.199604 	0.141644 	0.093534 	 0.015636 
0.080943 	0.202324 	0.143001 	0.096812 	 0.016200 
0.085550 	0.213176 	0.150395 	0.102337 	 0.016169 
0.079145 	0.209648 	0.147907 	0.101202 	 0.016192 
0.083811 	0.206485 	0.145963 	0.098722 	 0.015692 
0.095217 	0.198698 	0.141035 	0.093116 	 0.014746 
0.087169 	0.199811 	0.141963 	0.091934 	 0.015502 
0.093071 	0.196768 	0.140926 	0.087820 	 0.015973 
0.084481 	0.199333 	0.141602 	0.094240 	 0.016305 
0.077740 	0.213710 	0.150737 	0.105073 	 0.016536 
0.077403 	0.208240 	0.147418 	0.098731 	 0.016012 
0.082174 	0.209681 	0.148625 	0.098865 	 0.016017 
0.085541 	0.203403 	0.144950 	0.091264 	 0.015665 
0.082133 	0.209821 	0.148680 	0.098372 	 0.015943 
0.087438 	0.200246 	0.142675 	0.089884 	 0.014876 
0.094736 	0.190095 	0.135881 	0.085467 	 0.014368 
0.087749 	0.204596 	0.145674 	0.092360 	 0.015532 
0.083397 	0.208142 	0.147837 	0.096936 	 0.015616 
0.076697 	0.207126 	0.146896 	0.097133 	 0.015711 
0.090801 	0.200640 	0.143175 	0.091176 	 0.015350 
0.096509 	0.191084 	0.137102 	0.085746 	 0.015124 
0.082183 	0.198805 	0.142272 	0.085439 	 0.015255 
0.070946 	0.210894 	0.150365 	0.096364 	 0.016866 
0.077984 	0.204692 	0.145676 	0.093230 	 0.015516 
0.078990 	0.213184 	0.150937 	0.101308 	 0.015483 
0.084263 	0.199310 	0.142518 	0.088485 	 0.014888 
0.062900 	0.214357 	0.151818 	0.099701 	 0.016181 
0.081575 	0.205673 	0.146736 	0.094166 	 0.015770 
0.081146 	0.196309 	0.140377 	0.090152 	 0.015166 
0.072171 	0.215257 	0.152853 	0.101318 	 0.017026 
0.068277 	0.222119 	0.157538 	0.104206 	 0.017140 
0.088272 	0.202669 	0.144944 	0.092613 	 0.015983 
0.082072 	0.201779 	0.144089 	0.090330 	 0.015175 
0.063035 	0.221247 	0.156838 	0.105116 	 0.017123 
0.086693 	0.199951 	0.143453 	0.086513 	 0.014470 
0.082594 	0.200798 	0.143803 	0.090216 	 0.015592 
0.066477 	0.226436 	0.160172 	0.109142 	 0.016867 
0.077747 	0.211407 	0.150618 	0.096580 	 0.015374 
0.071303 	0.208018 	0.148727 	0.092943 	 0.015947 
0.069270 	0.206326 	0.147536 	0.094374 	 0.015962 
0.063611 	0.222780 	0.158556 	0.105128 	 0.017550 
0.065768 	0.220692 	0.156986 	0.101766 	 0.016508 
0.073217 	0.211171 	0.151122 	0.093373 	 0.015883 
0.079588 	0.205371 	0.147146 	0.091254 	 0.015440 
0.062935 	0.221658 	0.157544 	0.105627 	 0.017665 
0.080235 	0.201032 	0.144849 	0.086045 	 0.015839 
0.061378 	0.225309 	0.160214 	0.104445 	 0.017193 
0.064892 	0.212478 	0.152388 	0.094074 	 0.017265 
0.076935 	0.205603 	0.147357 	0.092625 	 0.015909 
0.066592 	0.213168 	0.152057 	0.097599 	 0.016546 
0.066200 	0.219005 	0.156063 	0.099341 	 0.016218 
0.088005 	0.196625 	0.141996 	0.085360 	 0.015494 
0.073335 	0.211198 	0.151909 	0.091847 	 0.016363 
0.079042 	0.195111 	0.140367 	0.082947 	 0.013843 
0.065800 	0.216789 	0.154911 	0.099647 	 0.017145 
0.061119 	0.213189 	0.152878 	0.095384 	 0.016347 
0.071162 	0.203166 	0.146225 	0.088572 	 0.015418 
0.084129 	0.193363 	0.139659 	0.083083 	 0.014791 
0.059091 	0.221333 	0.158476 	0.100065 	 0.016789 
0.080630 	0.203434 	0.146570 	0.088534 	 0.015300 
0.073147 	0.204953 	0.147877 	0.087467 	 0.016144 
0.072292 	0.210710 	0.151742 	0.092245 	 0.015983 
0.068662 	0.200403 	0.145529 	0.082162 	 0.016673 
0.061572 	0.218790 	0.156758 	0.097583 	 0.016246 
0.083432 	0.200338 	0.144962 	0.083615 	 0.015288 
0.069970 	0.215635 	0.154678 	0.095399 	 0.015410 
0.070556 	0.196754 	0.142683 	0.081625 	 0.014886 
0.071720 	0.215731 	0.154984 	0.093635 	 0.015649 
0.067179 	0.214433 	0.154453 	0.093072 	 0.016448 
0.065815 	0.221829 	0.158985 	0.100786 	 0.016753 
0.081960 	0.196974 	0.143099 	0.079822 	 0.014542 
0.072989 	0.203217 	0.147422 	0.084862 	 0.015743 
0.068852 	0.200396 	0.145205 	0.084576 	 0.015295 
0.053945 	0.214357 	0.154158 	0.093678 	 0.016263 
0.058023 	0.214011 	0.153671 	0.095828 	 0.016321 
0.064155 	0.206073 	0.148956 	0.088629 	 0.015848 
0.064053 	0.205342 	0.148205 	0.089224 	 0.015051 
0.067264 	0.205784 	0.149058 	0.086463 	 0.015908 
0.071495 	0.201719 	0.146360 	0.084355 	 0.015190 
0.079373 	0.202322 	0.147087 	0.083751 	 0.015697 
0.081961 	0.207335 	0.150308 	0.087551 	 0.015539 
0.071788 	0.201865 	0.146131 	0.086658 	 0.015079 
0.075125 	0.200923 	0.146530 	0.079541 	 0.015230 
0.067706 	0.216643 	0.156686 	0.090230 	 0.015808 
0.060562 	0.211382 	0.152836 	0.089367 	 0.015705 
0.081279 	0.197226 	0.144035 	0.081396 	 0.015510 
0.056143 	0.218328 	0.157509 	0.093431 	 0.016420 
0.072735 	0.207483 	0.150447 	0.087364 	 0.015224 
0.074059 	0.206468 	0.149824 	0.086239 	 0.014855 
0.077240 	0.205124 	0.149400 	0.085251 	 0.015916 
0.063437 	0.219644 	0.158600 	0.095299 	 0.016343 
0.075809 	0.201412 	0.146773 	0.082044 	 0.015489 
0.079442 	0.196330 	0.143321 	0.081394 	 0.015611 
0.074568 	0.206334 	0.150118 	0.086663 	 0.016090 
0.062261 	0.216623 	0.156657 	0.093798 	 0.016042 
0.077024 	0.195338 	0.143073 	0.077281 	 0.014948 
0.068831 	0.207628 	0.151539 	0.083373 	 0.016164 
0.056147 	0.206805 	0.150837 	0.083170 	 0.016359 
0.084792 	0.194602 	0.142724 	0.076928 	 0.014361 
0.065296 	0.207154 	0.150564 	0.087328 	 0.015528 
0.061328 	0.223907 	0.162020 	0.095648 	 0.016566 
0.064011 	0.210095 	0.152660 	0.089259 	 0.015746 
0.062110 	0.207260 	0.150934 	0.085629 	 0.015424 
0.073083 	0.203999 	0.148966 	0.083589 	 0.015437 
0.053154 	0.217553 	0.158015 	0.093015 	 0.017353 
0.053843 	0.210606 	0.153376 	0.087951 	 0.016759 
0.070614 	0.208060 	0.152489 	0.082987 	 0.016228 
0.053904 	0.233294 	0.167851 	0.106487 	 0.017671 
0.059719 	0.202732 	0.148250 	0.083407 	 0.016053 
0.082716 	0.200801 	0.147645 	0.078778 	 0.015228 
0.071144 	0.201483 	0.147823 	0.080892 	 0.015839 
0.067655 	0.217797 	0.158376 	0.091981 	 0.015808 
0.085594 	0.197023 	0.145019 	0.076146 	 0.014517 
0.050151 	0.227788 	0.165219 	0.096908 	 0.017296 
0.078319 	0.206138 	0.151431 	0.079630 	 0.014911 
0.062527 	0.215346 	0.156818 	0.091617 	 0.016946 
0.080491 	0.210531 	0.153974 	0.086863 	 0.015493 
0.057862 	0.214120 	0.156874 	0.085291 	 0.016730 
0.058063 	0.213982 	0.156422 	0.087118 	 0.016664 
0.063439 	0.217397 	0.158504 	0.092196 	 0.016490 
0.060217 	0.213919 	0.155962 	0.090688 	 0.016569 
0.059148 	0.207468 	0.151907 	0.085949 	 0.016237 
0.057080 	0.210690 	0.154288 	0.087741 	 0.016731 
0.065866 	0.216314 	0.158186 	0.088308 	 0.016230 
0.078576 	0.198459 	0.146962 	0.073553 	 0.015335 
0.075868 	0.213605 	0.156594 	0.087512 	 0.015692 
0.071396 	0.212282 	0.155645 	0.086967 	 0.015913 
0.079626 	0.198762 	0.146765 	0.077333 	 0.015013 
0.079929 	0.190804 	0.142067 	0.070302 	 0.015018 
0.075984 	0.204665 	0.150909 	0.080369 	 0.015690 
0.079515 	0.192063 	0.142908 	0.070487 	 0.015188 
0.089241 	0.193644 	0.143795 	0.073940 	 0.014386 
0.076106 	0.209959 	0.154292 	0.086710 	 0.016650 
0.084527 	0.188668 	0.140358 	0.072762 	 0.015006 
0.081958 	0.202490 	0.149963 	0.077897 	 0.015337 
0.075108 	0.209872 	0.154603 	0.083185 	 0.015883 
0.070171 	0.204765 	0.151660 	0.079765 	 0.016338 
0.075032 	0.207150 	0.152840 	0.084197 	 0.016770 
0.094769 	0.194773 	0.145286 	0.072821 	 0.014659 
0.071969 	0.206564 	0.152272 	0.081926 	 0.015987 
0.079867 	0.196140 	0.146031 	0.073621 	 0.015721 
0.079521 	0.193144 	0.143900 	0.072061 	 0.015372 
0.088667 	0.199913 	0.148517 	0.074061 	 0.014108 
0.097452 	0.197077 	0.146513 	0.074675 	 0.014337 
0.086881 	0.186928 	0.139800 	0.067882 	 0.013853 
0.080361 	0.197806 	0.146912 	0.076601 	 0.015690 
0.071059 	0.211332 	0.156217 	0.084094 	 0.016535 
0.074330 	0.204228 	0.151879 	0.076848 	 0.015429 
0.082179 	0.207662 	0.153889 	0.081576 	 0.015729 
0.084867 	0.194636 	0.145334 	0.071654 	 0.014497 
0.098094 	0.187947 	0.141432 	0.064713 	 0.013945 
0.094373 	0.194316 	0.145198 	0.071050 	 0.014314 
0.088534 	0.196884 	0.147343 	0.073240 	 0.015350 
0.098648 	0.180911 	0.136694 	0.062487 	 0.014083 
0.086854 	0.201141 	0.149906 	0.077121 	 0.014201 
0.072638 	0.214819 	0.158856 	0.085159 	 0.016493 
0.105332 	0.186119 	0.140239 	0.066256 	 0.013463 
0.085377 	0.197164 	0.147521 	0.074612 	 0.015710 
0.076414 	0.203791 	0.152134 	0.076066 	 0.015683 
0.093608 	0.189498 	0.142515 	0.068553 	 0.014599 
0.086579 	0.200115 	0.149969 	0.074561 	 0.015842 
0.083040 	0.200230 	0.149581 	0.075843 	 0.015391 
0.088826 	0.204369 	0.152115 	0.080724 	 0.015540 
0.086310 	0.192420 	0.144595 	0.070685 	 0.015105 
0.097574 	0.181575 	0.137494 	0.063269 	 0.014301 
0.088004 	0.202802 	0.151925 	0.074913 	 0.015632 
0.078735 	0.205266 	0.153104 	0.077181 	 0.015383 
0.097749 	0.189439 	0.143312 	0.067407 	 0.014381 
0.101011 	0.187062 	0.141581 	0.068558 	 0.014928 
0.090266 	0.204373 	0.152970 	0.077231 	 0.015291 
0.085916 	0.204455 	0.152809 	0.076852 	 0.015210 
0.098350 	0.187112 	0.141979 	0.063167 	 0.014057 
0.087330 	0.197954 	0.149049 	0.070877 	 0.015431 
0.092552 	0.199645 	0.150008 	0.072601 	 0.015066 
0.104137 	0.182859 	0.139336 	0.061836 	 0.014622 
0.100886 	0.182051 	0.138690 	0.061897 	 0.014638 
0.105613 	0.184872 	0.140948 	0.059729 	 0.014018 
0.088685 	0.199623 	0.150157 	0.072790 	 0.015180 
0.111396 	0.171502 	0.132179 	0.052997 	 0.013603 
0.091052 	0.198500 	0.149009 	0.076068 	 0.015419 
0.108470 	0.187572 	0.142501 	0.063561 	 0.013626 
0.089000 	0.207979 	0.155310 	0.081230 	 0.015572 
0.097190 	0.192709 	0.145765 	0.067106 	 0.014140 
0.100872 	0.194314 	0.147136 	0.070188 	 0.014434 
0.096621 	0.192380 	0.145415 	0.068394 	 0.014122 
0.106434 	0.187990 	0.142918 	0.065040 	 0.013625 
0.105413 	0.189969 	0.144159 	0.064569 	 0.013616 
0.102932 	0.184931 	0.140903 	0.063836 	 0.013789 
0.107925 	0.189520 	0.144674 	0.063471 	 0.014073 
0.109569 	0.176646 	0.136272 	0.053983 	 0.013799 
0.090195 	0.204639 	0.153428 	0.078018 	 0.014835 
0.104122 	0.195397 	0.147982 	0.072784 	 0.015608 
0.073858 	0.215094 	0.161179 	0.081900 	 0.016350 
0.099839 	0.183522 	0.140675 	0.060199 	 0.014359 
0.105067 	0.180980 	0.139391 	0.058176 	 0.014267 
0.097237 	0.191278 	0.145925 	0.065901 	 0.015182 
0.097470 	0.193377 	0.147439 	0.066104 	 0.014955 
0.075208 	0.219592 	0.164025 	0.086650 	 0.017014 
0.085610 	0.201504 	0.152613 	0.073881 	 0.016319 
0.087895 	0.192874 	0.147070 	0.064425 	 0.015275 
0.094457 	0.197374 	0.150283 	0.068195 	 0.015573 
0.093966 	0.197583 	0.150284 	0.068909 	 0.015253 
0.091101 	0.194037 	0.147980 	0.066928 	 0.014772 
0.084779 	0.198042 	0.150650 	0.067611 	 0.015147 
0.076895 	0.203365 	0.154203 	0.071387 	 0.015682 
0.105569 	0.180974 	0.139411 	0.058828 	 0.013633 
0.100394 	0.185830 	0.142367 	0.061692 	 0.013413 
0.099396 	0.186594 	0.143297 	0.061175 	 0.013853 
0.083992 	0.191957 	0.146812 	0.064357 	 0.015259 
0.099505 	0.185643 	0.142775 	0.061511 	 0.013779 
0.088912 	0.187919 	0.143951 	0.064957 	 0.015513 
0.093641 	0.195608 	0.148723 	0.070774 	 0.014681 
0.082877 	0.198167 	0.151420 	0.069244 	 0.015736 
0.097923 	0.190771 	0.146574 	0.063027 	 0.015101 
0.091951 	0.181935 	0.140588 	0.059161 	 0.014793 
0.084262 	0.195764 	0.149329 	0.069620 	 0.015724 
0.083077 	0.189791 	0.145811 	0.061756 	 0.014979 
0.085137 	0.197693 	0.150987 	0.070095 	 0.016073 
0.090568 	0.193850 	0.148749 	0.066842 	 0.015499 
0.092708 	0.187699 	0.144715 	0.058807 	 0.014736 
0.113933 	0.175036 	0.136527 	0.054552 	 0.013301 
0.088478 	0.201920 	0.153975 	0.070027 	 0.015073 
0.090914 	0.176661 	0.137225 	0.053602 	 0.014110 
0.109632 	0.179601 	0.140092 	0.054198 	 0.014247 
0.099086 	0.177171 	0.138295 	0.052527 	 0.014043 
0.092065 	0.193014 	0.148482 	0.063322 	 0.014723 
0.092412 	0.193824 	0.149372 	0.064049 	 0.015798 
0.104148 	0.181981 	0.141210 	0.058747 	 0.014174 
0.092549 	0.182220 	0.141204 	0.060673 	 0.014930 
0.089764 	0.199221 	0.152875 	0.066196 	 0.015292 
0.103023 	0.178720 	0.139444 	0.056020 	 0.014409 
0.101458 	0.175568 	0.137261 	0.053540 	 0.014023 
0.095531 	0.190555 	0.147127 	0.062508 	 0.014765 
0.088277 	0.198789 	0.152551 	0.068730 	 0.015842 
0.095528 	0.185686 	0.144410 	0.056087 	 0.014859 
0.090833 	0.175831 	0.137336 	0.053356 	 0.014190 
0.111168 	0.173553 	0.136626 	0.050997 	 0.013351 
0.079101 	0.196342 	0.151221 	0.067064 	 0.016095 
0.095639 	0.184642 	0.143510 	0.059460 	 0.013863 
0.093411 	0.182685 	0.142566 	0.057154 	 0.015095 
0.086696 	0.185815 	0.144668 	0.057869 	 0.015659 
0.093371 	0.190011 	0.147712 	0.059768 	 0.015287 
0.105097 	0.170399 	0.134393 	0.051552 	 0.013986 
0.071598 	0.208686 	0.159473 	0.074317 	 0.016257 
