di 	gli 	gal 	gos3 	 gos4 
0.418566 	0.027663 	0.016793 	0.018390 	 -0.001852 
0.417349 	0.038872 	0.024080 	0.030446 	 -0.000285 
0.441344 	0.027572 	0.015583 	0.035902 	 -0.001227 
0.417803 	0.051875 	0.031457 	0.052160 	 0.000990 
0.429410 	0.051223 	0.031257 	0.051266 	 0.000135 
0.421336 	0.058159 	0.035944 	0.055231 	 0.000424 
0.407530 	0.061016 	0.037463 	0.059445 	 0.001240 
0.428230 	0.048163 	0.029341 	0.048808 	 0.000003 
0.424595 	0.059807 	0.036953 	0.056148 	 0.000364 
0.417637 	0.058103 	0.035293 	0.056652 	 0.000039 
0.423608 	0.046069 	0.027711 	0.048498 	 0.000178 
0.409583 	0.056602 	0.034517 	0.056739 	 0.001279 
0.412489 	0.057190 	0.034626 	0.056506 	 0.000674 
0.413463 	0.049000 	0.029251 	0.054042 	 0.000671 
0.397753 	0.077520 	0.048247 	0.068896 	 0.001637 
0.414913 	0.060943 	0.036969 	0.064036 	 0.001463 
0.407458 	0.061551 	0.037952 	0.058372 	 0.001418 
0.412576 	0.068429 	0.042246 	0.064050 	 0.001021 
0.402374 	0.063535 	0.039102 	0.060257 	 0.001142 
0.402539 	0.061434 	0.037984 	0.059053 	 0.002055 
0.394792 	0.077173 	0.047888 	0.070477 	 0.002787 
0.401877 	0.070016 	0.043872 	0.061280 	 0.001556 
0.409419 	0.060010 	0.036866 	0.056932 	 0.000545 
0.386359 	0.077006 	0.047774 	0.071490 	 0.003357 
0.405968 	0.065406 	0.039795 	0.065279 	 0.001511 
0.394209 	0.077055 	0.047728 	0.069897 	 0.002204 
0.396685 	0.069384 	0.043137 	0.064612 	 0.002415 
0.391897 	0.069460 	0.042748 	0.065943 	 0.002291 
0.399259 	0.061523 	0.038094 	0.059382 	 0.002266 
0.387412 	0.082353 	0.051457 	0.073802 	 0.003254 
0.388389 	0.076129 	0.047407 	0.070417 	 0.002894 
0.385337 	0.079518 	0.049170 	0.075799 	 0.003587 
0.388900 	0.077169 	0.047778 	0.072534 	 0.002836 
0.390626 	0.073411 	0.045580 	0.068839 	 0.002821 
0.393617 	0.072053 	0.044577 	0.066915 	 0.002286 
0.392419 	0.067334 	0.041728 	0.063215 	 0.002455 
0.385050 	0.074792 	0.046075 	0.072721 	 0.003105 
0.384313 	0.076020 	0.047139 	0.072223 	 0.003165 
0.382752 	0.078543 	0.048595 	0.074645 	 0.003392 
0.372791 	0.087242 	0.054429 	0.078979 	 0.004261 
0.381034 	0.075597 	0.046691 	0.068468 	 0.002740 
0.365229 	0.084051 	0.052419 	0.074576 	 0.004013 
0.368537 	0.099081 	0.061872 	0.088503 	 0.004541 
0.382980 	0.077189 	0.047968 	0.072161 	 0.003366 
0.383212 	0.076480 	0.047824 	0.071808 	 0.003909 
0.377839 	0.082129 	0.051202 	0.076528 	 0.003689 
0.360159 	0.099772 	0.062755 	0.086705 	 0.005210 
0.370308 	0.086291 	0.053940 	0.076446 	 0.003683 
0.371118 	0.085775 	0.053765 	0.076255 	 0.003609 
0.361649 	0.101093 	0.063542 	0.085839 	 0.004616 
0.372826 	0.084518 	0.052366 	0.076093 	 0.003061 
0.361770 	0.084439 	0.052803 	0.075501 	 0.003874 
0.359547 	0.090304 	0.056687 	0.079885 	 0.004327 
0.373843 	0.087488 	0.055682 	0.073407 	 0.004051 
0.362486 	0.088460 	0.055525 	0.077262 	 0.004231 
0.348237 	0.101430 	0.063985 	0.087270 	 0.005413 
0.355689 	0.098819 	0.062412 	0.084623 	 0.005064 
0.354460 	0.097172 	0.061263 	0.083605 	 0.004794 
0.344235 	0.106380 	0.066949 	0.090633 	 0.004957 
0.364735 	0.088457 	0.055589 	0.080086 	 0.005047 
0.357238 	0.094637 	0.059899 	0.082234 	 0.004732 
0.343879 	0.109610 	0.069155 	0.093458 	 0.005732 
0.353818 	0.092749 	0.058230 	0.082254 	 0.004442 
0.357117 	0.090600 	0.056761 	0.081120 	 0.004555 
0.347784 	0.098821 	0.062296 	0.085905 	 0.005632 
0.330345 	0.115822 	0.073478 	0.096791 	 0.006739 
0.346932 	0.091391 	0.057251 	0.080292 	 0.004470 
0.338861 	0.102252 	0.064310 	0.089686 	 0.005278 
0.338915 	0.105812 	0.066860 	0.090329 	 0.006165 
0.337066 	0.109118 	0.069260 	0.092708 	 0.006429 
0.356610 	0.097423 	0.061451 	0.085552 	 0.004619 
0.343293 	0.098966 	0.062367 	0.084864 	 0.005323 
0.345015 	0.106540 	0.067464 	0.092328 	 0.005886 
0.336611 	0.114984 	0.073018 	0.096362 	 0.006156 
0.337529 	0.111333 	0.070494 	0.095040 	 0.006099 
0.346772 	0.097864 	0.061794 	0.084000 	 0.005556 
0.335085 	0.111012 	0.070168 	0.093906 	 0.005737 
0.349636 	0.102622 	0.065032 	0.087354 	 0.005200 
0.347072 	0.098401 	0.062357 	0.083513 	 0.005250 
0.325338 	0.115079 	0.073011 	0.094904 	 0.006428 
0.347948 	0.093406 	0.058904 	0.079840 	 0.004202 
0.327115 	0.107875 	0.068359 	0.089932 	 0.006250 
0.333667 	0.102553 	0.065049 	0.086962 	 0.005924 
0.337241 	0.103382 	0.066200 	0.084506 	 0.006045 
0.341115 	0.094148 	0.059318 	0.082431 	 0.005002 
0.345340 	0.098043 	0.062355 	0.084444 	 0.006216 
0.327192 	0.111955 	0.071344 	0.091665 	 0.006301 
0.329498 	0.101584 	0.064734 	0.085310 	 0.006092 
0.326318 	0.110123 	0.069753 	0.093459 	 0.005885 
0.334288 	0.103439 	0.065613 	0.087293 	 0.005486 
0.341910 	0.098064 	0.062305 	0.083449 	 0.005377 
0.330409 	0.106001 	0.067453 	0.088974 	 0.006031 
0.329872 	0.111066 	0.070460 	0.093851 	 0.006645 
0.324467 	0.120455 	0.076706 	0.100872 	 0.007080 
0.328831 	0.103798 	0.065750 	0.090531 	 0.006309 
0.332907 	0.100130 	0.063570 	0.084683 	 0.005979 
0.320902 	0.121752 	0.077684 	0.099693 	 0.007517 
0.336611 	0.102981 	0.065343 	0.089331 	 0.006115 
0.328083 	0.109995 	0.070448 	0.089354 	 0.006224 
0.321004 	0.115035 	0.073433 	0.095267 	 0.007377 
0.330965 	0.109121 	0.069731 	0.089926 	 0.006088 
0.318354 	0.119964 	0.077044 	0.094013 	 0.006949 
0.318829 	0.116808 	0.074609 	0.095477 	 0.006708 
0.322674 	0.109417 	0.069640 	0.090015 	 0.006377 
0.326030 	0.113850 	0.072639 	0.093780 	 0.005867 
0.322138 	0.109282 	0.069982 	0.089287 	 0.006716 
0.322495 	0.106599 	0.068069 	0.087582 	 0.006263 
0.323840 	0.118072 	0.075742 	0.095861 	 0.006834 
0.317776 	0.114291 	0.073354 	0.092837 	 0.006859 
0.316753 	0.119260 	0.076872 	0.094698 	 0.007157 
0.310475 	0.132455 	0.085621 	0.101973 	 0.007857 
0.323093 	0.121498 	0.077841 	0.098164 	 0.006786 
0.316493 	0.125611 	0.080862 	0.102224 	 0.007968 
0.326089 	0.109752 	0.070323 	0.087955 	 0.006120 
0.317774 	0.111700 	0.071517 	0.090424 	 0.006656 
0.305464 	0.127951 	0.082395 	0.098303 	 0.006915 
0.315377 	0.119963 	0.076756 	0.098096 	 0.007346 
0.314366 	0.116439 	0.074910 	0.093409 	 0.007537 
0.320168 	0.115677 	0.074511 	0.093593 	 0.007401 
0.315872 	0.113247 	0.072650 	0.090320 	 0.006280 
0.316525 	0.113436 	0.072982 	0.091259 	 0.007029 
0.321496 	0.118074 	0.075859 	0.095364 	 0.006304 
0.302854 	0.139426 	0.090302 	0.107235 	 0.008523 
0.296272 	0.139078 	0.089752 	0.107635 	 0.008159 
0.284870 	0.148249 	0.095243 	0.115902 	 0.008687 
0.299671 	0.140245 	0.090554 	0.109635 	 0.008618 
0.297629 	0.134370 	0.086167 	0.107609 	 0.007995 
0.315903 	0.119573 	0.077527 	0.090865 	 0.006714 
0.303342 	0.137306 	0.089364 	0.104045 	 0.008614 
0.307912 	0.124774 	0.080685 	0.095866 	 0.006727 
0.297577 	0.136818 	0.088382 	0.107208 	 0.008314 
0.287798 	0.140667 	0.091172 	0.107390 	 0.009014 
0.302131 	0.129443 	0.083681 	0.100422 	 0.007342 
0.304900 	0.132168 	0.085404 	0.104633 	 0.008088 
0.304425 	0.131631 	0.085021 	0.102682 	 0.007870 
0.305373 	0.118748 	0.076221 	0.094252 	 0.006769 
0.284859 	0.136449 	0.088555 	0.104692 	 0.008763 
0.297553 	0.137922 	0.089718 	0.103392 	 0.008300 
0.310878 	0.132045 	0.085619 	0.098187 	 0.006425 
0.296185 	0.134568 	0.087330 	0.102993 	 0.008072 
0.287300 	0.136416 	0.088063 	0.106021 	 0.008801 
0.281948 	0.147529 	0.095133 	0.114978 	 0.008868 
0.289225 	0.129230 	0.083614 	0.099733 	 0.008184 
0.308097 	0.122847 	0.079873 	0.092819 	 0.006959 
0.305855 	0.129957 	0.084498 	0.099187 	 0.007446 
0.295114 	0.145135 	0.094799 	0.107575 	 0.008414 
0.284926 	0.143895 	0.093595 	0.106723 	 0.008268 
0.293185 	0.138895 	0.090345 	0.102739 	 0.007866 
0.282870 	0.138658 	0.089853 	0.106242 	 0.009022 
0.289862 	0.126119 	0.082107 	0.093900 	 0.007683 
0.290135 	0.139366 	0.090331 	0.105126 	 0.008515 
0.292541 	0.131170 	0.085158 	0.097947 	 0.007589 
0.281521 	0.143268 	0.093154 	0.104980 	 0.007862 
0.296172 	0.133282 	0.086472 	0.102607 	 0.007804 
0.288016 	0.132071 	0.086089 	0.097603 	 0.008228 
0.293342 	0.136125 	0.088288 	0.103202 	 0.008177 
0.285531 	0.138377 	0.090358 	0.102292 	 0.008591 
0.270852 	0.150734 	0.098310 	0.110488 	 0.009410 
0.291159 	0.135708 	0.088580 	0.098837 	 0.007680 
0.286508 	0.135615 	0.088422 	0.100564 	 0.007813 
0.294011 	0.134204 	0.087535 	0.099166 	 0.007316 
0.281850 	0.138880 	0.090307 	0.102212 	 0.007782 
0.282701 	0.146073 	0.095164 	0.106452 	 0.007725 
0.280303 	0.147896 	0.096042 	0.111050 	 0.008940 
0.298843 	0.136796 	0.089564 	0.100178 	 0.007726 
0.284456 	0.139095 	0.090839 	0.100403 	 0.007944 
0.277351 	0.149210 	0.097268 	0.109800 	 0.009043 
0.284401 	0.149052 	0.097421 	0.107972 	 0.008275 
0.274623 	0.146245 	0.095475 	0.106741 	 0.008568 
0.276981 	0.151641 	0.099298 	0.109776 	 0.009144 
0.295674 	0.133947 	0.087364 	0.101038 	 0.007673 
0.264196 	0.156373 	0.102121 	0.113056 	 0.009649 
0.275533 	0.153309 	0.100342 	0.111210 	 0.009289 
0.274643 	0.144928 	0.094585 	0.107056 	 0.009049 
0.279031 	0.154390 	0.101239 	0.110727 	 0.009036 
0.270583 	0.159347 	0.104386 	0.113449 	 0.009125 
0.271540 	0.159092 	0.104041 	0.117405 	 0.009946 
0.259517 	0.157193 	0.102752 	0.112726 	 0.009268 
0.282197 	0.142008 	0.092812 	0.102787 	 0.008461 
0.273539 	0.155485 	0.101756 	0.112167 	 0.009025 
0.271601 	0.153428 	0.100820 	0.107992 	 0.008585 
0.262281 	0.155586 	0.102419 	0.109571 	 0.010080 
0.277474 	0.143548 	0.094329 	0.102656 	 0.008831 
0.256869 	0.174477 	0.114363 	0.124993 	 0.010587 
0.250670 	0.172572 	0.113187 	0.123489 	 0.011198 
0.267626 	0.151459 	0.099880 	0.105072 	 0.009683 
0.261058 	0.158280 	0.103921 	0.111891 	 0.009657 
0.264354 	0.150597 	0.099034 	0.107863 	 0.009843 
0.265561 	0.155593 	0.101762 	0.112505 	 0.009669 
0.264933 	0.167895 	0.110262 	0.122703 	 0.010784 
0.250681 	0.174638 	0.114838 	0.120141 	 0.010317 
0.250540 	0.175932 	0.115579 	0.123253 	 0.010842 
0.259149 	0.171289 	0.112493 	0.122285 	 0.010760 
0.257780 	0.176279 	0.116202 	0.121813 	 0.010830 
0.261796 	0.166727 	0.110030 	0.114720 	 0.010180 
0.270800 	0.155235 	0.102488 	0.107158 	 0.008956 
0.258511 	0.158180 	0.104215 	0.109892 	 0.009877 
0.261000 	0.167232 	0.109907 	0.114965 	 0.009190 
0.267297 	0.161615 	0.106976 	0.110493 	 0.009694 
0.267741 	0.162877 	0.107740 	0.111334 	 0.009846 
0.253379 	0.161440 	0.106538 	0.109467 	 0.009550 
0.261411 	0.170787 	0.112577 	0.117971 	 0.009447 
0.262541 	0.170516 	0.112518 	0.117083 	 0.009672 
0.254864 	0.165090 	0.108967 	0.114583 	 0.010335 
0.262666 	0.164734 	0.108847 	0.115544 	 0.009974 
0.268494 	0.158966 	0.105417 	0.108664 	 0.009515 
0.244264 	0.173548 	0.114524 	0.119517 	 0.010720 
0.251880 	0.170968 	0.113142 	0.113968 	 0.010115 
0.257053 	0.164743 	0.108814 	0.113234 	 0.009801 
0.245412 	0.175358 	0.115904 	0.119965 	 0.010694 
0.261954 	0.160643 	0.106502 	0.108969 	 0.008910 
0.254148 	0.171127 	0.113297 	0.116023 	 0.009850 
0.252001 	0.174334 	0.115190 	0.117748 	 0.009673 
0.257724 	0.161548 	0.107142 	0.110490 	 0.009950 
0.251546 	0.167258 	0.110631 	0.114737 	 0.010222 
0.255811 	0.158453 	0.104851 	0.107735 	 0.008952 
0.246865 	0.175830 	0.116592 	0.117924 	 0.010587 
0.256568 	0.163463 	0.108386 	0.110098 	 0.009400 
0.246002 	0.171723 	0.113362 	0.116984 	 0.009829 
0.254312 	0.160599 	0.106649 	0.107859 	 0.009616 
0.247518 	0.176083 	0.116778 	0.118776 	 0.010449 
0.254447 	0.162359 	0.107907 	0.110328 	 0.009931 
0.251101 	0.164042 	0.108819 	0.111143 	 0.009897 
0.254788 	0.161713 	0.107675 	0.108056 	 0.009825 
0.251595 	0.171944 	0.114047 	0.115842 	 0.010128 
0.246341 	0.174050 	0.115642 	0.115415 	 0.010148 
0.248777 	0.170205 	0.112993 	0.114738 	 0.010389 
0.248761 	0.164752 	0.109633 	0.108757 	 0.009972 
0.242166 	0.173725 	0.115458 	0.116402 	 0.010740 
0.237234 	0.173996 	0.115443 	0.116726 	 0.010406 
0.242183 	0.180867 	0.120093 	0.122383 	 0.010644 
0.237769 	0.170504 	0.113552 	0.111296 	 0.010560 
0.240458 	0.182076 	0.120992 	0.120236 	 0.011025 
0.239295 	0.174739 	0.115929 	0.118485 	 0.011053 
0.238324 	0.186882 	0.124205 	0.123002 	 0.010774 
0.227864 	0.177270 	0.117988 	0.115327 	 0.011408 
0.233959 	0.181731 	0.120285 	0.120653 	 0.010874 
0.241968 	0.165239 	0.110071 	0.106374 	 0.009922 
0.245095 	0.172962 	0.115103 	0.113500 	 0.010285 
0.234729 	0.178524 	0.118929 	0.114560 	 0.010575 
0.244015 	0.172325 	0.115146 	0.111156 	 0.010216 
0.246068 	0.170370 	0.113943 	0.108789 	 0.010374 
0.229308 	0.177485 	0.117538 	0.119539 	 0.010616 
0.221522 	0.193882 	0.128479 	0.131251 	 0.012281 
0.228597 	0.180654 	0.120075 	0.120221 	 0.011029 
0.240794 	0.167773 	0.112416 	0.104565 	 0.010211 
0.221466 	0.192819 	0.128617 	0.123677 	 0.011903 
0.232369 	0.173691 	0.115858 	0.112004 	 0.010493 
0.237508 	0.182698 	0.121946 	0.115535 	 0.010412 
0.236219 	0.184994 	0.123145 	0.120418 	 0.010460 
0.233880 	0.183205 	0.122368 	0.118917 	 0.011361 
0.222060 	0.190145 	0.127164 	0.121946 	 0.011977 
0.235488 	0.180579 	0.120622 	0.115866 	 0.010181 
0.232973 	0.194751 	0.130400 	0.124025 	 0.011873 
0.219220 	0.192582 	0.128735 	0.123051 	 0.012202 
0.232411 	0.189447 	0.126880 	0.118842 	 0.010665 
0.211862 	0.205652 	0.137266 	0.131901 	 0.012358 
0.222600 	0.197877 	0.132615 	0.125037 	 0.012489 
0.214324 	0.197403 	0.132091 	0.123821 	 0.011952 
0.230361 	0.188097 	0.126413 	0.118628 	 0.011603 
0.222934 	0.206039 	0.137378 	0.133373 	 0.012021 
0.209871 	0.196359 	0.131064 	0.125267 	 0.011956 
0.222401 	0.195785 	0.130674 	0.124589 	 0.011528 
0.245227 	0.182036 	0.122548 	0.112028 	 0.009831 
0.229451 	0.177771 	0.119316 	0.109579 	 0.010186 
0.220998 	0.194201 	0.130133 	0.121475 	 0.011481 
0.225664 	0.184800 	0.124084 	0.116689 	 0.011428 
0.227444 	0.188680 	0.125810 	0.120940 	 0.010509 
0.218760 	0.197570 	0.132567 	0.126241 	 0.012639 
0.216543 	0.195059 	0.131027 	0.122868 	 0.012408 
0.228355 	0.187356 	0.125777 	0.118433 	 0.011310 
0.219523 	0.191104 	0.128376 	0.120361 	 0.012109 
0.210283 	0.200225 	0.134376 	0.124836 	 0.012210 
0.198815 	0.225048 	0.150539 	0.141608 	 0.013859 
0.215936 	0.202764 	0.135704 	0.129500 	 0.012473 
0.218440 	0.185434 	0.124958 	0.112133 	 0.011094 
0.218021 	0.196462 	0.131472 	0.125981 	 0.011584 
0.221465 	0.196580 	0.132651 	0.119402 	 0.012185 
0.210240 	0.201146 	0.135203 	0.125830 	 0.012556 
0.225806 	0.193430 	0.130413 	0.118580 	 0.011259 
0.229635 	0.185434 	0.125210 	0.113817 	 0.011047 
0.206687 	0.203229 	0.136588 	0.128221 	 0.012526 
0.211882 	0.192141 	0.129822 	0.115723 	 0.011764 
0.214039 	0.205375 	0.138066 	0.129045 	 0.012312 
0.214363 	0.205556 	0.138423 	0.127154 	 0.012147 
0.218156 	0.202272 	0.135979 	0.127267 	 0.012552 
0.219967 	0.206863 	0.139028 	0.128484 	 0.011395 
0.203459 	0.208813 	0.140405 	0.128785 	 0.012390 
0.210940 	0.207705 	0.139772 	0.129400 	 0.012437 
0.210195 	0.207973 	0.140327 	0.127035 	 0.012499 
0.204753 	0.211679 	0.142857 	0.128588 	 0.012724 
0.211468 	0.198121 	0.134265 	0.118479 	 0.012609 
0.205776 	0.206680 	0.139154 	0.126039 	 0.012043 
0.208632 	0.203371 	0.137182 	0.123424 	 0.011766 
0.209534 	0.199574 	0.134218 	0.124943 	 0.011775 
0.213198 	0.204984 	0.138933 	0.121952 	 0.012107 
0.207089 	0.211015 	0.142510 	0.127227 	 0.012358 
0.203159 	0.211017 	0.142732 	0.125229 	 0.012455 
0.196088 	0.219949 	0.148507 	0.131617 	 0.012998 
0.212462 	0.203571 	0.137668 	0.120231 	 0.011848 
0.216009 	0.195279 	0.132232 	0.117840 	 0.011666 
0.199833 	0.208027 	0.140552 	0.126461 	 0.012614 
0.204063 	0.205028 	0.138543 	0.125888 	 0.012733 
0.210736 	0.203059 	0.137375 	0.120210 	 0.011342 
0.202246 	0.204948 	0.138750 	0.123256 	 0.012594 
0.200083 	0.210819 	0.142825 	0.127545 	 0.013361 
0.207540 	0.200914 	0.136093 	0.119985 	 0.011593 
0.208952 	0.207702 	0.140862 	0.123086 	 0.011980 
0.203378 	0.210913 	0.142871 	0.125505 	 0.011918 
0.203997 	0.208409 	0.141368 	0.122605 	 0.012158 
0.215418 	0.191992 	0.130813 	0.110874 	 0.011057 
0.220030 	0.195373 	0.132862 	0.113622 	 0.010755 
0.210615 	0.190502 	0.129744 	0.110385 	 0.011164 
0.200037 	0.204846 	0.138588 	0.123230 	 0.012601 
0.199954 	0.209190 	0.141368 	0.128213 	 0.012807 
0.206361 	0.205126 	0.139287 	0.120350 	 0.011696 
0.206821 	0.194983 	0.132380 	0.115353 	 0.011784 
0.203361 	0.200846 	0.136429 	0.117658 	 0.011575 
0.202544 	0.205996 	0.139703 	0.121560 	 0.011751 
0.204790 	0.201562 	0.137387 	0.117375 	 0.012338 
0.199112 	0.203178 	0.137670 	0.122141 	 0.012837 
0.199644 	0.208823 	0.141385 	0.124522 	 0.012154 
0.204183 	0.207043 	0.140956 	0.118645 	 0.011732 
0.193923 	0.214002 	0.144973 	0.127505 	 0.012406 
0.202597 	0.197413 	0.134296 	0.115689 	 0.012192 
0.193896 	0.201759 	0.136951 	0.117958 	 0.011790 
0.186462 	0.215376 	0.146070 	0.125182 	 0.012054 
0.201748 	0.203960 	0.138747 	0.117753 	 0.011946 
0.198662 	0.205660 	0.139898 	0.121108 	 0.012534 
0.206236 	0.205082 	0.139612 	0.118601 	 0.011726 
0.204913 	0.203779 	0.139299 	0.114960 	 0.011630 
0.197530 	0.213918 	0.145914 	0.120658 	 0.012123 
0.203081 	0.204376 	0.139573 	0.118380 	 0.011978 
0.188927 	0.224315 	0.151985 	0.132217 	 0.012604 
0.197555 	0.203810 	0.139329 	0.115981 	 0.012083 
0.194032 	0.212860 	0.144749 	0.124915 	 0.012822 
0.200416 	0.208111 	0.141700 	0.121088 	 0.011423 
0.207769 	0.198741 	0.135883 	0.112231 	 0.011372 
0.188403 	0.222841 	0.151823 	0.129115 	 0.013136 
0.200891 	0.202211 	0.138463 	0.114689 	 0.011831 
0.182604 	0.217270 	0.148093 	0.125456 	 0.013089 
0.188916 	0.223742 	0.152502 	0.129774 	 0.013274 
0.188548 	0.219803 	0.150152 	0.126010 	 0.013182 
0.199452 	0.203540 	0.139470 	0.111958 	 0.011375 
0.176479 	0.218700 	0.149342 	0.125099 	 0.013943 
0.179033 	0.217558 	0.148405 	0.123221 	 0.013098 
0.197092 	0.209381 	0.143145 	0.117368 	 0.012302 
0.187550 	0.219031 	0.149521 	0.124287 	 0.012967 
0.168290 	0.233209 	0.158588 	0.135294 	 0.014674 
0.180646 	0.214654 	0.146783 	0.121052 	 0.013151 
0.180691 	0.222360 	0.151822 	0.126780 	 0.013439 
0.186616 	0.209896 	0.143624 	0.117927 	 0.012442 
0.170387 	0.229358 	0.156086 	0.132639 	 0.013954 
0.183939 	0.216056 	0.148189 	0.121893 	 0.013611 
0.179211 	0.222858 	0.152115 	0.125950 	 0.013528 
0.181702 	0.219813 	0.150433 	0.123305 	 0.013047 
0.178600 	0.214317 	0.146772 	0.120439 	 0.012957 
0.191005 	0.209598 	0.144076 	0.115112 	 0.012353 
0.180961 	0.216467 	0.148786 	0.119204 	 0.013093 
0.176274 	0.226493 	0.154943 	0.126681 	 0.013534 
0.173995 	0.228964 	0.156453 	0.129514 	 0.013552 
0.169546 	0.233178 	0.158880 	0.133107 	 0.013850 
0.170437 	0.224465 	0.153844 	0.124838 	 0.013798 
0.189548 	0.221871 	0.152320 	0.122784 	 0.012813 
0.174109 	0.228556 	0.157104 	0.124735 	 0.013785 
0.175623 	0.225797 	0.155014 	0.124531 	 0.013625 
0.178902 	0.221287 	0.152013 	0.121516 	 0.012870 
0.193611 	0.209079 	0.144091 	0.114478 	 0.012357 
0.186976 	0.218643 	0.150076 	0.121794 	 0.013043 
0.166286 	0.233851 	0.160442 	0.130214 	 0.014433 
0.185186 	0.218678 	0.150387 	0.119154 	 0.012900 
0.168008 	0.222966 	0.153376 	0.121565 	 0.013660 
0.179713 	0.228822 	0.157256 	0.124471 	 0.012813 
0.185250 	0.216548 	0.149029 	0.117048 	 0.011866 
0.169904 	0.233753 	0.160224 	0.129571 	 0.013377 
0.161094 	0.236560 	0.162385 	0.130566 	 0.014642 
0.179707 	0.235639 	0.162361 	0.127440 	 0.014084 
0.174603 	0.234644 	0.161101 	0.129598 	 0.013511 
0.173106 	0.224405 	0.154452 	0.122930 	 0.014042 
0.178254 	0.221514 	0.152323 	0.122455 	 0.012588 
0.168031 	0.230705 	0.158455 	0.128905 	 0.014216 
0.176376 	0.228996 	0.157606 	0.126545 	 0.013735 
0.170595 	0.228796 	0.157408 	0.126530 	 0.013948 
0.179306 	0.232844 	0.160150 	0.129614 	 0.014140 
0.184803 	0.225435 	0.155765 	0.121913 	 0.013487 
0.175901 	0.231075 	0.159221 	0.124928 	 0.013823 
0.167206 	0.239554 	0.164790 	0.133589 	 0.014889 
0.176774 	0.221007 	0.152985 	0.115411 	 0.013146 
0.167739 	0.235746 	0.162254 	0.128090 	 0.013990 
0.170147 	0.231079 	0.159195 	0.125873 	 0.014200 
0.168299 	0.239730 	0.165142 	0.130470 	 0.014582 
0.183421 	0.220389 	0.152501 	0.117678 	 0.012986 
0.165493 	0.234814 	0.162038 	0.128442 	 0.014944 
0.165418 	0.238260 	0.164240 	0.127697 	 0.013709 
0.170015 	0.233681 	0.161262 	0.124201 	 0.013387 
0.156276 	0.242239 	0.166871 	0.130180 	 0.014420 
0.165018 	0.239586 	0.165014 	0.130687 	 0.015026 
0.174770 	0.233968 	0.161700 	0.125890 	 0.013729 
0.176190 	0.231169 	0.160044 	0.122994 	 0.013472 
0.156293 	0.235783 	0.162715 	0.125366 	 0.014218 
0.175839 	0.240479 	0.166145 	0.128427 	 0.013506 
0.166828 	0.235709 	0.162418 	0.128536 	 0.013436 
0.171968 	0.231217 	0.160048 	0.122576 	 0.013171 
0.166566 	0.226887 	0.157059 	0.121427 	 0.013788 
0.157897 	0.242673 	0.167685 	0.129835 	 0.014691 
0.161005 	0.247647 	0.170674 	0.133494 	 0.014305 
0.172234 	0.228112 	0.158142 	0.119975 	 0.013020 
0.190167 	0.217805 	0.152170 	0.110887 	 0.012471 
0.167646 	0.234469 	0.162585 	0.122393 	 0.013604 
0.164186 	0.244327 	0.168639 	0.129951 	 0.013973 
0.154949 	0.241788 	0.166952 	0.130303 	 0.014305 
0.156378 	0.246968 	0.170724 	0.131684 	 0.014515 
0.167598 	0.238318 	0.165217 	0.124478 	 0.013994 
0.146801 	0.250236 	0.172652 	0.134781 	 0.015249 
0.156659 	0.239878 	0.165997 	0.125304 	 0.014221 
0.165788 	0.237423 	0.164642 	0.123900 	 0.013562 
0.172150 	0.233415 	0.162419 	0.120483 	 0.013449 
0.169841 	0.233389 	0.162213 	0.121647 	 0.013683 
0.162071 	0.245396 	0.169965 	0.131707 	 0.014949 
0.172121 	0.233541 	0.162501 	0.118571 	 0.012892 
0.148599 	0.251456 	0.174175 	0.132009 	 0.015279 
0.155350 	0.249421 	0.172906 	0.130203 	 0.014341 
0.163456 	0.228057 	0.158691 	0.116855 	 0.013282 
0.170545 	0.228735 	0.158838 	0.117673 	 0.012405 
0.157190 	0.234637 	0.163167 	0.122366 	 0.014018 
0.165981 	0.241336 	0.168017 	0.124313 	 0.014040 
0.164108 	0.227859 	0.158736 	0.115854 	 0.012876 
0.158165 	0.235803 	0.163698 	0.123258 	 0.013518 
0.150997 	0.245263 	0.169428 	0.131931 	 0.014388 
0.151779 	0.246293 	0.170879 	0.130648 	 0.014780 
0.156220 	0.238020 	0.165564 	0.125523 	 0.014235 
0.154304 	0.234206 	0.162957 	0.120849 	 0.013675 
0.158121 	0.240778 	0.167013 	0.128333 	 0.014186 
0.161705 	0.239674 	0.166885 	0.121274 	 0.013167 
0.154983 	0.243444 	0.169122 	0.126774 	 0.014356 
0.147903 	0.244765 	0.169985 	0.127794 	 0.014585 
0.166837 	0.224980 	0.157418 	0.114497 	 0.013475 
0.138028 	0.258135 	0.178502 	0.137305 	 0.015349 
0.157390 	0.242441 	0.168776 	0.124673 	 0.014453 
0.140135 	0.261504 	0.181197 	0.138997 	 0.015282 
0.152791 	0.240401 	0.167682 	0.121707 	 0.014098 
0.152894 	0.241667 	0.168185 	0.127005 	 0.014625 
0.158701 	0.241209 	0.168301 	0.122185 	 0.014296 
0.149097 	0.247058 	0.172276 	0.126452 	 0.014358 
0.165594 	0.230770 	0.161537 	0.117293 	 0.013563 
0.160646 	0.239708 	0.167339 	0.122833 	 0.014045 
0.157630 	0.235142 	0.164631 	0.117946 	 0.013616 
0.158767 	0.230611 	0.161803 	0.114511 	 0.013448 
0.155510 	0.248205 	0.173177 	0.125430 	 0.013577 
0.150194 	0.249313 	0.173530 	0.131892 	 0.014702 
0.150436 	0.251647 	0.175670 	0.127018 	 0.014213 
0.150305 	0.247138 	0.172515 	0.126175 	 0.014805 
0.138649 	0.257698 	0.179440 	0.129900 	 0.014697 
0.139182 	0.260819 	0.180958 	0.137361 	 0.015492 
0.151671 	0.250136 	0.174527 	0.127835 	 0.014998 
0.156624 	0.233666 	0.163965 	0.116093 	 0.013773 
0.149092 	0.238835 	0.167143 	0.120880 	 0.014391 
0.154565 	0.245725 	0.171689 	0.124203 	 0.014185 
0.143818 	0.257490 	0.179831 	0.130908 	 0.015411 
0.144013 	0.249920 	0.174477 	0.127554 	 0.014993 
0.153896 	0.248696 	0.174541 	0.123048 	 0.015129 
0.134425 	0.254404 	0.177495 	0.128570 	 0.015191 
0.139596 	0.251183 	0.175910 	0.125102 	 0.015482 
0.163677 	0.231678 	0.163088 	0.110087 	 0.012507 
0.137950 	0.263212 	0.183236 	0.135604 	 0.015148 
0.133210 	0.260025 	0.181095 	0.135377 	 0.015780 
0.138071 	0.258457 	0.180691 	0.128661 	 0.015111 
0.152403 	0.244768 	0.172046 	0.119103 	 0.013956 
0.124516 	0.256460 	0.179365 	0.127015 	 0.015961 
0.142321 	0.251579 	0.176344 	0.121458 	 0.014157 
0.141745 	0.255416 	0.179056 	0.126240 	 0.015380 
0.133350 	0.256795 	0.179797 	0.128461 	 0.015381 
0.141192 	0.258770 	0.181305 	0.127477 	 0.014884 
0.137127 	0.248098 	0.174591 	0.120937 	 0.015395 
0.151134 	0.255268 	0.179229 	0.126339 	 0.014885 
0.138396 	0.256526 	0.179864 	0.127621 	 0.015969 
0.149149 	0.245194 	0.172613 	0.120073 	 0.014565 
0.148144 	0.243641 	0.171387 	0.119525 	 0.014252 
0.146621 	0.244689 	0.172506 	0.117339 	 0.014438 
0.131521 	0.267135 	0.186612 	0.135102 	 0.015512 
0.133149 	0.265790 	0.186170 	0.131127 	 0.014996 
0.133678 	0.265196 	0.185607 	0.132654 	 0.016096 
0.139153 	0.266494 	0.186436 	0.134631 	 0.015540 
0.146880 	0.254008 	0.178653 	0.124572 	 0.014978 
0.138774 	0.256732 	0.180531 	0.122925 	 0.014582 
0.129131 	0.262347 	0.184154 	0.130047 	 0.015811 
0.135532 	0.263623 	0.185014 	0.131602 	 0.015809 
0.125390 	0.268003 	0.188190 	0.134083 	 0.016749 
0.136045 	0.262615 	0.184320 	0.131613 	 0.016096 
0.126362 	0.269865 	0.188921 	0.136236 	 0.016360 
0.145074 	0.250481 	0.176703 	0.119765 	 0.014829 
0.143490 	0.261233 	0.183323 	0.132217 	 0.015274 
0.134122 	0.271183 	0.190045 	0.137723 	 0.016457 
0.135323 	0.263028 	0.185085 	0.127413 	 0.015608 
0.119979 	0.274604 	0.192427 	0.138365 	 0.016806 
0.142890 	0.251029 	0.177505 	0.119462 	 0.015280 
0.148424 	0.251269 	0.177832 	0.117105 	 0.014557 
0.137555 	0.258012 	0.181788 	0.126428 	 0.015582 
0.128131 	0.270714 	0.189976 	0.135953 	 0.016096 
0.128772 	0.276648 	0.194068 	0.138017 	 0.016605 
0.131741 	0.262987 	0.185517 	0.127964 	 0.016195 
0.109471 	0.285198 	0.199543 	0.145051 	 0.017647 
0.143633 	0.259291 	0.182652 	0.125838 	 0.014205 
0.142596 	0.253907 	0.179682 	0.119977 	 0.014470 
0.155802 	0.233760 	0.167037 	0.104540 	 0.013875 
0.131643 	0.262310 	0.185250 	0.126647 	 0.015538 
0.124876 	0.271914 	0.191770 	0.130524 	 0.015985 
0.136464 	0.268788 	0.189134 	0.130718 	 0.014710 
0.130569 	0.262716 	0.185814 	0.123875 	 0.015253 
0.138818 	0.267386 	0.188735 	0.129165 	 0.015773 
0.120929 	0.271259 	0.191511 	0.129857 	 0.015930 
0.130780 	0.266111 	0.188179 	0.127253 	 0.016077 
0.127322 	0.267846 	0.189297 	0.129769 	 0.016574 
0.127547 	0.267778 	0.189586 	0.126501 	 0.015826 
0.133822 	0.267846 	0.189408 	0.128699 	 0.016106 
0.126762 	0.273959 	0.193485 	0.131561 	 0.016077 
0.143050 	0.256897 	0.182116 	0.122061 	 0.015089 
0.132634 	0.267555 	0.189301 	0.126128 	 0.015473 
0.130341 	0.260843 	0.185091 	0.120079 	 0.015017 
0.127050 	0.272397 	0.192699 	0.130691 	 0.016374 
0.118358 	0.274184 	0.193499 	0.131220 	 0.016458 
0.129703 	0.261379 	0.185489 	0.121493 	 0.014970 
0.125543 	0.265264 	0.188163 	0.125434 	 0.016062 
0.116822 	0.277378 	0.196332 	0.132444 	 0.017157 
0.127414 	0.276064 	0.195580 	0.129251 	 0.016250 
0.130522 	0.270212 	0.191333 	0.127100 	 0.015648 
0.129660 	0.258264 	0.183458 	0.119624 	 0.014992 
0.129448 	0.275268 	0.194666 	0.133532 	 0.016253 
0.146910 	0.254444 	0.181171 	0.116195 	 0.014400 
0.124537 	0.276028 	0.195241 	0.135023 	 0.017243 
0.123447 	0.271916 	0.192439 	0.128171 	 0.015917 
0.114949 	0.287476 	0.203047 	0.137013 	 0.016782 
0.132728 	0.277113 	0.196483 	0.132512 	 0.016854 
0.133699 	0.260936 	0.185780 	0.120793 	 0.015870 
0.121102 	0.275432 	0.194891 	0.132469 	 0.016439 
0.138476 	0.269417 	0.191581 	0.125186 	 0.015604 
0.121921 	0.273697 	0.194012 	0.128211 	 0.016211 
0.123753 	0.274263 	0.194546 	0.129929 	 0.016311 
0.141078 	0.254705 	0.181901 	0.116354 	 0.014762 
0.122239 	0.274944 	0.195057 	0.131105 	 0.016602 
0.131234 	0.264872 	0.188640 	0.121943 	 0.015639 
0.119508 	0.272578 	0.193537 	0.129117 	 0.016402 
0.129240 	0.267915 	0.190976 	0.122697 	 0.016118 
0.120798 	0.272229 	0.193523 	0.127932 	 0.016339 
0.128395 	0.266106 	0.189983 	0.121311 	 0.016126 
0.137143 	0.252498 	0.180450 	0.113673 	 0.014979 
0.137877 	0.259934 	0.185595 	0.120259 	 0.015425 
0.130493 	0.280011 	0.199159 	0.131389 	 0.016609 
0.129493 	0.260440 	0.186577 	0.116083 	 0.015615 
0.113380 	0.280542 	0.199050 	0.134414 	 0.017177 
0.125377 	0.267396 	0.190779 	0.123467 	 0.016044 
0.116431 	0.277651 	0.197101 	0.133651 	 0.017027 
0.120692 	0.270812 	0.192540 	0.129358 	 0.016547 
0.122513 	0.277709 	0.198169 	0.127137 	 0.016945 
0.117878 	0.286559 	0.203831 	0.133014 	 0.017151 
0.122871 	0.274897 	0.195889 	0.125870 	 0.016345 
0.131480 	0.271020 	0.193270 	0.125305 	 0.015740 
0.111509 	0.287305 	0.204373 	0.135309 	 0.017802 
0.103315 	0.286495 	0.203310 	0.136426 	 0.017691 
0.127579 	0.267233 	0.190886 	0.122628 	 0.015882 
0.113741 	0.285120 	0.202889 	0.132615 	 0.016766 
0.123191 	0.277375 	0.198023 	0.127740 	 0.015831 
0.119083 	0.287094 	0.204187 	0.135166 	 0.016934 
0.118496 	0.282094 	0.201296 	0.129932 	 0.017017 
0.118018 	0.272386 	0.194386 	0.125692 	 0.016068 
0.123195 	0.279306 	0.199363 	0.128614 	 0.016525 
0.114387 	0.282562 	0.201169 	0.133289 	 0.017530 
0.126834 	0.270644 	0.193876 	0.123294 	 0.016446 
0.105995 	0.276874 	0.198122 	0.125846 	 0.017358 
0.120160 	0.279260 	0.199493 	0.129199 	 0.017210 
0.114212 	0.268332 	0.192533 	0.120985 	 0.016885 
0.109116 	0.276433 	0.197268 	0.127928 	 0.016664 
0.114802 	0.264616 	0.190251 	0.115324 	 0.016016 
0.119774 	0.272435 	0.194525 	0.126779 	 0.016070 
0.128002 	0.260573 	0.187433 	0.117272 	 0.016318 
0.113082 	0.262340 	0.188075 	0.118299 	 0.015972 
0.124331 	0.271296 	0.194418 	0.120253 	 0.015770 
0.128144 	0.257016 	0.184669 	0.116255 	 0.015182 
0.113799 	0.276578 	0.198501 	0.125978 	 0.017732 
0.130894 	0.263027 	0.189125 	0.116677 	 0.015340 
0.114937 	0.275583 	0.197702 	0.124446 	 0.016890 
0.124032 	0.264715 	0.190366 	0.118642 	 0.016149 
0.126788 	0.263897 	0.190064 	0.115765 	 0.015675 
0.109596 	0.278009 	0.199671 	0.123051 	 0.017045 
0.113861 	0.271589 	0.194722 	0.124329 	 0.016724 
0.134945 	0.254001 	0.184094 	0.108631 	 0.015695 
0.123160 	0.266445 	0.191664 	0.118245 	 0.015664 
0.129103 	0.270168 	0.194556 	0.120103 	 0.016082 
0.123326 	0.252479 	0.183442 	0.104745 	 0.015819 
0.134316 	0.260140 	0.187721 	0.113761 	 0.015218 
0.113905 	0.280370 	0.200828 	0.131508 	 0.017163 
0.111156 	0.292728 	0.209444 	0.136121 	 0.017705 
0.117135 	0.276286 	0.198489 	0.125549 	 0.016995 
0.131879 	0.269293 	0.194283 	0.120365 	 0.016186 
0.123090 	0.275300 	0.197727 	0.125475 	 0.016619 
0.114468 	0.276073 	0.198637 	0.124290 	 0.017136 
0.108282 	0.275203 	0.198460 	0.122087 	 0.017765 
0.111382 	0.283350 	0.203143 	0.130354 	 0.018121 
0.114519 	0.272548 	0.196662 	0.117851 	 0.016568 
0.118277 	0.270455 	0.195831 	0.115518 	 0.016459 
0.438314 	0.000073 	0.001329 	-0.001811 	 -0.000147 
0.440608 	0.008543 	0.006856 	0.006328 	 0.001548 
0.451277 	0.010990 	0.008059 	0.013538 	 0.001113 
0.448226 	0.011766 	0.008632 	0.014763 	 0.001804 
0.442346 	0.027268 	0.018284 	0.027306 	 0.001963 
0.446111 	0.022911 	0.015996 	0.022538 	 0.002074 
0.426400 	0.037436 	0.025225 	0.032834 	 0.002973 
0.438325 	0.024826 	0.017093 	0.026370 	 0.002606 
0.433695 	0.034478 	0.023584 	0.028995 	 0.002882 
0.427185 	0.027108 	0.018181 	0.029903 	 0.003189 
0.420991 	0.034326 	0.023473 	0.030834 	 0.004218 
0.425911 	0.034843 	0.023203 	0.035041 	 0.003486 
0.440609 	0.028270 	0.019463 	0.025414 	 0.001973 
0.449752 	0.008646 	0.006241 	0.015715 	 0.002389 
0.432870 	0.039564 	0.026626 	0.032478 	 0.002776 
0.417869 	0.047326 	0.031014 	0.042839 	 0.004012 
0.408066 	0.049862 	0.033258 	0.041620 	 0.004338 
0.423712 	0.033237 	0.022406 	0.030224 	 0.003367 
0.401309 	0.049829 	0.032730 	0.043805 	 0.004651 
0.412123 	0.042219 	0.028450 	0.036542 	 0.004855 
0.398200 	0.055626 	0.036154 	0.048884 	 0.005050 
0.393242 	0.058103 	0.038005 	0.052150 	 0.005771 
0.407623 	0.051347 	0.034182 	0.043430 	 0.005546 
0.394232 	0.052738 	0.034303 	0.045828 	 0.005343 
0.387755 	0.058767 	0.038492 	0.052097 	 0.006227 
0.396512 	0.057588 	0.038272 	0.047223 	 0.005614 
0.397886 	0.055447 	0.036522 	0.047620 	 0.005422 
0.389122 	0.047501 	0.031468 	0.042962 	 0.005664 
0.399155 	0.051170 	0.034167 	0.042966 	 0.005386 
0.377197 	0.071850 	0.047138 	0.060038 	 0.007564 
0.391719 	0.057025 	0.037590 	0.050524 	 0.006242 
0.386486 	0.059947 	0.038850 	0.055161 	 0.006150 
0.387427 	0.059327 	0.039556 	0.048296 	 0.006841 
0.397756 	0.053825 	0.035571 	0.045884 	 0.005192 
0.379120 	0.062527 	0.041269 	0.052283 	 0.007092 
0.379119 	0.063640 	0.042129 	0.051652 	 0.006180 
0.385412 	0.057511 	0.037816 	0.050060 	 0.006270 
0.383750 	0.057923 	0.037839 	0.052855 	 0.006427 
0.389512 	0.050196 	0.033061 	0.046371 	 0.006244 
0.369699 	0.066466 	0.043832 	0.055270 	 0.007337 
0.363481 	0.077817 	0.051323 	0.062936 	 0.007785 
0.366881 	0.072352 	0.047177 	0.061346 	 0.006958 
0.380112 	0.060535 	0.039698 	0.050440 	 0.005817 
0.373583 	0.072063 	0.047721 	0.057824 	 0.006948 
0.372671 	0.062052 	0.040934 	0.051261 	 0.006610 
0.377238 	0.061912 	0.041325 	0.052266 	 0.007379 
0.362752 	0.069012 	0.044776 	0.059982 	 0.006910 
0.376033 	0.061510 	0.040728 	0.052811 	 0.007152 
0.370508 	0.064306 	0.042493 	0.053067 	 0.007190 
0.358457 	0.073575 	0.048239 	0.061913 	 0.008077 
0.374125 	0.067152 	0.044314 	0.056381 	 0.006698 
0.370074 	0.061047 	0.040529 	0.048085 	 0.006409 
0.375610 	0.066501 	0.043886 	0.055757 	 0.006955 
0.377024 	0.062550 	0.041218 	0.053492 	 0.006503 
0.356125 	0.078940 	0.052000 	0.065302 	 0.008927 
0.361314 	0.074354 	0.048980 	0.062397 	 0.008101 
0.360535 	0.067229 	0.044112 	0.058619 	 0.007088 
0.348620 	0.084906 	0.055600 	0.069796 	 0.008001 
0.355115 	0.076357 	0.049951 	0.064654 	 0.008054 
0.351749 	0.078709 	0.052490 	0.061791 	 0.008591 
0.358597 	0.068087 	0.045003 	0.057847 	 0.007926 
0.364090 	0.061860 	0.041464 	0.050083 	 0.007468 
0.351649 	0.068389 	0.045549 	0.056073 	 0.008252 
0.344680 	0.072768 	0.048130 	0.059549 	 0.008743 
0.365195 	0.064072 	0.042267 	0.054417 	 0.006964 
0.350198 	0.076587 	0.050358 	0.062873 	 0.008078 
0.350339 	0.074839 	0.049601 	0.059912 	 0.007955 
0.359871 	0.073161 	0.048528 	0.060229 	 0.008567 
0.342030 	0.081587 	0.053414 	0.067381 	 0.008788 
0.336048 	0.082704 	0.054133 	0.069258 	 0.009581 
0.336115 	0.078012 	0.051080 	0.064104 	 0.008474 
0.338504 	0.085485 	0.056454 	0.066681 	 0.009113 
0.340637 	0.081504 	0.053927 	0.065816 	 0.008873 
0.341557 	0.084231 	0.055629 	0.069116 	 0.009518 
0.331456 	0.079574 	0.052421 	0.064422 	 0.009115 
0.346701 	0.068163 	0.045188 	0.057457 	 0.007963 
0.333616 	0.093027 	0.061599 	0.072186 	 0.009569 
0.334842 	0.089890 	0.059366 	0.069046 	 0.008394 
0.332744 	0.089257 	0.058721 	0.072167 	 0.009478 
0.345445 	0.077475 	0.051581 	0.061518 	 0.008287 
0.326247 	0.092818 	0.060979 	0.073725 	 0.009228 
0.333233 	0.084482 	0.056212 	0.064980 	 0.009040 
0.325267 	0.087759 	0.057481 	0.071687 	 0.009428 
0.340447 	0.082945 	0.055145 	0.063752 	 0.008109 
0.324616 	0.097540 	0.064322 	0.076171 	 0.009760 
0.324490 	0.090903 	0.060053 	0.070629 	 0.009246 
0.332596 	0.084719 	0.056309 	0.065282 	 0.009123 
0.338678 	0.073890 	0.048860 	0.058444 	 0.008015 
0.319936 	0.091065 	0.060370 	0.068122 	 0.009076 
0.326558 	0.092313 	0.061268 	0.070265 	 0.009377 
0.335857 	0.083103 	0.054826 	0.067907 	 0.008941 
0.317424 	0.099642 	0.065829 	0.076007 	 0.009698 
0.316367 	0.097025 	0.064062 	0.074679 	 0.009960 
0.327346 	0.085547 	0.056906 	0.066028 	 0.008971 
0.324766 	0.089205 	0.059167 	0.070210 	 0.009306 
0.313486 	0.100298 	0.066429 	0.076251 	 0.009863 
0.328657 	0.087520 	0.058305 	0.067856 	 0.009591 
0.313654 	0.091751 	0.060602 	0.071657 	 0.010007 
0.329228 	0.084805 	0.056489 	0.065129 	 0.008985 
0.326776 	0.090976 	0.060553 	0.068468 	 0.009042 
0.316690 	0.093735 	0.062202 	0.072793 	 0.009681 
0.321463 	0.094774 	0.062871 	0.071970 	 0.009116 
0.322543 	0.088051 	0.058891 	0.065025 	 0.009172 
0.319239 	0.082801 	0.055205 	0.063147 	 0.009160 
0.325534 	0.085575 	0.057056 	0.066157 	 0.008856 
0.306012 	0.095840 	0.063525 	0.073806 	 0.010234 
0.308242 	0.105596 	0.070467 	0.077855 	 0.010847 
0.304228 	0.105445 	0.069832 	0.079497 	 0.010666 
0.314859 	0.099632 	0.066007 	0.076602 	 0.009973 
0.311484 	0.089931 	0.059368 	0.070082 	 0.009260 
0.322824 	0.089263 	0.059505 	0.067115 	 0.008950 
0.285942 	0.110165 	0.072982 	0.082428 	 0.011067 
0.309220 	0.092828 	0.062274 	0.068153 	 0.010059 
0.310079 	0.103331 	0.069003 	0.075433 	 0.010081 
0.297189 	0.111769 	0.074200 	0.083281 	 0.011557 
0.314102 	0.100823 	0.067217 	0.076180 	 0.009874 
0.310089 	0.099817 	0.066582 	0.074184 	 0.010651 
0.318955 	0.093416 	0.062478 	0.068994 	 0.009879 
0.309788 	0.094966 	0.063860 	0.068478 	 0.010152 
0.309633 	0.097266 	0.064607 	0.074129 	 0.010526 
0.301672 	0.098199 	0.065509 	0.073338 	 0.010728 
0.299402 	0.098632 	0.065548 	0.074385 	 0.010656 
0.288415 	0.115529 	0.076449 	0.087059 	 0.011730 
0.306050 	0.105440 	0.070049 	0.077568 	 0.010102 
0.308325 	0.103527 	0.069361 	0.074396 	 0.010063 
0.282345 	0.118102 	0.078050 	0.087422 	 0.011741 
0.291220 	0.115932 	0.076974 	0.087758 	 0.012051 
0.293300 	0.107159 	0.071042 	0.080976 	 0.011333 
0.292713 	0.102761 	0.068655 	0.074717 	 0.010507 
0.288778 	0.118325 	0.078726 	0.085034 	 0.011338 
0.295553 	0.102842 	0.068258 	0.078194 	 0.010389 
0.288983 	0.112853 	0.075310 	0.081250 	 0.011101 
0.281599 	0.111581 	0.074338 	0.081832 	 0.011519 
0.300811 	0.096030 	0.064421 	0.072224 	 0.010857 
0.286027 	0.117867 	0.078397 	0.087113 	 0.012311 
0.284635 	0.111670 	0.074344 	0.081045 	 0.011347 
0.281874 	0.116184 	0.077041 	0.087840 	 0.012536 
0.291029 	0.103141 	0.069042 	0.075823 	 0.011482 
0.289607 	0.109256 	0.072919 	0.078919 	 0.010813 
0.284376 	0.109107 	0.072853 	0.078052 	 0.010932 
0.293571 	0.109801 	0.073488 	0.079063 	 0.011132 
0.301799 	0.100431 	0.067551 	0.072446 	 0.010461 
0.268954 	0.122910 	0.081779 	0.090052 	 0.013051 
0.283617 	0.104081 	0.069652 	0.075299 	 0.011005 
0.260686 	0.127269 	0.084832 	0.091064 	 0.013567 
0.270816 	0.119650 	0.079938 	0.083838 	 0.012622 
0.267459 	0.122048 	0.081409 	0.085707 	 0.011901 
0.287913 	0.115240 	0.077166 	0.082446 	 0.011659 
0.293098 	0.104581 	0.070263 	0.073195 	 0.010371 
0.282009 	0.109865 	0.073761 	0.079125 	 0.012153 
0.281774 	0.107333 	0.071892 	0.077911 	 0.011933 
0.286107 	0.107683 	0.072320 	0.076788 	 0.011477 
0.274223 	0.125842 	0.083993 	0.090996 	 0.012798 
0.286855 	0.117774 	0.079144 	0.081547 	 0.011886 
0.270154 	0.117859 	0.078841 	0.083852 	 0.012368 
0.280643 	0.116363 	0.077587 	0.086108 	 0.011769 
0.276842 	0.111610 	0.074480 	0.080957 	 0.011447 
0.278232 	0.113930 	0.076240 	0.082413 	 0.011903 
0.281623 	0.113222 	0.076347 	0.078787 	 0.011914 
0.271915 	0.120489 	0.080481 	0.087692 	 0.012009 
0.284649 	0.111917 	0.075699 	0.076340 	 0.011517 
0.285516 	0.104866 	0.070913 	0.073644 	 0.010883 
0.276782 	0.109615 	0.073607 	0.078908 	 0.011736 
0.280274 	0.112122 	0.075206 	0.081322 	 0.011988 
0.285248 	0.101185 	0.068345 	0.069807 	 0.010698 
0.277058 	0.106496 	0.071089 	0.079662 	 0.011674 
0.263681 	0.120460 	0.080883 	0.084701 	 0.012199 
0.282562 	0.107323 	0.072548 	0.073182 	 0.011332 
0.287770 	0.101130 	0.068556 	0.068876 	 0.010489 
0.280562 	0.113103 	0.076539 	0.074982 	 0.010962 
0.284954 	0.108773 	0.073496 	0.074387 	 0.011047 
0.287048 	0.104699 	0.070657 	0.073525 	 0.011032 
0.277277 	0.114529 	0.077258 	0.079105 	 0.011599 
0.278166 	0.112633 	0.075848 	0.078892 	 0.011682 
0.274344 	0.107825 	0.073054 	0.073093 	 0.011802 
0.265779 	0.116381 	0.078398 	0.078990 	 0.011960 
0.267030 	0.121591 	0.081723 	0.082762 	 0.011888 
0.264719 	0.129371 	0.086814 	0.088689 	 0.012266 
0.283837 	0.109653 	0.074070 	0.075751 	 0.011310 
0.259623 	0.131912 	0.088382 	0.091888 	 0.013137 
0.269973 	0.109946 	0.074271 	0.074328 	 0.011456 
0.266015 	0.127861 	0.085871 	0.089190 	 0.012686 
0.274226 	0.120200 	0.080757 	0.083808 	 0.011427 
0.264827 	0.121993 	0.081995 	0.083564 	 0.011826 
0.266554 	0.117214 	0.079099 	0.079345 	 0.011624 
0.271050 	0.121663 	0.082475 	0.080570 	 0.011652 
0.266308 	0.121109 	0.081956 	0.081288 	 0.012106 
0.270844 	0.115127 	0.078066 	0.075761 	 0.011759 
0.252776 	0.136308 	0.091540 	0.093600 	 0.013209 
0.271461 	0.112654 	0.075808 	0.078568 	 0.011039 
0.249196 	0.137665 	0.092566 	0.092134 	 0.012683 
0.264080 	0.123411 	0.083175 	0.084320 	 0.011798 
0.259338 	0.129106 	0.087275 	0.085543 	 0.012126 
0.251186 	0.133796 	0.090164 	0.092162 	 0.013377 
0.263810 	0.126862 	0.085791 	0.084736 	 0.012115 
0.256873 	0.122106 	0.082256 	0.084541 	 0.012690 
0.253894 	0.120585 	0.081621 	0.081432 	 0.012558 
0.257259 	0.118922 	0.080576 	0.079707 	 0.012087 
0.250008 	0.127289 	0.085837 	0.085046 	 0.012479 
0.256787 	0.120239 	0.081387 	0.079706 	 0.011917 
0.254382 	0.126471 	0.085305 	0.089430 	 0.013277 
0.257821 	0.125139 	0.084954 	0.081984 	 0.011815 
0.249476 	0.128546 	0.087111 	0.085317 	 0.012833 
0.243009 	0.135573 	0.090793 	0.096133 	 0.013298 
0.249454 	0.135843 	0.092341 	0.085751 	 0.012482 
0.249969 	0.128137 	0.086640 	0.083663 	 0.012092 
0.240239 	0.134823 	0.091247 	0.088445 	 0.013725 
0.242961 	0.134149 	0.090451 	0.090588 	 0.012926 
0.229426 	0.144714 	0.097363 	0.096556 	 0.013698 
0.239857 	0.131732 	0.089191 	0.085415 	 0.012872 
0.237709 	0.140782 	0.095584 	0.091393 	 0.013885 
0.240252 	0.139570 	0.094537 	0.091826 	 0.013113 
0.245031 	0.130059 	0.088207 	0.086118 	 0.012979 
0.234845 	0.143152 	0.096656 	0.097135 	 0.014179 
0.245240 	0.125586 	0.085404 	0.081246 	 0.012742 
0.248308 	0.125779 	0.085646 	0.081364 	 0.013001 
0.231861 	0.134314 	0.090988 	0.087694 	 0.013281 
0.228710 	0.132736 	0.089676 	0.085975 	 0.012777 
0.243926 	0.123401 	0.084450 	0.078034 	 0.012540 
0.241605 	0.139396 	0.094497 	0.088930 	 0.012924 
0.234103 	0.132725 	0.090617 	0.084150 	 0.013065 
0.227316 	0.133338 	0.090342 	0.088671 	 0.013565 
0.233057 	0.140307 	0.094857 	0.091914 	 0.012877 
0.238165 	0.134347 	0.091604 	0.085103 	 0.012964 
0.217300 	0.145984 	0.098855 	0.094827 	 0.014365 
0.232652 	0.127643 	0.087280 	0.081166 	 0.012947 
0.213053 	0.146633 	0.099633 	0.092610 	 0.014284 
0.217428 	0.143675 	0.097325 	0.092399 	 0.013728 
0.220444 	0.148692 	0.100971 	0.094733 	 0.013737 
0.229034 	0.138271 	0.094213 	0.086828 	 0.013081 
0.218921 	0.143675 	0.097504 	0.091519 	 0.013250 
0.217702 	0.151476 	0.102774 	0.098160 	 0.014344 
0.219806 	0.152715 	0.103653 	0.100159 	 0.014817 
0.215028 	0.155647 	0.105344 	0.102227 	 0.014476 
0.207928 	0.151877 	0.102793 	0.098485 	 0.014703 
0.210275 	0.145306 	0.098925 	0.091959 	 0.014803 
0.215764 	0.144664 	0.097619 	0.096753 	 0.013925 
0.211352 	0.144023 	0.098026 	0.092042 	 0.014295 
0.208623 	0.148769 	0.101095 	0.095294 	 0.014738 
0.215309 	0.145633 	0.099269 	0.092242 	 0.014311 
0.211871 	0.148900 	0.101466 	0.092671 	 0.013977 
0.216533 	0.145216 	0.099292 	0.090792 	 0.014257 
0.189290 	0.157995 	0.107560 	0.097598 	 0.015394 
0.193291 	0.156686 	0.106144 	0.099890 	 0.015321 
0.195763 	0.161892 	0.109448 	0.104316 	 0.015858 
0.215059 	0.141243 	0.096579 	0.087562 	 0.013736 
0.211741 	0.148018 	0.101015 	0.091058 	 0.013670 
0.188061 	0.166181 	0.111918 	0.108084 	 0.014968 
0.193769 	0.157368 	0.107371 	0.098006 	 0.015628 
0.195678 	0.157935 	0.107391 	0.098444 	 0.014120 
0.191849 	0.164515 	0.111366 	0.103799 	 0.015060 
0.213961 	0.147362 	0.100843 	0.093640 	 0.014802 
0.198825 	0.155105 	0.105997 	0.094472 	 0.014616 
0.202728 	0.146356 	0.100200 	0.089086 	 0.013732 
0.202225 	0.155427 	0.106128 	0.095520 	 0.014838 
0.190275 	0.162483 	0.110151 	0.101985 	 0.014846 
0.191574 	0.164424 	0.112194 	0.101294 	 0.015210 
0.189867 	0.151359 	0.103293 	0.094724 	 0.015232 
0.194607 	0.161496 	0.110488 	0.098005 	 0.014994 
0.210345 	0.149106 	0.102551 	0.088757 	 0.013706 
0.182304 	0.174225 	0.118086 	0.108741 	 0.015966 
0.184392 	0.163106 	0.111534 	0.098214 	 0.015746 
0.182683 	0.164012 	0.111309 	0.104425 	 0.015647 
0.178103 	0.173487 	0.118448 	0.106293 	 0.016496 
0.183964 	0.167458 	0.113924 	0.105489 	 0.015741 
0.182561 	0.158572 	0.108133 	0.098015 	 0.015342 
0.183899 	0.169410 	0.115158 	0.104502 	 0.015479 
0.185604 	0.162810 	0.110435 	0.101987 	 0.014605 
0.179667 	0.168622 	0.114844 	0.104198 	 0.016391 
0.182473 	0.160609 	0.109684 	0.095519 	 0.014737 
0.186793 	0.157705 	0.107795 	0.093397 	 0.014600 
0.189563 	0.165952 	0.113199 	0.102004 	 0.015159 
0.189426 	0.157468 	0.107667 	0.095228 	 0.015219 
0.197811 	0.149580 	0.102825 	0.089902 	 0.013946 
0.170267 	0.168148 	0.114617 	0.102728 	 0.015893 
0.188470 	0.153832 	0.105860 	0.092346 	 0.015212 
0.173800 	0.171661 	0.116576 	0.108023 	 0.016014 
0.178895 	0.174575 	0.119241 	0.106390 	 0.016320 
0.185916 	0.157804 	0.108044 	0.095410 	 0.015199 
0.186833 	0.170959 	0.116915 	0.102705 	 0.015454 
0.179711 	0.167764 	0.114817 	0.101621 	 0.015884 
0.181192 	0.164415 	0.112196 	0.100132 	 0.014859 
0.184886 	0.166836 	0.114186 	0.100334 	 0.015369 
0.168143 	0.175437 	0.119921 	0.105104 	 0.016191 
0.170187 	0.184266 	0.125222 	0.114381 	 0.016483 
0.178329 	0.159959 	0.109440 	0.097592 	 0.015420 
0.186361 	0.158828 	0.109162 	0.093882 	 0.014311 
0.167732 	0.176211 	0.120380 	0.105511 	 0.016435 
0.179808 	0.164478 	0.112765 	0.099511 	 0.015459 
0.175370 	0.171408 	0.117558 	0.103540 	 0.016413 
0.175685 	0.161330 	0.110574 	0.095987 	 0.015653 
0.181441 	0.150010 	0.103155 	0.089792 	 0.014612 
0.155871 	0.184357 	0.125555 	0.114157 	 0.018034 
0.183926 	0.167741 	0.115290 	0.101231 	 0.015358 
0.174347 	0.166624 	0.114412 	0.098313 	 0.015913 
0.160740 	0.188948 	0.128690 	0.116334 	 0.016790 
0.179099 	0.160452 	0.110632 	0.092568 	 0.015109 
0.169059 	0.179636 	0.122833 	0.109952 	 0.016471 
0.183555 	0.171039 	0.117037 	0.103655 	 0.015573 
0.174445 	0.173761 	0.119401 	0.102102 	 0.015709 
0.186605 	0.157243 	0.108613 	0.090936 	 0.014597 
0.177113 	0.169177 	0.116350 	0.102456 	 0.016376 
0.165140 	0.175848 	0.120614 	0.104887 	 0.016334 
0.185755 	0.168354 	0.115890 	0.099915 	 0.015019 
0.171551 	0.176290 	0.120747 	0.105215 	 0.015751 
0.198686 	0.148446 	0.103354 	0.085654 	 0.014223 
0.180901 	0.170298 	0.117461 	0.099253 	 0.015476 
0.183610 	0.166573 	0.115263 	0.096177 	 0.015359 
0.164821 	0.180773 	0.123923 	0.108507 	 0.016367 
0.182061 	0.170471 	0.117603 	0.099008 	 0.015325 
0.173544 	0.160246 	0.110660 	0.092939 	 0.014821 
0.176240 	0.164327 	0.112880 	0.100192 	 0.015616 
0.169373 	0.175347 	0.120455 	0.103020 	 0.015520 
0.181725 	0.159012 	0.110228 	0.091523 	 0.014686 
0.165828 	0.185149 	0.127109 	0.107742 	 0.016075 
0.172879 	0.172044 	0.118784 	0.099411 	 0.015982 
0.165235 	0.177212 	0.121885 	0.104526 	 0.016545 
0.169339 	0.167652 	0.115337 	0.098283 	 0.014882 
0.165259 	0.174532 	0.119772 	0.102281 	 0.015441 
0.176666 	0.171911 	0.119107 	0.097071 	 0.015574 
0.176767 	0.166613 	0.114809 	0.098831 	 0.014978 
0.182951 	0.160766 	0.111220 	0.093530 	 0.014745 
0.166407 	0.165612 	0.114298 	0.097035 	 0.015220 
0.177676 	0.157893 	0.109479 	0.089969 	 0.014566 
0.178338 	0.168777 	0.117409 	0.093012 	 0.015015 
0.174019 	0.168177 	0.116812 	0.094444 	 0.015664 
0.171929 	0.160442 	0.111495 	0.090929 	 0.015237 
0.162796 	0.181542 	0.125194 	0.104525 	 0.015510 
0.161666 	0.179452 	0.123830 	0.104428 	 0.016609 
0.173939 	0.171646 	0.119021 	0.098129 	 0.015742 
0.174783 	0.170917 	0.118537 	0.098508 	 0.015843 
0.173449 	0.171688 	0.119053 	0.098321 	 0.015984 
0.155748 	0.177951 	0.122902 	0.103184 	 0.016526 
0.159155 	0.186059 	0.128208 	0.108777 	 0.016590 
0.167957 	0.173756 	0.120886 	0.096274 	 0.015899 
0.188075 	0.165112 	0.114997 	0.093245 	 0.014973 
0.173355 	0.164264 	0.114285 	0.093026 	 0.015044 
0.173728 	0.175083 	0.121615 	0.098036 	 0.015813 
0.173628 	0.168738 	0.117552 	0.094301 	 0.015727 
0.163825 	0.176950 	0.122485 	0.101084 	 0.015974 
0.175473 	0.171901 	0.119426 	0.097714 	 0.015393 
0.167129 	0.168845 	0.117584 	0.093404 	 0.015278 
0.157416 	0.180956 	0.125271 	0.103596 	 0.016308 
0.185515 	0.161752 	0.112964 	0.089843 	 0.014537 
0.173857 	0.170629 	0.119070 	0.096146 	 0.015309 
0.169572 	0.167979 	0.116835 	0.095450 	 0.015742 
0.165250 	0.165899 	0.115422 	0.094957 	 0.015833 
0.164937 	0.163255 	0.113755 	0.090133 	 0.015435 
0.163215 	0.167333 	0.116487 	0.092292 	 0.015245 
0.159239 	0.174966 	0.122124 	0.094773 	 0.015762 
0.175722 	0.161859 	0.113362 	0.088973 	 0.015412 
0.158165 	0.179875 	0.124807 	0.101996 	 0.016317 
0.156925 	0.184417 	0.128107 	0.103627 	 0.016430 
0.154267 	0.175127 	0.121966 	0.096949 	 0.015730 
0.150534 	0.181011 	0.125363 	0.104448 	 0.016471 
0.154408 	0.179912 	0.125091 	0.101867 	 0.016557 
0.150133 	0.183459 	0.127054 	0.106718 	 0.016700 
0.152768 	0.179703 	0.125310 	0.101021 	 0.016922 
0.141801 	0.176292 	0.122817 	0.097705 	 0.016809 
0.152071 	0.187535 	0.130050 	0.107285 	 0.017138 
0.143848 	0.187828 	0.130714 	0.102296 	 0.016504 
0.153940 	0.184389 	0.128064 	0.103795 	 0.016481 
0.148119 	0.180112 	0.125276 	0.103220 	 0.016288 
0.149883 	0.184646 	0.128510 	0.102819 	 0.016539 
0.146517 	0.185990 	0.129301 	0.104883 	 0.016742 
0.144996 	0.188289 	0.130691 	0.105011 	 0.016589 
0.137000 	0.193464 	0.134132 	0.110746 	 0.017504 
0.146422 	0.192106 	0.133628 	0.107357 	 0.017380 
0.176287 	0.171729 	0.120649 	0.091099 	 0.015021 
0.150992 	0.184521 	0.128601 	0.102144 	 0.016693 
0.152718 	0.187435 	0.130790 	0.103651 	 0.016711 
0.145963 	0.184459 	0.128509 	0.102476 	 0.016635 
0.141302 	0.192517 	0.134279 	0.106878 	 0.017347 
0.157745 	0.172031 	0.120716 	0.092254 	 0.015729 
0.141200 	0.187317 	0.130760 	0.101844 	 0.017190 
0.138002 	0.188833 	0.131897 	0.102438 	 0.017120 
0.141466 	0.190331 	0.132775 	0.103258 	 0.016987 
0.144353 	0.185747 	0.129371 	0.103274 	 0.016464 
0.150696 	0.181122 	0.126786 	0.098830 	 0.016314 
0.136223 	0.195556 	0.135825 	0.109788 	 0.017586 
0.140398 	0.180648 	0.126455 	0.099106 	 0.016940 
0.136600 	0.196935 	0.137558 	0.108008 	 0.017904 
0.146064 	0.183486 	0.128342 	0.100219 	 0.016738 
0.143981 	0.178479 	0.124359 	0.100779 	 0.016259 
0.128950 	0.187744 	0.130904 	0.101649 	 0.017270 
0.137800 	0.180428 	0.126530 	0.098185 	 0.017391 
0.142609 	0.184663 	0.129213 	0.098526 	 0.016753 
0.146698 	0.177950 	0.124356 	0.096582 	 0.015582 
0.149507 	0.175862 	0.123959 	0.092524 	 0.016141 
0.136456 	0.182786 	0.128381 	0.096393 	 0.016615 
0.137981 	0.176825 	0.124117 	0.096759 	 0.016972 
0.121756 	0.199604 	0.139112 	0.110128 	 0.018240 
0.142388 	0.184048 	0.129173 	0.099065 	 0.016618 
0.136875 	0.187055 	0.131123 	0.099527 	 0.017169 
0.131040 	0.199977 	0.139337 	0.110483 	 0.017076 
0.131500 	0.188332 	0.132119 	0.100865 	 0.017150 
0.131688 	0.195476 	0.136909 	0.104543 	 0.017545 
0.137746 	0.187806 	0.131778 	0.100339 	 0.016713 
0.142499 	0.179666 	0.126841 	0.092401 	 0.016499 
0.121542 	0.192363 	0.134603 	0.102907 	 0.017396 
0.130382 	0.188843 	0.132907 	0.098708 	 0.017148 
0.118228 	0.191651 	0.134251 	0.104617 	 0.017863 
0.137239 	0.176698 	0.125109 	0.090672 	 0.016854 
0.141878 	0.168553 	0.119778 	0.084929 	 0.015509 
0.135123 	0.187545 	0.131992 	0.099466 	 0.017440 
0.133288 	0.187301 	0.132161 	0.095988 	 0.017148 
0.127699 	0.190714 	0.134175 	0.101661 	 0.017530 
0.130521 	0.186611 	0.131498 	0.096981 	 0.016658 
0.132116 	0.192339 	0.135559 	0.100590 	 0.017238 
0.121914 	0.186829 	0.131684 	0.099529 	 0.017582 
0.121231 	0.196158 	0.137559 	0.105205 	 0.017895 
0.134759 	0.182471 	0.128891 	0.094877 	 0.016648 
0.132399 	0.193915 	0.136926 	0.099838 	 0.017281 
0.129317 	0.186301 	0.131747 	0.096125 	 0.017396 
0.135939 	0.188409 	0.132736 	0.099629 	 0.016697 
0.121620 	0.194340 	0.137260 	0.096892 	 0.017593 
0.120841 	0.197072 	0.138479 	0.105267 	 0.018216 
0.118190 	0.200598 	0.141208 	0.105640 	 0.018277 
0.129429 	0.176526 	0.125622 	0.087068 	 0.016528 
0.114779 	0.195135 	0.137603 	0.101280 	 0.017950 
0.123560 	0.190785 	0.134507 	0.099943 	 0.017102 
0.114604 	0.193412 	0.136450 	0.098550 	 0.017764 
0.111180 	0.201858 	0.141642 	0.107635 	 0.018773 
0.122642 	0.187520 	0.132685 	0.095739 	 0.017116 
0.125874 	0.187082 	0.132554 	0.096078 	 0.017455 
0.116095 	0.192138 	0.135987 	0.096413 	 0.017261 
0.110323 	0.191098 	0.134966 	0.098748 	 0.018046 
0.120033 	0.189927 	0.134209 	0.096817 	 0.016928 
0.110432 	0.206549 	0.145379 	0.107857 	 0.018662 
0.117980 	0.190534 	0.134675 	0.096130 	 0.016719 
0.110284 	0.195156 	0.137432 	0.101495 	 0.017838 
0.124751 	0.191048 	0.135335 	0.096920 	 0.017076 
0.115908 	0.194470 	0.137072 	0.099641 	 0.017363 
0.112905 	0.188541 	0.133548 	0.094737 	 0.017344 
0.117527 	0.191726 	0.135597 	0.099816 	 0.017722 
0.118382 	0.199164 	0.139941 	0.106920 	 0.017634 
0.121714 	0.184622 	0.131466 	0.092635 	 0.017169 
0.116412 	0.195023 	0.137898 	0.098278 	 0.017378 
0.127024 	0.178964 	0.127306 	0.091913 	 0.017557 
0.122510 	0.204132 	0.144259 	0.104607 	 0.017204 
0.110080 	0.204806 	0.144198 	0.106872 	 0.017770 
0.097356 	0.204306 	0.143720 	0.107285 	 0.018784 
0.107672 	0.194218 	0.137808 	0.099474 	 0.018266 
0.127109 	0.184497 	0.131805 	0.089232 	 0.016502 
0.100243 	0.201376 	0.142228 	0.104964 	 0.018341 
0.115313 	0.194110 	0.138150 	0.097489 	 0.017973 
0.100643 	0.199364 	0.140902 	0.103206 	 0.018315 
0.099574 	0.206098 	0.145364 	0.107426 	 0.018613 
0.117654 	0.195984 	0.139361 	0.097690 	 0.017662 
0.095943 	0.198094 	0.140269 	0.101787 	 0.018462 
0.101708 	0.197320 	0.139984 	0.099172 	 0.017912 
0.100345 	0.200000 	0.141646 	0.101826 	 0.017956 
0.105597 	0.199479 	0.141605 	0.100380 	 0.017947 
0.103640 	0.196358 	0.139763 	0.097765 	 0.017995 
0.098700 	0.198125 	0.140857 	0.100186 	 0.018049 
0.108026 	0.203221 	0.144162 	0.103905 	 0.018762 
0.104628 	0.210688 	0.148975 	0.110981 	 0.019065 
0.100729 	0.209938 	0.148851 	0.104683 	 0.018885 
0.108799 	0.200385 	0.142373 	0.100372 	 0.017627 
0.090799 	0.211666 	0.149621 	0.108801 	 0.018933 
0.109012 	0.196234 	0.139974 	0.096647 	 0.017587 
0.078600 	0.213013 	0.150547 	0.112500 	 0.020950 
0.094249 	0.212545 	0.150242 	0.108824 	 0.019223 
0.096853 	0.200085 	0.142279 	0.100089 	 0.018410 
0.113729 	0.187788 	0.134216 	0.092839 	 0.016861 
0.108042 	0.192971 	0.137820 	0.093985 	 0.017570 
0.084427 	0.205089 	0.145067 	0.104731 	 0.018878 
0.090857 	0.200145 	0.141765 	0.104016 	 0.019013 
0.095456 	0.207194 	0.146532 	0.108195 	 0.018900 
0.101679 	0.197867 	0.140850 	0.099582 	 0.018164 
0.099864 	0.206049 	0.146579 	0.100920 	 0.018327 
0.086488 	0.211977 	0.150309 	0.107401 	 0.019159 
0.088889 	0.207183 	0.146950 	0.106895 	 0.019613 
0.101836 	0.195532 	0.139847 	0.097563 	 0.018784 
0.100565 	0.193951 	0.138876 	0.094327 	 0.018608 
0.096045 	0.190825 	0.136555 	0.093480 	 0.017957 
0.087854 	0.210303 	0.149381 	0.105162 	 0.018785 
0.089452 	0.210598 	0.149768 	0.106732 	 0.019337 
0.083083 	0.203014 	0.144742 	0.101328 	 0.019381 
0.106558 	0.189628 	0.136332 	0.091470 	 0.017887 
0.097244 	0.197864 	0.141921 	0.094954 	 0.018322 
0.089361 	0.205541 	0.146372 	0.104162 	 0.019045 
0.102476 	0.196014 	0.140605 	0.094433 	 0.017734 
0.090487 	0.203821 	0.145731 	0.100426 	 0.019254 
0.076249 	0.225778 	0.159461 	0.117630 	 0.019812 
0.092783 	0.202235 	0.144088 	0.103206 	 0.019245 
0.088685 	0.195154 	0.139616 	0.096162 	 0.018571 
0.092932 	0.201338 	0.143981 	0.098729 	 0.018509 
0.098660 	0.205889 	0.146746 	0.105588 	 0.019335 
0.096411 	0.206421 	0.147431 	0.101309 	 0.018483 
0.091015 	0.208109 	0.148595 	0.104925 	 0.019256 
0.100397 	0.203989 	0.146451 	0.099195 	 0.019158 
0.072926 	0.222707 	0.158099 	0.113049 	 0.020068 
0.087691 	0.200965 	0.144166 	0.095596 	 0.018351 
0.098326 	0.198425 	0.142862 	0.094586 	 0.018606 
0.089733 	0.203184 	0.145795 	0.098599 	 0.018838 
0.099485 	0.192869 	0.139048 	0.093475 	 0.018319 
0.083954 	0.200539 	0.144367 	0.095845 	 0.019229 
0.087779 	0.207612 	0.148517 	0.103349 	 0.019982 
0.097241 	0.191154 	0.137921 	0.090989 	 0.018226 
0.076307 	0.217461 	0.154968 	0.110131 	 0.019918 
0.095064 	0.199881 	0.144126 	0.095772 	 0.018759 
0.087884 	0.202935 	0.145813 	0.098021 	 0.018697 
0.094822 	0.185389 	0.134389 	0.086437 	 0.018449 
0.091086 	0.199867 	0.143764 	0.096445 	 0.018459 
0.075944 	0.213641 	0.152667 	0.107246 	 0.019556 
0.107014 	0.185555 	0.134985 	0.083869 	 0.017069 
0.085751 	0.196653 	0.141802 	0.091796 	 0.017842 
0.091236 	0.197296 	0.142404 	0.092596 	 0.018307 
0.091133 	0.190012 	0.137302 	0.088549 	 0.017607 
0.090178 	0.197455 	0.142558 	0.091145 	 0.018125 
0.076304 	0.205956 	0.148162 	0.096846 	 0.018706 
0.092046 	0.195012 	0.141288 	0.089998 	 0.017946 
0.074345 	0.221833 	0.158835 	0.107748 	 0.019667 
0.075331 	0.218559 	0.156271 	0.106792 	 0.019303 
0.091336 	0.198876 	0.143571 	0.093849 	 0.018210 
0.069738 	0.216658 	0.155368 	0.106307 	 0.020294 
0.097983 	0.194788 	0.141303 	0.090474 	 0.017820 
0.089214 	0.189976 	0.138038 	0.086863 	 0.018107 
0.082347 	0.208248 	0.149954 	0.101767 	 0.019734 
0.071827 	0.221575 	0.158862 	0.108068 	 0.020174 
0.079939 	0.211392 	0.152226 	0.101221 	 0.019467 
0.065611 	0.211592 	0.151412 	0.104743 	 0.019600 
0.086386 	0.194754 	0.140641 	0.092985 	 0.018369 
0.061444 	0.213456 	0.153681 	0.102390 	 0.020745 
0.072125 	0.217726 	0.156701 	0.104304 	 0.020670 
0.080893 	0.208028 	0.149803 	0.101601 	 0.019304 
0.067107 	0.219414 	0.157418 	0.107360 	 0.020523 
0.077964 	0.205701 	0.148805 	0.095891 	 0.019506 
0.080602 	0.208936 	0.150658 	0.100121 	 0.019764 
0.082174 	0.199807 	0.144989 	0.091738 	 0.018612 
0.079362 	0.205334 	0.148417 	0.096610 	 0.019073 
0.081668 	0.205984 	0.149025 	0.096861 	 0.019428 
0.069642 	0.208178 	0.150084 	0.100268 	 0.019758 
0.091061 	0.196050 	0.142662 	0.091040 	 0.018738 
0.068124 	0.213693 	0.154194 	0.102837 	 0.020263 
0.065427 	0.218239 	0.157761 	0.101305 	 0.020738 
0.060142 	0.226113 	0.162305 	0.110662 	 0.020864 
0.072874 	0.211705 	0.153058 	0.100288 	 0.019808 
0.068677 	0.221069 	0.159555 	0.104584 	 0.020603 
0.069233 	0.216166 	0.156167 	0.101981 	 0.020547 
0.079049 	0.199297 	0.145015 	0.092996 	 0.019244 
0.065796 	0.214616 	0.154664 	0.103050 	 0.020565 
0.069313 	0.211527 	0.153240 	0.097828 	 0.019303 
0.083208 	0.201397 	0.146568 	0.092208 	 0.018964 
0.054169 	0.218841 	0.157368 	0.107201 	 0.020856 
0.053844 	0.218454 	0.157465 	0.103212 	 0.020835 
0.068194 	0.210968 	0.153176 	0.097408 	 0.020471 
0.075600 	0.215981 	0.156481 	0.100659 	 0.020090 
0.079178 	0.205969 	0.150031 	0.093986 	 0.019598 
0.067195 	0.206696 	0.150167 	0.093502 	 0.018984 
0.064118 	0.220440 	0.159492 	0.105158 	 0.020737 
0.070802 	0.209147 	0.151732 	0.099272 	 0.020358 
0.078469 	0.199023 	0.145659 	0.086966 	 0.018813 
0.072615 	0.205898 	0.149516 	0.096025 	 0.019340 
0.066061 	0.213840 	0.155234 	0.098602 	 0.020295 
0.068714 	0.214056 	0.154947 	0.100407 	 0.020020 
0.063194 	0.219343 	0.158743 	0.102303 	 0.020595 
0.057212 	0.224246 	0.162066 	0.107015 	 0.021327 
0.077056 	0.210037 	0.153191 	0.094872 	 0.019939 
0.070214 	0.207879 	0.151684 	0.094189 	 0.020263 
0.063757 	0.223758 	0.161822 	0.107198 	 0.020793 
0.051335 	0.222932 	0.161346 	0.105653 	 0.021615 
0.059494 	0.216354 	0.156800 	0.103492 	 0.020547 
0.074929 	0.206949 	0.150948 	0.095370 	 0.019662 
0.071446 	0.215514 	0.156995 	0.097771 	 0.019979 
0.066730 	0.216750 	0.157852 	0.098973 	 0.020415 
0.075847 	0.221979 	0.161333 	0.102543 	 0.020037 
0.052800 	0.237573 	0.170928 	0.115620 	 0.021628 
0.076297 	0.211829 	0.154636 	0.097636 	 0.020041 
0.066705 	0.218104 	0.158716 	0.101328 	 0.020553 
0.066718 	0.202965 	0.148606 	0.091681 	 0.020015 
0.050753 	0.226603 	0.163986 	0.107125 	 0.021359 
0.061620 	0.211650 	0.154100 	0.094880 	 0.019722 
0.072871 	0.201162 	0.147809 	0.088562 	 0.019805 
0.085571 	0.193752 	0.143052 	0.082348 	 0.018548 
0.076400 	0.200930 	0.147739 	0.088182 	 0.018975 
0.087091 	0.203919 	0.150100 	0.091315 	 0.019823 
0.063350 	0.225498 	0.164140 	0.104374 	 0.021333 
0.080371 	0.211864 	0.154968 	0.095586 	 0.019663 
0.064198 	0.224917 	0.163213 	0.107043 	 0.020755 
0.059930 	0.216933 	0.158412 	0.097940 	 0.021486 
0.061687 	0.218198 	0.158828 	0.100293 	 0.020404 
0.071698 	0.215214 	0.157056 	0.099400 	 0.020824 
0.068936 	0.221169 	0.161322 	0.102255 	 0.020667 
0.073322 	0.216307 	0.157982 	0.099446 	 0.020410 
0.062895 	0.218805 	0.159717 	0.101245 	 0.021493 
0.067573 	0.223722 	0.162944 	0.103796 	 0.020861 
0.079263 	0.210028 	0.154093 	0.095441 	 0.019679 
0.068025 	0.220753 	0.161210 	0.104727 	 0.021358 
0.077212 	0.213657 	0.156739 	0.096151 	 0.020009 
0.067970 	0.223345 	0.162716 	0.105372 	 0.020851 
0.063062 	0.219610 	0.160563 	0.101120 	 0.021198 
0.065082 	0.221791 	0.161817 	0.103606 	 0.020461 
0.072480 	0.217524 	0.159287 	0.100536 	 0.020756 
0.058888 	0.229470 	0.167022 	0.109505 	 0.022326 
0.076860 	0.214923 	0.157265 	0.101872 	 0.020977 
0.066705 	0.213378 	0.156958 	0.096206 	 0.021343 
0.072779 	0.208936 	0.153927 	0.093166 	 0.020839 
0.063508 	0.229956 	0.167531 	0.109719 	 0.021560 
0.405867 	0.008750 	0.007045 	-0.000722 	 0.002253 
0.408385 	0.008051 	0.006067 	0.004768 	 0.002570 
0.410447 	0.029484 	0.019387 	0.032141 	 0.005057 
0.406726 	0.030566 	0.019720 	0.034715 	 0.004235 
0.427207 	0.020709 	0.014505 	0.021761 	 0.003000 
0.394658 	0.046490 	0.030665 	0.042317 	 0.005250 
0.409097 	0.034783 	0.023329 	0.032961 	 0.004392 
0.427652 	0.014643 	0.009921 	0.021085 	 0.002728 
0.385274 	0.058069 	0.038275 	0.050496 	 0.006733 
0.395668 	0.043757 	0.028983 	0.038703 	 0.004903 
0.390212 	0.045901 	0.030139 	0.042811 	 0.005026 
0.393511 	0.040359 	0.026663 	0.036786 	 0.004239 
0.371186 	0.064871 	0.042636 	0.054663 	 0.006932 
0.387279 	0.033004 	0.021796 	0.034397 	 0.005765 
0.392354 	0.048530 	0.032290 	0.040792 	 0.004704 
0.387710 	0.048815 	0.031854 	0.043798 	 0.004696 
0.361482 	0.070710 	0.046459 	0.058744 	 0.007656 
0.387646 	0.047170 	0.030823 	0.043918 	 0.005510 
0.381276 	0.039509 	0.026133 	0.036239 	 0.005390 
0.384141 	0.048086 	0.031719 	0.044684 	 0.006126 
0.382542 	0.043289 	0.028549 	0.040271 	 0.005092 
0.368836 	0.048546 	0.031977 	0.042402 	 0.005632 
0.378943 	0.039464 	0.025981 	0.036118 	 0.004679 
0.371940 	0.052456 	0.034763 	0.045545 	 0.006063 
0.388871 	0.031120 	0.020715 	0.029915 	 0.003744 
0.366185 	0.051194 	0.034099 	0.044974 	 0.006840 
0.369168 	0.056003 	0.036528 	0.050190 	 0.006203 
0.380046 	0.048582 	0.032104 	0.042789 	 0.005314 
0.358481 	0.067655 	0.044289 	0.058080 	 0.007825 
0.366809 	0.050738 	0.033155 	0.047819 	 0.006540 
0.368115 	0.050465 	0.033519 	0.045974 	 0.006506 
0.364857 	0.055606 	0.036856 	0.049633 	 0.006908 
0.371287 	0.043914 	0.029215 	0.039555 	 0.005546 
0.359241 	0.053608 	0.035321 	0.046868 	 0.006316 
0.350972 	0.061799 	0.040581 	0.053835 	 0.007351 
0.344803 	0.074629 	0.048706 	0.064322 	 0.008541 
0.344643 	0.062092 	0.040976 	0.053224 	 0.007234 
0.344927 	0.069913 	0.046227 	0.058411 	 0.008048 
0.345501 	0.068575 	0.044950 	0.058070 	 0.007225 
0.348741 	0.064634 	0.043223 	0.051993 	 0.007078 
0.336456 	0.070167 	0.046559 	0.055972 	 0.007616 
0.338860 	0.069857 	0.046289 	0.058895 	 0.007703 
0.339086 	0.065879 	0.043175 	0.056487 	 0.007055 
0.327211 	0.067728 	0.044784 	0.056479 	 0.008504 
0.348357 	0.059462 	0.039676 	0.048320 	 0.006599 
0.333694 	0.072566 	0.048192 	0.058133 	 0.007700 
0.334410 	0.066717 	0.044610 	0.054477 	 0.008304 
0.333030 	0.074749 	0.049393 	0.059204 	 0.007240 
0.332424 	0.068893 	0.045682 	0.057034 	 0.008130 
0.322930 	0.080444 	0.052834 	0.066218 	 0.008683 
0.335762 	0.073278 	0.049190 	0.057572 	 0.008630 
0.321486 	0.079504 	0.052827 	0.061493 	 0.008894 
0.311286 	0.088558 	0.058431 	0.070101 	 0.009117 
0.315549 	0.078388 	0.051950 	0.061073 	 0.009011 
0.311769 	0.091040 	0.060562 	0.068579 	 0.009601 
0.324264 	0.067888 	0.045012 	0.055687 	 0.007848 
0.329010 	0.073864 	0.049183 	0.058343 	 0.008017 
0.331695 	0.069709 	0.046073 	0.059801 	 0.007765 
0.325846 	0.075684 	0.050429 	0.057911 	 0.007577 
0.308545 	0.085244 	0.056525 	0.066144 	 0.009300 
0.313107 	0.081065 	0.053742 	0.063729 	 0.009276 
0.307491 	0.080746 	0.053337 	0.063058 	 0.008606 
0.311826 	0.081795 	0.054127 	0.065496 	 0.009091 
0.302969 	0.080881 	0.052930 	0.065394 	 0.008114 
0.319895 	0.074100 	0.049667 	0.056697 	 0.007999 
0.304603 	0.086024 	0.056794 	0.065967 	 0.008346 
0.307462 	0.082018 	0.054504 	0.063401 	 0.008874 
0.298838 	0.103324 	0.068609 	0.077489 	 0.009972 
0.299113 	0.098199 	0.064937 	0.075697 	 0.010088 
0.303579 	0.085445 	0.056921 	0.065695 	 0.009660 
0.298822 	0.091841 	0.061141 	0.069488 	 0.009278 
0.296159 	0.092593 	0.061674 	0.069272 	 0.010045 
0.296821 	0.086855 	0.057891 	0.067296 	 0.009758 
0.305408 	0.080591 	0.053304 	0.063680 	 0.008801 
0.302111 	0.085008 	0.057061 	0.063541 	 0.009516 
0.298648 	0.090443 	0.060257 	0.068466 	 0.009793 
0.299750 	0.089389 	0.059235 	0.069252 	 0.008994 
0.282850 	0.101486 	0.067579 	0.074928 	 0.011213 
0.288759 	0.099034 	0.065816 	0.071911 	 0.009693 
0.288642 	0.104734 	0.069224 	0.077866 	 0.009838 
0.282018 	0.097926 	0.065019 	0.073922 	 0.010063 
0.288441 	0.092349 	0.061863 	0.066133 	 0.009521 
0.286543 	0.095952 	0.063971 	0.070575 	 0.009725 
0.297696 	0.086428 	0.057944 	0.063474 	 0.009420 
0.296513 	0.088747 	0.059543 	0.066052 	 0.009602 
0.291204 	0.092209 	0.061301 	0.069235 	 0.008851 
0.291488 	0.089371 	0.060104 	0.065603 	 0.009897 
0.288316 	0.097138 	0.065223 	0.068317 	 0.009896 
0.282911 	0.105249 	0.070218 	0.076605 	 0.010599 
0.283761 	0.101096 	0.067382 	0.074662 	 0.010278 
0.284432 	0.094141 	0.063075 	0.069754 	 0.010096 
0.283515 	0.105149 	0.070236 	0.075488 	 0.010099 
0.278953 	0.102842 	0.068764 	0.073836 	 0.010010 
0.284634 	0.096830 	0.064628 	0.068980 	 0.009003 
0.273698 	0.106237 	0.070913 	0.075331 	 0.010564 
0.287035 	0.083923 	0.056446 	0.060603 	 0.009211 
0.275443 	0.109293 	0.073118 	0.078746 	 0.010895 
0.275553 	0.098122 	0.065356 	0.071539 	 0.009666 
0.270180 	0.111994 	0.074695 	0.080114 	 0.010752 
0.285685 	0.092733 	0.062497 	0.066391 	 0.009369 
0.269575 	0.106548 	0.071323 	0.075420 	 0.010502 
0.274998 	0.103035 	0.068720 	0.075108 	 0.010172 
0.271029 	0.104998 	0.069947 	0.077524 	 0.010654 
0.280481 	0.091248 	0.060964 	0.068583 	 0.009632 
0.277407 	0.104278 	0.070443 	0.072211 	 0.010532 
0.269690 	0.101338 	0.068316 	0.070550 	 0.010711 
0.274405 	0.106401 	0.071474 	0.075378 	 0.010124 
0.257423 	0.116609 	0.078009 	0.082954 	 0.011563 
0.266312 	0.111500 	0.074519 	0.079390 	 0.010506 
0.262229 	0.104867 	0.070670 	0.073345 	 0.010567 
0.278863 	0.101454 	0.068107 	0.070740 	 0.009921 
0.270025 	0.101950 	0.068448 	0.074100 	 0.010823 
0.265004 	0.110856 	0.074579 	0.077517 	 0.011280 
0.273332 	0.096913 	0.065094 	0.067575 	 0.009367 
0.259767 	0.107281 	0.072620 	0.072645 	 0.010958 
0.255633 	0.110606 	0.074256 	0.076928 	 0.011081 
0.257308 	0.118943 	0.080106 	0.080193 	 0.011447 
0.238468 	0.128232 	0.085817 	0.087730 	 0.011815 
0.256992 	0.110837 	0.074647 	0.075691 	 0.010776 
0.259909 	0.100466 	0.067814 	0.068437 	 0.010690 
0.253591 	0.120261 	0.080691 	0.083021 	 0.011069 
0.263693 	0.106112 	0.071650 	0.072969 	 0.010220 
0.257353 	0.104680 	0.070600 	0.071218 	 0.009979 
0.245973 	0.121637 	0.081950 	0.079144 	 0.010845 
0.254789 	0.117745 	0.079183 	0.076824 	 0.010373 
0.269585 	0.102724 	0.070148 	0.064588 	 0.009267 
0.263205 	0.110402 	0.075248 	0.069827 	 0.010117 
0.260655 	0.106164 	0.071413 	0.073759 	 0.009963 
0.235634 	0.127002 	0.085127 	0.085112 	 0.011494 
0.261890 	0.119501 	0.080499 	0.079993 	 0.010175 
0.247551 	0.112833 	0.076636 	0.072416 	 0.011026 
0.255888 	0.117765 	0.080007 	0.075741 	 0.010677 
0.244643 	0.120387 	0.081419 	0.078001 	 0.010984 
0.225648 	0.133046 	0.089395 	0.087900 	 0.012182 
0.242938 	0.117981 	0.079340 	0.079947 	 0.010903 
0.238899 	0.126048 	0.084716 	0.083136 	 0.011075 
0.236993 	0.126420 	0.085457 	0.080020 	 0.011278 
0.248461 	0.121427 	0.082094 	0.080556 	 0.011162 
0.240679 	0.122712 	0.082865 	0.082023 	 0.011599 
0.245734 	0.121480 	0.082594 	0.076067 	 0.010805 
0.220862 	0.133079 	0.089642 	0.086283 	 0.012189 
0.230457 	0.133001 	0.089788 	0.085990 	 0.011933 
0.232760 	0.124616 	0.084051 	0.083351 	 0.011647 
0.232661 	0.122308 	0.082418 	0.079510 	 0.010862 
0.239836 	0.115418 	0.078278 	0.074118 	 0.010911 
0.227087 	0.134726 	0.091285 	0.084858 	 0.012066 
0.232109 	0.129323 	0.088027 	0.081404 	 0.012163 
0.227586 	0.137158 	0.092638 	0.088024 	 0.011787 
0.240318 	0.108417 	0.073969 	0.066291 	 0.009541 
0.237469 	0.117545 	0.080239 	0.075238 	 0.011369 
0.228022 	0.134918 	0.091148 	0.088795 	 0.012406 
0.218695 	0.131363 	0.088900 	0.083514 	 0.012091 
0.214241 	0.136020 	0.091536 	0.089226 	 0.012530 
0.233423 	0.132191 	0.089774 	0.081904 	 0.011279 
0.217266 	0.137273 	0.092848 	0.088110 	 0.012227 
0.223012 	0.123491 	0.083855 	0.076464 	 0.011083 
0.209100 	0.150320 	0.101542 	0.095497 	 0.013207 
0.212278 	0.139126 	0.094108 	0.086218 	 0.012073 
0.206517 	0.138565 	0.094040 	0.086042 	 0.012911 
0.212344 	0.145626 	0.098859 	0.091180 	 0.012925 
0.220341 	0.128779 	0.088097 	0.076844 	 0.012006 
0.203109 	0.141893 	0.096019 	0.087909 	 0.012608 
0.204984 	0.155412 	0.105299 	0.096770 	 0.013599 
0.218931 	0.134795 	0.091520 	0.083884 	 0.012258 
0.210634 	0.142544 	0.097235 	0.086534 	 0.012980 
0.204828 	0.138472 	0.094081 	0.085986 	 0.012602 
0.197557 	0.153972 	0.104356 	0.094412 	 0.013235 
0.209122 	0.135202 	0.091835 	0.086134 	 0.012944 
0.208056 	0.145753 	0.099275 	0.087315 	 0.012378 
0.199487 	0.148077 	0.100262 	0.092343 	 0.012831 
0.209357 	0.135865 	0.092539 	0.080689 	 0.011175 
0.199319 	0.147529 	0.100346 	0.090055 	 0.013228 
0.204920 	0.144391 	0.098141 	0.089064 	 0.013037 
0.186579 	0.165464 	0.111848 	0.103223 	 0.013967 
0.193149 	0.155804 	0.105684 	0.096026 	 0.013811 
0.194205 	0.142898 	0.097416 	0.083998 	 0.012281 
0.198305 	0.147569 	0.100418 	0.088217 	 0.012998 
0.190166 	0.152044 	0.103247 	0.094810 	 0.013824 
0.208069 	0.143364 	0.098078 	0.085141 	 0.012317 
0.192885 	0.147262 	0.100283 	0.090244 	 0.013631 
0.192014 	0.143521 	0.097729 	0.086158 	 0.012571 
0.187559 	0.153613 	0.104957 	0.090273 	 0.013581 
0.181711 	0.155358 	0.105239 	0.093969 	 0.013469 
0.199442 	0.139902 	0.095897 	0.082884 	 0.012645 
0.190567 	0.148886 	0.101350 	0.090287 	 0.012531 
0.189307 	0.150264 	0.102844 	0.087142 	 0.013170 
0.187872 	0.153177 	0.104242 	0.092180 	 0.013164 
0.185081 	0.148323 	0.101368 	0.087350 	 0.013446 
0.180511 	0.166590 	0.113341 	0.099789 	 0.014027 
0.185648 	0.153371 	0.104551 	0.091224 	 0.012962 
0.170567 	0.170797 	0.116077 	0.103838 	 0.015462 
0.181870 	0.157437 	0.107345 	0.093102 	 0.013179 
0.177544 	0.166927 	0.113848 	0.098222 	 0.014416 
0.189082 	0.147344 	0.100775 	0.085634 	 0.012059 
0.184791 	0.153548 	0.105096 	0.087877 	 0.012527 
0.174534 	0.170275 	0.115978 	0.103334 	 0.014925 
0.178692 	0.160334 	0.109460 	0.093585 	 0.013401 
0.178228 	0.152882 	0.104349 	0.090133 	 0.012951 
0.162879 	0.161129 	0.110186 	0.095253 	 0.014793 
0.173899 	0.161513 	0.110711 	0.092583 	 0.013546 
0.158976 	0.174943 	0.118577 	0.106163 	 0.014665 
0.166752 	0.166659 	0.114093 	0.095729 	 0.013825 
0.164555 	0.166022 	0.113377 	0.098098 	 0.014455 
0.189104 	0.152639 	0.105045 	0.084868 	 0.012191 
0.176870 	0.154314 	0.106042 	0.087720 	 0.012850 
0.168663 	0.157789 	0.108215 	0.090016 	 0.013534 
0.166541 	0.162174 	0.110796 	0.094595 	 0.013861 
0.170806 	0.164628 	0.112767 	0.094921 	 0.013788 
0.165023 	0.166808 	0.114337 	0.095568 	 0.014028 
0.171673 	0.160972 	0.110305 	0.093521 	 0.013485 
0.171102 	0.172005 	0.117294 	0.101139 	 0.014034 
0.172299 	0.156205 	0.107534 	0.086988 	 0.013715 
0.161102 	0.171940 	0.117797 	0.099221 	 0.014862 
0.162369 	0.155155 	0.106576 	0.086873 	 0.012951 
0.162378 	0.172883 	0.118630 	0.098624 	 0.013914 
0.166715 	0.163785 	0.111912 	0.095165 	 0.013570 
0.156087 	0.166510 	0.113733 	0.095527 	 0.013597 
0.161157 	0.168318 	0.115256 	0.098198 	 0.014471 
0.155227 	0.171035 	0.117024 	0.099493 	 0.014574 
0.151468 	0.172579 	0.118487 	0.097314 	 0.014568 
0.145674 	0.176480 	0.120522 	0.102890 	 0.014959 
0.166860 	0.170006 	0.117084 	0.095322 	 0.014117 
0.171275 	0.158760 	0.109291 	0.090765 	 0.013168 
0.157749 	0.176346 	0.121078 	0.099137 	 0.014057 
0.146080 	0.180150 	0.123342 	0.102559 	 0.015033 
0.140552 	0.186682 	0.127773 	0.109203 	 0.016012 
0.149166 	0.180881 	0.124031 	0.101030 	 0.014877 
0.147379 	0.176428 	0.121185 	0.099896 	 0.014662 
0.148052 	0.175635 	0.120242 	0.099767 	 0.014268 
0.141351 	0.182051 	0.124935 	0.101748 	 0.014617 
0.149177 	0.180248 	0.123658 	0.102200 	 0.014546 
0.142310 	0.178097 	0.122059 	0.101494 	 0.014819 
0.159945 	0.160411 	0.111033 	0.086366 	 0.013720 
0.147182 	0.178980 	0.122789 	0.101561 	 0.014805 
0.158929 	0.164659 	0.113713 	0.086969 	 0.012839 
0.148821 	0.170473 	0.117674 	0.093507 	 0.014042 
0.142596 	0.176046 	0.121023 	0.097138 	 0.014647 
0.148792 	0.171630 	0.118462 	0.091380 	 0.013805 
0.152894 	0.177454 	0.122542 	0.097558 	 0.014408 
0.154385 	0.170428 	0.117426 	0.093151 	 0.013864 
0.146836 	0.180010 	0.123760 	0.099362 	 0.014596 
0.141784 	0.187534 	0.128777 	0.106610 	 0.015292 
0.150022 	0.168973 	0.116822 	0.092614 	 0.013899 
0.148399 	0.172624 	0.119818 	0.092324 	 0.014649 
0.145375 	0.179020 	0.123391 	0.101015 	 0.014502 
0.139429 	0.182941 	0.126156 	0.102280 	 0.015148 
0.127648 	0.194530 	0.133416 	0.108169 	 0.015435 
0.144558 	0.170494 	0.118343 	0.092761 	 0.014465 
0.151640 	0.169671 	0.117758 	0.090284 	 0.013793 
0.132992 	0.189234 	0.130081 	0.104025 	 0.014928 
0.126662 	0.180841 	0.124883 	0.097907 	 0.014967 
0.148776 	0.174779 	0.121211 	0.090834 	 0.013676 
0.133418 	0.176737 	0.122193 	0.094034 	 0.014180 
0.131729 	0.173740 	0.120478 	0.091215 	 0.014361 
0.132309 	0.180468 	0.124845 	0.096725 	 0.014821 
0.148378 	0.177278 	0.122445 	0.097358 	 0.013967 
0.123917 	0.198428 	0.136726 	0.106387 	 0.015615 
0.146762 	0.177462 	0.122855 	0.093902 	 0.013547 
0.139444 	0.179822 	0.124454 	0.095629 	 0.013978 
0.131512 	0.179515 	0.124825 	0.093167 	 0.014878 
0.127763 	0.181695 	0.125791 	0.096188 	 0.014646 
0.147759 	0.159102 	0.111305 	0.080673 	 0.013312 
0.123489 	0.180989 	0.124502 	0.100210 	 0.014611 
0.125040 	0.189042 	0.130895 	0.098345 	 0.014870 
0.127728 	0.188031 	0.130158 	0.101061 	 0.015197 
0.127953 	0.190429 	0.131517 	0.104713 	 0.014970 
0.132764 	0.177585 	0.123329 	0.093079 	 0.013888 
0.125438 	0.190460 	0.132007 	0.101214 	 0.015278 
0.125676 	0.197782 	0.136914 	0.105956 	 0.015487 
0.130799 	0.170298 	0.118739 	0.088459 	 0.014060 
0.123352 	0.189284 	0.131486 	0.097891 	 0.015031 
0.128171 	0.179251 	0.124754 	0.092175 	 0.014363 
0.128520 	0.186278 	0.129690 	0.096294 	 0.015154 
0.137959 	0.180873 	0.125899 	0.094975 	 0.014728 
0.120978 	0.188266 	0.130337 	0.100047 	 0.015505 
0.102871 	0.195916 	0.135650 	0.103097 	 0.016039 
0.116667 	0.197880 	0.137262 	0.103262 	 0.015606 
0.120180 	0.187813 	0.130645 	0.095967 	 0.014976 
0.114028 	0.203749 	0.141265 	0.107038 	 0.015972 
0.110627 	0.194476 	0.134551 	0.103366 	 0.015696 
0.127807 	0.186409 	0.129683 	0.097039 	 0.014499 
0.126353 	0.191527 	0.133294 	0.100202 	 0.015230 
0.134143 	0.172837 	0.121049 	0.086859 	 0.014120 
0.124006 	0.189625 	0.131566 	0.098931 	 0.014416 
0.103730 	0.201295 	0.139973 	0.104260 	 0.015933 
0.110628 	0.196069 	0.136376 	0.100584 	 0.015398 
0.119114 	0.190251 	0.132817 	0.096360 	 0.015026 
0.123193 	0.191635 	0.133857 	0.097483 	 0.014709 
0.122058 	0.191991 	0.133848 	0.101090 	 0.014859 
0.119840 	0.188463 	0.131175 	0.099830 	 0.015120 
0.111600 	0.184527 	0.128975 	0.093309 	 0.015044 
0.120760 	0.184565 	0.129086 	0.091063 	 0.014448 
0.103863 	0.183704 	0.127981 	0.094794 	 0.014798 
0.122079 	0.190018 	0.132836 	0.097469 	 0.014609 
0.118677 	0.190572 	0.133076 	0.095373 	 0.014661 
0.101603 	0.207633 	0.144067 	0.111125 	 0.016580 
0.102959 	0.193768 	0.135163 	0.098066 	 0.015954 
0.099359 	0.202453 	0.141234 	0.104532 	 0.016749 
0.104039 	0.200328 	0.139438 	0.103388 	 0.015852 
0.113468 	0.193221 	0.135079 	0.097255 	 0.015215 
0.106487 	0.198550 	0.138228 	0.103200 	 0.015779 
0.116809 	0.184600 	0.129602 	0.090180 	 0.014427 
0.121472 	0.177039 	0.124253 	0.086402 	 0.013170 
0.101840 	0.204763 	0.142865 	0.104522 	 0.016093 
0.105225 	0.198752 	0.138753 	0.100423 	 0.015669 
0.109701 	0.189989 	0.133362 	0.093358 	 0.014923 
0.106511 	0.193399 	0.135363 	0.096757 	 0.015258 
0.102475 	0.203528 	0.141951 	0.105015 	 0.016229 
0.117040 	0.179688 	0.126556 	0.086650 	 0.014252 
0.113988 	0.192325 	0.134758 	0.094836 	 0.014828 
0.097438 	0.202977 	0.141397 	0.103207 	 0.015647 
0.104365 	0.196711 	0.137982 	0.096772 	 0.015354 
0.116441 	0.183703 	0.128965 	0.090763 	 0.014329 
0.095201 	0.187043 	0.131924 	0.088244 	 0.015323 
0.102861 	0.200839 	0.140268 	0.103682 	 0.015786 
0.093820 	0.205631 	0.143468 	0.104382 	 0.015992 
0.091971 	0.205021 	0.143173 	0.105319 	 0.016116 
0.107416 	0.184388 	0.129829 	0.089018 	 0.014206 
0.111710 	0.179960 	0.127286 	0.086235 	 0.014616 
0.097863 	0.201246 	0.140773 	0.099927 	 0.014898 
0.098613 	0.191255 	0.134703 	0.091812 	 0.015169 
0.102011 	0.189635 	0.133530 	0.090948 	 0.014445 
0.097802 	0.205013 	0.143342 	0.104176 	 0.016210 
0.101608 	0.198722 	0.139505 	0.098440 	 0.016011 
0.095891 	0.192454 	0.135755 	0.090659 	 0.014967 
0.101210 	0.199185 	0.140006 	0.100079 	 0.016054 
0.094742 	0.197132 	0.138532 	0.096077 	 0.015445 
0.085069 	0.209038 	0.146139 	0.105507 	 0.016821 
0.098285 	0.201926 	0.142331 	0.098311 	 0.016455 
0.095136 	0.198227 	0.139502 	0.096518 	 0.016200 
0.100343 	0.203212 	0.143055 	0.096611 	 0.015300 
0.094069 	0.195292 	0.137607 	0.093541 	 0.015392 
0.099108 	0.198804 	0.139726 	0.097895 	 0.015212 
0.108400 	0.185590 	0.131583 	0.086199 	 0.014531 
0.099704 	0.191636 	0.135318 	0.092334 	 0.015232 
0.094210 	0.202065 	0.142411 	0.097847 	 0.015691 
0.099374 	0.189882 	0.134177 	0.090993 	 0.015140 
0.092600 	0.199312 	0.140613 	0.095122 	 0.015500 
0.092627 	0.202794 	0.142551 	0.099694 	 0.015471 
0.103096 	0.182826 	0.130012 	0.086082 	 0.015511 
0.091297 	0.202509 	0.142829 	0.097204 	 0.016004 
0.108440 	0.188785 	0.133725 	0.089684 	 0.014114 
0.088914 	0.195355 	0.138088 	0.092593 	 0.015522 
0.089794 	0.189332 	0.134179 	0.089050 	 0.015294 
0.093192 	0.189261 	0.134225 	0.088242 	 0.015321 
0.099249 	0.192912 	0.136624 	0.089606 	 0.015074 
0.085951 	0.201395 	0.142178 	0.095817 	 0.015432 
0.111141 	0.189299 	0.134320 	0.088790 	 0.014204 
0.083581 	0.206962 	0.145994 	0.097914 	 0.015839 
0.093614 	0.193214 	0.136897 	0.090606 	 0.015377 
0.098872 	0.190361 	0.135838 	0.084422 	 0.015097 
0.089425 	0.199086 	0.141246 	0.091108 	 0.015456 
0.073101 	0.214991 	0.151123 	0.106153 	 0.016886 
0.086128 	0.205259 	0.144859 	0.097929 	 0.015585 
0.097677 	0.198433 	0.140633 	0.090753 	 0.014852 
0.079291 	0.203812 	0.144182 	0.095605 	 0.015884 
0.096931 	0.199083 	0.141270 	0.093100 	 0.015588 
0.081656 	0.201949 	0.142670 	0.096340 	 0.016158 
0.085292 	0.213272 	0.150246 	0.102251 	 0.016138 
0.079673 	0.209398 	0.147575 	0.100974 	 0.016156 
0.083773 	0.206452 	0.145969 	0.098702 	 0.015727 
0.095693 	0.198111 	0.140613 	0.093133 	 0.014707 
0.087304 	0.199549 	0.141795 	0.091892 	 0.015485 
0.093101 	0.196785 	0.140939 	0.087852 	 0.015945 
0.084182 	0.199313 	0.141524 	0.094387 	 0.016300 
0.077301 	0.213862 	0.150819 	0.105089 	 0.016514 
0.077383 	0.208140 	0.147402 	0.098732 	 0.016008 
0.082339 	0.209728 	0.148637 	0.099046 	 0.016011 
0.085515 	0.203788 	0.145173 	0.091205 	 0.015679 
0.082073 	0.209724 	0.148636 	0.098119 	 0.015964 
0.087369 	0.200184 	0.142629 	0.089849 	 0.014900 
0.094744 	0.189998 	0.135812 	0.085291 	 0.014375 
0.087927 	0.204485 	0.145558 	0.092544 	 0.015517 
0.083287 	0.207917 	0.147721 	0.096991 	 0.015632 
0.076417 	0.206980 	0.146815 	0.097172 	 0.015720 
0.091128 	0.200201 	0.142932 	0.090975 	 0.015349 
0.096126 	0.191011 	0.136954 	0.085919 	 0.015136 
0.081506 	0.198666 	0.142141 	0.085286 	 0.015241 
0.070932 	0.211060 	0.150458 	0.096334 	 0.016880 
0.078042 	0.204636 	0.145641 	0.093204 	 0.015519 
0.078764 	0.213269 	0.151031 	0.101332 	 0.015509 
0.084196 	0.199937 	0.142805 	0.088608 	 0.014900 
0.062707 	0.214593 	0.151893 	0.099687 	 0.016216 
0.081714 	0.205246 	0.146445 	0.093876 	 0.015734 
0.081244 	0.196077 	0.140231 	0.090250 	 0.015176 
0.072230 	0.215220 	0.152832 	0.101350 	 0.017012 
0.067852 	0.222755 	0.157909 	0.104567 	 0.017168 
0.088147 	0.202631 	0.144904 	0.092606 	 0.015990 
0.082043 	0.201838 	0.144134 	0.090337 	 0.015168 
0.063017 	0.221096 	0.156817 	0.105033 	 0.017143 
0.087008 	0.199973 	0.143421 	0.086364 	 0.014469 
0.082567 	0.200612 	0.143680 	0.090225 	 0.015575 
0.066605 	0.226103 	0.159935 	0.108776 	 0.016853 
0.077471 	0.211147 	0.150486 	0.096472 	 0.015346 
0.071364 	0.208168 	0.148825 	0.093240 	 0.015950 
0.069398 	0.206281 	0.147448 	0.094205 	 0.015945 
0.063743 	0.222778 	0.158623 	0.105152 	 0.017543 
0.065104 	0.220374 	0.156851 	0.101452 	 0.016538 
0.073672 	0.211167 	0.151176 	0.093287 	 0.015868 
0.079837 	0.205524 	0.147236 	0.091209 	 0.015447 
0.062674 	0.221119 	0.157165 	0.105414 	 0.017653 
0.080062 	0.201546 	0.145170 	0.086274 	 0.015868 
0.061251 	0.225294 	0.160220 	0.104391 	 0.017228 
0.064663 	0.213052 	0.152730 	0.094377 	 0.017290 
0.076544 	0.205827 	0.147578 	0.092736 	 0.015977 
0.066973 	0.213186 	0.152049 	0.097480 	 0.016520 
0.066269 	0.219208 	0.156222 	0.099551 	 0.016191 
0.087289 	0.196957 	0.142175 	0.085611 	 0.015466 
0.072886 	0.211709 	0.152072 	0.092041 	 0.016326 
0.079024 	0.195205 	0.140438 	0.082718 	 0.013840 
0.065662 	0.216196 	0.154533 	0.099372 	 0.017116 
0.061307 	0.213241 	0.152889 	0.095609 	 0.016336 
0.071140 	0.203493 	0.146403 	0.088554 	 0.015403 
0.084044 	0.193479 	0.139726 	0.083193 	 0.014798 
0.059304 	0.221359 	0.158361 	0.100187 	 0.016798 
0.081083 	0.203282 	0.146503 	0.088495 	 0.015301 
0.073383 	0.205054 	0.147986 	0.087616 	 0.016118 
0.072938 	0.211001 	0.151910 	0.092421 	 0.015989 
0.068752 	0.200454 	0.145578 	0.082303 	 0.016687 
0.061900 	0.218302 	0.156623 	0.096904 	 0.016202 
0.083775 	0.200192 	0.144927 	0.083984 	 0.015294 
0.069702 	0.215537 	0.154741 	0.095439 	 0.015415 
0.070645 	0.197038 	0.142836 	0.081800 	 0.014903 
0.071107 	0.216092 	0.155133 	0.093924 	 0.015687 
0.067609 	0.213607 	0.153924 	0.092752 	 0.016446 
0.065533 	0.221620 	0.158839 	0.100744 	 0.016763 
0.082007 	0.196854 	0.143016 	0.079865 	 0.014555 
0.073129 	0.203101 	0.147370 	0.084965 	 0.015733 
0.069488 	0.200423 	0.145106 	0.084608 	 0.015255 
0.053820 	0.214633 	0.154492 	0.093778 	 0.016231 
0.058267 	0.214066 	0.153645 	0.095926 	 0.016293 
0.063845 	0.205996 	0.148941 	0.088427 	 0.015827 
0.063989 	0.205144 	0.148157 	0.089016 	 0.015070 
0.067083 	0.205691 	0.148970 	0.086537 	 0.015897 
0.071249 	0.201792 	0.146376 	0.084466 	 0.015212 
0.079199 	0.202718 	0.147318 	0.083930 	 0.015733 
0.081927 	0.207283 	0.150132 	0.087322 	 0.015506 
0.071733 	0.202116 	0.146432 	0.086814 	 0.015091 
0.074429 	0.201207 	0.146687 	0.079929 	 0.015300 
0.067261 	0.216673 	0.156650 	0.090335 	 0.015815 
0.060668 	0.211542 	0.153015 	0.089384 	 0.015680 
0.081053 	0.197602 	0.144198 	0.081564 	 0.015550 
0.056406 	0.218115 	0.157507 	0.093244 	 0.016403 
0.072979 	0.207141 	0.150232 	0.087136 	 0.015228 
0.073926 	0.206732 	0.149974 	0.086486 	 0.014841 
0.077049 	0.204471 	0.148917 	0.084993 	 0.015921 
0.063941 	0.219325 	0.158419 	0.095220 	 0.016334 
0.075571 	0.200963 	0.146513 	0.081914 	 0.015488 
0.079335 	0.196461 	0.143392 	0.081392 	 0.015621 
0.074610 	0.206071 	0.149949 	0.086533 	 0.016090 
0.062550 	0.216646 	0.156716 	0.093937 	 0.016016 
0.076624 	0.195463 	0.143141 	0.077372 	 0.014972 
0.068282 	0.207778 	0.151636 	0.083201 	 0.016135 
0.055738 	0.207085 	0.150972 	0.083216 	 0.016372 
0.084617 	0.194719 	0.142764 	0.076941 	 0.014388 
0.065527 	0.206798 	0.150416 	0.087544 	 0.015561 
0.061498 	0.223856 	0.161976 	0.095582 	 0.016563 
0.063837 	0.210262 	0.152708 	0.089304 	 0.015730 
0.062394 	0.207191 	0.150780 	0.085204 	 0.015415 
0.072563 	0.203994 	0.148955 	0.083484 	 0.015444 
0.053343 	0.217228 	0.157842 	0.092916 	 0.017345 
0.053641 	0.210586 	0.153482 	0.088019 	 0.016771 
0.071095 	0.207836 	0.152330 	0.082675 	 0.016178 
0.053975 	0.233285 	0.167839 	0.106402 	 0.017683 
0.059694 	0.203101 	0.148513 	0.083762 	 0.016059 
0.082657 	0.201183 	0.147855 	0.078991 	 0.015264 
0.071139 	0.201199 	0.147655 	0.080687 	 0.015855 
0.067549 	0.218081 	0.158523 	0.092010 	 0.015795 
0.085269 	0.197009 	0.145089 	0.076262 	 0.014518 
0.050870 	0.227273 	0.164871 	0.096865 	 0.017247 
0.078599 	0.206224 	0.151495 	0.079625 	 0.014911 
0.062691 	0.214822 	0.156482 	0.091524 	 0.016953 
0.079877 	0.210737 	0.154054 	0.087231 	 0.015484 
0.058023 	0.214514 	0.157038 	0.085475 	 0.016709 
0.057926 	0.213636 	0.156275 	0.087436 	 0.016692 
0.063626 	0.217713 	0.158684 	0.092533 	 0.016491 
0.060681 	0.213944 	0.156091 	0.091021 	 0.016563 
0.058981 	0.207605 	0.151947 	0.086038 	 0.016251 
0.056233 	0.211152 	0.154329 	0.088087 	 0.016760 
0.065854 	0.215693 	0.157701 	0.087911 	 0.016223 
0.078951 	0.198467 	0.147130 	0.073704 	 0.015287 
0.075652 	0.213940 	0.156768 	0.087607 	 0.015710 
0.071792 	0.212009 	0.155373 	0.086883 	 0.015901 
0.079327 	0.199340 	0.147167 	0.077578 	 0.015046 
0.080071 	0.191282 	0.142314 	0.070318 	 0.014998 
0.075425 	0.204943 	0.151012 	0.080054 	 0.015687 
0.079804 	0.192287 	0.143069 	0.070597 	 0.015216 
0.088830 	0.193643 	0.143788 	0.074033 	 0.014409 
0.076296 	0.209967 	0.154319 	0.086658 	 0.016604 
0.084370 	0.188622 	0.140340 	0.072596 	 0.014993 
0.082129 	0.202378 	0.149953 	0.078000 	 0.015364 
0.074919 	0.209861 	0.154646 	0.083321 	 0.015895 
0.070637 	0.205013 	0.151777 	0.079845 	 0.016315 
0.075449 	0.207101 	0.152827 	0.084439 	 0.016750 
0.094026 	0.195546 	0.145721 	0.073092 	 0.014681 
0.072334 	0.206280 	0.152116 	0.081700 	 0.015959 
0.079952 	0.195845 	0.145862 	0.073408 	 0.015712 
0.079718 	0.193610 	0.144220 	0.072489 	 0.015367 
0.088558 	0.199993 	0.148634 	0.074092 	 0.014108 
0.096973 	0.197219 	0.146625 	0.074647 	 0.014320 
0.086489 	0.187252 	0.139942 	0.067968 	 0.013853 
0.080655 	0.197783 	0.146942 	0.076561 	 0.015683 
0.071200 	0.211930 	0.156577 	0.084543 	 0.016528 
0.074588 	0.204151 	0.151824 	0.076723 	 0.015430 
0.082509 	0.207590 	0.153787 	0.081610 	 0.015715 
0.084612 	0.194767 	0.145410 	0.071611 	 0.014504 
0.098003 	0.188100 	0.141553 	0.064812 	 0.013947 
0.094133 	0.194449 	0.145143 	0.070762 	 0.014344 
0.088248 	0.197209 	0.147542 	0.073286 	 0.015346 
0.098552 	0.180892 	0.136673 	0.062510 	 0.014072 
0.087032 	0.201558 	0.150135 	0.076913 	 0.014208 
0.073182 	0.214651 	0.158752 	0.084972 	 0.016450 
0.105326 	0.186752 	0.140577 	0.066551 	 0.013476 
0.085618 	0.197480 	0.147754 	0.074705 	 0.015712 
0.076175 	0.203351 	0.151964 	0.076032 	 0.015711 
0.093924 	0.189309 	0.142445 	0.068152 	 0.014632 
0.086813 	0.199888 	0.149876 	0.074543 	 0.015835 
0.083067 	0.200062 	0.149486 	0.075710 	 0.015354 
0.089073 	0.204161 	0.152058 	0.080925 	 0.015561 
0.086076 	0.192647 	0.144748 	0.070836 	 0.015138 
0.097057 	0.181478 	0.137660 	0.063124 	 0.014337 
0.087955 	0.202738 	0.151941 	0.074828 	 0.015633 
0.078492 	0.204798 	0.152821 	0.076784 	 0.015350 
0.097497 	0.189470 	0.143336 	0.067498 	 0.014374 
0.100515 	0.187316 	0.141667 	0.068581 	 0.014925 
0.090153 	0.204925 	0.153253 	0.077599 	 0.015305 
0.086225 	0.203964 	0.152443 	0.076298 	 0.015222 
0.098369 	0.186958 	0.141871 	0.063381 	 0.014060 
0.087616 	0.198131 	0.149191 	0.071198 	 0.015472 
0.092433 	0.199891 	0.150116 	0.072940 	 0.015050 
0.103792 	0.183047 	0.139388 	0.061999 	 0.014617 
0.100815 	0.182212 	0.138758 	0.062191 	 0.014650 
0.105458 	0.185205 	0.141215 	0.059812 	 0.013968 
0.088259 	0.199508 	0.150076 	0.072720 	 0.015180 
0.111102 	0.171690 	0.132241 	0.053182 	 0.013586 
0.091339 	0.198596 	0.149053 	0.076092 	 0.015426 
0.108385 	0.187619 	0.142531 	0.063610 	 0.013567 
0.088680 	0.207897 	0.155212 	0.081121 	 0.015624 
0.097691 	0.192274 	0.145661 	0.066553 	 0.014160 
0.100575 	0.194593 	0.147315 	0.070019 	 0.014464 
0.096338 	0.192571 	0.145552 	0.068545 	 0.014148 
0.106056 	0.187750 	0.142729 	0.064834 	 0.013605 
0.105900 	0.189648 	0.144114 	0.064300 	 0.013606 
0.102600 	0.184878 	0.140853 	0.063741 	 0.013762 
0.108507 	0.189677 	0.144759 	0.063503 	 0.014057 
0.109279 	0.176770 	0.136417 	0.054004 	 0.013799 
0.090173 	0.204609 	0.153351 	0.077881 	 0.014803 
0.104093 	0.195064 	0.147684 	0.072689 	 0.015643 
0.073860 	0.215151 	0.161229 	0.081870 	 0.016349 
0.100061 	0.183060 	0.140367 	0.059918 	 0.014314 
0.104928 	0.181514 	0.139655 	0.058439 	 0.014276 
0.096429 	0.191264 	0.145932 	0.066208 	 0.015214 
0.097441 	0.193669 	0.147621 	0.066160 	 0.014983 
0.075580 	0.219535 	0.163953 	0.086572 	 0.017013 
0.085578 	0.201426 	0.152637 	0.073896 	 0.016357 
0.088204 	0.192525 	0.146876 	0.064490 	 0.015269 
0.094584 	0.197061 	0.150096 	0.067976 	 0.015543 
0.094197 	0.197502 	0.150313 	0.068885 	 0.015272 
0.090942 	0.194078 	0.148021 	0.066757 	 0.014763 
0.084258 	0.198321 	0.150866 	0.067885 	 0.015224 
0.077069 	0.202849 	0.153851 	0.071102 	 0.015682 
0.105181 	0.180499 	0.139118 	0.058646 	 0.013580 
0.099893 	0.185844 	0.142320 	0.061797 	 0.013388 
0.099252 	0.186516 	0.143098 	0.061027 	 0.013833 
0.083999 	0.191629 	0.146558 	0.064181 	 0.015255 
0.099983 	0.185321 	0.142582 	0.061493 	 0.013718 
0.089104 	0.187740 	0.143804 	0.064708 	 0.015528 
0.094471 	0.195256 	0.148585 	0.070434 	 0.014660 
0.083045 	0.198177 	0.151221 	0.069308 	 0.015703 
0.097664 	0.191276 	0.146952 	0.063386 	 0.015157 
0.091976 	0.182193 	0.140734 	0.059652 	 0.014796 
0.084084 	0.195818 	0.149341 	0.069717 	 0.015716 
0.083266 	0.190113 	0.146077 	0.061849 	 0.015002 
0.084509 	0.197640 	0.150884 	0.070096 	 0.016136 
0.090422 	0.193990 	0.148864 	0.066986 	 0.015527 
0.093262 	0.187009 	0.144257 	0.058403 	 0.014690 
0.114154 	0.175326 	0.136706 	0.054673 	 0.013301 
0.088768 	0.202713 	0.154324 	0.070410 	 0.015062 
0.090919 	0.175874 	0.136808 	0.052960 	 0.014152 
0.108797 	0.179742 	0.140177 	0.054240 	 0.014238 
0.098849 	0.177637 	0.138378 	0.052743 	 0.014011 
0.091721 	0.193308 	0.148619 	0.063331 	 0.014742 
0.092772 	0.193431 	0.149122 	0.063775 	 0.015727 
0.104257 	0.181950 	0.141184 	0.058719 	 0.014138 
0.092585 	0.181914 	0.141062 	0.060628 	 0.014911 
0.089881 	0.198847 	0.152634 	0.065965 	 0.015271 
0.102616 	0.178927 	0.139581 	0.056058 	 0.014448 
0.101347 	0.175735 	0.137349 	0.053496 	 0.014007 
0.095866 	0.190432 	0.147094 	0.062581 	 0.014703 
0.088654 	0.198577 	0.152399 	0.068688 	 0.015849 
0.095923 	0.185509 	0.144319 	0.056113 	 0.014846 
0.091099 	0.175668 	0.137233 	0.053356 	 0.014185 
0.111663 	0.173240 	0.136412 	0.050826 	 0.013330 
0.078339 	0.196691 	0.151467 	0.067460 	 0.016134 
0.096315 	0.184693 	0.143499 	0.059138 	 0.013836 
0.093028 	0.182996 	0.142618 	0.057122 	 0.015060 
0.086786 	0.186260 	0.145019 	0.057889 	 0.015640 
0.093866 	0.190111 	0.147807 	0.059877 	 0.015297 
0.104770 	0.170649 	0.134498 	0.051792 	 0.014028 
0.071908 	0.208364 	0.159238 	0.073800 	 0.016215 
