di 	gli 	gal 	gos3 	 gos4 
0.419762 	0.027210 	0.016546 	0.018067 	 -0.001988 
0.416757 	0.038371 	0.023813 	0.029560 	 -0.000271 
0.441698 	0.027638 	0.015620 	0.035656 	 -0.001282 
0.417953 	0.051550 	0.031418 	0.052073 	 0.000905 
0.429856 	0.050772 	0.030962 	0.050959 	 0.000077 
0.421025 	0.058864 	0.036418 	0.056113 	 0.000545 
0.407604 	0.060972 	0.037475 	0.059336 	 0.001224 
0.428238 	0.048298 	0.029404 	0.048754 	 0.000012 
0.424021 	0.059813 	0.036952 	0.056269 	 0.000386 
0.418378 	0.057772 	0.035088 	0.056490 	 0.000018 
0.423134 	0.046464 	0.027996 	0.048617 	 0.000232 
0.410037 	0.056354 	0.034311 	0.056497 	 0.001209 
0.412655 	0.056682 	0.034298 	0.056096 	 0.000601 
0.414027 	0.048830 	0.029203 	0.053930 	 0.000664 
0.397675 	0.078336 	0.048793 	0.069474 	 0.001688 
0.415521 	0.060521 	0.036665 	0.063455 	 0.001349 
0.407716 	0.061398 	0.037826 	0.058339 	 0.001380 
0.413385 	0.068265 	0.042102 	0.064037 	 0.000966 
0.402254 	0.063120 	0.038861 	0.059904 	 0.001148 
0.403386 	0.061120 	0.037834 	0.058860 	 0.002058 
0.394598 	0.077248 	0.048003 	0.070827 	 0.002784 
0.402231 	0.069943 	0.043888 	0.061171 	 0.001566 
0.409610 	0.060033 	0.036881 	0.057008 	 0.000555 
0.386891 	0.076812 	0.047762 	0.071615 	 0.003327 
0.406608 	0.064631 	0.039589 	0.064828 	 0.001452 
0.394595 	0.077144 	0.047872 	0.070155 	 0.002236 
0.395903 	0.069989 	0.043533 	0.064917 	 0.002486 
0.391893 	0.069443 	0.042927 	0.066064 	 0.002248 
0.399684 	0.061449 	0.037888 	0.059378 	 0.002240 
0.388101 	0.082082 	0.051306 	0.073409 	 0.003248 
0.388633 	0.076131 	0.047383 	0.070542 	 0.002903 
0.385551 	0.079235 	0.049075 	0.075728 	 0.003545 
0.388903 	0.077056 	0.047821 	0.072464 	 0.002865 
0.390317 	0.073459 	0.045604 	0.068877 	 0.002846 
0.393995 	0.071530 	0.044232 	0.066484 	 0.002278 
0.392203 	0.067973 	0.042091 	0.063930 	 0.002474 
0.384953 	0.074609 	0.045940 	0.072115 	 0.003125 
0.384748 	0.076205 	0.047211 	0.072489 	 0.003206 
0.382729 	0.078603 	0.048756 	0.074954 	 0.003425 
0.373002 	0.087185 	0.054238 	0.078893 	 0.004267 
0.380456 	0.075765 	0.046797 	0.068596 	 0.002759 
0.364999 	0.084192 	0.052470 	0.074658 	 0.003993 
0.368341 	0.098872 	0.061759 	0.088198 	 0.004541 
0.383608 	0.077302 	0.048031 	0.072089 	 0.003291 
0.383102 	0.076631 	0.047926 	0.071931 	 0.003968 
0.377817 	0.082108 	0.051189 	0.076767 	 0.003672 
0.359795 	0.100071 	0.062900 	0.087138 	 0.005238 
0.369176 	0.087140 	0.054489 	0.077237 	 0.003773 
0.371516 	0.085360 	0.053532 	0.075809 	 0.003602 
0.361369 	0.100733 	0.063439 	0.085811 	 0.004607 
0.373254 	0.084046 	0.052168 	0.075744 	 0.003101 
0.361927 	0.084729 	0.052943 	0.075609 	 0.003858 
0.359482 	0.091255 	0.057345 	0.080464 	 0.004323 
0.374509 	0.086796 	0.055237 	0.072812 	 0.003927 
0.361605 	0.089273 	0.056045 	0.077875 	 0.004268 
0.347757 	0.101422 	0.063959 	0.087100 	 0.005362 
0.355897 	0.098963 	0.062493 	0.084962 	 0.005079 
0.354582 	0.097143 	0.061239 	0.083583 	 0.004788 
0.344062 	0.106548 	0.067056 	0.090971 	 0.004972 
0.364737 	0.088362 	0.055661 	0.080049 	 0.005059 
0.357408 	0.093922 	0.059744 	0.081719 	 0.004738 
0.343681 	0.109845 	0.069325 	0.093701 	 0.005773 
0.353627 	0.092765 	0.058254 	0.082183 	 0.004461 
0.357201 	0.090456 	0.056778 	0.080961 	 0.004540 
0.347822 	0.098973 	0.062410 	0.086057 	 0.005625 
0.329554 	0.116200 	0.073695 	0.096787 	 0.006796 
0.346782 	0.090649 	0.056932 	0.079811 	 0.004485 
0.339081 	0.102239 	0.064310 	0.089564 	 0.005244 
0.339683 	0.105098 	0.066541 	0.089874 	 0.006083 
0.336929 	0.109501 	0.069494 	0.092742 	 0.006476 
0.356654 	0.097930 	0.061804 	0.085968 	 0.004646 
0.343531 	0.098591 	0.062120 	0.084603 	 0.005285 
0.344714 	0.107097 	0.067807 	0.092615 	 0.005885 
0.336777 	0.114680 	0.072853 	0.096477 	 0.006180 
0.337229 	0.111213 	0.070384 	0.094859 	 0.006118 
0.346805 	0.098810 	0.062406 	0.084782 	 0.005578 
0.334364 	0.111177 	0.070235 	0.093786 	 0.005742 
0.349983 	0.102522 	0.064957 	0.087206 	 0.005161 
0.347998 	0.097978 	0.062298 	0.083000 	 0.005201 
0.325703 	0.114955 	0.072979 	0.094847 	 0.006444 
0.347860 	0.093959 	0.059247 	0.080152 	 0.004256 
0.327762 	0.107365 	0.068103 	0.089686 	 0.006210 
0.333508 	0.102553 	0.065038 	0.086966 	 0.005935 
0.337901 	0.102540 	0.065680 	0.084014 	 0.006027 
0.341317 	0.094201 	0.059363 	0.082436 	 0.004977 
0.344836 	0.098056 	0.062317 	0.084582 	 0.006165 
0.327267 	0.111680 	0.071159 	0.091156 	 0.006266 
0.329650 	0.101626 	0.064716 	0.085344 	 0.006077 
0.326077 	0.110601 	0.070078 	0.093756 	 0.005907 
0.334147 	0.103534 	0.065636 	0.087391 	 0.005475 
0.342090 	0.097974 	0.062258 	0.083364 	 0.005370 
0.330475 	0.105996 	0.067455 	0.089054 	 0.006027 
0.330531 	0.110640 	0.070147 	0.093173 	 0.006537 
0.324639 	0.120876 	0.076985 	0.101132 	 0.007125 
0.328840 	0.103854 	0.065753 	0.090501 	 0.006253 
0.332652 	0.100402 	0.063746 	0.084617 	 0.005978 
0.320844 	0.121326 	0.077394 	0.099317 	 0.007507 
0.337149 	0.102833 	0.065303 	0.089123 	 0.006118 
0.328390 	0.109948 	0.070347 	0.089688 	 0.006235 
0.320145 	0.115385 	0.073660 	0.095726 	 0.007414 
0.330800 	0.109038 	0.069661 	0.089842 	 0.006094 
0.318867 	0.120131 	0.077123 	0.093831 	 0.006926 
0.319158 	0.116821 	0.074611 	0.095484 	 0.006683 
0.323051 	0.109067 	0.069465 	0.089673 	 0.006391 
0.325875 	0.113464 	0.072389 	0.093508 	 0.005839 
0.321633 	0.109884 	0.070370 	0.089630 	 0.006758 
0.322725 	0.106671 	0.068074 	0.087475 	 0.006203 
0.323934 	0.118434 	0.075861 	0.096124 	 0.006853 
0.317351 	0.114558 	0.073492 	0.093242 	 0.006879 
0.317312 	0.119026 	0.076617 	0.095018 	 0.007098 
0.310179 	0.132582 	0.085702 	0.101844 	 0.007838 
0.323189 	0.121851 	0.078085 	0.098482 	 0.006838 
0.316809 	0.125584 	0.080821 	0.102197 	 0.007934 
0.326515 	0.109709 	0.070346 	0.087886 	 0.006085 
0.318384 	0.111501 	0.071268 	0.090349 	 0.006654 
0.306037 	0.127807 	0.082282 	0.097997 	 0.006848 
0.315326 	0.120056 	0.076836 	0.098114 	 0.007397 
0.315121 	0.116571 	0.074989 	0.093349 	 0.007495 
0.320956 	0.115260 	0.074220 	0.093414 	 0.007393 
0.316793 	0.113389 	0.072720 	0.090693 	 0.006232 
0.315760 	0.113999 	0.073356 	0.091878 	 0.007122 
0.320671 	0.118654 	0.076192 	0.095904 	 0.006325 
0.302545 	0.139641 	0.090169 	0.107306 	 0.008541 
0.296175 	0.139179 	0.089720 	0.107610 	 0.008181 
0.284835 	0.148358 	0.095276 	0.116006 	 0.008649 
0.299325 	0.140526 	0.090883 	0.109906 	 0.008658 
0.297367 	0.133693 	0.086089 	0.106956 	 0.007987 
0.316176 	0.119637 	0.077573 	0.091033 	 0.006726 
0.303369 	0.137200 	0.089293 	0.103659 	 0.008602 
0.307558 	0.125151 	0.080738 	0.096170 	 0.006757 
0.297274 	0.137481 	0.088863 	0.107785 	 0.008344 
0.287594 	0.140582 	0.091156 	0.107289 	 0.009018 
0.301924 	0.129924 	0.083779 	0.100696 	 0.007348 
0.304585 	0.132999 	0.085923 	0.105203 	 0.008123 
0.305086 	0.131385 	0.084899 	0.102545 	 0.007808 
0.304228 	0.119522 	0.076695 	0.094835 	 0.006787 
0.284729 	0.136769 	0.088773 	0.104561 	 0.008782 
0.297558 	0.138166 	0.089847 	0.103639 	 0.008327 
0.311193 	0.132170 	0.085667 	0.098425 	 0.006423 
0.296509 	0.134022 	0.087027 	0.102361 	 0.008012 
0.287782 	0.136837 	0.088325 	0.106377 	 0.008809 
0.281497 	0.147424 	0.094998 	0.114968 	 0.008860 
0.289343 	0.130216 	0.084246 	0.100705 	 0.008230 
0.307845 	0.122930 	0.079905 	0.093136 	 0.006973 
0.305364 	0.130155 	0.084634 	0.099584 	 0.007465 
0.295281 	0.144973 	0.094521 	0.107321 	 0.008349 
0.285497 	0.143152 	0.093176 	0.105923 	 0.008267 
0.292622 	0.139181 	0.090588 	0.102907 	 0.007890 
0.282736 	0.138823 	0.090004 	0.105987 	 0.009018 
0.290506 	0.125949 	0.081956 	0.093747 	 0.007642 
0.290204 	0.139552 	0.090566 	0.105158 	 0.008488 
0.292090 	0.131662 	0.085497 	0.098414 	 0.007621 
0.280957 	0.143149 	0.093068 	0.104898 	 0.007844 
0.297012 	0.132474 	0.085932 	0.102127 	 0.007733 
0.288300 	0.131511 	0.085770 	0.097269 	 0.008216 
0.293279 	0.135927 	0.088338 	0.102900 	 0.008209 
0.285469 	0.138336 	0.090368 	0.102175 	 0.008563 
0.271124 	0.150962 	0.098421 	0.110421 	 0.009408 
0.291278 	0.135628 	0.088517 	0.098708 	 0.007685 
0.286802 	0.135686 	0.088448 	0.100728 	 0.007825 
0.293725 	0.134339 	0.087603 	0.099240 	 0.007274 
0.281785 	0.138167 	0.089856 	0.102069 	 0.007782 
0.283175 	0.146088 	0.095140 	0.106577 	 0.007738 
0.280785 	0.147664 	0.095910 	0.110928 	 0.008925 
0.299252 	0.136369 	0.089276 	0.100108 	 0.007701 
0.284730 	0.138463 	0.090442 	0.099782 	 0.007857 
0.276974 	0.149578 	0.097559 	0.109958 	 0.009055 
0.284892 	0.148889 	0.097295 	0.108201 	 0.008234 
0.274449 	0.146649 	0.095685 	0.107066 	 0.008572 
0.276340 	0.152083 	0.099551 	0.110180 	 0.009183 
0.296085 	0.133733 	0.087229 	0.100769 	 0.007654 
0.263657 	0.156565 	0.102202 	0.112982 	 0.009625 
0.275498 	0.153008 	0.100199 	0.110996 	 0.009323 
0.274383 	0.145366 	0.094705 	0.107246 	 0.008993 
0.279482 	0.154044 	0.100977 	0.110740 	 0.009035 
0.270235 	0.159405 	0.104404 	0.113552 	 0.009159 
0.270590 	0.159925 	0.104602 	0.117872 	 0.009953 
0.260117 	0.157518 	0.102801 	0.112716 	 0.009145 
0.282332 	0.141978 	0.092968 	0.102732 	 0.008472 
0.273990 	0.155013 	0.101575 	0.111709 	 0.009000 
0.271625 	0.152963 	0.100538 	0.107653 	 0.008554 
0.262340 	0.156116 	0.102784 	0.109519 	 0.010105 
0.278259 	0.143352 	0.094209 	0.102485 	 0.008788 
0.256859 	0.174417 	0.114337 	0.124864 	 0.010568 
0.250844 	0.171938 	0.112795 	0.122665 	 0.011187 
0.267347 	0.152320 	0.100452 	0.105782 	 0.009729 
0.260645 	0.158931 	0.104299 	0.112669 	 0.009706 
0.263695 	0.151077 	0.099332 	0.108331 	 0.009901 
0.265673 	0.155443 	0.101651 	0.112145 	 0.009657 
0.264710 	0.167434 	0.109971 	0.122488 	 0.010776 
0.250950 	0.174152 	0.114529 	0.119751 	 0.010304 
0.250376 	0.175313 	0.115194 	0.122811 	 0.010843 
0.259749 	0.170486 	0.111953 	0.121515 	 0.010693 
0.257355 	0.175922 	0.115971 	0.121573 	 0.010840 
0.262248 	0.166775 	0.110031 	0.114730 	 0.010175 
0.270368 	0.155378 	0.102539 	0.107197 	 0.008946 
0.258399 	0.158099 	0.104223 	0.109606 	 0.009885 
0.260338 	0.168646 	0.110827 	0.115943 	 0.009274 
0.267391 	0.161429 	0.106845 	0.110308 	 0.009668 
0.267310 	0.163199 	0.107997 	0.111707 	 0.009909 
0.253705 	0.160942 	0.106423 	0.109267 	 0.009516 
0.261342 	0.170548 	0.112463 	0.117728 	 0.009414 
0.262953 	0.169770 	0.112061 	0.116718 	 0.009663 
0.254794 	0.165289 	0.109065 	0.114879 	 0.010364 
0.263740 	0.163608 	0.108115 	0.114884 	 0.009893 
0.268243 	0.158774 	0.105280 	0.108577 	 0.009498 
0.243749 	0.173918 	0.114705 	0.119993 	 0.010742 
0.251003 	0.171453 	0.113411 	0.114368 	 0.010126 
0.256933 	0.164881 	0.108890 	0.113255 	 0.009773 
0.245115 	0.175552 	0.116081 	0.119935 	 0.010740 
0.262070 	0.161063 	0.106743 	0.109248 	 0.008916 
0.254382 	0.171453 	0.113548 	0.116302 	 0.009834 
0.251598 	0.174872 	0.115266 	0.118159 	 0.009668 
0.258158 	0.161360 	0.106989 	0.110156 	 0.009911 
0.251089 	0.167726 	0.110931 	0.115087 	 0.010307 
0.255813 	0.158461 	0.104851 	0.107821 	 0.008993 
0.246191 	0.176159 	0.116685 	0.118285 	 0.010613 
0.257259 	0.163173 	0.108203 	0.109952 	 0.009379 
0.245786 	0.172067 	0.113729 	0.117146 	 0.009855 
0.254546 	0.160650 	0.106700 	0.107973 	 0.009599 
0.248165 	0.176113 	0.116799 	0.118549 	 0.010421 
0.254862 	0.161796 	0.107505 	0.109801 	 0.009861 
0.251518 	0.163722 	0.108637 	0.111002 	 0.009945 
0.254220 	0.162332 	0.108073 	0.108671 	 0.009849 
0.251509 	0.171743 	0.113872 	0.115483 	 0.010100 
0.245951 	0.174142 	0.115691 	0.115486 	 0.010195 
0.248457 	0.170373 	0.113016 	0.115055 	 0.010399 
0.248373 	0.165261 	0.109927 	0.109269 	 0.010031 
0.241537 	0.174229 	0.115806 	0.116704 	 0.010833 
0.237466 	0.174665 	0.115886 	0.117342 	 0.010463 
0.241752 	0.181093 	0.119953 	0.122694 	 0.010709 
0.237246 	0.171063 	0.113911 	0.111857 	 0.010622 
0.239954 	0.181973 	0.120914 	0.120132 	 0.010970 
0.238857 	0.175288 	0.116407 	0.118914 	 0.011140 
0.238499 	0.186560 	0.123985 	0.122560 	 0.010779 
0.227730 	0.176736 	0.117769 	0.114898 	 0.011391 
0.234491 	0.181118 	0.119902 	0.120074 	 0.010772 
0.241598 	0.165689 	0.110513 	0.106806 	 0.009929 
0.245249 	0.173094 	0.115251 	0.113483 	 0.010235 
0.235002 	0.177758 	0.118484 	0.114066 	 0.010541 
0.243292 	0.172229 	0.115145 	0.111235 	 0.010221 
0.244922 	0.170847 	0.114242 	0.109258 	 0.010408 
0.229130 	0.178275 	0.118081 	0.119873 	 0.010642 
0.221745 	0.194809 	0.129079 	0.131912 	 0.012262 
0.229037 	0.181073 	0.120388 	0.120145 	 0.010998 
0.239775 	0.168001 	0.112808 	0.105048 	 0.010260 
0.221222 	0.192537 	0.128424 	0.123681 	 0.011923 
0.231815 	0.174104 	0.116119 	0.112222 	 0.010466 
0.238050 	0.182485 	0.121996 	0.115237 	 0.010396 
0.235340 	0.185079 	0.123367 	0.120418 	 0.010459 
0.234661 	0.182452 	0.121907 	0.118229 	 0.011354 
0.221845 	0.190086 	0.127154 	0.122030 	 0.011968 
0.235584 	0.181271 	0.120916 	0.116380 	 0.010247 
0.232862 	0.194977 	0.130516 	0.124264 	 0.011870 
0.219330 	0.192492 	0.128678 	0.122849 	 0.012201 
0.232834 	0.189792 	0.127178 	0.119469 	 0.010753 
0.211625 	0.205360 	0.137111 	0.131984 	 0.012399 
0.221595 	0.198384 	0.132959 	0.125175 	 0.012549 
0.213767 	0.198094 	0.132295 	0.124502 	 0.011977 
0.231093 	0.188011 	0.126180 	0.118306 	 0.011558 
0.223586 	0.205065 	0.136968 	0.132525 	 0.011905 
0.209819 	0.196427 	0.131126 	0.125304 	 0.011948 
0.222560 	0.195716 	0.130704 	0.124739 	 0.011512 
0.245534 	0.181969 	0.122488 	0.112336 	 0.009806 
0.229619 	0.177521 	0.119249 	0.109508 	 0.010213 
0.220786 	0.194306 	0.130393 	0.121550 	 0.011541 
0.225906 	0.185375 	0.124462 	0.117034 	 0.011430 
0.227361 	0.188123 	0.125633 	0.120805 	 0.010559 
0.218455 	0.197340 	0.132427 	0.126156 	 0.012678 
0.216262 	0.195079 	0.131076 	0.122939 	 0.012407 
0.228897 	0.187446 	0.125849 	0.118310 	 0.011233 
0.220101 	0.190698 	0.128245 	0.120083 	 0.012073 
0.210012 	0.200590 	0.134617 	0.125070 	 0.012187 
0.198414 	0.224859 	0.150415 	0.141313 	 0.013857 
0.215947 	0.203043 	0.135894 	0.129939 	 0.012497 
0.218477 	0.185439 	0.124973 	0.111948 	 0.011117 
0.218813 	0.195685 	0.130980 	0.125272 	 0.011537 
0.221422 	0.196589 	0.132610 	0.119500 	 0.012166 
0.211106 	0.200861 	0.134810 	0.125471 	 0.012477 
0.225392 	0.193580 	0.130544 	0.118645 	 0.011252 
0.230263 	0.184692 	0.124735 	0.113247 	 0.010987 
0.207077 	0.203168 	0.136481 	0.128399 	 0.012519 
0.211766 	0.191798 	0.129676 	0.115253 	 0.011759 
0.213367 	0.205350 	0.137934 	0.128971 	 0.012309 
0.214615 	0.205027 	0.138115 	0.126763 	 0.012158 
0.217725 	0.202522 	0.136165 	0.127588 	 0.012556 
0.220510 	0.206393 	0.138748 	0.128040 	 0.011401 
0.202491 	0.209167 	0.140652 	0.129421 	 0.012415 
0.211396 	0.207445 	0.139446 	0.129128 	 0.012401 
0.209919 	0.208140 	0.140372 	0.126979 	 0.012488 
0.204984 	0.211383 	0.142704 	0.128313 	 0.012712 
0.211479 	0.197538 	0.133846 	0.118211 	 0.012537 
0.205394 	0.206619 	0.139178 	0.125941 	 0.012069 
0.208711 	0.202947 	0.136923 	0.122901 	 0.011732 
0.210229 	0.199299 	0.134036 	0.124728 	 0.011735 
0.212956 	0.205368 	0.139192 	0.122268 	 0.012119 
0.207263 	0.210619 	0.142261 	0.126909 	 0.012354 
0.203598 	0.211040 	0.142721 	0.125314 	 0.012380 
0.196366 	0.219511 	0.148231 	0.131301 	 0.012960 
0.212870 	0.203028 	0.137297 	0.120016 	 0.011778 
0.215643 	0.196011 	0.132646 	0.118394 	 0.011665 
0.200004 	0.207614 	0.140292 	0.126371 	 0.012593 
0.203387 	0.205330 	0.138552 	0.126090 	 0.012747 
0.210395 	0.203124 	0.137382 	0.120594 	 0.011364 
0.202341 	0.205356 	0.138997 	0.123220 	 0.012590 
0.199283 	0.211567 	0.143309 	0.128055 	 0.013381 
0.207242 	0.201399 	0.136138 	0.120377 	 0.011588 
0.208394 	0.207988 	0.140986 	0.123373 	 0.012021 
0.203233 	0.210833 	0.142812 	0.125404 	 0.011905 
0.203981 	0.208559 	0.141462 	0.122568 	 0.012166 
0.215162 	0.192213 	0.130914 	0.110979 	 0.011069 
0.220013 	0.195403 	0.132652 	0.113730 	 0.010790 
0.211106 	0.190210 	0.129563 	0.110273 	 0.011142 
0.200162 	0.204791 	0.138695 	0.123303 	 0.012605 
0.200893 	0.208780 	0.141122 	0.128326 	 0.012763 
0.206982 	0.204710 	0.139065 	0.120095 	 0.011656 
0.206361 	0.195977 	0.133047 	0.116036 	 0.011830 
0.202596 	0.201223 	0.136689 	0.117625 	 0.011603 
0.202950 	0.206080 	0.139816 	0.121426 	 0.011707 
0.205137 	0.201484 	0.137351 	0.117192 	 0.012344 
0.199597 	0.203246 	0.137801 	0.122052 	 0.012736 
0.199396 	0.208651 	0.141339 	0.124452 	 0.012222 
0.204344 	0.206480 	0.140581 	0.118277 	 0.011715 
0.194616 	0.213403 	0.144592 	0.127096 	 0.012354 
0.202832 	0.197627 	0.134465 	0.115853 	 0.012167 
0.193776 	0.202088 	0.137161 	0.118475 	 0.011847 
0.186545 	0.214608 	0.145671 	0.124753 	 0.012023 
0.201852 	0.204133 	0.138852 	0.118066 	 0.011998 
0.198749 	0.204908 	0.139392 	0.120564 	 0.012414 
0.205937 	0.205051 	0.139720 	0.118778 	 0.011739 
0.204901 	0.204007 	0.139466 	0.114969 	 0.011631 
0.198266 	0.213457 	0.145588 	0.120665 	 0.012103 
0.203205 	0.204239 	0.139436 	0.118204 	 0.011954 
0.189020 	0.223965 	0.151948 	0.132350 	 0.012706 
0.197499 	0.203750 	0.139263 	0.116057 	 0.012062 
0.194248 	0.212672 	0.144696 	0.124963 	 0.012875 
0.199929 	0.208063 	0.141649 	0.121099 	 0.011409 
0.208155 	0.198446 	0.135723 	0.112097 	 0.011324 
0.188591 	0.222444 	0.151598 	0.128692 	 0.013102 
0.201040 	0.202225 	0.138449 	0.114753 	 0.011846 
0.182913 	0.217236 	0.148082 	0.125498 	 0.013077 
0.189162 	0.223603 	0.152417 	0.129703 	 0.013254 
0.188906 	0.219656 	0.150105 	0.125621 	 0.013160 
0.199048 	0.203810 	0.139614 	0.112263 	 0.011386 
0.176338 	0.217906 	0.148856 	0.124712 	 0.013938 
0.178285 	0.217949 	0.148634 	0.123646 	 0.013191 
0.197393 	0.209121 	0.143044 	0.117307 	 0.012306 
0.187767 	0.218849 	0.149365 	0.124379 	 0.012943 
0.167347 	0.233496 	0.158600 	0.135587 	 0.014711 
0.181337 	0.214351 	0.146662 	0.120794 	 0.013101 
0.180686 	0.222264 	0.151733 	0.127052 	 0.013418 
0.186702 	0.209710 	0.143466 	0.117995 	 0.012468 
0.170493 	0.229546 	0.156194 	0.132882 	 0.013946 
0.183778 	0.215858 	0.148137 	0.121511 	 0.013595 
0.179459 	0.223237 	0.152385 	0.126303 	 0.013556 
0.181810 	0.220146 	0.150637 	0.123674 	 0.013037 
0.178437 	0.214872 	0.147120 	0.120676 	 0.012983 
0.191567 	0.209333 	0.143926 	0.115065 	 0.012295 
0.180853 	0.216362 	0.148681 	0.119078 	 0.013079 
0.177011 	0.226435 	0.154676 	0.126352 	 0.013463 
0.174465 	0.228943 	0.156473 	0.129527 	 0.013557 
0.168785 	0.233602 	0.159159 	0.133335 	 0.013935 
0.170838 	0.224552 	0.153875 	0.124755 	 0.013799 
0.188815 	0.221489 	0.152065 	0.122646 	 0.012833 
0.173954 	0.228714 	0.157203 	0.124694 	 0.013809 
0.174466 	0.226167 	0.155215 	0.124813 	 0.013607 
0.179708 	0.221167 	0.151907 	0.121361 	 0.012823 
0.194102 	0.208822 	0.143975 	0.114196 	 0.012345 
0.186929 	0.218493 	0.149969 	0.121835 	 0.013055 
0.166492 	0.234050 	0.160588 	0.130652 	 0.014498 
0.185212 	0.218788 	0.150473 	0.119295 	 0.012947 
0.167833 	0.222707 	0.153143 	0.121432 	 0.013646 
0.180085 	0.227823 	0.156593 	0.124044 	 0.012798 
0.185141 	0.216115 	0.148770 	0.116554 	 0.011856 
0.169303 	0.234145 	0.160362 	0.129911 	 0.013417 
0.161171 	0.236749 	0.162487 	0.130613 	 0.014691 
0.179440 	0.235435 	0.162253 	0.127190 	 0.014056 
0.175562 	0.234630 	0.161103 	0.129497 	 0.013451 
0.172981 	0.224491 	0.154730 	0.123122 	 0.014050 
0.179312 	0.221166 	0.151780 	0.122043 	 0.012535 
0.168127 	0.230554 	0.158320 	0.128726 	 0.014221 
0.176271 	0.228843 	0.157521 	0.126344 	 0.013682 
0.171025 	0.228862 	0.157425 	0.126559 	 0.013930 
0.179423 	0.232897 	0.160176 	0.129721 	 0.014086 
0.184711 	0.225607 	0.155844 	0.122140 	 0.013499 
0.175560 	0.231217 	0.159294 	0.125003 	 0.013827 
0.167077 	0.239351 	0.164674 	0.133572 	 0.014890 
0.176701 	0.221104 	0.153053 	0.115563 	 0.013170 
0.168713 	0.235237 	0.161882 	0.127896 	 0.013925 
0.169605 	0.231633 	0.159549 	0.126321 	 0.014231 
0.168496 	0.239157 	0.164744 	0.130157 	 0.014553 
0.182998 	0.220758 	0.152762 	0.117950 	 0.013079 
0.166502 	0.234302 	0.161743 	0.128182 	 0.014891 
0.164801 	0.238531 	0.164362 	0.127985 	 0.013747 
0.170490 	0.233698 	0.161275 	0.124210 	 0.013333 
0.156057 	0.242479 	0.166997 	0.130423 	 0.014408 
0.164713 	0.239895 	0.165245 	0.130866 	 0.015061 
0.174622 	0.234078 	0.161673 	0.125845 	 0.013780 
0.175977 	0.231430 	0.160239 	0.123060 	 0.013480 
0.156440 	0.235829 	0.162754 	0.125616 	 0.014229 
0.176369 	0.240185 	0.165989 	0.128203 	 0.013462 
0.166330 	0.236718 	0.163068 	0.129688 	 0.013492 
0.172469 	0.230481 	0.159540 	0.122235 	 0.013082 
0.166615 	0.226707 	0.156917 	0.121411 	 0.013760 
0.157966 	0.242422 	0.167479 	0.129944 	 0.014691 
0.160803 	0.247578 	0.170566 	0.133589 	 0.014277 
0.172503 	0.227661 	0.157858 	0.119672 	 0.012969 
0.190885 	0.217283 	0.151797 	0.110578 	 0.012430 
0.167048 	0.235071 	0.162932 	0.122991 	 0.013634 
0.164593 	0.243660 	0.168505 	0.129490 	 0.013988 
0.154498 	0.241567 	0.166821 	0.130177 	 0.014267 
0.156468 	0.246842 	0.170645 	0.131413 	 0.014463 
0.167723 	0.238163 	0.164880 	0.124367 	 0.014068 
0.146275 	0.250159 	0.172643 	0.134550 	 0.015269 
0.157330 	0.239923 	0.166125 	0.125307 	 0.014231 
0.165899 	0.237436 	0.164670 	0.123976 	 0.013596 
0.171841 	0.233410 	0.162384 	0.120266 	 0.013443 
0.170268 	0.233518 	0.162322 	0.121411 	 0.013659 
0.162370 	0.245844 	0.170260 	0.131762 	 0.014909 
0.171778 	0.233961 	0.162721 	0.119024 	 0.012914 
0.148937 	0.251139 	0.173882 	0.132038 	 0.015291 
0.155586 	0.249406 	0.172813 	0.130002 	 0.014305 
0.164002 	0.227702 	0.158446 	0.116621 	 0.013279 
0.169680 	0.229105 	0.159024 	0.118053 	 0.012483 
0.157490 	0.234775 	0.163263 	0.122403 	 0.014044 
0.166107 	0.240994 	0.167794 	0.124132 	 0.014024 
0.164917 	0.226930 	0.158127 	0.115244 	 0.012808 
0.158162 	0.235935 	0.163790 	0.123628 	 0.013580 
0.150661 	0.244966 	0.169490 	0.131931 	 0.014446 
0.152457 	0.245959 	0.170666 	0.130361 	 0.014737 
0.155372 	0.238686 	0.165913 	0.125979 	 0.014311 
0.155590 	0.233678 	0.162642 	0.120730 	 0.013636 
0.158168 	0.240889 	0.167116 	0.128476 	 0.014211 
0.161954 	0.239617 	0.166862 	0.121312 	 0.013152 
0.155329 	0.243141 	0.168978 	0.126580 	 0.014358 
0.147875 	0.244662 	0.169902 	0.127861 	 0.014599 
0.166654 	0.224798 	0.157335 	0.114222 	 0.013452 
0.137956 	0.258234 	0.178677 	0.137324 	 0.015380 
0.155937 	0.243334 	0.169500 	0.125235 	 0.014521 
0.140589 	0.260651 	0.180649 	0.138543 	 0.015222 
0.152462 	0.240556 	0.167718 	0.121776 	 0.014078 
0.153900 	0.240812 	0.167663 	0.126759 	 0.014571 
0.159191 	0.240196 	0.167627 	0.121442 	 0.014198 
0.149428 	0.246994 	0.172151 	0.126726 	 0.014332 
0.165862 	0.230260 	0.161211 	0.117132 	 0.013527 
0.161945 	0.239034 	0.166864 	0.122822 	 0.014015 
0.157943 	0.235124 	0.164648 	0.117767 	 0.013628 
0.159049 	0.230494 	0.161708 	0.114287 	 0.013441 
0.155386 	0.247997 	0.172903 	0.125529 	 0.013636 
0.150034 	0.249626 	0.173619 	0.132307 	 0.014710 
0.151256 	0.250901 	0.175184 	0.126596 	 0.014147 
0.150607 	0.247274 	0.172638 	0.126070 	 0.014804 
0.137777 	0.257772 	0.179449 	0.129917 	 0.014742 
0.138856 	0.260965 	0.181035 	0.137281 	 0.015442 
0.150945 	0.250050 	0.174567 	0.127942 	 0.015028 
0.156762 	0.233549 	0.164025 	0.116021 	 0.013785 
0.148841 	0.238828 	0.167092 	0.121114 	 0.014400 
0.154416 	0.245594 	0.171559 	0.124223 	 0.014138 
0.143988 	0.257170 	0.179644 	0.130629 	 0.015427 
0.144813 	0.249871 	0.174444 	0.127540 	 0.015014 
0.154288 	0.248140 	0.174148 	0.122621 	 0.015091 
0.134550 	0.254711 	0.177660 	0.128534 	 0.015196 
0.139555 	0.251649 	0.176127 	0.125393 	 0.015479 
0.163710 	0.231612 	0.163013 	0.110283 	 0.012534 
0.137471 	0.262986 	0.183084 	0.135260 	 0.015083 
0.133375 	0.259869 	0.180984 	0.135427 	 0.015754 
0.138200 	0.257571 	0.180071 	0.128089 	 0.015040 
0.151855 	0.244835 	0.172102 	0.119201 	 0.013984 
0.123662 	0.257159 	0.179983 	0.127635 	 0.016056 
0.142504 	0.251758 	0.176474 	0.121747 	 0.014147 
0.142130 	0.254727 	0.178635 	0.126135 	 0.015377 
0.132301 	0.257387 	0.180175 	0.128990 	 0.015413 
0.141220 	0.259011 	0.181227 	0.127391 	 0.014906 
0.136058 	0.248376 	0.174676 	0.121106 	 0.015371 
0.150957 	0.255512 	0.179340 	0.126602 	 0.014896 
0.137237 	0.257096 	0.180206 	0.128331 	 0.016108 
0.149286 	0.244791 	0.172309 	0.119796 	 0.014503 
0.149055 	0.242986 	0.170956 	0.119013 	 0.014234 
0.146065 	0.245193 	0.172783 	0.117677 	 0.014414 
0.132202 	0.266763 	0.186411 	0.134867 	 0.015522 
0.132810 	0.265566 	0.186024 	0.130980 	 0.015027 
0.133517 	0.265159 	0.185646 	0.132862 	 0.016130 
0.138469 	0.267046 	0.186772 	0.135178 	 0.015611 
0.147760 	0.253601 	0.178450 	0.124144 	 0.014941 
0.137671 	0.256983 	0.180874 	0.122932 	 0.014651 
0.129619 	0.261709 	0.183732 	0.129300 	 0.015754 
0.136174 	0.263269 	0.184791 	0.131169 	 0.015755 
0.125255 	0.267943 	0.188128 	0.134186 	 0.016761 
0.137089 	0.262458 	0.184378 	0.131316 	 0.016078 
0.126501 	0.269274 	0.188378 	0.135930 	 0.016401 
0.145052 	0.250526 	0.176681 	0.120000 	 0.014865 
0.142258 	0.261872 	0.183589 	0.132573 	 0.015336 
0.134285 	0.270546 	0.189647 	0.137183 	 0.016369 
0.134686 	0.263760 	0.185543 	0.127954 	 0.015672 
0.119375 	0.275115 	0.192740 	0.138742 	 0.016831 
0.142596 	0.251781 	0.178075 	0.119995 	 0.015339 
0.148558 	0.250632 	0.177418 	0.116522 	 0.014517 
0.138195 	0.257709 	0.181657 	0.126140 	 0.015560 
0.128877 	0.270522 	0.189916 	0.135964 	 0.016120 
0.128371 	0.276730 	0.194096 	0.138141 	 0.016610 
0.132388 	0.261638 	0.184655 	0.127051 	 0.016141 
0.108929 	0.285429 	0.199670 	0.145384 	 0.017696 
0.143283 	0.260004 	0.183174 	0.126481 	 0.014267 
0.142586 	0.253820 	0.179637 	0.120099 	 0.014455 
0.155795 	0.233488 	0.166836 	0.104418 	 0.013853 
0.131671 	0.262498 	0.185370 	0.126653 	 0.015533 
0.124768 	0.272202 	0.191883 	0.130359 	 0.015894 
0.136163 	0.268428 	0.189170 	0.130390 	 0.014727 
0.130392 	0.263234 	0.186123 	0.123946 	 0.015304 
0.140208 	0.266882 	0.188534 	0.128818 	 0.015691 
0.121227 	0.270814 	0.191150 	0.129554 	 0.015860 
0.130693 	0.265621 	0.187850 	0.126848 	 0.016051 
0.126690 	0.268099 	0.189459 	0.130397 	 0.016631 
0.127978 	0.267431 	0.189398 	0.126003 	 0.015816 
0.133837 	0.268173 	0.189688 	0.128883 	 0.016104 
0.126800 	0.273881 	0.193482 	0.131304 	 0.016070 
0.142272 	0.257539 	0.182335 	0.122397 	 0.015127 
0.132399 	0.267762 	0.189405 	0.126281 	 0.015488 
0.130344 	0.260954 	0.185171 	0.120211 	 0.015015 
0.126618 	0.272749 	0.192849 	0.130968 	 0.016370 
0.117571 	0.274776 	0.193923 	0.131586 	 0.016509 
0.130157 	0.261216 	0.185408 	0.121212 	 0.014937 
0.126180 	0.264719 	0.187812 	0.124998 	 0.016030 
0.115881 	0.277961 	0.196738 	0.133126 	 0.017227 
0.128213 	0.275014 	0.194906 	0.128743 	 0.016224 
0.129140 	0.270697 	0.191588 	0.127652 	 0.015696 
0.129812 	0.257610 	0.183097 	0.119233 	 0.014993 
0.128714 	0.275633 	0.194943 	0.133415 	 0.016294 
0.146498 	0.253831 	0.180722 	0.115834 	 0.014434 
0.124745 	0.275629 	0.195007 	0.134807 	 0.017210 
0.123581 	0.272383 	0.192764 	0.128573 	 0.015998 
0.114177 	0.287672 	0.203172 	0.136772 	 0.016794 
0.132908 	0.277196 	0.196430 	0.132869 	 0.016831 
0.133535 	0.260869 	0.185723 	0.120651 	 0.015859 
0.120523 	0.275663 	0.195081 	0.132650 	 0.016441 
0.138530 	0.268667 	0.191120 	0.124755 	 0.015635 
0.121843 	0.273854 	0.194398 	0.128400 	 0.016235 
0.123492 	0.274162 	0.194511 	0.129847 	 0.016285 
0.141373 	0.254430 	0.181792 	0.116216 	 0.014815 
0.122606 	0.274589 	0.194971 	0.130693 	 0.016631 
0.130577 	0.265501 	0.188997 	0.122694 	 0.015702 
0.119232 	0.272957 	0.193660 	0.129131 	 0.016388 
0.129589 	0.267405 	0.190679 	0.122357 	 0.016113 
0.121697 	0.271567 	0.193069 	0.127467 	 0.016286 
0.128274 	0.266020 	0.189996 	0.121193 	 0.016134 
0.137328 	0.252700 	0.180776 	0.113815 	 0.014957 
0.138023 	0.259627 	0.185465 	0.120243 	 0.015450 
0.130378 	0.280429 	0.199503 	0.131501 	 0.016629 
0.129572 	0.261059 	0.187003 	0.116522 	 0.015668 
0.112800 	0.281325 	0.199554 	0.134644 	 0.017218 
0.124539 	0.268135 	0.191273 	0.123830 	 0.016105 
0.117264 	0.277267 	0.196810 	0.133429 	 0.017020 
0.121035 	0.270893 	0.192594 	0.129258 	 0.016527 
0.121800 	0.277723 	0.198144 	0.127067 	 0.016998 
0.118116 	0.286081 	0.203569 	0.132699 	 0.017127 
0.123080 	0.275151 	0.196107 	0.126100 	 0.016379 
0.131637 	0.271001 	0.193248 	0.125172 	 0.015734 
0.112069 	0.287020 	0.204178 	0.135244 	 0.017752 
0.102893 	0.286872 	0.203523 	0.136288 	 0.017652 
0.127869 	0.267164 	0.190833 	0.122502 	 0.015833 
0.113712 	0.284762 	0.202615 	0.132315 	 0.016774 
0.122765 	0.277760 	0.198274 	0.127860 	 0.015842 
0.119147 	0.286755 	0.203947 	0.134988 	 0.016913 
0.117767 	0.282572 	0.201606 	0.130198 	 0.017042 
0.117787 	0.273605 	0.195148 	0.126306 	 0.016081 
0.124068 	0.278373 	0.198741 	0.128068 	 0.016471 
0.114317 	0.282956 	0.201542 	0.133255 	 0.017523 
0.127666 	0.270327 	0.193702 	0.122820 	 0.016352 
0.105566 	0.277458 	0.198505 	0.126576 	 0.017414 
0.119285 	0.279692 	0.199798 	0.129696 	 0.017271 
0.114852 	0.267288 	0.191898 	0.120246 	 0.016862 
0.109628 	0.276628 	0.197362 	0.128181 	 0.016653 
0.115238 	0.263796 	0.189707 	0.115036 	 0.015998 
0.119195 	0.272041 	0.194522 	0.126564 	 0.016179 
0.127400 	0.260360 	0.187610 	0.117164 	 0.016343 
0.112123 	0.262053 	0.187816 	0.118119 	 0.015931 
0.123844 	0.270912 	0.194164 	0.120158 	 0.015725 
0.128195 	0.257090 	0.184771 	0.116371 	 0.015163 
0.114318 	0.275692 	0.197943 	0.125488 	 0.017700 
0.130264 	0.262930 	0.189279 	0.116408 	 0.015339 
0.114966 	0.276005 	0.197971 	0.124824 	 0.016940 
0.123822 	0.265070 	0.190601 	0.118758 	 0.016156 
0.126756 	0.264390 	0.190465 	0.116111 	 0.015669 
0.109658 	0.277559 	0.199353 	0.122768 	 0.017033 
0.114415 	0.270970 	0.194317 	0.124129 	 0.016693 
0.134828 	0.254518 	0.184312 	0.109015 	 0.015705 
0.123394 	0.265660 	0.191215 	0.118065 	 0.015658 
0.129135 	0.269742 	0.194259 	0.119900 	 0.016078 
0.123252 	0.252769 	0.183592 	0.104969 	 0.015820 
0.134688 	0.259937 	0.187616 	0.113754 	 0.015207 
0.114086 	0.280575 	0.200900 	0.131447 	 0.017140 
0.110809 	0.292966 	0.209541 	0.136202 	 0.017743 
0.116928 	0.276422 	0.198587 	0.126035 	 0.017019 
0.131739 	0.269234 	0.194167 	0.120423 	 0.016181 
0.123231 	0.275620 	0.197931 	0.125769 	 0.016605 
0.114832 	0.275574 	0.198253 	0.123814 	 0.017085 
0.108604 	0.275255 	0.198390 	0.122384 	 0.017777 
0.110772 	0.284249 	0.203754 	0.131122 	 0.018138 
0.113065 	0.273564 	0.197329 	0.118530 	 0.016665 
0.117977 	0.270351 	0.195804 	0.115432 	 0.016472 
0.438819 	0.000235 	0.001525 	-0.001974 	 -0.000214 
0.439869 	0.008655 	0.007094 	0.006382 	 0.001469 
0.451166 	0.010650 	0.007857 	0.013185 	 0.001094 
0.448388 	0.011505 	0.008497 	0.014785 	 0.001776 
0.442708 	0.027100 	0.018220 	0.027383 	 0.001948 
0.445945 	0.022838 	0.015956 	0.022104 	 0.002069 
0.425408 	0.038092 	0.025659 	0.033227 	 0.003060 
0.438081 	0.025179 	0.017314 	0.026776 	 0.002625 
0.433659 	0.034017 	0.023181 	0.029014 	 0.002907 
0.427572 	0.027289 	0.018046 	0.030016 	 0.003157 
0.420107 	0.034432 	0.023519 	0.030614 	 0.004217 
0.425412 	0.034773 	0.023072 	0.035035 	 0.003473 
0.440093 	0.028443 	0.019559 	0.025608 	 0.001954 
0.449256 	0.008902 	0.006576 	0.016284 	 0.002476 
0.432310 	0.039414 	0.026523 	0.032712 	 0.002821 
0.418406 	0.047376 	0.031053 	0.043000 	 0.003933 
0.407417 	0.050189 	0.033413 	0.041993 	 0.004362 
0.423597 	0.033218 	0.022478 	0.030140 	 0.003317 
0.401198 	0.050030 	0.032823 	0.043918 	 0.004633 
0.411891 	0.042408 	0.028555 	0.037060 	 0.004865 
0.399266 	0.054975 	0.035620 	0.048219 	 0.004969 
0.393853 	0.057499 	0.037611 	0.052006 	 0.005710 
0.408436 	0.051435 	0.034276 	0.043331 	 0.005522 
0.393658 	0.053353 	0.034821 	0.046437 	 0.005412 
0.388121 	0.058289 	0.038226 	0.051713 	 0.006221 
0.396036 	0.057412 	0.038124 	0.047443 	 0.005626 
0.398490 	0.054774 	0.036129 	0.047144 	 0.005446 
0.389178 	0.047482 	0.031441 	0.043084 	 0.005656 
0.398961 	0.051550 	0.034452 	0.043081 	 0.005437 
0.377349 	0.072204 	0.047188 	0.060338 	 0.007546 
0.392062 	0.056123 	0.037007 	0.049981 	 0.006194 
0.387527 	0.059458 	0.038587 	0.054584 	 0.006074 
0.387460 	0.059028 	0.039349 	0.048000 	 0.006839 
0.397946 	0.053868 	0.035603 	0.045939 	 0.005224 
0.379110 	0.062753 	0.041502 	0.052571 	 0.007153 
0.378914 	0.063631 	0.042119 	0.051587 	 0.006224 
0.386024 	0.057149 	0.037549 	0.049678 	 0.006239 
0.384329 	0.057114 	0.037322 	0.052191 	 0.006411 
0.389500 	0.050277 	0.033036 	0.046547 	 0.006301 
0.370201 	0.066776 	0.043947 	0.055622 	 0.007336 
0.363377 	0.077816 	0.051276 	0.062956 	 0.007826 
0.366892 	0.072273 	0.047129 	0.061436 	 0.006975 
0.379533 	0.060677 	0.039795 	0.050569 	 0.005883 
0.373587 	0.072175 	0.047773 	0.057472 	 0.006884 
0.371802 	0.062572 	0.041275 	0.051601 	 0.006698 
0.376655 	0.062459 	0.041645 	0.052580 	 0.007413 
0.363125 	0.068910 	0.044714 	0.059961 	 0.006918 
0.375713 	0.061654 	0.040856 	0.053081 	 0.007142 
0.370665 	0.064023 	0.042246 	0.053004 	 0.007115 
0.358571 	0.072961 	0.047811 	0.061388 	 0.008049 
0.373377 	0.067908 	0.044809 	0.056753 	 0.006709 
0.369098 	0.061226 	0.040701 	0.048351 	 0.006518 
0.375657 	0.066400 	0.043838 	0.055454 	 0.006951 
0.376618 	0.062556 	0.041265 	0.053410 	 0.006492 
0.356023 	0.079370 	0.052330 	0.065685 	 0.008939 
0.360901 	0.074530 	0.049110 	0.062493 	 0.008140 
0.360570 	0.067383 	0.044263 	0.059007 	 0.007082 
0.348629 	0.084902 	0.055615 	0.069615 	 0.007974 
0.355752 	0.076167 	0.049857 	0.064410 	 0.008030 
0.352634 	0.078036 	0.052085 	0.061345 	 0.008570 
0.359338 	0.067986 	0.044958 	0.057633 	 0.007899 
0.363593 	0.061869 	0.041480 	0.049983 	 0.007519 
0.351236 	0.068645 	0.045549 	0.056056 	 0.008189 
0.345392 	0.072569 	0.047987 	0.059279 	 0.008680 
0.365764 	0.063860 	0.042138 	0.054162 	 0.006909 
0.350539 	0.076069 	0.050008 	0.062816 	 0.008070 
0.349770 	0.075553 	0.050091 	0.060398 	 0.008011 
0.359284 	0.073278 	0.048777 	0.060162 	 0.008645 
0.342596 	0.081398 	0.053398 	0.067317 	 0.008815 
0.335678 	0.082677 	0.054111 	0.069333 	 0.009602 
0.335082 	0.078858 	0.051637 	0.064997 	 0.008567 
0.338584 	0.085261 	0.056547 	0.066622 	 0.009128 
0.340905 	0.080590 	0.053326 	0.065124 	 0.008835 
0.341532 	0.083967 	0.055453 	0.068728 	 0.009534 
0.331714 	0.079420 	0.052311 	0.064490 	 0.009106 
0.346902 	0.067954 	0.044917 	0.057172 	 0.007897 
0.333901 	0.092934 	0.061550 	0.072116 	 0.009598 
0.334806 	0.090119 	0.059531 	0.069214 	 0.008409 
0.333405 	0.089344 	0.058875 	0.072086 	 0.009518 
0.345675 	0.077390 	0.051576 	0.061660 	 0.008283 
0.325988 	0.092935 	0.061034 	0.073847 	 0.009225 
0.333661 	0.083981 	0.055918 	0.064721 	 0.009026 
0.325395 	0.087915 	0.057627 	0.071679 	 0.009474 
0.340688 	0.082965 	0.055174 	0.063608 	 0.008095 
0.324000 	0.098039 	0.064631 	0.076784 	 0.009788 
0.324724 	0.090372 	0.059716 	0.070315 	 0.009236 
0.332498 	0.085042 	0.056616 	0.065474 	 0.009122 
0.338204 	0.074095 	0.049018 	0.058561 	 0.008067 
0.319939 	0.090793 	0.060159 	0.067918 	 0.009082 
0.326106 	0.092424 	0.061322 	0.070374 	 0.009414 
0.335799 	0.083912 	0.055344 	0.068391 	 0.008990 
0.317701 	0.098836 	0.065309 	0.075321 	 0.009693 
0.315886 	0.097084 	0.063925 	0.074641 	 0.009946 
0.327811 	0.085616 	0.056887 	0.065825 	 0.009023 
0.324211 	0.089397 	0.059029 	0.070329 	 0.009351 
0.313790 	0.100177 	0.066362 	0.076145 	 0.009778 
0.328575 	0.087773 	0.058499 	0.068139 	 0.009606 
0.314186 	0.091594 	0.060566 	0.071627 	 0.009997 
0.328749 	0.085089 	0.056667 	0.065176 	 0.008991 
0.326729 	0.090909 	0.060553 	0.068452 	 0.009050 
0.316118 	0.093929 	0.062317 	0.072757 	 0.009700 
0.321134 	0.094777 	0.062847 	0.072090 	 0.009177 
0.322508 	0.087555 	0.058585 	0.064908 	 0.009162 
0.318484 	0.083378 	0.055589 	0.064076 	 0.009264 
0.325785 	0.085838 	0.057176 	0.066267 	 0.008900 
0.305555 	0.095701 	0.063470 	0.073845 	 0.010259 
0.307419 	0.106528 	0.071069 	0.078508 	 0.010901 
0.303820 	0.106142 	0.070261 	0.079866 	 0.010688 
0.315197 	0.099583 	0.065724 	0.076530 	 0.009935 
0.311380 	0.089590 	0.059011 	0.070043 	 0.009266 
0.322862 	0.089424 	0.059550 	0.067346 	 0.008942 
0.286283 	0.109888 	0.072630 	0.082113 	 0.011095 
0.309288 	0.093134 	0.062443 	0.068306 	 0.010075 
0.309911 	0.103306 	0.068820 	0.075374 	 0.010119 
0.297731 	0.111400 	0.073943 	0.083171 	 0.011519 
0.314183 	0.100736 	0.067178 	0.076223 	 0.009914 
0.309095 	0.100640 	0.067102 	0.074833 	 0.010705 
0.318782 	0.093477 	0.062687 	0.068906 	 0.009889 
0.309378 	0.094962 	0.063886 	0.068446 	 0.010145 
0.309058 	0.097613 	0.064895 	0.074706 	 0.010588 
0.300952 	0.098919 	0.065985 	0.073779 	 0.010765 
0.299727 	0.098398 	0.065409 	0.074267 	 0.010671 
0.288546 	0.115571 	0.076470 	0.087132 	 0.011738 
0.306195 	0.105334 	0.070184 	0.077543 	 0.010102 
0.307898 	0.103604 	0.069446 	0.074649 	 0.010108 
0.281038 	0.118881 	0.078603 	0.088151 	 0.011886 
0.291315 	0.115888 	0.076969 	0.088005 	 0.012123 
0.292513 	0.107142 	0.071248 	0.080972 	 0.011357 
0.292533 	0.102867 	0.068773 	0.074908 	 0.010537 
0.288989 	0.118335 	0.078739 	0.084941 	 0.011339 
0.295667 	0.103016 	0.068406 	0.078284 	 0.010461 
0.288564 	0.113101 	0.075496 	0.081527 	 0.011155 
0.282156 	0.111581 	0.074323 	0.081937 	 0.011486 
0.301074 	0.096474 	0.064748 	0.072453 	 0.010840 
0.286164 	0.118128 	0.078438 	0.087177 	 0.012267 
0.284898 	0.111167 	0.074025 	0.080935 	 0.011326 
0.281509 	0.116265 	0.077132 	0.087774 	 0.012494 
0.290564 	0.103734 	0.069441 	0.076216 	 0.011513 
0.290370 	0.108972 	0.072636 	0.078494 	 0.010778 
0.284722 	0.108969 	0.072745 	0.077987 	 0.010906 
0.294429 	0.108624 	0.072733 	0.078247 	 0.011032 
0.302066 	0.100323 	0.067476 	0.072750 	 0.010454 
0.269466 	0.122840 	0.081718 	0.090117 	 0.013002 
0.282780 	0.104842 	0.070142 	0.075761 	 0.011072 
0.261229 	0.126952 	0.084599 	0.090701 	 0.013504 
0.270536 	0.120297 	0.080373 	0.084290 	 0.012611 
0.266807 	0.122284 	0.081573 	0.086023 	 0.011970 
0.287893 	0.115129 	0.077121 	0.082384 	 0.011658 
0.292844 	0.105366 	0.070766 	0.073805 	 0.010379 
0.282542 	0.109416 	0.073532 	0.078834 	 0.012129 
0.282153 	0.107554 	0.071915 	0.077892 	 0.011892 
0.285488 	0.107814 	0.072150 	0.077085 	 0.011548 
0.274176 	0.125910 	0.084086 	0.091142 	 0.012861 
0.287154 	0.117401 	0.078919 	0.081157 	 0.011851 
0.270263 	0.117850 	0.078741 	0.084034 	 0.012414 
0.280583 	0.116332 	0.077609 	0.085967 	 0.011734 
0.277171 	0.111776 	0.074648 	0.080953 	 0.011494 
0.277877 	0.114478 	0.076610 	0.082708 	 0.011922 
0.282588 	0.112864 	0.076124 	0.078267 	 0.011896 
0.271646 	0.120447 	0.080445 	0.087970 	 0.012032 
0.284622 	0.112236 	0.075896 	0.076621 	 0.011529 
0.285254 	0.105213 	0.070917 	0.073899 	 0.010883 
0.277222 	0.109886 	0.073670 	0.079135 	 0.011733 
0.280797 	0.111545 	0.074865 	0.080714 	 0.011990 
0.285274 	0.101570 	0.068452 	0.070376 	 0.010704 
0.276909 	0.106435 	0.071011 	0.079607 	 0.011634 
0.263783 	0.121096 	0.081269 	0.085281 	 0.012248 
0.281810 	0.107823 	0.072745 	0.073491 	 0.011435 
0.287918 	0.101249 	0.068634 	0.068988 	 0.010500 
0.281321 	0.111919 	0.075745 	0.074408 	 0.010937 
0.285079 	0.108700 	0.073448 	0.074323 	 0.011044 
0.286743 	0.105336 	0.070913 	0.074084 	 0.011055 
0.277734 	0.114885 	0.077493 	0.079292 	 0.011582 
0.277801 	0.113122 	0.076193 	0.079184 	 0.011739 
0.274087 	0.108045 	0.073178 	0.073335 	 0.011790 
0.266170 	0.116222 	0.078309 	0.078774 	 0.011970 
0.267654 	0.121271 	0.081530 	0.082799 	 0.011828 
0.264762 	0.129009 	0.086517 	0.088517 	 0.012258 
0.284425 	0.109853 	0.074224 	0.075947 	 0.011317 
0.259444 	0.131856 	0.088350 	0.091805 	 0.013118 
0.269977 	0.109125 	0.073990 	0.073686 	 0.011422 
0.266325 	0.127955 	0.085874 	0.089278 	 0.012680 
0.274147 	0.120428 	0.080773 	0.084080 	 0.011478 
0.264147 	0.122033 	0.082011 	0.083440 	 0.011829 
0.266350 	0.117319 	0.079158 	0.079459 	 0.011577 
0.271308 	0.121148 	0.082104 	0.079985 	 0.011624 
0.266202 	0.120769 	0.081791 	0.080819 	 0.012086 
0.270425 	0.115377 	0.078294 	0.075958 	 0.011790 
0.253272 	0.135788 	0.091196 	0.093228 	 0.013180 
0.271824 	0.112708 	0.075870 	0.078783 	 0.011010 
0.249548 	0.137400 	0.092373 	0.092077 	 0.012687 
0.264315 	0.123257 	0.083113 	0.083892 	 0.011808 
0.259268 	0.129056 	0.087194 	0.085872 	 0.012131 
0.251677 	0.133494 	0.089987 	0.092167 	 0.013316 
0.263335 	0.126969 	0.085892 	0.084779 	 0.012110 
0.257117 	0.121915 	0.082148 	0.084329 	 0.012639 
0.254626 	0.119980 	0.081277 	0.080829 	 0.012516 
0.257011 	0.118720 	0.080586 	0.079632 	 0.012117 
0.250538 	0.126910 	0.085623 	0.085106 	 0.012543 
0.256352 	0.120751 	0.081722 	0.079965 	 0.011947 
0.254486 	0.127115 	0.085779 	0.089908 	 0.013358 
0.257878 	0.124473 	0.084487 	0.081649 	 0.011765 
0.249704 	0.128674 	0.087204 	0.085566 	 0.012832 
0.243039 	0.136167 	0.091204 	0.096442 	 0.013311 
0.249782 	0.135940 	0.092341 	0.085858 	 0.012426 
0.248606 	0.129072 	0.087189 	0.084463 	 0.012172 
0.240009 	0.134733 	0.091169 	0.088394 	 0.013797 
0.243209 	0.133762 	0.090251 	0.090301 	 0.012934 
0.228255 	0.145479 	0.097870 	0.097188 	 0.013785 
0.239657 	0.131615 	0.089175 	0.085182 	 0.012889 
0.237449 	0.141123 	0.095800 	0.091742 	 0.013885 
0.239466 	0.139677 	0.094636 	0.091939 	 0.013165 
0.244385 	0.130429 	0.088460 	0.086614 	 0.013030 
0.235103 	0.143490 	0.096885 	0.097400 	 0.014209 
0.244582 	0.126265 	0.085841 	0.081761 	 0.012795 
0.247980 	0.126158 	0.085789 	0.081868 	 0.013020 
0.232370 	0.134385 	0.091073 	0.087848 	 0.013276 
0.228353 	0.132604 	0.089547 	0.085838 	 0.012813 
0.243457 	0.123911 	0.084756 	0.078390 	 0.012552 
0.242381 	0.139331 	0.094583 	0.088871 	 0.012945 
0.235084 	0.132641 	0.090627 	0.084162 	 0.013092 
0.227943 	0.132976 	0.090063 	0.088308 	 0.013558 
0.233119 	0.140731 	0.095117 	0.092263 	 0.012855 
0.237827 	0.134930 	0.092034 	0.085623 	 0.013027 
0.217269 	0.146064 	0.098923 	0.095005 	 0.014353 
0.232436 	0.127583 	0.087129 	0.081378 	 0.012955 
0.213278 	0.146238 	0.099407 	0.092389 	 0.014266 
0.217337 	0.143963 	0.097427 	0.092644 	 0.013730 
0.221413 	0.148094 	0.100559 	0.094191 	 0.013712 
0.229262 	0.138179 	0.094152 	0.086702 	 0.013063 
0.218878 	0.144131 	0.097815 	0.092153 	 0.013331 
0.217750 	0.151095 	0.102515 	0.097823 	 0.014357 
0.218927 	0.152953 	0.103792 	0.100353 	 0.014844 
0.214872 	0.155575 	0.105336 	0.102098 	 0.014521 
0.208208 	0.152034 	0.102877 	0.098692 	 0.014698 
0.210081 	0.145817 	0.099269 	0.092654 	 0.014851 
0.216631 	0.143456 	0.096882 	0.095969 	 0.013903 
0.209963 	0.145310 	0.098873 	0.092656 	 0.014319 
0.209310 	0.148373 	0.100868 	0.094746 	 0.014689 
0.215838 	0.145695 	0.099120 	0.092157 	 0.014278 
0.211838 	0.148837 	0.101456 	0.092699 	 0.013988 
0.216295 	0.144924 	0.099118 	0.090693 	 0.014235 
0.189832 	0.157524 	0.107223 	0.097399 	 0.015342 
0.192483 	0.156772 	0.106537 	0.099603 	 0.015335 
0.196000 	0.161627 	0.109534 	0.104364 	 0.015849 
0.215502 	0.140911 	0.096367 	0.087518 	 0.013729 
0.211679 	0.148854 	0.101562 	0.091680 	 0.013707 
0.188736 	0.166424 	0.112129 	0.108313 	 0.015022 
0.194112 	0.157212 	0.107223 	0.097633 	 0.015535 
0.195545 	0.158352 	0.107678 	0.098859 	 0.014143 
0.192156 	0.163913 	0.111050 	0.103378 	 0.015090 
0.213732 	0.147526 	0.100909 	0.093683 	 0.014791 
0.199112 	0.155580 	0.106173 	0.094950 	 0.014670 
0.202722 	0.146506 	0.100290 	0.089445 	 0.013811 
0.202554 	0.155236 	0.106017 	0.095414 	 0.014812 
0.190293 	0.162507 	0.110131 	0.101866 	 0.014813 
0.191397 	0.164221 	0.112055 	0.100937 	 0.015202 
0.189664 	0.151361 	0.103345 	0.094694 	 0.015255 
0.194771 	0.161450 	0.110440 	0.098219 	 0.015018 
0.210342 	0.149518 	0.102785 	0.089112 	 0.013724 
0.182874 	0.173809 	0.117830 	0.108519 	 0.015905 
0.184774 	0.162504 	0.111132 	0.097647 	 0.015667 
0.182714 	0.164364 	0.111548 	0.105069 	 0.015693 
0.178333 	0.173201 	0.118315 	0.105869 	 0.016494 
0.184014 	0.167944 	0.114249 	0.105779 	 0.015730 
0.181870 	0.159363 	0.108708 	0.098662 	 0.015395 
0.183693 	0.169823 	0.115466 	0.104912 	 0.015520 
0.185853 	0.162889 	0.110562 	0.101867 	 0.014565 
0.178595 	0.168927 	0.115081 	0.104650 	 0.016417 
0.181754 	0.161313 	0.110199 	0.096094 	 0.014814 
0.186945 	0.157216 	0.107424 	0.092991 	 0.014548 
0.189574 	0.165564 	0.112954 	0.101688 	 0.015180 
0.189238 	0.157702 	0.107775 	0.095717 	 0.015216 
0.198310 	0.149360 	0.102449 	0.089836 	 0.013878 
0.169955 	0.167935 	0.114509 	0.102503 	 0.015906 
0.186959 	0.154556 	0.106270 	0.092876 	 0.015272 
0.173608 	0.171284 	0.116359 	0.107707 	 0.015980 
0.179178 	0.174056 	0.118883 	0.106296 	 0.016295 
0.186248 	0.157143 	0.107627 	0.094957 	 0.015140 
0.187394 	0.170210 	0.116457 	0.102315 	 0.015481 
0.180024 	0.167524 	0.114706 	0.101379 	 0.015846 
0.180626 	0.164504 	0.112244 	0.099953 	 0.014846 
0.184745 	0.167064 	0.114348 	0.100650 	 0.015432 
0.167985 	0.175395 	0.119905 	0.104957 	 0.016175 
0.170188 	0.185054 	0.125718 	0.114981 	 0.016517 
0.178836 	0.160049 	0.109529 	0.097437 	 0.015436 
0.186789 	0.159076 	0.109124 	0.093968 	 0.014364 
0.167976 	0.176012 	0.120335 	0.105326 	 0.016367 
0.179747 	0.164544 	0.112813 	0.099839 	 0.015440 
0.176108 	0.170942 	0.117295 	0.102920 	 0.016375 
0.175340 	0.161766 	0.110896 	0.096143 	 0.015688 
0.181273 	0.149607 	0.102884 	0.089513 	 0.014559 
0.156171 	0.184318 	0.125539 	0.114056 	 0.017983 
0.183942 	0.167691 	0.115228 	0.101494 	 0.015337 
0.174347 	0.166558 	0.114378 	0.098400 	 0.015965 
0.160729 	0.188782 	0.128570 	0.116365 	 0.016812 
0.178534 	0.160346 	0.110530 	0.092669 	 0.015116 
0.168690 	0.179758 	0.122889 	0.110029 	 0.016452 
0.182978 	0.171274 	0.117157 	0.103922 	 0.015566 
0.174040 	0.174284 	0.119737 	0.102357 	 0.015767 
0.186774 	0.156912 	0.108467 	0.090642 	 0.014563 
0.177260 	0.169127 	0.116334 	0.102520 	 0.016433 
0.165650 	0.175928 	0.120688 	0.104853 	 0.016307 
0.185600 	0.168050 	0.115713 	0.099549 	 0.015020 
0.171270 	0.176238 	0.120725 	0.105029 	 0.015753 
0.198629 	0.148920 	0.103657 	0.086024 	 0.014237 
0.181388 	0.170210 	0.117400 	0.099309 	 0.015430 
0.183184 	0.167093 	0.115585 	0.096445 	 0.015368 
0.164766 	0.181225 	0.124191 	0.108890 	 0.016397 
0.180717 	0.171327 	0.118167 	0.099813 	 0.015422 
0.173292 	0.160488 	0.110809 	0.093218 	 0.014858 
0.176579 	0.164094 	0.112707 	0.099939 	 0.015630 
0.169272 	0.175960 	0.120716 	0.103814 	 0.015583 
0.181262 	0.159425 	0.110516 	0.091720 	 0.014721 
0.166278 	0.185017 	0.127067 	0.107352 	 0.016059 
0.172765 	0.172373 	0.119025 	0.099409 	 0.015994 
0.165295 	0.176673 	0.121465 	0.104373 	 0.016472 
0.169528 	0.167737 	0.115368 	0.098367 	 0.014808 
0.165151 	0.174367 	0.119536 	0.102042 	 0.015374 
0.177342 	0.171025 	0.118567 	0.096565 	 0.015560 
0.176608 	0.166711 	0.114848 	0.099062 	 0.014900 
0.182984 	0.160419 	0.111093 	0.093276 	 0.014782 
0.165668 	0.165967 	0.114475 	0.097225 	 0.015240 
0.177088 	0.158210 	0.109678 	0.090337 	 0.014588 
0.177958 	0.169086 	0.117383 	0.093382 	 0.015034 
0.174226 	0.168243 	0.116832 	0.094517 	 0.015645 
0.172422 	0.160440 	0.111514 	0.091070 	 0.015237 
0.162993 	0.181498 	0.125190 	0.104235 	 0.015489 
0.162268 	0.178641 	0.123257 	0.104015 	 0.016571 
0.173141 	0.171724 	0.119060 	0.098748 	 0.015790 
0.175677 	0.170328 	0.118243 	0.097949 	 0.015838 
0.173837 	0.171660 	0.119054 	0.098321 	 0.015941 
0.156185 	0.177250 	0.122517 	0.102379 	 0.016458 
0.159447 	0.185449 	0.127804 	0.108243 	 0.016540 
0.168017 	0.173677 	0.120867 	0.096206 	 0.015928 
0.188357 	0.165130 	0.115009 	0.093334 	 0.014959 
0.173194 	0.164403 	0.114351 	0.093156 	 0.015054 
0.173244 	0.175519 	0.121847 	0.098356 	 0.015837 
0.173744 	0.168556 	0.117436 	0.094094 	 0.015704 
0.164083 	0.176244 	0.122150 	0.100678 	 0.015929 
0.175533 	0.172162 	0.119663 	0.098110 	 0.015412 
0.167823 	0.168221 	0.117189 	0.092886 	 0.015212 
0.157100 	0.181151 	0.125371 	0.103727 	 0.016299 
0.185665 	0.161593 	0.112849 	0.090031 	 0.014567 
0.174156 	0.170902 	0.118794 	0.096016 	 0.015207 
0.170457 	0.166982 	0.116337 	0.094512 	 0.015642 
0.165365 	0.165161 	0.114980 	0.094385 	 0.015814 
0.164030 	0.163664 	0.114294 	0.090468 	 0.015407 
0.163172 	0.167321 	0.116454 	0.092366 	 0.015224 
0.159180 	0.175475 	0.122316 	0.095165 	 0.015832 
0.175394 	0.162064 	0.113478 	0.088811 	 0.015390 
0.157522 	0.180555 	0.125217 	0.102519 	 0.016344 
0.157304 	0.183906 	0.127693 	0.103290 	 0.016411 
0.154020 	0.175091 	0.121923 	0.096815 	 0.015752 
0.151143 	0.181185 	0.125524 	0.104536 	 0.016479 
0.154000 	0.180096 	0.125106 	0.102101 	 0.016519 
0.150227 	0.182898 	0.126721 	0.106303 	 0.016704 
0.153243 	0.179224 	0.124910 	0.100439 	 0.016847 
0.142266 	0.176053 	0.122721 	0.097437 	 0.016792 
0.151915 	0.187699 	0.130165 	0.107259 	 0.017175 
0.143064 	0.188280 	0.130998 	0.102556 	 0.016535 
0.154072 	0.184067 	0.127896 	0.103557 	 0.016420 
0.148861 	0.180067 	0.125231 	0.103300 	 0.016232 
0.149908 	0.184499 	0.128387 	0.102518 	 0.016538 
0.145742 	0.186362 	0.129529 	0.105341 	 0.016814 
0.145271 	0.188711 	0.130989 	0.105321 	 0.016612 
0.137217 	0.193633 	0.134231 	0.110528 	 0.017461 
0.144935 	0.193589 	0.134609 	0.108134 	 0.017528 
0.176717 	0.171569 	0.120566 	0.090765 	 0.014941 
0.151623 	0.184519 	0.128523 	0.101929 	 0.016692 
0.152271 	0.187688 	0.130769 	0.103617 	 0.016696 
0.145431 	0.184676 	0.128653 	0.102668 	 0.016663 
0.141095 	0.192831 	0.134275 	0.107172 	 0.017410 
0.157896 	0.171959 	0.120664 	0.092064 	 0.015719 
0.140629 	0.188280 	0.131324 	0.102619 	 0.017248 
0.137824 	0.188871 	0.131886 	0.102442 	 0.017148 
0.141474 	0.190307 	0.132773 	0.103081 	 0.016992 
0.144405 	0.186244 	0.129680 	0.103343 	 0.016473 
0.151444 	0.180315 	0.126283 	0.098559 	 0.016277 
0.135951 	0.195709 	0.135996 	0.109947 	 0.017618 
0.140469 	0.180974 	0.126615 	0.099413 	 0.016914 
0.135789 	0.197072 	0.137665 	0.107962 	 0.017881 
0.145981 	0.183504 	0.128323 	0.100369 	 0.016743 
0.143791 	0.179223 	0.124856 	0.101420 	 0.016309 
0.129128 	0.187989 	0.131157 	0.101812 	 0.017269 
0.138184 	0.180605 	0.126608 	0.098472 	 0.017339 
0.141523 	0.184815 	0.129279 	0.098896 	 0.016839 
0.146193 	0.178161 	0.124513 	0.096697 	 0.015585 
0.149498 	0.176312 	0.124262 	0.092758 	 0.016162 
0.136205 	0.182612 	0.128208 	0.096327 	 0.016569 
0.138422 	0.177129 	0.124304 	0.097128 	 0.016947 
0.122081 	0.199304 	0.138937 	0.109672 	 0.018215 
0.142503 	0.183717 	0.128963 	0.098936 	 0.016611 
0.137584 	0.186018 	0.130732 	0.098518 	 0.017060 
0.131584 	0.199779 	0.139258 	0.110367 	 0.017074 
0.130951 	0.188751 	0.132400 	0.101236 	 0.017166 
0.131254 	0.196031 	0.137210 	0.104944 	 0.017564 
0.136729 	0.188028 	0.131935 	0.100589 	 0.016780 
0.142972 	0.179131 	0.126492 	0.091919 	 0.016461 
0.122184 	0.192296 	0.134512 	0.102986 	 0.017382 
0.130287 	0.189170 	0.133112 	0.098816 	 0.017144 
0.118793 	0.191559 	0.134213 	0.104182 	 0.017816 
0.137765 	0.176944 	0.125293 	0.090668 	 0.016833 
0.142528 	0.168052 	0.119439 	0.084777 	 0.015453 
0.135355 	0.187902 	0.132225 	0.099804 	 0.017457 
0.132808 	0.187332 	0.132269 	0.095903 	 0.017223 
0.127798 	0.190329 	0.133952 	0.101652 	 0.017563 
0.130122 	0.186561 	0.131446 	0.096941 	 0.016675 
0.132020 	0.192360 	0.135484 	0.100795 	 0.017209 
0.121752 	0.186963 	0.131704 	0.099405 	 0.017593 
0.121330 	0.196118 	0.137443 	0.105221 	 0.017943 
0.134946 	0.182253 	0.128770 	0.094742 	 0.016648 
0.132342 	0.193865 	0.136915 	0.099535 	 0.017267 
0.129595 	0.185605 	0.131312 	0.095328 	 0.017360 
0.136004 	0.188339 	0.132510 	0.099553 	 0.016707 
0.121162 	0.193998 	0.137055 	0.096537 	 0.017612 
0.121499 	0.196417 	0.138038 	0.104738 	 0.018158 
0.117787 	0.200938 	0.141416 	0.105738 	 0.018308 
0.129417 	0.176652 	0.125681 	0.087258 	 0.016549 
0.114679 	0.195534 	0.137855 	0.101761 	 0.017995 
0.123761 	0.190562 	0.134388 	0.099816 	 0.017089 
0.115208 	0.192447 	0.136084 	0.097637 	 0.017691 
0.111141 	0.201727 	0.141802 	0.107602 	 0.018727 
0.122513 	0.187065 	0.132481 	0.095179 	 0.017136 
0.126552 	0.187106 	0.132543 	0.096236 	 0.017481 
0.115905 	0.192596 	0.136186 	0.097105 	 0.017285 
0.110231 	0.190817 	0.134812 	0.098419 	 0.018012 
0.119834 	0.189966 	0.134175 	0.097031 	 0.016944 
0.110737 	0.205455 	0.144707 	0.106868 	 0.018596 
0.118237 	0.190656 	0.134801 	0.096045 	 0.016720 
0.110396 	0.195396 	0.137589 	0.101646 	 0.017850 
0.125080 	0.191446 	0.135228 	0.097172 	 0.017097 
0.116109 	0.194363 	0.137009 	0.099650 	 0.017292 
0.112197 	0.188914 	0.133732 	0.095148 	 0.017359 
0.117415 	0.191844 	0.135717 	0.099690 	 0.017718 
0.117291 	0.199697 	0.140285 	0.107279 	 0.017689 
0.121192 	0.185318 	0.131777 	0.093177 	 0.017185 
0.115706 	0.195854 	0.138102 	0.098995 	 0.017476 
0.127322 	0.178286 	0.126830 	0.091566 	 0.017521 
0.122322 	0.203978 	0.144132 	0.104804 	 0.017197 
0.109574 	0.205456 	0.144565 	0.107585 	 0.017743 
0.098221 	0.204259 	0.143688 	0.107138 	 0.018707 
0.107388 	0.194464 	0.137977 	0.099402 	 0.018310 
0.127476 	0.183957 	0.131471 	0.088833 	 0.016501 
0.100847 	0.201185 	0.142086 	0.104910 	 0.018326 
0.115116 	0.193945 	0.137964 	0.097344 	 0.017981 
0.100856 	0.199323 	0.140881 	0.102834 	 0.018245 
0.099787 	0.205802 	0.145241 	0.107616 	 0.018591 
0.117490 	0.196254 	0.139483 	0.098309 	 0.017657 
0.096269 	0.197825 	0.140047 	0.101492 	 0.018443 
0.102075 	0.197674 	0.140217 	0.099203 	 0.017882 
0.100555 	0.199943 	0.141499 	0.101726 	 0.017924 
0.105916 	0.199353 	0.141550 	0.100200 	 0.017911 
0.104009 	0.196305 	0.139732 	0.097790 	 0.017955 
0.099499 	0.198159 	0.140330 	0.099860 	 0.017938 
0.107928 	0.203572 	0.144446 	0.104027 	 0.018796 
0.104572 	0.210632 	0.148704 	0.111216 	 0.019121 
0.101195 	0.209501 	0.148594 	0.104368 	 0.018836 
0.108848 	0.200286 	0.142256 	0.100534 	 0.017693 
0.091393 	0.211892 	0.149759 	0.108860 	 0.018921 
0.109667 	0.195482 	0.139497 	0.096089 	 0.017532 
0.078426 	0.213374 	0.150730 	0.112735 	 0.020957 
0.094278 	0.212285 	0.150114 	0.108585 	 0.019153 
0.096266 	0.200396 	0.142446 	0.100216 	 0.018411 
0.113762 	0.188272 	0.134559 	0.093100 	 0.016898 
0.108099 	0.193476 	0.138103 	0.094580 	 0.017574 
0.084461 	0.204276 	0.144710 	0.104299 	 0.018909 
0.090100 	0.200863 	0.142148 	0.104696 	 0.019057 
0.095802 	0.206568 	0.146228 	0.107802 	 0.018842 
0.102325 	0.196868 	0.140217 	0.098631 	 0.018092 
0.098839 	0.206674 	0.147013 	0.101530 	 0.018440 
0.086206 	0.212246 	0.150498 	0.107571 	 0.019195 
0.089427 	0.206245 	0.146431 	0.106358 	 0.019573 
0.102841 	0.195260 	0.139693 	0.097373 	 0.018742 
0.100180 	0.194092 	0.138962 	0.094364 	 0.018618 
0.095733 	0.190998 	0.136640 	0.093683 	 0.017930 
0.087943 	0.210679 	0.149645 	0.105273 	 0.018788 
0.089556 	0.209995 	0.149412 	0.106277 	 0.019282 
0.083948 	0.201786 	0.143914 	0.100231 	 0.019236 
0.105547 	0.189884 	0.136451 	0.091638 	 0.017904 
0.096572 	0.198410 	0.142247 	0.095309 	 0.018314 
0.088669 	0.206242 	0.146808 	0.104610 	 0.019103 
0.102083 	0.196104 	0.140678 	0.094435 	 0.017688 
0.090690 	0.203370 	0.145484 	0.099726 	 0.019224 
0.076255 	0.225201 	0.159146 	0.117316 	 0.019750 
0.092543 	0.202680 	0.144439 	0.103621 	 0.019292 
0.088593 	0.195360 	0.139808 	0.096221 	 0.018571 
0.093049 	0.201530 	0.144111 	0.098935 	 0.018526 
0.099383 	0.204572 	0.145906 	0.104682 	 0.019293 
0.097303 	0.205775 	0.146969 	0.100897 	 0.018440 
0.091242 	0.207608 	0.148264 	0.104496 	 0.019240 
0.100855 	0.203346 	0.146053 	0.098517 	 0.019110 
0.071822 	0.223534 	0.158400 	0.113563 	 0.020115 
0.088062 	0.200258 	0.143718 	0.095014 	 0.018251 
0.098727 	0.198414 	0.142854 	0.094701 	 0.018581 
0.089896 	0.202651 	0.145435 	0.098081 	 0.018762 
0.099602 	0.192787 	0.138990 	0.093364 	 0.018280 
0.084467 	0.200649 	0.144445 	0.095897 	 0.019247 
0.087907 	0.207941 	0.148866 	0.103562 	 0.019993 
0.097936 	0.191446 	0.137940 	0.091082 	 0.018222 
0.076009 	0.216869 	0.154563 	0.109441 	 0.019863 
0.094682 	0.200133 	0.144210 	0.095691 	 0.018765 
0.089092 	0.202658 	0.145497 	0.097702 	 0.018614 
0.094234 	0.185523 	0.134495 	0.086620 	 0.018442 
0.090446 	0.200440 	0.144222 	0.096617 	 0.018468 
0.075039 	0.213687 	0.152804 	0.107259 	 0.019569 
0.106973 	0.185431 	0.134927 	0.083874 	 0.017087 
0.085508 	0.196622 	0.141861 	0.091936 	 0.017767 
0.090970 	0.197565 	0.142710 	0.092743 	 0.018319 
0.091088 	0.190116 	0.137351 	0.088567 	 0.017621 
0.090086 	0.197770 	0.142769 	0.091522 	 0.018152 
0.076849 	0.205733 	0.148003 	0.096733 	 0.018628 
0.091520 	0.195386 	0.141346 	0.089977 	 0.017863 
0.075233 	0.220961 	0.158250 	0.107097 	 0.019592 
0.075635 	0.218577 	0.156321 	0.106665 	 0.019289 
0.090717 	0.198774 	0.143531 	0.094070 	 0.018274 
0.069932 	0.216754 	0.155274 	0.106335 	 0.020266 
0.097336 	0.194698 	0.141249 	0.090478 	 0.017875 
0.088868 	0.190753 	0.138544 	0.087101 	 0.018150 
0.082556 	0.208204 	0.149912 	0.101485 	 0.019648 
0.072099 	0.220722 	0.158331 	0.107593 	 0.020148 
0.080462 	0.210875 	0.151861 	0.100756 	 0.019422 
0.065777 	0.211202 	0.151141 	0.104503 	 0.019549 
0.085612 	0.195414 	0.140920 	0.093631 	 0.018283 
0.062960 	0.212271 	0.152944 	0.101366 	 0.020709 
0.072112 	0.217222 	0.156357 	0.103494 	 0.020602 
0.080302 	0.207595 	0.149442 	0.100909 	 0.019258 
0.067848 	0.219114 	0.157212 	0.106684 	 0.020439 
0.076971 	0.207038 	0.149555 	0.097091 	 0.019596 
0.081565 	0.208596 	0.150418 	0.100026 	 0.019744 
0.082090 	0.199534 	0.144771 	0.091488 	 0.018574 
0.078851 	0.205619 	0.148723 	0.096837 	 0.019107 
0.081098 	0.206276 	0.149170 	0.097332 	 0.019444 
0.069561 	0.208269 	0.150115 	0.099969 	 0.019715 
0.090715 	0.196354 	0.142569 	0.090992 	 0.018713 
0.068501 	0.213572 	0.154107 	0.102413 	 0.020233 
0.065605 	0.218136 	0.157682 	0.101275 	 0.020728 
0.059824 	0.226140 	0.162264 	0.110695 	 0.020859 
0.073248 	0.211096 	0.152693 	0.099967 	 0.019804 
0.067781 	0.222045 	0.160158 	0.104945 	 0.020650 
0.069746 	0.215719 	0.155816 	0.101546 	 0.020483 
0.079186 	0.199546 	0.145172 	0.093137 	 0.019260 
0.066170 	0.214097 	0.154679 	0.102743 	 0.020507 
0.067850 	0.212780 	0.153880 	0.099110 	 0.019448 
0.083705 	0.200412 	0.145959 	0.091304 	 0.018936 
0.054140 	0.218822 	0.157421 	0.107156 	 0.020723 
0.053694 	0.218797 	0.157722 	0.103760 	 0.020894 
0.067827 	0.211602 	0.153572 	0.098069 	 0.020525 
0.075235 	0.216032 	0.156494 	0.100760 	 0.020079 
0.078043 	0.206845 	0.150557 	0.094352 	 0.019641 
0.066989 	0.206882 	0.150322 	0.093710 	 0.019056 
0.064025 	0.220648 	0.159331 	0.105190 	 0.020641 
0.070325 	0.209664 	0.152044 	0.099345 	 0.020438 
0.077948 	0.199433 	0.145865 	0.087057 	 0.018811 
0.073278 	0.205484 	0.149262 	0.095680 	 0.019290 
0.065537 	0.214357 	0.155548 	0.099036 	 0.020310 
0.068062 	0.214101 	0.155346 	0.100512 	 0.020017 
0.062561 	0.220318 	0.159359 	0.102900 	 0.020636 
0.057016 	0.224270 	0.162123 	0.107451 	 0.021388 
0.077976 	0.209647 	0.152951 	0.094491 	 0.019902 
0.070187 	0.208015 	0.151780 	0.094131 	 0.020277 
0.063509 	0.223889 	0.161896 	0.107390 	 0.020790 
0.051009 	0.223230 	0.161572 	0.105975 	 0.021581 
0.059927 	0.216275 	0.156750 	0.103149 	 0.020554 
0.074946 	0.206802 	0.150836 	0.095274 	 0.019639 
0.071667 	0.214562 	0.156386 	0.097141 	 0.019960 
0.066832 	0.216664 	0.157825 	0.099023 	 0.020462 
0.075809 	0.222308 	0.161560 	0.102497 	 0.020014 
0.052803 	0.237017 	0.170604 	0.115264 	 0.021631 
0.075896 	0.211545 	0.154392 	0.097581 	 0.020055 
0.065979 	0.218216 	0.158761 	0.101698 	 0.020604 
0.066586 	0.202997 	0.148616 	0.091782 	 0.020026 
0.050244 	0.226774 	0.164051 	0.107212 	 0.021315 
0.061948 	0.211304 	0.154063 	0.094474 	 0.019642 
0.072706 	0.200992 	0.147723 	0.088347 	 0.019835 
0.085585 	0.193429 	0.142811 	0.081931 	 0.018513 
0.076460 	0.201151 	0.147909 	0.088292 	 0.019008 
0.087123 	0.203963 	0.150110 	0.091078 	 0.019839 
0.063787 	0.224894 	0.163773 	0.103805 	 0.021324 
0.079888 	0.212076 	0.155080 	0.095648 	 0.019713 
0.063901 	0.225896 	0.163516 	0.107720 	 0.020810 
0.059156 	0.217223 	0.158588 	0.098149 	 0.021512 
0.061355 	0.218382 	0.159005 	0.100300 	 0.020415 
0.071245 	0.215542 	0.157232 	0.099546 	 0.020829 
0.068693 	0.221067 	0.161218 	0.102172 	 0.020662 
0.073870 	0.216290 	0.157691 	0.099190 	 0.020401 
0.063124 	0.218652 	0.159870 	0.101078 	 0.021543 
0.066725 	0.224101 	0.163081 	0.104251 	 0.020908 
0.079532 	0.209959 	0.153878 	0.095028 	 0.019657 
0.067509 	0.221126 	0.161405 	0.104869 	 0.021323 
0.076400 	0.214067 	0.157050 	0.096280 	 0.020074 
0.067695 	0.224131 	0.163275 	0.105991 	 0.020918 
0.062955 	0.219269 	0.160350 	0.100940 	 0.021222 
0.064643 	0.221889 	0.161867 	0.103646 	 0.020474 
0.072631 	0.217372 	0.159215 	0.100642 	 0.020723 
0.058981 	0.229423 	0.166970 	0.109478 	 0.022291 
0.077625 	0.214305 	0.156924 	0.101344 	 0.020884 
0.067194 	0.213407 	0.157022 	0.096470 	 0.021364 
0.073091 	0.208550 	0.153680 	0.092859 	 0.020824 
0.063767 	0.229480 	0.167226 	0.109029 	 0.021543 
0.406063 	0.009069 	0.007179 	-0.000629 	 0.002150 
0.408296 	0.007611 	0.005854 	0.004520 	 0.002658 
0.410715 	0.029037 	0.019349 	0.031771 	 0.005029 
0.405617 	0.031543 	0.020358 	0.035256 	 0.004330 
0.427756 	0.020273 	0.014156 	0.021746 	 0.002951 
0.394473 	0.046719 	0.030847 	0.042709 	 0.005285 
0.408488 	0.035118 	0.023530 	0.033411 	 0.004396 
0.426716 	0.015294 	0.010362 	0.021468 	 0.002805 
0.384262 	0.058865 	0.038813 	0.050987 	 0.006721 
0.395964 	0.043706 	0.028964 	0.038384 	 0.004899 
0.390218 	0.045351 	0.029800 	0.042341 	 0.004987 
0.394305 	0.039414 	0.026087 	0.036303 	 0.004209 
0.370155 	0.065945 	0.043223 	0.055532 	 0.006982 
0.386825 	0.032670 	0.021537 	0.034246 	 0.005789 
0.391971 	0.048576 	0.032266 	0.040992 	 0.004691 
0.388136 	0.047790 	0.031171 	0.043530 	 0.004681 
0.361416 	0.070662 	0.046438 	0.058844 	 0.007619 
0.387774 	0.047164 	0.030793 	0.043746 	 0.005476 
0.381788 	0.039889 	0.026352 	0.037112 	 0.005445 
0.383939 	0.048242 	0.031815 	0.044718 	 0.006110 
0.382389 	0.042911 	0.028308 	0.040284 	 0.005099 
0.368641 	0.048094 	0.031639 	0.042057 	 0.005616 
0.378814 	0.039495 	0.025993 	0.036371 	 0.004741 
0.371515 	0.052922 	0.035114 	0.045895 	 0.006028 
0.389750 	0.030729 	0.020418 	0.029625 	 0.003649 
0.366832 	0.050556 	0.033609 	0.044557 	 0.006866 
0.368929 	0.056133 	0.036592 	0.050387 	 0.006252 
0.379682 	0.049245 	0.032303 	0.043055 	 0.005284 
0.359243 	0.067482 	0.044125 	0.058216 	 0.007794 
0.365955 	0.051643 	0.033800 	0.048542 	 0.006624 
0.368298 	0.050348 	0.033386 	0.045516 	 0.006447 
0.365053 	0.055887 	0.037007 	0.050086 	 0.006969 
0.371228 	0.044081 	0.029301 	0.039904 	 0.005563 
0.358083 	0.054574 	0.035922 	0.047459 	 0.006337 
0.350955 	0.061654 	0.040441 	0.053672 	 0.007259 
0.343962 	0.075017 	0.048985 	0.064860 	 0.008666 
0.344027 	0.062964 	0.041352 	0.053728 	 0.007304 
0.344697 	0.070021 	0.046352 	0.058361 	 0.008067 
0.345128 	0.069263 	0.045393 	0.058902 	 0.007301 
0.349680 	0.064369 	0.043062 	0.051851 	 0.006997 
0.336309 	0.070687 	0.046560 	0.056174 	 0.007589 
0.339080 	0.070045 	0.046346 	0.058883 	 0.007688 
0.338854 	0.065535 	0.042919 	0.056249 	 0.007069 
0.327226 	0.067588 	0.044848 	0.056357 	 0.008442 
0.348300 	0.058931 	0.039328 	0.047904 	 0.006596 
0.333088 	0.072504 	0.048150 	0.058199 	 0.007735 
0.334272 	0.067189 	0.044627 	0.054763 	 0.008337 
0.333144 	0.074655 	0.049322 	0.059055 	 0.007211 
0.332665 	0.068968 	0.045724 	0.057127 	 0.008134 
0.322603 	0.080152 	0.052646 	0.065901 	 0.008654 
0.336022 	0.072855 	0.048919 	0.057214 	 0.008627 
0.320743 	0.080292 	0.053293 	0.062358 	 0.008946 
0.310652 	0.089384 	0.059069 	0.070755 	 0.009210 
0.316220 	0.078320 	0.051756 	0.060785 	 0.008971 
0.311385 	0.091438 	0.060764 	0.068976 	 0.009602 
0.324832 	0.067614 	0.044808 	0.055377 	 0.007780 
0.329410 	0.073490 	0.048961 	0.057953 	 0.007982 
0.332184 	0.068736 	0.045465 	0.059088 	 0.007752 
0.325672 	0.075703 	0.050432 	0.058037 	 0.007575 
0.307857 	0.085933 	0.057078 	0.066770 	 0.009395 
0.312769 	0.081632 	0.054158 	0.064137 	 0.009307 
0.307404 	0.080859 	0.053346 	0.063195 	 0.008673 
0.311753 	0.082164 	0.054105 	0.065700 	 0.009107 
0.302734 	0.080880 	0.052919 	0.065442 	 0.008202 
0.320227 	0.073740 	0.049449 	0.056500 	 0.007992 
0.303981 	0.086839 	0.057328 	0.066530 	 0.008412 
0.307312 	0.082513 	0.054716 	0.063869 	 0.008877 
0.299990 	0.102303 	0.067953 	0.076929 	 0.009946 
0.300436 	0.097455 	0.064595 	0.074897 	 0.009975 
0.303054 	0.085476 	0.056965 	0.066005 	 0.009714 
0.298870 	0.092218 	0.061346 	0.069544 	 0.009324 
0.295733 	0.092826 	0.061776 	0.069131 	 0.010079 
0.297255 	0.087104 	0.058064 	0.066936 	 0.009739 
0.305702 	0.079812 	0.052833 	0.063216 	 0.008736 
0.302390 	0.084541 	0.056686 	0.063366 	 0.009474 
0.298326 	0.091076 	0.060654 	0.068999 	 0.009844 
0.299720 	0.089786 	0.059521 	0.069536 	 0.009024 
0.282688 	0.101541 	0.067521 	0.075327 	 0.011286 
0.289300 	0.098972 	0.065757 	0.071959 	 0.009718 
0.288112 	0.105281 	0.069570 	0.078449 	 0.009966 
0.281865 	0.098209 	0.065150 	0.074114 	 0.010065 
0.287999 	0.092417 	0.061849 	0.066357 	 0.009527 
0.286693 	0.095563 	0.063679 	0.070554 	 0.009675 
0.298177 	0.085652 	0.057411 	0.062957 	 0.009372 
0.297327 	0.088213 	0.059153 	0.065871 	 0.009562 
0.291075 	0.092236 	0.061325 	0.069576 	 0.008894 
0.291190 	0.089721 	0.060163 	0.065825 	 0.009949 
0.288717 	0.096702 	0.064999 	0.067847 	 0.009896 
0.283124 	0.105414 	0.070361 	0.076581 	 0.010578 
0.283838 	0.100754 	0.067148 	0.074430 	 0.010295 
0.284834 	0.093563 	0.062670 	0.069182 	 0.010066 
0.282732 	0.105891 	0.070701 	0.076179 	 0.010181 
0.278838 	0.103253 	0.068649 	0.073928 	 0.010012 
0.284389 	0.096869 	0.064652 	0.068929 	 0.008986 
0.272714 	0.106795 	0.071257 	0.075878 	 0.010599 
0.286546 	0.084028 	0.056466 	0.060888 	 0.009229 
0.275374 	0.109509 	0.073268 	0.078868 	 0.010919 
0.275350 	0.098083 	0.065292 	0.071719 	 0.009714 
0.270505 	0.111225 	0.074165 	0.079412 	 0.010773 
0.286115 	0.092880 	0.062573 	0.066502 	 0.009370 
0.270365 	0.106156 	0.071139 	0.075014 	 0.010483 
0.274920 	0.102790 	0.068546 	0.074999 	 0.010130 
0.271278 	0.104623 	0.069672 	0.077166 	 0.010598 
0.280263 	0.091680 	0.061223 	0.068890 	 0.009664 
0.276843 	0.104418 	0.070499 	0.072492 	 0.010567 
0.269110 	0.101511 	0.068370 	0.070596 	 0.010705 
0.273977 	0.107030 	0.071828 	0.075647 	 0.010182 
0.258278 	0.116939 	0.078100 	0.083112 	 0.011597 
0.266598 	0.111285 	0.074396 	0.079255 	 0.010479 
0.262973 	0.104692 	0.070026 	0.073152 	 0.010522 
0.278786 	0.101624 	0.068293 	0.070859 	 0.009931 
0.269440 	0.103238 	0.069254 	0.075165 	 0.010818 
0.264573 	0.111636 	0.075023 	0.078195 	 0.011322 
0.272874 	0.097890 	0.065758 	0.068193 	 0.009398 
0.259964 	0.107538 	0.072633 	0.072736 	 0.010899 
0.255762 	0.110498 	0.074233 	0.077090 	 0.011131 
0.257195 	0.118538 	0.079792 	0.080043 	 0.011419 
0.238812 	0.128042 	0.085628 	0.087543 	 0.011807 
0.257101 	0.110311 	0.074329 	0.075217 	 0.010736 
0.259758 	0.101041 	0.068195 	0.068959 	 0.010732 
0.253959 	0.120487 	0.080497 	0.082761 	 0.011076 
0.263986 	0.105766 	0.071427 	0.072695 	 0.010195 
0.257787 	0.104587 	0.070550 	0.070716 	 0.009931 
0.246963 	0.120770 	0.081379 	0.078324 	 0.010762 
0.253973 	0.118479 	0.079674 	0.077518 	 0.010451 
0.269563 	0.102941 	0.070240 	0.064868 	 0.009307 
0.263083 	0.110995 	0.075601 	0.070194 	 0.010136 
0.260675 	0.105831 	0.071051 	0.073537 	 0.009967 
0.236090 	0.126554 	0.084863 	0.084631 	 0.011461 
0.262544 	0.119036 	0.080204 	0.079849 	 0.010106 
0.247734 	0.112757 	0.076589 	0.072773 	 0.011035 
0.255944 	0.117779 	0.079991 	0.075933 	 0.010658 
0.245015 	0.120032 	0.081026 	0.077631 	 0.010933 
0.226385 	0.132259 	0.088927 	0.087394 	 0.012126 
0.243637 	0.117621 	0.079125 	0.079518 	 0.010870 
0.237927 	0.127134 	0.085404 	0.083726 	 0.011091 
0.236410 	0.127192 	0.085966 	0.080583 	 0.011323 
0.248394 	0.121786 	0.082323 	0.080614 	 0.011153 
0.240056 	0.122697 	0.082782 	0.081882 	 0.011636 
0.246362 	0.121359 	0.082475 	0.076044 	 0.010800 
0.221941 	0.132299 	0.089115 	0.086009 	 0.012097 
0.230816 	0.132596 	0.089589 	0.085514 	 0.011893 
0.232766 	0.124415 	0.083914 	0.083070 	 0.011626 
0.232847 	0.121710 	0.081978 	0.079041 	 0.010860 
0.239582 	0.115991 	0.078603 	0.074376 	 0.010873 
0.226764 	0.134994 	0.091416 	0.085032 	 0.012038 
0.232118 	0.128748 	0.087639 	0.080847 	 0.012097 
0.226644 	0.137694 	0.093027 	0.088304 	 0.011831 
0.241102 	0.107922 	0.073609 	0.065924 	 0.009465 
0.236689 	0.118211 	0.080588 	0.075625 	 0.011377 
0.227998 	0.135422 	0.091508 	0.088907 	 0.012429 
0.218368 	0.131481 	0.088903 	0.083491 	 0.012182 
0.214445 	0.135579 	0.091233 	0.089073 	 0.012532 
0.233411 	0.132501 	0.089981 	0.082231 	 0.011316 
0.217176 	0.136781 	0.092505 	0.087676 	 0.012267 
0.223736 	0.122613 	0.083284 	0.075778 	 0.011072 
0.209372 	0.150166 	0.101484 	0.095426 	 0.013203 
0.212345 	0.139182 	0.094137 	0.086095 	 0.012059 
0.206699 	0.138184 	0.093840 	0.085701 	 0.012905 
0.211893 	0.145958 	0.099032 	0.091839 	 0.012970 
0.221065 	0.128499 	0.087948 	0.076415 	 0.011963 
0.202702 	0.142728 	0.096564 	0.088320 	 0.012651 
0.204639 	0.154966 	0.105041 	0.096136 	 0.013562 
0.218734 	0.135017 	0.091780 	0.083891 	 0.012283 
0.209613 	0.143332 	0.097703 	0.087275 	 0.013086 
0.203994 	0.139329 	0.094583 	0.086394 	 0.012588 
0.197680 	0.154023 	0.104319 	0.094872 	 0.013274 
0.208968 	0.135251 	0.091894 	0.086202 	 0.012964 
0.208800 	0.145004 	0.098631 	0.086701 	 0.012266 
0.199670 	0.147997 	0.100225 	0.092473 	 0.012810 
0.209557 	0.135577 	0.092337 	0.080493 	 0.011187 
0.199918 	0.146683 	0.099809 	0.089294 	 0.013192 
0.204839 	0.144381 	0.098072 	0.089176 	 0.013002 
0.186008 	0.165861 	0.112066 	0.103460 	 0.013990 
0.191699 	0.156887 	0.106434 	0.096428 	 0.013889 
0.193388 	0.143296 	0.097657 	0.084036 	 0.012248 
0.199042 	0.146838 	0.099964 	0.087407 	 0.012955 
0.190595 	0.151814 	0.103123 	0.094569 	 0.013830 
0.208800 	0.142550 	0.097604 	0.084902 	 0.012304 
0.192990 	0.146740 	0.099973 	0.089682 	 0.013600 
0.191785 	0.143903 	0.097974 	0.086335 	 0.012604 
0.187269 	0.153339 	0.104802 	0.089671 	 0.013576 
0.180954 	0.155293 	0.105162 	0.093827 	 0.013429 
0.198923 	0.140433 	0.096247 	0.083235 	 0.012633 
0.191357 	0.148805 	0.101309 	0.090302 	 0.012540 
0.188281 	0.150680 	0.103078 	0.087367 	 0.013181 
0.188027 	0.153087 	0.104226 	0.092335 	 0.013173 
0.184555 	0.148657 	0.101550 	0.087662 	 0.013432 
0.179928 	0.167745 	0.114134 	0.100429 	 0.014083 
0.186103 	0.153084 	0.104425 	0.090898 	 0.012944 
0.171536 	0.170624 	0.115905 	0.103709 	 0.015381 
0.182607 	0.157177 	0.107268 	0.092681 	 0.013179 
0.177071 	0.167583 	0.114245 	0.098615 	 0.014436 
0.189264 	0.147243 	0.100656 	0.085827 	 0.012062 
0.185103 	0.153095 	0.104773 	0.087607 	 0.012533 
0.174265 	0.170353 	0.116027 	0.103308 	 0.014911 
0.179047 	0.160038 	0.109333 	0.093670 	 0.013412 
0.178095 	0.152535 	0.104099 	0.089856 	 0.012928 
0.162333 	0.161422 	0.110337 	0.095543 	 0.014821 
0.174148 	0.161331 	0.110572 	0.092368 	 0.013583 
0.158739 	0.174198 	0.118041 	0.105728 	 0.014636 
0.166784 	0.166888 	0.114247 	0.096012 	 0.013844 
0.164249 	0.165734 	0.113177 	0.097955 	 0.014432 
0.188559 	0.152621 	0.105065 	0.084976 	 0.012203 
0.177024 	0.154653 	0.106248 	0.088093 	 0.012876 
0.169001 	0.157903 	0.108316 	0.090301 	 0.013556 
0.165417 	0.163037 	0.111347 	0.095031 	 0.013917 
0.170649 	0.165136 	0.113107 	0.095364 	 0.013846 
0.164792 	0.167224 	0.114585 	0.095922 	 0.014039 
0.171510 	0.161286 	0.110486 	0.094064 	 0.013530 
0.171215 	0.171758 	0.117111 	0.100792 	 0.014034 
0.172020 	0.155505 	0.107411 	0.086683 	 0.013710 
0.161639 	0.171730 	0.117655 	0.098781 	 0.014814 
0.162107 	0.155520 	0.106784 	0.087101 	 0.012988 
0.161358 	0.172797 	0.118601 	0.098342 	 0.013931 
0.165651 	0.164142 	0.112213 	0.095461 	 0.013597 
0.155468 	0.166643 	0.113798 	0.095534 	 0.013609 
0.160667 	0.168499 	0.115384 	0.098364 	 0.014504 
0.154775 	0.170685 	0.116791 	0.099423 	 0.014591 
0.151430 	0.172441 	0.118455 	0.097029 	 0.014564 
0.146608 	0.175763 	0.120068 	0.102395 	 0.014940 
0.166814 	0.169751 	0.116903 	0.095134 	 0.014096 
0.171782 	0.158908 	0.109281 	0.090957 	 0.013215 
0.157414 	0.176524 	0.121169 	0.099128 	 0.014075 
0.146539 	0.179726 	0.123051 	0.102215 	 0.014988 
0.140721 	0.186579 	0.127771 	0.109094 	 0.016031 
0.148638 	0.180921 	0.124025 	0.101158 	 0.014950 
0.147734 	0.175897 	0.120840 	0.099254 	 0.014594 
0.148885 	0.175178 	0.119795 	0.099391 	 0.014199 
0.141120 	0.181997 	0.124911 	0.101368 	 0.014595 
0.149101 	0.180378 	0.123728 	0.102285 	 0.014515 
0.142699 	0.177903 	0.122016 	0.101525 	 0.014827 
0.159200 	0.160925 	0.111258 	0.086506 	 0.013723 
0.146767 	0.178699 	0.122650 	0.101433 	 0.014835 
0.158692 	0.164701 	0.113769 	0.086898 	 0.012833 
0.148315 	0.170361 	0.117678 	0.093760 	 0.014161 
0.142908 	0.175798 	0.120870 	0.096969 	 0.014611 
0.149371 	0.170616 	0.117829 	0.090645 	 0.013792 
0.152194 	0.178068 	0.122909 	0.098145 	 0.014421 
0.154213 	0.170655 	0.117608 	0.093402 	 0.013858 
0.147081 	0.179962 	0.123718 	0.099284 	 0.014602 
0.141593 	0.187435 	0.128746 	0.106581 	 0.015328 
0.150080 	0.168847 	0.116748 	0.092384 	 0.013878 
0.148180 	0.172863 	0.120002 	0.092347 	 0.014659 
0.145349 	0.179379 	0.123630 	0.101248 	 0.014491 
0.139722 	0.182855 	0.126083 	0.102220 	 0.015126 
0.127854 	0.194767 	0.133542 	0.108298 	 0.015397 
0.144155 	0.170833 	0.118604 	0.092594 	 0.014460 
0.150699 	0.169840 	0.117875 	0.090512 	 0.013808 
0.133689 	0.188493 	0.129767 	0.103403 	 0.014884 
0.127239 	0.180141 	0.124562 	0.097536 	 0.014958 
0.148538 	0.174621 	0.121080 	0.090557 	 0.013664 
0.133577 	0.176677 	0.122100 	0.093831 	 0.014142 
0.132826 	0.173210 	0.120164 	0.090591 	 0.014296 
0.132834 	0.180033 	0.124582 	0.096356 	 0.014778 
0.147342 	0.177654 	0.122637 	0.097693 	 0.014021 
0.122712 	0.198827 	0.136932 	0.106781 	 0.015663 
0.146651 	0.177371 	0.122769 	0.094048 	 0.013578 
0.138803 	0.180051 	0.124589 	0.095869 	 0.014049 
0.132140 	0.179514 	0.124929 	0.093400 	 0.014916 
0.127620 	0.182258 	0.126172 	0.096766 	 0.014668 
0.148110 	0.158882 	0.111164 	0.080388 	 0.013273 
0.123813 	0.180876 	0.124406 	0.100000 	 0.014616 
0.124991 	0.189011 	0.130871 	0.098526 	 0.014879 
0.127638 	0.188103 	0.130215 	0.101051 	 0.015199 
0.128257 	0.190401 	0.131508 	0.104338 	 0.014988 
0.131684 	0.178687 	0.124041 	0.093680 	 0.013983 
0.125087 	0.190739 	0.132164 	0.101255 	 0.015286 
0.125710 	0.197753 	0.136914 	0.105732 	 0.015460 
0.130176 	0.170903 	0.119119 	0.088769 	 0.014058 
0.123571 	0.189422 	0.131604 	0.097984 	 0.015034 
0.126935 	0.180223 	0.125403 	0.092959 	 0.014461 
0.127957 	0.186159 	0.129585 	0.096181 	 0.015106 
0.137952 	0.181328 	0.126202 	0.095182 	 0.014725 
0.121511 	0.188074 	0.130278 	0.100018 	 0.015536 
0.102670 	0.195268 	0.135214 	0.102414 	 0.016036 
0.116253 	0.198438 	0.137628 	0.103486 	 0.015577 
0.120059 	0.187968 	0.130835 	0.095875 	 0.014955 
0.113729 	0.204035 	0.141426 	0.107128 	 0.015951 
0.109997 	0.194798 	0.134718 	0.103621 	 0.015707 
0.127758 	0.186228 	0.129635 	0.096491 	 0.014514 
0.127203 	0.191581 	0.133310 	0.100309 	 0.015199 
0.133784 	0.173042 	0.121291 	0.086902 	 0.014154 
0.123723 	0.190681 	0.132269 	0.099569 	 0.014466 
0.104076 	0.200817 	0.139603 	0.103993 	 0.015898 
0.110126 	0.195974 	0.136326 	0.100599 	 0.015440 
0.119183 	0.189727 	0.132495 	0.096091 	 0.014981 
0.122915 	0.191810 	0.133981 	0.097563 	 0.014764 
0.121633 	0.192198 	0.134023 	0.101185 	 0.014886 
0.119675 	0.188523 	0.131207 	0.099778 	 0.015139 
0.111921 	0.184466 	0.128953 	0.092949 	 0.014954 
0.120554 	0.184259 	0.128880 	0.090865 	 0.014411 
0.104259 	0.184087 	0.128224 	0.095147 	 0.014824 
0.121966 	0.190084 	0.132925 	0.097444 	 0.014605 
0.117948 	0.191183 	0.133452 	0.095979 	 0.014700 
0.101406 	0.207402 	0.143867 	0.110730 	 0.016549 
0.102757 	0.193978 	0.135350 	0.098376 	 0.015958 
0.098855 	0.202712 	0.141427 	0.104637 	 0.016800 
0.103430 	0.200358 	0.139545 	0.103409 	 0.015908 
0.113348 	0.192946 	0.134844 	0.097054 	 0.015158 
0.106609 	0.198790 	0.138403 	0.103350 	 0.015766 
0.117452 	0.184552 	0.129509 	0.090031 	 0.014409 
0.120652 	0.177845 	0.124719 	0.086741 	 0.013195 
0.102654 	0.204291 	0.142549 	0.103824 	 0.016062 
0.104517 	0.198626 	0.138629 	0.100416 	 0.015697 
0.109866 	0.189938 	0.133304 	0.093585 	 0.014942 
0.107452 	0.192591 	0.134802 	0.096047 	 0.015153 
0.102999 	0.202824 	0.141496 	0.104364 	 0.016129 
0.117285 	0.179615 	0.126354 	0.086492 	 0.014246 
0.113890 	0.192041 	0.134692 	0.094615 	 0.014848 
0.097563 	0.202931 	0.141255 	0.103100 	 0.015633 
0.103660 	0.196585 	0.137800 	0.097077 	 0.015414 
0.116369 	0.183209 	0.128752 	0.090379 	 0.014345 
0.095080 	0.187295 	0.132038 	0.088658 	 0.015342 
0.102171 	0.200886 	0.140311 	0.103889 	 0.015815 
0.093539 	0.205371 	0.143377 	0.104377 	 0.015959 
0.091149 	0.205242 	0.143298 	0.105704 	 0.016165 
0.107666 	0.184755 	0.130030 	0.089251 	 0.014245 
0.111227 	0.180061 	0.126983 	0.086286 	 0.014618 
0.098426 	0.201128 	0.140726 	0.099898 	 0.014899 
0.099258 	0.191150 	0.134633 	0.091714 	 0.015170 
0.101929 	0.189427 	0.133410 	0.090905 	 0.014452 
0.098116 	0.205300 	0.143398 	0.104403 	 0.016203 
0.101449 	0.198852 	0.139495 	0.098604 	 0.016025 
0.095745 	0.193020 	0.136133 	0.090893 	 0.015000 
0.101148 	0.199151 	0.140007 	0.100190 	 0.016094 
0.094903 	0.197665 	0.138903 	0.096432 	 0.015470 
0.083967 	0.209149 	0.146374 	0.105613 	 0.016826 
0.098782 	0.202140 	0.142495 	0.098434 	 0.016423 
0.095336 	0.197563 	0.139050 	0.095987 	 0.016174 
0.100201 	0.203310 	0.143090 	0.096930 	 0.015335 
0.094155 	0.195052 	0.137484 	0.093713 	 0.015363 
0.099049 	0.198969 	0.139829 	0.098326 	 0.015221 
0.107888 	0.185446 	0.131456 	0.086365 	 0.014536 
0.100487 	0.191319 	0.135111 	0.092204 	 0.015255 
0.093454 	0.202580 	0.142699 	0.098037 	 0.015747 
0.100282 	0.189565 	0.133897 	0.090560 	 0.015081 
0.092569 	0.199007 	0.140562 	0.095090 	 0.015548 
0.092639 	0.202729 	0.142420 	0.099883 	 0.015544 
0.101794 	0.183640 	0.130530 	0.086852 	 0.015593 
0.091564 	0.202549 	0.142879 	0.097373 	 0.016022 
0.109117 	0.187976 	0.133209 	0.088772 	 0.014061 
0.089400 	0.194953 	0.137872 	0.092539 	 0.015539 
0.089416 	0.189116 	0.134032 	0.088810 	 0.015228 
0.092892 	0.190083 	0.134735 	0.088793 	 0.015299 
0.099404 	0.192769 	0.136542 	0.089425 	 0.015015 
0.085563 	0.201695 	0.142379 	0.095930 	 0.015536 
0.112943 	0.188049 	0.133533 	0.088322 	 0.014174 
0.084504 	0.206250 	0.145532 	0.097400 	 0.015798 
0.094377 	0.193074 	0.136806 	0.090545 	 0.015341 
0.098521 	0.190261 	0.135725 	0.084215 	 0.015065 
0.088451 	0.199847 	0.141789 	0.091886 	 0.015564 
0.072129 	0.216235 	0.151949 	0.106700 	 0.016966 
0.086948 	0.204441 	0.144396 	0.097264 	 0.015502 
0.097655 	0.197921 	0.140310 	0.090342 	 0.014824 
0.078720 	0.204240 	0.144472 	0.095632 	 0.015870 
0.096878 	0.198987 	0.141284 	0.092785 	 0.015680 
0.081666 	0.201830 	0.142758 	0.096262 	 0.016117 
0.085860 	0.212845 	0.150257 	0.102109 	 0.016137 
0.079638 	0.209021 	0.147581 	0.100837 	 0.016199 
0.084050 	0.206089 	0.145747 	0.098527 	 0.015740 
0.095559 	0.198132 	0.140668 	0.092887 	 0.014748 
0.086726 	0.199729 	0.141842 	0.091717 	 0.015486 
0.092971 	0.196717 	0.140880 	0.087998 	 0.015964 
0.084515 	0.198790 	0.141244 	0.093931 	 0.016310 
0.077223 	0.213343 	0.150505 	0.104943 	 0.016504 
0.077257 	0.207817 	0.147162 	0.098511 	 0.015975 
0.082575 	0.209374 	0.148426 	0.098994 	 0.016032 
0.086112 	0.203792 	0.145191 	0.091458 	 0.015669 
0.082415 	0.209773 	0.148600 	0.098320 	 0.015917 
0.086859 	0.201206 	0.143239 	0.090591 	 0.014905 
0.094128 	0.190088 	0.135872 	0.085352 	 0.014394 
0.087584 	0.204756 	0.145695 	0.092827 	 0.015497 
0.083167 	0.208066 	0.147833 	0.096845 	 0.015629 
0.076680 	0.206658 	0.146610 	0.096814 	 0.015641 
0.090894 	0.200194 	0.142918 	0.091085 	 0.015377 
0.095859 	0.191397 	0.137301 	0.086068 	 0.015179 
0.081993 	0.198937 	0.142349 	0.085302 	 0.015215 
0.071509 	0.210525 	0.150140 	0.096272 	 0.016878 
0.077649 	0.204853 	0.145766 	0.093349 	 0.015563 
0.079261 	0.212979 	0.150822 	0.101155 	 0.015439 
0.084143 	0.199666 	0.142706 	0.088876 	 0.014983 
0.062271 	0.214482 	0.151953 	0.100000 	 0.016273 
0.082821 	0.204579 	0.146023 	0.093307 	 0.015660 
0.080830 	0.196250 	0.140345 	0.090155 	 0.015205 
0.073223 	0.214305 	0.152288 	0.100544 	 0.016945 
0.067787 	0.222579 	0.157893 	0.104307 	 0.017158 
0.088550 	0.202677 	0.144970 	0.092414 	 0.015970 
0.082338 	0.200982 	0.143589 	0.089796 	 0.015131 
0.063079 	0.221265 	0.156890 	0.105169 	 0.017136 
0.087010 	0.200080 	0.143509 	0.086822 	 0.014551 
0.082810 	0.200365 	0.143494 	0.090127 	 0.015549 
0.067655 	0.225406 	0.159494 	0.108376 	 0.016789 
0.078132 	0.210900 	0.150258 	0.096284 	 0.015311 
0.071586 	0.207683 	0.148486 	0.092635 	 0.015867 
0.069431 	0.206546 	0.147635 	0.094363 	 0.015997 
0.063662 	0.222662 	0.158503 	0.104808 	 0.017555 
0.065348 	0.219816 	0.156444 	0.101284 	 0.016485 
0.074173 	0.211019 	0.151056 	0.093350 	 0.015873 
0.080206 	0.205319 	0.147100 	0.091211 	 0.015464 
0.063175 	0.221519 	0.157439 	0.105258 	 0.017687 
0.079401 	0.202071 	0.145535 	0.087008 	 0.015949 
0.061541 	0.224998 	0.160111 	0.104040 	 0.017160 
0.064814 	0.212776 	0.152638 	0.094133 	 0.017263 
0.076257 	0.205931 	0.147686 	0.092676 	 0.015957 
0.066498 	0.212836 	0.151865 	0.097516 	 0.016590 
0.067234 	0.218495 	0.155767 	0.099049 	 0.016156 
0.087484 	0.197543 	0.142577 	0.086111 	 0.015533 
0.072827 	0.211973 	0.152472 	0.092136 	 0.016364 
0.078847 	0.195602 	0.140738 	0.083021 	 0.013879 
0.065578 	0.216223 	0.154508 	0.099284 	 0.017087 
0.060425 	0.213881 	0.153265 	0.096244 	 0.016366 
0.070965 	0.203946 	0.146757 	0.088751 	 0.015406 
0.083302 	0.193626 	0.139851 	0.083183 	 0.014843 
0.058898 	0.221087 	0.158242 	0.100085 	 0.016783 
0.081524 	0.203554 	0.146704 	0.088515 	 0.015309 
0.073324 	0.205809 	0.148250 	0.088082 	 0.016123 
0.073129 	0.211355 	0.152210 	0.092434 	 0.015961 
0.068742 	0.199964 	0.145194 	0.081941 	 0.016630 
0.063181 	0.217323 	0.155853 	0.096156 	 0.016110 
0.083338 	0.201061 	0.145455 	0.083986 	 0.015308 
0.068898 	0.215337 	0.154441 	0.095534 	 0.015490 
0.071245 	0.196985 	0.142828 	0.081824 	 0.014896 
0.070603 	0.216532 	0.155514 	0.094235 	 0.015695 
0.067144 	0.214015 	0.154208 	0.092824 	 0.016455 
0.065695 	0.221071 	0.158641 	0.100271 	 0.016743 
0.082342 	0.196777 	0.142963 	0.079600 	 0.014482 
0.073446 	0.203260 	0.147454 	0.085053 	 0.015661 
0.069488 	0.200169 	0.144977 	0.084340 	 0.015269 
0.054427 	0.214772 	0.154197 	0.094009 	 0.016237 
0.058299 	0.214096 	0.153752 	0.096003 	 0.016265 
0.064927 	0.204990 	0.148336 	0.087681 	 0.015826 
0.064743 	0.205003 	0.148007 	0.088894 	 0.015010 
0.067657 	0.204792 	0.148423 	0.085638 	 0.015818 
0.071895 	0.201632 	0.146284 	0.084267 	 0.015195 
0.078129 	0.203150 	0.147666 	0.084169 	 0.015830 
0.082595 	0.206916 	0.150112 	0.087079 	 0.015508 
0.072224 	0.202359 	0.146345 	0.087031 	 0.015129 
0.074076 	0.201262 	0.146755 	0.080054 	 0.015368 
0.067096 	0.217036 	0.156914 	0.090595 	 0.015788 
0.061623 	0.210736 	0.152453 	0.088954 	 0.015697 
0.081393 	0.196785 	0.143754 	0.081389 	 0.015592 
0.056634 	0.218028 	0.157380 	0.093185 	 0.016400 
0.073334 	0.207325 	0.150249 	0.087330 	 0.015223 
0.075109 	0.206118 	0.149603 	0.086261 	 0.014790 
0.076604 	0.204734 	0.149125 	0.085272 	 0.015988 
0.063870 	0.218459 	0.157889 	0.094600 	 0.016318 
0.075086 	0.201615 	0.146901 	0.082546 	 0.015533 
0.078946 	0.197005 	0.143750 	0.081663 	 0.015603 
0.074976 	0.206058 	0.149950 	0.086102 	 0.016056 
0.062998 	0.216646 	0.156738 	0.093726 	 0.015944 
0.076622 	0.195330 	0.143084 	0.077096 	 0.014958 
0.067181 	0.208472 	0.152052 	0.083836 	 0.016220 
0.055200 	0.207361 	0.151180 	0.083581 	 0.016481 
0.085034 	0.194218 	0.142471 	0.076702 	 0.014333 
0.065620 	0.206927 	0.150449 	0.087367 	 0.015563 
0.061289 	0.224440 	0.162360 	0.096014 	 0.016589 
0.063936 	0.210092 	0.152612 	0.089257 	 0.015705 
0.062585 	0.207009 	0.150898 	0.085280 	 0.015382 
0.072533 	0.203606 	0.148794 	0.083403 	 0.015455 
0.053506 	0.217566 	0.158042 	0.092817 	 0.017326 
0.053620 	0.210555 	0.153328 	0.088054 	 0.016776 
0.071226 	0.207842 	0.152372 	0.082697 	 0.016178 
0.053842 	0.234126 	0.168398 	0.106791 	 0.017700 
0.060302 	0.203094 	0.148508 	0.083785 	 0.016044 
0.083050 	0.200717 	0.147602 	0.078923 	 0.015261 
0.070763 	0.201743 	0.147976 	0.081295 	 0.015889 
0.067571 	0.217442 	0.158115 	0.091837 	 0.015765 
0.085138 	0.197398 	0.145212 	0.076399 	 0.014469 
0.051760 	0.226470 	0.164378 	0.096000 	 0.017141 
0.078307 	0.206601 	0.151753 	0.080214 	 0.014976 
0.061752 	0.215435 	0.156876 	0.091800 	 0.016991 
0.079277 	0.210941 	0.154076 	0.087353 	 0.015555 
0.057183 	0.214378 	0.157107 	0.085256 	 0.016717 
0.058226 	0.213332 	0.155983 	0.086867 	 0.016600 
0.063976 	0.217668 	0.158683 	0.092537 	 0.016491 
0.060549 	0.213673 	0.155838 	0.090536 	 0.016522 
0.058379 	0.208371 	0.152479 	0.086594 	 0.016264 
0.055559 	0.210829 	0.154581 	0.088025 	 0.016779 
0.065807 	0.215467 	0.157607 	0.087857 	 0.016254 
0.079010 	0.198085 	0.146717 	0.073203 	 0.015275 
0.076456 	0.213484 	0.156481 	0.087630 	 0.015668 
0.071605 	0.212520 	0.155778 	0.087099 	 0.015965 
0.079797 	0.199593 	0.147343 	0.077703 	 0.015036 
0.081041 	0.190792 	0.142042 	0.069815 	 0.014987 
0.075848 	0.204020 	0.150447 	0.079692 	 0.015687 
0.079537 	0.192683 	0.143280 	0.071451 	 0.015287 
0.088408 	0.193469 	0.143626 	0.073931 	 0.014376 
0.077091 	0.209490 	0.154065 	0.086115 	 0.016530 
0.084931 	0.187848 	0.139820 	0.072134 	 0.014915 
0.082420 	0.202268 	0.149870 	0.077773 	 0.015360 
0.074616 	0.210385 	0.154939 	0.083828 	 0.015883 
0.070798 	0.205238 	0.151978 	0.080001 	 0.016354 
0.076006 	0.206864 	0.152670 	0.083804 	 0.016683 
0.093451 	0.196262 	0.146162 	0.074045 	 0.014760 
0.072612 	0.205357 	0.151468 	0.081369 	 0.015984 
0.080971 	0.196262 	0.146139 	0.073539 	 0.015711 
0.080505 	0.193344 	0.144069 	0.072266 	 0.015337 
0.088516 	0.200397 	0.148904 	0.074227 	 0.014111 
0.096621 	0.197992 	0.147120 	0.075122 	 0.014390 
0.086129 	0.188237 	0.140588 	0.068702 	 0.013888 
0.080549 	0.198254 	0.147206 	0.077027 	 0.015758 
0.071148 	0.211890 	0.156624 	0.084429 	 0.016552 
0.075358 	0.203287 	0.151230 	0.075928 	 0.015320 
0.082273 	0.207372 	0.153686 	0.081542 	 0.015707 
0.084139 	0.195336 	0.145787 	0.072139 	 0.014604 
0.097878 	0.188044 	0.141552 	0.064699 	 0.013941 
0.094082 	0.194547 	0.145466 	0.070883 	 0.014377 
0.088887 	0.196735 	0.147306 	0.073105 	 0.015306 
0.099930 	0.180034 	0.136124 	0.061800 	 0.013983 
0.087508 	0.201748 	0.150272 	0.077502 	 0.014226 
0.073246 	0.214141 	0.158449 	0.084486 	 0.016468 
0.105127 	0.186985 	0.140783 	0.066863 	 0.013506 
0.085622 	0.197866 	0.148037 	0.075191 	 0.015798 
0.076481 	0.202726 	0.151485 	0.075437 	 0.015651 
0.093980 	0.189332 	0.142557 	0.068085 	 0.014561 
0.087589 	0.199397 	0.149528 	0.074087 	 0.015743 
0.083068 	0.199991 	0.149422 	0.075567 	 0.015369 
0.088895 	0.204669 	0.152375 	0.081166 	 0.015556 
0.085807 	0.193205 	0.145155 	0.071348 	 0.015216 
0.096500 	0.181608 	0.137478 	0.062943 	 0.014279 
0.088844 	0.202160 	0.151552 	0.074239 	 0.015614 
0.077932 	0.204815 	0.152754 	0.076736 	 0.015360 
0.098008 	0.189221 	0.143153 	0.067242 	 0.014332 
0.100773 	0.187298 	0.141733 	0.068624 	 0.014936 
0.090283 	0.204393 	0.152972 	0.077222 	 0.015327 
0.086495 	0.203828 	0.152469 	0.076436 	 0.015184 
0.098483 	0.187573 	0.142227 	0.063774 	 0.014118 
0.087533 	0.198372 	0.149308 	0.071400 	 0.015477 
0.092372 	0.199931 	0.150142 	0.072536 	 0.015006 
0.102951 	0.183550 	0.139782 	0.062214 	 0.014700 
0.100431 	0.182294 	0.138794 	0.062179 	 0.014625 
0.106127 	0.184179 	0.140559 	0.058966 	 0.013937 
0.088533 	0.199598 	0.150159 	0.072811 	 0.015208 
0.110886 	0.172598 	0.132899 	0.053995 	 0.013689 
0.092356 	0.198007 	0.148711 	0.075589 	 0.015382 
0.109158 	0.187038 	0.142144 	0.063102 	 0.013486 
0.087369 	0.208557 	0.155791 	0.081821 	 0.015660 
0.097115 	0.192367 	0.145539 	0.066563 	 0.014129 
0.100686 	0.194785 	0.147393 	0.070675 	 0.014479 
0.096111 	0.192895 	0.145708 	0.069002 	 0.014147 
0.106283 	0.187148 	0.142369 	0.064302 	 0.013598 
0.105527 	0.190258 	0.144226 	0.064914 	 0.013695 
0.102501 	0.184935 	0.140867 	0.063916 	 0.013892 
0.109342 	0.188523 	0.144037 	0.062674 	 0.013974 
0.109569 	0.176679 	0.136331 	0.054182 	 0.013810 
0.090242 	0.204568 	0.153327 	0.077861 	 0.014827 
0.104290 	0.194515 	0.147465 	0.072264 	 0.015579 
0.073652 	0.215434 	0.161393 	0.082110 	 0.016343 
0.100790 	0.182840 	0.140206 	0.059739 	 0.014234 
0.105398 	0.180951 	0.139350 	0.058160 	 0.014259 
0.097192 	0.191104 	0.145810 	0.066214 	 0.015250 
0.097397 	0.193909 	0.147831 	0.066406 	 0.014971 
0.075671 	0.219272 	0.163775 	0.085961 	 0.016951 
0.086082 	0.201088 	0.152411 	0.073361 	 0.016286 
0.087780 	0.192753 	0.147029 	0.064531 	 0.015273 
0.094638 	0.197166 	0.150143 	0.067587 	 0.015545 
0.094323 	0.197571 	0.150331 	0.068698 	 0.015222 
0.091338 	0.194256 	0.148092 	0.067277 	 0.014814 
0.084105 	0.198467 	0.150909 	0.068182 	 0.015253 
0.077024 	0.202358 	0.153570 	0.070798 	 0.015660 
0.105206 	0.180675 	0.139034 	0.058636 	 0.013642 
0.100983 	0.184401 	0.141488 	0.060350 	 0.013256 
0.099920 	0.186076 	0.142927 	0.060625 	 0.013800 
0.084587 	0.191017 	0.146172 	0.063827 	 0.015268 
0.100735 	0.184728 	0.142204 	0.060763 	 0.013729 
0.089265 	0.187269 	0.143503 	0.064669 	 0.015522 
0.094023 	0.195741 	0.148650 	0.070768 	 0.014654 
0.082821 	0.197255 	0.150921 	0.068456 	 0.015712 
0.096556 	0.191928 	0.147337 	0.064413 	 0.015216 
0.091437 	0.182354 	0.140862 	0.059872 	 0.014896 
0.083985 	0.195994 	0.149487 	0.069657 	 0.015688 
0.083201 	0.190045 	0.145991 	0.061877 	 0.014963 
0.084241 	0.197359 	0.150770 	0.069658 	 0.016108 
0.089900 	0.194738 	0.149292 	0.067899 	 0.015563 
0.092360 	0.186879 	0.144114 	0.058153 	 0.014640 
0.114459 	0.175482 	0.136849 	0.054984 	 0.013320 
0.089273 	0.202320 	0.154168 	0.070361 	 0.015040 
0.089673 	0.176299 	0.136971 	0.053423 	 0.014163 
0.108780 	0.179773 	0.140207 	0.054516 	 0.014288 
0.097922 	0.178271 	0.138902 	0.053553 	 0.014151 
0.091702 	0.193306 	0.148623 	0.063437 	 0.014771 
0.092277 	0.193499 	0.149206 	0.063387 	 0.015753 
0.104854 	0.180678 	0.140337 	0.057883 	 0.014093 
0.092762 	0.181941 	0.140966 	0.060851 	 0.014972 
0.088967 	0.199214 	0.152864 	0.066229 	 0.015398 
0.103260 	0.178334 	0.139210 	0.055704 	 0.014422 
0.100466 	0.176412 	0.137775 	0.054105 	 0.014083 
0.095545 	0.190737 	0.147048 	0.062724 	 0.014714 
0.088750 	0.197858 	0.151957 	0.067918 	 0.015814 
0.096765 	0.185080 	0.144045 	0.055392 	 0.014747 
0.089637 	0.176389 	0.137515 	0.053873 	 0.014191 
0.110939 	0.173892 	0.136711 	0.051141 	 0.013382 
0.078784 	0.196237 	0.151150 	0.067284 	 0.016129 
0.097653 	0.183993 	0.143016 	0.058815 	 0.013752 
0.094106 	0.182436 	0.142345 	0.056724 	 0.015053 
0.087165 	0.186021 	0.144824 	0.058029 	 0.015663 
0.093986 	0.190053 	0.147736 	0.059769 	 0.015244 
0.103222 	0.171605 	0.135035 	0.052820 	 0.014114 
0.071434 	0.208304 	0.159258 	0.073896 	 0.016248 
