0.178049 0.211030 0.194325 0.232920 0.189822 0.176943 0.176276 0.305937 0.364480 0.336050 0.402300 0.328411 0.303917 0.304553 0.372300 0.366204 0.192276 0.505036 0.296400 0.370472 0.059620 0.177885 0.210782 0.194241 0.232929 0.190632 0.176719 0.176490 
0.152545 0.163114 0.147700 0.178167 0.144148 0.151443 0.152268 0.262672 0.281257 0.254986 0.306796 0.248872 0.260796 0.262469 0.497912 0.267915 0.090450 0.412224 0.251518 0.496994 0.116567 0.151445 0.162531 0.146860 0.177664 0.144209 0.150405 0.151691 
0.123728 0.141502 0.124716 0.156958 0.129638 0.122965 0.132873 0.212731 0.243282 0.214389 0.269594 0.223088 0.211379 0.228397 0.541895 0.209686 0.075421 0.360295 0.205248 0.543654 0.087278 0.124242 0.140742 0.123885 0.156148 0.129510 0.123603 0.132741 
0.111666 0.125055 0.111472 0.138075 0.118678 0.111539 0.122055 0.190834 0.214298 0.191137 0.236428 0.203457 0.190537 0.209487 0.560432 0.175463 0.070622 0.340001 0.178677 0.559013 0.073999 0.112317 0.123960 0.110983 0.136781 0.118244 0.112247 0.122070 
0.100508 0.117227 0.106236 0.128621 0.113695 0.100751 0.116763 0.170931 0.200447 0.181809 0.219490 0.194474 0.171324 0.200149 0.534613 0.180763 0.068173 0.344248 0.180684 0.536179 0.069473 0.101065 0.116676 0.105758 0.128117 0.113513 0.100917 0.116919 
0.096358 0.112196 0.101877 0.123302 0.110849 0.096603 0.111247 0.163410 0.191121 0.173522 0.209688 0.188894 0.163952 0.189878 0.501633 0.179891 0.064758 0.331845 0.175309 0.502235 0.060322 0.096330 0.111251 0.100845 0.122499 0.110343 0.096110 0.110744 
0.092036 0.105832 0.098497 0.114605 0.107362 0.092582 0.108377 0.155829 0.179616 0.167162 0.194272 0.182221 0.156954 0.184437 0.499005 0.205148 0.062459 0.348912 0.191207 0.499204 0.058788 0.091713 0.104945 0.097394 0.113834 0.106852 0.091401 0.107504 
0.088540 0.100767 0.093991 0.109553 0.104193 0.088451 0.104373 0.149125 0.170087 0.158540 0.184559 0.175658 0.149071 0.176728 0.502528 0.222113 0.065065 0.380680 0.207312 0.501365 0.065442 0.086941 0.099214 0.092015 0.108420 0.103017 0.086843 0.102436 
0.085464 0.097462 0.091717 0.104873 0.101886 0.085470 0.102298 0.143590 0.163541 0.153890 0.175647 0.170760 0.143533 0.172422 0.489886 0.223479 0.067231 0.374190 0.198303 0.487846 0.082882 0.083496 0.095579 0.089468 0.103198 0.100427 0.083481 0.100072 
0.083365 0.096633 0.091124 0.102548 0.101202 0.083351 0.101800 0.139715 0.161933 0.152627 0.171842 0.169267 0.139629 0.171244 0.492345 0.241031 0.073447 0.394092 0.212946 0.490209 0.080653 0.080977 0.094641 0.088886 0.101894 0.099484 0.080940 0.099673 
0.081538 0.093973 0.089582 0.100018 0.098880 0.081534 0.101120 0.136459 0.156710 0.149422 0.166807 0.164555 0.136398 0.169495 0.501869 0.247400 0.069545 0.396623 0.211136 0.499074 0.098184 0.079144 0.091633 0.086988 0.098222 0.096831 0.079120 0.098516 
0.080079 0.092552 0.088833 0.098307 0.098001 0.080099 0.100545 0.133195 0.153530 0.147459 0.162799 0.162459 0.133175 0.167932 0.472569 0.259707 0.081449 0.402382 0.217877 0.469200 0.108092 0.077407 0.089846 0.085797 0.095956 0.095548 0.077368 0.097714 
0.079483 0.091858 0.088441 0.097592 0.097759 0.079537 0.100400 0.131212 0.151768 0.146114 0.160727 0.161170 0.131248 0.167002 0.471700 0.242800 0.073110 0.389220 0.206996 0.469954 0.100149 0.076575 0.088794 0.084912 0.094799 0.094848 0.076403 0.097157 
0.078503 0.091821 0.088254 0.096605 0.097499 0.078579 0.100397 0.128979 0.150387 0.145165 0.158253 0.160212 0.129182 0.166269 0.466486 0.232468 0.068716 0.369550 0.193516 0.463233 0.090916 0.074925 0.088155 0.084557 0.093616 0.094351 0.074951 0.096745 
0.077830 0.091438 0.088093 0.096309 0.097402 0.077914 0.100331 0.127119 0.149189 0.144215 0.156518 0.159350 0.127398 0.165644 0.459513 0.240187 0.067010 0.382648 0.199611 0.457458 0.095845 0.074067 0.087570 0.084131 0.092641 0.093823 0.074111 0.096427 
