0.223021 0.179036 0.186577 0.210790 0.202227 0.221685 0.192576 0.385680 0.305837 0.321826 0.361456 0.349363 0.383373 0.333007 0.046248 0.118647 0.030776 0.121367 0.030070 0.050442 0.177233 0.222632 0.174189 0.184542 0.207807 0.200625 0.221341 0.192072 
0.190827 0.163312 0.143912 0.195632 0.151853 0.190170 0.146908 0.328448 0.284341 0.248416 0.338905 0.261999 0.327263 0.253590 0.102938 0.100030 0.087700 0.095137 0.091288 0.103392 0.133945 0.192371 0.162589 0.146051 0.196552 0.152142 0.191804 0.148205 
0.159351 0.146233 0.122198 0.174753 0.135951 0.159123 0.131007 0.273448 0.251228 0.210098 0.300064 0.233417 0.273023 0.225221 0.097940 0.148017 0.111312 0.145814 0.113406 0.097419 0.146859 0.155682 0.145473 0.123751 0.172581 0.134974 0.155541 0.131704 
0.143488 0.127478 0.108844 0.151632 0.122692 0.143575 0.118681 0.245363 0.218506 0.186385 0.259664 0.209933 0.245473 0.203734 0.122342 0.123204 0.101871 0.115049 0.103887 0.121780 0.126295 0.137793 0.128736 0.111296 0.151792 0.123142 0.137842 0.120441 
0.130586 0.120754 0.103609 0.143324 0.118167 0.129915 0.113200 0.222329 0.206890 0.177403 0.245220 0.202277 0.221170 0.193923 0.185505 0.097122 0.087823 0.102181 0.092089 0.189958 0.104718 0.128225 0.121252 0.105499 0.142422 0.118229 0.127759 0.114558 
0.118833 0.113305 0.097138 0.133303 0.113476 0.118424 0.106750 0.201185 0.193267 0.165960 0.226337 0.193530 0.200477 0.182031 0.270986 0.088231 0.096444 0.115059 0.084129 0.271283 0.112820 0.116448 0.113604 0.098375 0.132493 0.113252 0.116296 0.107326 
0.111434 0.108722 0.093282 0.128037 0.110773 0.110944 0.103224 0.188091 0.184236 0.158508 0.216101 0.187504 0.187336 0.175095 0.288176 0.075542 0.106235 0.118600 0.077648 0.292833 0.116114 0.108806 0.107359 0.092851 0.125696 0.108896 0.108606 0.102223 
0.106475 0.105333 0.090769 0.123416 0.108451 0.106121 0.100696 0.178675 0.177540 0.153576 0.207042 0.182602 0.178061 0.170112 0.219355 0.100085 0.141666 0.089448 0.089050 0.220570 0.148080 0.103515 0.104248 0.090764 0.121630 0.106615 0.103002 0.100108 
0.102895 0.101800 0.088661 0.119638 0.105953 0.102812 0.098968 0.173232 0.171120 0.149717 0.200159 0.178128 0.173010 0.166987 0.220430 0.123195 0.155051 0.090770 0.110676 0.223965 0.146224 0.101071 0.100832 0.088458 0.117608 0.103886 0.100813 0.098400 
0.099000 0.100236 0.087630 0.117391 0.104624 0.098671 0.098531 0.165866 0.167744 0.146794 0.195780 0.174985 0.165294 0.165360 0.225560 0.081431 0.102506 0.084123 0.081215 0.228069 0.105778 0.098071 0.098813 0.087022 0.114724 0.101910 0.097863 0.097610 
0.096805 0.097961 0.086034 0.114697 0.102822 0.096504 0.097539 0.161205 0.163359 0.143959 0.190467 0.171371 0.160611 0.163154 0.197329 0.144953 0.136494 0.122682 0.138250 0.201684 0.132931 0.095190 0.095290 0.085072 0.110779 0.099205 0.095000 0.096006 
0.094787 0.096285 0.085590 0.112460 0.101460 0.094418 0.097179 0.156829 0.159930 0.142209 0.185957 0.168539 0.156183 0.162015 0.202902 0.153286 0.165831 0.115928 0.138616 0.206932 0.149146 0.092480 0.093714 0.083870 0.108175 0.098034 0.092315 0.095361 
0.092664 0.095556 0.084860 0.111130 0.100858 0.092390 0.097029 0.152164 0.157795 0.140971 0.181956 0.166714 0.151604 0.161305 0.255327 0.135856 0.171163 0.093033 0.123831 0.258756 0.150287 0.090192 0.092466 0.083192 0.106312 0.097104 0.090031 0.094856 
0.090521 0.094618 0.084672 0.109451 0.100247 0.090081 0.096719 0.148354 0.156077 0.140157 0.179554 0.165580 0.147825 0.160660 0.210737 0.147330 0.170244 0.114244 0.135689 0.215568 0.145326 0.087304 0.091855 0.082867 0.104720 0.096628 0.087166 0.094640 
0.089562 0.093840 0.084301 0.108276 0.099777 0.089655 0.096497 0.145752 0.154392 0.139360 0.176728 0.164188 0.145212 0.159856 0.220910 0.167450 0.163483 0.131085 0.149395 0.222173 0.145769 0.085881 0.091197 0.082511 0.103939 0.096116 0.085625 0.094407 
