0.219469 0.197857 0.200142 0.211059 0.205895 0.218319 0.192513 0.379713 0.341616 0.345955 0.361881 0.355181 0.377734 0.332176 0.122960 0.096947 0.120164 0.121506 0.113097 0.120112 0.070819 0.219649 0.199499 0.200635 0.208267 0.205566 0.218500 0.192033 
0.187548 0.168349 0.142247 0.193650 0.152182 0.186988 0.150955 0.323169 0.288925 0.244478 0.334804 0.260665 0.322241 0.259960 0.251965 0.096980 0.101322 0.121307 0.067731 0.251336 0.061237 0.187163 0.168131 0.142401 0.196402 0.151273 0.186607 0.151003 
0.140008 0.143967 0.121857 0.170129 0.135554 0.140541 0.132576 0.238716 0.246702 0.209016 0.291634 0.231502 0.239745 0.227923 0.241596 0.098712 0.099959 0.120046 0.068694 0.239247 0.075962 0.137708 0.143760 0.121755 0.170050 0.134644 0.138245 0.132153 
0.131077 0.128726 0.110877 0.151506 0.125749 0.132203 0.121505 0.224524 0.219912 0.189674 0.258516 0.214146 0.225228 0.208610 0.270388 0.086089 0.086045 0.107899 0.063850 0.262624 0.086723 0.130556 0.127492 0.110016 0.149824 0.123997 0.131377 0.120626 
0.121639 0.120054 0.103581 0.141104 0.120071 0.121998 0.115582 0.205890 0.203834 0.176274 0.239406 0.203454 0.207070 0.197521 0.241925 0.110977 0.095102 0.138363 0.100891 0.239691 0.146575 0.119610 0.118314 0.102370 0.138929 0.117816 0.121065 0.114228 
0.116599 0.111895 0.097800 0.130032 0.115613 0.116580 0.108730 0.197451 0.188548 0.165191 0.219012 0.194582 0.196968 0.184911 0.238072 0.100843 0.098508 0.124615 0.093443 0.231517 0.109458 0.115564 0.109274 0.095734 0.126827 0.112465 0.115783 0.107276 
0.112122 0.109106 0.095481 0.126984 0.113789 0.112282 0.105875 0.189203 0.182912 0.160836 0.212961 0.190693 0.189837 0.178588 0.231890 0.102914 0.088631 0.131375 0.076347 0.236810 0.125614 0.109990 0.103960 0.093148 0.120802 0.110078 0.110708 0.104486 
0.105722 0.104963 0.092007 0.120718 0.110515 0.106017 0.103918 0.177896 0.175892 0.154436 0.202697 0.184630 0.178432 0.175313 0.181411 0.096752 0.092491 0.122502 0.093776 0.179027 0.118653 0.103900 0.100041 0.089660 0.116888 0.107002 0.104293 0.101679 
0.103801 0.102255 0.090089 0.117908 0.108247 0.103930 0.102672 0.173890 0.170500 0.151090 0.196489 0.180230 0.174560 0.173176 0.200832 0.103611 0.090611 0.128858 0.084331 0.195033 0.115412 0.101491 0.098963 0.087753 0.114381 0.104541 0.101589 0.100290 
0.100471 0.100874 0.089243 0.115198 0.106959 0.101616 0.102108 0.169150 0.168225 0.149480 0.192629 0.177961 0.170079 0.171900 0.194490 0.102125 0.092010 0.132072 0.084906 0.191989 0.114171 0.099213 0.097850 0.086888 0.112171 0.103320 0.099359 0.099569 
0.098727 0.097690 0.087412 0.112043 0.104032 0.099172 0.100936 0.163554 0.162135 0.145550 0.186319 0.172384 0.165401 0.168635 0.188425 0.118401 0.105249 0.141693 0.104922 0.185196 0.134270 0.096832 0.094172 0.084538 0.108342 0.100006 0.096904 0.097842 
0.095591 0.095838 0.086044 0.109371 0.102766 0.096103 0.100324 0.158859 0.158084 0.142447 0.180589 0.169286 0.159590 0.166665 0.189851 0.116501 0.106092 0.142559 0.101209 0.186393 0.118749 0.093215 0.091493 0.082681 0.104426 0.098047 0.093276 0.096705 
0.094336 0.094982 0.085482 0.107655 0.101744 0.094463 0.100388 0.155618 0.155798 0.140800 0.176901 0.167407 0.155789 0.165506 0.164778 0.127808 0.112686 0.145640 0.106230 0.161087 0.127898 0.091262 0.089869 0.081959 0.102449 0.097066 0.091323 0.096188 
0.091905 0.094124 0.085230 0.106253 0.101381 0.091986 0.100215 0.150147 0.154112 0.140088 0.173552 0.166135 0.150339 0.164878 0.186771 0.136104 0.115411 0.164328 0.121165 0.182373 0.141783 0.087775 0.089295 0.081543 0.100699 0.096443 0.087877 0.095808 
0.089813 0.093122 0.084748 0.104603 0.100456 0.089938 0.099829 0.146497 0.152047 0.139129 0.170496 0.164269 0.146718 0.163997 0.200028 0.135451 0.114127 0.165739 0.119121 0.195699 0.142814 0.085783 0.088349 0.080966 0.099179 0.095421 0.085897 0.095345 
