di 	gli 	gal 	gos3 	gos4 	lac 	 glb 
0.474698 	0.003249 	-0.001008 	0.003099 	-0.000594 	0.474608 	 0.000086 
0.484722 	0.011167 	-0.002382 	0.013129 	-0.000091 	0.484587 	 0.000125 
0.467384 	0.007002 	-0.002664 	0.007943 	-0.000466 	0.467238 	 0.000143 
0.483378 	0.009252 	-0.001217 	0.008593 	-0.000167 	0.483268 	 0.000110 
0.482431 	0.013522 	0.000808 	0.010553 	0.000022 	0.482325 	 0.000107 
0.473330 	0.011116 	0.000390 	0.008625 	-0.000155 	0.473244 	 0.000090 
0.478695 	0.011052 	-0.002820 	0.012960 	-0.000331 	0.478542 	 0.000137 
0.473466 	0.014710 	-0.001472 	0.013531 	-0.000080 	0.473262 	 0.000198 
0.477668 	0.009634 	0.000050 	0.007591 	-0.000127 	0.477573 	 0.000092 
0.464191 	0.011208 	0.001130 	0.008434 	-0.000174 	0.464107 	 0.000071 
0.459540 	0.018465 	0.002484 	0.013383 	0.000059 	0.459387 	 0.000148 
0.478724 	0.011368 	0.001205 	0.008770 	-0.000229 	0.478610 	 0.000111 
0.478365 	0.012788 	0.000817 	0.010437 	-0.000047 	0.478271 	 0.000079 
0.473876 	0.011126 	-0.000129 	0.010390 	-0.000093 	0.473709 	 0.000167 
0.481732 	0.011475 	0.002676 	0.006972 	-0.000155 	0.481636 	 0.000091 
0.468416 	0.020042 	0.003814 	0.013786 	0.000324 	0.468311 	 0.000092 
0.471343 	0.020583 	0.002353 	0.014974 	0.000427 	0.471162 	 0.000184 
0.473607 	0.011092 	-0.001232 	0.010037 	-0.000100 	0.473441 	 0.000162 
0.472683 	0.016453 	-0.000680 	0.014120 	-0.000014 	0.472454 	 0.000225 
0.456624 	0.024578 	-0.000703 	0.021041 	0.000507 	0.456328 	 0.000291 
0.465648 	0.019529 	-0.000629 	0.016101 	0.000149 	0.465372 	 0.000289 
0.472263 	0.015818 	-0.002082 	0.016390 	-0.000176 	0.472039 	 0.000220 
0.464897 	0.016548 	0.000202 	0.013790 	0.000041 	0.464694 	 0.000195 
0.459757 	0.024125 	0.000170 	0.020105 	0.000351 	0.459463 	 0.000288 
0.456910 	0.020209 	0.001662 	0.015136 	0.000246 	0.456688 	 0.000217 
0.458709 	0.021147 	0.001185 	0.016107 	0.000278 	0.458474 	 0.000237 
0.451936 	0.026865 	0.002079 	0.020357 	0.000581 	0.451702 	 0.000221 
0.456269 	0.025706 	0.002305 	0.020263 	0.000409 	0.456017 	 0.000252 
0.454974 	0.021342 	0.001022 	0.016568 	0.000373 	0.454733 	 0.000232 
0.455031 	0.025858 	0.001359 	0.019681 	0.000578 	0.454752 	 0.000286 
0.457373 	0.025985 	0.002715 	0.020255 	0.000472 	0.457154 	 0.000221 
0.456362 	0.027231 	0.002229 	0.020892 	0.000491 	0.456077 	 0.000283 
0.457031 	0.026249 	0.001960 	0.021011 	0.000546 	0.456745 	 0.000277 
0.451896 	0.031945 	0.003442 	0.023248 	0.000812 	0.451595 	 0.000297 
0.446642 	0.032391 	0.003673 	0.023280 	0.000829 	0.446352 	 0.000290 
0.456018 	0.027432 	0.002259 	0.020374 	0.000474 	0.455771 	 0.000243 
0.453873 	0.022706 	0.002305 	0.017369 	0.000157 	0.453662 	 0.000212 
0.453243 	0.025283 	0.001847 	0.019656 	0.000364 	0.452969 	 0.000267 
0.450098 	0.034852 	0.003626 	0.026333 	0.000869 	0.449765 	 0.000332 
0.457417 	0.032606 	0.003984 	0.022950 	0.000813 	0.457101 	 0.000311 
0.456100 	0.029918 	0.003839 	0.021702 	0.000713 	0.455829 	 0.000274 
0.441517 	0.030647 	0.003918 	0.022573 	0.000644 	0.441245 	 0.000262 
0.457917 	0.031967 	0.005810 	0.021365 	0.000779 	0.457690 	 0.000211 
0.445278 	0.034437 	0.004117 	0.025336 	0.000867 	0.444982 	 0.000283 
0.445842 	0.031670 	0.005356 	0.021516 	0.000732 	0.445594 	 0.000248 
0.440370 	0.039084 	0.006318 	0.026808 	0.001110 	0.440066 	 0.000312 
0.431688 	0.037359 	0.004520 	0.027104 	0.001004 	0.431330 	 0.000361 
0.441368 	0.036629 	0.004511 	0.025674 	0.000883 	0.441030 	 0.000344 
0.442646 	0.028240 	0.003130 	0.021216 	0.000372 	0.442366 	 0.000279 
0.440445 	0.038019 	0.006087 	0.025543 	0.001056 	0.440113 	 0.000338 
0.445171 	0.037605 	0.004875 	0.027335 	0.000936 	0.444810 	 0.000364 
0.450466 	0.036677 	0.006106 	0.025524 	0.000885 	0.450162 	 0.000310 
0.427468 	0.045137 	0.007980 	0.030566 	0.001343 	0.427141 	 0.000335 
0.433538 	0.038546 	0.006168 	0.026555 	0.001045 	0.433241 	 0.000300 
0.431934 	0.038180 	0.005787 	0.027301 	0.000927 	0.431582 	 0.000357 
0.441489 	0.035328 	0.005950 	0.024307 	0.000864 	0.441178 	 0.000323 
0.437080 	0.041544 	0.006715 	0.028729 	0.001112 	0.436752 	 0.000337 
0.444942 	0.039274 	0.005818 	0.028344 	0.000977 	0.444608 	 0.000338 
0.438109 	0.034475 	0.005509 	0.024080 	0.000697 	0.437774 	 0.000343 
0.441882 	0.043631 	0.007037 	0.030207 	0.001230 	0.441509 	 0.000373 
0.442562 	0.038473 	0.006956 	0.025975 	0.001011 	0.442218 	 0.000336 
0.433620 	0.038733 	0.006162 	0.026824 	0.001036 	0.433278 	 0.000345 
0.445743 	0.041158 	0.006537 	0.028395 	0.001257 	0.445417 	 0.000332 
0.439600 	0.039054 	0.005450 	0.026982 	0.001162 	0.439219 	 0.000380 
0.442782 	0.037476 	0.006806 	0.024522 	0.001060 	0.442443 	 0.000340 
0.448189 	0.039317 	0.007924 	0.025616 	0.000937 	0.447896 	 0.000282 
0.439823 	0.037052 	0.006042 	0.024871 	0.000969 	0.439470 	 0.000357 
0.441246 	0.038048 	0.007579 	0.024102 	0.000957 	0.440910 	 0.000338 
0.441726 	0.040337 	0.007935 	0.026360 	0.001061 	0.441369 	 0.000356 
0.438374 	0.041941 	0.007012 	0.028191 	0.001163 	0.437992 	 0.000396 
0.435976 	0.043443 	0.008630 	0.027893 	0.001282 	0.435619 	 0.000369 
0.424723 	0.043331 	0.008469 	0.027882 	0.001153 	0.424344 	 0.000373 
0.431930 	0.041010 	0.007304 	0.027667 	0.001137 	0.431558 	 0.000371 
0.433660 	0.041269 	0.008682 	0.026004 	0.001061 	0.433322 	 0.000333 
0.433654 	0.040791 	0.007105 	0.027522 	0.001170 	0.433277 	 0.000388 
0.431221 	0.037304 	0.007416 	0.024005 	0.000925 	0.430908 	 0.000313 
0.432929 	0.041865 	0.006963 	0.028350 	0.001113 	0.432513 	 0.000420 
0.423058 	0.043393 	0.007905 	0.028530 	0.001274 	0.422652 	 0.000404 
0.427486 	0.043802 	0.007529 	0.029438 	0.001167 	0.427059 	 0.000435 
0.439461 	0.040049 	0.007351 	0.026425 	0.000943 	0.439064 	 0.000386 
0.427930 	0.041061 	0.008905 	0.025242 	0.001119 	0.427593 	 0.000322 
0.426794 	0.046971 	0.010249 	0.028235 	0.001538 	0.426449 	 0.000354 
0.425395 	0.047903 	0.010336 	0.029730 	0.001544 	0.425018 	 0.000391 
0.431942 	0.046775 	0.007817 	0.031185 	0.001321 	0.431528 	 0.000414 
0.432123 	0.044428 	0.009786 	0.026930 	0.001307 	0.431748 	 0.000376 
0.428317 	0.048149 	0.010503 	0.029813 	0.001448 	0.427942 	 0.000367 
0.427392 	0.045295 	0.009366 	0.028897 	0.001347 	0.427049 	 0.000349 
0.440292 	0.048712 	0.010025 	0.031145 	0.001361 	0.439946 	 0.000332 
0.427589 	0.043424 	0.009874 	0.026109 	0.001253 	0.427232 	 0.000360 
0.436380 	0.045239 	0.010073 	0.027880 	0.001278 	0.436050 	 0.000326 
0.422982 	0.048430 	0.009043 	0.031472 	0.001372 	0.422524 	 0.000458 
0.422183 	0.051619 	0.010095 	0.033442 	0.001650 	0.421781 	 0.000412 
0.417501 	0.050588 	0.009019 	0.034175 	0.001520 	0.417070 	 0.000439 
0.420724 	0.049439 	0.008784 	0.032859 	0.001455 	0.420279 	 0.000442 
0.413548 	0.053956 	0.010712 	0.034095 	0.001748 	0.413104 	 0.000437 
0.417629 	0.047723 	0.009396 	0.029829 	0.001415 	0.417198 	 0.000435 
0.430576 	0.043869 	0.008779 	0.027740 	0.001226 	0.430184 	 0.000389 
0.415235 	0.051764 	0.011506 	0.032219 	0.001596 	0.414827 	 0.000408 
0.416502 	0.047325 	0.009055 	0.031471 	0.001332 	0.416094 	 0.000402 
0.423497 	0.050059 	0.010223 	0.032106 	0.001430 	0.423076 	 0.000415 
0.409350 	0.056150 	0.011449 	0.035697 	0.001894 	0.408920 	 0.000427 
0.416757 	0.051458 	0.010487 	0.032122 	0.001582 	0.416330 	 0.000429 
0.422913 	0.050081 	0.010834 	0.030546 	0.001471 	0.422524 	 0.000383 
0.403210 	0.053075 	0.011298 	0.033581 	0.001781 	0.402797 	 0.000412 
0.410358 	0.056386 	0.011963 	0.035460 	0.001815 	0.409929 	 0.000429 
0.409426 	0.056906 	0.012464 	0.035466 	0.001843 	0.409006 	 0.000425 
0.415706 	0.057701 	0.011016 	0.037858 	0.001811 	0.415236 	 0.000478 
0.410627 	0.052836 	0.011388 	0.032738 	0.001653 	0.410212 	 0.000415 
0.415901 	0.052888 	0.010321 	0.034689 	0.001542 	0.415472 	 0.000430 
0.410260 	0.056578 	0.011426 	0.035687 	0.001836 	0.409811 	 0.000446 
0.409572 	0.055360 	0.010864 	0.035590 	0.001714 	0.409151 	 0.000420 
0.399624 	0.058974 	0.012513 	0.036466 	0.001922 	0.399179 	 0.000448 
0.412181 	0.055186 	0.012749 	0.032948 	0.001687 	0.411741 	 0.000433 
0.405277 	0.058856 	0.011551 	0.037401 	0.001872 	0.404785 	 0.000490 
0.408936 	0.058031 	0.012971 	0.035680 	0.001888 	0.408479 	 0.000460 
0.407168 	0.056592 	0.011942 	0.035413 	0.001786 	0.406706 	 0.000451 
0.403008 	0.061319 	0.013550 	0.037991 	0.002034 	0.402538 	 0.000458 
0.407304 	0.052787 	0.010907 	0.034413 	0.001604 	0.406874 	 0.000430 
0.404912 	0.060075 	0.013294 	0.036655 	0.002167 	0.404451 	 0.000457 
0.409740 	0.059358 	0.013045 	0.036551 	0.001927 	0.409282 	 0.000468 
0.403361 	0.063421 	0.013453 	0.039677 	0.002202 	0.402877 	 0.000476 
0.411262 	0.053659 	0.010787 	0.033531 	0.001640 	0.410811 	 0.000451 
0.411107 	0.056801 	0.011711 	0.035300 	0.001859 	0.410608 	 0.000496 
0.406197 	0.055237 	0.011135 	0.034151 	0.001810 	0.405736 	 0.000475 
0.411562 	0.056561 	0.012213 	0.035294 	0.001848 	0.411111 	 0.000456 
0.409373 	0.055511 	0.012072 	0.034680 	0.001787 	0.408920 	 0.000450 
0.408215 	0.057262 	0.013192 	0.034846 	0.001971 	0.407797 	 0.000408 
0.403841 	0.054253 	0.011744 	0.033213 	0.001774 	0.403393 	 0.000449 
0.406527 	0.054484 	0.011619 	0.033795 	0.001635 	0.406050 	 0.000472 
0.407299 	0.056871 	0.011524 	0.036492 	0.001848 	0.406799 	 0.000499 
0.408358 	0.056498 	0.011609 	0.036445 	0.001675 	0.407872 	 0.000490 
0.411224 	0.060608 	0.013354 	0.037593 	0.001872 	0.410763 	 0.000465 
0.413327 	0.053441 	0.011603 	0.032685 	0.001526 	0.412867 	 0.000470 
0.410933 	0.053213 	0.011705 	0.033408 	0.001609 	0.410512 	 0.000419 
0.398856 	0.058510 	0.011367 	0.037352 	0.001878 	0.398347 	 0.000503 
0.404382 	0.057752 	0.011739 	0.036434 	0.001925 	0.403874 	 0.000500 
0.404052 	0.057678 	0.013816 	0.034394 	0.001964 	0.403620 	 0.000433 
0.411857 	0.057922 	0.011477 	0.037878 	0.001932 	0.411350 	 0.000526 
0.400329 	0.055955 	0.011541 	0.034780 	0.001745 	0.399853 	 0.000469 
0.409131 	0.059587 	0.013190 	0.035560 	0.002021 	0.408628 	 0.000501 
0.413368 	0.057091 	0.011795 	0.036349 	0.001769 	0.412905 	 0.000455 
0.410300 	0.052913 	0.010081 	0.033304 	0.001671 	0.409803 	 0.000490 
0.400763 	0.060220 	0.012211 	0.038222 	0.002051 	0.400278 	 0.000488 
0.408992 	0.057001 	0.012052 	0.035213 	0.001799 	0.408492 	 0.000496 
0.402793 	0.064735 	0.014491 	0.039556 	0.002193 	0.402287 	 0.000511 
0.409158 	0.057736 	0.012390 	0.035172 	0.001873 	0.408678 	 0.000478 
0.411559 	0.056896 	0.013196 	0.033677 	0.001795 	0.411124 	 0.000433 
0.410486 	0.062663 	0.014023 	0.038715 	0.002095 	0.410043 	 0.000448 
0.411193 	0.059895 	0.013790 	0.036356 	0.001967 	0.410768 	 0.000428 
0.412629 	0.061441 	0.012558 	0.038674 	0.002013 	0.412121 	 0.000504 
0.405861 	0.057737 	0.012622 	0.035094 	0.001796 	0.405373 	 0.000487 
0.395900 	0.063661 	0.012935 	0.039199 	0.002197 	0.395380 	 0.000533 
0.414010 	0.058552 	0.012592 	0.036729 	0.001867 	0.413537 	 0.000479 
0.400088 	0.062077 	0.013548 	0.036885 	0.002198 	0.399605 	 0.000490 
0.400492 	0.063944 	0.013759 	0.038585 	0.002306 	0.399966 	 0.000517 
0.393088 	0.064394 	0.014153 	0.038527 	0.002284 	0.392571 	 0.000520 
0.396822 	0.059753 	0.012166 	0.037324 	0.001976 	0.396325 	 0.000509 
0.396146 	0.060014 	0.011958 	0.037803 	0.001981 	0.395632 	 0.000517 
0.397628 	0.064326 	0.013586 	0.039143 	0.002242 	0.397105 	 0.000539 
0.395658 	0.063758 	0.013043 	0.038932 	0.002278 	0.395125 	 0.000534 
0.400137 	0.062846 	0.014214 	0.037553 	0.002174 	0.399688 	 0.000451 
0.392131 	0.065828 	0.014380 	0.039503 	0.002407 	0.391608 	 0.000520 
0.411976 	0.064419 	0.013133 	0.040301 	0.002217 	0.411450 	 0.000525 
0.394483 	0.062455 	0.014724 	0.035647 	0.002140 	0.394008 	 0.000472 
0.408968 	0.062830 	0.015010 	0.036830 	0.002191 	0.408483 	 0.000497 
0.405888 	0.060756 	0.013078 	0.036615 	0.002095 	0.405377 	 0.000522 
0.402054 	0.062280 	0.013334 	0.037873 	0.002127 	0.401548 	 0.000510 
0.400609 	0.066529 	0.014517 	0.040225 	0.002350 	0.400104 	 0.000504 
0.404782 	0.064924 	0.014451 	0.038771 	0.002186 	0.404279 	 0.000504 
0.407367 	0.060891 	0.012509 	0.036853 	0.002142 	0.406853 	 0.000522 
0.393098 	0.059548 	0.013633 	0.035959 	0.001961 	0.392614 	 0.000486 
0.395898 	0.064193 	0.013394 	0.039299 	0.002243 	0.395368 	 0.000527 
0.394831 	0.062011 	0.013530 	0.038368 	0.002206 	0.394347 	 0.000481 
0.400016 	0.064136 	0.013266 	0.039800 	0.002254 	0.399483 	 0.000527 
0.399933 	0.060594 	0.013207 	0.035826 	0.002026 	0.399438 	 0.000505 
0.406907 	0.060394 	0.013716 	0.036394 	0.002067 	0.406451 	 0.000460 
0.404852 	0.063232 	0.014402 	0.037426 	0.002128 	0.404360 	 0.000496 
0.391926 	0.068971 	0.014597 	0.042392 	0.002521 	0.391383 	 0.000539 
0.394002 	0.064561 	0.014785 	0.038509 	0.002282 	0.393529 	 0.000470 
0.392433 	0.069789 	0.014937 	0.042194 	0.002505 	0.391860 	 0.000577 
0.392199 	0.067178 	0.014316 	0.041227 	0.002325 	0.391661 	 0.000550 
0.403131 	0.064191 	0.015183 	0.037096 	0.002318 	0.402655 	 0.000477 
0.400080 	0.065531 	0.014622 	0.038778 	0.002346 	0.399526 	 0.000559 
0.402878 	0.067554 	0.015103 	0.041066 	0.002349 	0.402371 	 0.000505 
0.396314 	0.071521 	0.014138 	0.044295 	0.002594 	0.395717 	 0.000600 
0.388178 	0.064185 	0.013028 	0.039794 	0.002179 	0.387640 	 0.000544 
0.400570 	0.064917 	0.014486 	0.039220 	0.002314 	0.400065 	 0.000501 
0.390736 	0.068015 	0.014331 	0.041740 	0.002418 	0.390199 	 0.000548 
0.394563 	0.063308 	0.013353 	0.038666 	0.002254 	0.394040 	 0.000514 
0.404504 	0.068150 	0.014966 	0.040294 	0.002410 	0.403962 	 0.000549 
0.395484 	0.062451 	0.015172 	0.035996 	0.002109 	0.395001 	 0.000499 
0.403681 	0.062785 	0.014299 	0.036978 	0.002201 	0.403171 	 0.000516 
0.390197 	0.066225 	0.014935 	0.039275 	0.002386 	0.389684 	 0.000510 
0.390412 	0.064050 	0.014308 	0.038052 	0.002178 	0.389898 	 0.000524 
0.391588 	0.064712 	0.014868 	0.038654 	0.002300 	0.391082 	 0.000515 
0.398414 	0.062613 	0.013538 	0.038240 	0.002105 	0.397909 	 0.000501 
0.389596 	0.066743 	0.014471 	0.039966 	0.002442 	0.389069 	 0.000524 
0.393000 	0.066611 	0.016156 	0.038383 	0.002337 	0.392490 	 0.000516 
0.402963 	0.065547 	0.013984 	0.039648 	0.002385 	0.402420 	 0.000548 
0.399096 	0.065561 	0.014320 	0.039237 	0.002366 	0.398549 	 0.000553 
0.395028 	0.068268 	0.015628 	0.041164 	0.002452 	0.394506 	 0.000520 
0.394613 	0.065757 	0.013681 	0.038988 	0.002429 	0.394052 	 0.000574 
0.404797 	0.063745 	0.015340 	0.036781 	0.002218 	0.404313 	 0.000481 
0.389012 	0.068747 	0.016368 	0.040351 	0.002552 	0.388508 	 0.000512 
0.393380 	0.064783 	0.014706 	0.037570 	0.002336 	0.392847 	 0.000534 
0.389272 	0.070759 	0.013596 	0.044367 	0.002647 	0.388682 	 0.000586 
0.398555 	0.064042 	0.013524 	0.038583 	0.002196 	0.398031 	 0.000520 
0.387013 	0.068402 	0.016179 	0.039798 	0.002507 	0.386488 	 0.000532 
0.391343 	0.062160 	0.013094 	0.037349 	0.002134 	0.390827 	 0.000523 
0.391363 	0.064170 	0.014948 	0.036884 	0.002267 	0.390861 	 0.000499 
0.382950 	0.063715 	0.016377 	0.035712 	0.002217 	0.382490 	 0.000461 
0.455141 	0.006500 	-0.000580 	0.005167 	-0.000406 	0.455150 	 -0.000013 
0.482081 	0.004858 	-0.000605 	0.003394 	-0.000504 	0.482094 	 -0.000009 
0.468728 	0.016890 	0.003130 	0.009557 	0.000176 	0.468740 	 -0.000007 
0.471902 	0.012581 	0.000768 	0.008510 	0.000004 	0.471929 	 -0.000013 
0.478104 	0.011571 	-0.000328 	0.008799 	-0.000135 	0.478046 	 0.000063 
0.481444 	0.014173 	0.000476 	0.010570 	-0.000116 	0.481447 	 0.000009 
0.478382 	0.017327 	0.000810 	0.012255 	0.000160 	0.478321 	 0.000067 
0.485367 	0.010812 	0.000050 	0.007385 	-0.000170 	0.485324 	 0.000046 
0.483245 	0.015642 	0.000629 	0.011508 	0.000041 	0.483194 	 0.000064 
0.477428 	0.017293 	0.001023 	0.012349 	0.000172 	0.477371 	 0.000069 
0.477441 	0.016847 	0.000792 	0.013544 	0.000014 	0.477407 	 0.000042 
0.490520 	0.011049 	0.000263 	0.008122 	-0.000228 	0.490497 	 0.000024 
0.475805 	0.021487 	0.000739 	0.016125 	0.000445 	0.475711 	 0.000104 
0.478337 	0.018274 	0.001289 	0.013246 	0.000076 	0.478266 	 0.000071 
0.479444 	0.020836 	0.003289 	0.014470 	0.000125 	0.479429 	 0.000013 
0.481980 	0.019250 	0.000697 	0.013827 	0.000175 	0.481869 	 0.000128 
0.472331 	0.020898 	0.001750 	0.015327 	0.000352 	0.472229 	 0.000116 
0.472492 	0.020537 	0.002339 	0.013534 	0.000458 	0.472433 	 0.000058 
0.475946 	0.018487 	0.002386 	0.012484 	0.000135 	0.475896 	 0.000051 
0.476827 	0.020382 	0.001825 	0.014672 	0.000278 	0.476741 	 0.000085 
0.463006 	0.021581 	0.001372 	0.016647 	0.000310 	0.462907 	 0.000099 
0.469823 	0.025889 	0.002980 	0.017827 	0.000468 	0.469704 	 0.000119 
0.473335 	0.013948 	0.000536 	0.010869 	-0.000198 	0.473301 	 0.000036 
0.477407 	0.026006 	0.003694 	0.017889 	0.000530 	0.477316 	 0.000091 
0.465229 	0.018786 	0.000299 	0.014609 	-0.000014 	0.465104 	 0.000133 
0.464752 	0.025143 	0.002063 	0.018713 	0.000388 	0.464614 	 0.000135 
0.462986 	0.025431 	0.002538 	0.017440 	0.000415 	0.462877 	 0.000110 
0.458736 	0.028584 	0.001759 	0.021845 	0.000658 	0.458561 	 0.000178 
0.471115 	0.028281 	0.001687 	0.022637 	0.000441 	0.470958 	 0.000158 
0.458687 	0.026080 	0.001529 	0.020483 	0.000490 	0.458560 	 0.000113 
0.461894 	0.023309 	0.002211 	0.017398 	0.000154 	0.461767 	 0.000130 
0.466271 	0.023982 	0.000698 	0.019179 	0.000358 	0.466115 	 0.000153 
0.458520 	0.026349 	0.000424 	0.021703 	0.000390 	0.458320 	 0.000181 
0.464474 	0.028501 	0.003026 	0.020930 	0.000492 	0.464331 	 0.000140 
0.460635 	0.033935 	0.002771 	0.025186 	0.000805 	0.460414 	 0.000219 
0.456911 	0.030083 	0.003682 	0.021434 	0.000602 	0.456761 	 0.000148 
0.459218 	0.030265 	0.004624 	0.020882 	0.000615 	0.459094 	 0.000123 
0.467530 	0.030880 	0.003141 	0.022733 	0.000611 	0.467351 	 0.000179 
0.465715 	0.032897 	0.003709 	0.023693 	0.000804 	0.465552 	 0.000153 
0.457250 	0.033107 	0.004439 	0.023856 	0.000774 	0.457084 	 0.000162 
0.465907 	0.032373 	0.003617 	0.024017 	0.000756 	0.465716 	 0.000186 
0.467786 	0.028854 	0.003045 	0.021868 	0.000500 	0.467638 	 0.000156 
0.463156 	0.034076 	0.003099 	0.025887 	0.000813 	0.462960 	 0.000187 
0.457852 	0.037136 	0.004845 	0.027786 	0.000797 	0.457676 	 0.000173 
0.453721 	0.037001 	0.005227 	0.025514 	0.000953 	0.453493 	 0.000220 
0.437422 	0.032893 	0.003715 	0.023766 	0.000714 	0.437254 	 0.000180 
0.432241 	0.037361 	0.005137 	0.025813 	0.001055 	0.432068 	 0.000181 
0.433646 	0.037849 	0.005410 	0.026675 	0.000986 	0.433474 	 0.000182 
0.430495 	0.041561 	0.005378 	0.030037 	0.001218 	0.430298 	 0.000195 
0.439156 	0.034343 	0.004745 	0.024023 	0.000826 	0.439003 	 0.000156 
0.426194 	0.037471 	0.005470 	0.025469 	0.000988 	0.426048 	 0.000148 
0.427880 	0.042085 	0.005907 	0.029899 	0.001140 	0.427683 	 0.000200 
0.436992 	0.037118 	0.005560 	0.026300 	0.000896 	0.436851 	 0.000150 
0.416063 	0.041036 	0.006005 	0.028441 	0.001235 	0.415866 	 0.000202 
0.434523 	0.039551 	0.006248 	0.027742 	0.001051 	0.434334 	 0.000185 
0.423144 	0.040927 	0.006578 	0.027813 	0.001187 	0.422984 	 0.000163 
0.430194 	0.042997 	0.006356 	0.029838 	0.001307 	0.429999 	 0.000200 
0.425783 	0.040409 	0.007177 	0.026002 	0.001209 	0.425608 	 0.000183 
0.433014 	0.041127 	0.006310 	0.028635 	0.001148 	0.432858 	 0.000159 
0.427399 	0.041121 	0.006269 	0.029095 	0.001149 	0.427223 	 0.000183 
0.423872 	0.046564 	0.007920 	0.031759 	0.001444 	0.423698 	 0.000175 
0.421299 	0.041349 	0.006729 	0.028292 	0.001152 	0.421132 	 0.000168 
0.422861 	0.042265 	0.006083 	0.029260 	0.001324 	0.422658 	 0.000192 
0.428577 	0.039732 	0.006370 	0.026363 	0.001196 	0.428405 	 0.000177 
0.429462 	0.045084 	0.008070 	0.028868 	0.001459 	0.429265 	 0.000205 
0.417826 	0.043046 	0.006592 	0.028872 	0.001456 	0.417653 	 0.000172 
0.427292 	0.044030 	0.007838 	0.029065 	0.001445 	0.427123 	 0.000174 
0.425671 	0.041064 	0.005652 	0.028450 	0.001163 	0.425463 	 0.000215 
0.425597 	0.045718 	0.006524 	0.031589 	0.001359 	0.425342 	 0.000250 
0.419001 	0.043836 	0.007300 	0.030388 	0.001249 	0.418815 	 0.000188 
0.425539 	0.045983 	0.008401 	0.030232 	0.001448 	0.425362 	 0.000180 
0.423353 	0.045868 	0.007356 	0.031383 	0.001421 	0.423157 	 0.000195 
0.422877 	0.044822 	0.007179 	0.030390 	0.001384 	0.422681 	 0.000197 
0.428703 	0.045814 	0.008806 	0.029757 	0.001462 	0.428524 	 0.000192 
0.424008 	0.041165 	0.006314 	0.028967 	0.001130 	0.423821 	 0.000199 
0.416755 	0.048753 	0.007153 	0.034779 	0.001577 	0.416497 	 0.000254 
0.414883 	0.050678 	0.009879 	0.032566 	0.001741 	0.414707 	 0.000185 
0.424025 	0.039879 	0.007926 	0.025462 	0.001092 	0.423896 	 0.000119 
0.412627 	0.047085 	0.008486 	0.030795 	0.001517 	0.412432 	 0.000193 
0.423945 	0.045329 	0.007982 	0.030763 	0.001382 	0.423759 	 0.000190 
0.414769 	0.047306 	0.008726 	0.031593 	0.001495 	0.414581 	 0.000189 
0.418475 	0.045876 	0.008785 	0.030022 	0.001477 	0.418310 	 0.000164 
0.420448 	0.044709 	0.007265 	0.030240 	0.001436 	0.420263 	 0.000192 
0.419754 	0.044182 	0.006616 	0.031046 	0.001244 	0.419553 	 0.000200 
0.421887 	0.049037 	0.008206 	0.032468 	0.001694 	0.421676 	 0.000215 
0.421705 	0.045428 	0.008276 	0.029497 	0.001514 	0.421537 	 0.000168 
0.415353 	0.043779 	0.007557 	0.028478 	0.001212 	0.415158 	 0.000184 
0.424300 	0.048896 	0.008494 	0.032646 	0.001497 	0.424106 	 0.000186 
0.416959 	0.047473 	0.008374 	0.030365 	0.001523 	0.416732 	 0.000227 
0.411380 	0.048342 	0.007615 	0.033579 	0.001471 	0.411142 	 0.000235 
0.417121 	0.047036 	0.008875 	0.031086 	0.001446 	0.416952 	 0.000173 
0.413952 	0.048585 	0.008471 	0.032854 	0.001580 	0.413738 	 0.000214 
0.424969 	0.051037 	0.009898 	0.032236 	0.001705 	0.424786 	 0.000183 
0.412312 	0.050352 	0.010627 	0.032121 	0.001654 	0.412156 	 0.000156 
0.415689 	0.058796 	0.009988 	0.038737 	0.002126 	0.415432 	 0.000255 
0.418196 	0.051969 	0.009155 	0.034576 	0.001679 	0.417955 	 0.000239 
0.399876 	0.053111 	0.009260 	0.035775 	0.001854 	0.399645 	 0.000218 
0.420696 	0.055425 	0.010321 	0.036753 	0.001862 	0.420480 	 0.000217 
0.417636 	0.057841 	0.009773 	0.039387 	0.002028 	0.417388 	 0.000248 
0.418625 	0.055407 	0.010958 	0.036250 	0.001779 	0.418390 	 0.000234 
0.420538 	0.052401 	0.009748 	0.033787 	0.001747 	0.420297 	 0.000238 
0.411051 	0.056659 	0.009686 	0.038145 	0.001875 	0.410797 	 0.000247 
0.410794 	0.055355 	0.009360 	0.036555 	0.001991 	0.410531 	 0.000260 
0.406379 	0.053482 	0.010475 	0.034844 	0.001711 	0.406170 	 0.000205 
0.422884 	0.052585 	0.009747 	0.034718 	0.001758 	0.422654 	 0.000236 
0.411652 	0.050349 	0.009696 	0.033391 	0.001617 	0.411438 	 0.000206 
0.405485 	0.055222 	0.008963 	0.037481 	0.001926 	0.405231 	 0.000253 
0.408164 	0.054140 	0.010845 	0.034817 	0.001901 	0.407943 	 0.000212 
0.411061 	0.054487 	0.010921 	0.035032 	0.001877 	0.410862 	 0.000208 
0.413773 	0.057358 	0.010354 	0.037372 	0.002125 	0.413503 	 0.000272 
0.413018 	0.059847 	0.010268 	0.040962 	0.002125 	0.412737 	 0.000279 
0.414578 	0.052028 	0.009449 	0.035122 	0.001681 	0.414398 	 0.000195 
0.414244 	0.057874 	0.010065 	0.039046 	0.001985 	0.413964 	 0.000291 
0.407059 	0.057337 	0.010260 	0.037785 	0.001975 	0.406830 	 0.000234 
0.408176 	0.054435 	0.011209 	0.034586 	0.001902 	0.407976 	 0.000204 
0.414004 	0.059984 	0.010386 	0.040189 	0.002155 	0.413735 	 0.000275 
0.404730 	0.058838 	0.011193 	0.038226 	0.002084 	0.404480 	 0.000251 
0.408265 	0.058551 	0.011564 	0.037233 	0.002121 	0.408036 	 0.000236 
0.410343 	0.060004 	0.010432 	0.039277 	0.002153 	0.410048 	 0.000294 
0.407642 	0.058380 	0.010801 	0.038496 	0.002058 	0.407394 	 0.000255 
0.414157 	0.054932 	0.010115 	0.035559 	0.001896 	0.413931 	 0.000230 
0.405609 	0.056925 	0.010225 	0.037119 	0.001935 	0.405364 	 0.000241 
0.405432 	0.059563 	0.011849 	0.038188 	0.002070 	0.405174 	 0.000266 
0.406480 	0.055328 	0.010239 	0.036446 	0.001902 	0.406249 	 0.000234 
0.396652 	0.052753 	0.010752 	0.034157 	0.001790 	0.396477 	 0.000177 
0.391668 	0.060702 	0.011771 	0.039974 	0.002301 	0.391438 	 0.000234 
0.404714 	0.058065 	0.011413 	0.036982 	0.002159 	0.404465 	 0.000243 
0.401004 	0.057914 	0.010078 	0.038033 	0.002203 	0.400725 	 0.000277 
0.404038 	0.060903 	0.010782 	0.039957 	0.002226 	0.403774 	 0.000266 
0.391838 	0.059622 	0.012139 	0.037700 	0.002250 	0.391611 	 0.000222 
0.409366 	0.060486 	0.012127 	0.038931 	0.002261 	0.409144 	 0.000225 
0.403059 	0.059639 	0.010952 	0.038469 	0.002246 	0.402797 	 0.000262 
0.393197 	0.059619 	0.011500 	0.038979 	0.002081 	0.392919 	 0.000274 
0.407958 	0.056413 	0.010745 	0.036373 	0.001936 	0.407748 	 0.000204 
0.391639 	0.062277 	0.012396 	0.039227 	0.002404 	0.391379 	 0.000254 
0.401279 	0.063133 	0.011171 	0.041241 	0.002435 	0.400981 	 0.000305 
0.402470 	0.060311 	0.011837 	0.039233 	0.002239 	0.402233 	 0.000244 
0.407001 	0.061634 	0.012150 	0.039911 	0.002301 	0.406766 	 0.000232 
0.395900 	0.060845 	0.011495 	0.039745 	0.002225 	0.395644 	 0.000247 
0.394979 	0.066495 	0.013415 	0.041785 	0.002646 	0.394722 	 0.000255 
0.411318 	0.057851 	0.011270 	0.037511 	0.002023 	0.411068 	 0.000256 
0.395926 	0.065199 	0.012265 	0.042850 	0.002477 	0.395630 	 0.000297 
0.394191 	0.062930 	0.012720 	0.040703 	0.002285 	0.393947 	 0.000231 
0.405964 	0.061469 	0.012157 	0.040033 	0.002197 	0.405706 	 0.000255 
0.403264 	0.061822 	0.012231 	0.039173 	0.002337 	0.402998 	 0.000266 
0.407727 	0.057394 	0.011522 	0.036670 	0.002059 	0.407498 	 0.000214 
0.393622 	0.060109 	0.011009 	0.039388 	0.002180 	0.393337 	 0.000288 
0.394884 	0.061003 	0.010872 	0.040218 	0.002294 	0.394597 	 0.000291 
0.397580 	0.059815 	0.012620 	0.036759 	0.002222 	0.397311 	 0.000268 
0.409957 	0.059471 	0.011365 	0.038675 	0.002134 	0.409727 	 0.000221 
0.387924 	0.063504 	0.011941 	0.041355 	0.002479 	0.387675 	 0.000250 
0.391006 	0.062301 	0.012353 	0.039492 	0.002390 	0.390774 	 0.000232 
0.386101 	0.068285 	0.011796 	0.045422 	0.002647 	0.385816 	 0.000283 
0.389656 	0.064901 	0.013871 	0.040816 	0.002383 	0.389435 	 0.000208 
0.390240 	0.065545 	0.012576 	0.042227 	0.002625 	0.389967 	 0.000264 
0.390593 	0.064603 	0.013343 	0.040261 	0.002520 	0.390351 	 0.000231 
0.388729 	0.066363 	0.012390 	0.042984 	0.002607 	0.388433 	 0.000284 
0.388796 	0.062805 	0.012612 	0.040031 	0.002431 	0.388549 	 0.000245 
0.393072 	0.064602 	0.012625 	0.040785 	0.002554 	0.392772 	 0.000309 
0.390621 	0.064710 	0.013074 	0.041070 	0.002461 	0.390364 	 0.000257 
0.398928 	0.064150 	0.013587 	0.039683 	0.002350 	0.398687 	 0.000236 
0.391088 	0.065829 	0.012727 	0.043413 	0.002590 	0.390812 	 0.000272 
0.392600 	0.068500 	0.013061 	0.043791 	0.002738 	0.392293 	 0.000307 
0.393228 	0.063199 	0.011546 	0.040916 	0.002448 	0.392951 	 0.000282 
0.384399 	0.069215 	0.012193 	0.045932 	0.002712 	0.384104 	 0.000287 
0.395750 	0.066945 	0.013026 	0.042741 	0.002581 	0.395485 	 0.000260 
0.385257 	0.069592 	0.013656 	0.044100 	0.002771 	0.384961 	 0.000283 
0.387715 	0.069164 	0.014218 	0.043546 	0.002750 	0.387429 	 0.000284 
0.385281 	0.070943 	0.013640 	0.045320 	0.002929 	0.384986 	 0.000304 
0.399125 	0.060784 	0.011437 	0.039505 	0.002202 	0.398844 	 0.000282 
0.395572 	0.066038 	0.012497 	0.044005 	0.002485 	0.395314 	 0.000257 
0.389321 	0.063671 	0.012154 	0.041135 	0.002430 	0.389052 	 0.000268 
0.392667 	0.062704 	0.012256 	0.039686 	0.002466 	0.392400 	 0.000271 
0.394094 	0.064570 	0.014382 	0.038826 	0.002524 	0.393862 	 0.000232 
0.390387 	0.069928 	0.013074 	0.045826 	0.002755 	0.390075 	 0.000300 
0.396380 	0.061249 	0.011197 	0.040276 	0.002257 	0.396105 	 0.000275 
0.392350 	0.064689 	0.012718 	0.041222 	0.002480 	0.392079 	 0.000273 
0.396707 	0.063244 	0.011746 	0.041358 	0.002393 	0.396438 	 0.000265 
0.391841 	0.070067 	0.013414 	0.045354 	0.002757 	0.391535 	 0.000304 
0.394096 	0.066046 	0.013419 	0.041652 	0.002495 	0.393851 	 0.000247 
0.390154 	0.065298 	0.013324 	0.041075 	0.002465 	0.389900 	 0.000244 
0.387794 	0.067720 	0.012817 	0.043884 	0.002637 	0.387467 	 0.000328 
0.397677 	0.067341 	0.013389 	0.042264 	0.002697 	0.397404 	 0.000277 
0.389586 	0.069452 	0.014320 	0.044264 	0.002752 	0.389324 	 0.000272 
0.393717 	0.067406 	0.013489 	0.043301 	0.002639 	0.393415 	 0.000294 
0.387794 	0.065276 	0.012234 	0.042102 	0.002596 	0.387521 	 0.000273 
0.383167 	0.071196 	0.013934 	0.045833 	0.002872 	0.382871 	 0.000311 
0.381118 	0.065920 	0.012412 	0.041978 	0.002539 	0.380816 	 0.000306 
0.380077 	0.068761 	0.014064 	0.043006 	0.002749 	0.379806 	 0.000265 
0.385358 	0.068806 	0.013017 	0.044004 	0.002659 	0.385071 	 0.000285 
0.375169 	0.070287 	0.013704 	0.045330 	0.002757 	0.374886 	 0.000282 
0.385797 	0.068035 	0.014047 	0.042451 	0.002713 	0.385527 	 0.000284 
0.373309 	0.070026 	0.012377 	0.045097 	0.002797 	0.372996 	 0.000314 
0.384845 	0.071771 	0.014675 	0.046096 	0.002797 	0.384583 	 0.000255 
0.381352 	0.070192 	0.013989 	0.045197 	0.002780 	0.381065 	 0.000293 
0.382779 	0.070927 	0.014282 	0.044372 	0.002864 	0.382486 	 0.000288 
0.383713 	0.072114 	0.013532 	0.046717 	0.002861 	0.383401 	 0.000316 
0.390606 	0.069293 	0.012785 	0.044896 	0.002753 	0.390331 	 0.000272 
0.387440 	0.074386 	0.015011 	0.047858 	0.003015 	0.387152 	 0.000286 
0.394967 	0.070122 	0.013660 	0.044498 	0.002722 	0.394646 	 0.000314 
0.376383 	0.072499 	0.014511 	0.046040 	0.002850 	0.376089 	 0.000278 
0.380547 	0.070133 	0.014802 	0.043354 	0.002927 	0.380272 	 0.000273 
0.387328 	0.074178 	0.013481 	0.049155 	0.002881 	0.387030 	 0.000298 
0.386863 	0.070517 	0.013912 	0.045797 	0.002715 	0.386600 	 0.000262 
0.376041 	0.074524 	0.014796 	0.048175 	0.003083 	0.375734 	 0.000305 
0.384614 	0.067825 	0.013155 	0.043632 	0.002650 	0.384326 	 0.000294 
0.375016 	0.076021 	0.016432 	0.047176 	0.003108 	0.374750 	 0.000264 
0.378127 	0.073022 	0.014535 	0.045768 	0.002913 	0.377821 	 0.000305 
0.381159 	0.071716 	0.013856 	0.046663 	0.002867 	0.380895 	 0.000276 
0.379672 	0.071686 	0.014049 	0.046056 	0.002747 	0.379370 	 0.000307 
0.382369 	0.072213 	0.015308 	0.044132 	0.002953 	0.382102 	 0.000249 
0.313960 	0.012934 	0.001208 	0.008163 	-0.000034 	0.313955 	 -0.000005 
0.316847 	0.007313 	0.001016 	0.004229 	-0.000397 	0.316867 	 -0.000022 
0.318374 	0.006730 	0.001412 	0.003791 	-0.000400 	0.318423 	 -0.000052 
0.319607 	0.011918 	0.001140 	0.007929 	-0.000049 	0.319632 	 -0.000037 
0.310640 	0.013726 	0.003335 	0.006118 	0.000114 	0.310648 	 -0.000004 
0.316762 	0.007698 	0.001361 	0.004734 	-0.000309 	0.316757 	 0.000012 
0.312115 	0.014199 	0.001059 	0.009924 	0.000122 	0.312044 	 0.000068 
0.328479 	0.010270 	0.003237 	0.005463 	-0.000057 	0.328543 	 -0.000071 
0.300284 	0.019552 	0.004833 	0.010180 	0.000238 	0.300318 	 -0.000036 
0.296105 	0.019270 	0.004754 	0.010728 	0.000315 	0.296148 	 -0.000052 
0.302135 	0.017717 	0.002600 	0.011826 	0.000256 	0.302134 	 -0.000004 
0.301167 	0.017678 	0.004931 	0.009342 	0.000224 	0.301240 	 -0.000067 
0.300566 	0.017782 	0.002455 	0.012183 	0.000132 	0.300570 	 -0.000002 
0.298590 	0.016109 	0.002416 	0.010480 	0.000201 	0.298621 	 -0.000036 
0.303855 	0.013234 	0.002204 	0.008691 	-0.000138 	0.303890 	 -0.000041 
0.292987 	0.018495 	0.003722 	0.011558 	0.000261 	0.293013 	 -0.000033 
0.306005 	0.018022 	0.004894 	0.010823 	0.000294 	0.306053 	 -0.000048 
0.316333 	0.011724 	0.003151 	0.006678 	-0.000069 	0.316454 	 -0.000133 
0.302961 	0.015358 	0.003606 	0.009150 	0.000099 	0.303010 	 -0.000046 
0.317449 	0.015060 	0.004302 	0.007818 	0.000109 	0.317524 	 -0.000087 
0.304656 	0.015632 	0.004965 	0.008740 	0.000108 	0.304783 	 -0.000116 
0.312169 	0.008807 	0.002141 	0.005557 	-0.000366 	0.312290 	 -0.000129 
0.310819 	0.015895 	0.004821 	0.009121 	0.000032 	0.310897 	 -0.000080 
0.309024 	0.019205 	0.005129 	0.011042 	0.000384 	0.309090 	 -0.000065 
0.298239 	0.021686 	0.004485 	0.012396 	0.000319 	0.298259 	 -0.000024 
0.302104 	0.022321 	0.003925 	0.014095 	0.000370 	0.302126 	 -0.000027 
0.300262 	0.019065 	0.003831 	0.011771 	0.000158 	0.300261 	 -0.000005 
0.299034 	0.018615 	0.004328 	0.011489 	0.000074 	0.299083 	 -0.000056 
0.304935 	0.015208 	0.004015 	0.008084 	-0.000045 	0.305000 	 -0.000077 
0.289125 	0.021314 	0.004584 	0.013326 	0.000338 	0.289151 	 -0.000024 
0.294137 	0.018307 	0.004348 	0.009480 	0.000149 	0.294148 	 -0.000013 
0.290074 	0.024684 	0.004105 	0.015310 	0.000504 	0.290022 	 0.000048 
0.296973 	0.021967 	0.004757 	0.013585 	0.000343 	0.296989 	 -0.000024 
0.296225 	0.024296 	0.004524 	0.015436 	0.000491 	0.296192 	 0.000032 
0.280928 	0.029330 	0.006418 	0.017630 	0.000576 	0.280866 	 0.000057 
0.270315 	0.031094 	0.005968 	0.019480 	0.000650 	0.270273 	 0.000030 
0.276282 	0.024192 	0.005434 	0.014109 	0.000324 	0.276309 	 -0.000034 
0.282872 	0.028463 	0.006656 	0.016684 	0.000521 	0.282850 	 0.000016 
0.272964 	0.027875 	0.005789 	0.017215 	0.000558 	0.272976 	 -0.000002 
0.276612 	0.029807 	0.007022 	0.018118 	0.000607 	0.276621 	 -0.000004 
0.266988 	0.034816 	0.006545 	0.022219 	0.000885 	0.266920 	 0.000054 
0.284583 	0.030450 	0.006681 	0.018432 	0.000581 	0.284593 	 -0.000015 
0.272266 	0.030122 	0.005354 	0.019197 	0.000646 	0.272205 	 0.000058 
0.275484 	0.033748 	0.006787 	0.021493 	0.000828 	0.275434 	 0.000049 
0.276046 	0.032086 	0.007505 	0.018951 	0.000735 	0.276024 	 0.000013 
0.284191 	0.031550 	0.007054 	0.019178 	0.000792 	0.284219 	 -0.000032 
0.272864 	0.034131 	0.009051 	0.018903 	0.000863 	0.272877 	 -0.000027 
0.276716 	0.028884 	0.007184 	0.016824 	0.000572 	0.276728 	 -0.000016 
0.272530 	0.032845 	0.006384 	0.021136 	0.000804 	0.272485 	 0.000051 
0.271008 	0.034660 	0.008463 	0.020549 	0.000923 	0.271003 	 -0.000002 
0.274576 	0.028265 	0.007749 	0.015794 	0.000565 	0.274600 	 -0.000027 
0.267667 	0.034610 	0.007886 	0.020917 	0.000934 	0.267659 	 -0.000002 
0.265852 	0.034358 	0.008800 	0.019262 	0.000882 	0.265853 	 -0.000012 
0.272034 	0.033647 	0.007658 	0.020121 	0.000923 	0.272056 	 -0.000023 
0.273730 	0.029118 	0.007302 	0.017463 	0.000598 	0.273751 	 -0.000027 
0.269337 	0.035445 	0.008918 	0.019700 	0.000844 	0.269318 	 0.000013 
0.274561 	0.032499 	0.008941 	0.018317 	0.000790 	0.274574 	 -0.000024 
0.269401 	0.036247 	0.008354 	0.021569 	0.001026 	0.269383 	 0.000017 
0.266536 	0.038913 	0.009163 	0.023278 	0.001083 	0.266532 	 -0.000000 
0.269024 	0.036823 	0.009474 	0.020523 	0.001090 	0.269032 	 -0.000012 
0.268690 	0.029017 	0.006681 	0.016997 	0.000541 	0.268687 	 0.000001 
0.285033 	0.033027 	0.007609 	0.019728 	0.000766 	0.284996 	 0.000040 
0.269629 	0.038113 	0.009093 	0.023088 	0.001081 	0.269602 	 0.000022 
0.269473 	0.033312 	0.006567 	0.021114 	0.000823 	0.269434 	 0.000039 
0.266309 	0.035800 	0.008105 	0.022653 	0.000824 	0.266272 	 0.000039 
0.275782 	0.035947 	0.009189 	0.020678 	0.000978 	0.275790 	 -0.000006 
0.274479 	0.030279 	0.007502 	0.017744 	0.000589 	0.274479 	 -0.000005 
0.271561 	0.034496 	0.007885 	0.021535 	0.000744 	0.271532 	 0.000030 
0.267866 	0.035401 	0.007955 	0.021150 	0.000935 	0.267840 	 0.000026 
0.279088 	0.030793 	0.007691 	0.017562 	0.000642 	0.279096 	 -0.000008 
0.266550 	0.036212 	0.009380 	0.020669 	0.000927 	0.266547 	 -0.000005 
0.265059 	0.034577 	0.008686 	0.020245 	0.000812 	0.265055 	 0.000008 
0.266180 	0.037037 	0.008540 	0.022697 	0.000963 	0.266151 	 0.000034 
0.269478 	0.041691 	0.009686 	0.025682 	0.001157 	0.269457 	 0.000026 
0.258890 	0.038604 	0.010264 	0.021817 	0.001066 	0.258884 	 0.000011 
0.268009 	0.042819 	0.010265 	0.025441 	0.001390 	0.267988 	 0.000024 
0.256995 	0.040508 	0.009452 	0.025262 	0.001134 	0.256992 	 0.000003 
0.265241 	0.037899 	0.008753 	0.023466 	0.000983 	0.265190 	 0.000048 
0.268808 	0.034066 	0.008124 	0.020219 	0.000784 	0.268792 	 0.000018 
0.272591 	0.036487 	0.009497 	0.020623 	0.000988 	0.272590 	 -0.000003 
0.258232 	0.038101 	0.009131 	0.022867 	0.000965 	0.258204 	 0.000026 
0.266409 	0.037571 	0.009825 	0.021541 	0.001068 	0.266405 	 0.000002 
0.256015 	0.042475 	0.009927 	0.026218 	0.001231 	0.255953 	 0.000063 
0.271571 	0.039711 	0.009275 	0.024171 	0.001102 	0.271546 	 0.000028 
0.265733 	0.036746 	0.008659 	0.021613 	0.000967 	0.265709 	 0.000025 
0.269750 	0.038547 	0.010135 	0.021731 	0.001023 	0.269723 	 0.000036 
0.261568 	0.039100 	0.010064 	0.022987 	0.001021 	0.261572 	 0.000007 
0.261138 	0.035826 	0.008515 	0.021626 	0.000814 	0.261137 	 -0.000003 
0.273353 	0.035035 	0.009340 	0.020422 	0.000647 	0.273388 	 -0.000041 
0.260302 	0.040404 	0.010344 	0.023180 	0.001268 	0.260289 	 0.000012 
0.260615 	0.045655 	0.011853 	0.026935 	0.001437 	0.260566 	 0.000046 
0.262954 	0.043203 	0.011540 	0.024801 	0.001290 	0.262933 	 0.000024 
0.256037 	0.043131 	0.010486 	0.025688 	0.001327 	0.255991 	 0.000040 
0.265859 	0.042181 	0.010236 	0.025184 	0.001327 	0.265856 	 0.000005 
0.259528 	0.039560 	0.010907 	0.022507 	0.001106 	0.259571 	 -0.000044 
0.251094 	0.043278 	0.011128 	0.025008 	0.001361 	0.251052 	 0.000040 
0.258577 	0.038533 	0.010733 	0.021444 	0.001109 	0.258632 	 -0.000057 
0.264695 	0.040101 	0.010467 	0.022854 	0.001102 	0.264711 	 -0.000013 
0.262648 	0.039369 	0.010334 	0.021798 	0.001059 	0.262627 	 0.000025 
0.257229 	0.043211 	0.009981 	0.026821 	0.001210 	0.257179 	 0.000051 
0.262900 	0.038157 	0.011131 	0.020767 	0.001075 	0.262964 	 -0.000070 
0.261887 	0.043071 	0.013160 	0.023360 	0.001311 	0.261927 	 -0.000039 
0.258237 	0.042192 	0.010981 	0.025390 	0.001165 	0.258261 	 -0.000022 
0.254973 	0.044252 	0.012157 	0.023408 	0.001425 	0.254968 	 0.000016 
0.256689 	0.044369 	0.011242 	0.025858 	0.001408 	0.256687 	 0.000004 
0.254708 	0.043173 	0.010873 	0.025985 	0.001166 	0.254719 	 -0.000009 
0.258943 	0.041653 	0.011536 	0.023729 	0.001202 	0.258963 	 -0.000021 
0.260385 	0.040536 	0.010635 	0.023409 	0.001126 	0.260384 	 -0.000001 
0.253359 	0.045252 	0.011512 	0.026097 	0.001354 	0.253321 	 0.000033 
0.271359 	0.042036 	0.011612 	0.024006 	0.001106 	0.271396 	 -0.000040 
0.256709 	0.045072 	0.011582 	0.027344 	0.001240 	0.256676 	 0.000036 
0.256439 	0.044692 	0.012299 	0.025473 	0.001388 	0.256470 	 -0.000034 
0.247307 	0.046574 	0.012048 	0.027143 	0.001403 	0.247265 	 0.000034 
0.247760 	0.044984 	0.012323 	0.025382 	0.001416 	0.247764 	 0.000003 
0.259814 	0.048356 	0.012178 	0.028609 	0.001451 	0.259740 	 0.000079 
0.255012 	0.045216 	0.011560 	0.026688 	0.001341 	0.255002 	 0.000008 
0.253832 	0.044232 	0.011821 	0.025078 	0.001375 	0.253816 	 0.000015 
0.248267 	0.047905 	0.013169 	0.026961 	0.001556 	0.248279 	 -0.000012 
0.248352 	0.046735 	0.013162 	0.026484 	0.001444 	0.248348 	 -0.000006 
0.255434 	0.040372 	0.011412 	0.022193 	0.001046 	0.255458 	 -0.000032 
0.252579 	0.044709 	0.011855 	0.025327 	0.001448 	0.252584 	 -0.000012 
0.248117 	0.044155 	0.012705 	0.025373 	0.001321 	0.248122 	 -0.000012 
0.251469 	0.049851 	0.013220 	0.028569 	0.001657 	0.251424 	 0.000034 
0.254565 	0.046741 	0.011697 	0.027342 	0.001448 	0.254513 	 0.000052 
0.253657 	0.045361 	0.013167 	0.024654 	0.001403 	0.253653 	 0.000009 
0.253918 	0.049329 	0.013679 	0.028169 	0.001510 	0.253895 	 0.000017 
0.249343 	0.046268 	0.012237 	0.027507 	0.001450 	0.249362 	 -0.000012 
0.257062 	0.047066 	0.012621 	0.026594 	0.001451 	0.257056 	 0.000009 
0.252012 	0.046531 	0.011698 	0.027778 	0.001382 	0.252000 	 0.000022 
0.249800 	0.054125 	0.014269 	0.031418 	0.001869 	0.249742 	 0.000056 
0.240884 	0.050096 	0.013801 	0.028599 	0.001562 	0.240877 	 0.000003 
0.255747 	0.046761 	0.013060 	0.026058 	0.001448 	0.255758 	 -0.000001 
0.247800 	0.043303 	0.009880 	0.027251 	0.001217 	0.247772 	 0.000022 
0.249619 	0.048939 	0.013774 	0.027013 	0.001624 	0.249605 	 0.000010 
0.249927 	0.050111 	0.011852 	0.030640 	0.001569 	0.249872 	 0.000057 
0.252649 	0.047370 	0.013936 	0.026425 	0.001446 	0.252681 	 -0.000019 
0.260346 	0.045554 	0.011092 	0.026638 	0.001391 	0.260294 	 0.000063 
0.247323 	0.047596 	0.012254 	0.028084 	0.001438 	0.247264 	 0.000054 
0.260689 	0.045286 	0.012401 	0.025467 	0.001329 	0.260662 	 0.000032 
0.252230 	0.046869 	0.013651 	0.026230 	0.001338 	0.252242 	 -0.000013 
0.258023 	0.047427 	0.013084 	0.026822 	0.001390 	0.258025 	 -0.000005 
0.254582 	0.050752 	0.012799 	0.030325 	0.001667 	0.254533 	 0.000052 
0.245357 	0.050193 	0.013888 	0.028231 	0.001568 	0.245341 	 0.000021 
0.250442 	0.047649 	0.014299 	0.026338 	0.001481 	0.250478 	 -0.000029 
0.252984 	0.046520 	0.013876 	0.025289 	0.001417 	0.252996 	 -0.000012 
0.246441 	0.046667 	0.012169 	0.027138 	0.001481 	0.246428 	 0.000012 
0.248602 	0.045547 	0.013855 	0.023367 	0.001394 	0.248625 	 -0.000023 
0.248755 	0.046756 	0.013086 	0.026996 	0.001313 	0.248741 	 0.000016 
0.252058 	0.050961 	0.013165 	0.030132 	0.001554 	0.252040 	 0.000020 
0.250816 	0.050388 	0.014307 	0.028408 	0.001593 	0.250800 	 0.000021 
0.244458 	0.049962 	0.014678 	0.026954 	0.001604 	0.244454 	 -0.000007 
0.246104 	0.052942 	0.014463 	0.030196 	0.001592 	0.246075 	 0.000029 
0.252064 	0.047021 	0.012892 	0.026697 	0.001316 	0.252037 	 0.000029 
0.244480 	0.052677 	0.014785 	0.029757 	0.001723 	0.244454 	 0.000027 
0.235925 	0.052662 	0.014369 	0.030356 	0.001725 	0.235907 	 0.000015 
0.253055 	0.048395 	0.013757 	0.026914 	0.001341 	0.253042 	 0.000014 
0.242403 	0.051630 	0.013901 	0.030086 	0.001607 	0.242363 	 0.000046 
0.242030 	0.047506 	0.014133 	0.025587 	0.001425 	0.242003 	 0.000036 
0.249480 	0.052483 	0.014224 	0.030574 	0.001620 	0.249464 	 0.000018 
0.238992 	0.052610 	0.014156 	0.029684 	0.001741 	0.238952 	 0.000044 
0.236717 	0.049998 	0.013220 	0.028705 	0.001532 	0.236676 	 0.000052 
0.237604 	0.056131 	0.015105 	0.031578 	0.001919 	0.237534 	 0.000079 
0.246931 	0.051469 	0.015373 	0.027414 	0.001641 	0.246919 	 0.000015 
0.245298 	0.050270 	0.014080 	0.028348 	0.001515 	0.245290 	 0.000014 
0.237332 	0.052528 	0.013761 	0.031063 	0.001787 	0.237350 	 -0.000022 
0.248985 	0.053104 	0.014960 	0.030185 	0.001627 	0.248984 	 -0.000003 
0.246312 	0.048991 	0.014521 	0.026253 	0.001487 	0.246332 	 -0.000020 
0.245481 	0.050011 	0.014761 	0.027423 	0.001571 	0.245505 	 -0.000027 
0.245735 	0.047225 	0.013818 	0.025864 	0.001370 	0.245716 	 0.000028 
0.233210 	0.058239 	0.015705 	0.033265 	0.001945 	0.233124 	 0.000081 
0.244435 	0.053035 	0.014372 	0.030711 	0.001601 	0.244391 	 0.000047 
0.242049 	0.053940 	0.014821 	0.030626 	0.001714 	0.242048 	 -0.000007 
0.248759 	0.051722 	0.014760 	0.029109 	0.001615 	0.248736 	 0.000038 
0.239392 	0.052851 	0.016231 	0.027983 	0.001761 	0.239390 	 0.000011 
0.243063 	0.052819 	0.015477 	0.028881 	0.001643 	0.243083 	 -0.000020 
0.246818 	0.056859 	0.016226 	0.032935 	0.001872 	0.246806 	 0.000020 
0.240388 	0.053341 	0.013896 	0.031359 	0.001584 	0.240327 	 0.000062 
0.252160 	0.053299 	0.015339 	0.030130 	0.001620 	0.252128 	 0.000039 
0.240781 	0.052825 	0.016422 	0.027907 	0.001703 	0.240794 	 0.000003 
0.241856 	0.054138 	0.015537 	0.030448 	0.001711 	0.241842 	 0.000017 
0.247784 	0.050651 	0.015614 	0.027554 	0.001596 	0.247806 	 -0.000022 
0.244615 	0.052545 	0.016457 	0.027819 	0.001708 	0.244638 	 -0.000028 
0.234621 	0.050913 	0.017094 	0.026511 	0.001650 	0.234684 	 -0.000061 
0.242229 	0.054978 	0.015711 	0.030853 	0.001771 	0.242199 	 0.000032 
0.235238 	0.054623 	0.016632 	0.030086 	0.001808 	0.235276 	 -0.000042 
0.232932 	0.058095 	0.016840 	0.032632 	0.001991 	0.232911 	 0.000019 
0.237010 	0.056329 	0.017272 	0.030328 	0.002000 	0.237005 	 0.000010 
0.251758 	0.049650 	0.015083 	0.026616 	0.001476 	0.251781 	 -0.000017 
0.251616 	0.053960 	0.016555 	0.029199 	0.001672 	0.251621 	 -0.000006 
0.241414 	0.057689 	0.016910 	0.032201 	0.001884 	0.241384 	 0.000037 
0.242476 	0.052840 	0.016177 	0.028891 	0.001708 	0.242519 	 -0.000051 
0.237574 	0.056250 	0.016642 	0.030392 	0.001923 	0.237562 	 0.000009 
0.242355 	0.058206 	0.018400 	0.030312 	0.002001 	0.242370 	 -0.000020 
0.235817 	0.053369 	0.016668 	0.028381 	0.001739 	0.235818 	 0.000004 
0.238338 	0.057630 	0.017335 	0.030574 	0.002040 	0.238344 	 -0.000009 
0.239666 	0.050078 	0.015414 	0.027348 	0.001485 	0.239704 	 -0.000043 
0.238535 	0.053344 	0.016830 	0.028034 	0.001733 	0.238578 	 -0.000046 
0.237247 	0.055898 	0.017199 	0.029515 	0.001877 	0.237275 	 -0.000026 
0.237352 	0.052111 	0.017017 	0.026061 	0.001698 	0.237368 	 -0.000018 
0.244119 	0.050066 	0.016074 	0.026578 	0.001525 	0.244185 	 -0.000063 
0.233068 	0.058541 	0.016716 	0.033639 	0.001975 	0.233067 	 0.000004 
0.234976 	0.057994 	0.016439 	0.033121 	0.001916 	0.234943 	 0.000034 
0.238625 	0.053921 	0.017859 	0.028295 	0.001748 	0.238678 	 -0.000050 
0.240122 	0.055895 	0.016053 	0.031405 	0.001783 	0.240117 	 0.000004 
0.238081 	0.054640 	0.016698 	0.029266 	0.001878 	0.238067 	 0.000007 
0.233777 	0.053293 	0.016830 	0.029060 	0.001595 	0.233817 	 -0.000029 
0.244975 	0.053355 	0.017793 	0.027935 	0.001736 	0.245032 	 -0.000046 
0.237764 	0.057835 	0.017831 	0.031168 	0.001872 	0.237769 	 -0.000003 
0.232965 	0.062388 	0.018096 	0.035080 	0.002129 	0.232941 	 0.000033 
0.239236 	0.058084 	0.018011 	0.030745 	0.001977 	0.239204 	 0.000038 
0.225104 	0.060229 	0.018186 	0.032671 	0.001959 	0.225091 	 0.000012 
0.109361 	-0.006172 	0.006099 	-0.010351 	-0.000408 	0.109580 	 -0.000233 
0.083716 	0.000206 	0.003249 	-0.001741 	-0.000172 	0.083742 	 -0.000028 
0.091837 	-0.000974 	0.009226 	-0.010768 	0.000117 	0.092081 	 -0.000246 
0.109219 	-0.007124 	0.011576 	-0.015970 	-0.000297 	0.109585 	 -0.000363 
0.121829 	-0.009076 	0.008011 	-0.018365 	-0.000186 	0.122066 	 -0.000246 
0.121873 	-0.003870 	0.006219 	-0.006906 	-0.000444 	0.122058 	 -0.000185 
0.110186 	0.003509 	0.003478 	0.002022 	-0.000133 	0.110210 	 -0.000016 
0.114487 	0.000923 	0.004328 	-0.001424 	-0.000038 	0.114571 	 -0.000088 
0.122432 	-0.001866 	0.006764 	-0.005812 	-0.000322 	0.122627 	 -0.000181 
0.105416 	0.002233 	0.003073 	0.000856 	-0.000223 	0.105457 	 -0.000058 
0.122436 	-0.001096 	0.006025 	-0.003242 	-0.000557 	0.122557 	 -0.000116 
0.114989 	0.006293 	0.005047 	0.002736 	-0.000325 	0.114953 	 0.000044 
0.098533 	0.008849 	0.005559 	0.004274 	-0.000036 	0.098543 	 -0.000004 
0.110885 	0.015289 	0.010186 	0.002640 	0.000590 	0.110920 	 -0.000048 
0.117795 	-0.002558 	0.005439 	-0.005378 	-0.000734 	0.117938 	 -0.000146 
0.126058 	0.002559 	0.010720 	-0.006163 	-0.000347 	0.126281 	 -0.000208 
0.099283 	0.003320 	0.006645 	-0.000373 	-0.000169 	0.099401 	 -0.000120 
0.102453 	0.007085 	0.006302 	0.003035 	0.000011 	0.102525 	 -0.000067 
0.092003 	0.004460 	0.006113 	0.000116 	-0.000121 	0.092095 	 -0.000079 
0.103679 	0.004892 	0.005997 	0.000968 	-0.000086 	0.103787 	 -0.000108 
0.085924 	0.010233 	0.007608 	0.003626 	0.000225 	0.086011 	 -0.000084 
0.095018 	0.003636 	0.006865 	-0.001189 	-0.000166 	0.095167 	 -0.000146 
0.079624 	0.008748 	0.006949 	0.002796 	0.000114 	0.079702 	 -0.000079 
0.081385 	0.009129 	0.008401 	0.002589 	0.000130 	0.081510 	 -0.000113 
0.095988 	0.007645 	0.006474 	0.002959 	0.000090 	0.096083 	 -0.000101 
0.086911 	0.009108 	0.006877 	0.003459 	0.000125 	0.086981 	 -0.000074 
0.092697 	0.009707 	0.007442 	0.004344 	0.000142 	0.092815 	 -0.000114 
0.091529 	0.006196 	0.007377 	0.000905 	-0.000131 	0.091635 	 -0.000103 
0.094286 	0.008104 	0.008140 	0.001234 	0.000003 	0.094393 	 -0.000105 
0.094045 	0.009048 	0.007859 	0.003483 	0.000209 	0.094124 	 -0.000080 
0.098244 	0.009902 	0.007612 	0.002729 	0.000364 	0.098334 	 -0.000093 
0.100778 	0.004150 	0.006544 	-0.000792 	-0.000193 	0.100834 	 -0.000043 
0.093271 	0.007211 	0.009002 	-0.000324 	0.000072 	0.093413 	 -0.000138 
0.090786 	0.008295 	0.007199 	0.002841 	0.000100 	0.090819 	 -0.000031 
0.077799 	0.011499 	0.008691 	0.003448 	0.000290 	0.077865 	 -0.000068 
0.093378 	0.008371 	0.008594 	0.000283 	0.000151 	0.093464 	 -0.000085 
0.086188 	0.011805 	0.009232 	0.003780 	0.000242 	0.086246 	 -0.000063 
0.080187 	0.010078 	0.009040 	0.002184 	0.000226 	0.080300 	 -0.000127 
0.085393 	0.013715 	0.009333 	0.005404 	0.000245 	0.085449 	 -0.000053 
0.089559 	0.015093 	0.009601 	0.005666 	0.000400 	0.089614 	 -0.000055 
0.074529 	0.013173 	0.009758 	0.003731 	0.000340 	0.074607 	 -0.000069 
0.071454 	0.021079 	0.010560 	0.010008 	0.000806 	0.071479 	 -0.000027 
0.082898 	0.017854 	0.009656 	0.008101 	0.000584 	0.082904 	 -0.000007 
0.078109 	0.017441 	0.009496 	0.007676 	0.000520 	0.078113 	 0.000003 
0.086674 	0.014414 	0.008488 	0.007509 	0.000377 	0.086724 	 -0.000042 
0.072242 	0.010662 	0.008727 	0.003470 	0.000134 	0.072322 	 -0.000083 
0.074367 	0.016951 	0.009268 	0.007312 	0.000347 	0.074383 	 -0.000010 
0.074233 	0.018128 	0.010113 	0.007287 	0.000646 	0.074257 	 -0.000028 
0.076197 	0.015299 	0.009104 	0.006162 	0.000396 	0.076249 	 -0.000045 
0.073335 	0.017497 	0.009540 	0.007846 	0.000410 	0.073328 	 0.000016 
0.082425 	0.019437 	0.011393 	0.007636 	0.000666 	0.082476 	 -0.000046 
0.082144 	0.014380 	0.009677 	0.004528 	0.000357 	0.082205 	 -0.000070 
0.073438 	0.018990 	0.010961 	0.007746 	0.000562 	0.073457 	 -0.000009 
0.072554 	0.023410 	0.011699 	0.010538 	0.000790 	0.072521 	 0.000040 
0.072419 	0.012816 	0.010022 	0.003551 	0.000187 	0.072492 	 -0.000064 
0.077565 	0.016613 	0.012550 	0.003296 	0.000538 	0.077664 	 -0.000099 
0.065907 	0.016815 	0.011166 	0.005897 	0.000442 	0.065947 	 -0.000033 
0.072538 	0.020265 	0.012528 	0.006886 	0.000680 	0.072582 	 -0.000042 
0.070147 	0.019931 	0.009792 	0.009440 	0.000683 	0.070125 	 0.000029 
0.068782 	0.016672 	0.011289 	0.004747 	0.000426 	0.068826 	 -0.000050 
0.070526 	0.026869 	0.012904 	0.012652 	0.000994 	0.070488 	 0.000047 
0.068831 	0.019310 	0.010405 	0.007672 	0.000594 	0.068824 	 0.000016 
0.062315 	0.020769 	0.011133 	0.009319 	0.000569 	0.062296 	 0.000016 
0.075721 	0.022044 	0.012619 	0.008317 	0.000696 	0.075735 	 -0.000009 
0.067644 	0.021256 	0.011216 	0.009351 	0.000601 	0.067621 	 0.000021 
0.061475 	0.024926 	0.012111 	0.011560 	0.000865 	0.061451 	 0.000019 
0.058331 	0.023247 	0.011307 	0.010158 	0.000829 	0.058295 	 0.000037 
0.071511 	0.019379 	0.010122 	0.008528 	0.000625 	0.071519 	 -0.000010 
0.066261 	0.024839 	0.012012 	0.010910 	0.000874 	0.066232 	 0.000029 
0.075594 	0.026212 	0.013157 	0.010938 	0.000971 	0.075593 	 0.000004 
0.069397 	0.025435 	0.013484 	0.009767 	0.001139 	0.069401 	 0.000010 
0.070294 	0.027077 	0.013104 	0.011892 	0.001122 	0.070264 	 0.000035 
0.062786 	0.024950 	0.012691 	0.010500 	0.000824 	0.062754 	 0.000032 
0.075472 	0.025084 	0.013898 	0.010208 	0.000914 	0.075497 	 -0.000019 
0.072272 	0.022653 	0.012770 	0.008192 	0.000794 	0.072271 	 0.000014 
0.063132 	0.031650 	0.012931 	0.016150 	0.001215 	0.063030 	 0.000106 
0.064477 	0.025968 	0.014253 	0.010022 	0.000916 	0.064458 	 0.000014 
0.054852 	0.029424 	0.013724 	0.013659 	0.001126 	0.054805 	 0.000048 
0.066828 	0.023516 	0.012626 	0.009585 	0.000764 	0.066837 	 -0.000012 
0.062003 	0.026358 	0.013683 	0.010561 	0.000841 	0.061994 	 0.000009 
0.059487 	0.028916 	0.014754 	0.011795 	0.001241 	0.059484 	 0.000005 
0.069743 	0.027679 	0.014913 	0.010053 	0.001096 	0.069747 	 -0.000002 
0.061386 	0.027318 	0.013397 	0.011679 	0.000935 	0.061364 	 0.000025 
0.063920 	0.026275 	0.013466 	0.010701 	0.000857 	0.063904 	 0.000010 
0.065175 	0.030954 	0.015581 	0.013419 	0.001225 	0.065172 	 0.000015 
0.067550 	0.023863 	0.013076 	0.009660 	0.000784 	0.067510 	 0.000034 
0.062082 	0.025716 	0.014366 	0.009165 	0.000922 	0.062067 	 0.000017 
0.060818 	0.029646 	0.013951 	0.012897 	0.001145 	0.060797 	 0.000022 
0.053623 	0.034509 	0.016794 	0.014495 	0.001479 	0.053569 	 0.000053 
0.060454 	0.027577 	0.014395 	0.010910 	0.000964 	0.060422 	 0.000038 
0.061476 	0.029043 	0.014620 	0.011869 	0.001216 	0.061440 	 0.000038 
0.057755 	0.033153 	0.015763 	0.014364 	0.001348 	0.057755 	 -0.000001 
0.055124 	0.028851 	0.014820 	0.011395 	0.001018 	0.055090 	 0.000044 
0.058478 	0.023607 	0.013861 	0.008345 	0.000698 	0.058484 	 -0.000002 
0.061786 	0.032823 	0.015673 	0.014266 	0.001265 	0.061761 	 0.000026 
0.067874 	0.030617 	0.015048 	0.012345 	0.001251 	0.067837 	 0.000044 
0.060991 	0.034291 	0.015039 	0.016387 	0.001368 	0.060908 	 0.000087 
0.057813 	0.025079 	0.014928 	0.007962 	0.000873 	0.057810 	 0.000007 
0.057875 	0.030535 	0.016653 	0.010395 	0.001221 	0.057877 	 -0.000000 
0.057817 	0.027278 	0.013396 	0.011342 	0.001050 	0.057790 	 0.000031 
0.067241 	0.031723 	0.016500 	0.011776 	0.001232 	0.067250 	 -0.000017 
0.064918 	0.032657 	0.016211 	0.013088 	0.001217 	0.064840 	 0.000078 
0.055947 	0.030030 	0.016228 	0.010493 	0.001245 	0.055957 	 -0.000012 
0.058261 	0.029922 	0.014760 	0.011930 	0.001119 	0.058199 	 0.000053 
0.072712 	0.028396 	0.015767 	0.009667 	0.001042 	0.072705 	 0.000014 
0.058985 	0.035467 	0.017213 	0.014474 	0.001399 	0.058944 	 0.000042 
0.072320 	0.027965 	0.015925 	0.009297 	0.001036 	0.072335 	 -0.000016 
0.060041 	0.028847 	0.016425 	0.009683 	0.001185 	0.060026 	 0.000016 
0.070326 	0.030670 	0.015951 	0.011211 	0.001169 	0.070302 	 0.000023 
0.069589 	0.031613 	0.016898 	0.011744 	0.001176 	0.069583 	 0.000012 
0.061345 	0.029730 	0.016404 	0.010274 	0.001198 	0.061356 	 -0.000012 
0.060687 	0.031701 	0.017522 	0.010577 	0.001256 	0.060679 	 0.000013 
0.059326 	0.027482 	0.015318 	0.009759 	0.000968 	0.059317 	 0.000012 
0.064125 	0.030728 	0.016655 	0.010697 	0.001224 	0.064148 	 -0.000026 
0.066162 	0.032023 	0.015608 	0.012708 	0.001248 	0.066097 	 0.000063 
0.067809 	0.033265 	0.017387 	0.012504 	0.001301 	0.067788 	 0.000022 
0.060877 	0.029211 	0.016875 	0.008764 	0.001123 	0.060868 	 0.000008 
0.056744 	0.039579 	0.017468 	0.017798 	0.001633 	0.056671 	 0.000073 
0.059980 	0.032744 	0.017647 	0.010632 	0.001303 	0.059935 	 0.000053 
0.057813 	0.033047 	0.015431 	0.013784 	0.001307 	0.057730 	 0.000086 
0.072250 	0.030616 	0.015232 	0.012228 	0.001119 	0.072196 	 0.000054 
0.059568 	0.032581 	0.017770 	0.011500 	0.001323 	0.059550 	 0.000012 
0.054148 	0.029438 	0.015940 	0.010282 	0.001223 	0.054124 	 0.000021 
0.055749 	0.032832 	0.017489 	0.011125 	0.001396 	0.055746 	 -0.000005 
0.068170 	0.031644 	0.016438 	0.010857 	0.001309 	0.068143 	 0.000035 
0.070389 	0.030396 	0.015978 	0.009879 	0.001236 	0.070323 	 0.000067 
0.056347 	0.034101 	0.016044 	0.014958 	0.001370 	0.056311 	 0.000037 
0.063836 	0.033712 	0.016859 	0.013183 	0.001398 	0.063817 	 0.000017 
0.062212 	0.033080 	0.016757 	0.013182 	0.001280 	0.062153 	 0.000056 
0.059375 	0.034270 	0.018305 	0.012163 	0.001494 	0.059327 	 0.000045 
0.057954 	0.032054 	0.016827 	0.011421 	0.001324 	0.057914 	 0.000041 
0.061763 	0.038215 	0.017844 	0.015781 	0.001588 	0.061690 	 0.000075 
0.060248 	0.029339 	0.016817 	0.008353 	0.001093 	0.060230 	 0.000022 
0.058769 	0.029575 	0.017566 	0.008802 	0.001207 	0.058767 	 0.000003 
0.060188 	0.032484 	0.017125 	0.011265 	0.001304 	0.060118 	 0.000066 
0.054802 	0.036621 	0.016657 	0.015361 	0.001545 	0.054698 	 0.000109 
0.062621 	0.032391 	0.016242 	0.012456 	0.001331 	0.062584 	 0.000031 
0.048056 	0.034092 	0.016397 	0.013852 	0.001334 	0.047972 	 0.000082 
0.053133 	0.033081 	0.017442 	0.011280 	0.001302 	0.053093 	 0.000044 
0.064483 	0.031671 	0.017121 	0.010770 	0.001197 	0.064445 	 0.000030 
0.056008 	0.032497 	0.018102 	0.010529 	0.001312 	0.055996 	 0.000004 
0.061247 	0.029613 	0.016282 	0.010222 	0.001128 	0.061199 	 0.000052 
0.062441 	0.034425 	0.017212 	0.013080 	0.001324 	0.062385 	 0.000056 
0.054195 	0.033511 	0.017425 	0.012049 	0.001387 	0.054144 	 0.000052 
0.054250 	0.037877 	0.018255 	0.015254 	0.001545 	0.054193 	 0.000053 
0.064316 	0.030860 	0.016231 	0.010966 	0.001202 	0.064241 	 0.000076 
0.055104 	0.033035 	0.017884 	0.011505 	0.001294 	0.055065 	 0.000044 
0.055767 	0.031972 	0.016925 	0.011899 	0.001242 	0.055725 	 0.000032 
0.061092 	0.035266 	0.019521 	0.010547 	0.001420 	0.061082 	 0.000003 
0.049889 	0.038471 	0.018505 	0.015657 	0.001593 	0.049822 	 0.000062 
0.061090 	0.025922 	0.017769 	0.005702 	0.000929 	0.061118 	 -0.000026 
0.050065 	0.036002 	0.019962 	0.012236 	0.001509 	0.050066 	 -0.000016 
0.061105 	0.036458 	0.017493 	0.014430 	0.001528 	0.061057 	 0.000049 
0.059934 	0.037242 	0.017980 	0.015063 	0.001423 	0.059870 	 0.000055 
0.055530 	0.032203 	0.017075 	0.010773 	0.001299 	0.055460 	 0.000071 
0.051182 	0.037276 	0.016418 	0.016531 	0.001591 	0.051055 	 0.000130 
0.047935 	0.038293 	0.019164 	0.013762 	0.001585 	0.047859 	 0.000074 
0.056876 	0.041161 	0.019087 	0.016831 	0.001691 	0.056785 	 0.000096 
0.060311 	0.035996 	0.018857 	0.012925 	0.001499 	0.060292 	 0.000018 
0.060216 	0.040352 	0.020370 	0.014591 	0.001804 	0.060171 	 0.000046 
0.051824 	0.036661 	0.018917 	0.013057 	0.001482 	0.051796 	 0.000029 
0.059595 	0.037759 	0.017653 	0.015031 	0.001483 	0.059520 	 0.000071 
0.060603 	0.034712 	0.018463 	0.011962 	0.001378 	0.060543 	 0.000058 
0.060659 	0.037204 	0.019594 	0.012510 	0.001578 	0.060627 	 0.000029 
0.056049 	0.037695 	0.018596 	0.014303 	0.001628 	0.055969 	 0.000084 
0.062304 	0.037170 	0.018065 	0.014992 	0.001483 	0.062216 	 0.000094 
0.052926 	0.038179 	0.019012 	0.013964 	0.001648 	0.052865 	 0.000065 
0.050367 	0.036397 	0.018964 	0.012732 	0.001466 	0.050301 	 0.000060 
0.060169 	0.036041 	0.019272 	0.011752 	0.001408 	0.060154 	 0.000013 
0.054815 	0.038104 	0.018738 	0.013766 	0.001707 	0.054776 	 0.000051 
0.051922 	0.036544 	0.019242 	0.011094 	0.001605 	0.051847 	 0.000076 
0.062154 	0.032840 	0.017581 	0.011070 	0.001391 	0.062102 	 0.000049 
0.051058 	0.038862 	0.018516 	0.015524 	0.001600 	0.050984 	 0.000073 
0.042560 	0.037502 	0.018947 	0.013626 	0.001627 	0.042513 	 0.000045 
0.056225 	0.036621 	0.018791 	0.013758 	0.001496 	0.056184 	 0.000033 
0.049154 	0.038874 	0.019602 	0.014092 	0.001661 	0.049099 	 0.000051 
0.051426 	0.038804 	0.019185 	0.014002 	0.001648 	0.051357 	 0.000065 
0.066127 	0.037181 	0.018411 	0.012954 	0.001573 	0.066051 	 0.000067 
0.052530 	0.038834 	0.018465 	0.014862 	0.001669 	0.052452 	 0.000079 
0.052545 	0.037110 	0.019493 	0.012507 	0.001506 	0.052504 	 0.000040 
0.054851 	0.036895 	0.019971 	0.012117 	0.001563 	0.054832 	 0.000019 
0.058938 	0.033643 	0.019687 	0.009545 	0.001330 	0.058932 	 0.000001 
0.060665 	0.035537 	0.019156 	0.011026 	0.001444 	0.060630 	 0.000031 
0.064052 	0.034633 	0.019092 	0.010803 	0.001388 	0.064022 	 0.000021 
0.054533 	0.035206 	0.019463 	0.011442 	0.001430 	0.054485 	 0.000043 
0.061447 	0.034638 	0.019286 	0.010217 	0.001382 	0.061422 	 0.000017 
0.055547 	0.035912 	0.017630 	0.013807 	0.001466 	0.055482 	 0.000069 
0.049780 	0.033562 	0.020085 	0.008876 	0.001296 	0.049766 	 0.000015 
0.049522 	0.040212 	0.019544 	0.015637 	0.001643 	0.049421 	 0.000093 
0.055142 	0.034873 	0.018116 	0.012078 	0.001290 	0.055054 	 0.000091 
0.057688 	0.036822 	0.020461 	0.010775 	0.001645 	0.057651 	 0.000033 
0.058837 	0.035081 	0.018630 	0.011595 	0.001331 	0.058830 	 0.000000 
0.053275 	0.038130 	0.019685 	0.012971 	0.001478 	0.053211 	 0.000059 
0.055805 	0.035429 	0.019289 	0.011056 	0.001519 	0.055779 	 0.000023 
0.060642 	0.035215 	0.018573 	0.012020 	0.001376 	0.060597 	 0.000044 
0.060330 	0.029926 	0.018188 	0.007695 	0.001146 	0.060309 	 0.000022 
0.053237 	0.040410 	0.020287 	0.014297 	0.001631 	0.053167 	 0.000070 
0.048365 	0.032329 	0.018628 	0.009614 	0.001246 	0.048340 	 0.000031 
0.061266 	0.034257 	0.018625 	0.010035 	0.001415 	0.061215 	 0.000046 
0.068838 	0.032252 	0.018806 	0.009285 	0.001117 	0.068809 	 0.000018 
0.058853 	0.033753 	0.018730 	0.010364 	0.001350 	0.058809 	 0.000038 
0.049583 	0.036944 	0.019229 	0.012814 	0.001547 	0.049527 	 0.000057 
0.055836 	0.034892 	0.018392 	0.011881 	0.001398 	0.055784 	 0.000048 
0.053832 	0.034046 	0.018476 	0.011102 	0.001386 	0.053768 	 0.000058 
0.067552 	0.032865 	0.017795 	0.010314 	0.001267 	0.067507 	 0.000034 
0.051422 	0.036048 	0.019268 	0.011648 	0.001372 	0.051358 	 0.000060 
0.060821 	0.036181 	0.018726 	0.013029 	0.001510 	0.060772 	 0.000041 
0.057585 	0.038050 	0.019673 	0.013271 	0.001575 	0.057519 	 0.000065 
0.051792 	0.037579 	0.019457 	0.012424 	0.001639 	0.051740 	 0.000040 
0.054157 	0.037739 	0.019245 	0.012664 	0.001577 	0.054069 	 0.000080 
0.077182 	0.030091 	0.018208 	0.008094 	0.001154 	0.077145 	 0.000023 
