di 	gli 	gal 	gos3 	gos4 	lac 	 glb 
0.484989 	0.001734 	-0.002828 	0.004034 	-0.000711 	0.484838 	 0.000149 
0.501449 	0.007897 	-0.004316 	0.011105 	-0.000400 	0.501275 	 0.000242 
0.473212 	0.005071 	-0.003446 	0.008319 	-0.000548 	0.473040 	 0.000195 
0.495124 	0.006377 	-0.003944 	0.008642 	-0.000456 	0.494942 	 0.000193 
0.499016 	0.006466 	-0.001213 	0.007943 	-0.000477 	0.498824 	 0.000207 
0.476298 	0.012637 	-0.001668 	0.012704 	-0.000252 	0.476099 	 0.000204 
0.490407 	0.012458 	-0.002615 	0.012741 	-0.000304 	0.490213 	 0.000214 
0.489481 	0.010550 	-0.001335 	0.011535 	-0.000339 	0.489246 	 0.000263 
0.498333 	0.008141 	-0.002898 	0.009387 	-0.000394 	0.498160 	 0.000198 
0.490387 	0.007131 	-0.001317 	0.007894 	-0.000522 	0.490190 	 0.000217 
0.473551 	0.020276 	0.000847 	0.015766 	0.000069 	0.473360 	 0.000186 
0.486915 	0.010895 	-0.001640 	0.010610 	-0.000336 	0.486714 	 0.000195 
0.495751 	0.012943 	-0.001488 	0.011708 	-0.000206 	0.495572 	 0.000225 
0.502461 	0.009545 	-0.002289 	0.009796 	-0.000383 	0.502211 	 0.000252 
0.481044 	0.013982 	0.001712 	0.011282 	-0.000188 	0.480835 	 0.000196 
0.497789 	0.017973 	0.001930 	0.015655 	0.000026 	0.497518 	 0.000287 
0.458874 	0.012936 	-0.000736 	0.011393 	-0.000103 	0.458719 	 0.000161 
0.444924 	0.011907 	-0.002509 	0.011032 	-0.000184 	0.444737 	 0.000213 
0.451927 	0.016561 	-0.000375 	0.014414 	0.000002 	0.451724 	 0.000235 
0.453096 	0.015210 	-0.000197 	0.013061 	-0.000002 	0.452889 	 0.000245 
0.447168 	0.017613 	0.000471 	0.013578 	0.000072 	0.446930 	 0.000291 
0.460518 	0.017317 	-0.000371 	0.014741 	0.000012 	0.460305 	 0.000244 
0.442747 	0.015181 	-0.000424 	0.013459 	0.000006 	0.442547 	 0.000232 
0.433188 	0.021685 	0.001106 	0.017308 	0.000307 	0.432961 	 0.000274 
0.436962 	0.024998 	0.001664 	0.018598 	0.000436 	0.436722 	 0.000256 
0.443970 	0.019078 	0.000315 	0.014697 	0.000169 	0.443748 	 0.000238 
0.442992 	0.023667 	0.003253 	0.017770 	0.000394 	0.442780 	 0.000243 
0.452711 	0.020260 	0.002150 	0.016522 	0.000186 	0.452473 	 0.000293 
0.439064 	0.019413 	0.000828 	0.015092 	0.000218 	0.438839 	 0.000242 
0.450077 	0.019273 	0.001996 	0.015219 	0.000213 	0.449860 	 0.000245 
0.435908 	0.028272 	0.003432 	0.020931 	0.000566 	0.435677 	 0.000259 
0.446373 	0.019811 	0.001628 	0.014930 	0.000189 	0.446114 	 0.000303 
0.444197 	0.023432 	0.001095 	0.018725 	0.000372 	0.443944 	 0.000283 
0.456120 	0.023656 	0.003334 	0.018986 	0.000443 	0.455869 	 0.000297 
0.451420 	0.027885 	0.003183 	0.019934 	0.000657 	0.451147 	 0.000311 
0.439623 	0.027634 	0.002569 	0.020117 	0.000522 	0.439396 	 0.000249 
0.447512 	0.019764 	0.002266 	0.015303 	0.000199 	0.447312 	 0.000204 
0.443050 	0.027282 	0.003057 	0.019319 	0.000531 	0.442803 	 0.000274 
0.429562 	0.035623 	0.004399 	0.025859 	0.000889 	0.429263 	 0.000355 
0.434907 	0.029679 	0.003815 	0.020927 	0.000671 	0.434624 	 0.000327 
0.448679 	0.026401 	0.003077 	0.019428 	0.000546 	0.448409 	 0.000305 
0.444318 	0.028840 	0.003748 	0.021647 	0.000627 	0.444039 	 0.000306 
0.436570 	0.032415 	0.004416 	0.022583 	0.000778 	0.436283 	 0.000315 
0.445936 	0.029854 	0.003802 	0.022601 	0.000668 	0.445668 	 0.000306 
0.428983 	0.033268 	0.004572 	0.023057 	0.000826 	0.428711 	 0.000295 
0.448684 	0.030838 	0.006345 	0.020656 	0.000641 	0.448392 	 0.000310 
0.437035 	0.032883 	0.003942 	0.023503 	0.000734 	0.436709 	 0.000346 
0.439287 	0.031858 	0.005257 	0.021707 	0.000731 	0.438992 	 0.000295 
0.449954 	0.032187 	0.003852 	0.022813 	0.000653 	0.449681 	 0.000296 
0.447927 	0.033407 	0.004613 	0.022802 	0.000778 	0.447613 	 0.000337 
0.440831 	0.036666 	0.004541 	0.026701 	0.000958 	0.440516 	 0.000332 
0.449981 	0.033449 	0.004884 	0.022751 	0.000722 	0.449671 	 0.000331 
0.454437 	0.030302 	0.006335 	0.022179 	0.000638 	0.454115 	 0.000333 
0.443193 	0.039064 	0.006420 	0.027102 	0.001045 	0.442854 	 0.000354 
0.428980 	0.040638 	0.007000 	0.027500 	0.001072 	0.428620 	 0.000381 
0.437082 	0.037704 	0.006875 	0.026067 	0.000975 	0.436733 	 0.000375 
0.441166 	0.039769 	0.007289 	0.027338 	0.001032 	0.440840 	 0.000341 
0.449605 	0.039083 	0.005483 	0.027624 	0.001008 	0.449297 	 0.000346 
0.444440 	0.036629 	0.005998 	0.026257 	0.000861 	0.444063 	 0.000419 
0.435674 	0.040841 	0.006403 	0.027063 	0.001124 	0.435307 	 0.000378 
0.437483 	0.036442 	0.005935 	0.024778 	0.000901 	0.437120 	 0.000403 
0.437570 	0.039253 	0.006020 	0.025901 	0.001039 	0.437234 	 0.000364 
0.442240 	0.037502 	0.005359 	0.025902 	0.001003 	0.441934 	 0.000318 
0.447594 	0.036301 	0.005246 	0.023985 	0.000955 	0.447239 	 0.000367 
0.443899 	0.035445 	0.005413 	0.023485 	0.000939 	0.443570 	 0.000322 
0.432896 	0.043041 	0.007479 	0.027680 	0.001169 	0.432557 	 0.000331 
0.428493 	0.042682 	0.007135 	0.027864 	0.001170 	0.428126 	 0.000395 
0.446945 	0.034322 	0.006557 	0.021940 	0.000806 	0.446582 	 0.000370 
0.445207 	0.038405 	0.006611 	0.025077 	0.000999 	0.444830 	 0.000398 
0.435971 	0.038104 	0.006465 	0.026713 	0.001009 	0.435602 	 0.000383 
0.432536 	0.044225 	0.008529 	0.029793 	0.001288 	0.432143 	 0.000414 
0.419379 	0.043372 	0.008458 	0.027790 	0.001219 	0.419007 	 0.000370 
0.431295 	0.042443 	0.007026 	0.027473 	0.001175 	0.430923 	 0.000384 
0.422342 	0.042808 	0.008113 	0.028501 	0.001179 	0.421981 	 0.000351 
0.435193 	0.038133 	0.006200 	0.025401 	0.000977 	0.434841 	 0.000368 
0.433402 	0.041454 	0.008101 	0.026591 	0.001148 	0.433028 	 0.000390 
0.418528 	0.045600 	0.008699 	0.030537 	0.001302 	0.418154 	 0.000380 
0.413695 	0.044605 	0.006903 	0.028806 	0.001248 	0.413286 	 0.000416 
0.430451 	0.041967 	0.007156 	0.027602 	0.001187 	0.430055 	 0.000411 
0.441478 	0.042437 	0.007193 	0.028091 	0.001165 	0.441108 	 0.000398 
0.438705 	0.046215 	0.009834 	0.029184 	0.001354 	0.438326 	 0.000382 
0.418925 	0.046471 	0.008765 	0.029127 	0.001403 	0.418566 	 0.000351 
0.411631 	0.046733 	0.008237 	0.030788 	0.001423 	0.411235 	 0.000410 
0.432046 	0.045323 	0.008331 	0.028947 	0.001296 	0.431667 	 0.000388 
0.411578 	0.045526 	0.008716 	0.028411 	0.001278 	0.411178 	 0.000397 
0.428608 	0.045144 	0.009053 	0.027970 	0.001291 	0.428200 	 0.000427 
0.432651 	0.043659 	0.007758 	0.028792 	0.001261 	0.432309 	 0.000371 
0.434965 	0.048245 	0.009290 	0.030790 	0.001418 	0.434580 	 0.000401 
0.428430 	0.042185 	0.009437 	0.026612 	0.001214 	0.428035 	 0.000383 
0.432165 	0.045329 	0.008669 	0.028689 	0.001305 	0.431806 	 0.000349 
0.421074 	0.049972 	0.009885 	0.031972 	0.001492 	0.420639 	 0.000439 
0.425920 	0.048153 	0.009150 	0.031116 	0.001455 	0.425535 	 0.000412 
0.415574 	0.050861 	0.008885 	0.032782 	0.001546 	0.415174 	 0.000399 
0.419690 	0.048704 	0.009089 	0.031368 	0.001406 	0.419293 	 0.000423 
0.426690 	0.049796 	0.009037 	0.031793 	0.001535 	0.426252 	 0.000448 
0.422844 	0.047415 	0.010635 	0.029722 	0.001429 	0.422414 	 0.000443 
0.434702 	0.045348 	0.007880 	0.029739 	0.001335 	0.434301 	 0.000437 
0.416935 	0.052248 	0.010866 	0.033677 	0.001624 	0.416522 	 0.000414 
0.426032 	0.048849 	0.008582 	0.031820 	0.001442 	0.425621 	 0.000437 
0.438496 	0.045374 	0.008903 	0.028754 	0.001267 	0.438085 	 0.000429 
0.414871 	0.052261 	0.011392 	0.032511 	0.001666 	0.414454 	 0.000414 
0.419747 	0.050194 	0.010832 	0.031278 	0.001550 	0.419314 	 0.000428 
0.418961 	0.053596 	0.010924 	0.033236 	0.001655 	0.418524 	 0.000434 
0.436829 	0.047620 	0.010324 	0.029318 	0.001465 	0.436415 	 0.000418 
0.417571 	0.053007 	0.010824 	0.033018 	0.001669 	0.417163 	 0.000397 
0.414936 	0.053721 	0.012049 	0.033443 	0.001701 	0.414512 	 0.000433 
0.433400 	0.052858 	0.009833 	0.034080 	0.001632 	0.432992 	 0.000438 
0.400551 	0.058013 	0.011791 	0.036643 	0.001883 	0.400118 	 0.000440 
0.426674 	0.052559 	0.011822 	0.034067 	0.001676 	0.426241 	 0.000439 
0.420179 	0.053367 	0.010708 	0.033342 	0.001679 	0.419748 	 0.000449 
0.424191 	0.054078 	0.011079 	0.033855 	0.001681 	0.423768 	 0.000443 
0.401252 	0.056860 	0.011864 	0.033958 	0.001822 	0.400799 	 0.000434 
0.423117 	0.053116 	0.012294 	0.031865 	0.001663 	0.422647 	 0.000485 
0.418447 	0.053197 	0.010927 	0.033513 	0.001676 	0.418003 	 0.000462 
0.420792 	0.056310 	0.012966 	0.034581 	0.001857 	0.420332 	 0.000475 
0.430277 	0.054610 	0.013176 	0.034771 	0.001771 	0.429811 	 0.000481 
0.413830 	0.058704 	0.012947 	0.036237 	0.001914 	0.413365 	 0.000464 
0.418798 	0.055983 	0.012245 	0.035478 	0.001781 	0.418335 	 0.000475 
0.404843 	0.055431 	0.012433 	0.035434 	0.001834 	0.404366 	 0.000478 
0.419306 	0.056401 	0.011296 	0.035895 	0.001859 	0.418842 	 0.000466 
0.424082 	0.055018 	0.013092 	0.034860 	0.001793 	0.423634 	 0.000466 
0.409761 	0.054777 	0.011836 	0.033681 	0.001765 	0.409331 	 0.000430 
0.417279 	0.055379 	0.011185 	0.034067 	0.001790 	0.416818 	 0.000471 
0.411419 	0.049888 	0.010815 	0.030056 	0.001554 	0.410987 	 0.000424 
0.413282 	0.053527 	0.010763 	0.034098 	0.001699 	0.412844 	 0.000446 
0.404745 	0.057976 	0.012488 	0.035393 	0.001874 	0.404292 	 0.000474 
0.421760 	0.057533 	0.012196 	0.035135 	0.001910 	0.421306 	 0.000454 
0.399861 	0.058304 	0.011891 	0.036234 	0.001924 	0.399411 	 0.000463 
0.414373 	0.055839 	0.012764 	0.034524 	0.001776 	0.413894 	 0.000493 
0.415858 	0.057670 	0.011951 	0.035626 	0.001901 	0.415397 	 0.000471 
0.415516 	0.054900 	0.011485 	0.033918 	0.001726 	0.415068 	 0.000445 
0.414186 	0.057596 	0.012958 	0.035482 	0.001832 	0.413731 	 0.000463 
0.413279 	0.058186 	0.012374 	0.035642 	0.001889 	0.412825 	 0.000460 
0.407933 	0.059187 	0.011863 	0.037235 	0.001915 	0.407481 	 0.000448 
0.420208 	0.050791 	0.011308 	0.032436 	0.001582 	0.419739 	 0.000490 
0.411346 	0.055702 	0.011676 	0.034504 	0.001764 	0.410867 	 0.000506 
0.413182 	0.059064 	0.013659 	0.036080 	0.001956 	0.412723 	 0.000462 
0.405863 	0.057484 	0.012262 	0.034912 	0.001837 	0.405393 	 0.000447 
0.405409 	0.057476 	0.011803 	0.035141 	0.001853 	0.404940 	 0.000461 
0.425750 	0.052155 	0.010578 	0.032040 	0.001672 	0.425291 	 0.000464 
0.426389 	0.057190 	0.011950 	0.035983 	0.001844 	0.425897 	 0.000515 
0.425101 	0.051806 	0.010832 	0.030149 	0.001584 	0.424626 	 0.000479 
0.417787 	0.053570 	0.010567 	0.032807 	0.001684 	0.417332 	 0.000455 
0.416594 	0.055378 	0.012932 	0.034475 	0.001768 	0.416091 	 0.000522 
0.406421 	0.060639 	0.014310 	0.038727 	0.002049 	0.405938 	 0.000486 
0.426125 	0.054230 	0.011316 	0.032585 	0.001749 	0.425626 	 0.000503 
0.420251 	0.054690 	0.011653 	0.034207 	0.001749 	0.419823 	 0.000438 
0.409909 	0.059399 	0.013298 	0.035627 	0.001955 	0.409450 	 0.000439 
0.428845 	0.056630 	0.012477 	0.035068 	0.001854 	0.428395 	 0.000445 
0.413381 	0.059240 	0.012286 	0.037056 	0.001973 	0.412897 	 0.000511 
0.400438 	0.057250 	0.012599 	0.035429 	0.001943 	0.399988 	 0.000470 
0.384049 	0.055744 	0.012156 	0.032392 	0.001860 	0.383621 	 0.000426 
0.405981 	0.058104 	0.012286 	0.035815 	0.001927 	0.405541 	 0.000435 
0.386992 	0.057793 	0.012592 	0.034951 	0.002019 	0.386536 	 0.000472 
0.387310 	0.063853 	0.014139 	0.038389 	0.002241 	0.386809 	 0.000516 
0.385275 	0.060257 	0.013880 	0.035893 	0.002085 	0.384815 	 0.000470 
0.387225 	0.060348 	0.013126 	0.036808 	0.002053 	0.386791 	 0.000420 
0.393541 	0.060756 	0.013429 	0.037718 	0.002095 	0.393047 	 0.000522 
0.389214 	0.059040 	0.013217 	0.035151 	0.002003 	0.388762 	 0.000470 
0.390693 	0.060003 	0.013637 	0.035807 	0.002054 	0.390227 	 0.000480 
0.394456 	0.058745 	0.014078 	0.036182 	0.001998 	0.394012 	 0.000447 
0.401225 	0.055633 	0.013307 	0.033165 	0.001891 	0.400757 	 0.000473 
0.398259 	0.059578 	0.013311 	0.036230 	0.002043 	0.397789 	 0.000507 
0.381831 	0.062102 	0.015832 	0.035738 	0.002133 	0.381371 	 0.000448 
0.388055 	0.057205 	0.013013 	0.034384 	0.001915 	0.387611 	 0.000463 
0.394281 	0.056283 	0.012910 	0.034262 	0.001905 	0.393814 	 0.000479 
0.378001 	0.064530 	0.013437 	0.038908 	0.002283 	0.377532 	 0.000483 
0.382390 	0.063142 	0.014568 	0.038054 	0.002203 	0.381927 	 0.000460 
0.387891 	0.061019 	0.014044 	0.036404 	0.002088 	0.387421 	 0.000484 
0.399608 	0.055298 	0.011732 	0.033706 	0.001855 	0.399166 	 0.000444 
0.392407 	0.059739 	0.013082 	0.037114 	0.002053 	0.391950 	 0.000458 
0.378903 	0.063152 	0.013992 	0.038249 	0.002198 	0.378422 	 0.000493 
0.408658 	0.056422 	0.012298 	0.033866 	0.001934 	0.408204 	 0.000451 
0.387948 	0.063980 	0.013756 	0.039112 	0.002254 	0.387450 	 0.000529 
0.402249 	0.055891 	0.012761 	0.033645 	0.001869 	0.401816 	 0.000439 
0.397515 	0.059257 	0.013420 	0.035582 	0.002022 	0.397062 	 0.000460 
0.393359 	0.060068 	0.014012 	0.035842 	0.002025 	0.392893 	 0.000479 
0.401682 	0.059199 	0.012724 	0.036326 	0.002017 	0.401191 	 0.000523 
0.391997 	0.063295 	0.014267 	0.037798 	0.002234 	0.391535 	 0.000451 
0.397322 	0.057866 	0.013164 	0.034788 	0.002001 	0.396844 	 0.000501 
0.383967 	0.063018 	0.015140 	0.037984 	0.002210 	0.383471 	 0.000512 
0.391455 	0.060909 	0.013729 	0.036858 	0.002129 	0.390998 	 0.000482 
0.393357 	0.060501 	0.013352 	0.036260 	0.002095 	0.392862 	 0.000500 
0.397391 	0.060223 	0.013741 	0.036612 	0.002041 	0.396926 	 0.000473 
0.375407 	0.065197 	0.015343 	0.039403 	0.002328 	0.374926 	 0.000489 
0.377244 	0.060396 	0.013669 	0.036238 	0.002069 	0.376772 	 0.000465 
0.398162 	0.059186 	0.013071 	0.035924 	0.002049 	0.397704 	 0.000482 
0.374863 	0.064142 	0.015712 	0.038506 	0.002258 	0.374400 	 0.000458 
0.387237 	0.062586 	0.014084 	0.038274 	0.002190 	0.386765 	 0.000479 
0.394044 	0.060952 	0.013811 	0.036218 	0.002146 	0.393567 	 0.000494 
0.383938 	0.059985 	0.014624 	0.035229 	0.002068 	0.383481 	 0.000443 
0.392339 	0.059091 	0.012876 	0.035619 	0.002019 	0.391877 	 0.000464 
0.377447 	0.066245 	0.015708 	0.039796 	0.002395 	0.376955 	 0.000493 
0.375331 	0.062493 	0.015478 	0.037023 	0.002208 	0.374848 	 0.000495 
0.385660 	0.060626 	0.015756 	0.035948 	0.002129 	0.385188 	 0.000481 
0.386517 	0.061592 	0.013839 	0.036396 	0.002086 	0.386042 	 0.000477 
0.384644 	0.063270 	0.013987 	0.037890 	0.002236 	0.384197 	 0.000463 
0.381612 	0.063911 	0.015340 	0.037971 	0.002276 	0.381135 	 0.000476 
0.381844 	0.062810 	0.013848 	0.037874 	0.002164 	0.381348 	 0.000504 
0.390485 	0.061990 	0.013938 	0.036978 	0.002182 	0.389970 	 0.000538 
0.396262 	0.060684 	0.014208 	0.036372 	0.002127 	0.395785 	 0.000493 
0.386735 	0.058718 	0.013482 	0.034783 	0.002054 	0.386290 	 0.000449 
0.384675 	0.064221 	0.014434 	0.038938 	0.002273 	0.384219 	 0.000469 
0.386076 	0.060364 	0.015616 	0.035945 	0.002102 	0.385609 	 0.000465 
0.386277 	0.057599 	0.012838 	0.034487 	0.001979 	0.385802 	 0.000492 
0.378448 	0.063830 	0.015885 	0.038275 	0.002315 	0.377960 	 0.000486 
0.383763 	0.061976 	0.014088 	0.036833 	0.002100 	0.383293 	 0.000486 
0.373402 	0.065534 	0.015448 	0.038936 	0.002376 	0.372923 	 0.000485 
0.380258 	0.064307 	0.014639 	0.038192 	0.002278 	0.379795 	 0.000466 
0.391445 	0.060216 	0.014524 	0.035168 	0.002100 	0.390959 	 0.000493 
0.391936 	0.060746 	0.014782 	0.035709 	0.002090 	0.391456 	 0.000482 
0.456946 	0.011584 	-0.001096 	0.010465 	-0.000182 	0.456906 	 0.000035 
0.460253 	0.014472 	-0.000283 	0.011699 	0.000006 	0.460208 	 0.000066 
0.453368 	0.021792 	0.001348 	0.016952 	0.000316 	0.453317 	 0.000071 
0.454216 	0.014846 	-0.001701 	0.012875 	-0.000009 	0.454209 	 0.000017 
0.472137 	0.013823 	0.000036 	0.012612 	-0.000030 	0.472088 	 0.000066 
0.467442 	0.019724 	0.000303 	0.016409 	0.000191 	0.467423 	 0.000041 
0.458034 	0.020029 	-0.000808 	0.017227 	0.000251 	0.457994 	 0.000060 
0.469071 	0.014137 	-0.000770 	0.012260 	0.000031 	0.468999 	 0.000089 
0.463603 	0.019759 	0.000104 	0.016464 	0.000174 	0.463540 	 0.000068 
0.459764 	0.018672 	0.000314 	0.014976 	0.000191 	0.459702 	 0.000054 
0.471543 	0.017942 	-0.000261 	0.015688 	0.000175 	0.471489 	 0.000050 
0.476546 	0.019001 	-0.000280 	0.016895 	0.000209 	0.476477 	 0.000085 
0.473156 	0.019649 	-0.000064 	0.016375 	0.000221 	0.473055 	 0.000103 
0.462180 	0.023585 	0.000943 	0.018299 	0.000393 	0.462085 	 0.000115 
0.464230 	0.027645 	0.002797 	0.020556 	0.000529 	0.464144 	 0.000078 
0.462785 	0.020913 	0.000563 	0.017062 	0.000299 	0.462694 	 0.000097 
0.460693 	0.023363 	0.001401 	0.017668 	0.000391 	0.460585 	 0.000110 
0.478018 	0.020021 	0.000492 	0.016601 	0.000257 	0.477922 	 0.000110 
0.470494 	0.024067 	0.001216 	0.018517 	0.000412 	0.470412 	 0.000069 
0.472461 	0.024297 	0.001010 	0.018662 	0.000481 	0.472338 	 0.000120 
0.471769 	0.023086 	0.000665 	0.019280 	0.000381 	0.471677 	 0.000106 
0.464534 	0.026067 	0.001082 	0.018952 	0.000482 	0.464439 	 0.000085 
0.461099 	0.027981 	0.002371 	0.020344 	0.000545 	0.461002 	 0.000067 
0.478303 	0.026781 	0.002085 	0.020842 	0.000534 	0.478181 	 0.000128 
0.465818 	0.029515 	0.002496 	0.022219 	0.000622 	0.465676 	 0.000163 
0.467721 	0.029939 	0.003181 	0.022259 	0.000724 	0.467571 	 0.000181 
0.461595 	0.031121 	0.003272 	0.022751 	0.000771 	0.461479 	 0.000121 
0.472429 	0.027304 	0.001886 	0.022155 	0.000605 	0.472297 	 0.000168 
0.464341 	0.036894 	0.003977 	0.027381 	0.000992 	0.464192 	 0.000167 
0.469535 	0.030208 	0.001670 	0.023878 	0.000747 	0.469405 	 0.000127 
0.471653 	0.031203 	0.002658 	0.023044 	0.000674 	0.471526 	 0.000136 
0.466929 	0.030942 	0.001909 	0.023479 	0.000734 	0.466790 	 0.000150 
0.470509 	0.031391 	0.002657 	0.023928 	0.000705 	0.470357 	 0.000167 
0.462391 	0.036163 	0.003459 	0.026559 	0.000959 	0.462218 	 0.000191 
0.458068 	0.037205 	0.003984 	0.027502 	0.001009 	0.457891 	 0.000206 
0.465813 	0.030756 	0.002919 	0.022966 	0.000708 	0.465673 	 0.000147 
0.471573 	0.031905 	0.003806 	0.022994 	0.000762 	0.471414 	 0.000168 
0.484925 	0.031556 	0.003432 	0.023092 	0.000746 	0.484778 	 0.000167 
0.466232 	0.038748 	0.004326 	0.027726 	0.001068 	0.466024 	 0.000225 
0.477406 	0.034543 	0.003804 	0.026910 	0.000910 	0.477235 	 0.000188 
0.473783 	0.034199 	0.003883 	0.025171 	0.000913 	0.473620 	 0.000158 
0.467319 	0.034885 	0.004036 	0.025558 	0.000901 	0.467140 	 0.000182 
0.476141 	0.037179 	0.004706 	0.026779 	0.001005 	0.475954 	 0.000212 
0.470345 	0.038111 	0.004844 	0.028029 	0.001053 	0.470148 	 0.000203 
0.470700 	0.038840 	0.005936 	0.028258 	0.001145 	0.470494 	 0.000236 
0.409433 	0.039445 	0.004371 	0.027796 	0.001165 	0.409283 	 0.000160 
0.417760 	0.039709 	0.004667 	0.027822 	0.001177 	0.417612 	 0.000156 
0.419333 	0.043756 	0.007172 	0.029794 	0.001384 	0.419196 	 0.000138 
0.432859 	0.040720 	0.005695 	0.029196 	0.001285 	0.432696 	 0.000167 
0.436076 	0.036917 	0.005668 	0.025244 	0.001095 	0.435916 	 0.000153 
0.418598 	0.041344 	0.005175 	0.027931 	0.001271 	0.418459 	 0.000121 
0.413813 	0.048052 	0.007550 	0.033383 	0.001594 	0.413636 	 0.000170 
0.426251 	0.039738 	0.006463 	0.027085 	0.001159 	0.426089 	 0.000141 
0.419311 	0.041810 	0.006578 	0.028842 	0.001299 	0.419136 	 0.000181 
0.429489 	0.039736 	0.006354 	0.027720 	0.001212 	0.429338 	 0.000146 
0.418116 	0.047218 	0.006994 	0.032645 	0.001565 	0.417925 	 0.000203 
0.426114 	0.047252 	0.007952 	0.032230 	0.001596 	0.425928 	 0.000193 
0.405637 	0.044011 	0.007777 	0.028038 	0.001405 	0.405466 	 0.000153 
0.426496 	0.042035 	0.006302 	0.028497 	0.001299 	0.426353 	 0.000105 
0.409457 	0.044251 	0.007852 	0.029645 	0.001390 	0.409293 	 0.000161 
0.420738 	0.048212 	0.008472 	0.032588 	0.001587 	0.420562 	 0.000167 
0.421657 	0.044590 	0.007904 	0.029565 	0.001402 	0.421499 	 0.000135 
0.399266 	0.048138 	0.006790 	0.031121 	0.001600 	0.399069 	 0.000209 
0.412911 	0.050153 	0.008749 	0.033240 	0.001694 	0.412695 	 0.000217 
0.424816 	0.046742 	0.008983 	0.030048 	0.001530 	0.424607 	 0.000191 
0.413651 	0.044384 	0.007392 	0.029129 	0.001452 	0.413461 	 0.000184 
0.424277 	0.044416 	0.007492 	0.029754 	0.001480 	0.424102 	 0.000170 
0.405800 	0.050260 	0.009110 	0.033154 	0.001654 	0.405611 	 0.000189 
0.410934 	0.048248 	0.008710 	0.032090 	0.001573 	0.410739 	 0.000193 
0.424300 	0.046207 	0.008097 	0.031219 	0.001512 	0.424116 	 0.000187 
0.413094 	0.052455 	0.009904 	0.034597 	0.001811 	0.412886 	 0.000190 
0.417806 	0.050847 	0.008352 	0.034254 	0.001742 	0.417601 	 0.000203 
0.423210 	0.049858 	0.008743 	0.032980 	0.001673 	0.423007 	 0.000200 
0.431499 	0.047043 	0.008416 	0.031065 	0.001553 	0.431302 	 0.000183 
0.413725 	0.050202 	0.008742 	0.032759 	0.001659 	0.413512 	 0.000209 
0.416909 	0.049786 	0.007433 	0.033589 	0.001660 	0.416695 	 0.000223 
0.395078 	0.054284 	0.009554 	0.034138 	0.001897 	0.394875 	 0.000168 
0.417458 	0.053429 	0.010003 	0.035006 	0.001827 	0.417261 	 0.000173 
0.407998 	0.052405 	0.009582 	0.034322 	0.001804 	0.407782 	 0.000201 
0.431400 	0.049281 	0.008357 	0.033413 	0.001622 	0.431187 	 0.000203 
0.435065 	0.044247 	0.008287 	0.028802 	0.001445 	0.434861 	 0.000209 
0.414223 	0.052647 	0.009806 	0.034951 	0.001840 	0.413998 	 0.000215 
0.409088 	0.050047 	0.008967 	0.032494 	0.001671 	0.408900 	 0.000162 
0.413281 	0.050351 	0.008671 	0.033460 	0.001672 	0.413083 	 0.000180 
0.422982 	0.048353 	0.008602 	0.032432 	0.001618 	0.422773 	 0.000216 
0.430656 	0.046700 	0.008024 	0.031613 	0.001565 	0.430447 	 0.000207 
0.415020 	0.054355 	0.010628 	0.034379 	0.001810 	0.414781 	 0.000209 
0.422431 	0.055408 	0.010288 	0.036551 	0.001854 	0.422201 	 0.000224 
0.414413 	0.050765 	0.008694 	0.032404 	0.001702 	0.414174 	 0.000232 
0.413218 	0.054383 	0.009493 	0.036126 	0.001865 	0.412990 	 0.000225 
0.418114 	0.052357 	0.007941 	0.034248 	0.001777 	0.417879 	 0.000214 
0.416434 	0.056278 	0.010732 	0.036491 	0.001947 	0.416192 	 0.000220 
0.411413 	0.053063 	0.010101 	0.033768 	0.001794 	0.411204 	 0.000175 
0.425102 	0.054720 	0.009864 	0.035526 	0.001875 	0.424891 	 0.000202 
0.415059 	0.062826 	0.011070 	0.041445 	0.002265 	0.414841 	 0.000232 
0.421210 	0.055687 	0.010268 	0.036637 	0.001903 	0.420959 	 0.000252 
0.404941 	0.061256 	0.010356 	0.039633 	0.002187 	0.404676 	 0.000247 
0.429253 	0.054693 	0.010903 	0.035241 	0.001844 	0.429015 	 0.000215 
0.427436 	0.057413 	0.010369 	0.038367 	0.001983 	0.427185 	 0.000250 
0.419350 	0.059457 	0.010313 	0.039120 	0.002053 	0.419079 	 0.000269 
0.415124 	0.062365 	0.011762 	0.040329 	0.002222 	0.414853 	 0.000265 
0.424480 	0.057756 	0.010080 	0.037201 	0.002023 	0.424222 	 0.000244 
0.424283 	0.056455 	0.010566 	0.036416 	0.001949 	0.424028 	 0.000241 
0.424966 	0.054968 	0.008766 	0.036384 	0.001879 	0.424727 	 0.000232 
0.435588 	0.052599 	0.009509 	0.034865 	0.001814 	0.435342 	 0.000249 
0.419434 	0.056758 	0.009578 	0.036977 	0.001952 	0.419177 	 0.000247 
0.420202 	0.055696 	0.008590 	0.035741 	0.001908 	0.419945 	 0.000236 
0.420453 	0.057701 	0.009715 	0.037366 	0.002018 	0.420190 	 0.000254 
0.411241 	0.059462 	0.010176 	0.038578 	0.002103 	0.411015 	 0.000200 
0.428783 	0.055366 	0.009775 	0.037269 	0.001963 	0.428511 	 0.000270 
0.432689 	0.058566 	0.009351 	0.040207 	0.002078 	0.432436 	 0.000258 
0.417617 	0.059039 	0.009475 	0.039518 	0.002065 	0.417370 	 0.000237 
0.411273 	0.058825 	0.009866 	0.038548 	0.002067 	0.411001 	 0.000255 
0.437679 	0.057673 	0.010430 	0.038075 	0.002039 	0.437452 	 0.000220 
0.424703 	0.061844 	0.011226 	0.040452 	0.002223 	0.424448 	 0.000241 
0.421680 	0.062503 	0.011031 	0.041596 	0.002283 	0.421418 	 0.000243 
0.425261 	0.060847 	0.011677 	0.039880 	0.002198 	0.424980 	 0.000269 
0.424015 	0.056396 	0.009194 	0.035450 	0.001968 	0.423774 	 0.000208 
0.416490 	0.063898 	0.012490 	0.040461 	0.002281 	0.416201 	 0.000276 
0.424387 	0.062542 	0.010694 	0.039768 	0.002213 	0.424131 	 0.000253 
0.407756 	0.056916 	0.011645 	0.035811 	0.001995 	0.407487 	 0.000227 
0.410707 	0.060206 	0.011491 	0.039570 	0.002190 	0.410455 	 0.000241 
0.388930 	0.063755 	0.013155 	0.040450 	0.002310 	0.388682 	 0.000227 
0.397612 	0.063345 	0.012516 	0.040563 	0.002301 	0.397349 	 0.000241 
0.406036 	0.054478 	0.011136 	0.034959 	0.001958 	0.405803 	 0.000218 
0.384175 	0.064729 	0.011512 	0.042850 	0.002442 	0.383911 	 0.000250 
0.414077 	0.055932 	0.010804 	0.035463 	0.002023 	0.413835 	 0.000229 
0.398406 	0.058388 	0.011211 	0.037908 	0.002099 	0.398146 	 0.000255 
0.411778 	0.060291 	0.011609 	0.039655 	0.002215 	0.411519 	 0.000242 
0.393450 	0.062664 	0.011236 	0.040038 	0.002320 	0.393193 	 0.000244 
0.420050 	0.058182 	0.011482 	0.037544 	0.002129 	0.419815 	 0.000212 
0.399439 	0.063107 	0.012780 	0.040265 	0.002300 	0.399159 	 0.000253 
0.399712 	0.061155 	0.011038 	0.039655 	0.002215 	0.399438 	 0.000261 
0.411271 	0.058787 	0.011641 	0.037757 	0.002109 	0.411023 	 0.000217 
0.388970 	0.064088 	0.011547 	0.040897 	0.002408 	0.388705 	 0.000259 
0.397768 	0.062757 	0.012280 	0.040403 	0.002333 	0.397510 	 0.000247 
0.396785 	0.063444 	0.012806 	0.039708 	0.002361 	0.396521 	 0.000256 
0.397462 	0.064476 	0.013435 	0.040160 	0.002403 	0.397188 	 0.000253 
0.403827 	0.064500 	0.012629 	0.041324 	0.002388 	0.403582 	 0.000219 
0.408078 	0.061545 	0.012609 	0.038303 	0.002306 	0.407828 	 0.000238 
0.406569 	0.062238 	0.012874 	0.039389 	0.002249 	0.406290 	 0.000258 
0.410857 	0.061532 	0.012315 	0.039239 	0.002285 	0.410588 	 0.000263 
0.402042 	0.064250 	0.012997 	0.041019 	0.002361 	0.401771 	 0.000263 
0.402777 	0.062155 	0.012700 	0.040063 	0.002297 	0.402515 	 0.000253 
0.406996 	0.061850 	0.012160 	0.039902 	0.002306 	0.406731 	 0.000256 
0.409953 	0.064095 	0.012469 	0.041130 	0.002327 	0.409677 	 0.000261 
0.400876 	0.062207 	0.010622 	0.039602 	0.002231 	0.400600 	 0.000276 
0.395230 	0.062980 	0.012637 	0.040615 	0.002352 	0.394954 	 0.000269 
0.402770 	0.059527 	0.011953 	0.037634 	0.002180 	0.402489 	 0.000284 
0.391331 	0.067319 	0.013680 	0.042333 	0.002499 	0.391055 	 0.000252 
0.377095 	0.065177 	0.012560 	0.041469 	0.002486 	0.376854 	 0.000233 
0.377946 	0.062222 	0.011595 	0.038673 	0.002344 	0.377707 	 0.000218 
0.400301 	0.062573 	0.012771 	0.040381 	0.002346 	0.400043 	 0.000243 
0.397554 	0.062792 	0.011950 	0.039149 	0.002315 	0.397295 	 0.000258 
0.384988 	0.065527 	0.011875 	0.042119 	0.002486 	0.384726 	 0.000263 
0.388326 	0.064009 	0.013223 	0.039029 	0.002391 	0.388063 	 0.000258 
0.389664 	0.065695 	0.013521 	0.041976 	0.002511 	0.389397 	 0.000263 
0.380057 	0.064916 	0.014275 	0.040686 	0.002470 	0.379793 	 0.000249 
0.381034 	0.065211 	0.013033 	0.040893 	0.002507 	0.380773 	 0.000240 
0.382609 	0.066310 	0.014211 	0.041789 	0.002480 	0.382334 	 0.000271 
0.394643 	0.065957 	0.014118 	0.041014 	0.002490 	0.394382 	 0.000233 
0.404276 	0.063259 	0.013181 	0.040463 	0.002418 	0.404019 	 0.000261 
0.387223 	0.064724 	0.013208 	0.040804 	0.002468 	0.386941 	 0.000270 
0.395200 	0.062440 	0.012722 	0.039822 	0.002338 	0.394926 	 0.000267 
0.377643 	0.066558 	0.012141 	0.040918 	0.002471 	0.377383 	 0.000240 
0.397425 	0.067385 	0.014007 	0.042384 	0.002576 	0.397167 	 0.000230 
0.390198 	0.067496 	0.013917 	0.042706 	0.002585 	0.389908 	 0.000291 
0.386941 	0.071941 	0.015138 	0.046002 	0.002816 	0.386638 	 0.000291 
0.400436 	0.061487 	0.012869 	0.038898 	0.002323 	0.400169 	 0.000249 
0.394259 	0.061676 	0.011317 	0.038475 	0.002290 	0.394003 	 0.000253 
0.393421 	0.070699 	0.014500 	0.045159 	0.002700 	0.393157 	 0.000241 
0.388949 	0.063752 	0.013943 	0.040090 	0.002422 	0.388694 	 0.000243 
0.407442 	0.058954 	0.013244 	0.037090 	0.002180 	0.407169 	 0.000258 
0.401951 	0.059442 	0.013106 	0.035557 	0.002212 	0.401685 	 0.000230 
0.388553 	0.071297 	0.013720 	0.046119 	0.002739 	0.388243 	 0.000312 
0.391344 	0.062639 	0.010681 	0.040605 	0.002317 	0.391081 	 0.000245 
0.402866 	0.062381 	0.012019 	0.039468 	0.002305 	0.402577 	 0.000280 
0.393125 	0.065689 	0.011884 	0.043015 	0.002491 	0.392858 	 0.000265 
0.396188 	0.069382 	0.013874 	0.044709 	0.002670 	0.395887 	 0.000287 
0.399347 	0.064847 	0.012640 	0.041324 	0.002430 	0.399077 	 0.000251 
0.388679 	0.067240 	0.012202 	0.042640 	0.002513 	0.388408 	 0.000259 
0.394630 	0.066942 	0.013880 	0.042236 	0.002557 	0.394321 	 0.000291 
0.406024 	0.063037 	0.012558 	0.040398 	0.002389 	0.405761 	 0.000238 
0.406636 	0.061922 	0.011326 	0.039182 	0.002300 	0.406365 	 0.000247 
0.394017 	0.067608 	0.013003 	0.044277 	0.002554 	0.393705 	 0.000293 
0.382389 	0.064237 	0.012581 	0.041152 	0.002448 	0.382134 	 0.000234 
0.381204 	0.070715 	0.014735 	0.044809 	0.002771 	0.380933 	 0.000251 
0.376599 	0.066905 	0.014088 	0.041865 	0.002511 	0.376316 	 0.000248 
0.388456 	0.067055 	0.014210 	0.042375 	0.002581 	0.388146 	 0.000314 
0.384771 	0.067812 	0.014129 	0.042332 	0.002573 	0.384476 	 0.000267 
0.391050 	0.067128 	0.013968 	0.041985 	0.002560 	0.390784 	 0.000254 
0.376960 	0.066354 	0.014733 	0.041731 	0.002553 	0.376711 	 0.000222 
0.368615 	0.071490 	0.013194 	0.045056 	0.002766 	0.368359 	 0.000229 
0.376039 	0.074272 	0.015925 	0.046685 	0.002862 	0.375750 	 0.000257 
0.370554 	0.070435 	0.014111 	0.044589 	0.002710 	0.370278 	 0.000260 
0.399987 	0.064798 	0.013611 	0.040670 	0.002474 	0.399692 	 0.000302 
0.392107 	0.068977 	0.014489 	0.043429 	0.002624 	0.391807 	 0.000279 
0.394271 	0.069333 	0.014005 	0.044047 	0.002673 	0.394012 	 0.000228 
0.387526 	0.067868 	0.014901 	0.043205 	0.002591 	0.387247 	 0.000274 
0.390444 	0.066974 	0.014278 	0.042320 	0.002512 	0.390109 	 0.000318 
0.395270 	0.073730 	0.015540 	0.046442 	0.002864 	0.394965 	 0.000310 
0.399449 	0.067308 	0.014203 	0.042940 	0.002623 	0.399152 	 0.000294 
0.384983 	0.073666 	0.015768 	0.046605 	0.002839 	0.384678 	 0.000290 
0.382289 	0.076449 	0.016140 	0.047741 	0.002966 	0.382001 	 0.000273 
0.405643 	0.069984 	0.016432 	0.044585 	0.002747 	0.405342 	 0.000287 
0.390622 	0.069452 	0.014369 	0.043839 	0.002688 	0.390317 	 0.000302 
0.385955 	0.073075 	0.015332 	0.046246 	0.002851 	0.385676 	 0.000264 
0.376919 	0.071616 	0.014021 	0.045223 	0.002758 	0.376631 	 0.000273 
0.391446 	0.068970 	0.013127 	0.043955 	0.002618 	0.391149 	 0.000299 
0.377405 	0.069692 	0.014226 	0.044506 	0.002634 	0.377125 	 0.000258 
0.396506 	0.067678 	0.014196 	0.042116 	0.002600 	0.396205 	 0.000273 
0.286217 	0.022042 	0.003902 	0.012486 	0.000344 	0.286219 	 0.000002 
0.285569 	0.019519 	0.001979 	0.010914 	0.000178 	0.285579 	 -0.000021 
0.293795 	0.020050 	0.002717 	0.011237 	0.000231 	0.293827 	 -0.000067 
0.313994 	0.018967 	0.003468 	0.011452 	0.000220 	0.314008 	 -0.000034 
0.306809 	0.018047 	0.004273 	0.010652 	0.000216 	0.306798 	 0.000007 
0.297383 	0.023193 	0.003033 	0.013230 	0.000340 	0.297375 	 -0.000015 
0.322226 	0.014059 	0.001483 	0.007367 	-0.000062 	0.322198 	 0.000028 
0.318941 	0.021326 	0.004954 	0.012651 	0.000306 	0.318910 	 0.000007 
0.274761 	0.027608 	0.007078 	0.015430 	0.000587 	0.274773 	 -0.000040 
0.283792 	0.024602 	0.005219 	0.013519 	0.000428 	0.283791 	 -0.000001 
0.306683 	0.018649 	0.004075 	0.009550 	0.000198 	0.306706 	 -0.000043 
0.281105 	0.021236 	0.005332 	0.011616 	0.000330 	0.281151 	 -0.000075 
0.284748 	0.027356 	0.004948 	0.015517 	0.000549 	0.284748 	 -0.000014 
0.303590 	0.016727 	0.003164 	0.010500 	0.000132 	0.303595 	 -0.000012 
0.300731 	0.023319 	0.004714 	0.014287 	0.000321 	0.300720 	 -0.000004 
0.295773 	0.024452 	0.005913 	0.013964 	0.000460 	0.295800 	 -0.000047 
0.300456 	0.023514 	0.005503 	0.013891 	0.000363 	0.300467 	 -0.000042 
0.300291 	0.023949 	0.005352 	0.014411 	0.000404 	0.300296 	 -0.000027 
0.298347 	0.025321 	0.005744 	0.015017 	0.000480 	0.298355 	 -0.000035 
0.313476 	0.022324 	0.005256 	0.013403 	0.000334 	0.313494 	 -0.000037 
0.308365 	0.014088 	0.002848 	0.007831 	-0.000077 	0.308404 	 -0.000074 
0.311901 	0.022794 	0.004850 	0.014199 	0.000285 	0.311915 	 -0.000047 
0.289739 	0.028902 	0.006591 	0.016539 	0.000538 	0.289728 	 -0.000036 
0.296337 	0.026735 	0.005498 	0.015690 	0.000575 	0.296342 	 -0.000042 
0.282774 	0.031084 	0.007857 	0.016938 	0.000721 	0.282766 	 -0.000034 
0.293136 	0.024534 	0.005675 	0.014497 	0.000430 	0.293149 	 -0.000032 
0.274105 	0.029481 	0.008012 	0.016271 	0.000635 	0.274103 	 0.000002 
0.276142 	0.031425 	0.007747 	0.018455 	0.000709 	0.276161 	 -0.000040 
0.302429 	0.021476 	0.005681 	0.011677 	0.000233 	0.302432 	 -0.000039 
0.282143 	0.027351 	0.005742 	0.015324 	0.000578 	0.282177 	 -0.000053 
0.268481 	0.028366 	0.006060 	0.015176 	0.000612 	0.268485 	 -0.000011 
0.286609 	0.024754 	0.006315 	0.013516 	0.000492 	0.286599 	 0.000009 
0.284880 	0.029074 	0.007571 	0.016042 	0.000658 	0.284872 	 -0.000004 
0.285799 	0.027950 	0.007157 	0.016238 	0.000632 	0.285792 	 0.000003 
0.285686 	0.029781 	0.008327 	0.016605 	0.000652 	0.285645 	 0.000060 
0.274690 	0.033845 	0.007702 	0.019707 	0.000837 	0.274676 	 0.000018 
0.262382 	0.029903 	0.008179 	0.016300 	0.000669 	0.262397 	 -0.000015 
0.269370 	0.034208 	0.009061 	0.019389 	0.000839 	0.269347 	 0.000021 
0.258880 	0.034644 	0.007862 	0.019729 	0.000872 	0.258884 	 -0.000006 
0.276660 	0.034189 	0.007926 	0.019668 	0.000845 	0.276677 	 -0.000020 
0.257551 	0.036372 	0.007549 	0.021431 	0.000955 	0.257539 	 0.000017 
0.266382 	0.040466 	0.009872 	0.023677 	0.001154 	0.266371 	 -0.000009 
0.272470 	0.035171 	0.008057 	0.021043 	0.000912 	0.272448 	 0.000020 
0.265307 	0.036042 	0.008511 	0.020575 	0.000943 	0.265283 	 0.000024 
0.262851 	0.035690 	0.007911 	0.019983 	0.000941 	0.262840 	 0.000022 
0.280741 	0.034145 	0.008381 	0.020556 	0.000905 	0.280749 	 -0.000010 
0.276971 	0.036698 	0.009280 	0.021355 	0.001018 	0.276951 	 0.000011 
0.277774 	0.033282 	0.007756 	0.019465 	0.000816 	0.277778 	 0.000002 
0.261944 	0.037045 	0.008174 	0.022466 	0.001016 	0.261957 	 -0.000023 
0.274686 	0.032095 	0.009137 	0.018034 	0.000786 	0.274710 	 -0.000028 
0.265195 	0.038485 	0.009906 	0.022275 	0.001036 	0.265193 	 -0.000010 
0.268595 	0.031841 	0.008890 	0.017919 	0.000772 	0.268593 	 -0.000009 
0.265029 	0.036260 	0.010337 	0.021264 	0.000954 	0.265026 	 -0.000010 
0.269920 	0.034539 	0.008056 	0.020075 	0.000905 	0.269926 	 -0.000017 
0.271124 	0.031697 	0.006587 	0.018763 	0.000726 	0.271141 	 -0.000031 
0.264788 	0.038140 	0.009357 	0.022781 	0.001036 	0.264800 	 -0.000023 
0.270120 	0.037679 	0.009865 	0.022169 	0.001031 	0.270097 	 0.000014 
0.270910 	0.035254 	0.009387 	0.020201 	0.000914 	0.270910 	 -0.000005 
0.275192 	0.036394 	0.008952 	0.021216 	0.000984 	0.275214 	 -0.000026 
0.259958 	0.038051 	0.010048 	0.021556 	0.001044 	0.259976 	 -0.000050 
0.269312 	0.033417 	0.008838 	0.018881 	0.000761 	0.269327 	 -0.000038 
0.273927 	0.034892 	0.009377 	0.019733 	0.000863 	0.273918 	 -0.000001 
0.258542 	0.042915 	0.011020 	0.025595 	0.001251 	0.258512 	 0.000036 
0.267478 	0.037055 	0.008850 	0.021112 	0.000999 	0.267467 	 -0.000002 
0.265443 	0.038367 	0.010089 	0.022327 	0.001041 	0.265412 	 0.000047 
0.288573 	0.037667 	0.009751 	0.021732 	0.001012 	0.288570 	 -0.000001 
0.280926 	0.034901 	0.008638 	0.020802 	0.000885 	0.280917 	 0.000003 
0.253261 	0.042611 	0.011089 	0.024571 	0.001193 	0.253236 	 0.000009 
0.267861 	0.036661 	0.009017 	0.020875 	0.001006 	0.267869 	 -0.000031 
0.271077 	0.034645 	0.009137 	0.019893 	0.000891 	0.271073 	 -0.000009 
0.264239 	0.036394 	0.010114 	0.019584 	0.000963 	0.264242 	 -0.000015 
0.265621 	0.038089 	0.010368 	0.022220 	0.001063 	0.265620 	 -0.000017 
0.278330 	0.033219 	0.008422 	0.019950 	0.000814 	0.278327 	 0.000001 
0.283597 	0.035372 	0.009538 	0.020893 	0.000928 	0.283611 	 -0.000017 
0.263940 	0.039291 	0.010001 	0.021973 	0.001086 	0.263944 	 -0.000017 
0.271727 	0.037219 	0.009932 	0.021317 	0.001016 	0.271723 	 0.000003 
0.268938 	0.039941 	0.010294 	0.024488 	0.001153 	0.268954 	 -0.000030 
0.258711 	0.040237 	0.009820 	0.024022 	0.001148 	0.258694 	 0.000034 
0.277770 	0.034822 	0.009304 	0.020163 	0.000857 	0.277759 	 0.000012 
0.269617 	0.039304 	0.010129 	0.022991 	0.001107 	0.269602 	 0.000012 
0.254076 	0.041576 	0.010718 	0.023503 	0.001158 	0.254044 	 0.000028 
0.267809 	0.037515 	0.010270 	0.020982 	0.001004 	0.267806 	 -0.000008 
0.249368 	0.039391 	0.010464 	0.022411 	0.001072 	0.249354 	 0.000009 
0.278615 	0.036652 	0.009360 	0.021370 	0.000919 	0.278607 	 -0.000001 
0.257767 	0.036060 	0.009063 	0.019563 	0.000927 	0.257785 	 -0.000044 
0.266404 	0.036346 	0.009859 	0.020908 	0.000977 	0.266382 	 0.000018 
0.260307 	0.042954 	0.011275 	0.024831 	0.001236 	0.260300 	 -0.000006 
0.260534 	0.039117 	0.010284 	0.021060 	0.001070 	0.260548 	 -0.000027 
0.271697 	0.040740 	0.010883 	0.023740 	0.001056 	0.271688 	 -0.000014 
0.267298 	0.038935 	0.010433 	0.022157 	0.001085 	0.267283 	 -0.000001 
0.259948 	0.044520 	0.012549 	0.026052 	0.001347 	0.259907 	 0.000048 
0.274418 	0.038982 	0.010916 	0.022640 	0.001104 	0.274410 	 0.000021 
0.240953 	0.044569 	0.010877 	0.025458 	0.001336 	0.240936 	 0.000018 
0.274528 	0.036012 	0.009368 	0.021158 	0.000980 	0.274565 	 -0.000049 
0.262341 	0.039725 	0.011169 	0.022019 	0.001093 	0.262360 	 -0.000047 
0.265912 	0.036615 	0.011834 	0.020124 	0.000987 	0.265915 	 -0.000009 
0.268768 	0.038342 	0.010212 	0.021713 	0.001059 	0.268808 	 -0.000063 
0.257163 	0.041842 	0.011411 	0.023576 	0.001207 	0.257167 	 -0.000016 
0.252187 	0.038375 	0.011174 	0.021276 	0.001049 	0.252181 	 -0.000007 
0.261060 	0.042903 	0.011124 	0.025612 	0.001300 	0.261054 	 -0.000010 
0.263073 	0.040177 	0.011360 	0.021664 	0.001133 	0.263082 	 -0.000034 
0.261337 	0.043573 	0.012284 	0.025251 	0.001320 	0.261327 	 0.000005 
0.259391 	0.040556 	0.010698 	0.023321 	0.001152 	0.259402 	 -0.000034 
0.249259 	0.038248 	0.012103 	0.019725 	0.001040 	0.249265 	 -0.000036 
0.266649 	0.040273 	0.011036 	0.022558 	0.001140 	0.266644 	 -0.000021 
0.259573 	0.041962 	0.010553 	0.023595 	0.001169 	0.259592 	 -0.000032 
0.255716 	0.040888 	0.012194 	0.022145 	0.001167 	0.255735 	 -0.000037 
0.255380 	0.041109 	0.010857 	0.023426 	0.001187 	0.255371 	 0.000010 
0.257941 	0.044525 	0.011923 	0.026629 	0.001351 	0.257916 	 0.000031 
0.269879 	0.043432 	0.011952 	0.025212 	0.001289 	0.269882 	 -0.000021 
0.256432 	0.042172 	0.011778 	0.024930 	0.001221 	0.256420 	 0.000002 
0.250562 	0.046859 	0.013259 	0.025485 	0.001422 	0.250554 	 -0.000009 
0.232671 	0.049268 	0.012399 	0.028974 	0.001515 	0.232639 	 0.000030 
0.255222 	0.041244 	0.011589 	0.024128 	0.001202 	0.255207 	 0.000020 
0.258515 	0.044634 	0.011937 	0.025932 	0.001340 	0.258478 	 0.000038 
0.268701 	0.042209 	0.010808 	0.025510 	0.001273 	0.268696 	 -0.000004 
0.261617 	0.039478 	0.011162 	0.021532 	0.001123 	0.261620 	 -0.000013 
0.244284 	0.049660 	0.013207 	0.028133 	0.001565 	0.244272 	 -0.000020 
0.254204 	0.044445 	0.012450 	0.026019 	0.001324 	0.254185 	 0.000019 
0.253113 	0.046047 	0.012926 	0.026088 	0.001355 	0.253100 	 0.000004 
0.255719 	0.043036 	0.012059 	0.023383 	0.001272 	0.255727 	 -0.000026 
0.263970 	0.043157 	0.012834 	0.024164 	0.001259 	0.263948 	 0.000017 
0.246775 	0.050384 	0.014410 	0.028942 	0.001632 	0.246734 	 0.000034 
0.262084 	0.040020 	0.011206 	0.023102 	0.001121 	0.262078 	 0.000004 
0.246440 	0.042816 	0.012100 	0.023924 	0.001240 	0.246444 	 -0.000025 
0.244099 	0.047258 	0.013161 	0.026899 	0.001461 	0.244086 	 0.000004 
0.248735 	0.046164 	0.012324 	0.026567 	0.001411 	0.248731 	 -0.000008 
0.243056 	0.050379 	0.013402 	0.028932 	0.001567 	0.243076 	 -0.000037 
0.249435 	0.043810 	0.012179 	0.024319 	0.001273 	0.249463 	 -0.000048 
0.257969 	0.046009 	0.012372 	0.026285 	0.001414 	0.257936 	 0.000011 
0.248081 	0.044849 	0.012713 	0.025842 	0.001335 	0.248072 	 0.000007 
0.240461 	0.046112 	0.012135 	0.025898 	0.001410 	0.240454 	 0.000002 
0.248931 	0.045605 	0.010921 	0.026333 	0.001338 	0.248920 	 -0.000001 
0.246434 	0.046229 	0.013424 	0.026489 	0.001410 	0.246442 	 -0.000021 
0.248101 	0.050481 	0.012989 	0.029706 	0.001545 	0.248075 	 0.000016 
0.240709 	0.047175 	0.013449 	0.026970 	0.001472 	0.240713 	 -0.000029 
0.263075 	0.042978 	0.011715 	0.024260 	0.001240 	0.263069 	 0.000013 
0.250683 	0.044042 	0.012710 	0.023911 	0.001277 	0.250666 	 0.000007 
0.254774 	0.044035 	0.011799 	0.025107 	0.001281 	0.254776 	 -0.000006 
0.253428 	0.044631 	0.013826 	0.024914 	0.001323 	0.253445 	 -0.000043 
0.258293 	0.048788 	0.013476 	0.027448 	0.001477 	0.258279 	 0.000008 
0.253147 	0.048473 	0.013053 	0.028179 	0.001465 	0.253139 	 0.000004 
0.243436 	0.046669 	0.012875 	0.026365 	0.001402 	0.243438 	 -0.000015 
0.241545 	0.049618 	0.013612 	0.027792 	0.001564 	0.241542 	 -0.000010 
0.249074 	0.049418 	0.013096 	0.028800 	0.001565 	0.249032 	 0.000021 
0.245436 	0.046396 	0.013048 	0.026834 	0.001422 	0.245398 	 0.000036 
0.244775 	0.044880 	0.012972 	0.023863 	0.001301 	0.244779 	 -0.000020 
0.247342 	0.044885 	0.012008 	0.025537 	0.001312 	0.247312 	 0.000026 
0.245343 	0.049011 	0.013980 	0.027533 	0.001499 	0.245323 	 0.000015 
0.254078 	0.046034 	0.013699 	0.026869 	0.001400 	0.254065 	 0.000006 
0.252364 	0.047438 	0.014953 	0.026937 	0.001484 	0.252338 	 0.000030 
0.247023 	0.050277 	0.013884 	0.028977 	0.001558 	0.247006 	 0.000008 
0.240552 	0.051840 	0.013573 	0.030668 	0.001622 	0.240520 	 0.000031 
0.249217 	0.049076 	0.013417 	0.027861 	0.001532 	0.249200 	 0.000021 
0.253071 	0.047980 	0.013904 	0.027311 	0.001502 	0.253066 	 0.000006 
0.263195 	0.045263 	0.012706 	0.025727 	0.001348 	0.263183 	 0.000012 
0.238426 	0.049929 	0.013366 	0.029024 	0.001550 	0.238411 	 0.000002 
0.255932 	0.043096 	0.012617 	0.023327 	0.001236 	0.255911 	 0.000001 
0.257243 	0.050219 	0.013874 	0.028698 	0.001605 	0.257235 	 -0.000005 
0.242786 	0.048146 	0.013241 	0.026960 	0.001500 	0.242763 	 0.000019 
0.237059 	0.045889 	0.013295 	0.025280 	0.001347 	0.237055 	 -0.000001 
0.235959 	0.049226 	0.014206 	0.027623 	0.001534 	0.235946 	 0.000006 
0.248371 	0.045948 	0.014261 	0.025908 	0.001425 	0.248363 	 -0.000000 
0.255150 	0.044667 	0.013071 	0.024983 	0.001286 	0.255143 	 0.000005 
0.253482 	0.047691 	0.014300 	0.026331 	0.001508 	0.253503 	 -0.000047 
0.243087 	0.055667 	0.015218 	0.032739 	0.001815 	0.243070 	 0.000017 
0.252164 	0.045952 	0.013258 	0.025941 	0.001384 	0.252186 	 -0.000029 
0.245238 	0.047605 	0.014075 	0.026541 	0.001462 	0.245229 	 0.000009 
0.247668 	0.044136 	0.012540 	0.024540 	0.001300 	0.247647 	 -0.000004 
0.254486 	0.049876 	0.013893 	0.028464 	0.001579 	0.254435 	 0.000061 
0.233035 	0.054481 	0.014769 	0.031365 	0.001754 	0.233017 	 0.000010 
0.258450 	0.049559 	0.013764 	0.028469 	0.001509 	0.258434 	 0.000022 
0.256857 	0.046191 	0.012900 	0.025724 	0.001401 	0.256851 	 -0.000015 
0.226718 	0.050625 	0.015085 	0.027236 	0.001571 	0.226691 	 0.000018 
0.240983 	0.051175 	0.014270 	0.028317 	0.001592 	0.240975 	 -0.000020 
0.239679 	0.053387 	0.014933 	0.031158 	0.001726 	0.239653 	 0.000013 
0.248571 	0.052101 	0.014141 	0.030471 	0.001609 	0.248543 	 0.000027 
0.241108 	0.052503 	0.014606 	0.029449 	0.001619 	0.241093 	 -0.000002 
0.248277 	0.048054 	0.015140 	0.026943 	0.001496 	0.248279 	 -0.000017 
0.245600 	0.047661 	0.013603 	0.027412 	0.001449 	0.245601 	 -0.000003 
0.258287 	0.043757 	0.012671 	0.024375 	0.001305 	0.258276 	 -0.000001 
0.249071 	0.049415 	0.013659 	0.028309 	0.001566 	0.249057 	 -0.000006 
0.260317 	0.045603 	0.015535 	0.025570 	0.001407 	0.260331 	 -0.000024 
0.240927 	0.053424 	0.015167 	0.030333 	0.001722 	0.240915 	 0.000002 
0.262271 	0.046249 	0.015027 	0.025235 	0.001420 	0.262274 	 -0.000009 
0.233697 	0.055763 	0.014917 	0.032444 	0.001849 	0.233678 	 0.000010 
0.234140 	0.051388 	0.014789 	0.029447 	0.001646 	0.234115 	 0.000025 
0.259759 	0.046906 	0.012715 	0.026766 	0.001458 	0.259753 	 -0.000021 
0.247520 	0.050011 	0.014419 	0.027880 	0.001578 	0.247515 	 0.000001 
0.247107 	0.051932 	0.014737 	0.029363 	0.001680 	0.247097 	 0.000009 
0.250172 	0.050025 	0.014769 	0.027999 	0.001569 	0.250187 	 -0.000034 
0.241609 	0.050836 	0.014268 	0.028575 	0.001591 	0.241588 	 0.000012 
0.239410 	0.053479 	0.015383 	0.030991 	0.001761 	0.239413 	 0.000005 
0.226943 	0.050920 	0.015257 	0.028106 	0.001576 	0.226948 	 -0.000015 
0.244072 	0.050083 	0.014682 	0.027896 	0.001634 	0.244071 	 -0.000001 
0.240600 	0.053523 	0.014801 	0.030866 	0.001702 	0.240595 	 -0.000009 
0.242215 	0.048214 	0.014718 	0.026870 	0.001472 	0.242210 	 0.000005 
0.250540 	0.047633 	0.015238 	0.026503 	0.001475 	0.250552 	 -0.000018 
0.239091 	0.053510 	0.014681 	0.031012 	0.001787 	0.239081 	 -0.000005 
0.246766 	0.049639 	0.015472 	0.027020 	0.001573 	0.246787 	 -0.000035 
0.248841 	0.051258 	0.013846 	0.030136 	0.001620 	0.248842 	 -0.000008 
0.259985 	0.045743 	0.013045 	0.026499 	0.001362 	0.259992 	 -0.000013 
0.245775 	0.051762 	0.015477 	0.029416 	0.001660 	0.245769 	 0.000002 
0.246592 	0.047626 	0.014281 	0.026846 	0.001459 	0.246616 	 -0.000038 
0.243724 	0.051420 	0.016030 	0.028214 	0.001658 	0.243704 	 0.000022 
0.240826 	0.049798 	0.014326 	0.028047 	0.001510 	0.240850 	 -0.000044 
0.246236 	0.051203 	0.015785 	0.028814 	0.001602 	0.246221 	 0.000023 
0.252506 	0.050229 	0.013839 	0.029570 	0.001618 	0.252499 	 -0.000005 
0.237606 	0.054673 	0.015385 	0.032225 	0.001767 	0.237579 	 0.000038 
0.242704 	0.049629 	0.015974 	0.027205 	0.001579 	0.242682 	 0.000017 
0.232562 	0.056845 	0.016882 	0.031673 	0.001849 	0.232558 	 -0.000019 
0.115454 	-0.016158 	0.005695 	-0.013693 	-0.000881 	0.115705 	 -0.000227 
0.070018 	-0.015186 	0.003359 	-0.013285 	-0.000765 	0.070257 	 -0.000161 
0.030643 	-0.012817 	0.004546 	-0.013338 	-0.000647 	0.031014 	 -0.000340 
0.064877 	-0.013227 	0.007137 	-0.015358 	-0.000715 	0.065181 	 -0.000297 
0.089265 	-0.014722 	0.007499 	-0.015441 	-0.000741 	0.089491 	 -0.000188 
0.113376 	-0.002432 	0.005211 	-0.005235 	-0.000401 	0.113562 	 -0.000186 
0.120350 	-0.004008 	0.003606 	-0.004104 	-0.000461 	0.120500 	 -0.000092 
0.135624 	-0.003020 	0.004371 	-0.004489 	-0.000423 	0.135739 	 -0.000081 
0.142381 	-0.004633 	0.004765 	-0.006659 	-0.000613 	0.142509 	 -0.000107 
0.157050 	-0.002244 	0.004960 	-0.004302 	-0.000447 	0.157130 	 -0.000059 
0.170157 	-0.003166 	0.004839 	-0.004152 	-0.000545 	0.170271 	 -0.000067 
0.111456 	0.001191 	0.005560 	-0.004107 	-0.000412 	0.111552 	 -0.000074 
0.120458 	-0.011511 	0.003830 	-0.011111 	-0.000798 	0.120635 	 -0.000113 
0.140723 	0.001136 	0.007527 	-0.002989 	-0.000184 	0.140860 	 -0.000105 
0.140281 	0.004292 	0.007438 	-0.001873 	-0.000257 	0.140366 	 -0.000063 
0.162008 	0.000912 	0.008250 	-0.003954 	-0.000375 	0.162129 	 -0.000102 
0.101302 	-0.000406 	0.006653 	-0.004407 	-0.000336 	0.101450 	 -0.000128 
0.108720 	0.001643 	0.005793 	-0.001882 	-0.000236 	0.108852 	 -0.000095 
0.093999 	0.004549 	0.007589 	-0.001637 	-0.000056 	0.094143 	 -0.000129 
0.110777 	0.002074 	0.006210 	-0.002667 	-0.000208 	0.110930 	 -0.000134 
0.106473 	0.006211 	0.008313 	-0.000181 	0.000022 	0.106599 	 -0.000103 
0.094430 	0.005944 	0.007094 	0.000173 	-0.000026 	0.094583 	 -0.000133 
0.082566 	0.009456 	0.008735 	0.001575 	0.000101 	0.082690 	 -0.000110 
0.109252 	0.005256 	0.008189 	-0.000026 	-0.000036 	0.109375 	 -0.000106 
0.117837 	0.004551 	0.006215 	-0.000682 	-0.000064 	0.117961 	 -0.000099 
0.103016 	0.010090 	0.007746 	0.003316 	0.000177 	0.103103 	 -0.000064 
0.098145 	0.011184 	0.007997 	0.003670 	0.000218 	0.098302 	 -0.000137 
0.095621 	0.010598 	0.008472 	0.002855 	0.000167 	0.095740 	 -0.000106 
0.099855 	0.007484 	0.008201 	0.000345 	0.000036 	0.099984 	 -0.000112 
0.118141 	0.002574 	0.006963 	-0.002480 	-0.000123 	0.118254 	 -0.000091 
0.107412 	0.006483 	0.007205 	0.000527 	0.000052 	0.107528 	 -0.000093 
0.090176 	0.005142 	0.007654 	-0.002492 	-0.000019 	0.090294 	 -0.000104 
0.086659 	0.006011 	0.008321 	-0.001431 	0.000022 	0.086796 	 -0.000145 
0.101868 	0.006766 	0.008330 	0.000447 	0.000055 	0.101963 	 -0.000066 
0.092827 	0.012958 	0.009043 	0.002947 	0.000344 	0.092888 	 -0.000064 
0.083662 	0.013701 	0.009768 	0.003453 	0.000347 	0.083761 	 -0.000084 
0.093059 	0.010283 	0.009447 	0.002314 	0.000184 	0.093139 	 -0.000067 
0.083208 	0.013032 	0.009889 	0.003419 	0.000340 	0.083282 	 -0.000075 
0.085321 	0.016686 	0.010184 	0.005748 	0.000471 	0.085391 	 -0.000064 
0.101151 	0.011135 	0.009446 	0.001925 	0.000234 	0.101236 	 -0.000076 
0.089841 	0.009924 	0.010472 	0.000423 	0.000173 	0.089951 	 -0.000116 
0.080219 	0.019423 	0.011731 	0.007108 	0.000664 	0.080282 	 -0.000054 
0.095241 	0.014121 	0.009400 	0.004775 	0.000418 	0.095304 	 -0.000041 
0.081738 	0.015086 	0.009617 	0.005305 	0.000410 	0.081822 	 -0.000064 
0.092142 	0.010890 	0.009164 	0.002462 	0.000239 	0.092215 	 -0.000061 
0.081044 	0.015284 	0.010055 	0.005506 	0.000443 	0.081124 	 -0.000059 
0.074180 	0.016707 	0.011047 	0.005060 	0.000432 	0.074248 	 -0.000061 
0.074929 	0.016426 	0.010444 	0.004542 	0.000498 	0.074994 	 -0.000048 
0.078370 	0.015644 	0.010436 	0.004715 	0.000455 	0.078453 	 -0.000079 
0.078991 	0.016309 	0.012679 	0.006115 	0.000520 	0.079046 	 -0.000036 
0.084778 	0.015192 	0.010827 	0.003646 	0.000443 	0.084842 	 -0.000072 
0.084323 	0.017189 	0.010800 	0.006240 	0.000480 	0.084383 	 -0.000028 
0.078221 	0.015954 	0.010405 	0.005052 	0.000470 	0.078295 	 -0.000051 
0.080687 	0.016086 	0.011122 	0.004444 	0.000527 	0.080722 	 -0.000020 
0.067212 	0.016778 	0.009997 	0.004610 	0.000507 	0.067280 	 -0.000052 
0.086610 	0.013176 	0.011619 	0.001810 	0.000369 	0.086698 	 -0.000084 
0.069717 	0.021963 	0.012380 	0.008674 	0.000774 	0.069767 	 -0.000048 
0.073672 	0.021501 	0.012982 	0.007679 	0.000767 	0.073711 	 -0.000026 
0.079670 	0.016617 	0.010469 	0.004645 	0.000526 	0.079719 	 -0.000050 
0.071738 	0.020746 	0.012468 	0.006678 	0.000689 	0.071805 	 -0.000074 
0.067845 	0.023417 	0.012775 	0.009052 	0.000847 	0.067874 	 -0.000023 
0.072179 	0.018989 	0.011458 	0.006468 	0.000610 	0.072215 	 -0.000015 
0.068996 	0.022421 	0.012038 	0.008596 	0.000718 	0.069033 	 -0.000021 
0.068714 	0.022989 	0.013177 	0.008424 	0.000785 	0.068735 	 -0.000015 
0.065949 	0.021321 	0.012139 	0.006979 	0.000683 	0.065971 	 -0.000015 
0.070963 	0.022982 	0.013022 	0.007995 	0.000777 	0.071008 	 -0.000034 
0.075513 	0.018282 	0.011591 	0.005535 	0.000608 	0.075553 	 -0.000025 
0.077946 	0.021350 	0.011870 	0.008207 	0.000734 	0.077995 	 -0.000040 
0.064996 	0.025140 	0.013536 	0.008853 	0.000908 	0.065006 	 -0.000007 
0.080661 	0.019990 	0.011867 	0.006760 	0.000720 	0.080698 	 -0.000026 
0.073700 	0.021782 	0.012609 	0.007658 	0.000833 	0.073743 	 -0.000022 
0.069100 	0.022414 	0.013032 	0.007581 	0.000825 	0.069117 	 0.000002 
0.058277 	0.028604 	0.014432 	0.011443 	0.001066 	0.058274 	 0.000017 
0.077897 	0.023608 	0.012992 	0.009279 	0.000829 	0.077918 	 -0.000002 
0.066061 	0.021955 	0.012541 	0.007512 	0.000762 	0.066067 	 0.000013 
0.066795 	0.024830 	0.013373 	0.010139 	0.000917 	0.066785 	 0.000040 
0.059925 	0.028813 	0.014978 	0.011147 	0.001069 	0.059903 	 0.000032 
0.058055 	0.028092 	0.015442 	0.012398 	0.001091 	0.058059 	 0.000025 
0.063005 	0.027489 	0.014488 	0.010609 	0.001005 	0.063020 	 0.000006 
0.063263 	0.026993 	0.014808 	0.009186 	0.000965 	0.063262 	 0.000002 
0.057192 	0.028204 	0.014655 	0.011075 	0.001109 	0.057210 	 -0.000018 
0.065543 	0.022152 	0.014136 	0.006105 	0.000806 	0.065545 	 0.000011 
0.064309 	0.027685 	0.014796 	0.010176 	0.000995 	0.064285 	 0.000024 
0.073808 	0.025473 	0.013262 	0.009567 	0.000917 	0.073816 	 -0.000006 
0.062156 	0.027971 	0.014750 	0.011408 	0.001084 	0.062160 	 0.000022 
0.061708 	0.027564 	0.014103 	0.010734 	0.001023 	0.061707 	 0.000012 
0.053173 	0.030795 	0.015685 	0.011655 	0.001171 	0.053152 	 0.000026 
0.074012 	0.024161 	0.013199 	0.009309 	0.000930 	0.074030 	 0.000007 
0.058783 	0.028570 	0.015797 	0.011617 	0.001098 	0.058741 	 0.000066 
0.061672 	0.029743 	0.014415 	0.012359 	0.001156 	0.061635 	 0.000044 
0.065388 	0.023180 	0.013289 	0.007981 	0.000866 	0.065372 	 0.000022 
0.068004 	0.027730 	0.013868 	0.011257 	0.001118 	0.068025 	 -0.000034 
0.063896 	0.026033 	0.014078 	0.009694 	0.000952 	0.063877 	 0.000028 
0.054286 	0.028558 	0.014697 	0.010228 	0.001073 	0.054298 	 -0.000021 
0.053704 	0.032154 	0.015673 	0.013897 	0.001244 	0.053677 	 0.000049 
0.058838 	0.031557 	0.015201 	0.012957 	0.001252 	0.058819 	 0.000014 
0.072664 	0.030387 	0.014541 	0.013114 	0.001205 	0.072634 	 0.000048 
0.044132 	0.030871 	0.016561 	0.011661 	0.001205 	0.044124 	 0.000003 
0.046518 	0.030544 	0.016274 	0.010870 	0.001217 	0.046517 	 -0.000011 
0.065279 	0.023994 	0.014040 	0.008139 	0.000918 	0.065272 	 0.000015 
0.067577 	0.031142 	0.016049 	0.012443 	0.001201 	0.067550 	 0.000026 
0.072767 	0.028140 	0.014961 	0.009848 	0.001095 	0.072717 	 0.000053 
0.065576 	0.026358 	0.016407 	0.008097 	0.000997 	0.065575 	 0.000013 
0.062797 	0.030119 	0.015848 	0.011502 	0.001142 	0.062748 	 0.000079 
0.068377 	0.026124 	0.014963 	0.009059 	0.001032 	0.068369 	 0.000004 
0.051100 	0.032641 	0.015984 	0.012592 	0.001320 	0.051062 	 0.000019 
0.070648 	0.027674 	0.015069 	0.010554 	0.001031 	0.070620 	 0.000031 
0.046629 	0.031172 	0.015889 	0.011446 	0.001239 	0.046600 	 0.000025 
0.067364 	0.029700 	0.015650 	0.010354 	0.001174 	0.067330 	 0.000031 
0.060018 	0.029981 	0.015762 	0.010968 	0.001142 	0.059991 	 0.000024 
0.043577 	0.031425 	0.016783 	0.010348 	0.001222 	0.043548 	 0.000012 
0.068346 	0.027919 	0.016888 	0.009869 	0.001100 	0.068353 	 -0.000007 
0.054873 	0.027322 	0.015135 	0.010155 	0.001025 	0.054862 	 0.000005 
0.063358 	0.028695 	0.015389 	0.010389 	0.001107 	0.063338 	 0.000016 
0.058069 	0.029925 	0.015308 	0.011176 	0.001154 	0.058025 	 0.000045 
0.057938 	0.032576 	0.016309 	0.012823 	0.001258 	0.057895 	 0.000048 
0.053500 	0.031399 	0.017135 	0.010508 	0.001260 	0.053475 	 0.000021 
0.061825 	0.033033 	0.016248 	0.013366 	0.001318 	0.061754 	 0.000096 
0.055077 	0.030529 	0.016117 	0.010800 	0.001206 	0.055029 	 0.000037 
0.052073 	0.032063 	0.014759 	0.012949 	0.001268 	0.052035 	 0.000042 
0.051646 	0.032922 	0.016493 	0.012088 	0.001248 	0.051590 	 0.000043 
0.055970 	0.034270 	0.016464 	0.013862 	0.001381 	0.055919 	 0.000044 
0.050445 	0.031918 	0.015624 	0.011875 	0.001291 	0.050407 	 0.000047 
0.053872 	0.034380 	0.017471 	0.012854 	0.001405 	0.053844 	 0.000027 
0.067156 	0.029763 	0.016017 	0.010184 	0.001146 	0.067094 	 0.000053 
0.066803 	0.028984 	0.015509 	0.010139 	0.001118 	0.066761 	 0.000052 
0.049522 	0.034099 	0.016457 	0.014002 	0.001388 	0.049507 	 0.000002 
0.050600 	0.034534 	0.016761 	0.013941 	0.001373 	0.050548 	 0.000049 
0.049314 	0.035505 	0.016816 	0.014696 	0.001429 	0.049243 	 0.000076 
0.065794 	0.030773 	0.016310 	0.010916 	0.001261 	0.065718 	 0.000070 
0.044569 	0.032079 	0.017335 	0.011112 	0.001303 	0.044528 	 0.000032 
0.054453 	0.035184 	0.017265 	0.013535 	0.001421 	0.054390 	 0.000054 
0.050280 	0.031636 	0.015435 	0.011178 	0.001253 	0.050235 	 0.000040 
0.056532 	0.035834 	0.018753 	0.013279 	0.001513 	0.056453 	 0.000067 
0.055701 	0.030779 	0.016143 	0.010483 	0.001188 	0.055630 	 0.000071 
0.072734 	0.033079 	0.015639 	0.013757 	0.001385 	0.072680 	 0.000074 
0.066442 	0.033297 	0.016306 	0.013290 	0.001361 	0.066398 	 0.000041 
0.058987 	0.034886 	0.016244 	0.014860 	0.001415 	0.058892 	 0.000102 
0.052482 	0.032843 	0.016698 	0.012367 	0.001324 	0.052428 	 0.000054 
0.059591 	0.032260 	0.016082 	0.012692 	0.001269 	0.059535 	 0.000066 
0.041473 	0.036523 	0.019652 	0.013708 	0.001501 	0.041431 	 0.000033 
0.054494 	0.033345 	0.016962 	0.012422 	0.001353 	0.054451 	 0.000035 
0.066851 	0.035034 	0.016930 	0.014149 	0.001395 	0.066792 	 0.000072 
0.050676 	0.036209 	0.017423 	0.013129 	0.001477 	0.050620 	 0.000044 
0.064134 	0.033986 	0.016830 	0.013581 	0.001408 	0.064054 	 0.000087 
0.048952 	0.033591 	0.016521 	0.013295 	0.001335 	0.048879 	 0.000081 
0.057741 	0.030912 	0.017255 	0.011465 	0.001279 	0.057703 	 0.000033 
0.048572 	0.038564 	0.017537 	0.014459 	0.001557 	0.048509 	 0.000053 
0.056340 	0.035037 	0.017960 	0.011887 	0.001401 	0.056254 	 0.000054 
0.054320 	0.036606 	0.017761 	0.014923 	0.001494 	0.054247 	 0.000074 
0.039038 	0.034711 	0.019258 	0.012578 	0.001410 	0.038982 	 0.000048 
0.043213 	0.040261 	0.018616 	0.015704 	0.001672 	0.043148 	 0.000052 
0.070651 	0.029661 	0.015711 	0.010661 	0.001200 	0.070603 	 0.000041 
0.051536 	0.039279 	0.017846 	0.016487 	0.001556 	0.051446 	 0.000092 
0.034666 	0.035819 	0.017195 	0.013792 	0.001457 	0.034589 	 0.000067 
0.047763 	0.038679 	0.017719 	0.015773 	0.001605 	0.047665 	 0.000106 
0.032651 	0.040334 	0.018190 	0.015277 	0.001657 	0.032577 	 0.000063 
0.057898 	0.037687 	0.017836 	0.015431 	0.001552 	0.057813 	 0.000083 
0.060764 	0.035299 	0.017493 	0.013236 	0.001453 	0.060705 	 0.000047 
0.052829 	0.037588 	0.018366 	0.014971 	0.001626 	0.052762 	 0.000062 
0.051756 	0.036168 	0.018193 	0.013386 	0.001510 	0.051702 	 0.000036 
0.046254 	0.039475 	0.018092 	0.016073 	0.001609 	0.046171 	 0.000069 
0.057883 	0.035384 	0.018650 	0.014409 	0.001477 	0.057804 	 0.000097 
0.037472 	0.042282 	0.019391 	0.016764 	0.001777 	0.037390 	 0.000079 
0.048277 	0.037681 	0.018269 	0.014845 	0.001560 	0.048179 	 0.000103 
0.048992 	0.037703 	0.017638 	0.016059 	0.001520 	0.048911 	 0.000102 
0.059403 	0.035491 	0.016990 	0.013918 	0.001511 	0.059353 	 0.000048 
0.045572 	0.038541 	0.018811 	0.015482 	0.001599 	0.045481 	 0.000104 
0.047516 	0.037611 	0.018194 	0.014809 	0.001540 	0.047450 	 0.000057 
0.046403 	0.031759 	0.017511 	0.010623 	0.001325 	0.046351 	 0.000038 
0.044302 	0.031060 	0.018072 	0.009571 	0.001282 	0.044248 	 0.000050 
0.062748 	0.031028 	0.016097 	0.011142 	0.001264 	0.062695 	 0.000044 
0.051162 	0.038078 	0.018499 	0.014623 	0.001565 	0.051068 	 0.000090 
0.035614 	0.041995 	0.018346 	0.017203 	0.001766 	0.035556 	 0.000043 
0.054052 	0.036781 	0.018164 	0.013808 	0.001498 	0.053972 	 0.000066 
0.053103 	0.036701 	0.018272 	0.012922 	0.001543 	0.053016 	 0.000060 
0.041865 	0.038879 	0.018565 	0.014961 	0.001599 	0.041782 	 0.000071 
0.056771 	0.038394 	0.017717 	0.015996 	0.001595 	0.056665 	 0.000113 
0.050605 	0.035104 	0.017498 	0.012581 	0.001400 	0.050517 	 0.000065 
0.037197 	0.041310 	0.019457 	0.016079 	0.001712 	0.037087 	 0.000091 
0.070123 	0.041021 	0.018850 	0.015499 	0.001639 	0.069999 	 0.000111 
0.074328 	0.037764 	0.017766 	0.015629 	0.001486 	0.074190 	 0.000134 
0.063266 	0.041050 	0.018982 	0.016102 	0.001641 	0.063150 	 0.000080 
0.077571 	0.039713 	0.017725 	0.017014 	0.001582 	0.077459 	 0.000116 
0.066419 	0.038314 	0.018600 	0.015197 	0.001533 	0.066292 	 0.000124 
0.075546 	0.039566 	0.018407 	0.015682 	0.001544 	0.075418 	 0.000110 
0.073829 	0.039352 	0.017606 	0.016122 	0.001579 	0.073719 	 0.000086 
0.064272 	0.037944 	0.018597 	0.013940 	0.001491 	0.064167 	 0.000090 
0.062198 	0.043348 	0.019532 	0.018682 	0.001772 	0.062064 	 0.000131 
0.061120 	0.040462 	0.018493 	0.015701 	0.001614 	0.061004 	 0.000112 
0.069168 	0.038391 	0.018174 	0.014666 	0.001570 	0.069066 	 0.000088 
0.070951 	0.039001 	0.018425 	0.015781 	0.001561 	0.070853 	 0.000076 
0.056666 	0.045301 	0.019523 	0.019032 	0.001813 	0.056524 	 0.000110 
0.062359 	0.039140 	0.018245 	0.015419 	0.001577 	0.062241 	 0.000098 
0.077308 	0.038768 	0.017348 	0.015770 	0.001593 	0.077179 	 0.000090 
0.065271 	0.040492 	0.018776 	0.015733 	0.001613 	0.065142 	 0.000103 
0.063430 	0.037150 	0.018248 	0.013607 	0.001470 	0.063297 	 0.000121 
0.052219 	0.040055 	0.018273 	0.014710 	0.001583 	0.052129 	 0.000063 
0.064543 	0.042250 	0.018865 	0.016993 	0.001723 	0.064429 	 0.000077 
0.073335 	0.036902 	0.017582 	0.014738 	0.001398 	0.073219 	 0.000104 
0.063319 	0.044025 	0.018863 	0.018425 	0.001830 	0.063181 	 0.000123 
0.053666 	0.041279 	0.018453 	0.017532 	0.001703 	0.053555 	 0.000091 
0.055283 	0.044797 	0.018793 	0.018625 	0.001849 	0.055150 	 0.000114 
0.061801 	0.036322 	0.017566 	0.013372 	0.001428 	0.061710 	 0.000069 
0.064127 	0.040391 	0.018319 	0.016582 	0.001590 	0.063997 	 0.000111 
0.050274 	0.044846 	0.019937 	0.018300 	0.001836 	0.050129 	 0.000129 
0.060825 	0.040826 	0.018663 	0.016756 	0.001684 	0.060699 	 0.000112 
0.061097 	0.039998 	0.019118 	0.015263 	0.001584 	0.060989 	 0.000076 
0.055421 	0.043851 	0.019167 	0.018877 	0.001843 	0.055284 	 0.000118 
0.062588 	0.041573 	0.018946 	0.016852 	0.001733 	0.062439 	 0.000138 
0.122531 	0.033628 	0.015952 	0.012819 	0.001212 	0.122354 	 0.000146 
