  5.00000e-01	  0.00000e+00	  0.00000e+00	  0.00000e+00	  0.00000e+00	  5.00000e-01	  0.00000e+00
  4.94350e-01	  4.43602e-03	  3.78291e-04	  1.06293e-03	  1.13674e-06	  4.94345e-01	  4.25823e-06
  4.91723e-01	  6.39657e-03	  5.67906e-04	  2.05319e-03	  4.26703e-06	  4.91713e-01	  9.75424e-06
  4.89620e-01	  7.91634e-03	  7.26715e-04	  2.98211e-03	  9.04811e-06	  4.89605e-01	  1.54057e-05
  4.87771e-01	  9.19966e-03	  8.69035e-04	  3.85899e-03	  1.51998e-05	  4.87750e-01	  2.09071e-05
  4.86080e-01	  1.03404e-02	  1.00095e-03	  4.68981e-03	  2.25454e-05	  4.86054e-01	  2.62480e-05
  4.84498e-01	  1.13781e-02	  1.12524e-03	  5.47945e-03	  3.09411e-05	  4.84467e-01	  3.12975e-05
  4.83000e-01	  1.23353e-02	  1.24376e-03	  6.23234e-03	  4.02574e-05	  4.82964e-01	  3.61982e-05
  4.81569e-01	  1.32293e-02	  1.35786e-03	  6.95240e-03	  5.03795e-05	  4.81528e-01	  4.08057e-05
  4.80193e-01	  1.40729e-02	  1.46839e-03	  7.64309e-03	  6.12067e-05	  4.80148e-01	  4.52380e-05
  4.78867e-01	  1.48741e-02	  1.57588e-03	  8.30737e-03	  7.26530e-05	  4.78818e-01	  4.95507e-05
  4.77583e-01	  1.56391e-02	  1.68074e-03	  8.94772e-03	  8.46467e-05	  4.77530e-01	  5.36387e-05
  4.76338e-01	  1.63723e-02	  1.78331e-03	  9.56614e-03	  9.71308e-05	  4.76280e-01	  5.75614e-05
  4.75127e-01	  1.70773e-02	  1.88386e-03	  1.01642e-02	  1.10062e-04	  4.75066e-01	  6.13888e-05
  4.73949e-01	  1.77576e-02	  1.98266e-03	  1.07430e-02	  1.23408e-04	  4.73884e-01	  6.51217e-05
  4.72800e-01	  1.84158e-02	  2.07989e-03	  1.13043e-02	  1.37119e-04	  4.72731e-01	  6.87058e-05
  4.71678e-01	  1.90544e-02	  2.17572e-03	  1.18493e-02	  1.51167e-04	  4.71606e-01	  7.21629e-05
  4.70582e-01	  1.96752e-02	  2.27026e-03	  1.23787e-02	  1.65529e-04	  4.70507e-01	  7.55307e-05
  4.69510e-01	  2.02797e-02	  2.36363e-03	  1.28935e-02	  1.80181e-04	  4.69431e-01	  7.88183e-05
  4.68460e-01	  2.08691e-02	  2.45592e-03	  1.33944e-02	  1.95103e-04	  4.68378e-01	  8.20284e-05
  4.67432e-01	  2.14448e-02	  2.54721e-03	  1.38822e-02	  2.10274e-04	  4.67347e-01	  8.51573e-05
  4.66424e-01	  2.20075e-02	  2.63757e-03	  1.43577e-02	  2.25674e-04	  4.66335e-01	  8.82017e-05
  4.65434e-01	  2.25582e-02	  2.72706e-03	  1.48214e-02	  2.41287e-04	  4.65343e-01	  9.12197e-05
  4.64463e-01	  2.30977e-02	  2.81574e-03	  1.52741e-02	  2.57094e-04	  4.64368e-01	  9.41859e-05
  4.63508e-01	  2.36267e-02	  2.90367e-03	  1.57164e-02	  2.73080e-04	  4.63411e-01	  9.70631e-05
  4.62570e-01	  2.41460e-02	  2.99089e-03	  1.61488e-02	  2.89232e-04	  4.62471e-01	  9.98323e-05
  4.61648e-01	  2.46560e-02	  3.07746e-03	  1.65718e-02	  3.05534e-04	  4.61545e-01	  1.02493e-04
  4.60740e-01	  2.51575e-02	  3.16341e-03	  1.69859e-02	  3.21975e-04	  4.60635e-01	  1.05063e-04
  4.59847e-01	  2.56508e-02	  3.24877e-03	  1.73916e-02	  3.38544e-04	  4.59739e-01	  1.07579e-04
  4.58967e-01	  2.61364e-02	  3.33358e-03	  1.77892e-02	  3.55230e-04	  4.58857e-01	  1.10095e-04
  4.58101e-01	  2.66147e-02	  3.41785e-03	  1.81791e-02	  3.72025e-04	  4.57988e-01	  1.12591e-04
  4.57246e-01	  2.70860e-02	  3.50162e-03	  1.85616e-02	  3.88921e-04	  4.57132e-01	  1.14924e-04
  4.56404e-01	  2.75508e-02	  3.58491e-03	  1.89370e-02	  4.05911e-04	  4.56287e-01	  1.17265e-04
  4.55574e-01	  2.80091e-02	  3.66774e-03	  1.93055e-02	  4.22990e-04	  4.55455e-01	  1.19711e-04
  4.54756e-01	  2.84614e-02	  3.75013e-03	  1.96673e-02	  4.40153e-04	  4.54634e-01	  1.22268e-04
  4.53948e-01	  2.89080e-02	  3.83209e-03	  2.00226e-02	  4.57397e-04	  4.53824e-01	  1.24842e-04
  4.53151e-01	  2.93489e-02	  3.91366e-03	  2.03717e-02	  4.74714e-04	  4.53024e-01	  1.27245e-04
  4.52363e-01	  2.97845e-02	  3.99483e-03	  2.07149e-02	  4.92098e-04	  4.52234e-01	  1.29256e-04
  4.51584e-01	  3.02150e-02	  4.07564e-03	  2.10523e-02	  5.09545e-04	  4.51453e-01	  1.31131e-04
  4.50816e-01	  3.06406e-02	  4.15608e-03	  2.13842e-02	  5.27050e-04	  4.50683e-01	  1.33171e-04
  4.50057e-01	  3.10615e-02	  4.23618e-03	  2.17107e-02	  5.44611e-04	  4.49921e-01	  1.35454e-04
  4.49307e-01	  3.14779e-02	  4.31596e-03	  2.20319e-02	  5.62222e-04	  4.49169e-01	  1.37839e-04
  4.48565e-01	  3.18899e-02	  4.39541e-03	  2.23481e-02	  5.79880e-04	  4.48425e-01	  1.39967e-04
  4.47831e-01	  3.22977e-02	  4.47456e-03	  2.26594e-02	  5.97582e-04	  4.47690e-01	  1.41812e-04
  4.47106e-01	  3.27014e-02	  4.55341e-03	  2.29660e-02	  6.15324e-04	  4.46962e-01	  1.43678e-04
  4.46388e-01	  3.31013e-02	  4.63198e-03	  2.32681e-02	  6.33102e-04	  4.46242e-01	  1.45630e-04
  4.45678e-01	  3.34974e-02	  4.71027e-03	  2.35657e-02	  6.50914e-04	  4.45530e-01	  1.47651e-04
  4.44976e-01	  3.38898e-02	  4.78829e-03	  2.38589e-02	  6.68757e-04	  4.44826e-01	  1.49646e-04
  4.44280e-01	  3.42786e-02	  4.86605e-03	  2.41481e-02	  6.86628e-04	  4.44129e-01	  1.51480e-04
  4.43592e-01	  3.46640e-02	  4.94356e-03	  2.44331e-02	  7.04525e-04	  4.43438e-01	  1.53243e-04
  4.42910e-01	  3.50461e-02	  5.02082e-03	  2.47143e-02	  7.22445e-04	  4.42755e-01	  1.55013e-04
  4.42235e-01	  3.54249e-02	  5.09784e-03	  2.49916e-02	  7.40386e-04	  4.42078e-01	  1.56821e-04
  4.41567e-01	  3.58006e-02	  5.17464e-03	  2.52651e-02	  7.58345e-04	  4.41408e-01	  1.58665e-04
  4.40905e-01	  3.61733e-02	  5.25121e-03	  2.55351e-02	  7.76321e-04	  4.40744e-01	  1.60512e-04
  4.40249e-01	  3.65429e-02	  5.32755e-03	  2.58015e-02	  7.94313e-04	  4.40087e-01	  1.62295e-04
  4.39599e-01	  3.69097e-02	  5.40369e-03	  2.60645e-02	  8.12318e-04	  4.39435e-01	  1.63936e-04
  4.38955e-01	  3.72736e-02	  5.47961e-03	  2.63240e-02	  8.30336e-04	  4.38789e-01	  1.65487e-04
  4.38316e-01	  3.76348e-02	  5.55534e-03	  2.65803e-02	  8.48364e-04	  4.38149e-01	  1.67038e-04
  4.37683e-01	  3.79933e-02	  5.63086e-03	  2.68334e-02	  8.66400e-04	  4.37515e-01	  1.68646e-04
  4.37056e-01	  3.83492e-02	  5.70620e-03	  2.70834e-02	  8.84443e-04	  4.36886e-01	  1.70334e-04
  4.36434e-01	  3.87027e-02	  5.78134e-03	  2.73304e-02	  9.02492e-04	  4.36262e-01	  1.72091e-04
  4.35818e-01	  3.90536e-02	  5.85630e-03	  2.75743e-02	  9.20546e-04	  4.35644e-01	  1.73875e-04
  4.35207e-01	  3.94021e-02	  5.93109e-03	  2.78154e-02	  9.38603e-04	  4.35031e-01	  1.75607e-04
  4.34601e-01	  3.97483e-02	  6.00570e-03	  2.80536e-02	  9.56662e-04	  4.34423e-01	  1.77177e-04
  4.33998e-01	  4.00922e-02	  6.08014e-03	  2.82890e-02	  9.74722e-04	  4.33820e-01	  1.78450e-04
  4.33401e-01	  4.04339e-02	  6.15441e-03	  2.85218e-02	  9.92782e-04	  4.33221e-01	  1.79558e-04
  4.32808e-01	  4.07734e-02	  6.22852e-03	  2.87518e-02	  1.01084e-03	  4.32628e-01	  1.80721e-04
  4.32221e-01	  4.11108e-02	  6.30247e-03	  2.89793e-02	  1.02890e-03	  4.32038e-01	  1.82078e-04
  4.31638e-01	  4.14460e-02	  6.37626e-03	  2.92043e-02	  1.04695e-03	  4.31454e-01	  1.83690e-04
  4.31060e-01	  4.17793e-02	  6.44991e-03	  2.94267e-02	  1.06500e-03	  4.30875e-01	  1.85537e-04
  4.30487e-01	  4.21105e-02	  6.52340e-03	  2.96468e-02	  1.08304e-03	  4.30299e-01	  1.87520e-04
  4.29918e-01	  4.24398e-02	  6.59674e-03	  2.98644e-02	  1.10108e-03	  4.29728e-01	  1.89461e-04
  4.29353e-01	  4.27671e-02	  6.66994e-03	  3.00797e-02	  1.11911e-03	  4.29162e-01	  1.91101e-04
  4.28790e-01	  4.30926e-02	  6.74300e-03	  3.02928e-02	  1.13714e-03	  4.28598e-01	  1.92183e-04
  4.28232e-01	  4.34162e-02	  6.81593e-03	  3.05036e-02	  1.15515e-03	  4.28039e-01	  1.93018e-04
  4.27677e-01	  4.37381e-02	  6.88871e-03	  3.07122e-02	  1.17316e-03	  4.27483e-01	  1.93928e-04
  4.27127e-01	  4.40581e-02	  6.96136e-03	  3.09187e-02	  1.19116e-03	  4.26932e-01	  1.95093e-04
  4.26582e-01	  4.43764e-02	  7.03389e-03	  3.11230e-02	  1.20914e-03	  4.26385e-01	  1.96572e-04
  4.26040e-01	  4.46931e-02	  7.10628e-03	  3.13253e-02	  1.22712e-03	  4.25842e-01	  1.98309e-04
  4.25503e-01	  4.50080e-02	  7.17855e-03	  3.15255e-02	  1.24508e-03	  4.25302e-01	  2.00128e-04
  4.24968e-01	  4.53214e-02	  7.25069e-03	  3.17238e-02	  1.26304e-03	  4.24767e-01	  2.01737e-04
  4.24437e-01	  4.56331e-02	  7.32271e-03	  3.19201e-02	  1.28098e-03	  4.24234e-01	  2.02840e-04
  4.23908e-01	  4.59432e-02	  7.39461e-03	  3.21145e-02	  1.29891e-03	  4.23704e-01	  2.03833e-04
  4.23383e-01	  4.62518e-02	  7.46640e-03	  3.23070e-02	  1.31682e-03	  4.23179e-01	  2.04893e-04
  4.22862e-01	  4.65589e-02	  7.53807e-03	  3.24976e-02	  1.33472e-03	  4.22656e-01	  2.06068e-04
  4.22345e-01	  4.68645e-02	  7.60962e-03	  3.26864e-02	  1.35261e-03	  4.22137e-01	  2.07357e-04
  4.21830e-01	  4.71686e-02	  7.68107e-03	  3.28735e-02	  1.37048e-03	  4.21622e-01	  2.08707e-04
  4.21319e-01	  4.74713e-02	  7.75240e-03	  3.30587e-02	  1.38834e-03	  4.21109e-01	  2.10017e-04
  4.20811e-01	  4.77726e-02	  7.82363e-03	  3.32423e-02	  1.40618e-03	  4.20600e-01	  2.11169e-04
  4.20306e-01	  4.80725e-02	  7.89475e-03	  3.34242e-02	  1.42401e-03	  4.20094e-01	  2.12273e-04
  4.19804e-01	  4.83710e-02	  7.96576e-03	  3.36044e-02	  1.44181e-03	  4.19591e-01	  2.13384e-04
  4.19305e-01	  4.86682e-02	  8.03667e-03	  3.37829e-02	  1.45961e-03	  4.19091e-01	  2.14525e-04
  4.18809e-01	  4.89640e-02	  8.10748e-03	  3.39599e-02	  1.47738e-03	  4.18594e-01	  2.15700e-04
  4.18317e-01	  4.92585e-02	  8.17819e-03	  3.41352e-02	  1.49514e-03	  4.18100e-01	  2.16901e-04
  4.17827e-01	  4.95518e-02	  8.24881e-03	  3.43090e-02	  1.51288e-03	  4.17609e-01	  2.18102e-04
  4.17340e-01	  4.98438e-02	  8.31932e-03	  3.44813e-02	  1.53060e-03	  4.17120e-01	  2.19266e-04
  4.16855e-01	  5.01345e-02	  8.38974e-03	  3.46521e-02	  1.54831e-03	  4.16635e-01	  2.20354e-04
  4.16373e-01	  5.04240e-02	  8.46006e-03	  3.48214e-02	  1.56600e-03	  4.16152e-01	  2.21405e-04
  4.15894e-01	  5.07124e-02	  8.53030e-03	  3.49892e-02	  1.58366e-03	  4.15672e-01	  2.22448e-04
  4.15418e-01	  5.09995e-02	  8.60044e-03	  3.51556e-02	  1.60131e-03	  4.15195e-01	  2.23503e-04
  4.14945e-01	  5.12854e-02	  8.67048e-03	  3.53205e-02	  1.61894e-03	  4.14720e-01	  2.24581e-04
  4.14474e-01	  5.15703e-02	  8.74044e-03	  3.54841e-02	  1.63655e-03	  4.14248e-01	  2.25686e-04
  4.14006e-01	  5.18539e-02	  8.81032e-03	  3.56463e-02	  1.65414e-03	  4.13779e-01	  2.26814e-04
  4.13540e-01	  5.21365e-02	  8.88010e-03	  3.58071e-02	  1.67171e-03	  4.13312e-01	  2.27951e-04
  4.13077e-01	  5.24179e-02	  8.94980e-03	  3.59666e-02	  1.68926e-03	  4.12848e-01	  2.29076e-04
  4.12616e-01	  5.26983e-02	  9.01941e-03	  3.61248e-02	  1.70679e-03	  4.12386e-01	  2.30159e-04
  4.12158e-01	  5.29776e-02	  9.08894e-03	  3.62817e-02	  1.72430e-03	  4.11926e-01	  2.31158e-04
  4.11701e-01	  5.32558e-02	  9.15839e-03	  3.64373e-02	  1.74179e-03	  4.11469e-01	  2.32032e-04
  4.11247e-01	  5.35330e-02	  9.22776e-03	  3.65917e-02	  1.75926e-03	  4.11014e-01	  2.32842e-04
  4.10796e-01	  5.38092e-02	  9.29704e-03	  3.67448e-02	  1.77671e-03	  4.10562e-01	  2.33654e-04
  4.10347e-01	  5.40843e-02	  9.36625e-03	  3.68968e-02	  1.79414e-03	  4.10112e-01	  2.34519e-04
  4.09900e-01	  5.43585e-02	  9.43538e-03	  3.70475e-02	  1.81154e-03	  4.09664e-01	  2.35468e-04
  4.09456e-01	  5.46316e-02	  9.50443e-03	  3.71970e-02	  1.82893e-03	  4.09219e-01	  2.36516e-04
  4.09014e-01	  5.49038e-02	  9.57341e-03	  3.73453e-02	  1.84629e-03	  4.08776e-01	  2.37660e-04
  4.08574e-01	  5.51750e-02	  9.64230e-03	  3.74925e-02	  1.86363e-03	  4.08335e-01	  2.38881e-04
  4.08137e-01	  5.54453e-02	  9.71113e-03	  3.76386e-02	  1.88095e-03	  4.07897e-01	  2.40141e-04
  4.07702e-01	  5.57146e-02	  9.77988e-03	  3.77835e-02	  1.89825e-03	  4.07460e-01	  2.41385e-04
  4.07269e-01	  5.59830e-02	  9.84856e-03	  3.79274e-02	  1.91552e-03	  4.07026e-01	  2.42542e-04
  4.06837e-01	  5.62505e-02	  9.91716e-03	  3.80701e-02	  1.93278e-03	  4.06594e-01	  2.43523e-04
  4.06408e-01	  5.65171e-02	  9.98569e-03	  3.82117e-02	  1.95001e-03	  4.06163e-01	  2.44268e-04
  4.05980e-01	  5.67828e-02	  1.00542e-02	  3.83523e-02	  1.96722e-03	  4.05735e-01	  2.44945e-04
  4.05554e-01	  5.70476e-02	  1.01225e-02	  3.84919e-02	  1.98440e-03	  4.05309e-01	  2.45650e-04
  4.05131e-01	  5.73116e-02	  1.01909e-02	  3.86304e-02	  2.00157e-03	  4.04884e-01	  2.46433e-04
  4.04710e-01	  5.75747e-02	  1.02591e-02	  3.87679e-02	  2.01871e-03	  4.04462e-01	  2.47319e-04
  4.04290e-01	  5.78369e-02	  1.03273e-02	  3.89044e-02	  2.03583e-03	  4.04042e-01	  2.48304e-04
  4.03873e-01	  5.80983e-02	  1.03954e-02	  3.90398e-02	  2.05293e-03	  4.03624e-01	  2.49353e-04
  4.03458e-01	  5.83589e-02	  1.04635e-02	  3.91743e-02	  2.07000e-03	  4.03208e-01	  2.50404e-04
  4.03045e-01	  5.86186e-02	  1.05315e-02	  3.93079e-02	  2.08705e-03	  4.02793e-01	  2.51365e-04
  4.02633e-01	  5.88775e-02	  1.05994e-02	  3.94404e-02	  2.10408e-03	  4.02381e-01	  2.52164e-04
  4.02223e-01	  5.91357e-02	  1.06673e-02	  3.95720e-02	  2.12109e-03	  4.01970e-01	  2.52926e-04
  4.01815e-01	  5.93930e-02	  1.07351e-02	  3.97027e-02	  2.13807e-03	  4.01561e-01	  2.53699e-04
  4.01408e-01	  5.96496e-02	  1.08028e-02	  3.98325e-02	  2.15503e-03	  4.01154e-01	  2.54499e-04
  4.01004e-01	  5.99053e-02	  1.08705e-02	  3.99613e-02	  2.17197e-03	  4.00748e-01	  2.55336e-04
  4.00601e-01	  6.01604e-02	  1.09381e-02	  4.00892e-02	  2.18888e-03	  4.00345e-01	  2.56207e-04
  4.00200e-01	  6.04146e-02	  1.10056e-02	  4.02163e-02	  2.20577e-03	  3.99943e-01	  2.57100e-04
  3.99801e-01	  6.06681e-02	  1.10731e-02	  4.03425e-02	  2.22264e-03	  3.99543e-01	  2.57991e-04
  3.99404e-01	  6.09209e-02	  1.11405e-02	  4.04678e-02	  2.23948e-03	  3.99145e-01	  2.58848e-04
  3.99008e-01	  6.11729e-02	  1.12079e-02	  4.05922e-02	  2.25630e-03	  3.98748e-01	  2.59638e-04
  3.98614e-01	  6.14242e-02	  1.12752e-02	  4.07158e-02	  2.27310e-03	  3.98353e-01	  2.60396e-04
  3.98221e-01	  6.16748e-02	  1.13425e-02	  4.08385e-02	  2.28987e-03	  3.97960e-01	  2.61145e-04
  3.97830e-01	  6.19247e-02	  1.14097e-02	  4.09605e-02	  2.30663e-03	  3.97569e-01	  2.61902e-04
  3.97441e-01	  6.21738e-02	  1.14768e-02	  4.10816e-02	  2.32335e-03	  3.97179e-01	  2.62676e-04
  3.97054e-01	  6.24223e-02	  1.15439e-02	  4.12018e-02	  2.34006e-03	  3.96790e-01	  2.63473e-04
  3.96668e-01	  6.26701e-02	  1.16109e-02	  4.13213e-02	  2.35674e-03	  3.96403e-01	  2.64293e-04
  3.96283e-01	  6.29172e-02	  1.16779e-02	  4.14400e-02	  2.37339e-03	  3.96018e-01	  2.65129e-04
  3.95901e-01	  6.31636e-02	  1.17448e-02	  4.15579e-02	  2.39003e-03	  3.95635e-01	  2.65972e-04
  3.95520e-01	  6.34093e-02	  1.18116e-02	  4.16751e-02	  2.40664e-03	  3.95253e-01	  2.66806e-04
  3.95140e-01	  6.36544e-02	  1.18785e-02	  4.17914e-02	  2.42323e-03	  3.94872e-01	  2.67610e-04
  3.94762e-01	  6.38988e-02	  1.19452e-02	  4.19070e-02	  2.43979e-03	  3.94493e-01	  2.68357e-04
  3.94385e-01	  6.41426e-02	  1.20119e-02	  4.20219e-02	  2.45633e-03	  3.94116e-01	  2.69026e-04
  3.94009e-01	  6.43858e-02	  1.20785e-02	  4.21360e-02	  2.47285e-03	  3.93740e-01	  2.69648e-04
  3.93635e-01	  6.46283e-02	  1.21451e-02	  4.22494e-02	  2.48934e-03	  3.93365e-01	  2.70259e-04
  3.93263e-01	  6.48701e-02	  1.22117e-02	  4.23620e-02	  2.50581e-03	  3.92992e-01	  2.70889e-04
  3.92892e-01	  6.51114e-02	  1.22782e-02	  4.24740e-02	  2.52225e-03	  3.92620e-01	  2.71558e-04
  3.92523e-01	  6.53520e-02	  1.23446e-02	  4.25852e-02	  2.53868e-03	  3.92250e-01	  2.72278e-04
  3.92155e-01	  6.55920e-02	  1.24110e-02	  4.26957e-02	  2.55508e-03	  3.91882e-01	  2.73057e-04
  3.91788e-01	  6.58314e-02	  1.24773e-02	  4.28055e-02	  2.57145e-03	  3.91514e-01	  2.73889e-04
  3.91423e-01	  6.60702e-02	  1.25436e-02	  4.29147e-02	  2.58780e-03	  3.91149e-01	  2.74764e-04
  3.91060e-01	  6.63084e-02	  1.26099e-02	  4.30231e-02	  2.60413e-03	  3.90784e-01	  2.75664e-04
  3.90698e-01	  6.65460e-02	  1.26760e-02	  4.31309e-02	  2.62044e-03	  3.90421e-01	  2.76561e-04
  3.90337e-01	  6.67830e-02	  1.27422e-02	  4.32381e-02	  2.63672e-03	  3.90060e-01	  2.77421e-04
  3.89977e-01	  6.70195e-02	  1.28083e-02	  4.33445e-02	  2.65298e-03	  3.89699e-01	  2.78202e-04
  3.89619e-01	  6.72553e-02	  1.28743e-02	  4.34503e-02	  2.66921e-03	  3.89340e-01	  2.78852e-04
  3.89262e-01	  6.74906e-02	  1.29403e-02	  4.35555e-02	  2.68542e-03	  3.88982e-01	  2.79390e-04
  3.88906e-01	  6.77254e-02	  1.30063e-02	  4.36600e-02	  2.70161e-03	  3.88626e-01	  2.79900e-04
  3.88551e-01	  6.79595e-02	  1.30722e-02	  4.37639e-02	  2.71777e-03	  3.88270e-01	  2.80424e-04
  3.88197e-01	  6.81931e-02	  1.31380e-02	  4.38671e-02	  2.73391e-03	  3.87916e-01	  2.80996e-04
  3.87846e-01	  6.84262e-02	  1.32038e-02	  4.39698e-02	  2.75003e-03	  3.87564e-01	  2.81633e-04
  3.87495e-01	  6.86587e-02	  1.32696e-02	  4.40718e-02	  2.76613e-03	  3.87213e-01	  2.82340e-04
  3.87146e-01	  6.88907e-02	  1.33353e-02	  4.41732e-02	  2.78220e-03	  3.86863e-01	  2.83108e-04
  3.86798e-01	  6.91221e-02	  1.34010e-02	  4.42740e-02	  2.79824e-03	  3.86514e-01	  2.83915e-04
  3.86451e-01	  6.93530e-02	  1.34666e-02	  4.43742e-02	  2.81427e-03	  3.86167e-01	  2.84725e-04
  3.86106e-01	  6.95834e-02	  1.35322e-02	  4.44738e-02	  2.83027e-03	  3.85820e-01	  2.85490e-04
  3.85761e-01	  6.98132e-02	  1.35977e-02	  4.45729e-02	  2.84625e-03	  3.85475e-01	  2.86147e-04
  3.85418e-01	  7.00426e-02	  1.36632e-02	  4.46713e-02	  2.86220e-03	  3.85131e-01	  2.86700e-04
  3.85076e-01	  7.02714e-02	  1.37287e-02	  4.47692e-02	  2.87813e-03	  3.84788e-01	  2.87235e-04
  3.84735e-01	  7.04997e-02	  1.37941e-02	  4.48665e-02	  2.89404e-03	  3.84447e-01	  2.87776e-04
  3.84395e-01	  7.07274e-02	  1.38595e-02	  4.49633e-02	  2.90993e-03	  3.84106e-01	  2.88343e-04
  3.84056e-01	  7.09547e-02	  1.39248e-02	  4.50595e-02	  2.92579e-03	  3.83767e-01	  2.88945e-04
  3.83719e-01	  7.11815e-02	  1.39901e-02	  4.51551e-02	  2.94163e-03	  3.83429e-01	  2.89585e-04
  3.83383e-01	  7.14078e-02	  1.40553e-02	  4.52502e-02	  2.95744e-03	  3.83092e-01	  2.90259e-04
  3.83048e-01	  7.16336e-02	  1.41205e-02	  4.53447e-02	  2.97323e-03	  3.82757e-01	  2.90956e-04
  3.82714e-01	  7.18589e-02	  1.41856e-02	  4.54387e-02	  2.98900e-03	  3.82422e-01	  2.91656e-04
  3.82381e-01	  7.20837e-02	  1.42508e-02	  4.55322e-02	  3.00475e-03	  3.82089e-01	  2.92334e-04
  3.82049e-01	  7.23081e-02	  1.43158e-02	  4.56252e-02	  3.02047e-03	  3.81756e-01	  2.92957e-04
  3.81719e-01	  7.25319e-02	  1.43809e-02	  4.57176e-02	  3.03617e-03	  3.81425e-01	  2.93509e-04
  3.81389e-01	  7.27553e-02	  1.44459e-02	  4.58095e-02	  3.05185e-03	  3.81095e-01	  2.94034e-04
  3.81060e-01	  7.29783e-02	  1.45108e-02	  4.59009e-02	  3.06751e-03	  3.80766e-01	  2.94554e-04
  3.80733e-01	  7.32007e-02	  1.45757e-02	  4.59918e-02	  3.08314e-03	  3.80438e-01	  2.95084e-04
  3.80406e-01	  7.34227e-02	  1.46406e-02	  4.60822e-02	  3.09875e-03	  3.80111e-01	  2.95635e-04
  3.80081e-01	  7.36442e-02	  1.47054e-02	  4.61720e-02	  3.11433e-03	  3.79785e-01	  2.96214e-04
  3.79757e-01	  7.38653e-02	  1.47702e-02	  4.62614e-02	  3.12990e-03	  3.79460e-01	  2.96823e-04
  3.79434e-01	  7.40860e-02	  1.48350e-02	  4.63503e-02	  3.14544e-03	  3.79136e-01	  2.97459e-04
  3.79112e-01	  7.43061e-02	  1.48997e-02	  4.64387e-02	  3.16096e-03	  3.78814e-01	  2.98114e-04
  3.78791e-01	  7.45259e-02	  1.49643e-02	  4.65267e-02	  3.17645e-03	  3.78492e-01	  2.98776e-04
  3.78471e-01	  7.47451e-02	  1.50290e-02	  4.66141e-02	  3.19192e-03	  3.78171e-01	  2.99429e-04
  3.78152e-01	  7.49640e-02	  1.50936e-02	  4.67011e-02	  3.20737e-03	  3.77852e-01	  3.00050e-04
  3.77834e-01	  7.51824e-02	  1.51581e-02	  4.67876e-02	  3.22280e-03	  3.77533e-01	  3.00613e-04
  3.77517e-01	  7.54004e-02	  1.52227e-02	  4.68736e-02	  3.23821e-03	  3.77215e-01	  3.01118e-04
  3.77200e-01	  7.56179e-02	  1.52872e-02	  4.69592e-02	  3.25359e-03	  3.76899e-01	  3.01601e-04
  3.76885e-01	  7.58350e-02	  1.53516e-02	  4.70443e-02	  3.26895e-03	  3.76583e-01	  3.02081e-04
  3.76571e-01	  7.60517e-02	  1.54160e-02	  4.71290e-02	  3.28429e-03	  3.76268e-01	  3.02572e-04
  3.76258e-01	  7.62680e-02	  1.54804e-02	  4.72132e-02	  3.29960e-03	  3.75954e-01	  3.03084e-04
  3.75945e-01	  7.64838e-02	  1.55447e-02	  4.72969e-02	  3.31490e-03	  3.75642e-01	  3.03623e-04
  3.75634e-01	  7.66993e-02	  1.56090e-02	  4.73803e-02	  3.33017e-03	  3.75330e-01	  3.04190e-04
  3.75324e-01	  7.69143e-02	  1.56733e-02	  4.74631e-02	  3.34541e-03	  3.75019e-01	  3.04782e-04
  3.75015e-01	  7.71289e-02	  1.57375e-02	  4.75456e-02	  3.36064e-03	  3.74709e-01	  3.05391e-04
  3.74706e-01	  7.73431e-02	  1.58017e-02	  4.76276e-02	  3.37584e-03	  3.74400e-01	  3.06007e-04
  3.74399e-01	  7.75569e-02	  1.58659e-02	  4.77092e-02	  3.39103e-03	  3.74092e-01	  3.06613e-04
  3.74092e-01	  7.77703e-02	  1.59300e-02	  4.77903e-02	  3.40619e-03	  3.73785e-01	  3.07188e-04
  3.73787e-01	  7.79833e-02	  1.59941e-02	  4.78711e-02	  3.42132e-03	  3.73479e-01	  3.07710e-04
