di 	gli 	gal 	gos3 	gos4 	lac 	 glb 
0.432592 	0.037520 	0.004471 	0.026072 	0.000806 	0.432430 	 0.000167 
0.444149 	0.038087 	0.003891 	0.026397 	0.000874 	0.443983 	 0.000182 
0.428973 	0.036108 	0.004196 	0.025282 	0.000734 	0.428820 	 0.000158 
0.447987 	0.038711 	0.003613 	0.026959 	0.000892 	0.447821 	 0.000183 
0.446983 	0.040490 	0.004490 	0.027857 	0.000966 	0.446795 	 0.000200 
0.440025 	0.039252 	0.004363 	0.027056 	0.000911 	0.439846 	 0.000191 
0.450229 	0.038331 	0.003669 	0.026698 	0.000857 	0.450072 	 0.000174 
0.445866 	0.040458 	0.004553 	0.027815 	0.000972 	0.445670 	 0.000209 
0.447888 	0.038310 	0.003779 	0.026601 	0.000865 	0.447733 	 0.000172 
0.441849 	0.039252 	0.004593 	0.027237 	0.000893 	0.441673 	 0.000183 
0.439988 	0.042309 	0.005241 	0.028670 	0.001065 	0.439800 	 0.000200 
0.449612 	0.040230 	0.004212 	0.027822 	0.000927 	0.449439 	 0.000185 
0.456464 	0.040245 	0.004189 	0.027808 	0.000967 	0.456275 	 0.000206 
0.464964 	0.043500 	0.004987 	0.030049 	0.001086 	0.464731 	 0.000244 
0.443720 	0.042905 	0.005390 	0.029011 	0.001100 	0.443511 	 0.000222 
0.471599 	0.042950 	0.004586 	0.029960 	0.001041 	0.471367 	 0.000244 
0.416431 	0.038797 	0.005490 	0.026267 	0.000925 	0.416259 	 0.000178 
0.402627 	0.038927 	0.006106 	0.025917 	0.000970 	0.402448 	 0.000185 
0.403070 	0.038069 	0.005488 	0.025303 	0.000942 	0.402919 	 0.000163 
0.398057 	0.040796 	0.006543 	0.026696 	0.001091 	0.397877 	 0.000189 
0.405594 	0.040449 	0.006017 	0.026668 	0.001079 	0.405415 	 0.000191 
0.403395 	0.040926 	0.006485 	0.026813 	0.001117 	0.403210 	 0.000196 
0.394828 	0.039692 	0.006586 	0.026123 	0.001029 	0.394648 	 0.000185 
0.395448 	0.040459 	0.006462 	0.026406 	0.001108 	0.395258 	 0.000201 
0.411943 	0.043022 	0.006581 	0.028241 	0.001205 	0.411736 	 0.000220 
0.405061 	0.041062 	0.006232 	0.026978 	0.001109 	0.404871 	 0.000202 
0.409978 	0.042060 	0.006513 	0.027657 	0.001144 	0.409780 	 0.000208 
0.401093 	0.042651 	0.007039 	0.027753 	0.001201 	0.400893 	 0.000209 
0.399911 	0.041517 	0.006586 	0.027103 	0.001145 	0.399720 	 0.000202 
0.405770 	0.041127 	0.006301 	0.027085 	0.001090 	0.405589 	 0.000190 
0.420449 	0.042975 	0.006384 	0.028425 	0.001172 	0.420240 	 0.000220 
0.394326 	0.043496 	0.007462 	0.027997 	0.001266 	0.394124 	 0.000212 
0.413193 	0.042774 	0.006408 	0.028175 	0.001186 	0.412990 	 0.000216 
0.420826 	0.042846 	0.006410 	0.028342 	0.001188 	0.420605 	 0.000233 
0.407026 	0.046381 	0.007930 	0.029864 	0.001415 	0.406787 	 0.000251 
0.413814 	0.042539 	0.006636 	0.027931 	0.001180 	0.413611 	 0.000214 
0.404972 	0.042957 	0.007128 	0.028077 	0.001193 	0.404767 	 0.000213 
0.405855 	0.044590 	0.007351 	0.028898 	0.001307 	0.405639 	 0.000228 
0.415079 	0.045854 	0.007460 	0.029797 	0.001367 	0.414837 	 0.000255 
0.406743 	0.045430 	0.007682 	0.029318 	0.001362 	0.406505 	 0.000250 
0.404770 	0.045794 	0.007870 	0.029474 	0.001389 	0.404533 	 0.000249 
0.414762 	0.045771 	0.007613 	0.029777 	0.001342 	0.414518 	 0.000254 
0.420929 	0.045061 	0.007252 	0.029398 	0.001305 	0.420692 	 0.000249 
0.410114 	0.044853 	0.007561 	0.029165 	0.001312 	0.409875 	 0.000249 
0.414350 	0.046392 	0.007885 	0.030041 	0.001385 	0.414090 	 0.000271 
0.435754 	0.046899 	0.006951 	0.030867 	0.001344 	0.435515 	 0.000252 
0.437156 	0.047807 	0.007403 	0.031412 	0.001407 	0.436877 	 0.000293 
0.437648 	0.047336 	0.007081 	0.031120 	0.001377 	0.437393 	 0.000270 
0.445850 	0.046098 	0.006571 	0.030635 	0.001313 	0.445603 	 0.000262 
0.442639 	0.048402 	0.007116 	0.031895 	0.001439 	0.442378 	 0.000277 
0.446006 	0.047283 	0.006658 	0.031384 	0.001378 	0.445739 	 0.000284 
0.450329 	0.049060 	0.007423 	0.032281 	0.001463 	0.450052 	 0.000291 
0.451419 	0.047859 	0.006813 	0.031872 	0.001371 	0.451146 	 0.000287 
0.446257 	0.049419 	0.007448 	0.032532 	0.001470 	0.445971 	 0.000300 
0.438003 	0.050512 	0.008064 	0.032816 	0.001558 	0.437713 	 0.000305 
0.446284 	0.050123 	0.007689 	0.032797 	0.001525 	0.445989 	 0.000311 
0.446073 	0.050609 	0.007784 	0.033086 	0.001547 	0.445783 	 0.000305 
0.452527 	0.050042 	0.007623 	0.032916 	0.001522 	0.452239 	 0.000302 
0.446212 	0.050710 	0.007886 	0.033119 	0.001569 	0.445907 	 0.000321 
0.441702 	0.051634 	0.008339 	0.033510 	0.001626 	0.441394 	 0.000323 
0.429284 	0.050916 	0.008603 	0.032817 	0.001617 	0.428992 	 0.000306 
0.447198 	0.051102 	0.008247 	0.033275 	0.001587 	0.446898 	 0.000313 
0.446557 	0.048333 	0.007284 	0.031820 	0.001425 	0.446290 	 0.000281 
0.443103 	0.051044 	0.008032 	0.033260 	0.001589 	0.442809 	 0.000310 
0.446248 	0.050463 	0.007810 	0.032998 	0.001564 	0.445945 	 0.000320 
0.454917 	0.050291 	0.007626 	0.033049 	0.001507 	0.454635 	 0.000297 
0.441755 	0.051995 	0.008433 	0.033727 	0.001648 	0.441453 	 0.000318 
0.435443 	0.051786 	0.008594 	0.033338 	0.001631 	0.435148 	 0.000310 
0.443144 	0.053472 	0.008963 	0.034489 	0.001741 	0.442815 	 0.000345 
0.427930 	0.050640 	0.008500 	0.032626 	0.001600 	0.427636 	 0.000309 
0.443002 	0.052561 	0.008549 	0.033996 	0.001673 	0.442687 	 0.000332 
0.437194 	0.052002 	0.008609 	0.033530 	0.001633 	0.436881 	 0.000329 
0.439453 	0.052823 	0.008749 	0.034029 	0.001689 	0.439134 	 0.000335 
0.445279 	0.052291 	0.008424 	0.033884 	0.001648 	0.444959 	 0.000336 
0.446130 	0.051429 	0.008430 	0.033405 	0.001611 	0.445823 	 0.000320 
0.441057 	0.052469 	0.008597 	0.033879 	0.001665 	0.440742 	 0.000331 
0.442514 	0.053549 	0.008935 	0.034486 	0.001734 	0.442181 	 0.000350 
0.436680 	0.053152 	0.008952 	0.034103 	0.001702 	0.436356 	 0.000340 
0.438113 	0.054120 	0.009372 	0.034702 	0.001782 	0.437776 	 0.000353 
0.452679 	0.052901 	0.008602 	0.034390 	0.001674 	0.452365 	 0.000328 
0.459292 	0.054396 	0.008513 	0.035345 	0.001741 	0.458962 	 0.000349 
0.439625 	0.052978 	0.008798 	0.034106 	0.001698 	0.439315 	 0.000326 
0.440853 	0.053334 	0.009012 	0.034257 	0.001735 	0.440502 	 0.000370 
0.444766 	0.052465 	0.008712 	0.033958 	0.001660 	0.444465 	 0.000313 
0.426973 	0.053591 	0.009447 	0.034043 	0.001748 	0.426650 	 0.000338 
0.445813 	0.054594 	0.009189 	0.035162 	0.001783 	0.445482 	 0.000348 
0.445228 	0.052978 	0.008958 	0.034237 	0.001709 	0.444907 	 0.000333 
0.455026 	0.054611 	0.009085 	0.035342 	0.001762 	0.454697 	 0.000342 
0.439117 	0.054214 	0.009228 	0.034705 	0.001765 	0.438789 	 0.000345 
0.456857 	0.053267 	0.008597 	0.034651 	0.001686 	0.456535 	 0.000335 
0.450362 	0.056018 	0.009365 	0.035963 	0.001846 	0.450011 	 0.000369 
0.446188 	0.054971 	0.009601 	0.035286 	0.001812 	0.445846 	 0.000355 
0.450661 	0.054692 	0.008902 	0.035287 	0.001766 	0.450314 	 0.000365 
0.446567 	0.054459 	0.009411 	0.035031 	0.001780 	0.446229 	 0.000350 
0.454584 	0.056333 	0.009409 	0.036316 	0.001861 	0.454227 	 0.000374 
0.441276 	0.055402 	0.009565 	0.035369 	0.001838 	0.440931 	 0.000362 
0.451499 	0.053921 	0.009015 	0.034877 	0.001743 	0.451167 	 0.000345 
0.444295 	0.055025 	0.009239 	0.035277 	0.001804 	0.443946 	 0.000367 
0.460956 	0.055292 	0.009153 	0.035836 	0.001797 	0.460604 	 0.000365 
0.448813 	0.055697 	0.009628 	0.035778 	0.001829 	0.448485 	 0.000340 
0.439088 	0.056716 	0.010043 	0.036013 	0.001913 	0.438735 	 0.000370 
0.447447 	0.057848 	0.010157 	0.036777 	0.001964 	0.447073 	 0.000393 
0.450588 	0.056242 	0.009778 	0.036087 	0.001858 	0.450247 	 0.000353 
0.448910 	0.057219 	0.009665 	0.036526 	0.001925 	0.448551 	 0.000378 
0.447948 	0.056715 	0.009673 	0.036255 	0.001889 	0.447600 	 0.000365 
0.439672 	0.056642 	0.009887 	0.035958 	0.001913 	0.439315 	 0.000376 
0.459683 	0.057712 	0.010007 	0.037082 	0.001939 	0.459308 	 0.000388 
0.444182 	0.057349 	0.010238 	0.036550 	0.001948 	0.443809 	 0.000389 
0.452667 	0.057164 	0.009621 	0.036647 	0.001913 	0.452304 	 0.000381 
0.457004 	0.056828 	0.009751 	0.036542 	0.001877 	0.456650 	 0.000367 
0.450862 	0.057577 	0.010234 	0.036813 	0.001946 	0.450503 	 0.000371 
0.444252 	0.058908 	0.010348 	0.037225 	0.002008 	0.443874 	 0.000398 
0.449021 	0.058418 	0.010195 	0.037132 	0.001988 	0.448653 	 0.000386 
0.440893 	0.058077 	0.010654 	0.036818 	0.002002 	0.440515 	 0.000394 
0.454829 	0.057864 	0.009732 	0.036959 	0.001956 	0.454447 	 0.000403 
0.464239 	0.058494 	0.009580 	0.037638 	0.001960 	0.463861 	 0.000398 
0.446521 	0.058374 	0.010132 	0.037019 	0.001987 	0.446143 	 0.000398 
0.454060 	0.059249 	0.010288 	0.037733 	0.002028 	0.453674 	 0.000406 
0.441978 	0.057765 	0.010311 	0.036625 	0.001976 	0.441597 	 0.000399 
0.451241 	0.059768 	0.010813 	0.037986 	0.002077 	0.450837 	 0.000422 
0.445184 	0.056962 	0.009786 	0.036270 	0.001924 	0.444818 	 0.000386 
0.437949 	0.057684 	0.010381 	0.036497 	0.001973 	0.437588 	 0.000378 
0.451249 	0.059038 	0.010460 	0.037653 	0.002020 	0.450868 	 0.000398 
0.439879 	0.057165 	0.010026 	0.036203 	0.001931 	0.439520 	 0.000379 
0.435860 	0.057119 	0.010263 	0.036179 	0.001948 	0.435504 	 0.000373 
0.439536 	0.058778 	0.010835 	0.037210 	0.002027 	0.439166 	 0.000385 
0.450220 	0.060008 	0.010753 	0.038171 	0.002069 	0.449843 	 0.000394 
0.431406 	0.057718 	0.010532 	0.036267 	0.001992 	0.431036 	 0.000389 
0.455928 	0.059716 	0.010429 	0.037975 	0.002057 	0.455533 	 0.000416 
0.449771 	0.060232 	0.010939 	0.038241 	0.002098 	0.449377 	 0.000410 
0.448301 	0.058536 	0.010240 	0.037207 	0.001993 	0.447934 	 0.000386 
0.448383 	0.058610 	0.010285 	0.037249 	0.002006 	0.448012 	 0.000390 
0.450954 	0.060068 	0.010863 	0.038171 	0.002088 	0.450560 	 0.000411 
0.452766 	0.058854 	0.010216 	0.037490 	0.002011 	0.452386 	 0.000400 
0.441484 	0.057005 	0.009909 	0.036198 	0.001926 	0.441120 	 0.000382 
0.447301 	0.058933 	0.010565 	0.037505 	0.002017 	0.446929 	 0.000388 
0.454947 	0.059973 	0.010492 	0.038111 	0.002071 	0.454557 	 0.000410 
0.459567 	0.058816 	0.010365 	0.037624 	0.001976 	0.459193 	 0.000388 
0.440161 	0.059524 	0.010733 	0.037412 	0.002070 	0.439771 	 0.000412 
0.451527 	0.059950 	0.010799 	0.038116 	0.002081 	0.451131 	 0.000413 
0.453585 	0.059326 	0.010762 	0.037776 	0.002046 	0.453200 	 0.000397 
0.438756 	0.059890 	0.011005 	0.037622 	0.002077 	0.438390 	 0.000383 
0.446516 	0.059246 	0.010581 	0.037505 	0.002045 	0.446137 	 0.000398 
0.446768 	0.060340 	0.010982 	0.038065 	0.002117 	0.446362 	 0.000425 
0.452606 	0.059218 	0.010324 	0.037694 	0.002036 	0.452214 	 0.000412 
0.459452 	0.061612 	0.010995 	0.039214 	0.002145 	0.459048 	 0.000422 
0.451089 	0.058283 	0.010552 	0.037145 	0.001991 	0.450710 	 0.000391 
0.454128 	0.059175 	0.010708 	0.037684 	0.002023 	0.453750 	 0.000390 
0.461457 	0.058623 	0.010226 	0.037606 	0.001986 	0.461082 	 0.000388 
0.457494 	0.059779 	0.010871 	0.038064 	0.002068 	0.457086 	 0.000419 
0.424512 	0.058745 	0.011527 	0.036754 	0.002072 	0.424133 	 0.000394 
0.410928 	0.057482 	0.011237 	0.035525 	0.002011 	0.410574 	 0.000371 
0.439966 	0.058146 	0.010916 	0.036796 	0.001998 	0.439598 	 0.000378 
0.413557 	0.057932 	0.011378 	0.035793 	0.002057 	0.413179 	 0.000397 
0.440002 	0.060487 	0.011478 	0.038065 	0.002128 	0.439600 	 0.000418 
0.417026 	0.059759 	0.012151 	0.037077 	0.002135 	0.416642 	 0.000397 
0.424461 	0.058481 	0.011070 	0.036418 	0.002049 	0.424081 	 0.000400 
0.420881 	0.059595 	0.011759 	0.036984 	0.002130 	0.420492 	 0.000405 
0.427220 	0.059854 	0.012053 	0.037309 	0.002121 	0.426829 	 0.000399 
0.420634 	0.059972 	0.011892 	0.037158 	0.002151 	0.420248 	 0.000403 
0.409889 	0.058188 	0.011504 	0.035876 	0.002072 	0.409522 	 0.000385 
0.424210 	0.058824 	0.011225 	0.036531 	0.002078 	0.423825 	 0.000405 
0.429611 	0.059228 	0.011771 	0.037053 	0.002093 	0.429222 	 0.000397 
0.416900 	0.059575 	0.011662 	0.036726 	0.002122 	0.416520 	 0.000399 
0.431841 	0.058108 	0.011346 	0.036502 	0.002022 	0.431460 	 0.000390 
0.418141 	0.058305 	0.011252 	0.036143 	0.002055 	0.417767 	 0.000393 
0.418124 	0.059586 	0.011649 	0.036798 	0.002133 	0.417733 	 0.000411 
0.425746 	0.059612 	0.011604 	0.037091 	0.002118 	0.425358 	 0.000406 
0.424272 	0.059305 	0.011916 	0.036974 	0.002087 	0.423898 	 0.000383 
0.432483 	0.058841 	0.011526 	0.036921 	0.002061 	0.432098 	 0.000394 
0.428407 	0.058728 	0.011018 	0.036655 	0.002061 	0.428018 	 0.000410 
0.417562 	0.059656 	0.011945 	0.036906 	0.002144 	0.417169 	 0.000410 
0.441102 	0.060893 	0.011478 	0.038382 	0.002147 	0.440711 	 0.000407 
0.430974 	0.061560 	0.012164 	0.038441 	0.002211 	0.430567 	 0.000421 
0.428515 	0.057866 	0.011243 	0.036352 	0.002004 	0.428159 	 0.000365 
0.434197 	0.059304 	0.011595 	0.037223 	0.002085 	0.433812 	 0.000395 
0.427011 	0.059576 	0.011931 	0.037195 	0.002111 	0.426631 	 0.000390 
0.433266 	0.060914 	0.011819 	0.038185 	0.002167 	0.432873 	 0.000408 
0.431605 	0.061050 	0.011969 	0.038167 	0.002176 	0.431206 	 0.000414 
0.419515 	0.060292 	0.012280 	0.037399 	0.002170 	0.419119 	 0.000410 
0.418585 	0.060639 	0.012197 	0.037440 	0.002191 	0.418187 	 0.000416 
0.436863 	0.059416 	0.011592 	0.037330 	0.002092 	0.436466 	 0.000407 
0.436322 	0.061587 	0.012001 	0.038553 	0.002200 	0.435910 	 0.000427 
0.431643 	0.059911 	0.011929 	0.037470 	0.002127 	0.431247 	 0.000404 
0.415466 	0.059605 	0.012001 	0.036820 	0.002143 	0.415075 	 0.000407 
0.413341 	0.059777 	0.011836 	0.036769 	0.002140 	0.412957 	 0.000403 
0.429242 	0.059817 	0.011932 	0.037376 	0.002119 	0.428855 	 0.000397 
0.415136 	0.058947 	0.011520 	0.036395 	0.002088 	0.414763 	 0.000392 
0.418533 	0.059382 	0.011549 	0.036710 	0.002119 	0.418148 	 0.000405 
0.433906 	0.060074 	0.011879 	0.037587 	0.002127 	0.433508 	 0.000407 
0.415715 	0.060242 	0.011960 	0.037024 	0.002177 	0.415319 	 0.000416 
0.439942 	0.058698 	0.011205 	0.037022 	0.002034 	0.439555 	 0.000397 
0.428423 	0.060639 	0.011760 	0.037715 	0.002162 	0.428027 	 0.000413 
0.409461 	0.059659 	0.011981 	0.036579 	0.002152 	0.409076 	 0.000404 
0.419113 	0.061071 	0.012330 	0.037665 	0.002212 	0.418713 	 0.000417 
0.428976 	0.060694 	0.012226 	0.037833 	0.002158 	0.428586 	 0.000398 
0.433412 	0.059579 	0.011732 	0.037332 	0.002097 	0.433019 	 0.000402 
0.415734 	0.060490 	0.012069 	0.037137 	0.002195 	0.415329 	 0.000426 
0.436432 	0.060416 	0.011999 	0.037805 	0.002144 	0.436017 	 0.000424 
0.428216 	0.062555 	0.012671 	0.038840 	0.002276 	0.427798 	 0.000432 
0.418221 	0.062554 	0.013024 	0.038617 	0.002294 	0.417815 	 0.000420 
0.418781 	0.058556 	0.011881 	0.036421 	0.002056 	0.418414 	 0.000375 
0.427960 	0.059586 	0.011955 	0.037205 	0.002117 	0.427565 	 0.000404 
0.416399 	0.059693 	0.011774 	0.036762 	0.002149 	0.416008 	 0.000410 
0.425959 	0.059826 	0.012156 	0.037241 	0.002133 	0.425560 	 0.000407 
0.425610 	0.060717 	0.011960 	0.037650 	0.002183 	0.425206 	 0.000422 
0.419208 	0.060604 	0.012575 	0.037532 	0.002181 	0.418816 	 0.000400 
0.413133 	0.060531 	0.012189 	0.037085 	0.002209 	0.412727 	 0.000427 
0.417295 	0.060366 	0.011849 	0.037189 	0.002173 	0.416909 	 0.000406 
0.423861 	0.060532 	0.011975 	0.037493 	0.002179 	0.423466 	 0.000413 
0.419304 	0.060656 	0.011907 	0.037346 	0.002195 	0.418910 	 0.000415 
0.368601 	0.034588 	0.005397 	0.022712 	0.000802 	0.368535 	 0.000076 
0.374990 	0.035990 	0.005638 	0.023607 	0.000903 	0.374877 	 0.000121 
0.388661 	0.036447 	0.005389 	0.024312 	0.000868 	0.388549 	 0.000118 
0.369683 	0.035170 	0.005727 	0.023148 	0.000835 	0.369590 	 0.000097 
0.387866 	0.036623 	0.005780 	0.024488 	0.000872 	0.387746 	 0.000122 
0.385946 	0.036330 	0.005386 	0.024101 	0.000895 	0.385841 	 0.000115 
0.381397 	0.037388 	0.005986 	0.024635 	0.000944 	0.381272 	 0.000131 
0.374520 	0.037980 	0.006237 	0.024701 	0.001005 	0.374398 	 0.000131 
0.391058 	0.037730 	0.005666 	0.024966 	0.000958 	0.390939 	 0.000130 
0.381073 	0.038194 	0.006162 	0.024933 	0.000984 	0.380961 	 0.000122 
0.393948 	0.038142 	0.005548 	0.025307 	0.000984 	0.393810 	 0.000148 
0.405444 	0.038826 	0.005783 	0.026127 	0.000968 	0.405289 	 0.000159 
0.400529 	0.037875 	0.005330 	0.025263 	0.000939 	0.400408 	 0.000132 
0.392704 	0.040157 	0.006398 	0.026280 	0.001081 	0.392563 	 0.000151 
0.398120 	0.039745 	0.006063 	0.026209 	0.001052 	0.397984 	 0.000147 
0.383943 	0.039663 	0.006500 	0.025808 	0.001090 	0.383790 	 0.000163 
0.403268 	0.040811 	0.006194 	0.026950 	0.001076 	0.403112 	 0.000165 
0.396599 	0.040219 	0.006270 	0.026494 	0.001073 	0.396445 	 0.000161 
0.404688 	0.042065 	0.006580 	0.027648 	0.001162 	0.404511 	 0.000185 
0.402282 	0.042780 	0.006753 	0.027971 	0.001223 	0.402098 	 0.000196 
0.408181 	0.040391 	0.006140 	0.026988 	0.001054 	0.408012 	 0.000174 
0.404213 	0.041675 	0.006395 	0.027445 	0.001124 	0.404054 	 0.000167 
0.397266 	0.042722 	0.006949 	0.027783 	0.001223 	0.397088 	 0.000189 
0.409928 	0.041626 	0.006193 	0.027529 	0.001132 	0.409775 	 0.000166 
0.404411 	0.043162 	0.006744 	0.028265 	0.001234 	0.404234 	 0.000189 
0.413541 	0.043048 	0.006738 	0.028467 	0.001197 	0.413342 	 0.000206 
0.400929 	0.042200 	0.006543 	0.027673 	0.001185 	0.400766 	 0.000175 
0.399011 	0.042390 	0.006697 	0.027741 	0.001210 	0.398841 	 0.000181 
0.417338 	0.044594 	0.006791 	0.029333 	0.001304 	0.417130 	 0.000221 
0.410223 	0.043417 	0.006652 	0.028539 	0.001249 	0.410025 	 0.000211 
0.412665 	0.044830 	0.007079 	0.029347 	0.001297 	0.412468 	 0.000208 
0.410359 	0.044252 	0.007177 	0.029023 	0.001273 	0.410152 	 0.000215 
0.411563 	0.044178 	0.007080 	0.029033 	0.001258 	0.411360 	 0.000211 
0.424587 	0.045850 	0.007201 	0.030184 	0.001344 	0.424350 	 0.000247 
0.407212 	0.045933 	0.007625 	0.029783 	0.001396 	0.406993 	 0.000231 
0.411470 	0.044859 	0.007339 	0.029348 	0.001307 	0.411254 	 0.000224 
0.413582 	0.046055 	0.007579 	0.030014 	0.001370 	0.413361 	 0.000229 
0.417924 	0.046426 	0.007368 	0.030326 	0.001411 	0.417705 	 0.000232 
0.420569 	0.047650 	0.007610 	0.031056 	0.001452 	0.420341 	 0.000242 
0.434702 	0.045626 	0.006680 	0.030416 	0.001307 	0.434469 	 0.000243 
0.420870 	0.046876 	0.007366 	0.030660 	0.001418 	0.420645 	 0.000238 
0.418594 	0.047659 	0.007689 	0.031028 	0.001461 	0.418367 	 0.000240 
0.420513 	0.048471 	0.007945 	0.031478 	0.001517 	0.420273 	 0.000253 
0.433008 	0.047297 	0.007149 	0.031129 	0.001407 	0.432766 	 0.000255 
0.425450 	0.047208 	0.007496 	0.030943 	0.001420 	0.425206 	 0.000255 
0.367182 	0.045183 	0.009088 	0.028274 	0.001429 	0.366971 	 0.000218 
0.381602 	0.045878 	0.008741 	0.029011 	0.001434 	0.381387 	 0.000223 
0.377625 	0.047213 	0.009301 	0.029656 	0.001534 	0.377398 	 0.000236 
0.377606 	0.047267 	0.009253 	0.029715 	0.001527 	0.377384 	 0.000231 
0.378171 	0.047451 	0.009312 	0.029790 	0.001532 	0.377951 	 0.000229 
0.384859 	0.045875 	0.008568 	0.029092 	0.001423 	0.384652 	 0.000216 
0.384952 	0.048437 	0.009395 	0.030499 	0.001579 	0.384708 	 0.000253 
0.385529 	0.046814 	0.008974 	0.029590 	0.001471 	0.385320 	 0.000217 
0.380665 	0.046947 	0.009160 	0.029499 	0.001498 	0.380437 	 0.000236 
0.383081 	0.047339 	0.009080 	0.029888 	0.001520 	0.382858 	 0.000233 
0.384367 	0.048464 	0.009526 	0.030366 	0.001589 	0.384111 	 0.000266 
0.382319 	0.048999 	0.009673 	0.030727 	0.001616 	0.382078 	 0.000250 
0.379260 	0.047545 	0.009427 	0.029710 	0.001525 	0.379024 	 0.000244 
0.394313 	0.047349 	0.008797 	0.030101 	0.001480 	0.394096 	 0.000226 
0.373327 	0.047120 	0.009471 	0.029384 	0.001517 	0.373105 	 0.000230 
0.387850 	0.049104 	0.009475 	0.030941 	0.001606 	0.387610 	 0.000250 
0.381677 	0.048052 	0.009369 	0.030119 	0.001540 	0.381450 	 0.000235 
0.374811 	0.047852 	0.009606 	0.029796 	0.001550 	0.374580 	 0.000238 
0.384979 	0.050551 	0.010099 	0.031599 	0.001693 	0.384721 	 0.000268 
0.391650 	0.049301 	0.009558 	0.031057 	0.001600 	0.391421 	 0.000238 
0.376147 	0.048555 	0.009819 	0.030157 	0.001600 	0.375904 	 0.000252 
0.386233 	0.048910 	0.009695 	0.030693 	0.001600 	0.385993 	 0.000248 
0.372500 	0.049841 	0.010334 	0.030915 	0.001674 	0.372260 	 0.000248 
0.376556 	0.049215 	0.009978 	0.030678 	0.001630 	0.376319 	 0.000246 
0.390363 	0.048822 	0.009341 	0.030733 	0.001588 	0.390116 	 0.000257 
0.385799 	0.049963 	0.009969 	0.031280 	0.001649 	0.385560 	 0.000246 
0.401061 	0.050477 	0.009713 	0.031893 	0.001668 	0.400788 	 0.000282 
0.388099 	0.050878 	0.010037 	0.031886 	0.001702 	0.387845 	 0.000264 
0.396189 	0.051136 	0.010021 	0.032143 	0.001701 	0.395932 	 0.000266 
0.388930 	0.051148 	0.010039 	0.031881 	0.001715 	0.388667 	 0.000274 
0.388463 	0.049757 	0.009657 	0.031171 	0.001637 	0.388208 	 0.000265 
0.387371 	0.050718 	0.010020 	0.031637 	0.001683 	0.387118 	 0.000264 
0.391682 	0.052261 	0.010420 	0.032684 	0.001781 	0.391406 	 0.000287 
0.382165 	0.050818 	0.010309 	0.031568 	0.001722 	0.381898 	 0.000277 
0.400692 	0.051123 	0.009880 	0.032257 	0.001703 	0.400424 	 0.000277 
0.387151 	0.050434 	0.009876 	0.031465 	0.001681 	0.386902 	 0.000259 
0.392648 	0.052103 	0.010369 	0.032600 	0.001773 	0.392367 	 0.000292 
0.389222 	0.050930 	0.010326 	0.031820 	0.001716 	0.388952 	 0.000277 
0.391636 	0.050876 	0.009911 	0.031804 	0.001698 	0.391365 	 0.000282 
0.392480 	0.050965 	0.010122 	0.031975 	0.001706 	0.392222 	 0.000266 
0.396554 	0.051467 	0.010155 	0.032331 	0.001734 	0.396283 	 0.000279 
0.400277 	0.052546 	0.010350 	0.032989 	0.001771 	0.400005 	 0.000281 
0.404186 	0.051867 	0.010015 	0.032747 	0.001741 	0.403908 	 0.000287 
0.392467 	0.051912 	0.010149 	0.032339 	0.001748 	0.392192 	 0.000287 
0.392091 	0.051968 	0.010224 	0.032372 	0.001767 	0.391806 	 0.000297 
0.403263 	0.052533 	0.009968 	0.033031 	0.001760 	0.402984 	 0.000291 
0.400792 	0.055265 	0.011082 	0.034490 	0.001931 	0.400482 	 0.000321 
0.397009 	0.051894 	0.010265 	0.032551 	0.001736 	0.396742 	 0.000275 
0.406059 	0.052568 	0.009887 	0.033134 	0.001763 	0.405780 	 0.000291 
0.410410 	0.054103 	0.010538 	0.034092 	0.001853 	0.410102 	 0.000317 
0.401493 	0.054607 	0.010806 	0.034185 	0.001893 	0.401193 	 0.000312 
0.401035 	0.054057 	0.010558 	0.033774 	0.001861 	0.400734 	 0.000314 
0.411006 	0.053196 	0.010097 	0.033644 	0.001780 	0.410735 	 0.000281 
0.412746 	0.053071 	0.010050 	0.033609 	0.001786 	0.412456 	 0.000300 
0.405955 	0.055083 	0.010734 	0.034437 	0.001916 	0.405641 	 0.000328 
0.415637 	0.055163 	0.010329 	0.034903 	0.001880 	0.415337 	 0.000312 
0.412730 	0.055050 	0.010386 	0.034602 	0.001885 	0.412426 	 0.000318 
0.408123 	0.055704 	0.010795 	0.034995 	0.001923 	0.407827 	 0.000309 
0.414653 	0.054296 	0.010101 	0.034271 	0.001842 	0.414352 	 0.000315 
0.415589 	0.054432 	0.010441 	0.034367 	0.001860 	0.415281 	 0.000317 
0.403296 	0.054466 	0.010494 	0.033972 	0.001880 	0.402990 	 0.000320 
0.396586 	0.054410 	0.010782 	0.033853 	0.001882 	0.396296 	 0.000303 
0.406043 	0.054608 	0.010385 	0.034137 	0.001875 	0.405741 	 0.000316 
0.405778 	0.054558 	0.010556 	0.034168 	0.001883 	0.405473 	 0.000318 
0.413640 	0.055104 	0.010457 	0.034790 	0.001894 	0.413331 	 0.000321 
0.411520 	0.054075 	0.010049 	0.034055 	0.001850 	0.411212 	 0.000321 
0.418880 	0.054926 	0.010188 	0.034709 	0.001880 	0.418562 	 0.000333 
0.403579 	0.055139 	0.010767 	0.034428 	0.001912 	0.403272 	 0.000320 
0.421551 	0.055256 	0.010369 	0.035017 	0.001883 	0.421248 	 0.000313 
0.416705 	0.055850 	0.010422 	0.035051 	0.001946 	0.416376 	 0.000344 
0.419636 	0.056687 	0.010772 	0.035785 	0.001979 	0.419302 	 0.000347 
0.413003 	0.056067 	0.010586 	0.035068 	0.001956 	0.412678 	 0.000340 
0.407373 	0.054878 	0.010494 	0.034379 	0.001883 	0.407082 	 0.000304 
0.415966 	0.057678 	0.011250 	0.036177 	0.002030 	0.415634 	 0.000345 
0.413954 	0.056881 	0.010883 	0.035627 	0.001988 	0.413641 	 0.000327 
0.395725 	0.053722 	0.010903 	0.033488 	0.001837 	0.395449 	 0.000284 
0.393778 	0.054076 	0.011125 	0.033643 	0.001877 	0.393484 	 0.000301 
0.390466 	0.055165 	0.011474 	0.034164 	0.001943 	0.390159 	 0.000317 
0.399235 	0.055204 	0.011347 	0.034356 	0.001929 	0.398925 	 0.000318 
0.386582 	0.053552 	0.010902 	0.032997 	0.001868 	0.386289 	 0.000306 
0.382741 	0.054188 	0.011404 	0.033331 	0.001916 	0.382431 	 0.000322 
0.385891 	0.053532 	0.010971 	0.033079 	0.001864 	0.385610 	 0.000293 
0.390301 	0.054095 	0.011322 	0.033539 	0.001891 	0.390001 	 0.000307 
0.401640 	0.053672 	0.010694 	0.033626 	0.001842 	0.401347 	 0.000301 
0.385624 	0.054588 	0.011331 	0.033640 	0.001928 	0.385327 	 0.000309 
0.397435 	0.054885 	0.011272 	0.034150 	0.001917 	0.397135 	 0.000308 
0.386806 	0.054507 	0.011518 	0.033692 	0.001911 	0.386517 	 0.000296 
0.390299 	0.055644 	0.011509 	0.034292 	0.001972 	0.389988 	 0.000324 
0.393698 	0.054878 	0.011471 	0.034020 	0.001925 	0.393391 	 0.000314 
0.376857 	0.055109 	0.011741 	0.033519 	0.001980 	0.376545 	 0.000326 
0.380457 	0.056421 	0.012244 	0.034593 	0.002035 	0.380145 	 0.000322 
0.381136 	0.056128 	0.011793 	0.034189 	0.002022 	0.380830 	 0.000319 
0.393181 	0.057531 	0.012194 	0.035452 	0.002077 	0.392843 	 0.000348 
0.394282 	0.056353 	0.011654 	0.034934 	0.002001 	0.393968 	 0.000325 
0.390045 	0.055498 	0.011302 	0.034096 	0.001971 	0.389738 	 0.000321 
0.394510 	0.056497 	0.011895 	0.034941 	0.002008 	0.394200 	 0.000317 
0.399955 	0.056909 	0.011892 	0.035262 	0.002025 	0.399628 	 0.000334 
0.402812 	0.056820 	0.011471 	0.035213 	0.002027 	0.402477 	 0.000349 
0.387304 	0.056983 	0.012257 	0.035029 	0.002067 	0.386973 	 0.000341 
0.400268 	0.055768 	0.011526 	0.034670 	0.001971 	0.399946 	 0.000329 
0.412575 	0.055911 	0.011091 	0.035069 	0.001950 	0.412250 	 0.000334 
0.385440 	0.057173 	0.012213 	0.034951 	0.002074 	0.385117 	 0.000335 
0.388889 	0.055076 	0.011275 	0.033837 	0.001955 	0.388574 	 0.000329 
0.378783 	0.055652 	0.011850 	0.033822 	0.002019 	0.378467 	 0.000330 
0.397525 	0.057001 	0.012026 	0.035242 	0.002032 	0.397195 	 0.000337 
0.369632 	0.054587 	0.011835 	0.033069 	0.001966 	0.369333 	 0.000311 
0.369088 	0.054219 	0.011943 	0.032944 	0.001947 	0.368793 	 0.000305 
0.387074 	0.055061 	0.011757 	0.033977 	0.001953 	0.386770 	 0.000310 
0.384532 	0.055942 	0.011888 	0.034254 	0.002012 	0.384223 	 0.000321 
0.365656 	0.055602 	0.012277 	0.033484 	0.002038 	0.365348 	 0.000321 
0.371363 	0.055905 	0.012377 	0.033884 	0.002037 	0.371055 	 0.000320 
0.378258 	0.057541 	0.012782 	0.035103 	0.002113 	0.377926 	 0.000341 
0.367548 	0.055426 	0.012228 	0.033381 	0.002024 	0.367235 	 0.000327 
0.378302 	0.055787 	0.012028 	0.034033 	0.002008 	0.377992 	 0.000322 
0.379161 	0.056379 	0.012293 	0.034533 	0.002029 	0.378853 	 0.000318 
0.394214 	0.056072 	0.011860 	0.034667 	0.001990 	0.393898 	 0.000322 
0.385921 	0.055470 	0.011479 	0.033975 	0.001991 	0.385611 	 0.000324 
0.378083 	0.056021 	0.012093 	0.034161 	0.002022 	0.377771 	 0.000324 
0.381175 	0.056594 	0.012289 	0.034697 	0.002042 	0.380863 	 0.000322 
0.371409 	0.056970 	0.012710 	0.034445 	0.002089 	0.371094 	 0.000326 
0.393608 	0.056650 	0.012028 	0.034972 	0.002019 	0.393290 	 0.000325 
0.383149 	0.056306 	0.011812 	0.034319 	0.002029 	0.382831 	 0.000332 
0.383650 	0.059505 	0.013227 	0.036271 	0.002210 	0.383295 	 0.000365 
0.380972 	0.057054 	0.012401 	0.034951 	0.002060 	0.380664 	 0.000317 
0.368471 	0.056526 	0.012455 	0.034011 	0.002088 	0.368155 	 0.000330 
0.397021 	0.057004 	0.011996 	0.035284 	0.002036 	0.396697 	 0.000330 
0.366975 	0.055382 	0.012196 	0.033371 	0.002026 	0.366666 	 0.000322 
0.379561 	0.056117 	0.011917 	0.034092 	0.002038 	0.379246 	 0.000328 
0.379327 	0.057523 	0.012344 	0.034775 	0.002109 	0.379001 	 0.000340 
0.395927 	0.057050 	0.011762 	0.035185 	0.002054 	0.395590 	 0.000350 
0.379972 	0.056147 	0.012070 	0.034301 	0.002030 	0.379655 	 0.000329 
0.394140 	0.057467 	0.011959 	0.035333 	0.002080 	0.393808 	 0.000345 
0.379244 	0.055823 	0.011809 	0.034001 	0.002020 	0.378929 	 0.000328 
0.400699 	0.058483 	0.012206 	0.036175 	0.002119 	0.400346 	 0.000364 
0.386333 	0.056973 	0.011932 	0.034727 	0.002072 	0.386004 	 0.000345 
0.388265 	0.056953 	0.012067 	0.034905 	0.002065 	0.387936 	 0.000342 
0.400029 	0.057363 	0.011678 	0.035432 	0.002055 	0.399696 	 0.000348 
0.393178 	0.056970 	0.011935 	0.035213 	0.002042 	0.392855 	 0.000334 
0.390370 	0.057785 	0.011955 	0.035285 	0.002101 	0.390041 	 0.000344 
0.387979 	0.057169 	0.011857 	0.034927 	0.002061 	0.387648 	 0.000346 
0.388666 	0.055350 	0.011874 	0.034129 	0.001965 	0.388345 	 0.000327 
0.379633 	0.058126 	0.012905 	0.035449 	0.002139 	0.379296 	 0.000346 
0.386717 	0.056039 	0.012152 	0.034443 	0.002001 	0.386398 	 0.000325 
0.385327 	0.058740 	0.012855 	0.035934 	0.002156 	0.384990 	 0.000347 
0.390432 	0.057051 	0.012372 	0.035059 	0.002053 	0.390099 	 0.000339 
0.380749 	0.057700 	0.012587 	0.035079 	0.002119 	0.380420 	 0.000341 
0.367034 	0.055857 	0.012359 	0.033602 	0.002051 	0.366718 	 0.000329 
0.376822 	0.056416 	0.012141 	0.034174 	0.002056 	0.376496 	 0.000340 
0.395605 	0.057204 	0.012207 	0.035306 	0.002053 	0.395271 	 0.000341 
0.376418 	0.056483 	0.012167 	0.034196 	0.002061 	0.376095 	 0.000337 
0.380066 	0.057684 	0.012607 	0.035050 	0.002122 	0.379736 	 0.000342 
0.392028 	0.058705 	0.012789 	0.036017 	0.002142 	0.391687 	 0.000347 
0.392452 	0.057673 	0.012395 	0.035499 	0.002079 	0.392122 	 0.000336 
0.379245 	0.058490 	0.012991 	0.035668 	0.002153 	0.378919 	 0.000335 
0.394092 	0.056719 	0.012118 	0.034979 	0.002032 	0.393760 	 0.000338 
0.401676 	0.059730 	0.012468 	0.036696 	0.002210 	0.401310 	 0.000381 
0.393804 	0.058647 	0.012464 	0.036131 	0.002136 	0.393469 	 0.000346 
0.391907 	0.058361 	0.012649 	0.035863 	0.002122 	0.391573 	 0.000340 
0.391708 	0.058154 	0.012027 	0.035503 	0.002120 	0.391372 	 0.000351 
0.399321 	0.058425 	0.011909 	0.035808 	0.002138 	0.398967 	 0.000370 
0.390651 	0.058631 	0.012441 	0.035862 	0.002147 	0.390309 	 0.000356 
0.398603 	0.057610 	0.011868 	0.035526 	0.002081 	0.398263 	 0.000354 
0.384352 	0.057652 	0.012229 	0.035017 	0.002113 	0.384009 	 0.000358 
0.386295 	0.057606 	0.012278 	0.035229 	0.002101 	0.385968 	 0.000340 
0.374769 	0.057120 	0.012390 	0.034501 	0.002100 	0.374441 	 0.000343 
0.393847 	0.059433 	0.012686 	0.036541 	0.002165 	0.393506 	 0.000352 
0.266169 	0.028677 	0.008211 	0.016837 	0.000635 	0.266151 	 0.000008 
0.272798 	0.028237 	0.007774 	0.016821 	0.000580 	0.272789 	 -0.000001 
0.290617 	0.029119 	0.007333 	0.017799 	0.000583 	0.290597 	 0.000011 
0.292811 	0.028385 	0.006413 	0.017326 	0.000562 	0.292812 	 0.000002 
0.288956 	0.029657 	0.007284 	0.017924 	0.000646 	0.288924 	 0.000028 
0.288044 	0.029856 	0.007260 	0.018055 	0.000641 	0.288029 	 0.000010 
0.302902 	0.029916 	0.007063 	0.018543 	0.000606 	0.302879 	 0.000015 
0.291049 	0.030650 	0.007326 	0.018416 	0.000724 	0.290998 	 0.000050 
0.260188 	0.027754 	0.007557 	0.016086 	0.000609 	0.260182 	 0.000003 
0.266191 	0.029114 	0.007954 	0.017050 	0.000650 	0.266184 	 0.000001 
0.282053 	0.030041 	0.007548 	0.017966 	0.000657 	0.282045 	 0.000001 
0.280390 	0.027850 	0.006920 	0.016800 	0.000533 	0.280398 	 -0.000014 
0.287713 	0.030045 	0.007706 	0.018183 	0.000649 	0.287688 	 0.000016 
0.278744 	0.028755 	0.007679 	0.017288 	0.000605 	0.278729 	 0.000006 
0.290181 	0.028700 	0.006670 	0.017426 	0.000588 	0.290174 	 0.000009 
0.280253 	0.028570 	0.006908 	0.017146 	0.000615 	0.280248 	 0.000003 
0.288686 	0.030086 	0.007017 	0.018205 	0.000671 	0.288673 	 0.000013 
0.283552 	0.028878 	0.006899 	0.017387 	0.000610 	0.283555 	 -0.000001 
0.282405 	0.029424 	0.007148 	0.017620 	0.000660 	0.282385 	 0.000018 
0.291837 	0.029979 	0.006973 	0.018164 	0.000659 	0.291824 	 0.000015 
0.276436 	0.028846 	0.007403 	0.017228 	0.000611 	0.276434 	 -0.000004 
0.295487 	0.028079 	0.006247 	0.017244 	0.000556 	0.295482 	 0.000008 
0.292212 	0.029182 	0.006741 	0.017725 	0.000611 	0.292202 	 0.000013 
0.297674 	0.029887 	0.006870 	0.018349 	0.000625 	0.297654 	 0.000015 
0.274229 	0.029680 	0.007478 	0.017548 	0.000650 	0.274240 	 -0.000010 
0.262993 	0.028309 	0.007502 	0.016546 	0.000616 	0.263008 	 -0.000016 
0.262657 	0.029201 	0.007846 	0.016990 	0.000679 	0.262654 	 -0.000000 
0.279860 	0.028692 	0.006988 	0.017196 	0.000619 	0.279851 	 0.000007 
0.270987 	0.027721 	0.006994 	0.016413 	0.000558 	0.271012 	 -0.000024 
0.269436 	0.029187 	0.007798 	0.017208 	0.000644 	0.269435 	 -0.000005 
0.272440 	0.029099 	0.008046 	0.017237 	0.000632 	0.272426 	 0.000005 
0.266171 	0.029408 	0.008003 	0.017213 	0.000664 	0.266164 	 0.000001 
0.268589 	0.030000 	0.007879 	0.017556 	0.000714 	0.268571 	 0.000015 
0.273674 	0.028241 	0.007070 	0.016783 	0.000604 	0.273671 	 0.000001 
0.270244 	0.030059 	0.007736 	0.017687 	0.000700 	0.270243 	 -0.000001 
0.277921 	0.029687 	0.007620 	0.017703 	0.000653 	0.277907 	 0.000008 
0.265343 	0.028088 	0.007983 	0.016549 	0.000584 	0.265346 	 -0.000014 
0.276884 	0.029742 	0.007487 	0.017634 	0.000682 	0.276864 	 0.000019 
0.265883 	0.029849 	0.008174 	0.017455 	0.000687 	0.265871 	 0.000006 
0.283404 	0.030026 	0.007464 	0.018054 	0.000654 	0.283397 	 0.000001 
0.274457 	0.029325 	0.007994 	0.017461 	0.000635 	0.274441 	 0.000006 
0.282543 	0.029504 	0.007195 	0.017666 	0.000642 	0.282534 	 0.000011 
0.284387 	0.030795 	0.008039 	0.018503 	0.000702 	0.284353 	 0.000025 
0.283744 	0.030305 	0.007877 	0.018234 	0.000662 	0.283725 	 0.000010 
0.273894 	0.029996 	0.008177 	0.017792 	0.000674 	0.273881 	 0.000003 
0.270344 	0.028663 	0.007345 	0.016932 	0.000623 	0.270351 	 -0.000007 
0.278142 	0.030119 	0.007493 	0.017908 	0.000696 	0.278121 	 0.000019 
0.279445 	0.030509 	0.007850 	0.018172 	0.000702 	0.279424 	 0.000016 
0.275348 	0.029476 	0.007629 	0.017557 	0.000640 	0.275337 	 0.000005 
0.271473 	0.029606 	0.007865 	0.017494 	0.000668 	0.271462 	 0.000005 
0.278640 	0.029740 	0.007316 	0.017750 	0.000669 	0.278630 	 0.000008 
0.274721 	0.029445 	0.007963 	0.017537 	0.000631 	0.274715 	 -0.000005 
0.277714 	0.029301 	0.007849 	0.017540 	0.000621 	0.277702 	 0.000003 
0.270746 	0.029394 	0.007820 	0.017361 	0.000658 	0.270737 	 0.000003 
0.279534 	0.029592 	0.007854 	0.017761 	0.000637 	0.279519 	 0.000005 
0.264042 	0.028162 	0.007397 	0.016512 	0.000612 	0.264045 	 -0.000007 
0.278551 	0.029535 	0.007304 	0.017596 	0.000661 	0.278536 	 0.000013 
0.274207 	0.029101 	0.007326 	0.017262 	0.000649 	0.274200 	 0.000004 
0.276997 	0.028942 	0.007338 	0.017332 	0.000600 	0.277006 	 -0.000015 
0.272819 	0.028866 	0.007262 	0.017118 	0.000628 	0.272818 	 -0.000002 
0.271638 	0.028833 	0.007273 	0.017082 	0.000625 	0.271644 	 -0.000009 
0.274429 	0.029617 	0.007468 	0.017540 	0.000669 	0.274420 	 0.000006 
0.278634 	0.030429 	0.007561 	0.018113 	0.000710 	0.278614 	 0.000018 
0.280242 	0.031118 	0.007970 	0.018506 	0.000722 	0.280218 	 0.000019 
0.281588 	0.030779 	0.008094 	0.018437 	0.000700 	0.281565 	 0.000013 
0.293059 	0.030841 	0.007083 	0.018714 	0.000679 	0.293062 	 0.000000 
0.284420 	0.029223 	0.006956 	0.017600 	0.000637 	0.284405 	 0.000014 
0.273296 	0.030839 	0.007964 	0.018135 	0.000742 	0.273268 	 0.000025 
0.292500 	0.030177 	0.007556 	0.018396 	0.000638 	0.292472 	 0.000019 
0.277712 	0.029139 	0.007296 	0.017313 	0.000655 	0.277688 	 0.000022 
0.276359 	0.030261 	0.008191 	0.017970 	0.000679 	0.276340 	 0.000010 
0.291675 	0.030395 	0.007628 	0.018511 	0.000651 	0.291647 	 0.000020 
0.278154 	0.029613 	0.007277 	0.017688 	0.000666 	0.278146 	 0.000006 
0.283821 	0.029341 	0.006969 	0.017693 	0.000644 	0.283817 	 0.000003 
0.277507 	0.031523 	0.008228 	0.018641 	0.000754 	0.277482 	 0.000019 
0.273300 	0.030375 	0.007792 	0.017892 	0.000702 	0.273293 	 0.000007 
0.287348 	0.029600 	0.007172 	0.017973 	0.000630 	0.287333 	 0.000011 
0.276156 	0.030153 	0.008159 	0.017961 	0.000685 	0.276132 	 0.000015 
0.278410 	0.029219 	0.007193 	0.017443 	0.000633 	0.278417 	 -0.000006 
0.283194 	0.030177 	0.007384 	0.018047 	0.000701 	0.283161 	 0.000031 
0.277798 	0.031782 	0.008592 	0.018792 	0.000769 	0.277760 	 0.000030 
0.284306 	0.030092 	0.007803 	0.018131 	0.000652 	0.284290 	 0.000007 
0.273308 	0.030147 	0.008247 	0.017856 	0.000677 	0.273291 	 0.000007 
0.283946 	0.030316 	0.007288 	0.018178 	0.000666 	0.283948 	 -0.000001 
0.272314 	0.029704 	0.007786 	0.017567 	0.000649 	0.272315 	 -0.000008 
0.279688 	0.029652 	0.007320 	0.017678 	0.000669 	0.279669 	 0.000017 
0.284571 	0.030675 	0.007677 	0.018399 	0.000692 	0.284550 	 0.000016 
0.283327 	0.030370 	0.007875 	0.018271 	0.000662 	0.283316 	 0.000001 
0.281148 	0.029653 	0.007145 	0.017787 	0.000635 	0.281164 	 -0.000014 
0.293255 	0.031034 	0.007754 	0.018865 	0.000683 	0.293223 	 0.000024 
0.284634 	0.032101 	0.008108 	0.019167 	0.000777 	0.284592 	 0.000037 
0.273778 	0.030979 	0.007994 	0.018232 	0.000743 	0.273763 	 0.000015 
0.274469 	0.030451 	0.008329 	0.018030 	0.000698 	0.274442 	 0.000017 
0.273559 	0.028701 	0.007159 	0.017063 	0.000603 	0.273578 	 -0.000018 
0.273993 	0.030342 	0.007680 	0.017953 	0.000707 	0.273988 	 0.000004 
0.279845 	0.029764 	0.007872 	0.017838 	0.000643 	0.279837 	 -0.000002 
0.283236 	0.030728 	0.007703 	0.018413 	0.000693 	0.283221 	 0.000010 
0.272240 	0.029743 	0.007643 	0.017532 	0.000670 	0.272239 	 0.000001 
0.275800 	0.029637 	0.008022 	0.017643 	0.000639 	0.275786 	 0.000004 
0.280337 	0.030622 	0.007813 	0.018275 	0.000700 	0.280312 	 0.000020 
0.265212 	0.030314 	0.007981 	0.017701 	0.000714 	0.265214 	 -0.000004 
0.274867 	0.030165 	0.007809 	0.017921 	0.000678 	0.274858 	 0.000003 
0.277841 	0.030440 	0.007832 	0.018108 	0.000687 	0.277826 	 0.000009 
0.272377 	0.030515 	0.008397 	0.017974 	0.000693 	0.272362 	 0.000005 
0.274728 	0.030072 	0.007558 	0.017796 	0.000667 	0.274739 	 -0.000010 
0.282171 	0.031123 	0.007866 	0.018584 	0.000710 	0.282156 	 0.000009 
0.275487 	0.030518 	0.008245 	0.018111 	0.000693 	0.275474 	 0.000003 
0.275038 	0.030552 	0.008340 	0.018095 	0.000708 	0.275011 	 0.000018 
0.283008 	0.030884 	0.007822 	0.018482 	0.000717 	0.282975 	 0.000028 
0.273624 	0.029998 	0.007511 	0.017777 	0.000664 	0.273644 	 -0.000018 
0.291130 	0.030130 	0.007593 	0.018347 	0.000639 	0.291104 	 0.000018 
0.270841 	0.032255 	0.008662 	0.018862 	0.000801 	0.270817 	 0.000019 
0.274854 	0.030810 	0.008402 	0.018245 	0.000711 	0.274824 	 0.000022 
0.274192 	0.030749 	0.008383 	0.018211 	0.000718 	0.274170 	 0.000013 
0.275275 	0.031688 	0.008188 	0.018633 	0.000794 	0.275236 	 0.000036 
0.274640 	0.030000 	0.007572 	0.017782 	0.000697 	0.274623 	 0.000016 
0.279008 	0.031083 	0.008261 	0.018510 	0.000713 	0.278990 	 0.000009 
0.276021 	0.031165 	0.007963 	0.018374 	0.000754 	0.275987 	 0.000032 
0.285786 	0.030553 	0.007902 	0.018425 	0.000676 	0.285759 	 0.000018 
0.269305 	0.031208 	0.008245 	0.018230 	0.000773 	0.269280 	 0.000021 
0.274852 	0.030096 	0.007791 	0.017847 	0.000666 	0.274852 	 -0.000007 
0.286679 	0.031799 	0.008180 	0.019096 	0.000741 	0.286651 	 0.000020 
0.277172 	0.031517 	0.008161 	0.018671 	0.000750 	0.277146 	 0.000021 
0.262960 	0.029663 	0.007937 	0.017270 	0.000694 	0.262957 	 -0.000000 
0.277178 	0.030241 	0.008149 	0.017997 	0.000669 	0.277158 	 0.000011 
0.282341 	0.031180 	0.008230 	0.018633 	0.000717 	0.282308 	 0.000024 
0.274273 	0.030609 	0.007986 	0.018119 	0.000695 	0.274263 	 0.000003 
0.273812 	0.029906 	0.007605 	0.017689 	0.000670 	0.273811 	 0.000002 
0.268370 	0.030367 	0.008157 	0.017834 	0.000702 	0.268365 	 -0.000002 
0.278164 	0.031627 	0.007950 	0.018723 	0.000765 	0.278138 	 0.000024 
0.273088 	0.030163 	0.008235 	0.017878 	0.000675 	0.273076 	 0.000002 
0.270744 	0.031315 	0.008670 	0.018397 	0.000748 	0.270719 	 0.000016 
0.273918 	0.031122 	0.008163 	0.018386 	0.000730 	0.273901 	 0.000010 
0.274637 	0.030383 	0.007937 	0.018015 	0.000694 	0.274620 	 0.000012 
0.281814 	0.030816 	0.007577 	0.018393 	0.000705 	0.281803 	 0.000012 
0.281699 	0.030426 	0.007720 	0.018186 	0.000682 	0.281678 	 0.000016 
0.272249 	0.031337 	0.008137 	0.018390 	0.000753 	0.272238 	 0.000011 
0.276705 	0.030961 	0.008296 	0.018376 	0.000701 	0.276691 	 0.000003 
0.280151 	0.031068 	0.007816 	0.018424 	0.000722 	0.280130 	 0.000021 
0.279726 	0.030712 	0.007847 	0.018300 	0.000698 	0.279709 	 0.000012 
0.277395 	0.031789 	0.008032 	0.018789 	0.000760 	0.277389 	 0.000008 
0.279862 	0.030107 	0.007437 	0.017949 	0.000668 	0.279858 	 0.000005 
0.279902 	0.030908 	0.008183 	0.018453 	0.000699 	0.279883 	 0.000010 
0.284020 	0.031736 	0.008306 	0.018970 	0.000744 	0.283988 	 0.000024 
0.279146 	0.032058 	0.008163 	0.018919 	0.000802 	0.279096 	 0.000048 
0.272865 	0.031687 	0.008440 	0.018624 	0.000771 	0.272831 	 0.000028 
0.272160 	0.031246 	0.008303 	0.018362 	0.000738 	0.272144 	 0.000009 
0.271565 	0.030927 	0.008205 	0.018201 	0.000723 	0.271550 	 0.000008 
0.262121 	0.031421 	0.008539 	0.018185 	0.000777 	0.262115 	 0.000005 
0.276310 	0.030672 	0.007973 	0.018198 	0.000705 	0.276289 	 0.000015 
0.276535 	0.030196 	0.007749 	0.017969 	0.000669 	0.276527 	 0.000002 
0.278602 	0.031015 	0.007773 	0.018403 	0.000738 	0.278578 	 0.000023 
0.276101 	0.031101 	0.007936 	0.018367 	0.000754 	0.276067 	 0.000032 
0.282389 	0.031556 	0.008279 	0.018853 	0.000735 	0.282364 	 0.000016 
0.280459 	0.031581 	0.008395 	0.018802 	0.000752 	0.280428 	 0.000022 
0.281184 	0.030949 	0.007560 	0.018487 	0.000725 	0.281173 	 0.000010 
0.288986 	0.031402 	0.007985 	0.018973 	0.000704 	0.288957 	 0.000021 
0.284215 	0.030575 	0.007346 	0.018323 	0.000690 	0.284204 	 0.000010 
0.279481 	0.030939 	0.007642 	0.018394 	0.000700 	0.279484 	 -0.000002 
0.280160 	0.031574 	0.008352 	0.018801 	0.000736 	0.280135 	 0.000016 
0.270194 	0.031093 	0.008626 	0.018256 	0.000738 	0.270175 	 0.000009 
0.279283 	0.030616 	0.008102 	0.018286 	0.000679 	0.279270 	 0.000004 
0.274903 	0.031863 	0.008405 	0.018782 	0.000777 	0.274870 	 0.000028 
0.274688 	0.030105 	0.007583 	0.017827 	0.000690 	0.274684 	 0.000001 
0.280607 	0.031096 	0.007892 	0.018529 	0.000712 	0.280597 	 0.000004 
0.270489 	0.030611 	0.007949 	0.017985 	0.000719 	0.270481 	 0.000008 
0.277263 	0.029389 	0.007284 	0.017498 	0.000632 	0.277272 	 -0.000008 
0.274245 	0.031069 	0.008479 	0.018351 	0.000731 	0.274223 	 0.000013 
0.269359 	0.030723 	0.008047 	0.017975 	0.000733 	0.269340 	 0.000017 
0.280324 	0.031770 	0.007975 	0.018819 	0.000781 	0.280289 	 0.000033 
0.281476 	0.031265 	0.007936 	0.018658 	0.000724 	0.281452 	 0.000019 
0.277206 	0.031336 	0.007904 	0.018558 	0.000743 	0.277201 	 0.000007 
0.288166 	0.031289 	0.007454 	0.018814 	0.000735 	0.288139 	 0.000025 
0.266403 	0.032161 	0.009038 	0.018700 	0.000795 	0.266382 	 0.000012 
0.274869 	0.031091 	0.007903 	0.018348 	0.000739 	0.274851 	 0.000015 
0.269850 	0.031702 	0.008413 	0.018497 	0.000801 	0.269812 	 0.000035 
0.284791 	0.030272 	0.007223 	0.018197 	0.000660 	0.284794 	 -0.000001 
0.278087 	0.031351 	0.007896 	0.018560 	0.000730 	0.278079 	 0.000009 
0.283915 	0.031088 	0.008154 	0.018618 	0.000712 	0.283886 	 0.000021 
0.266956 	0.029878 	0.007821 	0.017519 	0.000695 	0.266953 	 -0.000000 
0.274378 	0.030533 	0.007763 	0.018033 	0.000718 	0.274363 	 0.000013 
0.275758 	0.031295 	0.007999 	0.018462 	0.000762 	0.275728 	 0.000028 
0.280048 	0.031423 	0.008341 	0.018717 	0.000742 	0.280026 	 0.000012 
0.272852 	0.031428 	0.008283 	0.018516 	0.000742 	0.272839 	 0.000008 
0.281132 	0.031055 	0.007802 	0.018534 	0.000698 	0.281133 	 -0.000007 
0.281738 	0.030949 	0.007613 	0.018462 	0.000728 	0.281710 	 0.000026 
0.276205 	0.031360 	0.008496 	0.018564 	0.000740 	0.276177 	 0.000020 
0.276408 	0.031726 	0.008080 	0.018725 	0.000784 	0.276377 	 0.000028 
0.271785 	0.031570 	0.008245 	0.018499 	0.000766 	0.271772 	 0.000013 
0.275981 	0.031837 	0.008137 	0.018763 	0.000765 	0.275969 	 0.000012 
0.284977 	0.031069 	0.007723 	0.018630 	0.000696 	0.284964 	 0.000008 
0.275604 	0.031139 	0.007854 	0.018425 	0.000740 	0.275588 	 0.000013 
0.271454 	0.030530 	0.007893 	0.017962 	0.000713 	0.271447 	 0.000007 
0.277995 	0.030145 	0.007973 	0.018029 	0.000645 	0.277995 	 -0.000011 
0.263619 	0.030908 	0.008309 	0.017943 	0.000742 	0.263619 	 0.000000 
0.281928 	0.031022 	0.007600 	0.018526 	0.000729 	0.281908 	 0.000018 
0.270817 	0.030541 	0.008146 	0.017975 	0.000707 	0.270806 	 0.000005 
0.270089 	0.030690 	0.008201 	0.018046 	0.000719 	0.270080 	 0.000002 
0.270640 	0.030417 	0.007933 	0.017846 	0.000726 	0.270613 	 0.000024 
0.272997 	0.031381 	0.008242 	0.018497 	0.000737 	0.272991 	 -0.000000 
0.279111 	0.030284 	0.007417 	0.018101 	0.000690 	0.279105 	 0.000004 
0.278373 	0.029839 	0.007302 	0.017829 	0.000666 	0.278374 	 -0.000003 
0.280638 	0.031382 	0.007956 	0.018712 	0.000726 	0.280624 	 0.000009 
0.277245 	0.031106 	0.008107 	0.018433 	0.000729 	0.277224 	 0.000015 
0.282520 	0.031533 	0.008237 	0.018843 	0.000729 	0.282502 	 0.000010 
0.273102 	0.030694 	0.008063 	0.018141 	0.000703 	0.273095 	 -0.000000 
0.272035 	0.031901 	0.008495 	0.018734 	0.000773 	0.272016 	 0.000013 
0.274092 	0.031084 	0.007975 	0.018335 	0.000757 	0.274065 	 0.000025 
0.268950 	0.031546 	0.008326 	0.018449 	0.000789 	0.268927 	 0.000021 
0.281720 	0.031401 	0.008222 	0.018758 	0.000714 	0.281703 	 0.000008 
0.283937 	0.032745 	0.008539 	0.019518 	0.000787 	0.283904 	 0.000024 
0.023462 	0.009270 	0.012311 	-0.000259 	0.000096 	0.023651 	 -0.000221 
-0.030610 	0.006192 	0.012443 	-0.003205 	0.000022 	-0.030376 	 -0.000269 
-0.064045 	0.003353 	0.013390 	-0.005543 	-0.000064 	-0.063780 	 -0.000304 
-0.022934 	0.007236 	0.013537 	-0.002689 	0.000074 	-0.022710 	 -0.000260 
-0.004551 	0.008247 	0.013187 	-0.001692 	0.000107 	-0.004352 	 -0.000232 
0.070062 	0.012926 	0.010605 	0.003023 	0.000184 	0.070206 	 -0.000168 
0.073378 	0.012859 	0.010439 	0.003113 	0.000186 	0.073518 	 -0.000163 
0.099820 	0.015929 	0.010781 	0.005466 	0.000294 	0.099925 	 -0.000128 
0.106275 	0.017832 	0.011116 	0.006636 	0.000380 	0.106370 	 -0.000117 
0.112585 	0.018834 	0.011573 	0.007222 	0.000435 	0.112662 	 -0.000098 
0.113471 	0.017630 	0.010700 	0.006793 	0.000362 	0.113569 	 -0.000119 
0.103266 	0.016323 	0.011069 	0.005708 	0.000275 	0.103392 	 -0.000151 
0.044131 	0.012742 	0.012053 	0.002259 	0.000242 	0.044283 	 -0.000181 
0.094661 	0.014660 	0.011012 	0.004584 	0.000221 	0.094793 	 -0.000158 
0.110656 	0.018766 	0.011195 	0.007249 	0.000424 	0.110743 	 -0.000108 
0.124262 	0.019044 	0.010777 	0.007751 	0.000414 	0.124343 	 -0.000102 
0.055659 	0.015924 	0.012472 	0.004291 	0.000373 	0.055785 	 -0.000153 
0.056220 	0.017546 	0.012466 	0.005256 	0.000474 	0.056328 	 -0.000129 
0.058428 	0.017303 	0.013194 	0.004902 	0.000460 	0.058542 	 -0.000140 
0.064980 	0.016809 	0.011850 	0.005091 	0.000408 	0.065101 	 -0.000140 
0.073930 	0.017962 	0.012780 	0.005691 	0.000466 	0.074036 	 -0.000131 
0.057959 	0.018101 	0.012576 	0.005604 	0.000504 	0.058060 	 -0.000122 
0.056697 	0.017601 	0.013304 	0.005026 	0.000476 	0.056813 	 -0.000142 
0.066686 	0.018448 	0.012873 	0.005917 	0.000513 	0.066777 	 -0.000115 
0.076528 	0.018782 	0.012001 	0.006465 	0.000488 	0.076635 	 -0.000125 
0.074760 	0.019918 	0.013292 	0.006738 	0.000573 	0.074848 	 -0.000112 
0.074665 	0.019858 	0.012543 	0.006974 	0.000569 	0.074742 	 -0.000096 
0.070785 	0.020282 	0.012838 	0.007079 	0.000599 	0.070860 	 -0.000095 
0.067254 	0.018560 	0.012622 	0.005938 	0.000513 	0.067345 	 -0.000115 
0.068237 	0.019156 	0.012708 	0.006315 	0.000537 	0.068333 	 -0.000121 
0.068259 	0.018641 	0.012389 	0.006123 	0.000513 	0.068350 	 -0.000111 
0.053029 	0.019046 	0.013884 	0.005631 	0.000567 	0.053135 	 -0.000131 
0.061168 	0.017980 	0.012997 	0.005446 	0.000490 	0.061266 	 -0.000124 
0.072691 	0.018886 	0.013140 	0.006104 	0.000526 	0.072782 	 -0.000114 
0.081818 	0.021589 	0.013081 	0.007874 	0.000646 	0.081866 	 -0.000071 
0.068667 	0.019933 	0.013057 	0.006677 	0.000586 	0.068739 	 -0.000096 
0.071910 	0.019901 	0.013466 	0.006589 	0.000577 	0.071992 	 -0.000105 
0.064178 	0.020079 	0.013461 	0.006654 	0.000590 	0.064258 	 -0.000105 
0.075486 	0.022106 	0.013533 	0.007998 	0.000696 	0.075530 	 -0.000067 
0.071345 	0.021617 	0.013282 	0.007759 	0.000669 	0.071412 	 -0.000087 
0.062601 	0.020725 	0.014038 	0.006733 	0.000649 	0.062686 	 -0.000109 
0.067648 	0.021369 	0.013715 	0.007446 	0.000664 	0.067717 	 -0.000093 
0.072906 	0.021805 	0.013527 	0.007773 	0.000687 	0.072954 	 -0.000072 
0.072862 	0.021179 	0.013110 	0.007567 	0.000642 	0.072921 	 -0.000079 
0.065124 	0.022273 	0.013730 	0.007962 	0.000720 	0.065184 	 -0.000080 
0.060183 	0.020683 	0.014150 	0.006660 	0.000660 	0.060259 	 -0.000099 
0.061027 	0.022048 	0.013816 	0.007737 	0.000710 	0.061091 	 -0.000086 
0.055634 	0.021521 	0.014305 	0.007154 	0.000698 	0.055702 	 -0.000093 
0.059909 	0.021518 	0.013677 	0.007431 	0.000686 	0.059979 	 -0.000091 
0.058878 	0.021774 	0.014611 	0.007131 	0.000738 	0.058931 	 -0.000074 
0.071215 	0.022681 	0.013630 	0.008324 	0.000720 	0.071277 	 -0.000083 
0.067609 	0.022409 	0.013687 	0.008123 	0.000732 	0.067664 	 -0.000076 
0.065673 	0.022567 	0.014272 	0.007992 	0.000751 	0.065723 	 -0.000073 
0.068128 	0.022845 	0.014091 	0.008160 	0.000748 	0.068168 	 -0.000065 
0.053421 	0.022961 	0.015076 	0.007611 	0.000802 	0.053482 	 -0.000082 
0.064647 	0.022154 	0.014206 	0.007697 	0.000729 	0.064705 	 -0.000082 
0.070050 	0.023741 	0.014677 	0.008487 	0.000807 	0.070092 	 -0.000062 
0.068634 	0.024021 	0.014801 	0.008584 	0.000825 	0.068680 	 -0.000066 
0.067921 	0.024405 	0.014332 	0.009136 	0.000819 	0.067962 	 -0.000062 
0.066616 	0.024311 	0.014631 	0.008916 	0.000834 	0.066645 	 -0.000054 
0.072471 	0.024824 	0.014601 	0.009331 	0.000856 	0.072486 	 -0.000039 
0.059062 	0.023590 	0.014838 	0.008334 	0.000817 	0.059106 	 -0.000068 
0.067684 	0.025297 	0.015059 	0.009449 	0.000892 	0.067708 	 -0.000047 
0.068158 	0.024749 	0.014560 	0.009286 	0.000859 	0.068178 	 -0.000042 
0.051509 	0.025445 	0.015830 	0.008831 	0.000938 	0.051550 	 -0.000062 
0.063948 	0.024994 	0.015082 	0.009193 	0.000883 	0.063982 	 -0.000056 
0.064309 	0.025646 	0.014944 	0.009682 	0.000912 	0.064329 	 -0.000042 
0.068709 	0.024761 	0.014489 	0.009358 	0.000865 	0.068734 	 -0.000046 
0.066370 	0.026676 	0.015437 	0.010144 	0.000963 	0.066376 	 -0.000030 
0.065462 	0.026068 	0.015092 	0.009906 	0.000938 	0.065469 	 -0.000030 
0.066447 	0.025963 	0.015031 	0.009895 	0.000938 	0.066455 	 -0.000030 
0.065291 	0.025794 	0.015133 	0.009692 	0.000915 	0.065314 	 -0.000048 
0.061262 	0.027011 	0.015747 	0.010198 	0.000993 	0.061264 	 -0.000027 
0.071512 	0.026667 	0.015038 	0.010425 	0.000965 	0.071517 	 -0.000027 
0.053995 	0.025313 	0.015667 	0.009053 	0.000941 	0.054011 	 -0.000039 
0.058363 	0.026253 	0.015541 	0.009766 	0.000950 	0.058383 	 -0.000046 
0.065384 	0.028171 	0.015999 	0.010896 	0.001048 	0.065375 	 -0.000015 
0.061581 	0.025024 	0.015459 	0.008854 	0.000919 	0.061604 	 -0.000042 
0.062794 	0.026599 	0.015580 	0.010008 	0.000975 	0.062801 	 -0.000031 
0.070224 	0.028289 	0.015585 	0.011239 	0.001037 	0.070229 	 -0.000027 
0.061304 	0.026591 	0.015732 	0.009931 	0.000986 	0.061314 	 -0.000032 
0.052624 	0.025700 	0.015768 	0.009209 	0.000947 	0.052653 	 -0.000052 
0.070211 	0.028568 	0.015712 	0.011372 	0.001061 	0.070205 	 -0.000016 
0.072880 	0.027966 	0.015327 	0.011159 	0.001016 	0.072885 	 -0.000026 
0.061758 	0.027607 	0.015957 	0.010534 	0.001037 	0.061754 	 -0.000021 
0.070192 	0.027892 	0.015688 	0.010913 	0.001030 	0.070183 	 -0.000015 
0.064447 	0.029217 	0.016441 	0.011393 	0.001118 	0.064421 	 0.000001 
0.064913 	0.028916 	0.016091 	0.011408 	0.001110 	0.064888 	 0.000002 
0.061488 	0.027142 	0.016101 	0.009885 	0.001037 	0.061492 	 -0.000022 
0.073318 	0.029997 	0.016366 	0.012047 	0.001151 	0.073273 	 0.000021 
0.064693 	0.027462 	0.015776 	0.010515 	0.001010 	0.064692 	 -0.000023 
0.070061 	0.027789 	0.015641 	0.010867 	0.001025 	0.070051 	 -0.000015 
0.072415 	0.028211 	0.015738 	0.011113 	0.001042 	0.072401 	 -0.000010 
0.048606 	0.028539 	0.016946 	0.010264 	0.001140 	0.048610 	 -0.000022 
0.065438 	0.028566 	0.016170 	0.011106 	0.001083 	0.065417 	 -0.000004 
0.069522 	0.028778 	0.015846 	0.011447 	0.001078 	0.069505 	 -0.000004 
0.081765 	0.030057 	0.015857 	0.012436 	0.001140 	0.081722 	 0.000022 
0.055662 	0.028173 	0.016614 	0.010250 	0.001106 	0.055660 	 -0.000015 
0.061252 	0.028033 	0.016281 	0.010602 	0.001072 	0.061243 	 -0.000013 
0.052990 	0.027371 	0.016309 	0.010100 	0.001051 	0.052994 	 -0.000027 
0.066243 	0.029155 	0.016133 	0.011559 	0.001120 	0.066221 	 -0.000000 
0.078284 	0.030497 	0.016269 	0.012458 	0.001158 	0.078248 	 0.000013 
0.059766 	0.028506 	0.016457 	0.010829 	0.001100 	0.059759 	 -0.000015 
0.062243 	0.029133 	0.016568 	0.011233 	0.001137 	0.062223 	 -0.000001 
0.065394 	0.029395 	0.016240 	0.011647 	0.001127 	0.065372 	 -0.000001 
0.077867 	0.030317 	0.016266 	0.012336 	0.001149 	0.077823 	 0.000021 
0.070355 	0.029078 	0.015930 	0.011641 	0.001109 	0.070335 	 -0.000002 
0.057462 	0.029211 	0.016864 	0.010814 	0.001158 	0.057447 	 -0.000002 
0.070069 	0.031672 	0.016839 	0.012953 	0.001245 	0.070022 	 0.000024 
0.054824 	0.029738 	0.017065 	0.011343 	0.001190 	0.054799 	 0.000003 
0.061457 	0.029384 	0.016630 	0.011364 	0.001123 	0.061432 	 0.000000 
0.060072 	0.028237 	0.016404 	0.010439 	0.001100 	0.060080 	 -0.000026 
0.050094 	0.028483 	0.016865 	0.010285 	0.001133 	0.050096 	 -0.000021 
0.058920 	0.030271 	0.016777 	0.011963 	0.001194 	0.058892 	 0.000004 
0.070285 	0.030668 	0.016529 	0.012431 	0.001192 	0.070241 	 0.000021 
0.070609 	0.030978 	0.016555 	0.012639 	0.001201 	0.070572 	 0.000014 
0.059532 	0.030013 	0.016971 	0.011289 	0.001197 	0.059521 	 -0.000006 
0.070435 	0.031673 	0.017038 	0.012848 	0.001249 	0.070382 	 0.000029 
0.074329 	0.030936 	0.016638 	0.012549 	0.001194 	0.074283 	 0.000023 
0.058984 	0.029509 	0.016815 	0.011342 	0.001165 	0.058959 	 0.000004 
0.064076 	0.030826 	0.016733 	0.012372 	0.001196 	0.064047 	 0.000006 
0.075143 	0.031779 	0.016820 	0.013072 	0.001235 	0.075093 	 0.000027 
0.052818 	0.030721 	0.017507 	0.011443 	0.001273 	0.052788 	 0.000014 
0.049379 	0.030849 	0.017630 	0.011427 	0.001281 	0.049357 	 0.000006 
0.070035 	0.032081 	0.016942 	0.013185 	0.001265 	0.069992 	 0.000020 
0.068841 	0.031755 	0.016970 	0.012954 	0.001263 	0.068785 	 0.000033 
0.053243 	0.029820 	0.017055 	0.011402 	0.001189 	0.053226 	 -0.000004 
0.063893 	0.031718 	0.017141 	0.012825 	0.001273 	0.063836 	 0.000033 
0.070062 	0.032417 	0.017307 	0.013230 	0.001288 	0.069999 	 0.000039 
0.067749 	0.033804 	0.017842 	0.013896 	0.001368 	0.067679 	 0.000046 
0.048128 	0.030804 	0.017666 	0.011353 	0.001272 	0.048107 	 0.000005 
0.074013 	0.032497 	0.017111 	0.013399 	0.001273 	0.073960 	 0.000030 
0.051961 	0.031583 	0.017784 	0.011850 	0.001315 	0.051925 	 0.000021 
0.066240 	0.033493 	0.017845 	0.013549 	0.001381 	0.066170 	 0.000051 
0.068223 	0.031979 	0.017189 	0.012952 	0.001256 	0.068177 	 0.000021 
0.074769 	0.033651 	0.017317 	0.014137 	0.001352 	0.074696 	 0.000051 
0.073265 	0.031625 	0.016637 	0.013064 	0.001238 	0.073224 	 0.000019 
0.077742 	0.034026 	0.017494 	0.014317 	0.001360 	0.077666 	 0.000053 
0.067286 	0.031139 	0.016991 	0.012469 	0.001221 	0.067239 	 0.000023 
0.071858 	0.033271 	0.017405 	0.013823 	0.001347 	0.071776 	 0.000058 
0.055008 	0.030547 	0.017366 	0.011393 	0.001246 	0.054983 	 0.000008 
0.068042 	0.031877 	0.017268 	0.012778 	0.001292 	0.067987 	 0.000035 
0.071325 	0.033911 	0.017533 	0.014205 	0.001380 	0.071253 	 0.000049 
0.056671 	0.032348 	0.017764 	0.012742 	0.001325 	0.056631 	 0.000019 
0.071311 	0.033695 	0.017642 	0.013959 	0.001355 	0.071243 	 0.000044 
0.064196 	0.032683 	0.017427 	0.013356 	0.001323 	0.064133 	 0.000038 
0.061469 	0.030513 	0.017136 	0.011568 	0.001237 	0.061437 	 0.000017 
0.055944 	0.033410 	0.018106 	0.013284 	0.001381 	0.055898 	 0.000025 
0.073480 	0.033606 	0.017369 	0.014035 	0.001341 	0.073418 	 0.000039 
0.069615 	0.033899 	0.017755 	0.014035 	0.001364 	0.069553 	 0.000038 
0.038368 	0.031661 	0.018362 	0.011467 	0.001359 	0.038334 	 0.000018 
0.061169 	0.033341 	0.017967 	0.012985 	0.001395 	0.061114 	 0.000042 
0.062639 	0.033598 	0.017779 	0.013791 	0.001379 	0.062573 	 0.000042 
0.072104 	0.035380 	0.018053 	0.014974 	0.001459 	0.072010 	 0.000070 
0.051514 	0.032754 	0.018211 	0.012774 	0.001369 	0.051451 	 0.000043 
0.075072 	0.035038 	0.017782 	0.014879 	0.001427 	0.074989 	 0.000060 
0.047549 	0.034175 	0.018728 	0.013024 	0.001472 	0.047489 	 0.000046 
0.071119 	0.034454 	0.017763 	0.014448 	0.001410 	0.071036 	 0.000059 
0.073492 	0.034376 	0.017606 	0.014483 	0.001392 	0.073420 	 0.000049 
0.069675 	0.033811 	0.017640 	0.014051 	0.001377 	0.069598 	 0.000054 
0.062725 	0.033030 	0.017854 	0.013203 	0.001361 	0.062663 	 0.000042 
0.070383 	0.035432 	0.018121 	0.014945 	0.001456 	0.070293 	 0.000066 
0.052017 	0.032652 	0.018141 	0.012391 	0.001398 	0.051964 	 0.000039 
0.059506 	0.033420 	0.018064 	0.013353 	0.001391 	0.059444 	 0.000042 
0.063953 	0.034794 	0.018357 	0.014307 	0.001432 	0.063875 	 0.000053 
0.054640 	0.033519 	0.018307 	0.013312 	0.001413 	0.054570 	 0.000050 
0.080872 	0.034701 	0.017458 	0.014831 	0.001398 	0.080787 	 0.000062 
0.046427 	0.033212 	0.018439 	0.012540 	0.001424 	0.046382 	 0.000030 
0.064290 	0.034677 	0.018169 	0.014373 	0.001445 	0.064199 	 0.000066 
0.044656 	0.032318 	0.018342 	0.012360 	0.001366 	0.044602 	 0.000032 
0.050672 	0.031047 	0.017663 	0.011517 	0.001282 	0.050647 	 0.000009 
0.071583 	0.033433 	0.017428 	0.013910 	0.001354 	0.071509 	 0.000051 
0.068707 	0.035275 	0.018326 	0.014680 	0.001449 	0.068623 	 0.000060 
0.062356 	0.033819 	0.018095 	0.013640 	0.001406 	0.062287 	 0.000050 
0.074064 	0.035043 	0.018008 	0.014718 	0.001423 	0.073984 	 0.000056 
0.065590 	0.035639 	0.018579 	0.014769 	0.001474 	0.065501 	 0.000064 
0.064951 	0.035328 	0.018224 	0.014765 	0.001451 	0.064874 	 0.000053 
0.078788 	0.034578 	0.017593 	0.014686 	0.001414 	0.078690 	 0.000075 
0.069795 	0.034774 	0.017881 	0.014588 	0.001417 	0.069722 	 0.000050 
0.072220 	0.035651 	0.018349 	0.014936 	0.001459 	0.072124 	 0.000072 
0.095483 	0.037482 	0.017935 	0.016414 	0.001542 	0.095377 	 0.000090 
0.094445 	0.036701 	0.017775 	0.015995 	0.001514 	0.094332 	 0.000098 
0.096601 	0.037314 	0.017849 	0.016496 	0.001497 	0.096491 	 0.000089 
0.107611 	0.037721 	0.017381 	0.017160 	0.001518 	0.107493 	 0.000097 
0.078173 	0.035954 	0.018059 	0.014811 	0.001518 	0.078087 	 0.000074 
0.107382 	0.037254 	0.017287 	0.016851 	0.001488 	0.107268 	 0.000094 
0.111884 	0.037551 	0.017324 	0.017055 	0.001493 	0.111764 	 0.000100 
0.088641 	0.036287 	0.017887 	0.015585 	0.001494 	0.088540 	 0.000085 
0.078933 	0.036232 	0.018056 	0.015013 	0.001524 	0.078849 	 0.000072 
0.080193 	0.036616 	0.018135 	0.015232 	0.001543 	0.080106 	 0.000076 
0.104766 	0.037517 	0.017488 	0.016910 	0.001502 	0.104649 	 0.000097 
0.093221 	0.037153 	0.017765 	0.016475 	0.001512 	0.093117 	 0.000082 
0.101016 	0.038824 	0.018199 	0.017408 	0.001574 	0.100887 	 0.000109 
0.086589 	0.036525 	0.018032 	0.015675 	0.001519 	0.086481 	 0.000092 
0.100151 	0.038775 	0.018275 	0.017332 	0.001588 	0.100012 	 0.000118 
0.097969 	0.038107 	0.018054 	0.016964 	0.001540 	0.097855 	 0.000093 
0.096544 	0.036697 	0.017611 	0.016192 	0.001457 	0.096449 	 0.000074 
0.077780 	0.037018 	0.018483 	0.015700 	0.001547 	0.077685 	 0.000077 
0.103452 	0.037205 	0.017422 	0.016713 	0.001487 	0.103336 	 0.000095 
0.093191 	0.036920 	0.017706 	0.016337 	0.001501 	0.093083 	 0.000086 
0.094717 	0.037107 	0.017866 	0.016198 	0.001529 	0.094606 	 0.000096 
0.086129 	0.035764 	0.017776 	0.015294 	0.001470 	0.086029 	 0.000083 
0.088445 	0.037169 	0.018122 	0.016068 	0.001545 	0.088338 	 0.000092 
0.072051 	0.035528 	0.018158 	0.014422 	0.001499 	0.071974 	 0.000064 
0.093668 	0.036313 	0.017458 	0.016027 	0.001457 	0.093570 	 0.000076 
0.075132 	0.037280 	0.018666 	0.015773 	0.001577 	0.075027 	 0.000088 
0.095767 	0.037397 	0.017985 	0.016500 	0.001520 	0.095646 	 0.000099 
0.091227 	0.036919 	0.017815 	0.016251 	0.001500 	0.091121 	 0.000085 
0.085363 	0.037009 	0.018230 	0.015904 	0.001550 	0.085245 	 0.000102 
0.091409 	0.037291 	0.018131 	0.016160 	0.001554 	0.091289 	 0.000105 
0.151663 	0.040999 	0.016814 	0.019946 	0.001594 	0.151511 	 0.000137 
