di 	gli 	gal 	gos3 	gos4 	lac 	 glb 
0.458102 	0.017035 	0.001627 	0.014216 	-0.000053 	0.457958 	 0.000133 
0.474614 	0.006873 	-0.002949 	0.011697 	-0.000349 	0.474442 	 0.000183 
0.455546 	0.013468 	0.000687 	0.012344 	-0.000215 	0.455401 	 0.000126 
0.475399 	0.015173 	0.000392 	0.013178 	0.000064 	0.475233 	 0.000153 
0.473613 	0.017616 	0.001505 	0.013668 	0.000083 	0.473403 	 0.000172 
0.469284 	0.014431 	0.000557 	0.011906 	-0.000051 	0.469079 	 0.000165 
0.479835 	0.012106 	-0.001402 	0.014772 	-0.000225 	0.479675 	 0.000166 
0.472520 	0.015323 	0.000911 	0.012266 	-0.000007 	0.472290 	 0.000191 
0.477010 	0.012659 	-0.000947 	0.014743 	-0.000165 	0.476851 	 0.000164 
0.484014 	0.019390 	0.001481 	0.016277 	0.000034 	0.483816 	 0.000143 
0.458890 	0.027844 	0.004218 	0.020081 	0.000474 	0.458692 	 0.000169 
0.472923 	0.021264 	0.002470 	0.016019 	0.000189 	0.472736 	 0.000154 
0.482189 	0.011298 	-0.001233 	0.013650 	-0.000193 	0.481990 	 0.000208 
0.480664 	0.024827 	0.003186 	0.019570 	0.000246 	0.480417 	 0.000219 
0.459026 	0.025327 	0.004088 	0.017824 	0.000394 	0.458792 	 0.000206 
0.486711 	0.022778 	0.002624 	0.018568 	0.000143 	0.486463 	 0.000219 
0.442340 	0.020610 	0.002824 	0.016027 	0.000158 	0.442164 	 0.000149 
0.432280 	0.020130 	0.002946 	0.015512 	0.000147 	0.432057 	 0.000163 
0.425937 	0.016176 	0.000912 	0.015057 	0.000077 	0.425780 	 0.000168 
0.419845 	0.024171 	0.003875 	0.016761 	0.000445 	0.419647 	 0.000168 
0.426370 	0.022177 	0.003048 	0.015653 	0.000431 	0.426192 	 0.000169 
0.423437 	0.018670 	0.001105 	0.016271 	0.000238 	0.423252 	 0.000188 
0.422164 	0.023794 	0.003904 	0.017544 	0.000339 	0.421942 	 0.000166 
0.413334 	0.019962 	0.002554 	0.013747 	0.000401 	0.413137 	 0.000193 
0.424244 	0.028208 	0.004996 	0.019387 	0.000668 	0.424028 	 0.000209 
0.420786 	0.023666 	0.003855 	0.016167 	0.000489 	0.420588 	 0.000193 
0.428189 	0.024985 	0.004248 	0.017192 	0.000493 	0.427972 	 0.000189 
0.422540 	0.026632 	0.004346 	0.018521 	0.000573 	0.422323 	 0.000187 
0.414074 	0.025786 	0.004534 	0.017511 	0.000588 	0.413875 	 0.000193 
0.423887 	0.026200 	0.004461 	0.018027 	0.000532 	0.423689 	 0.000171 
0.436327 	0.026109 	0.004488 	0.018059 	0.000518 	0.436098 	 0.000201 
0.407854 	0.031848 	0.005853 	0.021320 	0.000831 	0.407651 	 0.000195 
0.426181 	0.028404 	0.004896 	0.019882 	0.000664 	0.425968 	 0.000206 
0.443253 	0.020426 	0.002727 	0.014673 	0.000338 	0.443001 	 0.000218 
0.416384 	0.034362 	0.006209 	0.022895 	0.000977 	0.416136 	 0.000240 
0.428364 	0.023398 	0.002973 	0.018677 	0.000410 	0.428153 	 0.000216 
0.422441 	0.031354 	0.005848 	0.021899 	0.000686 	0.422220 	 0.000191 
0.417884 	0.032595 	0.005876 	0.022061 	0.000858 	0.417663 	 0.000212 
0.424826 	0.030935 	0.005371 	0.020823 	0.000810 	0.424571 	 0.000249 
0.416211 	0.030364 	0.005460 	0.019938 	0.000815 	0.415961 	 0.000245 
0.415042 	0.031696 	0.005600 	0.020987 	0.000878 	0.414796 	 0.000240 
0.429802 	0.034286 	0.006509 	0.023912 	0.000800 	0.429500 	 0.000243 
0.427505 	0.027967 	0.004889 	0.020316 	0.000602 	0.427243 	 0.000279 
0.442031 	0.030751 	0.005348 	0.022142 	0.000644 	0.441690 	 0.000235 
0.427788 	0.033542 	0.006593 	0.023373 	0.000754 	0.427449 	 0.000265 
0.439225 	0.037879 	0.007688 	0.025058 	0.000953 	0.438966 	 0.000241 
0.436496 	0.034676 	0.006771 	0.024295 	0.000750 	0.436164 	 0.000289 
0.440491 	0.035104 	0.007068 	0.023143 	0.000864 	0.440207 	 0.000265 
0.455137 	0.027358 	0.003745 	0.021208 	0.000516 	0.454869 	 0.000276 
0.447722 	0.037884 	0.007359 	0.025677 	0.001006 	0.447443 	 0.000271 
0.450852 	0.031103 	0.005661 	0.021148 	0.000769 	0.450556 	 0.000293 
0.451453 	0.035707 	0.006708 	0.025031 	0.000851 	0.451146 	 0.000317 
0.445794 	0.035611 	0.006762 	0.025068 	0.000791 	0.445509 	 0.000277 
0.437857 	0.040025 	0.007917 	0.027512 	0.000992 	0.437548 	 0.000295 
0.434890 	0.041546 	0.008600 	0.027312 	0.001129 	0.434565 	 0.000310 
0.443658 	0.037744 	0.007868 	0.024758 	0.000980 	0.443324 	 0.000317 
0.443172 	0.041340 	0.008548 	0.027350 	0.001118 	0.442852 	 0.000305 
0.453312 	0.036811 	0.006362 	0.026249 	0.000928 	0.452995 	 0.000323 
0.447182 	0.036649 	0.007178 	0.024458 	0.000948 	0.446834 	 0.000327 
0.437267 	0.041602 	0.008996 	0.026625 	0.001200 	0.436926 	 0.000338 
0.429483 	0.041193 	0.008466 	0.026682 	0.001207 	0.429170 	 0.000307 
0.442710 	0.040618 	0.008265 	0.027254 	0.001088 	0.442376 	 0.000344 
0.446738 	0.036938 	0.007293 	0.025700 	0.000903 	0.446437 	 0.000316 
0.441384 	0.041959 	0.008808 	0.027348 	0.001203 	0.441062 	 0.000317 
0.444749 	0.035668 	0.007290 	0.022912 	0.001002 	0.444413 	 0.000333 
0.450036 	0.043582 	0.009601 	0.029009 	0.001127 	0.449714 	 0.000335 
0.440098 	0.043381 	0.009013 	0.028290 	0.001262 	0.439773 	 0.000318 
0.428042 	0.046586 	0.010331 	0.029664 	0.001342 	0.427718 	 0.000314 
0.439085 	0.042155 	0.008740 	0.026766 	0.001273 	0.438727 	 0.000354 
0.427025 	0.041031 	0.008248 	0.027078 	0.001160 	0.426691 	 0.000317 
0.435928 	0.044320 	0.009386 	0.028857 	0.001272 	0.435572 	 0.000343 
0.404477 	0.046470 	0.010563 	0.030237 	0.001295 	0.404160 	 0.000338 
0.427001 	0.046938 	0.010015 	0.031125 	0.001323 	0.426634 	 0.000337 
0.434192 	0.042642 	0.009449 	0.027342 	0.001185 	0.433827 	 0.000354 
0.440520 	0.039413 	0.008045 	0.026328 	0.001053 	0.440177 	 0.000355 
0.429544 	0.046179 	0.009859 	0.030629 	0.001292 	0.429184 	 0.000332 
0.431802 	0.044508 	0.009693 	0.028742 	0.001285 	0.431424 	 0.000367 
0.407157 	0.048628 	0.010944 	0.031580 	0.001386 	0.406811 	 0.000350 
0.429200 	0.044459 	0.009751 	0.027784 	0.001369 	0.428824 	 0.000374 
0.444887 	0.045973 	0.009623 	0.030333 	0.001303 	0.444537 	 0.000359 
0.448853 	0.047642 	0.010353 	0.030738 	0.001390 	0.448489 	 0.000353 
0.430440 	0.047843 	0.010455 	0.030772 	0.001416 	0.430102 	 0.000329 
0.426258 	0.041770 	0.009191 	0.028172 	0.001074 	0.425800 	 0.000386 
0.438222 	0.048417 	0.010109 	0.031623 	0.001391 	0.437892 	 0.000332 
0.398907 	0.051163 	0.011721 	0.032749 	0.001516 	0.398559 	 0.000348 
0.437025 	0.048474 	0.010992 	0.030645 	0.001472 	0.436660 	 0.000360 
0.439170 	0.042345 	0.008176 	0.028307 	0.001215 	0.438821 	 0.000352 
0.444006 	0.050905 	0.011032 	0.032796 	0.001496 	0.443640 	 0.000371 
0.421471 	0.050720 	0.011710 	0.031907 	0.001541 	0.421100 	 0.000367 
0.447290 	0.045626 	0.009867 	0.029706 	0.001282 	0.446929 	 0.000370 
0.431361 	0.052497 	0.011930 	0.033365 	0.001588 	0.430966 	 0.000390 
0.433793 	0.047887 	0.010149 	0.030675 	0.001432 	0.433412 	 0.000390 
0.416511 	0.049382 	0.011101 	0.032386 	0.001406 	0.416141 	 0.000377 
0.434962 	0.046618 	0.009813 	0.030071 	0.001357 	0.434585 	 0.000386 
0.440474 	0.050493 	0.011653 	0.031684 	0.001553 	0.440072 	 0.000400 
0.425059 	0.050909 	0.011600 	0.032120 	0.001556 	0.424669 	 0.000383 
0.442269 	0.045064 	0.009122 	0.029520 	0.001301 	0.441898 	 0.000381 
0.415989 	0.050251 	0.011234 	0.032887 	0.001460 	0.415593 	 0.000380 
0.446756 	0.047090 	0.010268 	0.030393 	0.001364 	0.446357 	 0.000415 
0.436187 	0.057591 	0.012657 	0.036464 	0.001764 	0.435827 	 0.000356 
0.419250 	0.055447 	0.012795 	0.034952 	0.001742 	0.418857 	 0.000390 
0.424749 	0.054677 	0.012902 	0.034102 	0.001705 	0.424329 	 0.000419 
0.435312 	0.056943 	0.012749 	0.035713 	0.001741 	0.434934 	 0.000380 
0.427568 	0.055968 	0.012332 	0.036335 	0.001748 	0.427160 	 0.000383 
0.427880 	0.056202 	0.012959 	0.035575 	0.001752 	0.427501 	 0.000378 
0.420357 	0.054461 	0.012154 	0.035302 	0.001670 	0.419930 	 0.000386 
0.442104 	0.052395 	0.011365 	0.033131 	0.001609 	0.441683 	 0.000431 
0.428017 	0.050527 	0.011661 	0.031088 	0.001605 	0.427598 	 0.000419 
0.432013 	0.054707 	0.012354 	0.034964 	0.001710 	0.431605 	 0.000404 
0.438603 	0.056800 	0.013093 	0.035346 	0.001735 	0.438201 	 0.000413 
0.435732 	0.056266 	0.011931 	0.035554 	0.001764 	0.435340 	 0.000387 
0.385226 	0.061839 	0.014933 	0.038643 	0.001982 	0.384853 	 0.000421 
0.426863 	0.058891 	0.013657 	0.036943 	0.001871 	0.426456 	 0.000406 
0.426040 	0.051471 	0.011729 	0.031496 	0.001667 	0.425621 	 0.000417 
0.429172 	0.053647 	0.012078 	0.034923 	0.001612 	0.428709 	 0.000419 
0.439184 	0.057142 	0.013052 	0.036390 	0.001792 	0.438757 	 0.000426 
0.406645 	0.058313 	0.013554 	0.037178 	0.001823 	0.406222 	 0.000417 
0.428244 	0.058339 	0.013619 	0.036800 	0.001850 	0.427811 	 0.000434 
0.417227 	0.054040 	0.012640 	0.033820 	0.001705 	0.416785 	 0.000440 
0.430987 	0.052715 	0.012279 	0.032012 	0.001729 	0.430530 	 0.000459 
0.426069 	0.053627 	0.011877 	0.034984 	0.001629 	0.425619 	 0.000398 
0.417108 	0.057797 	0.013276 	0.036487 	0.001849 	0.416709 	 0.000397 
0.431799 	0.057049 	0.013545 	0.035426 	0.001836 	0.431372 	 0.000425 
0.399379 	0.057268 	0.013463 	0.036247 	0.001805 	0.399001 	 0.000393 
0.417902 	0.056206 	0.012614 	0.035853 	0.001787 	0.417506 	 0.000391 
0.422107 	0.058883 	0.013875 	0.036658 	0.001906 	0.421700 	 0.000403 
0.430688 	0.063066 	0.014951 	0.039683 	0.002043 	0.430271 	 0.000412 
0.401179 	0.057357 	0.013313 	0.036592 	0.001815 	0.400739 	 0.000408 
0.430494 	0.057152 	0.013464 	0.035722 	0.001810 	0.430048 	 0.000444 
0.430280 	0.058143 	0.013495 	0.036082 	0.001910 	0.429842 	 0.000434 
0.424132 	0.059934 	0.013961 	0.037745 	0.001911 	0.423729 	 0.000405 
0.428108 	0.058261 	0.013286 	0.036937 	0.001855 	0.427700 	 0.000405 
0.431748 	0.056850 	0.013215 	0.035146 	0.001861 	0.431310 	 0.000435 
0.428701 	0.057468 	0.013335 	0.036289 	0.001823 	0.428278 	 0.000422 
0.412846 	0.055248 	0.012495 	0.035630 	0.001705 	0.412422 	 0.000398 
0.429228 	0.059038 	0.014021 	0.036903 	0.001891 	0.428816 	 0.000409 
0.428662 	0.060129 	0.014091 	0.037764 	0.001937 	0.428230 	 0.000434 
0.434322 	0.062314 	0.015391 	0.037611 	0.001942 	0.433891 	 0.000443 
0.396321 	0.060580 	0.014371 	0.038261 	0.001933 	0.395876 	 0.000436 
0.431509 	0.056094 	0.013105 	0.034496 	0.001841 	0.431066 	 0.000442 
0.434770 	0.057239 	0.012284 	0.035627 	0.001834 	0.434346 	 0.000426 
0.410170 	0.067887 	0.016236 	0.042117 	0.002229 	0.409778 	 0.000400 
0.422782 	0.059625 	0.013886 	0.037402 	0.001916 	0.422364 	 0.000418 
0.419884 	0.058461 	0.013765 	0.036445 	0.001891 	0.419420 	 0.000463 
0.424847 	0.057410 	0.013384 	0.036217 	0.001844 	0.424397 	 0.000450 
0.435732 	0.062755 	0.015214 	0.038795 	0.002054 	0.435280 	 0.000450 
0.431321 	0.054419 	0.012155 	0.033726 	0.001728 	0.430898 	 0.000430 
0.432060 	0.060696 	0.014182 	0.037008 	0.001936 	0.431638 	 0.000422 
0.443342 	0.057011 	0.012627 	0.035664 	0.001803 	0.442928 	 0.000414 
0.433365 	0.053812 	0.012291 	0.032882 	0.001719 	0.432902 	 0.000480 
0.405375 	0.055823 	0.013280 	0.033816 	0.001881 	0.404954 	 0.000422 
0.367210 	0.061884 	0.015258 	0.038010 	0.002070 	0.366834 	 0.000391 
0.418636 	0.059020 	0.013766 	0.035989 	0.001914 	0.418227 	 0.000412 
0.384975 	0.057040 	0.013831 	0.035765 	0.001845 	0.384488 	 0.000426 
0.413816 	0.059630 	0.014954 	0.035803 	0.001988 	0.413359 	 0.000460 
0.393572 	0.061103 	0.015124 	0.036648 	0.002076 	0.393145 	 0.000428 
0.380658 	0.059289 	0.014463 	0.037094 	0.001917 	0.380223 	 0.000426 
0.394663 	0.060927 	0.014608 	0.037631 	0.002038 	0.394225 	 0.000440 
0.398642 	0.062774 	0.015533 	0.036692 	0.002117 	0.398201 	 0.000451 
0.393969 	0.062731 	0.015145 	0.038610 	0.002113 	0.393543 	 0.000431 
0.385650 	0.060466 	0.014358 	0.037879 	0.002003 	0.385189 	 0.000407 
0.387127 	0.059104 	0.014449 	0.036849 	0.001923 	0.386660 	 0.000432 
0.405842 	0.057891 	0.013585 	0.034569 	0.001939 	0.405411 	 0.000439 
0.369306 	0.064565 	0.016061 	0.039529 	0.002175 	0.368885 	 0.000425 
0.408091 	0.054669 	0.013269 	0.032609 	0.001790 	0.407663 	 0.000439 
0.378838 	0.060014 	0.014635 	0.037367 	0.001973 	0.378396 	 0.000420 
0.376138 	0.061849 	0.015179 	0.038494 	0.002053 	0.375668 	 0.000442 
0.396559 	0.060940 	0.014975 	0.037279 	0.002033 	0.396124 	 0.000439 
0.397052 	0.065902 	0.016278 	0.038731 	0.002217 	0.396632 	 0.000426 
0.407007 	0.057604 	0.013943 	0.034265 	0.001918 	0.406574 	 0.000443 
0.384849 	0.058170 	0.014165 	0.036638 	0.001866 	0.384388 	 0.000439 
0.389928 	0.060282 	0.014657 	0.036931 	0.002024 	0.389484 	 0.000447 
0.417460 	0.063463 	0.015418 	0.039230 	0.002132 	0.417026 	 0.000430 
0.404636 	0.062922 	0.015352 	0.038227 	0.002152 	0.404180 	 0.000457 
0.407626 	0.061571 	0.014478 	0.037170 	0.002043 	0.407235 	 0.000388 
0.410491 	0.059098 	0.013907 	0.035429 	0.001976 	0.410065 	 0.000428 
0.402945 	0.062234 	0.014633 	0.037116 	0.002103 	0.402528 	 0.000416 
0.409392 	0.063159 	0.015293 	0.038866 	0.002139 	0.408955 	 0.000436 
0.405043 	0.063175 	0.015752 	0.038191 	0.002141 	0.404595 	 0.000449 
0.395991 	0.059151 	0.014487 	0.035154 	0.002037 	0.395547 	 0.000446 
0.385910 	0.064328 	0.015926 	0.039212 	0.002184 	0.385460 	 0.000458 
0.411322 	0.056136 	0.013464 	0.033497 	0.001876 	0.410876 	 0.000457 
0.408425 	0.061674 	0.015422 	0.036952 	0.002095 	0.407959 	 0.000469 
0.406066 	0.059182 	0.014054 	0.035220 	0.001996 	0.405627 	 0.000444 
0.385242 	0.061513 	0.015174 	0.037505 	0.002083 	0.384799 	 0.000448 
0.358494 	0.065199 	0.016326 	0.039937 	0.002210 	0.358074 	 0.000434 
0.402185 	0.062862 	0.015203 	0.037227 	0.002138 	0.401751 	 0.000441 
0.362931 	0.063821 	0.015902 	0.039173 	0.002154 	0.362532 	 0.000419 
0.378623 	0.061889 	0.015061 	0.038541 	0.002060 	0.378162 	 0.000433 
0.405796 	0.061008 	0.014905 	0.035804 	0.002064 	0.405347 	 0.000461 
0.372091 	0.063213 	0.015750 	0.038969 	0.002124 	0.371618 	 0.000447 
0.413853 	0.057084 	0.014121 	0.033927 	0.001868 	0.413413 	 0.000455 
0.391608 	0.065853 	0.016426 	0.040155 	0.002233 	0.391164 	 0.000455 
0.364961 	0.064044 	0.015924 	0.039350 	0.002177 	0.364507 	 0.000435 
0.383286 	0.066156 	0.016702 	0.040090 	0.002266 	0.382839 	 0.000458 
0.399343 	0.067894 	0.016860 	0.039826 	0.002305 	0.398908 	 0.000436 
0.405329 	0.060248 	0.014822 	0.035540 	0.002019 	0.404884 	 0.000458 
0.371132 	0.062529 	0.015698 	0.038580 	0.002088 	0.370629 	 0.000463 
0.405748 	0.057312 	0.014441 	0.033353 	0.001912 	0.405273 	 0.000495 
0.399979 	0.064191 	0.015951 	0.038340 	0.002225 	0.399510 	 0.000470 
0.391583 	0.067300 	0.016508 	0.040747 	0.002352 	0.391135 	 0.000446 
0.391480 	0.064681 	0.016163 	0.037753 	0.002184 	0.391065 	 0.000424 
0.401410 	0.058500 	0.013957 	0.034683 	0.001978 	0.400967 	 0.000452 
0.382643 	0.061506 	0.015056 	0.038198 	0.002046 	0.382157 	 0.000438 
0.397257 	0.058879 	0.014563 	0.034302 	0.002002 	0.396807 	 0.000463 
0.389780 	0.063463 	0.015926 	0.038444 	0.002161 	0.389320 	 0.000468 
0.391069 	0.065693 	0.015753 	0.038516 	0.002252 	0.390637 	 0.000433 
0.372911 	0.062168 	0.015537 	0.038450 	0.002083 	0.372395 	 0.000463 
0.371119 	0.066142 	0.016237 	0.040787 	0.002271 	0.370687 	 0.000432 
0.394312 	0.063180 	0.015519 	0.038456 	0.002148 	0.393872 	 0.000445 
0.386503 	0.064464 	0.015608 	0.039983 	0.002176 	0.386016 	 0.000440 
0.403321 	0.023968 	0.001606 	0.020780 	0.000385 	0.403292 	 -0.000001 
0.410479 	0.017638 	0.000391 	0.014412 	0.000301 	0.410401 	 0.000059 
0.430238 	0.018823 	0.001206 	0.015209 	0.000240 	0.430142 	 0.000056 
0.414931 	0.018176 	0.001045 	0.014729 	0.000230 	0.414863 	 0.000028 
0.454826 	0.022118 	0.002006 	0.017547 	0.000316 	0.454674 	 0.000069 
0.422792 	0.017107 	-0.001344 	0.017852 	0.000172 	0.422728 	 0.000032 
0.421886 	0.020048 	0.001457 	0.016100 	0.000318 	0.421775 	 0.000072 
0.405247 	0.025650 	0.002581 	0.019751 	0.000597 	0.405158 	 0.000071 
0.423940 	0.020514 	-0.000118 	0.019481 	0.000295 	0.423856 	 0.000052 
0.407615 	0.029653 	0.003388 	0.023602 	0.000643 	0.407530 	 0.000059 
0.425165 	0.020782 	0.001109 	0.016997 	0.000409 	0.425055 	 0.000092 
0.464668 	0.023106 	0.002160 	0.018674 	0.000341 	0.464473 	 0.000112 
0.431688 	0.022264 	0.000735 	0.020284 	0.000334 	0.431594 	 0.000071 
0.417945 	0.029487 	0.002848 	0.023843 	0.000655 	0.417830 	 0.000088 
0.427183 	0.026769 	0.001728 	0.022835 	0.000532 	0.427080 	 0.000069 
0.411622 	0.024138 	0.002178 	0.018364 	0.000566 	0.411493 	 0.000113 
0.429676 	0.028990 	0.004311 	0.020968 	0.000639 	0.429531 	 0.000116 
0.431115 	0.025668 	0.002872 	0.019464 	0.000546 	0.430972 	 0.000107 
0.434748 	0.027890 	0.003622 	0.020650 	0.000625 	0.434581 	 0.000134 
0.423670 	0.030836 	0.004012 	0.022823 	0.000811 	0.423503 	 0.000150 
0.466435 	0.026159 	0.002924 	0.020427 	0.000475 	0.466220 	 0.000127 
0.431925 	0.031688 	0.004671 	0.022951 	0.000750 	0.431785 	 0.000111 
0.419491 	0.032115 	0.004418 	0.023455 	0.000830 	0.419335 	 0.000137 
0.435783 	0.031621 	0.002893 	0.025763 	0.000726 	0.435657 	 0.000093 
0.428233 	0.034043 	0.004483 	0.025548 	0.000896 	0.428081 	 0.000130 
0.463676 	0.030964 	0.004326 	0.023077 	0.000690 	0.463416 	 0.000168 
0.425509 	0.033884 	0.004616 	0.025529 	0.000885 	0.425374 	 0.000114 
0.425740 	0.031733 	0.003489 	0.024424 	0.000840 	0.425600 	 0.000119 
0.439466 	0.030798 	0.003463 	0.023214 	0.000814 	0.439276 	 0.000171 
0.431092 	0.029268 	0.003304 	0.022081 	0.000761 	0.430907 	 0.000170 
0.437457 	0.035452 	0.005316 	0.025733 	0.000924 	0.437272 	 0.000156 
0.460877 	0.033980 	0.004950 	0.024953 	0.000828 	0.460606 	 0.000176 
0.458252 	0.034933 	0.005194 	0.025446 	0.000859 	0.457998 	 0.000173 
0.470966 	0.033328 	0.004988 	0.024720 	0.000774 	0.470643 	 0.000215 
0.425132 	0.035359 	0.004796 	0.025744 	0.001011 	0.424928 	 0.000187 
0.459182 	0.034631 	0.005270 	0.025252 	0.000856 	0.458901 	 0.000188 
0.464041 	0.038146 	0.005979 	0.027286 	0.001016 	0.463751 	 0.000191 
0.440572 	0.034993 	0.004110 	0.026106 	0.001002 	0.440380 	 0.000169 
0.434632 	0.041582 	0.006757 	0.029861 	0.001199 	0.434415 	 0.000198 
0.482985 	0.032704 	0.004341 	0.024907 	0.000740 	0.482678 	 0.000206 
0.437321 	0.037852 	0.005592 	0.027636 	0.001087 	0.437111 	 0.000191 
0.433964 	0.041183 	0.006414 	0.029836 	0.001202 	0.433754 	 0.000190 
0.437845 	0.039755 	0.005627 	0.028855 	0.001188 	0.437625 	 0.000198 
0.450655 	0.035219 	0.005552 	0.025251 	0.000928 	0.450406 	 0.000220 
0.470247 	0.037542 	0.005807 	0.027303 	0.000988 	0.469920 	 0.000222 
0.385844 	0.036966 	0.006557 	0.025420 	0.001093 	0.385633 	 0.000188 
0.398562 	0.038243 	0.006926 	0.026274 	0.001122 	0.398352 	 0.000188 
0.389545 	0.040490 	0.006739 	0.027852 	0.001299 	0.389336 	 0.000193 
0.388250 	0.043354 	0.007582 	0.029910 	0.001383 	0.388043 	 0.000193 
0.388646 	0.044767 	0.008215 	0.030490 	0.001423 	0.388443 	 0.000187 
0.401243 	0.040235 	0.007390 	0.027479 	0.001203 	0.401048 	 0.000175 
0.391357 	0.043263 	0.007876 	0.029339 	0.001383 	0.391118 	 0.000226 
0.393005 	0.045876 	0.008203 	0.031288 	0.001403 	0.392812 	 0.000163 
0.418824 	0.042479 	0.008127 	0.028672 	0.001279 	0.418519 	 0.000211 
0.393695 	0.042861 	0.007606 	0.029572 	0.001355 	0.393487 	 0.000192 
0.423454 	0.042427 	0.008139 	0.028927 	0.001268 	0.423078 	 0.000249 
0.390354 	0.046280 	0.008447 	0.031443 	0.001505 	0.390125 	 0.000213 
0.397545 	0.044581 	0.009394 	0.029123 	0.001370 	0.397268 	 0.000227 
0.398821 	0.047327 	0.008866 	0.032057 	0.001447 	0.398611 	 0.000184 
0.405371 	0.045127 	0.009045 	0.029833 	0.001413 	0.405093 	 0.000206 
0.395140 	0.047019 	0.008803 	0.032065 	0.001507 	0.394913 	 0.000211 
0.401973 	0.048446 	0.009883 	0.031714 	0.001547 	0.401726 	 0.000211 
0.399231 	0.047245 	0.009646 	0.030901 	0.001499 	0.398951 	 0.000219 
0.387946 	0.049514 	0.009688 	0.032991 	0.001623 	0.387693 	 0.000239 
0.395622 	0.052566 	0.009872 	0.034888 	0.001689 	0.395408 	 0.000177 
0.406381 	0.046430 	0.009462 	0.030522 	0.001469 	0.406060 	 0.000233 
0.389357 	0.046838 	0.008376 	0.031354 	0.001506 	0.389126 	 0.000204 
0.377570 	0.051354 	0.010094 	0.034375 	0.001685 	0.377345 	 0.000209 
0.381909 	0.049242 	0.009723 	0.032948 	0.001593 	0.381683 	 0.000211 
0.426008 	0.045513 	0.008792 	0.030650 	0.001414 	0.425683 	 0.000232 
0.387048 	0.054306 	0.010173 	0.035740 	0.001774 	0.386821 	 0.000193 
0.401177 	0.043964 	0.007592 	0.029800 	0.001399 	0.400904 	 0.000253 
0.392111 	0.051965 	0.010124 	0.035053 	0.001701 	0.391868 	 0.000227 
0.396507 	0.053308 	0.009925 	0.035166 	0.001745 	0.396259 	 0.000213 
0.412561 	0.052424 	0.010757 	0.034303 	0.001725 	0.412238 	 0.000254 
0.413736 	0.048773 	0.009790 	0.032330 	0.001555 	0.413416 	 0.000245 
0.385836 	0.053318 	0.011541 	0.034632 	0.001738 	0.385590 	 0.000240 
0.393254 	0.051488 	0.010018 	0.034325 	0.001716 	0.392984 	 0.000255 
0.387490 	0.048826 	0.009893 	0.032296 	0.001600 	0.387219 	 0.000257 
0.402735 	0.048061 	0.008091 	0.032554 	0.001552 	0.402477 	 0.000226 
0.419397 	0.052058 	0.010454 	0.034115 	0.001735 	0.419087 	 0.000233 
0.393614 	0.049549 	0.009696 	0.032765 	0.001655 	0.393336 	 0.000266 
0.388561 	0.047198 	0.008494 	0.031226 	0.001541 	0.388299 	 0.000231 
0.408944 	0.049618 	0.010317 	0.032681 	0.001591 	0.408613 	 0.000267 
0.394087 	0.051215 	0.009100 	0.034199 	0.001685 	0.393842 	 0.000208 
0.397698 	0.048980 	0.008328 	0.032889 	0.001624 	0.397440 	 0.000224 
0.398024 	0.055915 	0.010658 	0.036486 	0.001841 	0.397762 	 0.000223 
0.405848 	0.048312 	0.008030 	0.032840 	0.001563 	0.405582 	 0.000230 
0.405208 	0.053478 	0.011326 	0.034629 	0.001763 	0.404880 	 0.000273 
0.416065 	0.050722 	0.010389 	0.033551 	0.001636 	0.415682 	 0.000285 
0.401735 	0.053679 	0.011189 	0.035388 	0.001745 	0.401457 	 0.000269 
0.396908 	0.056340 	0.011408 	0.036990 	0.001910 	0.396598 	 0.000295 
0.393492 	0.055359 	0.010944 	0.035883 	0.001811 	0.393230 	 0.000229 
0.408686 	0.052750 	0.010710 	0.035170 	0.001716 	0.408414 	 0.000260 
0.405124 	0.052588 	0.009515 	0.034891 	0.001748 	0.404816 	 0.000281 
0.400304 	0.055516 	0.010917 	0.036938 	0.001868 	0.400007 	 0.000280 
0.398317 	0.055187 	0.011425 	0.036402 	0.001830 	0.398009 	 0.000298 
0.409367 	0.059799 	0.011471 	0.039275 	0.001965 	0.409108 	 0.000215 
0.411347 	0.052028 	0.009078 	0.034907 	0.001693 	0.411062 	 0.000254 
0.405231 	0.055028 	0.011221 	0.036536 	0.001825 	0.404909 	 0.000309 
0.411663 	0.059978 	0.012353 	0.040345 	0.001976 	0.411364 	 0.000282 
0.407209 	0.058629 	0.012343 	0.038601 	0.001950 	0.406906 	 0.000297 
0.403891 	0.063185 	0.013155 	0.042334 	0.002105 	0.403601 	 0.000272 
0.411616 	0.055140 	0.011418 	0.036630 	0.001806 	0.411315 	 0.000292 
0.410662 	0.053657 	0.009843 	0.035304 	0.001789 	0.410355 	 0.000278 
0.415823 	0.056600 	0.011896 	0.036961 	0.001892 	0.415443 	 0.000308 
0.394658 	0.059423 	0.012320 	0.039153 	0.001992 	0.394373 	 0.000277 
0.414526 	0.058281 	0.012246 	0.037891 	0.001968 	0.414171 	 0.000302 
0.403500 	0.055322 	0.011452 	0.036664 	0.001841 	0.403195 	 0.000296 
0.410544 	0.055896 	0.011110 	0.037407 	0.001870 	0.410233 	 0.000296 
0.435822 	0.053591 	0.010544 	0.036028 	0.001756 	0.435415 	 0.000306 
0.416217 	0.052906 	0.010786 	0.035342 	0.001727 	0.415892 	 0.000314 
0.396824 	0.058989 	0.012452 	0.038830 	0.001981 	0.396513 	 0.000305 
0.415918 	0.060528 	0.011307 	0.039768 	0.002027 	0.415619 	 0.000262 
0.439696 	0.055636 	0.011193 	0.037084 	0.001837 	0.439255 	 0.000332 
0.413380 	0.055984 	0.010986 	0.037290 	0.001907 	0.413038 	 0.000328 
0.424329 	0.058540 	0.012192 	0.038375 	0.001979 	0.423921 	 0.000330 
0.403860 	0.060845 	0.012716 	0.040074 	0.002039 	0.403581 	 0.000273 
0.408208 	0.061977 	0.012947 	0.040745 	0.002099 	0.407873 	 0.000318 
0.409620 	0.063595 	0.013180 	0.042214 	0.002150 	0.409320 	 0.000294 
0.388402 	0.063351 	0.013290 	0.040060 	0.002144 	0.388132 	 0.000232 
0.386194 	0.058834 	0.011610 	0.037700 	0.002025 	0.385902 	 0.000261 
0.383445 	0.058221 	0.012434 	0.037766 	0.001996 	0.383136 	 0.000295 
0.388677 	0.059590 	0.012155 	0.037814 	0.002047 	0.388365 	 0.000281 
0.398837 	0.056108 	0.012237 	0.036077 	0.001921 	0.398472 	 0.000297 
0.375458 	0.055160 	0.012067 	0.035736 	0.001888 	0.375133 	 0.000320 
0.384408 	0.058068 	0.012321 	0.037887 	0.001993 	0.384133 	 0.000268 
0.382665 	0.055784 	0.010820 	0.035705 	0.001921 	0.382368 	 0.000266 
0.396308 	0.055798 	0.010600 	0.036302 	0.001892 	0.396018 	 0.000258 
0.381760 	0.058920 	0.012519 	0.038509 	0.002032 	0.381464 	 0.000290 
0.389148 	0.060588 	0.012127 	0.038591 	0.002104 	0.388852 	 0.000260 
0.379433 	0.062284 	0.012367 	0.039509 	0.002151 	0.379152 	 0.000241 
0.380335 	0.061150 	0.013507 	0.039510 	0.002108 	0.380020 	 0.000313 
0.383745 	0.058596 	0.011954 	0.036987 	0.002029 	0.383438 	 0.000276 
0.383000 	0.059720 	0.013413 	0.037934 	0.002090 	0.382593 	 0.000327 
0.372109 	0.062890 	0.013303 	0.040822 	0.002207 	0.371797 	 0.000298 
0.388801 	0.064759 	0.014378 	0.040909 	0.002331 	0.388431 	 0.000310 
0.381470 	0.060839 	0.013156 	0.038796 	0.002143 	0.381122 	 0.000336 
0.386155 	0.061845 	0.013063 	0.040508 	0.002138 	0.385840 	 0.000301 
0.400853 	0.061301 	0.013392 	0.039111 	0.002163 	0.400475 	 0.000310 
0.383895 	0.066224 	0.013432 	0.041650 	0.002319 	0.383593 	 0.000258 
0.385607 	0.064222 	0.013537 	0.040018 	0.002264 	0.385275 	 0.000301 
0.394065 	0.058655 	0.012765 	0.038063 	0.002018 	0.393720 	 0.000339 
0.379169 	0.058814 	0.012168 	0.037873 	0.002092 	0.378835 	 0.000321 
0.389717 	0.057784 	0.011445 	0.036764 	0.002023 	0.389394 	 0.000292 
0.402858 	0.057107 	0.011145 	0.036783 	0.001947 	0.402531 	 0.000298 
0.375986 	0.064435 	0.014255 	0.041561 	0.002253 	0.375666 	 0.000318 
0.397540 	0.057869 	0.012701 	0.037187 	0.001993 	0.397133 	 0.000326 
0.401013 	0.059445 	0.012995 	0.038039 	0.002084 	0.400566 	 0.000326 
0.381739 	0.063962 	0.013581 	0.039647 	0.002236 	0.381402 	 0.000309 
0.378523 	0.060418 	0.013560 	0.038253 	0.002152 	0.378145 	 0.000307 
0.363340 	0.058829 	0.013099 	0.037597 	0.002071 	0.363048 	 0.000289 
0.377642 	0.060385 	0.012111 	0.038179 	0.002135 	0.377344 	 0.000261 
0.379104 	0.061320 	0.013491 	0.039493 	0.002146 	0.378802 	 0.000298 
0.382370 	0.062426 	0.013860 	0.039586 	0.002244 	0.381948 	 0.000318 
0.365136 	0.062727 	0.013884 	0.040150 	0.002218 	0.364831 	 0.000302 
0.367006 	0.062479 	0.013372 	0.040018 	0.002249 	0.366670 	 0.000323 
0.374876 	0.060773 	0.013975 	0.038178 	0.002164 	0.374460 	 0.000329 
0.364853 	0.063404 	0.014391 	0.040465 	0.002240 	0.364539 	 0.000316 
0.369259 	0.064653 	0.014242 	0.041785 	0.002260 	0.368951 	 0.000294 
0.381162 	0.063197 	0.013480 	0.039359 	0.002227 	0.380846 	 0.000281 
0.405192 	0.059891 	0.012921 	0.038553 	0.002116 	0.404780 	 0.000315 
0.366163 	0.063863 	0.014289 	0.040940 	0.002255 	0.365847 	 0.000317 
0.371782 	0.063950 	0.013878 	0.041361 	0.002248 	0.371470 	 0.000298 
0.359708 	0.066590 	0.015166 	0.042369 	0.002360 	0.359401 	 0.000310 
0.378308 	0.066458 	0.014335 	0.041118 	0.002355 	0.377985 	 0.000291 
0.380412 	0.063708 	0.014466 	0.040152 	0.002277 	0.380029 	 0.000332 
0.367663 	0.066043 	0.014490 	0.041930 	0.002388 	0.367295 	 0.000358 
0.370823 	0.067972 	0.015009 	0.044106 	0.002380 	0.370518 	 0.000289 
0.386036 	0.063993 	0.014269 	0.040445 	0.002317 	0.385604 	 0.000326 
0.383469 	0.065589 	0.013509 	0.041230 	0.002318 	0.383147 	 0.000284 
0.385143 	0.061005 	0.013588 	0.038639 	0.002178 	0.384715 	 0.000319 
0.396614 	0.062033 	0.013677 	0.039390 	0.002207 	0.396191 	 0.000322 
0.376183 	0.066589 	0.015437 	0.041388 	0.002419 	0.375789 	 0.000340 
0.383664 	0.061127 	0.013404 	0.039632 	0.002140 	0.383313 	 0.000349 
0.370023 	0.062217 	0.013657 	0.040256 	0.002186 	0.369702 	 0.000320 
0.384812 	0.063027 	0.013725 	0.040781 	0.002211 	0.384478 	 0.000331 
0.390744 	0.061589 	0.013495 	0.039433 	0.002188 	0.390333 	 0.000324 
0.387287 	0.061070 	0.013076 	0.039123 	0.002162 	0.386919 	 0.000358 
0.395197 	0.062477 	0.013921 	0.039778 	0.002212 	0.394765 	 0.000343 
0.380317 	0.061252 	0.013376 	0.039632 	0.002137 	0.379985 	 0.000328 
0.385837 	0.063344 	0.014083 	0.040749 	0.002214 	0.385492 	 0.000344 
0.383447 	0.062257 	0.013299 	0.040430 	0.002181 	0.383120 	 0.000314 
0.391301 	0.066201 	0.014833 	0.041877 	0.002385 	0.390905 	 0.000339 
0.374071 	0.064883 	0.014824 	0.040947 	0.002304 	0.373681 	 0.000353 
0.373564 	0.058374 	0.012535 	0.036225 	0.002062 	0.373233 	 0.000309 
0.365978 	0.064704 	0.014149 	0.041303 	0.002327 	0.365635 	 0.000332 
0.371243 	0.062734 	0.013631 	0.038595 	0.002212 	0.370919 	 0.000295 
0.371402 	0.067494 	0.014925 	0.043297 	0.002408 	0.371059 	 0.000330 
0.373068 	0.063800 	0.013975 	0.039025 	0.002270 	0.372726 	 0.000315 
0.367529 	0.066268 	0.015059 	0.042295 	0.002370 	0.367202 	 0.000329 
0.374474 	0.061930 	0.014205 	0.038917 	0.002224 	0.374059 	 0.000330 
0.371797 	0.062447 	0.014433 	0.039269 	0.002223 	0.371396 	 0.000344 
0.378652 	0.063874 	0.013815 	0.039519 	0.002265 	0.378310 	 0.000312 
0.375674 	0.063011 	0.014468 	0.039630 	0.002254 	0.375271 	 0.000339 
0.368927 	0.065614 	0.014715 	0.041971 	0.002346 	0.368595 	 0.000331 
0.373391 	0.069743 	0.015009 	0.042704 	0.002517 	0.373046 	 0.000309 
0.374721 	0.068665 	0.014781 	0.042301 	0.002458 	0.374386 	 0.000303 
0.367626 	0.068890 	0.015053 	0.044575 	0.002455 	0.367303 	 0.000307 
0.379579 	0.061052 	0.012844 	0.037813 	0.002157 	0.379242 	 0.000310 
0.390201 	0.063644 	0.013909 	0.041185 	0.002271 	0.389825 	 0.000372 
0.382019 	0.066576 	0.014383 	0.043241 	0.002365 	0.381680 	 0.000324 
0.375199 	0.070042 	0.014807 	0.043308 	0.002516 	0.374866 	 0.000294 
0.390559 	0.066564 	0.014980 	0.042079 	0.002395 	0.390152 	 0.000349 
0.407576 	0.062424 	0.013849 	0.040034 	0.002206 	0.407100 	 0.000372 
0.373728 	0.067635 	0.015222 	0.043404 	0.002407 	0.373377 	 0.000353 
0.386536 	0.062033 	0.013722 	0.040098 	0.002176 	0.386188 	 0.000346 
0.380564 	0.063509 	0.014569 	0.040157 	0.002255 	0.380125 	 0.000365 
0.377018 	0.065455 	0.014245 	0.042488 	0.002311 	0.376692 	 0.000324 
0.376269 	0.064545 	0.014691 	0.040686 	0.002311 	0.375847 	 0.000346 
0.376715 	0.071090 	0.016153 	0.045680 	0.002500 	0.376364 	 0.000339 
0.288433 	0.021723 	0.005728 	0.012349 	0.000426 	0.288485 	 -0.000016 
0.283021 	0.022440 	0.005970 	0.012633 	0.000435 	0.283134 	 -0.000029 
0.280211 	0.023931 	0.006553 	0.013571 	0.000493 	0.280372 	 -0.000016 
0.315037 	0.024752 	0.006554 	0.016789 	0.000413 	0.315047 	 -0.000001 
0.308138 	0.020493 	0.005457 	0.011680 	0.000362 	0.308117 	 0.000009 
0.309068 	0.025756 	0.006317 	0.015481 	0.000522 	0.309083 	 -0.000025 
0.308834 	0.024795 	0.006061 	0.014561 	0.000514 	0.308961 	 -0.000019 
0.311781 	0.020845 	0.005191 	0.012319 	0.000395 	0.311745 	 0.000036 
0.281454 	0.022161 	0.006220 	0.012854 	0.000427 	0.281469 	 -0.000016 
0.288203 	0.025225 	0.006599 	0.014590 	0.000539 	0.288225 	 -0.000031 
0.299350 	0.029614 	0.007720 	0.017405 	0.000691 	0.299381 	 -0.000036 
0.296274 	0.024586 	0.006758 	0.014186 	0.000485 	0.296312 	 -0.000042 
0.289976 	0.026051 	0.006759 	0.014962 	0.000591 	0.290097 	 -0.000013 
0.294843 	0.022310 	0.005572 	0.013057 	0.000444 	0.294932 	 -0.000023 
0.312731 	0.023129 	0.006020 	0.015902 	0.000346 	0.312736 	 0.000003 
0.304627 	0.024635 	0.006051 	0.016005 	0.000494 	0.304652 	 -0.000033 
0.310117 	0.029949 	0.007517 	0.019719 	0.000653 	0.310132 	 -0.000024 
0.307409 	0.026821 	0.006430 	0.018257 	0.000506 	0.307432 	 -0.000026 
0.305243 	0.024396 	0.006018 	0.015439 	0.000490 	0.305249 	 -0.000011 
0.313679 	0.027388 	0.006678 	0.018455 	0.000540 	0.313683 	 -0.000003 
0.301457 	0.024119 	0.005845 	0.014516 	0.000473 	0.301489 	 -0.000044 
0.323518 	0.017237 	0.003490 	0.013279 	0.000121 	0.323533 	 -0.000013 
0.315059 	0.023614 	0.005861 	0.016188 	0.000346 	0.315064 	 -0.000002 
0.316685 	0.025000 	0.006094 	0.015198 	0.000501 	0.316691 	 -0.000016 
0.292296 	0.037804 	0.010303 	0.023473 	0.000903 	0.292322 	 -0.000029 
0.286348 	0.029216 	0.007303 	0.019004 	0.000624 	0.286388 	 -0.000044 
0.284596 	0.029324 	0.007667 	0.018367 	0.000679 	0.284625 	 -0.000036 
0.302466 	0.024931 	0.006425 	0.016011 	0.000490 	0.302486 	 -0.000026 
0.295423 	0.029418 	0.007687 	0.019080 	0.000584 	0.295471 	 -0.000050 
0.290172 	0.027228 	0.007025 	0.016087 	0.000621 	0.290208 	 -0.000043 
0.281710 	0.024725 	0.006619 	0.013835 	0.000553 	0.281820 	 -0.000023 
0.284879 	0.027657 	0.007282 	0.016017 	0.000650 	0.284900 	 -0.000028 
0.288244 	0.029506 	0.007760 	0.018262 	0.000696 	0.288253 	 -0.000013 
0.295484 	0.025414 	0.006754 	0.016027 	0.000520 	0.295504 	 -0.000024 
0.291089 	0.034812 	0.009093 	0.022415 	0.000844 	0.291120 	 -0.000039 
0.297358 	0.026618 	0.006768 	0.015855 	0.000575 	0.297372 	 -0.000022 
0.276373 	0.024951 	0.006654 	0.013863 	0.000576 	0.276516 	 -0.000046 
0.296083 	0.027325 	0.007389 	0.016882 	0.000592 	0.296084 	 -0.000005 
0.282881 	0.028437 	0.007592 	0.016622 	0.000667 	0.282900 	 -0.000024 
0.301519 	0.029744 	0.007525 	0.018053 	0.000690 	0.301554 	 -0.000040 
0.278336 	0.025990 	0.006857 	0.014766 	0.000600 	0.278457 	 -0.000021 
0.301237 	0.029045 	0.007837 	0.018832 	0.000587 	0.301236 	 0.000008 
0.288616 	0.027544 	0.007019 	0.016021 	0.000661 	0.288707 	 -0.000001 
0.278118 	0.029531 	0.007742 	0.016736 	0.000757 	0.278274 	 -0.000020 
0.280787 	0.029156 	0.007520 	0.016544 	0.000763 	0.280920 	 -0.000029 
0.293245 	0.028800 	0.007169 	0.019007 	0.000604 	0.293273 	 -0.000028 
0.295747 	0.030119 	0.008068 	0.018984 	0.000695 	0.295745 	 -0.000001 
0.298284 	0.027795 	0.007128 	0.016635 	0.000641 	0.298296 	 -0.000019 
0.289835 	0.027863 	0.007378 	0.016586 	0.000628 	0.289850 	 -0.000020 
0.292395 	0.026615 	0.006779 	0.015881 	0.000604 	0.292416 	 -0.000030 
0.298151 	0.031050 	0.008191 	0.020055 	0.000700 	0.298168 	 -0.000024 
0.271957 	0.029119 	0.007730 	0.016269 	0.000758 	0.272129 	 -0.000036 
0.277418 	0.026721 	0.007110 	0.015083 	0.000631 	0.277563 	 -0.000026 
0.291932 	0.026205 	0.006647 	0.015601 	0.000584 	0.291954 	 -0.000031 
0.282181 	0.026943 	0.006989 	0.015456 	0.000644 	0.282321 	 -0.000026 
0.285315 	0.027950 	0.007417 	0.017757 	0.000600 	0.285345 	 -0.000034 
0.297698 	0.028850 	0.007821 	0.018177 	0.000627 	0.297704 	 -0.000010 
0.295738 	0.028238 	0.007387 	0.017994 	0.000616 	0.295760 	 -0.000028 
0.295425 	0.029706 	0.007576 	0.018010 	0.000687 	0.295474 	 -0.000054 
0.291725 	0.030356 	0.008347 	0.019289 	0.000668 	0.291748 	 -0.000029 
0.292482 	0.031601 	0.008451 	0.020385 	0.000697 	0.292518 	 -0.000044 
0.294079 	0.030947 	0.008288 	0.019623 	0.000697 	0.294096 	 -0.000023 
0.296632 	0.031664 	0.008357 	0.020317 	0.000737 	0.296635 	 -0.000008 
0.293045 	0.031537 	0.008328 	0.018640 	0.000770 	0.293052 	 -0.000009 
0.285903 	0.030232 	0.007646 	0.017461 	0.000797 	0.286027 	 -0.000018 
0.313057 	0.040145 	0.010204 	0.026029 	0.000968 	0.313080 	 -0.000034 
0.305958 	0.026252 	0.006727 	0.016904 	0.000532 	0.305966 	 -0.000013 
0.289000 	0.032042 	0.008803 	0.019786 	0.000756 	0.288993 	 0.000004 
0.281582 	0.026930 	0.007238 	0.015329 	0.000624 	0.281734 	 -0.000008 
0.298257 	0.022901 	0.006087 	0.013874 	0.000448 	0.298252 	 0.000003 
0.276094 	0.029323 	0.007851 	0.016422 	0.000754 	0.276229 	 -0.000018 
0.280084 	0.027864 	0.007408 	0.015970 	0.000668 	0.280236 	 -0.000007 
0.299296 	0.030349 	0.007702 	0.019880 	0.000685 	0.299316 	 -0.000028 
0.307700 	0.028980 	0.007131 	0.019322 	0.000632 	0.307728 	 -0.000038 
0.291634 	0.032521 	0.008563 	0.019299 	0.000815 	0.291645 	 -0.000014 
0.290518 	0.035306 	0.009414 	0.022056 	0.000839 	0.290524 	 -0.000004 
0.305694 	0.025885 	0.006355 	0.015980 	0.000548 	0.305704 	 -0.000018 
0.285601 	0.027265 	0.006922 	0.015858 	0.000667 	0.285695 	 -0.000013 
0.301498 	0.031341 	0.007760 	0.020700 	0.000671 	0.301529 	 -0.000037 
0.302143 	0.025669 	0.006687 	0.016026 	0.000551 	0.302129 	 0.000011 
0.277300 	0.031210 	0.008271 	0.017691 	0.000830 	0.277394 	 0.000006 
0.287882 	0.028567 	0.007293 	0.016335 	0.000706 	0.288024 	 -0.000026 
0.271348 	0.029564 	0.007868 	0.016620 	0.000763 	0.271490 	 -0.000020 
0.302227 	0.038225 	0.010054 	0.024369 	0.000894 	0.302244 	 -0.000019 
0.286431 	0.032014 	0.008513 	0.018877 	0.000778 	0.286473 	 -0.000043 
0.298649 	0.027758 	0.007527 	0.017358 	0.000599 	0.298650 	 -0.000005 
0.300644 	0.029215 	0.007584 	0.017482 	0.000671 	0.300654 	 -0.000016 
0.280392 	0.031377 	0.008054 	0.017815 	0.000843 	0.280572 	 -0.000035 
0.303266 	0.037919 	0.009507 	0.024745 	0.000869 	0.303308 	 -0.000054 
0.282777 	0.029434 	0.007771 	0.016819 	0.000733 	0.282921 	 -0.000003 
0.296401 	0.031705 	0.008175 	0.019082 	0.000791 	0.296381 	 0.000016 
0.291372 	0.035159 	0.009141 	0.022121 	0.000863 	0.291374 	 -0.000002 
0.272422 	0.028813 	0.007747 	0.016245 	0.000730 	0.272540 	 -0.000008 
0.294978 	0.034380 	0.008930 	0.022285 	0.000777 	0.295017 	 -0.000043 
0.292911 	0.035176 	0.009349 	0.022716 	0.000852 	0.292937 	 -0.000036 
0.283158 	0.029146 	0.007553 	0.016493 	0.000758 	0.283322 	 -0.000038 
0.297424 	0.031564 	0.008214 	0.019001 	0.000768 	0.297448 	 -0.000026 
0.290886 	0.033441 	0.008967 	0.021115 	0.000759 	0.290902 	 -0.000016 
0.266875 	0.028523 	0.007857 	0.015778 	0.000716 	0.267038 	 -0.000022 
0.293731 	0.029343 	0.007718 	0.017493 	0.000700 	0.293731 	 -0.000004 
0.282686 	0.038676 	0.010477 	0.024704 	0.000971 	0.282718 	 -0.000040 
0.290338 	0.031683 	0.008059 	0.019201 	0.000785 	0.290361 	 -0.000027 
0.291307 	0.031118 	0.008230 	0.018505 	0.000755 	0.291326 	 -0.000021 
0.261055 	0.032010 	0.008870 	0.017463 	0.000882 	0.261230 	 -0.000023 
0.292550 	0.040583 	0.010915 	0.025295 	0.000997 	0.292578 	 -0.000034 
0.295189 	0.033761 	0.008862 	0.020266 	0.000836 	0.295218 	 -0.000029 
0.277207 	0.031561 	0.008197 	0.017817 	0.000867 	0.277366 	 -0.000031 
0.281395 	0.028533 	0.007464 	0.016265 	0.000720 	0.281493 	 -0.000010 
0.299527 	0.027412 	0.007000 	0.016512 	0.000622 	0.299516 	 0.000003 
0.293103 	0.042705 	0.011040 	0.027028 	0.001079 	0.293144 	 -0.000051 
0.282567 	0.026856 	0.007166 	0.015393 	0.000620 	0.282713 	 -0.000009 
0.280974 	0.037707 	0.009944 	0.022409 	0.001024 	0.280988 	 -0.000012 
0.265316 	0.030107 	0.008182 	0.016957 	0.000772 	0.265439 	 0.000001 
0.280316 	0.030444 	0.007813 	0.017474 	0.000819 	0.280431 	 -0.000017 
0.291207 	0.032173 	0.008575 	0.019901 	0.000795 	0.291189 	 0.000015 
0.292792 	0.030666 	0.008060 	0.019612 	0.000718 	0.292795 	 -0.000007 
0.271914 	0.033281 	0.008757 	0.018742 	0.000946 	0.272083 	 -0.000023 
0.289395 	0.032688 	0.009202 	0.020015 	0.000785 	0.289376 	 0.000017 
0.281768 	0.028717 	0.007529 	0.016487 	0.000710 	0.281899 	 -0.000009 
0.286900 	0.033990 	0.009065 	0.021235 	0.000842 	0.286903 	 -0.000009 
0.290313 	0.033413 	0.008666 	0.019964 	0.000831 	0.290356 	 -0.000045 
0.283162 	0.033398 	0.008553 	0.019134 	0.000932 	0.283305 	 -0.000012 
0.287414 	0.034267 	0.008936 	0.020511 	0.000892 	0.287413 	 -0.000000 
0.282765 	0.033116 	0.008837 	0.020949 	0.000795 	0.282791 	 -0.000032 
0.265326 	0.029802 	0.008234 	0.016543 	0.000765 	0.265486 	 -0.000014 
0.270109 	0.030711 	0.008354 	0.017313 	0.000808 	0.270247 	 0.000001 
0.284977 	0.034404 	0.009175 	0.020519 	0.000875 	0.285004 	 -0.000026 
0.291307 	0.035206 	0.009435 	0.022324 	0.000802 	0.291320 	 -0.000012 
0.284894 	0.033039 	0.008513 	0.019876 	0.000837 	0.284933 	 -0.000042 
0.291321 	0.037596 	0.010464 	0.023699 	0.000939 	0.291313 	 0.000003 
0.269229 	0.031075 	0.008248 	0.017477 	0.000840 	0.269389 	 -0.000027 
0.263955 	0.033398 	0.008939 	0.018746 	0.000950 	0.264094 	 -0.000010 
0.287229 	0.034060 	0.008766 	0.020550 	0.000863 	0.287250 	 -0.000022 
0.289129 	0.030398 	0.007905 	0.018248 	0.000731 	0.289141 	 -0.000015 
0.298487 	0.036859 	0.009676 	0.023515 	0.000857 	0.298488 	 -0.000001 
0.294446 	0.029224 	0.007902 	0.017197 	0.000676 	0.294453 	 -0.000010 
0.287649 	0.040064 	0.010740 	0.024718 	0.001017 	0.287653 	 -0.000006 
0.262924 	0.034690 	0.009310 	0.019237 	0.000997 	0.263117 	 -0.000027 
0.293401 	0.036099 	0.010336 	0.022235 	0.000846 	0.293384 	 0.000025 
0.293489 	0.031534 	0.008285 	0.018819 	0.000763 	0.293505 	 -0.000019 
0.292593 	0.044246 	0.011746 	0.027402 	0.001150 	0.292602 	 -0.000018 
0.297831 	0.035405 	0.009455 	0.022588 	0.000796 	0.297840 	 -0.000007 
0.270399 	0.032502 	0.008609 	0.018340 	0.000890 	0.270570 	 -0.000020 
0.274999 	0.032781 	0.008718 	0.018576 	0.000905 	0.275144 	 -0.000005 
0.290582 	0.032327 	0.009097 	0.019553 	0.000790 	0.290540 	 0.000042 
0.282422 	0.033220 	0.008885 	0.019610 	0.000853 	0.282410 	 0.000010 
0.283749 	0.035120 	0.009364 	0.020746 	0.000904 	0.283773 	 -0.000023 
0.283727 	0.034172 	0.009000 	0.020336 	0.000873 	0.283747 	 -0.000020 
0.277973 	0.042034 	0.011063 	0.025755 	0.001101 	0.277989 	 -0.000025 
0.289458 	0.031241 	0.008248 	0.018650 	0.000761 	0.289465 	 -0.000010 
0.288916 	0.032975 	0.008640 	0.019757 	0.000819 	0.288938 	 -0.000023 
0.294672 	0.033823 	0.009212 	0.021419 	0.000809 	0.294669 	 -0.000002 
0.291382 	0.031668 	0.008582 	0.019739 	0.000750 	0.291366 	 0.000014 
0.278502 	0.033590 	0.008701 	0.019148 	0.000947 	0.278650 	 -0.000015 
0.285160 	0.031776 	0.008120 	0.018310 	0.000872 	0.285270 	 -0.000009 
0.299788 	0.036856 	0.009646 	0.024146 	0.000902 	0.299807 	 -0.000028 
0.267700 	0.032720 	0.008821 	0.018530 	0.000887 	0.267882 	 -0.000006 
0.300503 	0.036162 	0.010107 	0.023100 	0.000847 	0.300516 	 -0.000021 
0.293989 	0.044718 	0.012310 	0.027603 	0.001147 	0.294002 	 -0.000013 
0.268044 	0.034356 	0.009078 	0.019354 	0.000982 	0.268209 	 -0.000013 
0.270438 	0.033049 	0.008711 	0.018573 	0.000933 	0.270581 	 -0.000022 
0.267144 	0.032957 	0.008767 	0.018459 	0.000916 	0.267335 	 -0.000028 
0.284695 	0.033857 	0.008977 	0.020149 	0.000879 	0.284688 	 0.000006 
0.294739 	0.034928 	0.009296 	0.022513 	0.000823 	0.294767 	 -0.000037 
0.292943 	0.035310 	0.009264 	0.021179 	0.000917 	0.292977 	 -0.000034 
0.287996 	0.036800 	0.009475 	0.023255 	0.000880 	0.288003 	 -0.000006 
0.296427 	0.035488 	0.009592 	0.022594 	0.000807 	0.296452 	 -0.000026 
0.278017 	0.032045 	0.008342 	0.018155 	0.000884 	0.278143 	 -0.000018 
0.283110 	0.035260 	0.010067 	0.021707 	0.000860 	0.283109 	 -0.000002 
0.295643 	0.034412 	0.009322 	0.021512 	0.000847 	0.295626 	 0.000013 
0.292669 	0.032981 	0.008645 	0.019845 	0.000813 	0.292676 	 -0.000008 
0.295315 	0.040710 	0.010397 	0.025799 	0.001021 	0.295330 	 -0.000026 
0.304473 	0.034112 	0.009181 	0.021902 	0.000811 	0.304470 	 -0.000004 
0.254953 	0.038193 	0.010261 	0.021116 	0.001170 	0.255121 	 -0.000016 
0.288962 	0.037601 	0.010528 	0.023700 	0.000924 	0.288966 	 -0.000011 
0.284023 	0.033673 	0.009259 	0.020643 	0.000844 	0.284003 	 0.000017 
0.303353 	0.038760 	0.010072 	0.024908 	0.000897 	0.303370 	 -0.000019 
0.291979 	0.042436 	0.011726 	0.026137 	0.001057 	0.291982 	 -0.000006 
0.281826 	0.030197 	0.008010 	0.017171 	0.000783 	0.281953 	 -0.000008 
0.285968 	0.034632 	0.009286 	0.022237 	0.000835 	0.285995 	 -0.000035 
0.291210 	0.034499 	0.009461 	0.021810 	0.000837 	0.291219 	 -0.000015 
0.290417 	0.033940 	0.009360 	0.021184 	0.000834 	0.290406 	 0.000007 
0.287692 	0.032724 	0.008272 	0.018840 	0.000927 	0.287826 	 -0.000024 
0.282128 	0.037495 	0.009934 	0.022473 	0.001002 	0.282153 	 -0.000022 
0.291975 	0.038568 	0.010133 	0.023226 	0.001033 	0.292026 	 -0.000048 
0.296537 	0.033219 	0.009123 	0.021064 	0.000784 	0.296527 	 0.000006 
0.270055 	0.032422 	0.008668 	0.018301 	0.000891 	0.270187 	 -0.000006 
0.290976 	0.035887 	0.009709 	0.022636 	0.000907 	0.290967 	 0.000004 
0.285986 	0.041240 	0.011271 	0.025250 	0.001069 	0.285988 	 -0.000005 
0.288823 	0.044124 	0.012194 	0.026960 	0.001157 	0.288822 	 -0.000001 
0.294896 	0.034976 	0.009373 	0.020892 	0.000881 	0.294923 	 -0.000025 
0.289899 	0.038422 	0.010602 	0.024554 	0.000956 	0.289906 	 -0.000013 
0.287878 	0.037163 	0.009888 	0.023312 	0.000909 	0.287884 	 -0.000005 
0.259692 	0.034491 	0.009265 	0.019128 	0.000991 	0.259937 	 -0.000047 
0.278393 	0.042308 	0.011596 	0.025721 	0.001116 	0.278408 	 -0.000019 
0.298623 	0.035174 	0.009446 	0.022713 	0.000842 	0.298628 	 -0.000013 
0.286123 	0.032474 	0.008524 	0.019381 	0.000807 	0.286149 	 -0.000029 
0.286206 	0.033665 	0.008708 	0.020278 	0.000868 	0.286239 	 -0.000036 
0.285598 	0.031152 	0.008698 	0.019134 	0.000741 	0.285586 	 0.000011 
0.282668 	0.038908 	0.010280 	0.023375 	0.001061 	0.282709 	 -0.000037 
0.297558 	0.035861 	0.009504 	0.023639 	0.000858 	0.297582 	 -0.000032 
0.298978 	0.035153 	0.009230 	0.023188 	0.000822 	0.299012 	 -0.000043 
0.291360 	0.036208 	0.009426 	0.021947 	0.000944 	0.291385 	 -0.000024 
0.290601 	0.032167 	0.008593 	0.019152 	0.000802 	0.290617 	 -0.000018 
0.276069 	0.035019 	0.009070 	0.019796 	0.001018 	0.276244 	 -0.000025 
0.286554 	0.034754 	0.009112 	0.020951 	0.000882 	0.286592 	 -0.000038 
0.282147 	0.037876 	0.010043 	0.022724 	0.001017 	0.282168 	 -0.000019 
0.289970 	0.033437 	0.008965 	0.021186 	0.000828 	0.289963 	 0.000002 
0.285428 	0.036622 	0.009739 	0.023321 	0.000933 	0.285431 	 -0.000010 
0.260579 	0.035817 	0.009670 	0.019917 	0.001054 	0.260786 	 -0.000021 
0.261873 	0.037942 	0.010174 	0.021319 	0.001135 	0.262059 	 -0.000004 
0.088578 	-0.003941 	0.004260 	-0.008894 	-0.000289 	0.088711 	 -0.000218 
-0.000206 	-0.001973 	0.003913 	-0.009542 	0.000021 	0.000083 	 -0.000267 
-0.017406 	-0.008355 	0.003684 	-0.013927 	-0.000235 	-0.017101 	 -0.000308 
0.040998 	-0.002011 	0.005858 	-0.009486 	-0.000133 	0.041178 	 -0.000255 
0.069685 	-0.005082 	0.004631 	-0.010618 	-0.000304 	0.069779 	 -0.000222 
0.093908 	0.001649 	0.004266 	-0.005837 	-0.000017 	0.094085 	 -0.000158 
0.100106 	-0.001335 	0.002781 	-0.007139 	-0.000099 	0.100280 	 -0.000155 
0.127073 	0.002100 	0.004509 	-0.004836 	-0.000050 	0.127186 	 -0.000118 
0.131183 	0.007451 	0.005835 	-0.001382 	0.000133 	0.131298 	 -0.000116 
0.146427 	0.008426 	0.006052 	0.000274 	0.000084 	0.146471 	 -0.000089 
0.147259 	0.005573 	0.004347 	-0.001400 	0.000053 	0.147376 	 -0.000127 
0.116765 	0.010729 	0.007071 	0.000654 	0.000186 	0.116983 	 -0.000152 
0.082041 	-0.000027 	0.004388 	-0.007003 	-0.000045 	0.082220 	 -0.000186 
0.122342 	0.005223 	0.005801 	-0.002449 	-0.000002 	0.122511 	 -0.000156 
0.136057 	0.009761 	0.006055 	0.000282 	0.000215 	0.136160 	 -0.000106 
0.150139 	0.008549 	0.005752 	-0.000296 	0.000163 	0.150238 	 -0.000104 
0.076688 	0.011359 	0.007558 	0.000046 	0.000372 	0.076836 	 -0.000141 
0.073187 	0.007401 	0.006293 	-0.001054 	0.000305 	0.073331 	 -0.000118 
0.084692 	0.013495 	0.008526 	0.001557 	0.000435 	0.084813 	 -0.000129 
0.083195 	0.007682 	0.006539 	-0.000664 	0.000278 	0.083350 	 -0.000131 
0.102441 	0.013449 	0.008145 	0.002017 	0.000413 	0.102553 	 -0.000123 
0.073430 	0.007941 	0.006368 	-0.000751 	0.000337 	0.073566 	 -0.000113 
0.085327 	0.015083 	0.008718 	0.002554 	0.000488 	0.085447 	 -0.000132 
0.088067 	0.012100 	0.007303 	0.000983 	0.000436 	0.088171 	 -0.000101 
0.091164 	0.014924 	0.008418 	0.003677 	0.000545 	0.091302 	 -0.000116 
0.094120 	0.018100 	0.009396 	0.004700 	0.000622 	0.094218 	 -0.000098 
0.086354 	0.009955 	0.007118 	0.000579 	0.000405 	0.086458 	 -0.000079 
0.081419 	0.011741 	0.007691 	0.001223 	0.000482 	0.081522 	 -0.000078 
0.081756 	0.013246 	0.007224 	0.001026 	0.000503 	0.081878 	 -0.000104 
0.082501 	0.018044 	0.008414 	0.004508 	0.000668 	0.082631 	 -0.000114 
0.082537 	0.008097 	0.006698 	-0.000808 	0.000333 	0.082656 	 -0.000090 
0.072710 	0.019337 	0.010201 	0.004548 	0.000716 	0.072831 	 -0.000117 
0.077961 	0.012902 	0.008275 	0.000480 	0.000464 	0.078078 	 -0.000109 
0.095662 	0.014061 	0.008574 	0.002229 	0.000443 	0.095744 	 -0.000099 
0.084993 	0.017933 	0.009381 	0.002902 	0.000677 	0.085049 	 -0.000031 
0.077917 	0.015575 	0.008301 	0.001897 	0.000603 	0.078012 	 -0.000074 
0.080920 	0.017314 	0.009800 	0.003707 	0.000582 	0.081018 	 -0.000085 
0.070114 	0.020725 	0.010477 	0.005206 	0.000771 	0.070205 	 -0.000075 
0.079733 	0.018172 	0.009122 	0.003204 	0.000721 	0.079791 	 -0.000035 
0.078966 	0.017077 	0.009532 	0.003632 	0.000700 	0.079059 	 -0.000070 
0.083061 	0.020816 	0.010482 	0.005593 	0.000767 	0.083152 	 -0.000096 
0.075407 	0.022674 	0.010540 	0.006876 	0.000869 	0.075490 	 -0.000069 
0.078901 	0.017619 	0.008755 	0.002977 	0.000712 	0.078965 	 -0.000041 
0.078227 	0.013257 	0.008869 	0.001332 	0.000542 	0.078301 	 -0.000038 
0.070684 	0.018462 	0.009806 	0.004248 	0.000780 	0.070770 	 -0.000062 
0.083653 	0.018829 	0.009947 	0.004727 	0.000675 	0.083698 	 -0.000079 
0.065748 	0.019842 	0.010461 	0.004849 	0.000818 	0.065839 	 -0.000069 
0.062335 	0.023507 	0.011184 	0.006782 	0.000912 	0.062421 	 -0.000068 
0.065970 	0.018455 	0.009988 	0.004179 	0.000775 	0.066067 	 -0.000075 
0.081769 	0.018081 	0.010063 	0.004212 	0.000644 	0.081751 	 -0.000045 
0.074453 	0.023146 	0.011701 	0.006695 	0.000936 	0.074539 	 -0.000065 
0.075251 	0.016540 	0.008806 	0.003675 	0.000718 	0.075337 	 -0.000067 
0.073479 	0.021784 	0.010461 	0.006174 	0.000863 	0.073543 	 -0.000050 
0.069028 	0.022023 	0.010659 	0.004993 	0.000880 	0.069080 	 -0.000027 
0.064994 	0.025687 	0.012139 	0.008135 	0.001008 	0.065040 	 -0.000058 
0.073432 	0.021753 	0.010657 	0.005733 	0.000868 	0.073509 	 -0.000062 
0.067107 	0.025011 	0.012050 	0.007967 	0.000947 	0.067153 	 -0.000032 
0.065530 	0.027061 	0.012616 	0.008984 	0.001057 	0.065589 	 -0.000038 
0.064278 	0.027762 	0.013350 	0.008524 	0.001134 	0.064331 	 -0.000024 
0.065724 	0.025509 	0.011397 	0.007310 	0.001026 	0.065768 	 -0.000023 
0.069629 	0.023818 	0.011035 	0.006010 	0.000980 	0.069651 	 0.000003 
0.062581 	0.026378 	0.011834 	0.008659 	0.001051 	0.062638 	 -0.000039 
0.065776 	0.029298 	0.012774 	0.010380 	0.001152 	0.065813 	 -0.000014 
0.065885 	0.020554 	0.011187 	0.004336 	0.000898 	0.065919 	 -0.000002 
0.047425 	0.032981 	0.014257 	0.011953 	0.001336 	0.047470 	 -0.000030 
0.063711 	0.030246 	0.012904 	0.011000 	0.001203 	0.063761 	 -0.000028 
0.059545 	0.026053 	0.012588 	0.007310 	0.001133 	0.059580 	 -0.000006 
0.069051 	0.020334 	0.010378 	0.004935 	0.000912 	0.069098 	 -0.000023 
0.059129 	0.031358 	0.013309 	0.010444 	0.001264 	0.059143 	 0.000010 
0.059003 	0.024589 	0.012421 	0.006145 	0.001093 	0.059019 	 0.000019 
0.062250 	0.022876 	0.011623 	0.005589 	0.001044 	0.062273 	 0.000004 
0.061488 	0.031671 	0.013115 	0.011330 	0.001263 	0.061527 	 -0.000019 
0.052834 	0.032379 	0.013547 	0.011028 	0.001317 	0.052841 	 0.000018 
0.067843 	0.025033 	0.011847 	0.007221 	0.001105 	0.067867 	 -0.000000 
0.056740 	0.026694 	0.011961 	0.008514 	0.001103 	0.056759 	 -0.000002 
0.052440 	0.034140 	0.013835 	0.012775 	0.001358 	0.052472 	 -0.000009 
0.055024 	0.034623 	0.014353 	0.012193 	0.001399 	0.055019 	 0.000030 
0.071829 	0.025495 	0.012206 	0.008267 	0.000992 	0.071788 	 -0.000007 
0.058721 	0.029752 	0.012432 	0.009607 	0.001229 	0.058741 	 0.000002 
0.059766 	0.036929 	0.015962 	0.013155 	0.001541 	0.059785 	 -0.000001 
0.054081 	0.032742 	0.013925 	0.012054 	0.001344 	0.054098 	 0.000010 
0.048894 	0.033517 	0.014082 	0.012326 	0.001363 	0.048936 	 -0.000017 
0.059968 	0.034007 	0.014958 	0.011445 	0.001447 	0.059975 	 0.000015 
0.063433 	0.034954 	0.014987 	0.012390 	0.001465 	0.063449 	 0.000007 
0.055348 	0.031911 	0.013043 	0.010975 	0.001338 	0.055357 	 0.000014 
0.061412 	0.032449 	0.013384 	0.011313 	0.001330 	0.061410 	 0.000026 
0.052277 	0.034237 	0.014234 	0.011467 	0.001426 	0.052254 	 0.000049 
0.053617 	0.028945 	0.013369 	0.008349 	0.001329 	0.053602 	 0.000045 
0.060522 	0.030638 	0.013913 	0.010731 	0.001226 	0.060469 	 0.000020 
0.059048 	0.032315 	0.013639 	0.010225 	0.001376 	0.058997 	 0.000079 
0.054876 	0.033349 	0.014067 	0.011479 	0.001354 	0.054879 	 0.000022 
0.060059 	0.032491 	0.013482 	0.011333 	0.001343 	0.060053 	 0.000031 
0.062717 	0.032500 	0.013612 	0.011050 	0.001329 	0.062707 	 0.000034 
0.043868 	0.036934 	0.015617 	0.014060 	0.001538 	0.043833 	 0.000019 
0.055506 	0.032227 	0.013427 	0.010645 	0.001351 	0.055489 	 0.000042 
0.056711 	0.032210 	0.014747 	0.010062 	0.001398 	0.056697 	 0.000045 
0.068370 	0.029086 	0.013613 	0.008576 	0.001311 	0.068328 	 0.000075 
0.046888 	0.033967 	0.014998 	0.012373 	0.001386 	0.046846 	 0.000029 
0.049281 	0.034687 	0.014965 	0.012451 	0.001436 	0.049276 	 0.000034 
0.045222 	0.035120 	0.014538 	0.013305 	0.001463 	0.045232 	 0.000017 
0.056577 	0.030168 	0.013586 	0.009135 	0.001360 	0.056570 	 0.000029 
0.063926 	0.037634 	0.015181 	0.013950 	0.001538 	0.063889 	 0.000062 
0.050557 	0.036818 	0.015184 	0.014105 	0.001513 	0.050559 	 0.000026 
0.052274 	0.036243 	0.014918 	0.013877 	0.001501 	0.052253 	 0.000047 
0.051971 	0.033342 	0.015106 	0.010377 	0.001489 	0.051957 	 0.000040 
0.060026 	0.035520 	0.015094 	0.012081 	0.001469 	0.059973 	 0.000082 
0.061947 	0.029326 	0.013113 	0.008991 	0.001326 	0.061944 	 0.000021 
0.039090 	0.036253 	0.015860 	0.013461 	0.001486 	0.039041 	 0.000048 
0.052139 	0.038002 	0.016426 	0.012615 	0.001676 	0.052097 	 0.000068 
0.045049 	0.037875 	0.015340 	0.014778 	0.001586 	0.045028 	 0.000048 
0.045514 	0.036939 	0.015696 	0.012504 	0.001509 	0.045486 	 0.000055 
0.060032 	0.035791 	0.015011 	0.013714 	0.001489 	0.060010 	 0.000007 
0.043779 	0.036513 	0.015485 	0.013869 	0.001515 	0.043742 	 0.000021 
0.046237 	0.034942 	0.014968 	0.011431 	0.001568 	0.046227 	 0.000026 
0.053577 	0.033097 	0.015208 	0.009986 	0.001480 	0.053535 	 0.000072 
0.054513 	0.037549 	0.016148 	0.012865 	0.001631 	0.054483 	 0.000053 
0.041007 	0.039992 	0.016672 	0.015554 	0.001680 	0.040985 	 0.000037 
0.054888 	0.038047 	0.015135 	0.013761 	0.001604 	0.054834 	 0.000080 
0.057080 	0.037035 	0.015412 	0.012883 	0.001540 	0.057028 	 0.000079 
0.045790 	0.037507 	0.015417 	0.014472 	0.001565 	0.045765 	 0.000055 
0.046708 	0.040627 	0.017264 	0.014140 	0.001733 	0.046686 	 0.000045 
0.056074 	0.040739 	0.016238 	0.015693 	0.001674 	0.056018 	 0.000082 
0.051699 	0.037941 	0.015924 	0.014764 	0.001586 	0.051579 	 0.000062 
0.046724 	0.040574 	0.016571 	0.016127 	0.001715 	0.046629 	 0.000051 
0.052996 	0.040771 	0.016894 	0.014392 	0.001776 	0.052964 	 0.000050 
0.051358 	0.034143 	0.015273 	0.010392 	0.001554 	0.051306 	 0.000079 
0.039106 	0.041575 	0.016241 	0.017303 	0.001738 	0.039095 	 0.000043 
0.046994 	0.033567 	0.014846 	0.010195 	0.001539 	0.046947 	 0.000072 
0.050279 	0.039611 	0.015913 	0.014392 	0.001667 	0.050208 	 0.000099 
0.045667 	0.044615 	0.017322 	0.017380 	0.001867 	0.045590 	 0.000105 
0.030427 	0.041492 	0.017262 	0.016182 	0.001755 	0.030365 	 0.000055 
0.053719 	0.043578 	0.017160 	0.017236 	0.001776 	0.053661 	 0.000084 
0.037410 	0.041062 	0.017084 	0.016173 	0.001724 	0.037308 	 0.000073 
0.042751 	0.044870 	0.017699 	0.018333 	0.001893 	0.042671 	 0.000116 
0.049553 	0.042822 	0.016949 	0.016595 	0.001747 	0.049506 	 0.000072 
0.052398 	0.040785 	0.017067 	0.014128 	0.001822 	0.052321 	 0.000107 
0.057376 	0.038935 	0.016136 	0.013865 	0.001717 	0.057346 	 0.000049 
0.055250 	0.043810 	0.016968 	0.017352 	0.001820 	0.055164 	 0.000113 
0.050195 	0.037983 	0.015546 	0.013392 	0.001593 	0.050144 	 0.000077 
0.050114 	0.034530 	0.015553 	0.010278 	0.001597 	0.050030 	 0.000116 
0.038716 	0.039287 	0.016695 	0.015023 	0.001642 	0.038647 	 0.000058 
0.051679 	0.039741 	0.016057 	0.015636 	0.001685 	0.051622 	 0.000088 
0.051662 	0.040613 	0.016428 	0.014381 	0.001828 	0.051600 	 0.000080 
0.037534 	0.047262 	0.017971 	0.020219 	0.001972 	0.037504 	 0.000067 
0.050614 	0.044361 	0.017029 	0.017643 	0.001851 	0.050541 	 0.000099 
0.044742 	0.037595 	0.016015 	0.012357 	0.001701 	0.044687 	 0.000078 
0.045570 	0.037075 	0.016072 	0.014070 	0.001543 	0.045482 	 0.000068 
0.033156 	0.051360 	0.019107 	0.022702 	0.002130 	0.033123 	 0.000073 
0.050947 	0.044309 	0.018538 	0.015597 	0.001922 	0.050888 	 0.000080 
0.048951 	0.046965 	0.017757 	0.019474 	0.001929 	0.048889 	 0.000086 
0.035940 	0.041470 	0.017235 	0.016169 	0.001767 	0.035803 	 0.000071 
0.035985 	0.044228 	0.018097 	0.017893 	0.001861 	0.035879 	 0.000097 
0.042307 	0.041141 	0.016866 	0.014184 	0.001869 	0.042252 	 0.000073 
0.047024 	0.042582 	0.017519 	0.014831 	0.001908 	0.046931 	 0.000116 
0.027258 	0.044140 	0.017782 	0.017616 	0.001869 	0.027184 	 0.000111 
0.049887 	0.044855 	0.018311 	0.016199 	0.001983 	0.049804 	 0.000106 
0.021854 	0.047451 	0.019116 	0.019435 	0.002023 	0.021730 	 0.000106 
0.048261 	0.040820 	0.016943 	0.013878 	0.001844 	0.048180 	 0.000106 
0.050383 	0.044609 	0.018179 	0.016126 	0.001971 	0.050315 	 0.000086 
0.046389 	0.039758 	0.017164 	0.013012 	0.001815 	0.046311 	 0.000106 
0.039791 	0.044862 	0.017866 	0.018204 	0.001894 	0.039728 	 0.000100 
0.042448 	0.045983 	0.018993 	0.016310 	0.002033 	0.042355 	 0.000119 
0.055148 	0.040404 	0.016539 	0.016320 	0.001713 	0.054963 	 0.000092 
0.038001 	0.046478 	0.017958 	0.019532 	0.001960 	0.037939 	 0.000098 
0.040627 	0.046955 	0.018004 	0.018650 	0.001969 	0.040544 	 0.000109 
0.034572 	0.044732 	0.017366 	0.018779 	0.001899 	0.034494 	 0.000111 
0.055129 	0.042865 	0.018034 	0.014978 	0.001910 	0.055038 	 0.000119 
0.033862 	0.046026 	0.018250 	0.019001 	0.001975 	0.033738 	 0.000084 
0.040532 	0.038846 	0.016565 	0.012417 	0.001806 	0.040446 	 0.000108 
0.025823 	0.043596 	0.017378 	0.017424 	0.001878 	0.025766 	 0.000091 
0.030731 	0.041585 	0.017421 	0.016071 	0.001766 	0.030671 	 0.000059 
0.050178 	0.037690 	0.016312 	0.012128 	0.001721 	0.050107 	 0.000096 
0.044546 	0.047461 	0.018144 	0.018933 	0.001984 	0.044456 	 0.000116 
0.037436 	0.046812 	0.018255 	0.019645 	0.001970 	0.037366 	 0.000109 
0.050565 	0.047325 	0.018068 	0.019166 	0.001960 	0.050481 	 0.000109 
0.038460 	0.048759 	0.018825 	0.019262 	0.002044 	0.038360 	 0.000128 
0.036556 	0.050794 	0.020314 	0.018943 	0.002207 	0.036478 	 0.000100 
0.055760 	0.035632 	0.015691 	0.010933 	0.001662 	0.055660 	 0.000131 
0.044942 	0.046787 	0.018952 	0.017023 	0.002048 	0.044874 	 0.000086 
0.043723 	0.047181 	0.018672 	0.018084 	0.001965 	0.043610 	 0.000142 
0.068743 	0.051728 	0.018989 	0.023121 	0.002115 	0.068636 	 0.000145 
0.071364 	0.045686 	0.017269 	0.019620 	0.001889 	0.071235 	 0.000161 
0.067986 	0.050188 	0.018998 	0.020834 	0.002023 	0.067858 	 0.000156 
0.082254 	0.045818 	0.017600 	0.017745 	0.001981 	0.082134 	 0.000139 
0.064896 	0.046449 	0.017893 	0.020005 	0.001927 	0.064710 	 0.000129 
0.081636 	0.044713 	0.017864 	0.016560 	0.001915 	0.081516 	 0.000143 
0.086146 	0.046359 	0.017365 	0.019104 	0.001896 	0.086011 	 0.000159 
0.062875 	0.047676 	0.018261 	0.020290 	0.001968 	0.062768 	 0.000144 
0.056849 	0.048833 	0.018514 	0.021338 	0.002036 	0.056691 	 0.000128 
0.056426 	0.049614 	0.018812 	0.021711 	0.002071 	0.056273 	 0.000130 
0.074568 	0.047523 	0.019387 	0.017565 	0.002040 	0.074436 	 0.000161 
0.067831 	0.047723 	0.018492 	0.018339 	0.002075 	0.067731 	 0.000113 
0.069006 	0.052084 	0.019610 	0.021849 	0.002108 	0.068854 	 0.000179 
0.062174 	0.046804 	0.017762 	0.019975 	0.001951 	0.062054 	 0.000155 
0.069325 	0.048059 	0.018290 	0.019014 	0.002008 	0.069162 	 0.000192 
0.069476 	0.052283 	0.019403 	0.022370 	0.002109 	0.069349 	 0.000152 
0.069558 	0.051466 	0.019404 	0.022032 	0.002050 	0.069451 	 0.000132 
0.048105 	0.053910 	0.019960 	0.024055 	0.002220 	0.048014 	 0.000133 
0.073877 	0.046410 	0.018942 	0.016969 	0.001990 	0.073747 	 0.000160 
0.068238 	0.044878 	0.017639 	0.016665 	0.001957 	0.068131 	 0.000125 
0.066572 	0.049319 	0.018493 	0.021512 	0.002042 	0.066449 	 0.000160 
0.058987 	0.046665 	0.017900 	0.019916 	0.001939 	0.058873 	 0.000150 
0.060122 	0.050736 	0.018877 	0.022348 	0.002105 	0.060007 	 0.000153 
0.049398 	0.047579 	0.018541 	0.020241 	0.001990 	0.049258 	 0.000118 
0.068284 	0.046340 	0.018351 	0.017403 	0.001986 	0.068184 	 0.000122 
0.045585 	0.053090 	0.019582 	0.023589 	0.002215 	0.045471 	 0.000154 
0.068286 	0.046202 	0.017723 	0.018125 	0.001930 	0.068147 	 0.000166 
0.064031 	0.046456 	0.018708 	0.016984 	0.002018 	0.063922 	 0.000129 
0.056887 	0.047870 	0.018192 	0.020515 	0.002009 	0.056749 	 0.000175 
0.062339 	0.047789 	0.018425 	0.020109 	0.002000 	0.062201 	 0.000175 
0.123838 	0.052270 	0.018575 	0.023682 	0.002035 	0.123666 	 0.000193 
