di 	gli 	gal 	gos3 	gos4 	lac 	 glb 
0.472548 	0.003429 	-0.001201 	0.003856 	-0.000579 	0.472437 	 0.000092 
0.481572 	0.011671 	-0.002402 	0.013529 	-0.000087 	0.481422 	 0.000129 
0.469284 	0.007004 	-0.002822 	0.008535 	-0.000449 	0.469133 	 0.000133 
0.480539 	0.010427 	-0.001042 	0.009515 	-0.000103 	0.480420 	 0.000110 
0.482126 	0.012152 	0.000595 	0.009351 	-0.000064 	0.482025 	 0.000105 
0.471880 	0.012099 	0.000428 	0.009524 	-0.000100 	0.471784 	 0.000086 
0.476106 	0.013421 	-0.002272 	0.014407 	-0.000205 	0.475932 	 0.000159 
0.475773 	0.014669 	-0.001352 	0.013295 	-0.000092 	0.475562 	 0.000203 
0.476525 	0.010367 	0.000258 	0.007752 	-0.000090 	0.476421 	 0.000090 
0.467058 	0.011952 	0.001004 	0.008605 	-0.000199 	0.466964 	 0.000076 
0.465170 	0.017495 	0.001984 	0.012827 	0.000010 	0.465016 	 0.000134 
0.483376 	0.009785 	0.000566 	0.007776 	-0.000290 	0.483264 	 0.000107 
0.478285 	0.013556 	0.000799 	0.010654 	-0.000022 	0.478174 	 0.000101 
0.471410 	0.011792 	0.000085 	0.010516 	-0.000035 	0.471248 	 0.000162 
0.485252 	0.010713 	0.002055 	0.006723 	-0.000250 	0.485131 	 0.000094 
0.471180 	0.018784 	0.003238 	0.012962 	0.000239 	0.471071 	 0.000090 
0.467353 	0.021866 	0.002735 	0.015652 	0.000494 	0.467176 	 0.000189 
0.471066 	0.012552 	-0.001386 	0.011756 	-0.000058 	0.470887 	 0.000183 
0.474856 	0.017791 	-0.000393 	0.015073 	0.000076 	0.474634 	 0.000228 
0.456932 	0.023956 	-0.000880 	0.021076 	0.000505 	0.456646 	 0.000301 
0.465883 	0.018693 	-0.000547 	0.015274 	0.000098 	0.465619 	 0.000268 
0.472029 	0.015105 	-0.002171 	0.015688 	-0.000204 	0.471806 	 0.000220 
0.466599 	0.017413 	0.000167 	0.014616 	0.000116 	0.466391 	 0.000207 
0.458384 	0.024569 	0.000100 	0.020606 	0.000385 	0.458078 	 0.000312 
0.459371 	0.020376 	0.001024 	0.016054 	0.000260 	0.459145 	 0.000217 
0.460297 	0.020308 	0.000792 	0.015902 	0.000210 	0.460069 	 0.000229 
0.453258 	0.026755 	0.001947 	0.020679 	0.000554 	0.453021 	 0.000238 
0.457869 	0.024796 	0.002073 	0.019480 	0.000388 	0.457622 	 0.000253 
0.457898 	0.022595 	0.000807 	0.018244 	0.000432 	0.457661 	 0.000239 
0.453592 	0.026220 	0.001604 	0.019583 	0.000557 	0.453324 	 0.000279 
0.454822 	0.025831 	0.002874 	0.019889 	0.000471 	0.454608 	 0.000223 
0.458442 	0.026693 	0.002066 	0.020480 	0.000453 	0.458157 	 0.000291 
0.461510 	0.027245 	0.001852 	0.021641 	0.000609 	0.461235 	 0.000284 
0.451343 	0.032508 	0.003493 	0.023873 	0.000849 	0.451050 	 0.000307 
0.443485 	0.033758 	0.003988 	0.024483 	0.000901 	0.443183 	 0.000291 
0.460340 	0.027501 	0.001859 	0.020749 	0.000496 	0.460092 	 0.000249 
0.451270 	0.024456 	0.002629 	0.018783 	0.000274 	0.451035 	 0.000233 
0.457564 	0.024551 	0.001775 	0.018570 	0.000330 	0.457292 	 0.000268 
0.456640 	0.035112 	0.003511 	0.026434 	0.000885 	0.456322 	 0.000319 
0.457924 	0.032908 	0.003953 	0.023150 	0.000849 	0.457606 	 0.000322 
0.454299 	0.031255 	0.003997 	0.022877 	0.000786 	0.454029 	 0.000274 
0.443721 	0.030533 	0.003388 	0.022878 	0.000637 	0.443443 	 0.000275 
0.457698 	0.032616 	0.005629 	0.021793 	0.000788 	0.457468 	 0.000221 
0.447637 	0.036479 	0.003738 	0.027631 	0.000947 	0.447326 	 0.000302 
0.445328 	0.033131 	0.005842 	0.022022 	0.000835 	0.445073 	 0.000259 
0.438768 	0.039395 	0.006291 	0.026770 	0.001101 	0.438455 	 0.000307 
0.431041 	0.038347 	0.004716 	0.027903 	0.001057 	0.430681 	 0.000356 
0.439172 	0.037087 	0.004817 	0.026022 	0.000931 	0.438833 	 0.000344 
0.442006 	0.028488 	0.003357 	0.021054 	0.000394 	0.441721 	 0.000279 
0.440204 	0.038467 	0.006383 	0.025502 	0.001090 	0.439868 	 0.000335 
0.441199 	0.037986 	0.005173 	0.027084 	0.000990 	0.440837 	 0.000372 
0.448345 	0.037086 	0.006489 	0.025516 	0.000905 	0.448040 	 0.000303 
0.425828 	0.044262 	0.007612 	0.030393 	0.001309 	0.425494 	 0.000341 
0.431060 	0.038997 	0.006262 	0.027085 	0.001052 	0.430750 	 0.000302 
0.427257 	0.039285 	0.006423 	0.027674 	0.001005 	0.426901 	 0.000360 
0.437794 	0.036916 	0.006402 	0.025342 	0.000951 	0.437476 	 0.000316 
0.436286 	0.041250 	0.006647 	0.028414 	0.001076 	0.435951 	 0.000324 
0.443202 	0.039739 	0.006221 	0.028197 	0.001037 	0.442878 	 0.000336 
0.437182 	0.035390 	0.005800 	0.024332 	0.000772 	0.436849 	 0.000332 
0.441552 	0.043757 	0.007007 	0.030148 	0.001266 	0.441180 	 0.000367 
0.444467 	0.040597 	0.006972 	0.027839 	0.001113 	0.444110 	 0.000346 
0.431627 	0.039110 	0.006657 	0.026487 	0.001071 	0.431290 	 0.000341 
0.443672 	0.041592 	0.006811 	0.028529 	0.001285 	0.443346 	 0.000325 
0.438349 	0.039228 	0.005521 	0.027064 	0.001169 	0.437969 	 0.000382 
0.439267 	0.038739 	0.007243 	0.025528 	0.001135 	0.438932 	 0.000339 
0.446306 	0.039050 	0.007526 	0.025841 	0.000942 	0.446004 	 0.000301 
0.439154 	0.037987 	0.006341 	0.025301 	0.001045 	0.438806 	 0.000352 
0.440659 	0.037640 	0.007286 	0.024118 	0.000957 	0.440317 	 0.000334 
0.443342 	0.039940 	0.007826 	0.025759 	0.001047 	0.442986 	 0.000357 
0.437702 	0.042700 	0.007268 	0.028363 	0.001194 	0.437319 	 0.000381 
0.433211 	0.044953 	0.009071 	0.028446 	0.001359 	0.432858 	 0.000357 
0.426722 	0.042510 	0.008240 	0.027606 	0.001129 	0.426339 	 0.000385 
0.432867 	0.041014 	0.007236 	0.027536 	0.001137 	0.432496 	 0.000374 
0.436772 	0.040031 	0.008032 	0.025691 	0.000986 	0.436429 	 0.000329 
0.430893 	0.040822 	0.007529 	0.027167 	0.001169 	0.430526 	 0.000374 
0.430559 	0.039159 	0.007884 	0.024725 	0.001022 	0.430227 	 0.000328 
0.433315 	0.041544 	0.007047 	0.028018 	0.001087 	0.432899 	 0.000421 
0.426834 	0.042600 	0.007432 	0.028137 	0.001205 	0.426438 	 0.000392 
0.427431 	0.043091 	0.007528 	0.028635 	0.001154 	0.427013 	 0.000423 
0.438768 	0.041429 	0.007698 	0.027197 	0.001039 	0.438371 	 0.000404 
0.430532 	0.041044 	0.008920 	0.025176 	0.001106 	0.430197 	 0.000334 
0.422525 	0.048044 	0.010515 	0.029047 	0.001604 	0.422174 	 0.000352 
0.424607 	0.046849 	0.010102 	0.028868 	0.001479 	0.424230 	 0.000383 
0.433087 	0.045938 	0.007651 	0.030764 	0.001280 	0.432677 	 0.000412 
0.433369 	0.044363 	0.009432 	0.027286 	0.001294 	0.432995 	 0.000371 
0.432844 	0.048762 	0.010698 	0.029925 	0.001475 	0.432463 	 0.000372 
0.425170 	0.044915 	0.009363 	0.028410 	0.001310 	0.424816 	 0.000342 
0.438740 	0.049335 	0.009948 	0.031537 	0.001400 	0.438380 	 0.000358 
0.429161 	0.042594 	0.009314 	0.025753 	0.001200 	0.428803 	 0.000349 
0.431920 	0.044836 	0.009867 	0.027811 	0.001254 	0.431583 	 0.000341 
0.423876 	0.048037 	0.008948 	0.031282 	0.001348 	0.423421 	 0.000451 
0.418410 	0.050916 	0.010286 	0.032519 	0.001606 	0.418014 	 0.000399 
0.415962 	0.049695 	0.008884 	0.033786 	0.001464 	0.415531 	 0.000433 
0.420668 	0.050383 	0.009273 	0.033219 	0.001494 	0.420226 	 0.000449 
0.415906 	0.053937 	0.010452 	0.034558 	0.001736 	0.415457 	 0.000437 
0.415948 	0.048276 	0.009610 	0.030139 	0.001450 	0.415518 	 0.000433 
0.428472 	0.045841 	0.009294 	0.028775 	0.001340 	0.428073 	 0.000383 
0.415528 	0.050767 	0.010928 	0.032324 	0.001518 	0.415116 	 0.000409 
0.420106 	0.047525 	0.009067 	0.031376 	0.001352 	0.419698 	 0.000396 
0.424347 	0.049906 	0.010128 	0.031880 	0.001428 	0.423922 	 0.000423 
0.411052 	0.054959 	0.010817 	0.035522 	0.001845 	0.410610 	 0.000429 
0.417563 	0.050682 	0.010328 	0.031881 	0.001591 	0.417136 	 0.000426 
0.423727 	0.051527 	0.010905 	0.031861 	0.001536 	0.423327 	 0.000387 
0.398935 	0.054190 	0.011829 	0.033792 	0.001838 	0.398518 	 0.000410 
0.413104 	0.056718 	0.011775 	0.036293 	0.001855 	0.412669 	 0.000423 
0.408809 	0.058883 	0.013157 	0.035948 	0.001964 	0.408385 	 0.000433 
0.417498 	0.055560 	0.010496 	0.036408 	0.001686 	0.417031 	 0.000460 
0.409156 	0.052802 	0.011503 	0.032485 	0.001652 	0.408734 	 0.000420 
0.415479 	0.053358 	0.010480 	0.034582 	0.001550 	0.415041 	 0.000431 
0.410218 	0.056284 	0.011448 	0.035316 	0.001821 	0.409774 	 0.000450 
0.408524 	0.055701 	0.011065 	0.035682 	0.001722 	0.408099 	 0.000419 
0.399786 	0.057606 	0.012305 	0.035548 	0.001861 	0.399346 	 0.000448 
0.411552 	0.054751 	0.012607 	0.032575 	0.001703 	0.411109 	 0.000446 
0.408027 	0.059643 	0.011778 	0.037765 	0.001938 	0.407541 	 0.000488 
0.404393 	0.059580 	0.013824 	0.035427 	0.001969 	0.403940 	 0.000459 
0.409780 	0.057270 	0.012235 	0.035240 	0.001770 	0.409324 	 0.000456 
0.405685 	0.060845 	0.013149 	0.037930 	0.001968 	0.405215 	 0.000459 
0.409011 	0.052878 	0.011067 	0.034105 	0.001602 	0.408577 	 0.000425 
0.407207 	0.059549 	0.012777 	0.036719 	0.002130 	0.406739 	 0.000463 
0.410232 	0.059068 	0.013076 	0.036109 	0.001913 	0.409777 	 0.000446 
0.402771 	0.064966 	0.013655 	0.040495 	0.002263 	0.402280 	 0.000489 
0.408864 	0.053827 	0.011023 	0.033301 	0.001670 	0.408407 	 0.000465 
0.412640 	0.058163 	0.012017 	0.036454 	0.001913 	0.412144 	 0.000494 
0.403895 	0.054646 	0.011477 	0.033539 	0.001794 	0.403440 	 0.000460 
0.410493 	0.056966 	0.012204 	0.035677 	0.001878 	0.410038 	 0.000454 
0.409671 	0.055314 	0.012167 	0.034108 	0.001765 	0.409215 	 0.000456 
0.406440 	0.058557 	0.013343 	0.035817 	0.002026 	0.406010 	 0.000422 
0.407469 	0.055055 	0.011583 	0.034176 	0.001783 	0.407015 	 0.000440 
0.407305 	0.054906 	0.011753 	0.034535 	0.001688 	0.406820 	 0.000479 
0.405638 	0.056269 	0.011724 	0.035535 	0.001817 	0.405141 	 0.000502 
0.408955 	0.055275 	0.011473 	0.035612 	0.001652 	0.408474 	 0.000485 
0.412483 	0.058644 	0.013026 	0.035983 	0.001814 	0.412026 	 0.000461 
0.414009 	0.052860 	0.011867 	0.031665 	0.001500 	0.413551 	 0.000459 
0.412020 	0.052447 	0.011525 	0.032886 	0.001568 	0.411598 	 0.000413 
0.400476 	0.059100 	0.011608 	0.037410 	0.001909 	0.399969 	 0.000508 
0.407994 	0.059102 	0.011872 	0.037650 	0.001983 	0.407488 	 0.000502 
0.402463 	0.057116 	0.013757 	0.033886 	0.001922 	0.402034 	 0.000431 
0.410187 	0.055698 	0.011461 	0.035975 	0.001816 	0.409697 	 0.000497 
0.399949 	0.057499 	0.011798 	0.036223 	0.001821 	0.399467 	 0.000483 
0.408465 	0.059690 	0.013236 	0.035938 	0.001990 	0.407955 	 0.000509 
0.414389 	0.057370 	0.011964 	0.036194 	0.001772 	0.413921 	 0.000451 
0.413693 	0.051852 	0.009893 	0.032553 	0.001640 	0.413204 	 0.000489 
0.397780 	0.059622 	0.012297 	0.037901 	0.002023 	0.397293 	 0.000480 
0.412815 	0.056340 	0.011777 	0.034723 	0.001768 	0.412317 	 0.000490 
0.406603 	0.064050 	0.014361 	0.038489 	0.002116 	0.406098 	 0.000491 
0.406670 	0.059461 	0.012862 	0.036509 	0.001967 	0.406186 	 0.000475 
0.414909 	0.056841 	0.013059 	0.033645 	0.001794 	0.414469 	 0.000440 
0.407651 	0.061222 	0.013808 	0.037626 	0.002009 	0.407202 	 0.000439 
0.409685 	0.061013 	0.014387 	0.037088 	0.002018 	0.409264 	 0.000427 
0.414116 	0.061903 	0.012793 	0.038950 	0.002027 	0.413606 	 0.000508 
0.406281 	0.058024 	0.012584 	0.035418 	0.001840 	0.405800 	 0.000489 
0.398548 	0.062137 	0.012841 	0.037867 	0.002089 	0.398031 	 0.000516 
0.413112 	0.057672 	0.012383 	0.036169 	0.001825 	0.412648 	 0.000465 
0.398347 	0.062208 	0.013631 	0.036674 	0.002206 	0.397860 	 0.000489 
0.399876 	0.065148 	0.013926 	0.039464 	0.002353 	0.399356 	 0.000535 
0.391531 	0.064404 	0.014081 	0.038880 	0.002285 	0.391017 	 0.000526 
0.395883 	0.059111 	0.012272 	0.036945 	0.001950 	0.395392 	 0.000496 
0.396069 	0.060159 	0.012173 	0.037624 	0.002055 	0.395569 	 0.000515 
0.399749 	0.061766 	0.013161 	0.037287 	0.002105 	0.399240 	 0.000517 
0.395184 	0.063186 	0.013257 	0.038462 	0.002268 	0.394663 	 0.000533 
0.400469 	0.064541 	0.014259 	0.038887 	0.002264 	0.400019 	 0.000451 
0.390618 	0.065251 	0.014070 	0.039475 	0.002354 	0.390096 	 0.000526 
0.410353 	0.065618 	0.013605 	0.040980 	0.002270 	0.409815 	 0.000543 
0.391978 	0.063658 	0.014916 	0.036911 	0.002215 	0.391498 	 0.000496 
0.407284 	0.062540 	0.015154 	0.036338 	0.002193 	0.406806 	 0.000492 
0.407563 	0.059396 	0.012654 	0.035714 	0.001981 	0.407054 	 0.000518 
0.402386 	0.061933 	0.013365 	0.037431 	0.002127 	0.401886 	 0.000509 
0.401130 	0.066410 	0.014322 	0.040831 	0.002366 	0.400625 	 0.000505 
0.408514 	0.065737 	0.014438 	0.039557 	0.002231 	0.408011 	 0.000508 
0.409243 	0.061044 	0.012585 	0.037058 	0.002141 	0.408734 	 0.000513 
0.389973 	0.058929 	0.013631 	0.035677 	0.001932 	0.389494 	 0.000486 
0.395327 	0.062498 	0.013131 	0.037966 	0.002181 	0.394805 	 0.000531 
0.391864 	0.062975 	0.013947 	0.038725 	0.002255 	0.391380 	 0.000492 
0.402536 	0.064934 	0.013272 	0.040383 	0.002309 	0.401995 	 0.000535 
0.401387 	0.061286 	0.013641 	0.036156 	0.002057 	0.400903 	 0.000494 
0.404742 	0.059815 	0.013681 	0.036002 	0.002027 	0.404287 	 0.000456 
0.405308 	0.063433 	0.014391 	0.037782 	0.002118 	0.404815 	 0.000500 
0.397463 	0.068294 	0.014344 	0.041955 	0.002450 	0.396933 	 0.000527 
0.394422 	0.063376 	0.014453 	0.037763 	0.002218 	0.393950 	 0.000478 
0.396292 	0.067667 	0.014503 	0.040493 	0.002391 	0.395727 	 0.000572 
0.389363 	0.066821 	0.014606 	0.040541 	0.002345 	0.388842 	 0.000532 
0.400302 	0.065397 	0.015534 	0.038087 	0.002369 	0.399829 	 0.000478 
0.400744 	0.066047 	0.014877 	0.039261 	0.002358 	0.400208 	 0.000553 
0.405327 	0.067753 	0.014984 	0.041322 	0.002343 	0.404817 	 0.000508 
0.397802 	0.069341 	0.013756 	0.042887 	0.002497 	0.397219 	 0.000594 
0.387177 	0.064725 	0.013460 	0.040099 	0.002254 	0.386650 	 0.000544 
0.402409 	0.064929 	0.014466 	0.039355 	0.002282 	0.401904 	 0.000503 
0.394709 	0.066405 	0.013884 	0.040751 	0.002311 	0.394180 	 0.000534 
0.395805 	0.063384 	0.013071 	0.039281 	0.002235 	0.395283 	 0.000526 
0.401586 	0.066743 	0.014881 	0.039282 	0.002338 	0.401059 	 0.000542 
0.392795 	0.061395 	0.015135 	0.034964 	0.002066 	0.392318 	 0.000488 
0.402498 	0.062056 	0.014058 	0.036756 	0.002142 	0.402001 	 0.000508 
0.391507 	0.065554 	0.014866 	0.038363 	0.002344 	0.391010 	 0.000511 
0.392451 	0.062394 	0.014035 	0.036515 	0.002089 	0.391941 	 0.000506 
0.390993 	0.064527 	0.014919 	0.038395 	0.002297 	0.390491 	 0.000505 
0.400074 	0.061942 	0.013180 	0.038082 	0.002065 	0.399571 	 0.000503 
0.388208 	0.066590 	0.014427 	0.040149 	0.002423 	0.387686 	 0.000532 
0.391596 	0.066386 	0.016123 	0.038341 	0.002320 	0.391083 	 0.000518 
0.406407 	0.063296 	0.013110 	0.038702 	0.002248 	0.405880 	 0.000537 
0.397876 	0.064950 	0.014356 	0.038328 	0.002339 	0.397343 	 0.000538 
0.395619 	0.068058 	0.015625 	0.040852 	0.002445 	0.395105 	 0.000530 
0.395451 	0.065455 	0.014023 	0.038889 	0.002420 	0.394903 	 0.000567 
0.401825 	0.065132 	0.015627 	0.037789 	0.002267 	0.401340 	 0.000485 
0.386840 	0.070364 	0.016531 	0.041513 	0.002629 	0.386334 	 0.000518 
0.395813 	0.064186 	0.014247 	0.037780 	0.002291 	0.395274 	 0.000541 
0.389476 	0.069083 	0.013396 	0.043278 	0.002546 	0.388894 	 0.000599 
0.396449 	0.064363 	0.013584 	0.039136 	0.002197 	0.395929 	 0.000535 
0.388371 	0.068737 	0.016437 	0.039605 	0.002539 	0.387854 	 0.000523 
0.390328 	0.062264 	0.013108 	0.037935 	0.002141 	0.389806 	 0.000525 
0.390823 	0.063832 	0.014996 	0.036622 	0.002268 	0.390331 	 0.000505 
0.380923 	0.064417 	0.016333 	0.036169 	0.002248 	0.380462 	 0.000463 
0.451702 	0.007546 	-0.000586 	0.006177 	-0.000355 	0.451703 	 -0.000003 
0.473139 	0.004122 	-0.000297 	0.002184 	-0.000557 	0.473149 	 -0.000001 
0.463735 	0.019157 	0.003504 	0.011231 	0.000268 	0.463742 	 -0.000010 
0.465707 	0.015271 	0.001172 	0.010644 	0.000132 	0.465722 	 -0.000019 
0.475276 	0.011181 	-0.000090 	0.008239 	-0.000139 	0.475232 	 0.000065 
0.475908 	0.013120 	0.000384 	0.009648 	-0.000160 	0.475925 	 -0.000001 
0.474673 	0.018943 	0.000821 	0.014073 	0.000223 	0.474605 	 0.000068 
0.481645 	0.012277 	0.000190 	0.008691 	-0.000068 	0.481599 	 0.000052 
0.480119 	0.014983 	0.000316 	0.011519 	0.000018 	0.480079 	 0.000057 
0.475597 	0.017413 	0.000860 	0.012833 	0.000198 	0.475544 	 0.000058 
0.475775 	0.015683 	0.000788 	0.012096 	-0.000033 	0.475756 	 0.000034 
0.487871 	0.011504 	0.000358 	0.008777 	-0.000183 	0.487844 	 0.000035 
0.473300 	0.019266 	0.000359 	0.014579 	0.000298 	0.473222 	 0.000083 
0.475697 	0.019786 	0.001322 	0.014604 	0.000156 	0.475617 	 0.000075 
0.479554 	0.020353 	0.002871 	0.013965 	0.000095 	0.479536 	 0.000020 
0.484964 	0.017451 	0.000291 	0.012784 	0.000087 	0.484864 	 0.000104 
0.468898 	0.021384 	0.001846 	0.015805 	0.000336 	0.468791 	 0.000102 
0.473837 	0.020659 	0.001801 	0.013907 	0.000403 	0.473766 	 0.000057 
0.477513 	0.016353 	0.001691 	0.011326 	0.000023 	0.477466 	 0.000042 
0.479006 	0.019422 	0.001417 	0.014263 	0.000234 	0.478922 	 0.000080 
0.465443 	0.020657 	0.000998 	0.016442 	0.000217 	0.465346 	 0.000088 
0.471946 	0.024572 	0.002553 	0.017344 	0.000400 	0.471836 	 0.000110 
0.475582 	0.011403 	0.000233 	0.008685 	-0.000309 	0.475563 	 0.000018 
0.476423 	0.025595 	0.003328 	0.017903 	0.000490 	0.476332 	 0.000093 
0.468904 	0.017436 	0.000250 	0.013175 	-0.000078 	0.468787 	 0.000110 
0.466673 	0.023568 	0.001958 	0.017050 	0.000294 	0.466532 	 0.000134 
0.459957 	0.026092 	0.002685 	0.018222 	0.000444 	0.459839 	 0.000108 
0.460199 	0.028511 	0.001933 	0.021378 	0.000657 	0.460030 	 0.000173 
0.472418 	0.026788 	0.001516 	0.021230 	0.000363 	0.472262 	 0.000157 
0.459137 	0.025624 	0.001247 	0.020634 	0.000462 	0.459011 	 0.000115 
0.461457 	0.022864 	0.002314 	0.016751 	0.000105 	0.461330 	 0.000121 
0.469699 	0.022692 	0.000545 	0.018289 	0.000256 	0.469550 	 0.000144 
0.465140 	0.026623 	0.000460 	0.022333 	0.000409 	0.464948 	 0.000194 
0.465609 	0.028939 	0.002875 	0.021555 	0.000515 	0.465453 	 0.000155 
0.464562 	0.034096 	0.002828 	0.025432 	0.000791 	0.464338 	 0.000220 
0.461190 	0.029225 	0.003506 	0.021017 	0.000576 	0.461042 	 0.000142 
0.459195 	0.031324 	0.004649 	0.021805 	0.000672 	0.459060 	 0.000124 
0.466939 	0.028776 	0.003275 	0.020540 	0.000459 	0.466766 	 0.000174 
0.470063 	0.031626 	0.002987 	0.023498 	0.000730 	0.469896 	 0.000145 
0.458819 	0.032634 	0.004407 	0.023402 	0.000737 	0.458650 	 0.000169 
0.464270 	0.031543 	0.003504 	0.023681 	0.000696 	0.464073 	 0.000202 
0.466538 	0.028977 	0.003360 	0.021477 	0.000516 	0.466386 	 0.000152 
0.468471 	0.032460 	0.002747 	0.024564 	0.000721 	0.468268 	 0.000197 
0.460200 	0.036705 	0.004733 	0.027109 	0.000781 	0.460023 	 0.000173 
0.456944 	0.035930 	0.004982 	0.024776 	0.000873 	0.456703 	 0.000213 
0.433100 	0.033750 	0.003860 	0.024325 	0.000778 	0.432923 	 0.000178 
0.430064 	0.037271 	0.005153 	0.025802 	0.001054 	0.429895 	 0.000179 
0.430855 	0.037223 	0.005752 	0.025784 	0.000956 	0.430691 	 0.000172 
0.429865 	0.042507 	0.005513 	0.030784 	0.001295 	0.429675 	 0.000194 
0.437813 	0.034551 	0.005030 	0.023763 	0.000859 	0.437671 	 0.000154 
0.422863 	0.038242 	0.005562 	0.026462 	0.001030 	0.422711 	 0.000159 
0.427281 	0.041590 	0.005730 	0.029662 	0.001144 	0.427081 	 0.000208 
0.435974 	0.036772 	0.005674 	0.025677 	0.000899 	0.435840 	 0.000149 
0.416026 	0.041004 	0.006081 	0.028364 	0.001225 	0.415835 	 0.000195 
0.433101 	0.039529 	0.006278 	0.027678 	0.001065 	0.432914 	 0.000204 
0.421828 	0.039929 	0.006211 	0.027589 	0.001144 	0.421669 	 0.000158 
0.429208 	0.043431 	0.006530 	0.029922 	0.001354 	0.429017 	 0.000196 
0.424600 	0.038481 	0.007145 	0.024457 	0.001117 	0.424433 	 0.000176 
0.432342 	0.040026 	0.005850 	0.028086 	0.001123 	0.432190 	 0.000157 
0.430925 	0.038853 	0.005517 	0.027804 	0.001006 	0.430741 	 0.000183 
0.424686 	0.046175 	0.007856 	0.031302 	0.001441 	0.424522 	 0.000175 
0.419957 	0.041160 	0.006817 	0.028192 	0.001162 	0.419800 	 0.000161 
0.421647 	0.042596 	0.006136 	0.029368 	0.001349 	0.421442 	 0.000210 
0.425985 	0.040682 	0.006666 	0.026890 	0.001237 	0.425816 	 0.000168 
0.425430 	0.044354 	0.008196 	0.028357 	0.001421 	0.425240 	 0.000193 
0.420688 	0.042418 	0.006405 	0.028435 	0.001431 	0.420523 	 0.000161 
0.423590 	0.043504 	0.007774 	0.028867 	0.001417 	0.423417 	 0.000177 
0.428715 	0.039467 	0.005313 	0.027562 	0.001072 	0.428505 	 0.000210 
0.427479 	0.045413 	0.006342 	0.031735 	0.001341 	0.427222 	 0.000262 
0.418357 	0.043453 	0.007358 	0.029739 	0.001261 	0.418169 	 0.000190 
0.422281 	0.046396 	0.008470 	0.030457 	0.001486 	0.422105 	 0.000180 
0.422170 	0.045717 	0.007200 	0.031518 	0.001411 	0.421971 	 0.000196 
0.422742 	0.045039 	0.007312 	0.030551 	0.001400 	0.422556 	 0.000186 
0.425826 	0.045367 	0.008881 	0.029243 	0.001436 	0.425652 	 0.000169 
0.420583 	0.041055 	0.006618 	0.028284 	0.001126 	0.420395 	 0.000203 
0.418203 	0.048885 	0.007288 	0.034611 	0.001586 	0.417959 	 0.000247 
0.413014 	0.050409 	0.009929 	0.032361 	0.001743 	0.412838 	 0.000178 
0.421781 	0.041391 	0.008196 	0.026719 	0.001173 	0.421653 	 0.000128 
0.415850 	0.047225 	0.008380 	0.030960 	0.001530 	0.415653 	 0.000196 
0.423261 	0.044553 	0.007674 	0.030259 	0.001332 	0.423078 	 0.000171 
0.416422 	0.047213 	0.008718 	0.030953 	0.001503 	0.416231 	 0.000176 
0.418994 	0.045744 	0.008576 	0.030083 	0.001493 	0.418829 	 0.000163 
0.419785 	0.045220 	0.007620 	0.030236 	0.001464 	0.419592 	 0.000187 
0.421484 	0.044624 	0.006773 	0.031542 	0.001313 	0.421284 	 0.000203 
0.421463 	0.050836 	0.008692 	0.033723 	0.001778 	0.421239 	 0.000221 
0.418737 	0.045772 	0.008375 	0.029661 	0.001549 	0.418565 	 0.000168 
0.412774 	0.044425 	0.007896 	0.028827 	0.001235 	0.412567 	 0.000202 
0.423804 	0.049849 	0.008891 	0.032983 	0.001536 	0.423609 	 0.000195 
0.415139 	0.047371 	0.008217 	0.030741 	0.001517 	0.414909 	 0.000228 
0.412215 	0.048855 	0.007804 	0.033900 	0.001509 	0.411975 	 0.000239 
0.415668 	0.046623 	0.008806 	0.030475 	0.001445 	0.415501 	 0.000161 
0.411862 	0.047501 	0.008555 	0.031690 	0.001529 	0.411663 	 0.000214 
0.422797 	0.051369 	0.009976 	0.032411 	0.001719 	0.422605 	 0.000191 
0.411539 	0.051363 	0.010726 	0.032777 	0.001693 	0.411377 	 0.000156 
0.417400 	0.059565 	0.010170 	0.039270 	0.002159 	0.417143 	 0.000255 
0.418156 	0.052059 	0.009299 	0.034298 	0.001684 	0.417918 	 0.000242 
0.404505 	0.051817 	0.009024 	0.034506 	0.001774 	0.404275 	 0.000219 
0.420569 	0.055313 	0.010373 	0.036640 	0.001877 	0.420356 	 0.000228 
0.419765 	0.056854 	0.009445 	0.038830 	0.001959 	0.419522 	 0.000244 
0.422404 	0.055515 	0.010885 	0.036230 	0.001829 	0.422176 	 0.000226 
0.421665 	0.052781 	0.009729 	0.034217 	0.001762 	0.421415 	 0.000240 
0.414034 	0.055357 	0.009478 	0.036844 	0.001826 	0.413785 	 0.000248 
0.410038 	0.056330 	0.009555 	0.037632 	0.002028 	0.409772 	 0.000264 
0.408156 	0.054138 	0.010476 	0.035074 	0.001741 	0.407937 	 0.000201 
0.421654 	0.052397 	0.009917 	0.034278 	0.001761 	0.421427 	 0.000231 
0.415252 	0.050204 	0.009594 	0.033294 	0.001630 	0.415042 	 0.000198 
0.406387 	0.055124 	0.009021 	0.037385 	0.001934 	0.406135 	 0.000249 
0.409135 	0.054758 	0.010874 	0.035512 	0.001939 	0.408911 	 0.000213 
0.409246 	0.055108 	0.010978 	0.035497 	0.001911 	0.409036 	 0.000199 
0.414107 	0.058335 	0.010424 	0.038380 	0.002186 	0.413831 	 0.000271 
0.416503 	0.058742 	0.009990 	0.040125 	0.002069 	0.416232 	 0.000273 
0.412449 	0.053519 	0.010077 	0.035364 	0.001784 	0.412272 	 0.000181 
0.414963 	0.057819 	0.010031 	0.038667 	0.001977 	0.414678 	 0.000278 
0.406819 	0.057166 	0.010421 	0.037383 	0.001981 	0.406590 	 0.000224 
0.404537 	0.053959 	0.011114 	0.034398 	0.001879 	0.404336 	 0.000202 
0.412788 	0.059224 	0.010436 	0.039710 	0.002096 	0.412513 	 0.000268 
0.402745 	0.058581 	0.011055 	0.038558 	0.002054 	0.402487 	 0.000247 
0.406411 	0.059284 	0.011770 	0.037586 	0.002164 	0.406178 	 0.000232 
0.411358 	0.060111 	0.010607 	0.039300 	0.002146 	0.411064 	 0.000285 
0.405801 	0.058886 	0.011192 	0.038432 	0.002083 	0.405549 	 0.000247 
0.413112 	0.054971 	0.010251 	0.035342 	0.001901 	0.412894 	 0.000225 
0.410070 	0.056611 	0.009995 	0.036843 	0.001938 	0.409826 	 0.000241 
0.405176 	0.058345 	0.011662 	0.037239 	0.001987 	0.404922 	 0.000262 
0.406577 	0.054695 	0.010212 	0.035795 	0.001874 	0.406352 	 0.000223 
0.394798 	0.053617 	0.010971 	0.034575 	0.001879 	0.394612 	 0.000181 
0.392253 	0.060479 	0.011415 	0.040028 	0.002294 	0.392018 	 0.000228 
0.406280 	0.057581 	0.011059 	0.036715 	0.002113 	0.406027 	 0.000252 
0.400927 	0.058241 	0.010200 	0.038428 	0.002207 	0.400648 	 0.000286 
0.403715 	0.060727 	0.010632 	0.040085 	0.002229 	0.403454 	 0.000264 
0.393347 	0.059281 	0.011928 	0.037555 	0.002220 	0.393121 	 0.000224 
0.411937 	0.059877 	0.011984 	0.038236 	0.002213 	0.411718 	 0.000215 
0.402674 	0.059608 	0.010886 	0.038621 	0.002223 	0.402414 	 0.000252 
0.396778 	0.058950 	0.011235 	0.038506 	0.002048 	0.396507 	 0.000270 
0.411742 	0.056034 	0.010406 	0.036336 	0.001912 	0.411529 	 0.000208 
0.394455 	0.061557 	0.011950 	0.039435 	0.002354 	0.394192 	 0.000250 
0.400239 	0.063226 	0.011440 	0.040966 	0.002429 	0.399944 	 0.000301 
0.400738 	0.061148 	0.012075 	0.039704 	0.002310 	0.400495 	 0.000245 
0.402756 	0.061124 	0.012486 	0.038831 	0.002254 	0.402518 	 0.000241 
0.397610 	0.060068 	0.011194 	0.039456 	0.002169 	0.397357 	 0.000252 
0.391721 	0.067887 	0.013817 	0.042630 	0.002734 	0.391459 	 0.000267 
0.408340 	0.057612 	0.011391 	0.036901 	0.002017 	0.408095 	 0.000250 
0.397074 	0.063699 	0.011990 	0.041874 	0.002400 	0.396784 	 0.000292 
0.396298 	0.062103 	0.012495 	0.040201 	0.002221 	0.396052 	 0.000245 
0.405027 	0.061140 	0.012149 	0.039580 	0.002182 	0.404755 	 0.000267 
0.401768 	0.062342 	0.012280 	0.039638 	0.002373 	0.401499 	 0.000267 
0.408461 	0.058098 	0.011385 	0.037206 	0.002058 	0.408229 	 0.000229 
0.395683 	0.059447 	0.010853 	0.039150 	0.002159 	0.395401 	 0.000276 
0.394760 	0.060817 	0.011041 	0.040042 	0.002299 	0.394478 	 0.000283 
0.398660 	0.058980 	0.012256 	0.036494 	0.002147 	0.398387 	 0.000260 
0.406545 	0.060693 	0.011612 	0.039545 	0.002195 	0.406307 	 0.000236 
0.385805 	0.062742 	0.011891 	0.041016 	0.002453 	0.385554 	 0.000258 
0.390694 	0.062301 	0.012300 	0.039448 	0.002401 	0.390459 	 0.000238 
0.387460 	0.068304 	0.011888 	0.045536 	0.002654 	0.387180 	 0.000283 
0.390588 	0.065454 	0.013681 	0.041839 	0.002444 	0.390362 	 0.000222 
0.392320 	0.065978 	0.012584 	0.042454 	0.002646 	0.392058 	 0.000274 
0.391040 	0.063951 	0.013097 	0.040147 	0.002489 	0.390798 	 0.000253 
0.388885 	0.067733 	0.012681 	0.044211 	0.002665 	0.388588 	 0.000300 
0.390611 	0.062947 	0.012633 	0.040141 	0.002464 	0.390369 	 0.000243 
0.391422 	0.063702 	0.012696 	0.039632 	0.002471 	0.391131 	 0.000300 
0.392784 	0.065002 	0.013328 	0.040972 	0.002463 	0.392535 	 0.000251 
0.398500 	0.064356 	0.013728 	0.039682 	0.002374 	0.398259 	 0.000248 
0.389548 	0.067604 	0.013445 	0.043895 	0.002722 	0.389270 	 0.000278 
0.392341 	0.068048 	0.013005 	0.043336 	0.002680 	0.392036 	 0.000312 
0.394475 	0.063556 	0.011734 	0.041232 	0.002449 	0.394205 	 0.000266 
0.386945 	0.068782 	0.012212 	0.046054 	0.002719 	0.386657 	 0.000293 
0.398786 	0.066870 	0.012921 	0.042907 	0.002588 	0.398519 	 0.000271 
0.385481 	0.070953 	0.013596 	0.045887 	0.002851 	0.385173 	 0.000297 
0.385657 	0.070789 	0.014591 	0.044657 	0.002848 	0.385373 	 0.000284 
0.386758 	0.070585 	0.013544 	0.045203 	0.002902 	0.386469 	 0.000290 
0.396872 	0.062023 	0.011836 	0.040316 	0.002299 	0.396585 	 0.000290 
0.393671 	0.066578 	0.012833 	0.044300 	0.002531 	0.393408 	 0.000262 
0.388426 	0.064106 	0.012425 	0.041155 	0.002477 	0.388154 	 0.000273 
0.389468 	0.063089 	0.012525 	0.039913 	0.002472 	0.389198 	 0.000279 
0.391649 	0.063662 	0.014273 	0.038213 	0.002504 	0.391416 	 0.000234 
0.390830 	0.071522 	0.013429 	0.046677 	0.002798 	0.390520 	 0.000305 
0.397377 	0.060683 	0.010943 	0.039889 	0.002209 	0.397096 	 0.000276 
0.390458 	0.064688 	0.012989 	0.040976 	0.002468 	0.390192 	 0.000274 
0.395693 	0.064282 	0.011710 	0.042815 	0.002452 	0.395411 	 0.000277 
0.391779 	0.069959 	0.013438 	0.044974 	0.002749 	0.391479 	 0.000307 
0.393576 	0.066430 	0.013158 	0.042722 	0.002500 	0.393322 	 0.000251 
0.391617 	0.066694 	0.013369 	0.042770 	0.002567 	0.391354 	 0.000255 
0.387289 	0.067985 	0.012973 	0.044144 	0.002615 	0.386963 	 0.000332 
0.397667 	0.066475 	0.013164 	0.042114 	0.002633 	0.397404 	 0.000268 
0.390071 	0.068728 	0.013987 	0.044293 	0.002696 	0.389809 	 0.000248 
0.397237 	0.065560 	0.012619 	0.043222 	0.002518 	0.396941 	 0.000292 
0.386401 	0.065107 	0.012304 	0.042052 	0.002582 	0.386137 	 0.000268 
0.381929 	0.069727 	0.013936 	0.044295 	0.002806 	0.381649 	 0.000287 
0.382419 	0.065056 	0.012309 	0.041625 	0.002507 	0.382132 	 0.000303 
0.382761 	0.069608 	0.013947 	0.043853 	0.002784 	0.382479 	 0.000276 
0.387783 	0.069036 	0.013246 	0.044152 	0.002690 	0.387504 	 0.000275 
0.377812 	0.069573 	0.013475 	0.045164 	0.002697 	0.377534 	 0.000280 
0.387187 	0.066851 	0.013812 	0.042002 	0.002647 	0.386921 	 0.000273 
0.375342 	0.068483 	0.012199 	0.044494 	0.002693 	0.375042 	 0.000308 
0.383816 	0.071521 	0.014623 	0.046150 	0.002773 	0.383559 	 0.000262 
0.381674 	0.068829 	0.013606 	0.044575 	0.002682 	0.381387 	 0.000285 
0.383432 	0.071763 	0.014200 	0.045459 	0.002901 	0.383132 	 0.000299 
0.388965 	0.069936 	0.012905 	0.045442 	0.002741 	0.388665 	 0.000301 
0.392663 	0.069403 	0.012814 	0.045204 	0.002743 	0.392394 	 0.000268 
0.386135 	0.075500 	0.015324 	0.048288 	0.003066 	0.385846 	 0.000303 
0.397313 	0.070578 	0.013596 	0.044996 	0.002727 	0.396993 	 0.000319 
0.376997 	0.072558 	0.014921 	0.045575 	0.002844 	0.376716 	 0.000294 
0.378156 	0.071124 	0.014920 	0.044415 	0.002969 	0.377877 	 0.000269 
0.390909 	0.074947 	0.013761 	0.049560 	0.002930 	0.390605 	 0.000299 
0.385426 	0.071577 	0.014248 	0.046184 	0.002796 	0.385161 	 0.000268 
0.372629 	0.074580 	0.015075 	0.048089 	0.003043 	0.372309 	 0.000310 
0.380093 	0.069535 	0.014000 	0.043925 	0.002718 	0.379810 	 0.000297 
0.378129 	0.075957 	0.016314 	0.047259 	0.003084 	0.377859 	 0.000258 
0.379494 	0.073737 	0.014784 	0.046464 	0.002957 	0.379187 	 0.000309 
0.380622 	0.073292 	0.014522 	0.047065 	0.002965 	0.380363 	 0.000264 
0.381501 	0.070989 	0.013906 	0.045988 	0.002738 	0.381211 	 0.000293 
0.385099 	0.073020 	0.014943 	0.045672 	0.002963 	0.384816 	 0.000267 
0.314092 	0.013598 	0.001159 	0.009500 	0.000002 	0.314084 	 0.000014 
0.318828 	0.008210 	0.001227 	0.004909 	-0.000351 	0.318860 	 -0.000023 
0.318265 	0.007206 	0.001852 	0.004341 	-0.000342 	0.318321 	 -0.000058 
0.318435 	0.014070 	0.001640 	0.009836 	0.000037 	0.318452 	 -0.000013 
0.308392 	0.014483 	0.003624 	0.006658 	0.000128 	0.308404 	 -0.000011 
0.316460 	0.007401 	0.001407 	0.004550 	-0.000295 	0.316461 	 0.000005 
0.314010 	0.013034 	0.001242 	0.009017 	0.000045 	0.313967 	 0.000049 
0.328199 	0.009792 	0.003061 	0.004948 	-0.000084 	0.328263 	 -0.000062 
0.299096 	0.018717 	0.004544 	0.010008 	0.000201 	0.299136 	 -0.000040 
0.298508 	0.019185 	0.004419 	0.011369 	0.000351 	0.298551 	 -0.000046 
0.304108 	0.015918 	0.002564 	0.010402 	0.000172 	0.304125 	 -0.000000 
0.299042 	0.017797 	0.004924 	0.009372 	0.000207 	0.299108 	 -0.000066 
0.300101 	0.017635 	0.002556 	0.011976 	0.000125 	0.300113 	 -0.000007 
0.296144 	0.017297 	0.002676 	0.011639 	0.000279 	0.296179 	 -0.000027 
0.305960 	0.013436 	0.002297 	0.008954 	-0.000128 	0.305998 	 -0.000044 
0.290430 	0.018839 	0.004124 	0.011534 	0.000268 	0.290463 	 -0.000019 
0.303414 	0.019465 	0.005093 	0.011623 	0.000407 	0.303475 	 -0.000042 
0.312751 	0.013932 	0.003802 	0.007908 	0.000066 	0.312863 	 -0.000112 
0.302344 	0.014331 	0.003437 	0.008359 	0.000038 	0.302406 	 -0.000053 
0.316473 	0.015781 	0.004308 	0.008681 	0.000161 	0.316545 	 -0.000052 
0.308874 	0.013859 	0.004507 	0.007242 	0.000049 	0.308993 	 -0.000128 
0.310355 	0.008353 	0.002248 	0.005088 	-0.000377 	0.310477 	 -0.000118 
0.309996 	0.012613 	0.003637 	0.007452 	-0.000143 	0.310082 	 -0.000082 
0.307899 	0.018334 	0.004849 	0.010463 	0.000320 	0.307964 	 -0.000054 
0.296762 	0.022629 	0.004632 	0.013353 	0.000374 	0.296782 	 -0.000017 
0.302478 	0.023594 	0.004063 	0.015146 	0.000442 	0.302492 	 -0.000025 
0.300445 	0.019331 	0.003965 	0.011907 	0.000180 	0.300447 	 0.000007 
0.299997 	0.019629 	0.004460 	0.012215 	0.000161 	0.300045 	 -0.000046 
0.306912 	0.014431 	0.003651 	0.007612 	-0.000096 	0.306981 	 -0.000064 
0.290246 	0.020254 	0.004425 	0.012538 	0.000315 	0.290278 	 -0.000029 
0.293161 	0.018304 	0.004321 	0.009599 	0.000141 	0.293176 	 -0.000010 
0.289898 	0.025348 	0.004223 	0.016136 	0.000540 	0.289848 	 0.000057 
0.293812 	0.022717 	0.005093 	0.013704 	0.000406 	0.293830 	 -0.000010 
0.295737 	0.024398 	0.004882 	0.014824 	0.000517 	0.295714 	 0.000039 
0.279997 	0.030277 	0.006643 	0.018429 	0.000645 	0.279933 	 0.000065 
0.271314 	0.030238 	0.005974 	0.018861 	0.000646 	0.271287 	 0.000042 
0.277497 	0.025652 	0.005605 	0.015192 	0.000402 	0.277505 	 -0.000019 
0.282610 	0.028015 	0.006478 	0.016404 	0.000499 	0.282587 	 0.000026 
0.271114 	0.028839 	0.006068 	0.017823 	0.000631 	0.271114 	 -0.000010 
0.275443 	0.030305 	0.007273 	0.018447 	0.000640 	0.275456 	 -0.000013 
0.269898 	0.036293 	0.006615 	0.023678 	0.000954 	0.269831 	 0.000067 
0.280051 	0.031285 	0.007011 	0.019333 	0.000632 	0.280052 	 -0.000005 
0.271717 	0.031256 	0.005827 	0.019847 	0.000730 	0.271670 	 0.000065 
0.277661 	0.031738 	0.006473 	0.020089 	0.000712 	0.277621 	 0.000038 
0.278109 	0.033505 	0.007552 	0.019897 	0.000811 	0.278081 	 0.000021 
0.283974 	0.032943 	0.007481 	0.019839 	0.000866 	0.283988 	 -0.000028 
0.275843 	0.033950 	0.008699 	0.018923 	0.000857 	0.275847 	 -0.000013 
0.276361 	0.030045 	0.007458 	0.017759 	0.000647 	0.276372 	 -0.000012 
0.274719 	0.032540 	0.006504 	0.020553 	0.000780 	0.274688 	 0.000036 
0.273181 	0.034122 	0.008291 	0.020452 	0.000883 	0.273172 	 0.000004 
0.275772 	0.028331 	0.007766 	0.015633 	0.000572 	0.275808 	 -0.000030 
0.272572 	0.033691 	0.007466 	0.020380 	0.000881 	0.272563 	 0.000007 
0.269198 	0.034209 	0.008544 	0.019661 	0.000871 	0.269204 	 -0.000006 
0.271558 	0.034211 	0.007759 	0.020893 	0.000979 	0.271580 	 -0.000020 
0.274141 	0.028307 	0.006857 	0.017639 	0.000544 	0.274165 	 -0.000018 
0.274623 	0.035311 	0.008488 	0.020274 	0.000838 	0.274607 	 0.000002 
0.275142 	0.033157 	0.008843 	0.018874 	0.000823 	0.275157 	 -0.000015 
0.272454 	0.035524 	0.008388 	0.020665 	0.000981 	0.272448 	 0.000015 
0.268338 	0.039960 	0.009257 	0.024360 	0.001144 	0.268332 	 0.000001 
0.273018 	0.036513 	0.009080 	0.020973 	0.001059 	0.273021 	 -0.000007 
0.271482 	0.029231 	0.006736 	0.017302 	0.000552 	0.271485 	 -0.000005 
0.283135 	0.033481 	0.007765 	0.020213 	0.000792 	0.283101 	 0.000045 
0.271304 	0.038879 	0.009188 	0.023446 	0.001140 	0.271278 	 0.000031 
0.267770 	0.034187 	0.006805 	0.022275 	0.000892 	0.267729 	 0.000045 
0.267190 	0.036315 	0.008548 	0.022285 	0.000902 	0.267160 	 0.000032 
0.272749 	0.036252 	0.009495 	0.020744 	0.000969 	0.272753 	 -0.000012 
0.275792 	0.029930 	0.007357 	0.017526 	0.000565 	0.275789 	 -0.000006 
0.271265 	0.034285 	0.007821 	0.021384 	0.000766 	0.271239 	 0.000026 
0.265951 	0.034919 	0.008037 	0.020979 	0.000912 	0.265922 	 0.000032 
0.275152 	0.031057 	0.007996 	0.017461 	0.000672 	0.275159 	 -0.000001 
0.267769 	0.036899 	0.009507 	0.021134 	0.000990 	0.267761 	 0.000011 
0.264064 	0.035318 	0.009044 	0.020824 	0.000888 	0.264056 	 0.000011 
0.264701 	0.037268 	0.008670 	0.022983 	0.000972 	0.264662 	 0.000035 
0.266966 	0.042024 	0.010152 	0.025307 	0.001186 	0.266946 	 0.000030 
0.258486 	0.038678 	0.010505 	0.021965 	0.001103 	0.258483 	 0.000002 
0.266406 	0.042051 	0.010279 	0.024933 	0.001339 	0.266383 	 0.000023 
0.256730 	0.040436 	0.009558 	0.025002 	0.001107 	0.256729 	 0.000006 
0.267051 	0.037498 	0.008641 	0.022982 	0.000962 	0.266998 	 0.000046 
0.267413 	0.033698 	0.008259 	0.019880 	0.000762 	0.267400 	 0.000014 
0.272677 	0.037138 	0.009560 	0.021070 	0.001031 	0.272672 	 -0.000002 
0.260975 	0.037736 	0.008941 	0.022793 	0.000940 	0.260950 	 0.000022 
0.265611 	0.038884 	0.010083 	0.022415 	0.001133 	0.265608 	 0.000006 
0.262042 	0.040970 	0.009611 	0.024863 	0.001121 	0.261986 	 0.000056 
0.271279 	0.039807 	0.009421 	0.024174 	0.001100 	0.271255 	 0.000020 
0.265815 	0.035718 	0.008156 	0.021608 	0.000922 	0.265783 	 0.000033 
0.265545 	0.039978 	0.010502 	0.022921 	0.001120 	0.265519 	 0.000032 
0.262087 	0.038403 	0.010067 	0.022530 	0.001013 	0.262098 	 -0.000011 
0.258800 	0.036607 	0.009187 	0.021407 	0.000898 	0.258799 	 0.000002 
0.273926 	0.036899 	0.009626 	0.021735 	0.000764 	0.273946 	 -0.000034 
0.256585 	0.040073 	0.010482 	0.022941 	0.001235 	0.256583 	 0.000011 
0.259457 	0.045544 	0.012073 	0.026268 	0.001418 	0.259419 	 0.000051 
0.264247 	0.042426 	0.011289 	0.024364 	0.001255 	0.264225 	 0.000025 
0.257286 	0.043437 	0.010664 	0.025614 	0.001333 	0.257243 	 0.000044 
0.266878 	0.042935 	0.010467 	0.025740 	0.001372 	0.266869 	 0.000008 
0.256908 	0.039136 	0.010812 	0.022404 	0.001084 	0.256948 	 -0.000037 
0.251757 	0.044426 	0.011626 	0.025357 	0.001437 	0.251721 	 0.000039 
0.257170 	0.038159 	0.010565 	0.021568 	0.001067 	0.257219 	 -0.000052 
0.264772 	0.039555 	0.010391 	0.022426 	0.001082 	0.264788 	 -0.000017 
0.265965 	0.037055 	0.009563 	0.020684 	0.000910 	0.265941 	 0.000021 
0.258723 	0.042921 	0.009992 	0.026455 	0.001205 	0.258678 	 0.000044 
0.261859 	0.038245 	0.010862 	0.021038 	0.001072 	0.261911 	 -0.000061 
0.261634 	0.044261 	0.013289 	0.023929 	0.001358 	0.261677 	 -0.000044 
0.259956 	0.042194 	0.010955 	0.025233 	0.001178 	0.259976 	 -0.000026 
0.253714 	0.043457 	0.011993 	0.023030 	0.001390 	0.253714 	 0.000012 
0.257390 	0.043725 	0.011056 	0.025536 	0.001368 	0.257386 	 -0.000003 
0.254486 	0.043230 	0.011018 	0.026089 	0.001205 	0.254498 	 -0.000016 
0.258395 	0.041355 	0.011497 	0.023034 	0.001182 	0.258404 	 -0.000012 
0.261333 	0.039878 	0.010427 	0.022822 	0.001081 	0.261330 	 -0.000001 
0.254338 	0.045426 	0.011584 	0.026522 	0.001363 	0.254301 	 0.000041 
0.268294 	0.044355 	0.012289 	0.025180 	0.001237 	0.268316 	 -0.000033 
0.256188 	0.043712 	0.011416 	0.026341 	0.001162 	0.256157 	 0.000033 
0.256230 	0.044360 	0.012277 	0.025131 	0.001380 	0.256261 	 -0.000029 
0.250381 	0.046403 	0.011675 	0.027580 	0.001367 	0.250339 	 0.000042 
0.249245 	0.044193 	0.012278 	0.024459 	0.001379 	0.249254 	 -0.000010 
0.256518 	0.048092 	0.012082 	0.028642 	0.001427 	0.256436 	 0.000080 
0.255949 	0.044947 	0.011459 	0.026432 	0.001330 	0.255934 	 0.000006 
0.255764 	0.043929 	0.011725 	0.024873 	0.001360 	0.255747 	 0.000017 
0.251351 	0.045538 	0.012585 	0.025498 	0.001428 	0.251367 	 -0.000022 
0.250360 	0.045643 	0.012822 	0.025674 	0.001350 	0.250356 	 -0.000000 
0.257664 	0.040991 	0.011231 	0.023254 	0.001071 	0.257675 	 -0.000022 
0.250340 	0.045092 	0.011892 	0.026148 	0.001487 	0.250344 	 0.000011 
0.248472 	0.044591 	0.012759 	0.025370 	0.001338 	0.248480 	 -0.000012 
0.252665 	0.049071 	0.012989 	0.027898 	0.001601 	0.252628 	 0.000047 
0.257410 	0.047030 	0.011569 	0.027964 	0.001460 	0.257363 	 0.000052 
0.254792 	0.044575 	0.012945 	0.024509 	0.001347 	0.254795 	 0.000000 
0.252636 	0.049086 	0.013640 	0.027949 	0.001508 	0.252605 	 0.000036 
0.248186 	0.047290 	0.012493 	0.028153 	0.001509 	0.248202 	 -0.000021 
0.255127 	0.046650 	0.012574 	0.026395 	0.001428 	0.255127 	 0.000004 
0.252653 	0.045998 	0.011745 	0.027278 	0.001362 	0.252638 	 0.000013 
0.253294 	0.053340 	0.013969 	0.031233 	0.001795 	0.253232 	 0.000053 
0.247083 	0.048553 	0.013206 	0.027744 	0.001440 	0.247077 	 -0.000017 
0.253849 	0.046626 	0.013065 	0.025978 	0.001466 	0.253856 	 0.000001 
0.250079 	0.043554 	0.010166 	0.027347 	0.001258 	0.250054 	 0.000021 
0.250817 	0.048484 	0.013542 	0.027012 	0.001557 	0.250797 	 0.000017 
0.255312 	0.049466 	0.011636 	0.030095 	0.001519 	0.255266 	 0.000041 
0.251305 	0.047641 	0.014042 	0.026610 	0.001489 	0.251334 	 -0.000030 
0.262654 	0.045293 	0.011192 	0.026380 	0.001360 	0.262610 	 0.000049 
0.249739 	0.047068 	0.012063 	0.027767 	0.001378 	0.249684 	 0.000052 
0.261463 	0.045581 	0.012468 	0.025607 	0.001360 	0.261436 	 0.000031 
0.253041 	0.045664 	0.013400 	0.025566 	0.001278 	0.253051 	 -0.000007 
0.257634 	0.046596 	0.012727 	0.026369 	0.001338 	0.257638 	 -0.000006 
0.253313 	0.050057 	0.012904 	0.029718 	0.001607 	0.253278 	 0.000043 
0.243119 	0.050899 	0.014051 	0.028719 	0.001608 	0.243103 	 0.000022 
0.248487 	0.048106 	0.014536 	0.026097 	0.001503 	0.248522 	 -0.000034 
0.253763 	0.046765 	0.013867 	0.025470 	0.001419 	0.253773 	 -0.000017 
0.245401 	0.047427 	0.012353 	0.027672 	0.001519 	0.245389 	 0.000013 
0.245951 	0.046272 	0.014108 	0.023898 	0.001435 	0.245971 	 -0.000017 
0.248449 	0.045905 	0.012816 	0.026434 	0.001288 	0.248430 	 0.000015 
0.249794 	0.050797 	0.013247 	0.029749 	0.001541 	0.249771 	 0.000019 
0.253098 	0.049990 	0.014113 	0.028173 	0.001561 	0.253083 	 0.000006 
0.245017 	0.051353 	0.014972 	0.027721 	0.001647 	0.245012 	 0.000007 
0.248818 	0.053662 	0.014598 	0.030689 	0.001633 	0.248781 	 0.000032 
0.253620 	0.047563 	0.012593 	0.027546 	0.001359 	0.253581 	 0.000029 
0.244452 	0.053238 	0.014743 	0.030309 	0.001738 	0.244425 	 0.000025 
0.237223 	0.051711 	0.013984 	0.029777 	0.001662 	0.237204 	 0.000017 
0.251871 	0.048872 	0.013955 	0.026957 	0.001391 	0.251847 	 0.000019 
0.243157 	0.051497 	0.013980 	0.029833 	0.001590 	0.243116 	 0.000045 
0.239157 	0.046924 	0.014177 	0.025055 	0.001381 	0.239136 	 0.000026 
0.250418 	0.053006 	0.014433 	0.030776 	0.001640 	0.250397 	 0.000009 
0.238723 	0.050729 	0.013634 	0.028617 	0.001618 	0.238684 	 0.000032 
0.238264 	0.048577 	0.012758 	0.027896 	0.001440 	0.238225 	 0.000042 
0.238448 	0.054901 	0.014953 	0.030585 	0.001833 	0.238386 	 0.000066 
0.246560 	0.051252 	0.015155 	0.027415 	0.001620 	0.246547 	 0.000009 
0.244974 	0.049797 	0.014289 	0.027215 	0.001472 	0.244965 	 0.000014 
0.238346 	0.051772 	0.013617 	0.030803 	0.001742 	0.238358 	 -0.000016 
0.247419 	0.054082 	0.015216 	0.030513 	0.001700 	0.247418 	 -0.000011 
0.246981 	0.048751 	0.014439 	0.025957 	0.001495 	0.247004 	 -0.000013 
0.245463 	0.050437 	0.014515 	0.027838 	0.001580 	0.245474 	 -0.000012 
0.244189 	0.046790 	0.013750 	0.025712 	0.001339 	0.244172 	 0.000012 
0.233545 	0.057345 	0.015374 	0.032724 	0.001878 	0.233450 	 0.000087 
0.241570 	0.053719 	0.014831 	0.030908 	0.001652 	0.241534 	 0.000046 
0.241244 	0.054610 	0.014932 	0.030987 	0.001741 	0.241245 	 -0.000008 
0.245770 	0.051173 	0.015137 	0.028018 	0.001595 	0.245753 	 0.000022 
0.239471 	0.053729 	0.016227 	0.028442 	0.001797 	0.239468 	 0.000005 
0.243504 	0.051621 	0.015065 	0.028269 	0.001575 	0.243521 	 -0.000027 
0.244853 	0.056233 	0.016034 	0.032263 	0.001863 	0.244845 	 0.000013 
0.243075 	0.052630 	0.013753 	0.030724 	0.001560 	0.243021 	 0.000060 
0.251947 	0.052911 	0.015125 	0.029670 	0.001615 	0.251922 	 0.000023 
0.239449 	0.053001 	0.016541 	0.027744 	0.001704 	0.239460 	 -0.000006 
0.240101 	0.054391 	0.015523 	0.030697 	0.001720 	0.240078 	 0.000015 
0.247896 	0.048980 	0.015251 	0.026097 	0.001491 	0.247915 	 -0.000025 
0.245142 	0.053011 	0.016272 	0.028347 	0.001724 	0.245162 	 -0.000032 
0.232519 	0.051327 	0.017150 	0.026460 	0.001655 	0.232571 	 -0.000064 
0.245548 	0.054795 	0.015563 	0.030700 	0.001752 	0.245525 	 0.000018 
0.237327 	0.054590 	0.016441 	0.030072 	0.001799 	0.237363 	 -0.000040 
0.233029 	0.058713 	0.016826 	0.033151 	0.002025 	0.233000 	 0.000023 
0.237639 	0.056670 	0.017234 	0.030385 	0.002008 	0.237641 	 0.000005 
0.252497 	0.049100 	0.014645 	0.026499 	0.001450 	0.252517 	 -0.000030 
0.249298 	0.053590 	0.016280 	0.029002 	0.001671 	0.249298 	 -0.000004 
0.241813 	0.057844 	0.016918 	0.032190 	0.001909 	0.241782 	 0.000029 
0.245071 	0.052007 	0.015837 	0.028543 	0.001646 	0.245118 	 -0.000047 
0.238718 	0.055940 	0.016345 	0.030179 	0.001870 	0.238698 	 0.000018 
0.242107 	0.059728 	0.018534 	0.031293 	0.002065 	0.242116 	 -0.000007 
0.239252 	0.052944 	0.016306 	0.028225 	0.001696 	0.239253 	 0.000002 
0.239120 	0.057400 	0.017075 	0.030518 	0.002026 	0.239118 	 -0.000005 
0.238018 	0.050464 	0.015520 	0.027286 	0.001505 	0.238055 	 -0.000036 
0.238004 	0.053644 	0.016760 	0.028596 	0.001760 	0.238034 	 -0.000040 
0.238111 	0.055873 	0.016859 	0.030162 	0.001878 	0.238125 	 -0.000027 
0.237493 	0.052351 	0.016667 	0.026801 	0.001708 	0.237503 	 -0.000021 
0.240833 	0.051241 	0.016319 	0.027307 	0.001575 	0.240886 	 -0.000059 
0.234739 	0.058635 	0.016456 	0.034089 	0.001952 	0.234738 	 -0.000011 
0.236409 	0.058051 	0.016537 	0.032897 	0.001914 	0.236380 	 0.000034 
0.234980 	0.055084 	0.017968 	0.028997 	0.001792 	0.235027 	 -0.000047 
0.240708 	0.055308 	0.015837 	0.031565 	0.001750 	0.240699 	 0.000006 
0.237080 	0.055218 	0.016775 	0.029165 	0.001902 	0.237067 	 0.000021 
0.235163 	0.051521 	0.016392 	0.027809 	0.001527 	0.235201 	 -0.000048 
0.245072 	0.054111 	0.017738 	0.028328 	0.001774 	0.245127 	 -0.000065 
0.238611 	0.057834 	0.017642 	0.031194 	0.001876 	0.238613 	 -0.000012 
0.235553 	0.061731 	0.017803 	0.034462 	0.002095 	0.235535 	 0.000016 
0.240068 	0.056291 	0.017522 	0.029500 	0.001884 	0.240037 	 0.000031 
0.224595 	0.060428 	0.018164 	0.032962 	0.001985 	0.224580 	 0.000020 
0.114208 	-0.006385 	0.005681 	-0.009745 	-0.000424 	0.114426 	 -0.000209 
0.085413 	-0.000725 	0.002971 	-0.002031 	-0.000237 	0.085454 	 -0.000013 
0.092142 	-0.002150 	0.008267 	-0.009974 	0.000009 	0.092385 	 -0.000247 
0.110970 	-0.008417 	0.010584 	-0.016681 	-0.000368 	0.111336 	 -0.000367 
0.125369 	-0.011590 	0.007224 	-0.019946 	-0.000382 	0.125625 	 -0.000225 
0.119446 	-0.003493 	0.006366 	-0.006624 	-0.000406 	0.119628 	 -0.000174 
0.111322 	0.003452 	0.003691 	0.001781 	-0.000139 	0.111354 	 -0.000012 
0.115770 	0.000944 	0.004268 	-0.001196 	-0.000073 	0.115852 	 -0.000092 
0.118584 	0.000398 	0.007367 	-0.004311 	-0.000219 	0.118750 	 -0.000196 
0.107926 	0.000186 	0.002874 	-0.000026 	-0.000332 	0.107977 	 -0.000056 
0.122788 	0.000470 	0.006637 	-0.002517 	-0.000471 	0.122898 	 -0.000129 
0.117043 	0.005941 	0.005482 	0.001944 	-0.000347 	0.117010 	 0.000021 
0.097119 	0.006472 	0.005667 	0.002750 	-0.000082 	0.097160 	 -0.000016 
0.119689 	0.011134 	0.009016 	0.000513 	0.000311 	0.119738 	 -0.000059 
0.117781 	-0.000856 	0.006277 	-0.004788 	-0.000611 	0.117911 	 -0.000144 
0.123671 	0.004511 	0.011530 	-0.005896 	-0.000246 	0.123894 	 -0.000235 
0.101391 	0.001849 	0.006220 	-0.001295 	-0.000260 	0.101516 	 -0.000123 
0.102589 	0.005895 	0.005977 	0.002424 	-0.000069 	0.102669 	 -0.000075 
0.090891 	0.003430 	0.006128 	-0.000383 	-0.000156 	0.090987 	 -0.000092 
0.106407 	0.004792 	0.006038 	0.000789 	-0.000098 	0.106514 	 -0.000108 
0.085908 	0.009217 	0.007737 	0.002705 	0.000183 	0.086002 	 -0.000089 
0.094377 	0.004027 	0.006868 	-0.000738 	-0.000130 	0.094520 	 -0.000140 
0.083425 	0.007126 	0.006574 	0.001934 	0.000000 	0.083516 	 -0.000083 
0.083563 	0.008171 	0.008354 	0.001437 	0.000068 	0.083693 	 -0.000142 
0.096669 	0.008006 	0.006453 	0.003363 	0.000083 	0.096757 	 -0.000100 
0.087477 	0.008891 	0.006841 	0.003750 	0.000086 	0.087552 	 -0.000078 
0.094202 	0.010418 	0.007813 	0.004412 	0.000179 	0.094314 	 -0.000114 
0.091162 	0.006914 	0.007840 	0.001098 	-0.000076 	0.091266 	 -0.000103 
0.095782 	0.007222 	0.008361 	-0.000065 	-0.000061 	0.095894 	 -0.000105 
0.091976 	0.008578 	0.007928 	0.002929 	0.000168 	0.092057 	 -0.000075 
0.097946 	0.011627 	0.007945 	0.004098 	0.000458 	0.098031 	 -0.000090 
0.098618 	0.004311 	0.006951 	-0.001203 	-0.000164 	0.098671 	 -0.000048 
0.094547 	0.005896 	0.008644 	-0.000961 	0.000023 	0.094684 	 -0.000140 
0.089875 	0.007860 	0.007300 	0.002533 	0.000098 	0.089918 	 -0.000037 
0.077735 	0.011585 	0.008899 	0.003263 	0.000320 	0.077808 	 -0.000080 
0.090962 	0.009160 	0.008977 	0.000523 	0.000190 	0.091056 	 -0.000090 
0.091030 	0.011828 	0.009431 	0.003617 	0.000256 	0.091104 	 -0.000076 
0.083901 	0.009949 	0.008569 	0.002414 	0.000187 	0.084001 	 -0.000115 
0.088615 	0.012742 	0.009072 	0.004737 	0.000210 	0.088683 	 -0.000069 
0.090556 	0.014219 	0.009324 	0.005047 	0.000357 	0.090610 	 -0.000051 
0.075728 	0.012645 	0.009825 	0.002982 	0.000317 	0.075817 	 -0.000083 
0.070834 	0.021184 	0.010624 	0.009969 	0.000794 	0.070859 	 -0.000024 
0.084608 	0.017809 	0.009641 	0.008045 	0.000589 	0.084616 	 -0.000011 
0.077578 	0.016734 	0.009573 	0.007180 	0.000487 	0.077585 	 0.000000 
0.083067 	0.014573 	0.008882 	0.007241 	0.000384 	0.083113 	 -0.000046 
0.075271 	0.012195 	0.009175 	0.004007 	0.000268 	0.075364 	 -0.000094 
0.077502 	0.016209 	0.009233 	0.006542 	0.000327 	0.077524 	 -0.000014 
0.074292 	0.018403 	0.009899 	0.008107 	0.000657 	0.074308 	 -0.000020 
0.078860 	0.016250 	0.009402 	0.006619 	0.000470 	0.078907 	 -0.000056 
0.075280 	0.017093 	0.010015 	0.006678 	0.000428 	0.075289 	 0.000010 
0.079937 	0.018723 	0.011390 	0.006901 	0.000640 	0.079987 	 -0.000044 
0.084022 	0.015713 	0.009972 	0.005376 	0.000430 	0.084077 	 -0.000058 
0.070391 	0.019345 	0.011436 	0.007426 	0.000569 	0.070414 	 -0.000022 
0.071014 	0.023376 	0.011929 	0.010233 	0.000815 	0.070988 	 0.000038 
0.074321 	0.012903 	0.010102 	0.003385 	0.000222 	0.074391 	 -0.000068 
0.079086 	0.016230 	0.012344 	0.003281 	0.000503 	0.079180 	 -0.000097 
0.065063 	0.016533 	0.011188 	0.005867 	0.000451 	0.065103 	 -0.000040 
0.073946 	0.019614 	0.012474 	0.006406 	0.000669 	0.073991 	 -0.000048 
0.070370 	0.019378 	0.009916 	0.008797 	0.000667 	0.070351 	 0.000016 
0.066634 	0.016305 	0.011356 	0.004392 	0.000396 	0.066679 	 -0.000040 
0.066700 	0.026758 	0.012892 	0.012672 	0.001004 	0.066664 	 0.000045 
0.067993 	0.019956 	0.010625 	0.008241 	0.000643 	0.067985 	 0.000010 
0.065293 	0.020800 	0.011266 	0.009227 	0.000571 	0.065281 	 0.000012 
0.077566 	0.021683 	0.012641 	0.007782 	0.000672 	0.077587 	 -0.000016 
0.069735 	0.020472 	0.010881 	0.009363 	0.000571 	0.069722 	 0.000024 
0.064788 	0.023149 	0.011790 	0.010291 	0.000762 	0.064770 	 0.000020 
0.058078 	0.022342 	0.011300 	0.009503 	0.000787 	0.058041 	 0.000042 
0.070659 	0.020090 	0.010566 	0.008788 	0.000659 	0.070661 	 -0.000006 
0.068313 	0.024724 	0.012090 	0.010815 	0.000871 	0.068291 	 0.000027 
0.076345 	0.026261 	0.013204 	0.010984 	0.000979 	0.076346 	 -0.000000 
0.066213 	0.025730 	0.014014 	0.009645 	0.001136 	0.066224 	 -0.000013 
0.065245 	0.028741 	0.013597 	0.013012 	0.001224 	0.065210 	 0.000039 
0.065234 	0.024585 	0.012913 	0.009706 	0.000796 	0.065199 	 0.000031 
0.075853 	0.024682 	0.013822 	0.009810 	0.000896 	0.075881 	 -0.000030 
0.066444 	0.022985 	0.013329 	0.007979 	0.000850 	0.066455 	 0.000007 
0.063055 	0.032405 	0.013251 	0.016526 	0.001253 	0.062954 	 0.000108 
0.063724 	0.026815 	0.014150 	0.010959 	0.000974 	0.063703 	 0.000022 
0.053820 	0.030078 	0.013950 	0.013982 	0.001145 	0.053768 	 0.000060 
0.066318 	0.023620 	0.013082 	0.008765 	0.000769 	0.066326 	 -0.000005 
0.063244 	0.026214 	0.013740 	0.010405 	0.000837 	0.063240 	 0.000012 
0.059873 	0.029095 	0.014716 	0.011753 	0.001210 	0.059867 	 -0.000001 
0.068141 	0.028546 	0.015022 	0.010680 	0.001157 	0.068140 	 0.000002 
0.064713 	0.026583 	0.013408 	0.010855 	0.000904 	0.064697 	 0.000018 
0.066529 	0.026383 	0.013227 	0.010966 	0.000867 	0.066509 	 0.000013 
0.063725 	0.031579 	0.015962 	0.013271 	0.001283 	0.063724 	 0.000007 
0.063976 	0.024582 	0.013431 	0.009616 	0.000846 	0.063944 	 0.000047 
0.062187 	0.024241 	0.013885 	0.008343 	0.000840 	0.062166 	 0.000020 
0.062459 	0.029799 	0.013986 	0.012982 	0.001161 	0.062435 	 0.000024 
0.057870 	0.031685 	0.015820 	0.012824 	0.001263 	0.057829 	 0.000039 
0.061513 	0.027493 	0.014322 	0.010940 	0.000989 	0.061483 	 0.000026 
0.061095 	0.029905 	0.014564 	0.013060 	0.001265 	0.061061 	 0.000029 
0.057545 	0.032476 	0.015394 	0.014228 	0.001314 	0.057533 	 0.000002 
0.057611 	0.029591 	0.015233 	0.011714 	0.001076 	0.057591 	 0.000023 
0.058266 	0.023501 	0.013821 	0.008283 	0.000723 	0.058272 	 -0.000010 
0.066844 	0.033140 	0.015502 	0.014500 	0.001296 	0.066813 	 0.000026 
0.070687 	0.030710 	0.014992 	0.012713 	0.001258 	0.070650 	 0.000032 
0.064032 	0.033484 	0.014982 	0.015537 	0.001321 	0.063959 	 0.000069 
0.055315 	0.025673 	0.015043 	0.008545 	0.000918 	0.055303 	 0.000010 
0.057263 	0.031598 	0.016804 	0.011187 	0.001282 	0.057258 	 0.000004 
0.058498 	0.026943 	0.013264 	0.010794 	0.001026 	0.058468 	 0.000028 
0.072067 	0.031749 	0.016169 	0.011878 	0.001223 	0.072072 	 -0.000014 
0.063762 	0.032289 	0.016197 	0.012742 	0.001198 	0.063682 	 0.000078 
0.058234 	0.030178 	0.016169 	0.010633 	0.001226 	0.058236 	 -0.000013 
0.059664 	0.030153 	0.014863 	0.012015 	0.001124 	0.059608 	 0.000058 
0.071503 	0.028829 	0.016073 	0.009755 	0.001078 	0.071492 	 0.000017 
0.057529 	0.035941 	0.017405 	0.014606 	0.001462 	0.057485 	 0.000040 
0.074376 	0.028459 	0.015736 	0.009742 	0.001039 	0.074392 	 -0.000017 
0.058286 	0.030368 	0.016975 	0.010497 	0.001296 	0.058273 	 0.000018 
0.067548 	0.030750 	0.015958 	0.011379 	0.001174 	0.067523 	 0.000028 
0.067482 	0.031323 	0.016798 	0.011666 	0.001198 	0.067470 	 0.000009 
0.058963 	0.029972 	0.016816 	0.009731 	0.001229 	0.058985 	 -0.000012 
0.058819 	0.032242 	0.017562 	0.011078 	0.001269 	0.058803 	 0.000013 
0.057057 	0.027755 	0.015424 	0.010167 	0.000976 	0.057041 	 0.000016 
0.064083 	0.030636 	0.016411 	0.010854 	0.001235 	0.064093 	 -0.000020 
0.066226 	0.032310 	0.015644 	0.013207 	0.001260 	0.066160 	 0.000072 
0.068526 	0.033510 	0.017319 	0.012653 	0.001321 	0.068507 	 0.000018 
0.060823 	0.028934 	0.016954 	0.008262 	0.001119 	0.060813 	 0.000006 
0.060669 	0.038893 	0.017205 	0.017175 	0.001595 	0.060591 	 0.000070 
0.058213 	0.032194 	0.017345 	0.010673 	0.001262 	0.058164 	 0.000051 
0.056445 	0.032854 	0.015465 	0.013582 	0.001308 	0.056371 	 0.000080 
0.071982 	0.029181 	0.014782 	0.011411 	0.001051 	0.071932 	 0.000058 
0.059436 	0.033544 	0.017872 	0.012243 	0.001359 	0.059412 	 0.000016 
0.052242 	0.030361 	0.016144 	0.010891 	0.001290 	0.052216 	 0.000029 
0.055333 	0.034874 	0.017941 	0.012505 	0.001523 	0.055331 	 0.000003 
0.067953 	0.030985 	0.016409 	0.010145 	0.001248 	0.067934 	 0.000023 
0.074405 	0.029540 	0.015617 	0.009550 	0.001161 	0.074346 	 0.000071 
0.055562 	0.034360 	0.015970 	0.015370 	0.001365 	0.055512 	 0.000047 
0.065047 	0.033472 	0.016404 	0.013269 	0.001377 	0.065021 	 0.000019 
0.064409 	0.032738 	0.016643 	0.012611 	0.001279 	0.064347 	 0.000062 
0.056152 	0.034700 	0.018454 	0.012188 	0.001514 	0.056104 	 0.000056 
0.056226 	0.032082 	0.017030 	0.011131 	0.001337 	0.056187 	 0.000052 
0.063856 	0.036633 	0.017410 	0.014704 	0.001490 	0.063777 	 0.000082 
0.059526 	0.028495 	0.016591 	0.007967 	0.001049 	0.059509 	 0.000018 
0.056175 	0.029508 	0.017925 	0.007895 	0.001192 	0.056181 	 -0.000002 
0.063063 	0.031809 	0.016765 	0.010778 	0.001279 	0.063002 	 0.000057 
0.055915 	0.035293 	0.016332 	0.014435 	0.001472 	0.055823 	 0.000090 
0.061363 	0.033049 	0.016274 	0.013104 	0.001347 	0.061323 	 0.000036 
0.051081 	0.035258 	0.016390 	0.015195 	0.001405 	0.050989 	 0.000077 
0.054573 	0.033256 	0.017464 	0.011629 	0.001301 	0.054529 	 0.000036 
0.066473 	0.031161 	0.016576 	0.010608 	0.001176 	0.066431 	 0.000041 
0.052954 	0.034728 	0.018578 	0.011863 	0.001467 	0.052933 	 0.000028 
0.056306 	0.029543 	0.016713 	0.009700 	0.001098 	0.056266 	 0.000058 
0.060362 	0.034114 	0.017313 	0.012647 	0.001297 	0.060314 	 0.000054 
0.050171 	0.032900 	0.017491 	0.011377 	0.001365 	0.050126 	 0.000056 
0.056532 	0.038326 	0.018386 	0.015278 	0.001577 	0.056468 	 0.000060 
0.061788 	0.032363 	0.016606 	0.011990 	0.001292 	0.061707 	 0.000085 
0.054619 	0.032797 	0.018026 	0.011192 	0.001303 	0.054577 	 0.000040 
0.055552 	0.031331 	0.016609 	0.011491 	0.001224 	0.055505 	 0.000048 
0.059611 	0.035259 	0.019196 	0.010905 	0.001409 	0.059593 	 0.000009 
0.051003 	0.038939 	0.018247 	0.016338 	0.001628 	0.050929 	 0.000077 
0.057874 	0.027513 	0.017806 	0.006473 	0.001046 	0.057899 	 -0.000016 
0.047161 	0.037011 	0.020172 	0.013004 	0.001574 	0.047157 	 -0.000002 
0.060973 	0.037219 	0.017632 	0.014878 	0.001557 	0.060919 	 0.000047 
0.059727 	0.036010 	0.017261 	0.014684 	0.001357 	0.059661 	 0.000066 
0.054145 	0.033411 	0.017200 	0.011945 	0.001364 	0.054068 	 0.000075 
0.051694 	0.038432 	0.016854 	0.017216 	0.001654 	0.051565 	 0.000130 
0.047843 	0.038641 	0.019216 	0.014082 	0.001599 	0.047768 	 0.000075 
0.058274 	0.039432 	0.018575 	0.015715 	0.001591 	0.058191 	 0.000082 
0.055827 	0.035812 	0.018753 	0.012901 	0.001472 	0.055804 	 0.000020 
0.057428 	0.040686 	0.020388 	0.015023 	0.001812 	0.057370 	 0.000056 
0.052473 	0.035253 	0.018471 	0.012278 	0.001405 	0.052444 	 0.000022 
0.058458 	0.038381 	0.017554 	0.015974 	0.001521 	0.058378 	 0.000079 
0.061299 	0.035090 	0.018481 	0.011988 	0.001440 	0.061245 	 0.000062 
0.054820 	0.038494 	0.019907 	0.013390 	0.001640 	0.054773 	 0.000046 
0.055589 	0.037564 	0.018459 	0.014266 	0.001635 	0.055517 	 0.000072 
0.060179 	0.038121 	0.018306 	0.015548 	0.001520 	0.060090 	 0.000081 
0.049305 	0.036883 	0.018656 	0.013265 	0.001589 	0.049254 	 0.000064 
0.051045 	0.036143 	0.018917 	0.012723 	0.001446 	0.050982 	 0.000057 
0.057136 	0.036718 	0.019235 	0.012474 	0.001436 	0.057110 	 0.000020 
0.053097 	0.037121 	0.018429 	0.013311 	0.001654 	0.053048 	 0.000048 
0.050627 	0.036449 	0.019312 	0.011084 	0.001602 	0.050549 	 0.000086 
0.060262 	0.032328 	0.017308 	0.011099 	0.001350 	0.060209 	 0.000056 
0.051653 	0.038175 	0.018485 	0.014633 	0.001570 	0.051581 	 0.000071 
0.041759 	0.037833 	0.019038 	0.013877 	0.001645 	0.041715 	 0.000045 
0.054550 	0.036962 	0.018881 	0.013862 	0.001515 	0.054505 	 0.000051 
0.049406 	0.038268 	0.019484 	0.013528 	0.001624 	0.049348 	 0.000053 
0.049288 	0.039246 	0.019306 	0.014544 	0.001687 	0.049220 	 0.000075 
0.066772 	0.037814 	0.018173 	0.013815 	0.001574 	0.066691 	 0.000076 
0.053268 	0.036865 	0.017737 	0.013941 	0.001549 	0.053192 	 0.000078 
0.053055 	0.037574 	0.019441 	0.012922 	0.001558 	0.053006 	 0.000043 
0.052749 	0.037452 	0.020259 	0.012318 	0.001607 	0.052720 	 0.000017 
0.057462 	0.036144 	0.020106 	0.011375 	0.001487 	0.057438 	 0.000011 
0.058370 	0.035507 	0.019350 	0.010726 	0.001427 	0.058329 	 0.000043 
0.061929 	0.036090 	0.018960 	0.012338 	0.001459 	0.061888 	 0.000030 
0.055719 	0.035721 	0.019238 	0.011623 	0.001460 	0.055667 	 0.000041 
0.062584 	0.034458 	0.018935 	0.010160 	0.001340 	0.062563 	 0.000013 
0.056795 	0.035571 	0.017985 	0.012784 	0.001462 	0.056727 	 0.000062 
0.050735 	0.034156 	0.020000 	0.009465 	0.001339 	0.050708 	 0.000006 
0.049132 	0.039404 	0.019195 	0.015124 	0.001581 	0.049033 	 0.000092 
0.055057 	0.034181 	0.018310 	0.010908 	0.001279 	0.054974 	 0.000085 
0.056579 	0.037329 	0.020465 	0.011201 	0.001662 	0.056540 	 0.000040 
0.056090 	0.037046 	0.019114 	0.013098 	0.001447 	0.056070 	 0.000015 
0.056853 	0.037353 	0.019116 	0.012914 	0.001433 	0.056781 	 0.000057 
0.056459 	0.034981 	0.019226 	0.010684 	0.001510 	0.056435 	 0.000027 
0.061794 	0.034977 	0.018091 	0.012760 	0.001364 	0.061743 	 0.000029 
0.061338 	0.030759 	0.018249 	0.008397 	0.001208 	0.061314 	 0.000016 
0.054235 	0.040484 	0.020291 	0.014164 	0.001650 	0.054159 	 0.000075 
0.048246 	0.032579 	0.018749 	0.009733 	0.001289 	0.048211 	 0.000023 
0.061155 	0.034345 	0.018710 	0.009978 	0.001412 	0.061109 	 0.000043 
0.069299 	0.033164 	0.018634 	0.009906 	0.001178 	0.069269 	 0.000022 
0.056896 	0.035505 	0.019077 	0.011626 	0.001463 	0.056853 	 0.000042 
0.048657 	0.037384 	0.019192 	0.013426 	0.001560 	0.048593 	 0.000057 
0.057685 	0.034736 	0.018338 	0.011691 	0.001415 	0.057636 	 0.000045 
0.053438 	0.035393 	0.018897 	0.011861 	0.001440 	0.053377 	 0.000060 
0.066936 	0.032208 	0.017402 	0.009882 	0.001220 	0.066892 	 0.000043 
0.050472 	0.037129 	0.019500 	0.012420 	0.001448 	0.050401 	 0.000067 
0.056741 	0.036872 	0.018835 	0.013401 	0.001556 	0.056683 	 0.000062 
0.055248 	0.036593 	0.019257 	0.012465 	0.001472 	0.055188 	 0.000068 
0.050480 	0.037633 	0.019400 	0.012611 	0.001623 	0.050421 	 0.000055 
0.055556 	0.037756 	0.019203 	0.013061 	0.001585 	0.055467 	 0.000081 
0.080788 	0.029592 	0.017844 	0.008403 	0.001103 	0.080732 	 0.000027 
