di 	gli 	gal 	gos3 	gos4 	lac 	 glb 
0.451215 	0.012106 	-0.000358 	0.010768 	-0.000246 	0.451023 	 0.000182 
0.499977 	0.008849 	-0.003547 	0.008827 	-0.000426 	0.499740 	 0.000217 
0.447903 	0.007410 	-0.001665 	0.008574 	-0.000460 	0.447704 	 0.000188 
0.475274 	0.015373 	-0.001010 	0.014584 	-0.000079 	0.475052 	 0.000208 
0.478231 	0.014421 	-0.000609 	0.012670 	-0.000168 	0.477983 	 0.000228 
0.476261 	0.010586 	-0.001814 	0.010959 	-0.000370 	0.476012 	 0.000225 
0.492992 	0.014869 	-0.001802 	0.011468 	-0.000223 	0.492776 	 0.000201 
0.479940 	0.010609 	-0.001667 	0.010807 	-0.000359 	0.479659 	 0.000257 
0.489441 	0.014978 	-0.001412 	0.010876 	-0.000158 	0.489228 	 0.000199 
0.479686 	0.013870 	-0.001144 	0.012742 	-0.000191 	0.479501 	 0.000172 
0.452709 	0.029487 	0.003383 	0.021039 	0.000487 	0.452485 	 0.000215 
0.463679 	0.021893 	0.001458 	0.016533 	0.000139 	0.463449 	 0.000218 
0.499282 	0.013673 	-0.001761 	0.011062 	-0.000229 	0.499026 	 0.000240 
0.476622 	0.019585 	0.000794 	0.015724 	0.000062 	0.476339 	 0.000273 
0.452436 	0.024359 	0.002786 	0.017479 	0.000274 	0.452155 	 0.000268 
0.481349 	0.017610 	0.000309 	0.014733 	-0.000035 	0.481054 	 0.000284 
0.438122 	0.015426 	0.000676 	0.012732 	-0.000031 	0.437928 	 0.000184 
0.430801 	0.012303 	0.000061 	0.010919 	-0.000163 	0.430587 	 0.000199 
0.440141 	0.017830 	0.000541 	0.012673 	0.000041 	0.439930 	 0.000197 
0.431908 	0.020739 	0.001872 	0.015698 	0.000206 	0.431689 	 0.000200 
0.440044 	0.020726 	0.001646 	0.016113 	0.000223 	0.439825 	 0.000201 
0.452600 	0.019163 	0.000496 	0.014256 	0.000129 	0.452380 	 0.000204 
0.421369 	0.017566 	0.001336 	0.014058 	0.000102 	0.421156 	 0.000199 
0.429108 	0.016835 	0.000726 	0.014142 	0.000089 	0.428857 	 0.000230 
0.421344 	0.028245 	0.003900 	0.020336 	0.000579 	0.421086 	 0.000249 
0.422090 	0.022731 	0.002603 	0.016900 	0.000319 	0.421838 	 0.000238 
0.435878 	0.021844 	0.002390 	0.016184 	0.000289 	0.435638 	 0.000224 
0.441872 	0.022172 	0.001970 	0.016997 	0.000298 	0.441647 	 0.000205 
0.414755 	0.024941 	0.003357 	0.018125 	0.000446 	0.414509 	 0.000233 
0.425759 	0.024845 	0.003067 	0.017741 	0.000432 	0.425531 	 0.000215 
0.439567 	0.023702 	0.002804 	0.017343 	0.000348 	0.439315 	 0.000238 
0.420411 	0.030724 	0.004578 	0.021213 	0.000703 	0.420179 	 0.000219 
0.421810 	0.028681 	0.003799 	0.020817 	0.000597 	0.421549 	 0.000251 
0.464017 	0.013296 	-0.000389 	0.012104 	-0.000073 	0.463741 	 0.000250 
0.431946 	0.032560 	0.004553 	0.022765 	0.000837 	0.431672 	 0.000260 
0.442495 	0.025032 	0.002537 	0.017658 	0.000388 	0.442249 	 0.000234 
0.421741 	0.027852 	0.004030 	0.019640 	0.000582 	0.421522 	 0.000211 
0.427325 	0.032102 	0.004613 	0.022406 	0.000765 	0.427079 	 0.000234 
0.435795 	0.029336 	0.003752 	0.021302 	0.000622 	0.435502 	 0.000278 
0.428959 	0.027913 	0.003763 	0.019966 	0.000593 	0.428669 	 0.000273 
0.433638 	0.028880 	0.003769 	0.020680 	0.000656 	0.433360 	 0.000261 
0.431639 	0.029337 	0.004130 	0.020823 	0.000645 	0.431358 	 0.000269 
0.430094 	0.029465 	0.004361 	0.019675 	0.000596 	0.429779 	 0.000304 
0.446644 	0.022897 	0.001970 	0.017736 	0.000363 	0.446377 	 0.000248 
0.431027 	0.026779 	0.003839 	0.019158 	0.000521 	0.430721 	 0.000292 
0.426670 	0.039524 	0.007166 	0.025409 	0.001033 	0.426375 	 0.000292 
0.436622 	0.028964 	0.004424 	0.020221 	0.000558 	0.436275 	 0.000337 
0.431866 	0.034316 	0.005893 	0.022526 	0.000811 	0.431542 	 0.000318 
0.460691 	0.029178 	0.003151 	0.020185 	0.000518 	0.460381 	 0.000300 
0.437075 	0.039144 	0.006363 	0.026394 	0.001025 	0.436758 	 0.000312 
0.437361 	0.030851 	0.004264 	0.022150 	0.000660 	0.436999 	 0.000352 
0.445673 	0.037147 	0.006010 	0.023909 	0.000890 	0.445325 	 0.000342 
0.443102 	0.032341 	0.005120 	0.022158 	0.000718 	0.442771 	 0.000327 
0.436417 	0.038266 	0.006511 	0.025553 	0.000976 	0.436071 	 0.000342 
0.429379 	0.040762 	0.007230 	0.026686 	0.001079 	0.429014 	 0.000359 
0.437523 	0.035573 	0.006259 	0.023537 	0.000857 	0.437144 	 0.000371 
0.435739 	0.041048 	0.007324 	0.026935 	0.001107 	0.435387 	 0.000348 
0.453181 	0.038220 	0.005587 	0.025707 	0.000968 	0.452829 	 0.000345 
0.452447 	0.032270 	0.004757 	0.022424 	0.000702 	0.452060 	 0.000373 
0.422503 	0.041458 	0.007780 	0.026959 	0.001144 	0.422112 	 0.000385 
0.432231 	0.039849 	0.006968 	0.026399 	0.001088 	0.431887 	 0.000335 
0.434292 	0.041954 	0.007529 	0.026926 	0.001143 	0.433922 	 0.000366 
0.431948 	0.039000 	0.006701 	0.024868 	0.000999 	0.431599 	 0.000345 
0.427920 	0.042389 	0.007670 	0.027614 	0.001200 	0.427555 	 0.000360 
0.434768 	0.033945 	0.005680 	0.023099 	0.000843 	0.434380 	 0.000380 
0.423448 	0.046165 	0.009108 	0.028371 	0.001288 	0.423084 	 0.000365 
0.434669 	0.043476 	0.007783 	0.028484 	0.001225 	0.434318 	 0.000347 
0.419071 	0.046720 	0.009477 	0.028865 	0.001371 	0.418713 	 0.000357 
0.442587 	0.039538 	0.006866 	0.026155 	0.001085 	0.442195 	 0.000382 
0.431458 	0.038149 	0.006172 	0.025656 	0.001019 	0.431086 	 0.000360 
0.431800 	0.042768 	0.007793 	0.027742 	0.001211 	0.431402 	 0.000392 
0.402802 	0.045936 	0.009998 	0.028407 	0.001333 	0.402407 	 0.000396 
0.429137 	0.044686 	0.008492 	0.028723 	0.001294 	0.428764 	 0.000368 
0.422343 	0.040983 	0.008051 	0.026142 	0.001100 	0.421924 	 0.000414 
0.433537 	0.040276 	0.007247 	0.025907 	0.001067 	0.433155 	 0.000377 
0.431226 	0.043925 	0.008432 	0.028115 	0.001268 	0.430857 	 0.000364 
0.428006 	0.041793 	0.007837 	0.027164 	0.001152 	0.427588 	 0.000412 
0.406584 	0.047752 	0.010115 	0.029621 	0.001403 	0.406182 	 0.000402 
0.422600 	0.042256 	0.008044 	0.027289 	0.001217 	0.422180 	 0.000412 
0.432440 	0.047080 	0.008808 	0.029761 	0.001389 	0.432058 	 0.000380 
0.439727 	0.047351 	0.009205 	0.029788 	0.001413 	0.439334 	 0.000393 
0.422097 	0.048126 	0.009483 	0.030210 	0.001463 	0.421735 	 0.000363 
0.431423 	0.032986 	0.006137 	0.022039 	0.000781 	0.430977 	 0.000434 
0.426662 	0.049486 	0.009380 	0.030619 	0.001496 	0.426309 	 0.000352 
0.399510 	0.050916 	0.011062 	0.031165 	0.001552 	0.399117 	 0.000392 
0.422747 	0.048626 	0.009932 	0.030500 	0.001468 	0.422351 	 0.000396 
0.442242 	0.042818 	0.007297 	0.028224 	0.001219 	0.441872 	 0.000364 
0.429358 	0.051967 	0.010222 	0.032334 	0.001603 	0.428968 	 0.000390 
0.404510 	0.051108 	0.010937 	0.031143 	0.001613 	0.404084 	 0.000427 
0.430008 	0.046956 	0.009121 	0.029278 	0.001369 	0.429614 	 0.000393 
0.416511 	0.052732 	0.010958 	0.032582 	0.001636 	0.416068 	 0.000445 
0.427898 	0.048224 	0.009218 	0.030823 	0.001458 	0.427489 	 0.000405 
0.416559 	0.048107 	0.010153 	0.030132 	0.001424 	0.416132 	 0.000428 
0.427899 	0.047293 	0.008958 	0.030423 	0.001382 	0.427492 	 0.000403 
0.416739 	0.050841 	0.010544 	0.031745 	0.001565 	0.416290 	 0.000449 
0.416966 	0.049689 	0.010294 	0.030689 	0.001535 	0.416532 	 0.000432 
0.436636 	0.045620 	0.008203 	0.029267 	0.001331 	0.436229 	 0.000401 
0.417913 	0.048142 	0.009918 	0.030323 	0.001443 	0.417485 	 0.000426 
0.429948 	0.048289 	0.009405 	0.030984 	0.001429 	0.429509 	 0.000437 
0.421476 	0.057811 	0.011734 	0.034955 	0.001888 	0.421108 	 0.000372 
0.409175 	0.055525 	0.011807 	0.034013 	0.001800 	0.408747 	 0.000430 
0.414606 	0.053173 	0.011618 	0.032332 	0.001673 	0.414145 	 0.000463 
0.416748 	0.057725 	0.011939 	0.035223 	0.001868 	0.416353 	 0.000398 
0.431832 	0.055407 	0.011190 	0.034590 	0.001822 	0.431427 	 0.000403 
0.412170 	0.057822 	0.012431 	0.035210 	0.001896 	0.411762 	 0.000415 
0.425004 	0.052613 	0.010727 	0.032954 	0.001668 	0.424591 	 0.000409 
0.431899 	0.052858 	0.010333 	0.033871 	0.001659 	0.431450 	 0.000447 
0.415174 	0.049048 	0.010148 	0.030784 	0.001497 	0.414715 	 0.000456 
0.418739 	0.054928 	0.011253 	0.034210 	0.001791 	0.418285 	 0.000455 
0.412470 	0.057796 	0.012232 	0.035216 	0.001873 	0.412037 	 0.000436 
0.431345 	0.056270 	0.010943 	0.035368 	0.001827 	0.430949 	 0.000396 
0.385051 	0.065193 	0.015477 	0.038422 	0.002195 	0.384582 	 0.000477 
0.415325 	0.059569 	0.012862 	0.035912 	0.001974 	0.414884 	 0.000444 
0.426053 	0.048648 	0.009903 	0.030465 	0.001495 	0.425605 	 0.000442 
0.434025 	0.050248 	0.010401 	0.031308 	0.001564 	0.433565 	 0.000456 
0.419281 	0.058396 	0.012247 	0.035893 	0.001938 	0.418797 	 0.000488 
0.409431 	0.058566 	0.012954 	0.035572 	0.001909 	0.408969 	 0.000463 
0.414907 	0.058259 	0.012548 	0.035702 	0.001908 	0.414431 	 0.000480 
0.406132 	0.052010 	0.011075 	0.032067 	0.001651 	0.405626 	 0.000503 
0.420982 	0.049812 	0.010381 	0.031119 	0.001565 	0.420480 	 0.000496 
0.431397 	0.050727 	0.010134 	0.032020 	0.001593 	0.430962 	 0.000429 
0.409272 	0.057944 	0.012221 	0.035541 	0.001920 	0.408846 	 0.000429 
0.409129 	0.057496 	0.012496 	0.035166 	0.001890 	0.408671 	 0.000462 
0.400850 	0.057862 	0.013134 	0.034728 	0.001915 	0.400420 	 0.000433 
0.414089 	0.055695 	0.011258 	0.034815 	0.001816 	0.413666 	 0.000423 
0.408383 	0.059377 	0.012884 	0.036154 	0.001966 	0.407960 	 0.000426 
0.407949 	0.065137 	0.014254 	0.039346 	0.002230 	0.407516 	 0.000439 
0.406254 	0.055964 	0.012109 	0.034471 	0.001835 	0.405812 	 0.000440 
0.421002 	0.055458 	0.012070 	0.033774 	0.001779 	0.420517 	 0.000487 
0.418955 	0.057333 	0.012061 	0.035354 	0.001900 	0.418497 	 0.000459 
0.408909 	0.061415 	0.013366 	0.037169 	0.002057 	0.408474 	 0.000442 
0.421810 	0.058205 	0.012170 	0.035808 	0.001913 	0.421381 	 0.000432 
0.421022 	0.055726 	0.011735 	0.034428 	0.001819 	0.420563 	 0.000460 
0.416599 	0.057374 	0.012269 	0.035215 	0.001878 	0.416143 	 0.000461 
0.416577 	0.053665 	0.011228 	0.033301 	0.001721 	0.416135 	 0.000438 
0.408837 	0.060009 	0.013151 	0.036483 	0.001980 	0.408401 	 0.000440 
0.416363 	0.060302 	0.013124 	0.036606 	0.002025 	0.415900 	 0.000470 
0.396003 	0.063445 	0.014586 	0.037824 	0.002111 	0.395543 	 0.000467 
0.400676 	0.060096 	0.013596 	0.036239 	0.001989 	0.400198 	 0.000479 
0.417967 	0.054522 	0.011523 	0.033590 	0.001784 	0.417492 	 0.000474 
0.432236 	0.056667 	0.011169 	0.035679 	0.001859 	0.431796 	 0.000438 
0.391339 	0.071760 	0.016422 	0.042059 	0.002525 	0.390922 	 0.000429 
0.414256 	0.059375 	0.012800 	0.036049 	0.001971 	0.413813 	 0.000447 
0.415123 	0.055709 	0.011980 	0.034104 	0.001811 	0.414612 	 0.000509 
0.409472 	0.056849 	0.012140 	0.035040 	0.001894 	0.408964 	 0.000510 
0.409165 	0.063522 	0.014272 	0.038087 	0.002165 	0.408688 	 0.000484 
0.421607 	0.054273 	0.011118 	0.034202 	0.001760 	0.421163 	 0.000442 
0.412651 	0.061096 	0.013301 	0.037286 	0.002044 	0.412221 	 0.000435 
0.431563 	0.057157 	0.011648 	0.035472 	0.001886 	0.431136 	 0.000428 
0.421068 	0.053800 	0.011209 	0.034361 	0.001729 	0.420568 	 0.000497 
0.402167 	0.053359 	0.011678 	0.032672 	0.001778 	0.401722 	 0.000441 
0.370377 	0.063958 	0.015433 	0.037449 	0.002236 	0.369960 	 0.000421 
0.403472 	0.059220 	0.012874 	0.036670 	0.002001 	0.403052 	 0.000422 
0.393520 	0.052546 	0.011991 	0.031842 	0.001749 	0.393056 	 0.000456 
0.386768 	0.059289 	0.013941 	0.035283 	0.002013 	0.386270 	 0.000502 
0.382338 	0.059858 	0.013951 	0.035510 	0.002067 	0.381893 	 0.000447 
0.385487 	0.057993 	0.013635 	0.034730 	0.001947 	0.385024 	 0.000463 
0.394313 	0.058674 	0.013028 	0.035559 	0.001997 	0.393843 	 0.000469 
0.380340 	0.062220 	0.014529 	0.037895 	0.002173 	0.379883 	 0.000459 
0.393058 	0.061156 	0.013827 	0.036659 	0.002117 	0.392614 	 0.000446 
0.393857 	0.058521 	0.012966 	0.035626 	0.001999 	0.393428 	 0.000423 
0.394075 	0.056226 	0.013243 	0.033430 	0.001899 	0.393602 	 0.000469 
0.401665 	0.057145 	0.012556 	0.035856 	0.001943 	0.401218 	 0.000445 
0.373910 	0.065883 	0.016085 	0.038308 	0.002312 	0.373455 	 0.000458 
0.395912 	0.054495 	0.012366 	0.034089 	0.001802 	0.395462 	 0.000449 
0.384720 	0.058742 	0.013772 	0.035076 	0.002009 	0.384259 	 0.000458 
0.383163 	0.060436 	0.014200 	0.036200 	0.002086 	0.382686 	 0.000475 
0.388576 	0.059591 	0.013853 	0.035448 	0.002043 	0.388110 	 0.000470 
0.375139 	0.065560 	0.015363 	0.039358 	0.002324 	0.374707 	 0.000437 
0.392299 	0.057139 	0.012934 	0.035424 	0.001948 	0.391848 	 0.000452 
0.390686 	0.055503 	0.012945 	0.033565 	0.001850 	0.390199 	 0.000484 
0.389515 	0.057455 	0.013005 	0.034615 	0.001948 	0.389040 	 0.000475 
0.395863 	0.064039 	0.014485 	0.038500 	0.002261 	0.395420 	 0.000452 
0.389303 	0.062000 	0.014065 	0.037362 	0.002172 	0.388826 	 0.000479 
0.394792 	0.061134 	0.013559 	0.037081 	0.002132 	0.394400 	 0.000395 
0.402271 	0.058564 	0.012926 	0.036413 	0.002009 	0.401839 	 0.000433 
0.396357 	0.061339 	0.013635 	0.037765 	0.002140 	0.395940 	 0.000419 
0.393500 	0.062927 	0.014167 	0.037991 	0.002210 	0.393048 	 0.000457 
0.382803 	0.063100 	0.014781 	0.037457 	0.002213 	0.382333 	 0.000475 
0.391965 	0.056175 	0.012856 	0.033597 	0.001926 	0.391497 	 0.000465 
0.378498 	0.063055 	0.014782 	0.037354 	0.002210 	0.378009 	 0.000493 
0.401020 	0.055875 	0.012491 	0.035323 	0.001891 	0.400554 	 0.000465 
0.386281 	0.060484 	0.014189 	0.035983 	0.002092 	0.385784 	 0.000501 
0.399431 	0.058348 	0.013014 	0.036515 	0.002002 	0.398982 	 0.000449 
0.379587 	0.059675 	0.013875 	0.035561 	0.002073 	0.379106 	 0.000483 
0.362924 	0.066516 	0.016310 	0.038925 	0.002349 	0.362453 	 0.000475 
0.387008 	0.062245 	0.014167 	0.038249 	0.002204 	0.386562 	 0.000449 
0.366112 	0.065725 	0.016081 	0.038452 	0.002323 	0.365660 	 0.000458 
0.385289 	0.060625 	0.014090 	0.036318 	0.002100 	0.384822 	 0.000465 
0.388992 	0.060477 	0.013880 	0.037015 	0.002113 	0.388521 	 0.000472 
0.379819 	0.061146 	0.014773 	0.036057 	0.002133 	0.379342 	 0.000475 
0.391648 	0.057377 	0.013237 	0.035414 	0.001932 	0.391180 	 0.000469 
0.370533 	0.067195 	0.016058 	0.039319 	0.002418 	0.370039 	 0.000503 
0.371584 	0.063609 	0.015322 	0.037485 	0.002251 	0.371116 	 0.000468 
0.371181 	0.065624 	0.015914 	0.038397 	0.002350 	0.370698 	 0.000491 
0.377405 	0.067593 	0.015929 	0.040901 	0.002414 	0.376970 	 0.000441 
0.385505 	0.060406 	0.013912 	0.037486 	0.002090 	0.385040 	 0.000468 
0.379926 	0.059435 	0.014458 	0.035119 	0.002056 	0.379421 	 0.000500 
0.387415 	0.057137 	0.013471 	0.035813 	0.001916 	0.386907 	 0.000507 
0.388096 	0.062200 	0.014534 	0.036874 	0.002195 	0.387609 	 0.000489 
0.387237 	0.065725 	0.015160 	0.039091 	0.002375 	0.386792 	 0.000449 
0.367430 	0.064284 	0.015253 	0.038311 	0.002289 	0.367000 	 0.000435 
0.392039 	0.058114 	0.012988 	0.036694 	0.001996 	0.391580 	 0.000458 
0.390996 	0.058429 	0.013686 	0.034835 	0.002010 	0.390530 	 0.000461 
0.383987 	0.057933 	0.013506 	0.035775 	0.002001 	0.383515 	 0.000471 
0.375148 	0.062411 	0.014953 	0.036602 	0.002219 	0.374640 	 0.000515 
0.382052 	0.064592 	0.014709 	0.039651 	0.002287 	0.381621 	 0.000434 
0.382493 	0.058198 	0.013979 	0.034611 	0.002019 	0.381995 	 0.000493 
0.376821 	0.067631 	0.016047 	0.039991 	0.002434 	0.376369 	 0.000455 
0.390071 	0.061387 	0.014279 	0.036198 	0.002160 	0.389606 	 0.000469 
0.395104 	0.062913 	0.014503 	0.037460 	0.002203 	0.394644 	 0.000457 
0.433018 	0.025202 	0.001404 	0.016186 	0.000444 	0.433004 	 0.000007 
0.458993 	0.015920 	-0.001361 	0.015007 	0.000089 	0.458927 	 0.000044 
0.457617 	0.017398 	-0.000751 	0.015761 	0.000101 	0.457560 	 0.000037 
0.449534 	0.015991 	-0.001106 	0.015054 	0.000040 	0.449520 	 -0.000007 
0.455437 	0.019003 	-0.000658 	0.016834 	0.000211 	0.455381 	 0.000040 
0.474716 	0.018454 	-0.001672 	0.015093 	0.000143 	0.474673 	 0.000029 
0.456134 	0.017203 	-0.001029 	0.016217 	0.000109 	0.456068 	 0.000044 
0.444914 	0.025567 	0.001180 	0.020264 	0.000538 	0.444842 	 0.000056 
0.468388 	0.021736 	-0.000482 	0.016591 	0.000280 	0.468325 	 0.000052 
0.431078 	0.030957 	0.003059 	0.020094 	0.000729 	0.431008 	 0.000065 
0.462620 	0.019966 	-0.000605 	0.017904 	0.000273 	0.462518 	 0.000085 
0.466280 	0.018826 	-0.000916 	0.017304 	0.000212 	0.466176 	 0.000088 
0.463810 	0.023867 	0.000382 	0.016915 	0.000373 	0.463720 	 0.000080 
0.449040 	0.030773 	0.002424 	0.021169 	0.000712 	0.448942 	 0.000090 
0.466074 	0.028299 	0.001401 	0.020202 	0.000573 	0.465999 	 0.000068 
0.454263 	0.022410 	0.000320 	0.018766 	0.000384 	0.454144 	 0.000100 
0.441679 	0.029860 	0.003125 	0.021936 	0.000662 	0.441556 	 0.000112 
0.460577 	0.023685 	0.000615 	0.019513 	0.000422 	0.460471 	 0.000087 
0.462432 	0.025751 	0.001365 	0.020498 	0.000487 	0.462307 	 0.000109 
0.452786 	0.030814 	0.002438 	0.023482 	0.000772 	0.452632 	 0.000142 
0.468632 	0.022211 	-0.000087 	0.019126 	0.000360 	0.468521 	 0.000097 
0.448120 	0.033175 	0.003494 	0.024155 	0.000811 	0.448022 	 0.000090 
0.451796 	0.032477 	0.003016 	0.024091 	0.000789 	0.451664 	 0.000121 
0.468644 	0.032870 	0.002403 	0.022595 	0.000804 	0.468543 	 0.000095 
0.461779 	0.035274 	0.003141 	0.026302 	0.000929 	0.461656 	 0.000112 
0.467295 	0.027655 	0.001513 	0.021878 	0.000615 	0.467136 	 0.000144 
0.454392 	0.036082 	0.003577 	0.026580 	0.000984 	0.454287 	 0.000097 
0.469257 	0.031788 	0.001778 	0.024917 	0.000814 	0.469145 	 0.000096 
0.478896 	0.030172 	0.001544 	0.024003 	0.000715 	0.478727 	 0.000154 
0.462175 	0.028583 	0.001412 	0.022909 	0.000667 	0.461995 	 0.000165 
0.461989 	0.035487 	0.003458 	0.026394 	0.000925 	0.461854 	 0.000124 
0.465732 	0.030959 	0.002002 	0.024132 	0.000760 	0.465579 	 0.000140 
0.461926 	0.033389 	0.002674 	0.025398 	0.000843 	0.461771 	 0.000143 
0.476802 	0.028070 	0.001630 	0.022315 	0.000625 	0.476601 	 0.000187 
0.463769 	0.034637 	0.002876 	0.026209 	0.000933 	0.463587 	 0.000167 
0.464524 	0.031152 	0.002297 	0.024068 	0.000772 	0.464359 	 0.000151 
0.469996 	0.036048 	0.003261 	0.026794 	0.000989 	0.469836 	 0.000146 
0.493108 	0.033565 	0.001911 	0.026073 	0.000897 	0.492963 	 0.000130 
0.457317 	0.043409 	0.005481 	0.030644 	0.001300 	0.457125 	 0.000186 
0.487728 	0.028193 	0.000952 	0.023109 	0.000632 	0.487536 	 0.000178 
0.466346 	0.038248 	0.003957 	0.028121 	0.001107 	0.466163 	 0.000174 
0.462997 	0.042117 	0.004900 	0.030218 	0.001262 	0.462822 	 0.000168 
0.483467 	0.038960 	0.003595 	0.028865 	0.001140 	0.483293 	 0.000163 
0.470369 	0.033585 	0.003318 	0.025047 	0.000859 	0.470145 	 0.000212 
0.476630 	0.034038 	0.002684 	0.026004 	0.000931 	0.476426 	 0.000190 
0.420011 	0.033497 	0.003968 	0.024733 	0.000911 	0.419846 	 0.000149 
0.426368 	0.036086 	0.004761 	0.025963 	0.001021 	0.426208 	 0.000150 
0.433582 	0.038834 	0.004854 	0.027822 	0.001212 	0.433421 	 0.000151 
0.423743 	0.042905 	0.005970 	0.029936 	0.001392 	0.423573 	 0.000161 
0.422253 	0.044644 	0.006814 	0.030274 	0.001458 	0.422094 	 0.000153 
0.423696 	0.039907 	0.005766 	0.027761 	0.001219 	0.423554 	 0.000136 
0.419345 	0.042670 	0.006257 	0.029616 	0.001363 	0.419134 	 0.000204 
0.413493 	0.046096 	0.007625 	0.029813 	0.001482 	0.413339 	 0.000154 
0.426257 	0.040038 	0.005634 	0.028043 	0.001242 	0.426080 	 0.000166 
0.426390 	0.042549 	0.006096 	0.029627 	0.001367 	0.426224 	 0.000159 
0.434195 	0.037305 	0.004790 	0.026941 	0.001129 	0.433973 	 0.000206 
0.426399 	0.045914 	0.006869 	0.031371 	0.001528 	0.426212 	 0.000179 
0.402618 	0.043799 	0.007845 	0.028837 	0.001402 	0.402415 	 0.000198 
0.407970 	0.048305 	0.008332 	0.031096 	0.001580 	0.407794 	 0.000179 
0.411806 	0.044702 	0.007210 	0.030265 	0.001456 	0.411641 	 0.000157 
0.424105 	0.047571 	0.007488 	0.032250 	0.001578 	0.423923 	 0.000178 
0.406456 	0.051057 	0.008904 	0.033634 	0.001718 	0.406283 	 0.000170 
0.404726 	0.048320 	0.008199 	0.032023 	0.001602 	0.404540 	 0.000180 
0.415102 	0.049585 	0.008291 	0.032935 	0.001676 	0.414888 	 0.000210 
0.415700 	0.052650 	0.009266 	0.033411 	0.001807 	0.415537 	 0.000165 
0.414670 	0.044590 	0.007242 	0.029991 	0.001463 	0.414472 	 0.000188 
0.414853 	0.046597 	0.007648 	0.030777 	0.001548 	0.414659 	 0.000192 
0.410089 	0.052041 	0.008899 	0.034282 	0.001779 	0.409921 	 0.000165 
0.409583 	0.049893 	0.008570 	0.032935 	0.001675 	0.409401 	 0.000178 
0.434293 	0.043717 	0.006395 	0.030299 	0.001421 	0.434103 	 0.000180 
0.406283 	0.054282 	0.009518 	0.034839 	0.001885 	0.406104 	 0.000182 
0.426599 	0.044228 	0.006849 	0.030638 	0.001413 	0.426352 	 0.000242 
0.419764 	0.053037 	0.008904 	0.035074 	0.001831 	0.419573 	 0.000190 
0.419245 	0.052937 	0.009131 	0.034252 	0.001827 	0.419048 	 0.000199 
0.420342 	0.053494 	0.009175 	0.035341 	0.001848 	0.420135 	 0.000201 
0.421114 	0.048849 	0.007919 	0.032969 	0.001633 	0.420904 	 0.000203 
0.392777 	0.056033 	0.010989 	0.035610 	0.001955 	0.392574 	 0.000209 
0.425334 	0.051116 	0.008435 	0.034096 	0.001752 	0.425117 	 0.000214 
0.415188 	0.046930 	0.007789 	0.031660 	0.001564 	0.414965 	 0.000216 
0.434801 	0.047658 	0.007259 	0.032326 	0.001570 	0.434588 	 0.000210 
0.427919 	0.053504 	0.008884 	0.035423 	0.001885 	0.427740 	 0.000172 
0.424374 	0.048362 	0.007984 	0.032374 	0.001640 	0.424135 	 0.000233 
0.418618 	0.046890 	0.007758 	0.031822 	0.001539 	0.418403 	 0.000212 
0.416673 	0.048697 	0.008380 	0.032535 	0.001636 	0.416443 	 0.000225 
0.424160 	0.050653 	0.008296 	0.033619 	0.001730 	0.423969 	 0.000190 
0.431491 	0.047992 	0.007403 	0.032299 	0.001628 	0.431282 	 0.000207 
0.419311 	0.055850 	0.009952 	0.036146 	0.001933 	0.419108 	 0.000206 
0.441103 	0.048252 	0.007271 	0.033314 	0.001581 	0.440888 	 0.000212 
0.412277 	0.054795 	0.010012 	0.035469 	0.001898 	0.412037 	 0.000236 
0.426328 	0.048599 	0.007892 	0.032895 	0.001631 	0.426079 	 0.000238 
0.413827 	0.055055 	0.010004 	0.035845 	0.001896 	0.413590 	 0.000239 
0.426504 	0.055705 	0.009738 	0.036398 	0.001950 	0.426250 	 0.000253 
0.407817 	0.055614 	0.010281 	0.035802 	0.001919 	0.407606 	 0.000215 
0.428285 	0.053531 	0.009265 	0.035487 	0.001837 	0.428072 	 0.000213 
0.431265 	0.053187 	0.008731 	0.036899 	0.001813 	0.431001 	 0.000262 
0.433071 	0.055160 	0.009246 	0.036456 	0.001921 	0.432831 	 0.000237 
0.417531 	0.055272 	0.009730 	0.036407 	0.001913 	0.417266 	 0.000263 
0.426882 	0.059889 	0.010741 	0.038228 	0.002115 	0.426688 	 0.000199 
0.438165 	0.052067 	0.008249 	0.035188 	0.001752 	0.437923 	 0.000241 
0.433056 	0.053440 	0.008990 	0.035842 	0.001815 	0.432789 	 0.000262 
0.422537 	0.063190 	0.011520 	0.040812 	0.002256 	0.422291 	 0.000253 
0.419372 	0.060682 	0.011229 	0.039196 	0.002159 	0.419117 	 0.000260 
0.419423 	0.066265 	0.012322 	0.042313 	0.002404 	0.419200 	 0.000231 
0.426384 	0.055983 	0.009966 	0.036898 	0.001937 	0.426134 	 0.000253 
0.435595 	0.053053 	0.008860 	0.035310 	0.001831 	0.435331 	 0.000263 
0.425228 	0.057262 	0.010178 	0.037582 	0.002013 	0.424960 	 0.000262 
0.414621 	0.061068 	0.011009 	0.039615 	0.002169 	0.414394 	 0.000229 
0.422334 	0.060995 	0.011068 	0.039567 	0.002177 	0.422074 	 0.000258 
0.424758 	0.055106 	0.009678 	0.036559 	0.001916 	0.424512 	 0.000246 
0.432529 	0.056238 	0.009558 	0.037148 	0.001979 	0.432262 	 0.000267 
0.446848 	0.052471 	0.007950 	0.036110 	0.001817 	0.446583 	 0.000255 
0.436471 	0.051688 	0.008695 	0.034890 	0.001739 	0.436195 	 0.000275 
0.410868 	0.060318 	0.011100 	0.039246 	0.002149 	0.410600 	 0.000271 
0.433621 	0.060503 	0.010375 	0.039515 	0.002166 	0.433379 	 0.000246 
0.451884 	0.053564 	0.008444 	0.036290 	0.001861 	0.451602 	 0.000273 
0.437169 	0.055579 	0.009115 	0.037197 	0.001965 	0.436873 	 0.000295 
0.434604 	0.059009 	0.010288 	0.038843 	0.002111 	0.434315 	 0.000284 
0.417521 	0.063994 	0.011873 	0.041015 	0.002313 	0.417306 	 0.000222 
0.428820 	0.063140 	0.011642 	0.040478 	0.002263 	0.428545 	 0.000279 
0.429338 	0.066364 	0.012035 	0.043095 	0.002404 	0.429117 	 0.000228 
0.397656 	0.063167 	0.012597 	0.039352 	0.002299 	0.397447 	 0.000217 
0.406162 	0.058378 	0.010769 	0.038184 	0.002113 	0.405920 	 0.000244 
0.405323 	0.058498 	0.011155 	0.037513 	0.002098 	0.405070 	 0.000256 
0.405284 	0.059488 	0.011380 	0.039013 	0.002137 	0.405025 	 0.000263 
0.408781 	0.056062 	0.010559 	0.036269 	0.002025 	0.408529 	 0.000246 
0.396234 	0.053535 	0.010097 	0.035146 	0.001892 	0.395944 	 0.000287 
0.405798 	0.058995 	0.010995 	0.038033 	0.002164 	0.405582 	 0.000217 
0.408464 	0.054991 	0.009962 	0.036519 	0.001948 	0.408218 	 0.000246 
0.418091 	0.055518 	0.009788 	0.036632 	0.001968 	0.417849 	 0.000243 
0.404762 	0.059200 	0.010925 	0.038517 	0.002157 	0.404528 	 0.000235 
0.410108 	0.059908 	0.011240 	0.038804 	0.002198 	0.409872 	 0.000240 
0.403251 	0.061618 	0.011590 	0.039777 	0.002241 	0.403035 	 0.000219 
0.395617 	0.061995 	0.012226 	0.039581 	0.002267 	0.395349 	 0.000272 
0.404300 	0.057877 	0.011087 	0.037729 	0.002086 	0.404046 	 0.000257 
0.394880 	0.059838 	0.011679 	0.038365 	0.002196 	0.394592 	 0.000281 
0.402139 	0.062854 	0.011825 	0.040092 	0.002334 	0.401892 	 0.000248 
0.399506 	0.068547 	0.013512 	0.043320 	0.002596 	0.399258 	 0.000247 
0.406158 	0.059852 	0.011520 	0.038048 	0.002197 	0.405862 	 0.000296 
0.408130 	0.062847 	0.011790 	0.040286 	0.002315 	0.407877 	 0.000257 
0.411552 	0.063540 	0.012146 	0.040528 	0.002372 	0.411298 	 0.000251 
0.406440 	0.065163 	0.012529 	0.041718 	0.002418 	0.406212 	 0.000233 
0.400477 	0.063464 	0.012588 	0.040859 	0.002364 	0.400200 	 0.000281 
0.416800 	0.057094 	0.010758 	0.037157 	0.002046 	0.416509 	 0.000291 
0.417995 	0.056413 	0.010115 	0.036750 	0.002060 	0.417722 	 0.000269 
0.413698 	0.057080 	0.010528 	0.037961 	0.002068 	0.413428 	 0.000271 
0.423873 	0.057101 	0.010307 	0.038213 	0.002016 	0.423595 	 0.000279 
0.400653 	0.064541 	0.012699 	0.041233 	0.002372 	0.400405 	 0.000252 
0.408459 	0.057070 	0.010731 	0.036963 	0.002069 	0.408173 	 0.000280 
0.415799 	0.057324 	0.010482 	0.037269 	0.002102 	0.415526 	 0.000261 
0.394484 	0.063683 	0.012749 	0.041318 	0.002333 	0.394200 	 0.000289 
0.389755 	0.061540 	0.012063 	0.039383 	0.002307 	0.389503 	 0.000248 
0.387978 	0.058030 	0.011497 	0.037007 	0.002147 	0.387752 	 0.000228 
0.403020 	0.059422 	0.011245 	0.038917 	0.002196 	0.402784 	 0.000238 
0.406130 	0.060875 	0.011892 	0.038901 	0.002244 	0.405906 	 0.000227 
0.396617 	0.062806 	0.011890 	0.040563 	0.002362 	0.396357 	 0.000251 
0.394932 	0.062099 	0.012198 	0.039499 	0.002305 	0.394700 	 0.000233 
0.401344 	0.060914 	0.011575 	0.039022 	0.002295 	0.401075 	 0.000268 
0.387915 	0.060041 	0.012162 	0.038048 	0.002240 	0.387632 	 0.000275 
0.377728 	0.064849 	0.013365 	0.040740 	0.002455 	0.377461 	 0.000273 
0.390890 	0.065783 	0.013226 	0.041281 	0.002462 	0.390649 	 0.000247 
0.396695 	0.062931 	0.012726 	0.040640 	0.002339 	0.396442 	 0.000259 
0.418180 	0.059882 	0.010909 	0.039035 	0.002241 	0.417925 	 0.000247 
0.382814 	0.064980 	0.013077 	0.041082 	0.002449 	0.382545 	 0.000273 
0.397306 	0.064310 	0.012613 	0.040594 	0.002411 	0.397062 	 0.000248 
0.382249 	0.067492 	0.014004 	0.042259 	0.002527 	0.382018 	 0.000237 
0.388622 	0.066176 	0.013525 	0.042337 	0.002496 	0.388358 	 0.000271 
0.390629 	0.066689 	0.013579 	0.041965 	0.002516 	0.390338 	 0.000288 
0.396414 	0.064695 	0.012727 	0.040883 	0.002459 	0.396102 	 0.000311 
0.391719 	0.069727 	0.014101 	0.043361 	0.002653 	0.391488 	 0.000238 
0.401469 	0.064211 	0.012275 	0.041178 	0.002434 	0.401210 	 0.000250 
0.401338 	0.065349 	0.012697 	0.042784 	0.002441 	0.401084 	 0.000260 
0.399635 	0.060157 	0.011420 	0.038719 	0.002246 	0.399372 	 0.000253 
0.410350 	0.061865 	0.011731 	0.039590 	0.002310 	0.410083 	 0.000257 
0.388172 	0.069132 	0.014585 	0.042632 	0.002643 	0.387885 	 0.000285 
0.401931 	0.060818 	0.011653 	0.039385 	0.002251 	0.401620 	 0.000312 
0.392125 	0.062041 	0.011962 	0.040039 	0.002298 	0.391860 	 0.000267 
0.409211 	0.062384 	0.011906 	0.040094 	0.002310 	0.408940 	 0.000273 
0.403407 	0.062295 	0.011625 	0.040492 	0.002329 	0.403136 	 0.000264 
0.410262 	0.059869 	0.011276 	0.038478 	0.002208 	0.409938 	 0.000323 
0.408468 	0.062414 	0.012053 	0.040002 	0.002323 	0.408178 	 0.000283 
0.408233 	0.059915 	0.011387 	0.038839 	0.002173 	0.407969 	 0.000264 
0.398092 	0.064285 	0.012808 	0.040695 	0.002405 	0.397786 	 0.000311 
0.406390 	0.062428 	0.011877 	0.039841 	0.002326 	0.406122 	 0.000271 
0.402953 	0.069120 	0.013777 	0.043657 	0.002628 	0.402672 	 0.000279 
0.383486 	0.068082 	0.013997 	0.042895 	0.002543 	0.383159 	 0.000326 
0.385923 	0.058133 	0.011743 	0.038350 	0.002128 	0.385635 	 0.000291 
0.393294 	0.064061 	0.012596 	0.040526 	0.002437 	0.393015 	 0.000282 
0.383688 	0.062286 	0.012878 	0.040180 	0.002295 	0.383418 	 0.000275 
0.394744 	0.067673 	0.013600 	0.042354 	0.002585 	0.394467 	 0.000281 
0.385897 	0.063266 	0.013156 	0.040876 	0.002352 	0.385607 	 0.000294 
0.389212 	0.066673 	0.013711 	0.041998 	0.002540 	0.388954 	 0.000264 
0.387693 	0.061491 	0.012401 	0.039028 	0.002317 	0.387418 	 0.000269 
0.382848 	0.063355 	0.013069 	0.039954 	0.002374 	0.382551 	 0.000296 
0.390667 	0.063940 	0.013097 	0.041909 	0.002373 	0.390381 	 0.000291 
0.386845 	0.064006 	0.013100 	0.040375 	0.002407 	0.386556 	 0.000287 
0.395340 	0.065148 	0.013053 	0.041301 	0.002469 	0.395074 	 0.000268 
0.388920 	0.068590 	0.014045 	0.043927 	0.002619 	0.388642 	 0.000284 
0.384974 	0.068180 	0.013899 	0.043807 	0.002597 	0.384700 	 0.000281 
0.398022 	0.069335 	0.013778 	0.043539 	0.002652 	0.397782 	 0.000245 
0.398988 	0.060115 	0.011970 	0.039109 	0.002200 	0.398698 	 0.000292 
0.422147 	0.061056 	0.011459 	0.039768 	0.002278 	0.421841 	 0.000305 
0.407143 	0.066980 	0.013010 	0.042426 	0.002556 	0.406874 	 0.000273 
0.392985 	0.069270 	0.013939 	0.044725 	0.002637 	0.392723 	 0.000268 
0.401442 	0.069969 	0.014066 	0.044078 	0.002655 	0.401151 	 0.000291 
0.422086 	0.060657 	0.011536 	0.039126 	0.002272 	0.421761 	 0.000316 
0.389388 	0.068861 	0.013937 	0.043504 	0.002623 	0.389086 	 0.000308 
0.406374 	0.061735 	0.012052 	0.039729 	0.002292 	0.406082 	 0.000295 
0.393085 	0.063672 	0.012913 	0.040426 	0.002377 	0.392762 	 0.000319 
0.402887 	0.065821 	0.012611 	0.042355 	0.002461 	0.402631 	 0.000259 
0.388864 	0.065496 	0.013119 	0.041611 	0.002451 	0.388568 	 0.000291 
0.384314 	0.073412 	0.015340 	0.045212 	0.002815 	0.384024 	 0.000300 
0.279333 	0.023461 	0.006351 	0.013803 	0.000420 	0.279337 	 -0.000002 
0.269797 	0.027062 	0.007546 	0.015438 	0.000540 	0.269810 	 -0.000004 
0.263432 	0.031121 	0.009093 	0.017440 	0.000731 	0.263427 	 0.000022 
0.292293 	0.027996 	0.007229 	0.014454 	0.000569 	0.292271 	 0.000024 
0.292454 	0.022944 	0.006364 	0.013375 	0.000394 	0.292403 	 0.000048 
0.290807 	0.031729 	0.008021 	0.018587 	0.000721 	0.290815 	 -0.000004 
0.293747 	0.031638 	0.008181 	0.018199 	0.000737 	0.293749 	 0.000010 
0.308126 	0.022162 	0.005588 	0.013577 	0.000331 	0.308053 	 0.000066 
0.269136 	0.025839 	0.007493 	0.014832 	0.000497 	0.269124 	 0.000011 
0.277371 	0.029741 	0.008077 	0.017122 	0.000655 	0.277390 	 -0.000020 
0.274771 	0.037352 	0.010108 	0.020985 	0.001016 	0.274798 	 -0.000018 
0.261105 	0.032749 	0.009402 	0.018249 	0.000819 	0.261116 	 -0.000000 
0.275341 	0.033035 	0.008956 	0.018885 	0.000813 	0.275346 	 0.000010 
0.283424 	0.025841 	0.006605 	0.015508 	0.000526 	0.283432 	 -0.000002 
0.297477 	0.026381 	0.006750 	0.014320 	0.000456 	0.297452 	 0.000024 
0.292348 	0.029908 	0.007409 	0.018237 	0.000693 	0.292369 	 -0.000017 
0.288038 	0.036840 	0.009233 	0.022045 	0.000963 	0.288053 	 -0.000006 
0.296844 	0.029544 	0.007109 	0.015914 	0.000630 	0.296855 	 -0.000009 
0.295522 	0.028638 	0.007118 	0.017389 	0.000614 	0.295515 	 0.000008 
0.301701 	0.029850 	0.007235 	0.015990 	0.000658 	0.301688 	 0.000014 
0.290954 	0.028605 	0.007161 	0.017048 	0.000592 	0.290988 	 -0.000034 
0.323676 	0.020072 	0.004145 	0.011402 	0.000160 	0.323668 	 0.000004 
0.302739 	0.027085 	0.006673 	0.014883 	0.000451 	0.302724 	 0.000016 
0.291948 	0.031688 	0.007955 	0.018692 	0.000760 	0.291935 	 0.000018 
0.262455 	0.041193 	0.011176 	0.021024 	0.001150 	0.262473 	 -0.000009 
0.278974 	0.031527 	0.008004 	0.016711 	0.000739 	0.279006 	 -0.000031 
0.274856 	0.034946 	0.009300 	0.020346 	0.000906 	0.274889 	 -0.000029 
0.284973 	0.030775 	0.008000 	0.018621 	0.000699 	0.284985 	 -0.000007 
0.280227 	0.032025 	0.008459 	0.015927 	0.000734 	0.280261 	 -0.000031 
0.273808 	0.033702 	0.008984 	0.019488 	0.000860 	0.273848 	 -0.000035 
0.268357 	0.030339 	0.008490 	0.017081 	0.000708 	0.268375 	 -0.000007 
0.267765 	0.033558 	0.009138 	0.019049 	0.000869 	0.267773 	 -0.000006 
0.275031 	0.034846 	0.009266 	0.020214 	0.000913 	0.275033 	 0.000002 
0.274559 	0.031219 	0.008383 	0.018397 	0.000751 	0.274556 	 0.000006 
0.271464 	0.042723 	0.011232 	0.024565 	0.001240 	0.271498 	 -0.000025 
0.278895 	0.033039 	0.008624 	0.019314 	0.000797 	0.278898 	 -0.000000 
0.261880 	0.032217 	0.008959 	0.018185 	0.000792 	0.261925 	 -0.000032 
0.275994 	0.033016 	0.009021 	0.019265 	0.000801 	0.275978 	 0.000020 
0.264307 	0.034910 	0.009612 	0.020069 	0.000893 	0.264325 	 -0.000011 
0.276746 	0.038578 	0.010054 	0.022455 	0.001057 	0.276784 	 -0.000027 
0.263595 	0.033355 	0.009100 	0.019181 	0.000823 	0.263607 	 0.000003 
0.278282 	0.033245 	0.008797 	0.018432 	0.000774 	0.278257 	 0.000029 
0.275297 	0.034367 	0.008964 	0.020141 	0.000873 	0.275289 	 0.000021 
0.261044 	0.039968 	0.010912 	0.022559 	0.001117 	0.261057 	 0.000007 
0.266300 	0.038364 	0.010172 	0.021957 	0.001071 	0.266334 	 -0.000019 
0.283742 	0.031920 	0.007986 	0.017599 	0.000749 	0.283756 	 -0.000013 
0.269010 	0.037107 	0.009919 	0.021674 	0.001009 	0.268988 	 0.000029 
0.282321 	0.033844 	0.008904 	0.019911 	0.000859 	0.282337 	 -0.000011 
0.261404 	0.035959 	0.009749 	0.020907 	0.000947 	0.261399 	 0.000013 
0.279067 	0.032336 	0.008457 	0.019085 	0.000800 	0.279091 	 -0.000022 
0.271332 	0.039117 	0.010304 	0.023014 	0.001068 	0.271345 	 -0.000002 
0.255109 	0.039556 	0.010948 	0.022157 	0.001117 	0.255142 	 -0.000014 
0.261309 	0.035274 	0.009813 	0.019980 	0.000905 	0.261325 	 0.000001 
0.277985 	0.031978 	0.008332 	0.018844 	0.000779 	0.278006 	 -0.000018 
0.267062 	0.035189 	0.009453 	0.020354 	0.000910 	0.267086 	 -0.000008 
0.264519 	0.035062 	0.009344 	0.020660 	0.000893 	0.264536 	 -0.000011 
0.271461 	0.035862 	0.009754 	0.020889 	0.000923 	0.271448 	 0.000020 
0.277239 	0.034850 	0.009186 	0.020549 	0.000891 	0.277254 	 -0.000009 
0.267108 	0.039806 	0.010469 	0.023041 	0.001122 	0.267153 	 -0.000034 
0.259247 	0.038793 	0.010661 	0.022387 	0.001054 	0.259261 	 -0.000002 
0.264717 	0.040149 	0.010766 	0.023232 	0.001091 	0.264753 	 -0.000025 
0.269815 	0.038433 	0.010333 	0.022233 	0.001030 	0.269823 	 -0.000000 
0.270800 	0.039363 	0.010363 	0.023233 	0.001083 	0.270793 	 0.000016 
0.265732 	0.039888 	0.010822 	0.022706 	0.001111 	0.265728 	 0.000015 
0.271160 	0.039925 	0.010358 	0.023192 	0.001127 	0.271179 	 -0.000003 
0.285421 	0.044197 	0.011102 	0.023723 	0.001272 	0.285447 	 -0.000016 
0.285063 	0.032591 	0.008355 	0.019603 	0.000778 	0.285052 	 0.000015 
0.262870 	0.039109 	0.010775 	0.022466 	0.001050 	0.262851 	 0.000028 
0.264086 	0.036083 	0.010229 	0.020263 	0.000942 	0.264080 	 0.000027 
0.283835 	0.027064 	0.007305 	0.016159 	0.000546 	0.283804 	 0.000030 
0.261147 	0.038675 	0.010766 	0.021665 	0.001064 	0.261164 	 0.000000 
0.262565 	0.037501 	0.010456 	0.021304 	0.001005 	0.262558 	 0.000028 
0.278314 	0.037584 	0.009538 	0.022469 	0.001016 	0.278331 	 -0.000010 
0.291474 	0.036263 	0.008939 	0.022010 	0.000961 	0.291506 	 -0.000025 
0.269224 	0.040631 	0.010994 	0.023257 	0.001141 	0.269241 	 -0.000006 
0.268842 	0.038526 	0.010230 	0.020593 	0.001033 	0.268832 	 0.000014 
0.281594 	0.033390 	0.008348 	0.020186 	0.000841 	0.281587 	 0.000012 
0.272624 	0.034405 	0.008865 	0.020404 	0.000891 	0.272635 	 0.000001 
0.288740 	0.034612 	0.008620 	0.018761 	0.000846 	0.288765 	 -0.000021 
0.284519 	0.030803 	0.008041 	0.018608 	0.000722 	0.284485 	 0.000037 
0.263751 	0.039579 	0.010791 	0.022477 	0.001097 	0.263745 	 0.000022 
0.271901 	0.038227 	0.010148 	0.021789 	0.001028 	0.271928 	 -0.000009 
0.255424 	0.039163 	0.010793 	0.022145 	0.001076 	0.255442 	 -0.000000 
0.272474 	0.042062 	0.010940 	0.022359 	0.001158 	0.272482 	 0.000001 
0.254460 	0.042227 	0.011615 	0.023696 	0.001215 	0.254497 	 -0.000023 
0.273971 	0.034123 	0.009311 	0.019948 	0.000855 	0.273954 	 0.000024 
0.276415 	0.037164 	0.009931 	0.021528 	0.000979 	0.276419 	 0.000004 
0.262733 	0.043869 	0.011694 	0.024806 	0.001285 	0.262779 	 -0.000023 
0.280838 	0.041949 	0.010517 	0.022673 	0.001135 	0.280885 	 -0.000038 
0.265556 	0.039572 	0.010942 	0.022317 	0.001086 	0.265548 	 0.000029 
0.271926 	0.039368 	0.010304 	0.023056 	0.001102 	0.271888 	 0.000045 
0.276541 	0.038006 	0.009895 	0.020703 	0.001033 	0.276533 	 0.000012 
0.257294 	0.037402 	0.010391 	0.021221 	0.001007 	0.257298 	 0.000014 
0.271625 	0.038207 	0.009873 	0.020490 	0.001019 	0.271658 	 -0.000025 
0.266352 	0.044185 	0.011752 	0.025562 	0.001300 	0.266393 	 -0.000026 
0.266687 	0.039528 	0.010698 	0.022331 	0.001119 	0.266733 	 -0.000026 
0.268789 	0.041028 	0.010959 	0.023658 	0.001176 	0.268814 	 -0.000011 
0.270486 	0.037257 	0.009951 	0.020261 	0.000959 	0.270491 	 -0.000000 
0.249473 	0.038578 	0.011144 	0.021296 	0.001053 	0.249484 	 0.000009 
0.266886 	0.037263 	0.010020 	0.021647 	0.001022 	0.266866 	 0.000028 
0.251584 	0.048863 	0.013219 	0.027596 	0.001505 	0.251626 	 -0.000026 
0.263537 	0.041353 	0.010754 	0.024077 	0.001204 	0.263547 	 -0.000001 
0.262037 	0.040240 	0.010947 	0.023014 	0.001137 	0.262046 	 0.000002 
0.243589 	0.043603 	0.012647 	0.023641 	0.001281 	0.243613 	 -0.000001 
0.261429 	0.044478 	0.011905 	0.023251 	0.001284 	0.261454 	 -0.000015 
0.264511 	0.044236 	0.011944 	0.025247 	0.001284 	0.264545 	 -0.000018 
0.261345 	0.042815 	0.011488 	0.024231 	0.001258 	0.261392 	 -0.000026 
0.268149 	0.036167 	0.009710 	0.020821 	0.000959 	0.268159 	 0.000004 
0.280671 	0.033593 	0.008728 	0.020021 	0.000837 	0.280647 	 0.000028 
0.264450 	0.046647 	0.012038 	0.024770 	0.001393 	0.264495 	 -0.000034 
0.264896 	0.035933 	0.010098 	0.020408 	0.000929 	0.264892 	 0.000024 
0.253303 	0.048207 	0.013004 	0.027292 	0.001487 	0.253319 	 -0.000002 
0.249123 	0.039830 	0.011168 	0.022577 	0.001085 	0.249109 	 0.000032 
0.266496 	0.039616 	0.010378 	0.023038 	0.001126 	0.266519 	 -0.000008 
0.273301 	0.038290 	0.010237 	0.022311 	0.001049 	0.273273 	 0.000033 
0.268378 	0.037961 	0.009934 	0.022493 	0.001049 	0.268364 	 0.000020 
0.255267 	0.045889 	0.012481 	0.025816 	0.001402 	0.255298 	 -0.000008 
0.256075 	0.040584 	0.011383 	0.023146 	0.001132 	0.256040 	 0.000046 
0.265471 	0.038314 	0.010433 	0.021974 	0.001034 	0.265472 	 0.000018 
0.270542 	0.041109 	0.011030 	0.023735 	0.001154 	0.270550 	 -0.000000 
0.260320 	0.044386 	0.011883 	0.025111 	0.001311 	0.260363 	 -0.000029 
0.267125 	0.045422 	0.012000 	0.025904 	0.001362 	0.267144 	 0.000002 
0.256232 	0.044339 	0.011789 	0.025440 	0.001336 	0.256209 	 0.000033 
0.263965 	0.040706 	0.010946 	0.023442 	0.001146 	0.263991 	 -0.000018 
0.247878 	0.040488 	0.011694 	0.022418 	0.001125 	0.247885 	 0.000015 
0.253425 	0.041176 	0.011641 	0.023134 	0.001171 	0.253417 	 0.000029 
0.249711 	0.045713 	0.012508 	0.025941 	0.001374 	0.249724 	 0.000001 
0.265702 	0.039991 	0.010574 	0.022447 	0.001050 	0.265706 	 0.000003 
0.261962 	0.042629 	0.011283 	0.024608 	0.001239 	0.262013 	 -0.000039 
0.251858 	0.047307 	0.013071 	0.026841 	0.001431 	0.251840 	 0.000033 
0.252488 	0.042675 	0.011701 	0.024166 	0.001240 	0.252516 	 -0.000008 
0.248528 	0.045024 	0.012346 	0.025474 	0.001354 	0.248542 	 0.000006 
0.260114 	0.043997 	0.011571 	0.025440 	0.001278 	0.260132 	 -0.000006 
0.263546 	0.039044 	0.010379 	0.022751 	0.001077 	0.263547 	 0.000008 
0.271316 	0.041477 	0.010738 	0.023283 	0.001112 	0.271307 	 0.000017 
0.263839 	0.037788 	0.010544 	0.021518 	0.001017 	0.263831 	 0.000019 
0.263862 	0.043626 	0.011633 	0.023640 	0.001254 	0.263862 	 0.000008 
0.244194 	0.049273 	0.013722 	0.027230 	0.001519 	0.244223 	 -0.000004 
0.260712 	0.040443 	0.011325 	0.022103 	0.001084 	0.260675 	 0.000044 
0.265147 	0.040837 	0.011034 	0.023397 	0.001148 	0.265155 	 0.000003 
0.263304 	0.048402 	0.012755 	0.026236 	0.001453 	0.263318 	 -0.000003 
0.271474 	0.040026 	0.010540 	0.022201 	0.001045 	0.271469 	 0.000012 
0.252592 	0.045175 	0.012391 	0.025468 	0.001335 	0.252618 	 -0.000001 
0.258216 	0.044560 	0.012275 	0.025125 	0.001324 	0.258229 	 0.000011 
0.258545 	0.039089 	0.010966 	0.022395 	0.001073 	0.258474 	 0.000079 
0.254571 	0.041679 	0.011379 	0.023858 	0.001199 	0.254538 	 0.000042 
0.254025 	0.045512 	0.012485 	0.025605 	0.001346 	0.254050 	 -0.000010 
0.254182 	0.044200 	0.011952 	0.025154 	0.001299 	0.254192 	 0.000003 
0.259475 	0.045435 	0.012040 	0.024804 	0.001329 	0.259499 	 -0.000016 
0.261922 	0.040123 	0.010852 	0.023165 	0.001124 	0.261911 	 0.000020 
0.254676 	0.044051 	0.011838 	0.025128 	0.001309 	0.254673 	 0.000014 
0.264817 	0.042451 	0.011519 	0.024611 	0.001207 	0.264808 	 0.000020 
0.265446 	0.038988 	0.010531 	0.022823 	0.001051 	0.265413 	 0.000040 
0.262032 	0.046278 	0.012345 	0.026360 	0.001401 	0.262057 	 -0.000003 
0.271365 	0.041783 	0.010900 	0.024214 	0.001220 	0.271386 	 -0.000004 
0.270558 	0.046817 	0.012186 	0.027279 	0.001413 	0.270586 	 -0.000013 
0.247874 	0.046153 	0.012964 	0.025917 	0.001373 	0.247875 	 0.000027 
0.258065 	0.046673 	0.012978 	0.026350 	0.001377 	0.258074 	 0.000009 
0.252634 	0.049527 	0.013418 	0.026344 	0.001509 	0.252638 	 0.000009 
0.250300 	0.047771 	0.013021 	0.026850 	0.001464 	0.250315 	 0.000009 
0.255020 	0.044344 	0.012010 	0.025086 	0.001315 	0.255057 	 -0.000017 
0.247737 	0.046860 	0.012954 	0.026169 	0.001413 	0.247769 	 -0.000006 
0.257033 	0.042710 	0.011544 	0.024572 	0.001251 	0.257012 	 0.000031 
0.269339 	0.044214 	0.011792 	0.025442 	0.001270 	0.269374 	 -0.000023 
0.259583 	0.046969 	0.012688 	0.026603 	0.001451 	0.259620 	 -0.000020 
0.268968 	0.041094 	0.010543 	0.023282 	0.001106 	0.268963 	 0.000009 
0.268290 	0.039983 	0.010699 	0.021561 	0.001071 	0.268306 	 -0.000007 
0.263299 	0.042732 	0.011421 	0.024342 	0.001247 	0.263329 	 -0.000012 
0.246414 	0.043975 	0.012565 	0.024592 	0.001276 	0.246399 	 0.000028 
0.268941 	0.042343 	0.011442 	0.024352 	0.001214 	0.268912 	 0.000038 
0.260582 	0.043322 	0.011607 	0.024990 	0.001245 	0.260577 	 0.000018 
0.275590 	0.044720 	0.011396 	0.024823 	0.001282 	0.275611 	 -0.000013 
0.270734 	0.043217 	0.011550 	0.025130 	0.001252 	0.270731 	 0.000018 
0.237796 	0.052972 	0.014611 	0.029372 	0.001692 	0.237828 	 -0.000006 
0.249280 	0.048076 	0.013367 	0.027166 	0.001443 	0.249284 	 0.000013 
0.261608 	0.040600 	0.011202 	0.023357 	0.001138 	0.261577 	 0.000038 
0.272235 	0.043658 	0.011206 	0.023977 	0.001199 	0.272241 	 0.000003 
0.256167 	0.047299 	0.012886 	0.025741 	0.001369 	0.256167 	 0.000012 
0.266180 	0.040132 	0.011073 	0.022726 	0.001122 	0.266191 	 0.000009 
0.261063 	0.043680 	0.011733 	0.025298 	0.001269 	0.261096 	 -0.000021 
0.260798 	0.043232 	0.011856 	0.024713 	0.001264 	0.260803 	 0.000007 
0.260800 	0.042059 	0.011571 	0.024227 	0.001210 	0.260781 	 0.000030 
0.273442 	0.043745 	0.011342 	0.025288 	0.001321 	0.273490 	 -0.000029 
0.246671 	0.049890 	0.013524 	0.028318 	0.001564 	0.246688 	 -0.000001 
0.251854 	0.052616 	0.014258 	0.029504 	0.001709 	0.251905 	 -0.000030 
0.260488 	0.042422 	0.011536 	0.024706 	0.001208 	0.260466 	 0.000035 
0.253981 	0.043629 	0.012024 	0.024708 	0.001276 	0.253988 	 0.000014 
0.261915 	0.044357 	0.011936 	0.025587 	0.001323 	0.261903 	 0.000024 
0.259046 	0.045267 	0.012298 	0.024669 	0.001333 	0.259047 	 0.000008 
0.253723 	0.048555 	0.013259 	0.026287 	0.001473 	0.253718 	 0.000017 
0.255891 	0.047296 	0.013033 	0.026646 	0.001437 	0.255910 	 -0.000001 
0.249383 	0.049182 	0.013460 	0.028021 	0.001508 	0.249388 	 0.000012 
0.263497 	0.041416 	0.010950 	0.023041 	0.001152 	0.263492 	 0.000012 
0.237479 	0.051336 	0.014383 	0.028373 	0.001606 	0.237538 	 -0.000026 
0.250623 	0.046199 	0.012645 	0.024804 	0.001392 	0.250637 	 -0.000004 
0.265955 	0.044940 	0.011984 	0.026209 	0.001311 	0.265962 	 0.000007 
0.261784 	0.041851 	0.011299 	0.024021 	0.001188 	0.261811 	 -0.000016 
0.263410 	0.043433 	0.011537 	0.025076 	0.001288 	0.263451 	 -0.000030 
0.256691 	0.038735 	0.010792 	0.022339 	0.001068 	0.256658 	 0.000041 
0.246025 	0.052223 	0.014151 	0.029496 	0.001687 	0.246070 	 -0.000025 
0.264158 	0.046505 	0.012222 	0.027308 	0.001393 	0.264189 	 -0.000015 
0.269870 	0.045307 	0.011858 	0.026465 	0.001329 	0.269912 	 -0.000027 
0.256175 	0.048385 	0.012895 	0.027739 	0.001498 	0.256194 	 -0.000002 
0.264491 	0.041221 	0.011323 	0.023660 	0.001177 	0.264512 	 -0.000008 
0.258038 	0.049463 	0.013251 	0.027817 	0.001546 	0.258076 	 -0.000013 
0.256248 	0.046047 	0.012407 	0.026400 	0.001367 	0.256293 	 -0.000029 
0.251497 	0.049435 	0.013413 	0.028184 	0.001531 	0.251518 	 -0.000005 
0.264577 	0.041252 	0.011020 	0.024186 	0.001194 	0.264563 	 0.000023 
0.264416 	0.045079 	0.011991 	0.026249 	0.001336 	0.264426 	 0.000001 
0.240438 	0.051750 	0.014520 	0.028578 	0.001646 	0.240459 	 0.000008 
0.242723 	0.053978 	0.014943 	0.030133 	0.001724 	0.242738 	 0.000015 
0.090429 	-0.019818 	0.002268 	-0.015775 	-0.001079 	0.090628 	 -0.000226 
0.045489 	-0.011290 	0.004538 	-0.011302 	-0.000603 	0.045754 	 -0.000291 
0.028507 	-0.021619 	0.003095 	-0.017610 	-0.001099 	0.028842 	 -0.000365 
0.042684 	-0.016363 	0.004770 	-0.015626 	-0.000887 	0.042936 	 -0.000275 
0.074211 	-0.023592 	0.002225 	-0.019175 	-0.001219 	0.074410 	 -0.000232 
0.107954 	-0.004395 	0.005078 	-0.006308 	-0.000513 	0.108086 	 -0.000148 
0.126143 	-0.008958 	0.002981 	-0.007818 	-0.000690 	0.126268 	 -0.000148 
0.138052 	-0.006680 	0.004223 	-0.007449 	-0.000642 	0.138132 	 -0.000101 
0.141380 	0.000004 	0.005933 	-0.003702 	-0.000391 	0.141483 	 -0.000117 
0.145146 	-0.002871 	0.004727 	-0.004909 	-0.000502 	0.145196 	 -0.000067 
0.171054 	-0.002746 	0.003714 	-0.003747 	-0.000521 	0.171168 	 -0.000136 
0.105163 	0.007391 	0.008422 	-0.000572 	-0.000102 	0.105290 	 -0.000124 
0.117486 	-0.011977 	0.003524 	-0.010912 	-0.000811 	0.117677 	 -0.000217 
0.115654 	-0.001894 	0.006073 	-0.005415 	-0.000406 	0.115770 	 -0.000126 
0.148271 	0.003105 	0.006179 	-0.001744 	-0.000271 	0.148359 	 -0.000104 
0.161227 	0.001826 	0.005875 	-0.002370 	-0.000311 	0.161316 	 -0.000104 
0.085549 	0.005127 	0.008218 	-0.001655 	-0.000065 	0.085680 	 -0.000144 
0.101641 	0.003628 	0.007117 	-0.001314 	-0.000108 	0.101758 	 -0.000131 
0.082976 	0.005498 	0.008480 	-0.001501 	-0.000015 	0.083097 	 -0.000129 
0.102536 	0.004774 	0.007510 	-0.001199 	-0.000068 	0.102665 	 -0.000140 
0.100362 	0.005756 	0.008054 	-0.000921 	-0.000015 	0.100476 	 -0.000123 
0.100254 	0.004405 	0.007235 	-0.000553 	-0.000069 	0.100371 	 -0.000129 
0.083030 	0.008039 	0.008775 	0.000125 	0.000056 	0.083158 	 -0.000136 
0.108631 	0.003309 	0.006979 	-0.001711 	-0.000119 	0.108728 	 -0.000115 
0.101157 	0.012243 	0.009334 	0.002880 	0.000277 	0.101275 	 -0.000124 
0.092184 	0.011697 	0.009587 	0.002510 	0.000249 	0.092273 	 -0.000096 
0.105343 	0.007253 	0.008011 	0.001763 	0.000048 	0.105427 	 -0.000094 
0.100586 	0.008458 	0.008536 	0.001816 	0.000109 	0.100668 	 -0.000092 
0.104528 	0.006336 	0.007753 	-0.000297 	0.000024 	0.104635 	 -0.000120 
0.101663 	0.012524 	0.009252 	0.003037 	0.000318 	0.101784 	 -0.000132 
0.104272 	0.004787 	0.007551 	-0.000690 	-0.000051 	0.104358 	 -0.000099 
0.071355 	0.013527 	0.010775 	0.002558 	0.000361 	0.071471 	 -0.000122 
0.088122 	0.005286 	0.008707 	-0.002067 	-0.000029 	0.088229 	 -0.000118 
0.094601 	0.004940 	0.008208 	-0.001597 	-0.000038 	0.094682 	 -0.000092 
0.082442 	0.012025 	0.010248 	0.001877 	0.000274 	0.082453 	 -0.000019 
0.092089 	0.009040 	0.009003 	0.000778 	0.000150 	0.092162 	 -0.000084 
0.078229 	0.009998 	0.010168 	0.000609 	0.000169 	0.078291 	 -0.000068 
0.065342 	0.016462 	0.011785 	0.003932 	0.000483 	0.065397 	 -0.000060 
0.090275 	0.011149 	0.009669 	0.001916 	0.000252 	0.090305 	 -0.000041 
0.093854 	0.013473 	0.010349 	0.003693 	0.000359 	0.093930 	 -0.000084 
0.082556 	0.013973 	0.010771 	0.002838 	0.000373 	0.082659 	 -0.000109 
0.078207 	0.018080 	0.011529 	0.005520 	0.000577 	0.078272 	 -0.000071 
0.095248 	0.010059 	0.009125 	0.001441 	0.000222 	0.095283 	 -0.000048 
0.086101 	0.010412 	0.009768 	0.002690 	0.000193 	0.086138 	 -0.000046 
0.087098 	0.014277 	0.010526 	0.004313 	0.000412 	0.087168 	 -0.000078 
0.084943 	0.009824 	0.009492 	0.001110 	0.000192 	0.085016 	 -0.000084 
0.077934 	0.016309 	0.011359 	0.005506 	0.000481 	0.078013 	 -0.000085 
0.068733 	0.017944 	0.012113 	0.004862 	0.000558 	0.068807 	 -0.000081 
0.080059 	0.014946 	0.010884 	0.004827 	0.000437 	0.080144 	 -0.000091 
0.086031 	0.005503 	0.008765 	-0.001486 	0.000022 	0.086060 	 -0.000045 
0.077178 	0.019924 	0.012620 	0.006838 	0.000664 	0.077255 	 -0.000079 
0.100391 	0.012689 	0.009593 	0.004498 	0.000334 	0.100469 	 -0.000087 
0.086418 	0.014177 	0.010662 	0.003554 	0.000410 	0.086482 	 -0.000072 
0.074265 	0.015324 	0.011482 	0.003320 	0.000466 	0.074285 	 -0.000029 
0.066781 	0.018980 	0.012459 	0.005567 	0.000628 	0.066844 	 -0.000069 
0.085703 	0.014374 	0.011112 	0.002935 	0.000438 	0.085782 	 -0.000086 
0.066752 	0.018371 	0.012534 	0.005170 	0.000583 	0.066770 	 -0.000022 
0.064961 	0.021894 	0.013546 	0.006917 	0.000761 	0.064990 	 -0.000031 
0.058241 	0.024332 	0.014155 	0.009194 	0.000875 	0.058275 	 -0.000035 
0.075314 	0.019019 	0.012198 	0.005654 	0.000633 	0.075350 	 -0.000041 
0.076532 	0.016498 	0.011617 	0.004343 	0.000532 	0.076528 	 -0.000004 
0.072251 	0.019881 	0.012409 	0.006287 	0.000665 	0.072301 	 -0.000056 
0.070336 	0.023490 	0.013566 	0.008208 	0.000803 	0.070366 	 -0.000031 
0.076421 	0.016730 	0.011979 	0.006049 	0.000524 	0.076430 	 -0.000017 
0.048823 	0.029130 	0.015401 	0.010752 	0.001071 	0.048854 	 -0.000034 
0.069568 	0.025134 	0.013868 	0.009068 	0.000905 	0.069618 	 -0.000051 
0.066170 	0.021636 	0.013230 	0.008287 	0.000789 	0.066189 	 -0.000024 
0.088046 	0.016284 	0.011090 	0.006526 	0.000531 	0.088083 	 -0.000045 
0.061748 	0.025339 	0.014285 	0.008608 	0.000929 	0.061751 	 -0.000004 
0.066061 	0.020197 	0.013032 	0.007715 	0.000729 	0.066051 	 0.000003 
0.076784 	0.018562 	0.012281 	0.007433 	0.000666 	0.076794 	 -0.000017 
0.066493 	0.026409 	0.014239 	0.009537 	0.000990 	0.066531 	 -0.000039 
0.056999 	0.026161 	0.014452 	0.009155 	0.000976 	0.056992 	 0.000004 
0.084370 	0.020655 	0.012482 	0.008808 	0.000734 	0.084386 	 -0.000023 
0.078377 	0.017046 	0.011636 	0.004743 	0.000550 	0.078393 	 -0.000028 
0.055963 	0.029015 	0.014988 	0.010881 	0.001101 	0.055985 	 -0.000024 
0.057539 	0.028463 	0.015347 	0.010111 	0.001069 	0.057522 	 0.000015 
0.076300 	0.015185 	0.011567 	0.003594 	0.000482 	0.076298 	 -0.000009 
0.076553 	0.022382 	0.013004 	0.007443 	0.000806 	0.076570 	 -0.000025 
0.054985 	0.033034 	0.016735 	0.014277 	0.001298 	0.055009 	 -0.000021 
0.056771 	0.027074 	0.014821 	0.009794 	0.001042 	0.056774 	 -0.000004 
0.054359 	0.028308 	0.015194 	0.010024 	0.001080 	0.054394 	 -0.000036 
0.062225 	0.029661 	0.015642 	0.012774 	0.001145 	0.062230 	 -0.000006 
0.060007 	0.030956 	0.015653 	0.013440 	0.001208 	0.060019 	 -0.000011 
0.072795 	0.024336 	0.013562 	0.008651 	0.000931 	0.072805 	 -0.000016 
0.066751 	0.025893 	0.014135 	0.009366 	0.000976 	0.066742 	 0.000007 
0.060926 	0.026628 	0.014873 	0.009062 	0.001012 	0.060895 	 0.000027 
0.067013 	0.023707 	0.013802 	0.010376 	0.000932 	0.066986 	 0.000021 
0.065107 	0.021534 	0.013829 	0.006293 	0.000769 	0.065075 	 0.000023 
0.066080 	0.023635 	0.013902 	0.007832 	0.000895 	0.066008 	 0.000066 
0.054403 	0.027084 	0.015062 	0.009336 	0.001029 	0.054391 	 0.000010 
0.060721 	0.026196 	0.014273 	0.009535 	0.001021 	0.060702 	 0.000017 
0.066297 	0.025623 	0.014368 	0.008891 	0.000955 	0.066276 	 0.000019 
0.049798 	0.030518 	0.016112 	0.011301 	0.001189 	0.049793 	 0.000000 
0.067660 	0.024331 	0.013917 	0.008334 	0.000912 	0.067632 	 0.000021 
0.056237 	0.028206 	0.015443 	0.012438 	0.001087 	0.056208 	 0.000026 
0.074985 	0.024694 	0.014134 	0.011309 	0.000949 	0.074924 	 0.000055 
0.051483 	0.026022 	0.015279 	0.008531 	0.000977 	0.051455 	 0.000023 
0.050639 	0.028239 	0.015924 	0.009498 	0.001100 	0.050622 	 0.000019 
0.053261 	0.028596 	0.015195 	0.010511 	0.001129 	0.053260 	 -0.000002 
0.074078 	0.025187 	0.014172 	0.011166 	0.000973 	0.074070 	 0.000002 
0.062579 	0.031278 	0.016076 	0.011597 	0.001234 	0.062532 	 0.000048 
0.058618 	0.030463 	0.016020 	0.011155 	0.001182 	0.058620 	 -0.000002 
0.062720 	0.028877 	0.015358 	0.010625 	0.001115 	0.062690 	 0.000027 
0.056434 	0.028243 	0.015645 	0.011875 	0.001144 	0.056414 	 0.000017 
0.048979 	0.028996 	0.016039 	0.010125 	0.001134 	0.048903 	 0.000078 
0.080841 	0.024130 	0.013646 	0.010557 	0.000930 	0.080841 	 -0.000006 
0.043631 	0.029160 	0.016511 	0.009889 	0.001116 	0.043574 	 0.000052 
0.055167 	0.032858 	0.016908 	0.014629 	0.001341 	0.055124 	 0.000042 
0.060934 	0.029797 	0.015598 	0.011150 	0.001165 	0.060917 	 0.000013 
0.040299 	0.030612 	0.016881 	0.010221 	0.001180 	0.040257 	 0.000043 
0.064967 	0.029813 	0.015593 	0.011097 	0.001176 	0.064976 	 -0.000014 
0.049162 	0.029751 	0.015902 	0.010908 	0.001151 	0.049148 	 0.000009 
0.063121 	0.029387 	0.015471 	0.013234 	0.001185 	0.063124 	 -0.000006 
0.057052 	0.028291 	0.015759 	0.012556 	0.001117 	0.057000 	 0.000049 
0.056579 	0.032879 	0.016741 	0.015017 	0.001316 	0.056550 	 0.000028 
0.044891 	0.035463 	0.017968 	0.013291 	0.001433 	0.044862 	 0.000029 
0.066732 	0.029786 	0.015550 	0.010904 	0.001184 	0.066672 	 0.000055 
0.054086 	0.029766 	0.016220 	0.010372 	0.001174 	0.054021 	 0.000065 
0.052830 	0.030440 	0.015986 	0.011336 	0.001203 	0.052794 	 0.000034 
0.043122 	0.036014 	0.017921 	0.016000 	0.001445 	0.043102 	 0.000022 
0.049113 	0.034755 	0.017237 	0.013523 	0.001403 	0.049049 	 0.000068 
0.061387 	0.028205 	0.015463 	0.010053 	0.001118 	0.061336 	 0.000040 
0.055702 	0.033219 	0.016723 	0.012743 	0.001343 	0.055668 	 0.000025 
0.058334 	0.035277 	0.017362 	0.015693 	0.001448 	0.058312 	 0.000022 
0.062529 	0.028617 	0.015687 	0.012830 	0.001154 	0.062474 	 0.000051 
0.044398 	0.036432 	0.017209 	0.015005 	0.001498 	0.044385 	 0.000016 
0.062972 	0.028111 	0.015325 	0.013144 	0.001120 	0.062926 	 0.000041 
0.053031 	0.031699 	0.016473 	0.011706 	0.001270 	0.052950 	 0.000080 
0.048321 	0.036987 	0.017983 	0.014201 	0.001533 	0.048241 	 0.000081 
0.036780 	0.035404 	0.018101 	0.013167 	0.001435 	0.036730 	 0.000046 
0.045672 	0.038028 	0.018344 	0.014874 	0.001544 	0.045611 	 0.000066 
0.045901 	0.033209 	0.017341 	0.012260 	0.001332 	0.045832 	 0.000062 
0.047094 	0.037660 	0.018332 	0.014625 	0.001568 	0.046995 	 0.000101 
0.046758 	0.036660 	0.018049 	0.013905 	0.001471 	0.046712 	 0.000050 
0.054216 	0.035376 	0.017381 	0.016702 	0.001488 	0.054132 	 0.000082 
0.062693 	0.033981 	0.016650 	0.015732 	0.001410 	0.062671 	 0.000022 
0.052778 	0.036747 	0.017655 	0.014659 	0.001505 	0.052686 	 0.000094 
0.053460 	0.030323 	0.016242 	0.010714 	0.001208 	0.053401 	 0.000058 
0.059905 	0.028840 	0.015885 	0.013463 	0.001172 	0.059812 	 0.000088 
0.044538 	0.032243 	0.017371 	0.011329 	0.001284 	0.044483 	 0.000051 
0.062329 	0.031309 	0.016271 	0.011667 	0.001278 	0.062270 	 0.000058 
0.066180 	0.034783 	0.016754 	0.016831 	0.001454 	0.066131 	 0.000046 
0.042434 	0.042498 	0.019188 	0.017573 	0.001770 	0.042409 	 0.000032 
0.054595 	0.037104 	0.017702 	0.014671 	0.001536 	0.054521 	 0.000074 
0.056177 	0.031899 	0.016434 	0.014986 	0.001307 	0.056128 	 0.000047 
0.052539 	0.028196 	0.016217 	0.009464 	0.001125 	0.052466 	 0.000066 
0.034380 	0.048022 	0.020716 	0.020555 	0.002009 	0.034354 	 0.000035 
0.046489 	0.039173 	0.019078 	0.017475 	0.001628 	0.046439 	 0.000054 
0.051388 	0.040769 	0.018727 	0.016625 	0.001680 	0.051338 	 0.000054 
0.046968 	0.031703 	0.016941 	0.011277 	0.001288 	0.046913 	 0.000044 
0.043454 	0.037773 	0.018905 	0.014404 	0.001540 	0.043361 	 0.000089 
0.056450 	0.034693 	0.017130 	0.016061 	0.001479 	0.056410 	 0.000038 
0.055200 	0.036914 	0.017866 	0.018166 	0.001531 	0.055116 	 0.000082 
0.032331 	0.036276 	0.018340 	0.013752 	0.001486 	0.032239 	 0.000093 
0.049290 	0.039580 	0.018731 	0.019059 	0.001668 	0.049215 	 0.000077 
0.031174 	0.041139 	0.019909 	0.016165 	0.001699 	0.031079 	 0.000091 
0.057477 	0.035006 	0.017283 	0.016644 	0.001464 	0.057400 	 0.000075 
0.051546 	0.039137 	0.018587 	0.018342 	0.001660 	0.051493 	 0.000055 
0.050547 	0.034246 	0.017587 	0.015898 	0.001455 	0.050467 	 0.000078 
0.043333 	0.038102 	0.018734 	0.014666 	0.001590 	0.043263 	 0.000075 
0.038686 	0.040613 	0.019404 	0.019469 	0.001711 	0.038600 	 0.000089 
0.068587 	0.028791 	0.015439 	0.010670 	0.001181 	0.068507 	 0.000064 
0.045468 	0.040072 	0.018760 	0.016232 	0.001669 	0.045407 	 0.000065 
0.047504 	0.039281 	0.018712 	0.015387 	0.001633 	0.047431 	 0.000075 
0.050428 	0.036129 	0.017406 	0.014852 	0.001479 	0.050349 	 0.000076 
0.049111 	0.037728 	0.018409 	0.017735 	0.001604 	0.049020 	 0.000093 
0.043816 	0.039450 	0.018669 	0.015930 	0.001643 	0.043746 	 0.000062 
0.055927 	0.032722 	0.016901 	0.015793 	0.001376 	0.055853 	 0.000071 
0.041121 	0.034674 	0.017582 	0.013087 	0.001455 	0.041066 	 0.000054 
0.036705 	0.035307 	0.018362 	0.012696 	0.001448 	0.036652 	 0.000051 
0.058227 	0.031906 	0.016660 	0.014663 	0.001332 	0.058159 	 0.000066 
0.049365 	0.039925 	0.018862 	0.015687 	0.001657 	0.049284 	 0.000083 
0.040387 	0.040620 	0.019154 	0.016479 	0.001692 	0.040315 	 0.000079 
0.051475 	0.040468 	0.018924 	0.016129 	0.001672 	0.051402 	 0.000078 
0.037350 	0.041351 	0.019648 	0.015969 	0.001739 	0.037254 	 0.000100 
0.027104 	0.045335 	0.020754 	0.021316 	0.001935 	0.027039 	 0.000071 
0.067739 	0.030034 	0.016030 	0.014500 	0.001241 	0.067632 	 0.000102 
0.043241 	0.041131 	0.019374 	0.019062 	0.001737 	0.043191 	 0.000055 
0.035594 	0.039945 	0.019591 	0.015113 	0.001641 	0.035474 	 0.000125 
0.072148 	0.046050 	0.019854 	0.019679 	0.001872 	0.072043 	 0.000113 
0.083826 	0.036432 	0.017036 	0.015005 	0.001439 	0.083686 	 0.000138 
0.054081 	0.044401 	0.020020 	0.018073 	0.001790 	0.053945 	 0.000143 
0.084741 	0.040438 	0.017799 	0.020184 	0.001662 	0.084632 	 0.000110 
0.075772 	0.037862 	0.017647 	0.015431 	0.001519 	0.075652 	 0.000111 
0.079840 	0.039555 	0.018164 	0.018939 	0.001595 	0.079723 	 0.000118 
0.079981 	0.039431 	0.017888 	0.016383 	0.001587 	0.079846 	 0.000140 
0.067993 	0.040240 	0.018796 	0.016215 	0.001622 	0.067882 	 0.000116 
0.065815 	0.042933 	0.018971 	0.018284 	0.001741 	0.065692 	 0.000117 
0.065606 	0.043960 	0.019409 	0.018686 	0.001789 	0.065488 	 0.000114 
0.059729 	0.042655 	0.019707 	0.020196 	0.001770 	0.059595 	 0.000139 
0.071136 	0.042027 	0.018766 	0.020486 	0.001758 	0.071059 	 0.000081 
0.052769 	0.046229 	0.020598 	0.019155 	0.001873 	0.052612 	 0.000166 
0.073082 	0.038034 	0.017760 	0.015480 	0.001534 	0.072955 	 0.000128 
0.064823 	0.039576 	0.018567 	0.015726 	0.001620 	0.064648 	 0.000177 
0.059282 	0.046567 	0.020420 	0.019430 	0.001897 	0.059160 	 0.000130 
0.051927 	0.046814 	0.020776 	0.019320 	0.001901 	0.051820 	 0.000117 
0.048582 	0.048981 	0.021194 	0.020920 	0.002018 	0.048501 	 0.000094 
0.060093 	0.041789 	0.019326 	0.019924 	0.001715 	0.059958 	 0.000138 
0.074569 	0.038981 	0.017856 	0.018924 	0.001597 	0.074475 	 0.000095 
0.068372 	0.042720 	0.019101 	0.017846 	0.001756 	0.068235 	 0.000142 
0.060642 	0.039461 	0.018369 	0.016223 	0.001609 	0.060509 	 0.000137 
0.062839 	0.044443 	0.019583 	0.018790 	0.001836 	0.062718 	 0.000128 
0.058570 	0.040800 	0.019007 	0.016555 	0.001656 	0.058464 	 0.000101 
0.065050 	0.041183 	0.018717 	0.019735 	0.001684 	0.064956 	 0.000097 
0.050221 	0.046896 	0.020335 	0.020032 	0.001954 	0.050099 	 0.000128 
0.066584 	0.038021 	0.018126 	0.014995 	0.001550 	0.066439 	 0.000147 
0.062312 	0.041039 	0.019065 	0.019536 	0.001696 	0.062217 	 0.000099 
0.063635 	0.039457 	0.018269 	0.016254 	0.001621 	0.063476 	 0.000160 
0.067161 	0.039284 	0.018666 	0.015553 	0.001614 	0.067004 	 0.000159 
0.107125 	0.046942 	0.019263 	0.020755 	0.001837 	0.106949 	 0.000185 
