di 	gli 	gal 	gos3 	gos4 	lac 	 glb 
0.000000 	0.000000 	0.000000 	0.000000 	-0.000000 	0.000000 	 0.000000 
0.000000 	0.000000 	0.000000 	0.000000 	-0.000000 	0.000000 	 0.000000 
0.000000 	0.000000 	0.000000 	0.000000 	0.000000 	0.000000 	 0.000000 
0.000000 	0.000000 	0.000000 	0.000000 	-0.000000 	0.000000 	 0.000000 
0.000000 	0.000000 	-0.000000 	0.000000 	-0.000000 	0.000000 	 0.000000 
0.000000 	0.000000 	0.000000 	0.000000 	-0.000000 	0.000000 	 0.000000 
0.000000 	0.000000 	0.000000 	0.000000 	-0.000000 	0.000000 	 0.000000 
0.000000 	0.000000 	-0.000000 	0.000000 	-0.000000 	0.000000 	 0.000000 
0.000000 	0.000000 	0.000000 	0.000000 	0.000000 	0.000000 	 0.000000 
0.000000 	0.000000 	0.000000 	0.000000 	-0.000000 	0.000000 	 0.000000 
0.000000 	0.000000 	0.000000 	0.000000 	-0.000000 	0.000000 	 0.000000 
0.000000 	0.000000 	-0.000000 	0.000000 	-0.000000 	0.000000 	 0.000000 
0.000000 	0.000000 	-0.000000 	0.000000 	-0.000000 	0.000000 	 0.000000 
0.000000 	0.000000 	0.000000 	0.000000 	0.000000 	0.000000 	 0.000000 
0.000000 	0.000000 	-0.000000 	0.000000 	-0.000000 	0.000000 	 0.000000 
0.000000 	0.000000 	0.000000 	0.000000 	0.000000 	0.000000 	 0.000000 
0.000000 	0.000000 	0.000000 	0.000000 	-0.000000 	0.000000 	 0.000000 
0.000001 	0.000000 	0.000000 	0.000000 	-0.000000 	0.000001 	 0.000000 
0.000007 	0.000000 	0.000000 	0.000000 	-0.000000 	0.000007 	 0.000000 
0.000150 	0.000008 	0.000001 	0.000005 	0.000000 	0.000149 	 0.000000 
0.000000 	0.000000 	0.000000 	0.000000 	0.000000 	0.000000 	 0.000000 
0.000047 	0.000002 	0.000000 	0.000002 	-0.000000 	0.000047 	 0.000000 
0.000611 	0.000024 	0.000002 	0.000022 	-0.000000 	0.000610 	 0.000000 
0.000000 	0.000000 	0.000000 	0.000000 	-0.000000 	0.000000 	 0.000000 
0.000000 	0.000000 	0.000000 	0.000000 	0.000000 	0.000000 	 0.000000 
0.001324 	0.000066 	0.000011 	0.000044 	0.000001 	0.001323 	 0.000000 
0.013952 	0.000608 	0.000051 	0.000557 	-0.000002 	0.013947 	 0.000005 
0.467855 	0.020377 	0.003143 	0.013558 	0.000318 	0.467731 	 0.000129 
0.030971 	0.001396 	0.000109 	0.001305 	-0.000006 	0.030959 	 0.000012 
0.000026 	0.000002 	0.000000 	0.000001 	0.000000 	0.000026 	 0.000000 
0.000049 	0.000003 	0.000000 	0.000002 	0.000000 	0.000049 	 0.000000 
0.000015 	0.000001 	0.000000 	0.000001 	0.000000 	0.000015 	 0.000000 
0.000000 	0.000000 	0.000000 	0.000000 	0.000000 	0.000000 	 0.000000 
0.000013 	0.000001 	0.000000 	0.000001 	0.000000 	0.000013 	 0.000000 
0.236436 	0.019594 	0.003142 	0.014434 	0.000344 	0.236273 	 0.000163 
0.056976 	0.003464 	0.000500 	0.002611 	0.000049 	0.056948 	 0.000028 
0.460300 	0.024861 	0.002797 	0.021054 	0.000162 	0.460085 	 0.000214 
0.457959 	0.026885 	0.004141 	0.019109 	0.000446 	0.457760 	 0.000199 
0.447877 	0.033206 	0.005434 	0.023474 	0.000668 	0.447616 	 0.000262 
0.461705 	0.024254 	0.003370 	0.018187 	0.000306 	0.461522 	 0.000184 
0.441164 	0.037943 	0.007273 	0.023792 	0.001016 	0.440878 	 0.000283 
0.437005 	0.040145 	0.008337 	0.023132 	0.001302 	0.436711 	 0.000292 
0.450436 	0.031600 	0.005134 	0.022465 	0.000608 	0.450181 	 0.000256 
0.457072 	0.027321 	0.004175 	0.019557 	0.000458 	0.456867 	 0.000205 
0.282743 	0.019765 	0.003648 	0.012422 	0.000522 	0.282595 	 0.000147 
0.037550 	0.002326 	0.000240 	0.002095 	0.000014 	0.037528 	 0.000023 
0.452485 	0.029571 	0.004037 	0.023376 	0.000421 	0.452226 	 0.000260 
0.454580 	0.028292 	0.003082 	0.024924 	0.000184 	0.454315 	 0.000266 
0.443296 	0.035838 	0.006919 	0.022091 	0.001034 	0.443022 	 0.000273 
0.447301 	0.033187 	0.005456 	0.023505 	0.000703 	0.447024 	 0.000273 
0.000000 	0.000000 	0.000000 	0.000000 	0.000000 	0.000000 	 0.000000 
0.443282 	0.035512 	0.004761 	0.029264 	0.000482 	0.442951 	 0.000336 
0.443336 	0.036081 	0.005315 	0.028022 	0.000563 	0.443023 	 0.000314 
0.442578 	0.035942 	0.005011 	0.028943 	0.000539 	0.442242 	 0.000333 
0.460806 	0.023595 	0.000634 	0.026722 	-0.000300 	0.460536 	 0.000267 
0.439883 	0.037976 	0.006249 	0.027540 	0.000804 	0.439554 	 0.000331 
0.442637 	0.035872 	0.006120 	0.024949 	0.000853 	0.442334 	 0.000303 
0.446474 	0.033728 	0.004791 	0.026478 	0.000513 	0.446178 	 0.000296 
0.446816 	0.032989 	0.005393 	0.023249 	0.000753 	0.446539 	 0.000276 
0.438148 	0.038145 	0.006160 	0.027780 	0.000882 	0.437806 	 0.000340 
0.434086 	0.041139 	0.007068 	0.028919 	0.001016 	0.433729 	 0.000357 
0.446180 	0.032844 	0.004888 	0.024738 	0.000664 	0.445885 	 0.000290 
0.438122 	0.038845 	0.006898 	0.026236 	0.000996 	0.437803 	 0.000317 
0.442323 	0.036367 	0.006025 	0.026043 	0.000781 	0.442017 	 0.000310 
0.427734 	0.045739 	0.008641 	0.030026 	0.001285 	0.427349 	 0.000382 
0.435825 	0.040416 	0.007396 	0.026875 	0.001078 	0.435491 	 0.000335 
0.438244 	0.038678 	0.006153 	0.028745 	0.000793 	0.437904 	 0.000342 
0.429259 	0.044849 	0.007111 	0.034131 	0.000884 	0.428849 	 0.000411 
0.438988 	0.038192 	0.006988 	0.025077 	0.001037 	0.438678 	 0.000311 
0.008590 	0.000672 	0.000107 	0.000490 	0.000015 	0.008584 	 0.000006 
0.437626 	0.039363 	0.005334 	0.032636 	0.000526 	0.437252 	 0.000375 
0.437490 	0.038620 	0.005235 	0.031747 	0.000607 	0.437115 	 0.000374 
0.442654 	0.035602 	0.005367 	0.027132 	0.000673 	0.442336 	 0.000319 
0.438241 	0.038551 	0.006691 	0.026659 	0.000960 	0.437914 	 0.000327 
0.435128 	0.039892 	0.006655 	0.028545 	0.000988 	0.434773 	 0.000355 
0.431846 	0.042672 	0.008414 	0.026452 	0.001336 	0.431499 	 0.000346 
0.331902 	0.033024 	0.006371 	0.021034 	0.000972 	0.331630 	 0.000271 
0.425282 	0.046572 	0.008204 	0.032589 	0.001219 	0.424868 	 0.000414 
0.422620 	0.049012 	0.009954 	0.029886 	0.001577 	0.422231 	 0.000389 
0.419048 	0.050664 	0.011248 	0.027590 	0.001960 	0.418659 	 0.000387 
0.431425 	0.043425 	0.008088 	0.028627 	0.001181 	0.431068 	 0.000356 
0.429295 	0.043882 	0.008050 	0.029298 	0.001255 	0.428919 	 0.000377 
0.000000 	0.000000 	0.000000 	0.000000 	0.000000 	0.000000 	 0.000000 
0.433527 	0.040832 	0.007183 	0.028006 	0.001117 	0.433169 	 0.000356 
0.416017 	0.052729 	0.011249 	0.030495 	0.001899 	0.415594 	 0.000420 
0.422903 	0.048334 	0.009237 	0.031452 	0.001440 	0.422494 	 0.000411 
0.423852 	0.047524 	0.009950 	0.027859 	0.001678 	0.423467 	 0.000383 
0.420501 	0.050118 	0.009290 	0.033901 	0.001388 	0.420068 	 0.000436 
0.427875 	0.044899 	0.008198 	0.030248 	0.001252 	0.427488 	 0.000385 
0.412389 	0.054907 	0.011082 	0.034367 	0.001805 	0.411922 	 0.000468 
0.428373 	0.044683 	0.007865 	0.031245 	0.001159 	0.427974 	 0.000397 
0.421993 	0.048798 	0.009246 	0.032095 	0.001444 	0.421575 	 0.000418 
0.422294 	0.048714 	0.010013 	0.029207 	0.001643 	0.421904 	 0.000389 
0.428884 	0.044093 	0.007909 	0.030151 	0.001209 	0.428502 	 0.000385 
0.425872 	0.046198 	0.008962 	0.029426 	0.001430 	0.425489 	 0.000386 
0.420707 	0.049635 	0.009685 	0.031740 	0.001546 	0.420290 	 0.000419 
0.419813 	0.050568 	0.009384 	0.034302 	0.001398 	0.419371 	 0.000444 
0.419244 	0.050919 	0.010001 	0.032481 	0.001566 	0.418820 	 0.000427 
0.415695 	0.053508 	0.011044 	0.032460 	0.001767 	0.415261 	 0.000435 
0.425978 	0.045815 	0.008664 	0.030016 	0.001391 	0.425579 	 0.000399 
0.405499 	0.059121 	0.011824 	0.037589 	0.001934 	0.404991 	 0.000511 
0.424097 	0.047197 	0.008787 	0.031538 	0.001370 	0.423685 	 0.000414 
0.007025 	0.000829 	0.000145 	0.000587 	0.000021 	0.007017 	 0.000007 
0.416417 	0.053151 	0.010935 	0.032343 	0.001728 	0.415987 	 0.000428 
0.415165 	0.053279 	0.010501 	0.034046 	0.001671 	0.414713 	 0.000452 
0.422604 	0.047967 	0.008085 	0.034929 	0.001182 	0.422164 	 0.000438 
0.038058 	0.004969 	0.000983 	0.003166 	0.000154 	0.038016 	 0.000042 
0.000000 	0.000000 	0.000000 	0.000000 	0.000000 	0.000000 	 0.000000 
0.421740 	0.049343 	0.008381 	0.035937 	0.001146 	0.421294 	 0.000445 
0.414411 	0.053205 	0.009861 	0.036043 	0.001564 	0.413935 	 0.000474 
0.417169 	0.051403 	0.010387 	0.031846 	0.001738 	0.416732 	 0.000437 
0.000000 	0.000000 	0.000000 	0.000000 	0.000000 	0.000000 	 0.000000 
0.406929 	0.058229 	0.011414 	0.037699 	0.001845 	0.406422 	 0.000506 
0.000637 	0.000083 	0.000017 	0.000051 	0.000003 	0.000636 	 0.000001 
0.031180 	0.003764 	0.000695 	0.002559 	0.000108 	0.031146 	 0.000034 
0.004118 	0.000500 	0.000081 	0.000377 	0.000011 	0.004113 	 0.000005 
0.420479 	0.049134 	0.008949 	0.033628 	0.001407 	0.420037 	 0.000441 
0.169650 	0.021853 	0.003789 	0.015710 	0.000590 	0.169444 	 0.000205 
0.000004 	0.000000 	0.000000 	0.000000 	0.000000 	0.000004 	 0.000000 
0.000027 	0.000004 	0.000001 	0.000002 	0.000000 	0.000027 	 0.000000 
0.065324 	0.008268 	0.001501 	0.005727 	0.000226 	0.065250 	 0.000074 
0.416581 	0.052319 	0.009030 	0.037916 	0.001293 	0.416096 	 0.000484 
0.025577 	0.003220 	0.000569 	0.002287 	0.000086 	0.025548 	 0.000030 
0.399528 	0.063561 	0.012986 	0.039823 	0.002093 	0.398990 	 0.000539 
0.417816 	0.050969 	0.009237 	0.035118 	0.001440 	0.417358 	 0.000456 
0.025684 	0.002672 	0.000478 	0.001828 	0.000075 	0.025661 	 0.000023 
0.000006 	0.000001 	0.000000 	0.000001 	0.000000 	0.000006 	 0.000000 
0.103221 	0.014982 	0.003108 	0.009134 	0.000537 	0.103092 	 0.000129 
0.047608 	0.005924 	0.001016 	0.004294 	0.000152 	0.047552 	 0.000055 
0.054399 	0.006846 	0.001269 	0.004639 	0.000204 	0.054337 	 0.000062 
0.408690 	0.057011 	0.012468 	0.032407 	0.002160 	0.408229 	 0.000463 
0.002572 	0.000381 	0.000081 	0.000225 	0.000014 	0.002569 	 0.000003 
0.408171 	0.056636 	0.011448 	0.035380 	0.001957 	0.407676 	 0.000493 
0.000035 	0.000005 	0.000001 	0.000003 	0.000000 	0.000035 	 0.000000 
0.414162 	0.053530 	0.010252 	0.035177 	0.001637 	0.413697 	 0.000466 
0.240631 	0.026931 	0.004220 	0.020734 	0.000599 	0.240371 	 0.000260 
0.403640 	0.060622 	0.011420 	0.041124 	0.001757 	0.403104 	 0.000540 
0.000000 	0.000000 	0.000000 	0.000000 	0.000000 	0.000000 	 0.000000 
0.000530 	0.000076 	0.000015 	0.000050 	0.000002 	0.000529 	 0.000001 
0.000014 	0.000002 	0.000001 	0.000001 	0.000000 	0.000014 	 0.000000 
0.000000 	0.000000 	0.000000 	0.000000 	0.000000 	0.000000 	 0.000000 
0.000000 	0.000000 	0.000000 	0.000000 	0.000000 	0.000000 	 0.000000 
0.409971 	0.056415 	0.011686 	0.034285 	0.001950 	0.409496 	 0.000472 
0.000005 	0.000001 	0.000000 	0.000000 	0.000000 	0.000005 	 0.000000 
0.000000 	0.000000 	0.000000 	0.000000 	0.000000 	0.000000 	 0.000000 
0.000000 	0.000000 	0.000000 	0.000000 	0.000000 	0.000000 	 0.000000 
0.000008 	0.000001 	0.000000 	0.000001 	0.000000 	0.000008 	 0.000000 
0.000000 	0.000000 	0.000000 	0.000000 	0.000000 	0.000000 	 0.000000 
0.000000 	0.000000 	0.000000 	0.000000 	0.000000 	0.000000 	 0.000000 
0.000000 	0.000000 	0.000000 	0.000000 	0.000000 	0.000000 	 0.000000 
0.000029 	0.000005 	0.000001 	0.000003 	0.000000 	0.000028 	 0.000000 
0.000046 	0.000006 	0.000001 	0.000004 	0.000000 	0.000046 	 0.000000 
0.094817 	0.014231 	0.002925 	0.008793 	0.000485 	0.094696 	 0.000121 
0.000011 	0.000002 	0.000000 	0.000001 	0.000000 	0.000011 	 0.000000 
0.000012 	0.000002 	0.000000 	0.000001 	0.000000 	0.000012 	 0.000000 
0.000000 	0.000000 	0.000000 	0.000000 	0.000000 	0.000000 	 0.000000 
0.000006 	0.000001 	0.000000 	0.000001 	0.000000 	0.000006 	 0.000000 
0.000000 	0.000000 	0.000000 	0.000000 	0.000000 	0.000000 	 0.000000 
0.000000 	0.000000 	0.000000 	0.000000 	0.000000 	0.000000 	 0.000000 
0.000001 	0.000000 	0.000000 	0.000000 	0.000000 	0.000001 	 0.000000 
0.000000 	0.000000 	0.000000 	0.000000 	0.000000 	0.000000 	 0.000000 
0.001425 	0.000253 	0.000053 	0.000154 	0.000009 	0.001423 	 0.000002 
0.000000 	0.000000 	0.000000 	0.000000 	0.000000 	0.000000 	 0.000000 
0.000000 	0.000000 	0.000000 	0.000000 	0.000000 	0.000000 	 0.000000 
0.003599 	0.000591 	0.000124 	0.000359 	0.000021 	0.003594 	 0.000005 
0.000008 	0.000001 	0.000000 	0.000001 	0.000000 	0.000008 	 0.000000 
0.000000 	0.000000 	0.000000 	0.000000 	0.000000 	0.000000 	 0.000000 
0.000002 	0.000000 	0.000000 	0.000000 	0.000000 	0.000002 	 0.000000 
0.000000 	0.000000 	0.000000 	0.000000 	0.000000 	0.000000 	 0.000000 
0.000012 	0.000002 	0.000000 	0.000001 	0.000000 	0.000012 	 0.000000 
0.000000 	0.000000 	0.000000 	0.000000 	0.000000 	0.000000 	 0.000000 
0.000000 	0.000000 	0.000000 	0.000000 	0.000000 	0.000000 	 0.000000 
0.000005 	0.000001 	0.000000 	0.000001 	0.000000 	0.000005 	 0.000000 
0.000000 	0.000000 	0.000000 	0.000000 	0.000000 	0.000000 	 0.000000 
0.000001 	0.000000 	0.000000 	0.000000 	0.000000 	0.000001 	 0.000000 
0.000068 	0.000011 	0.000002 	0.000007 	0.000000 	0.000068 	 0.000000 
0.000000 	0.000000 	0.000000 	0.000000 	0.000000 	0.000000 	 0.000000 
0.000000 	0.000000 	0.000000 	0.000000 	0.000000 	0.000000 	 0.000000 
0.000000 	0.000000 	0.000000 	0.000000 	0.000000 	0.000000 	 0.000000 
0.000000 	0.000000 	0.000000 	0.000000 	0.000000 	0.000000 	 0.000000 
0.000000 	0.000000 	0.000000 	0.000000 	0.000000 	0.000000 	 0.000000 
0.000000 	0.000000 	0.000000 	0.000000 	0.000000 	0.000000 	 0.000000 
0.000001 	0.000000 	0.000000 	0.000000 	0.000000 	0.000001 	 0.000000 
0.000000 	0.000000 	0.000000 	0.000000 	0.000000 	0.000000 	 0.000000 
0.000000 	0.000000 	0.000000 	0.000000 	0.000000 	0.000000 	 0.000000 
0.000000 	0.000000 	0.000000 	0.000000 	0.000000 	0.000000 	 0.000000 
0.000000 	0.000000 	0.000000 	0.000000 	0.000000 	0.000000 	 0.000000 
0.000000 	0.000000 	0.000000 	0.000000 	0.000000 	0.000000 	 0.000000 
0.000002 	0.000000 	0.000000 	0.000000 	0.000000 	0.000002 	 0.000000 
0.000000 	0.000000 	0.000000 	0.000000 	0.000000 	0.000000 	 0.000000 
0.000000 	0.000000 	0.000000 	0.000000 	0.000000 	0.000000 	 0.000000 
0.000000 	0.000000 	0.000000 	0.000000 	0.000000 	0.000000 	 0.000000 
0.000000 	0.000000 	0.000000 	0.000000 	0.000000 	0.000000 	 0.000000 
0.000000 	0.000000 	0.000000 	0.000000 	0.000000 	0.000000 	 0.000000 
0.000000 	0.000000 	0.000000 	0.000000 	0.000000 	0.000000 	 0.000000 
0.000000 	0.000000 	0.000000 	0.000000 	0.000000 	0.000000 	 0.000000 
0.000000 	0.000000 	0.000000 	0.000000 	0.000000 	0.000000 	 0.000000 
0.000000 	0.000000 	0.000000 	0.000000 	0.000000 	0.000000 	 0.000000 
0.000000 	0.000000 	0.000000 	0.000000 	0.000000 	0.000000 	 0.000000 
0.000000 	0.000000 	0.000000 	0.000000 	0.000000 	0.000000 	 0.000000 
0.000000 	0.000000 	0.000000 	0.000000 	0.000000 	0.000000 	 0.000000 
0.000000 	0.000000 	0.000000 	0.000000 	0.000000 	0.000000 	 0.000000 
0.000000 	0.000000 	0.000000 	0.000000 	0.000000 	0.000000 	 0.000000 
0.000000 	0.000000 	0.000000 	0.000000 	0.000000 	0.000000 	 0.000000 
0.000000 	0.000000 	0.000000 	0.000000 	0.000000 	0.000000 	 0.000000 
0.000000 	0.000000 	0.000000 	0.000000 	0.000000 	0.000000 	 0.000000 
0.000000 	0.000000 	0.000000 	0.000000 	0.000000 	0.000000 	 0.000000 
0.000000 	0.000000 	0.000000 	0.000000 	0.000000 	0.000000 	 0.000000 
0.000000 	0.000000 	0.000000 	0.000000 	0.000000 	0.000000 	 0.000000 
0.000000 	0.000000 	0.000000 	0.000000 	0.000000 	0.000000 	 0.000000 
0.000000 	0.000000 	0.000000 	0.000000 	0.000000 	0.000000 	 0.000000 
